1204.58843 2
170.01 15.4
175.17 69.0
176.27 2.5
178.16 4.5
180.11 14.1
181.18 15.4
181.95 6.7
183.17 9.4
186.43 20.6
187.18 242.2
188.36 4.4
191.23 10.9
194.14 7.0
196.10 4.3
197.29 15.5
198.04 10.6
200.34 5.2
201.24 20.9
202.14 12.8
205.13 13.1
207.22 8.1
211.22 22.7
212.25 14.2
213.61 20.1
215.13 173.7
216.24 18.6
218.11 128.2
219.34 10.5
221.15 5.3
222.29 10.7
223.12 13.7
224.15 7.0
225.38 6.6
226.10 7.8
227.22 7.3
228.13 8.6
229.14 46.8
230.16 34.4
231.24 9.5
232.11 2.8
235.14 7.6
236.33 12.6
240.11 14.1
241.37 8.2
242.50 43.8
243.24 45.1
244.20 19.3
245.86 145.0
246.49 6.9
247.28 14.0
248.26 6.7
249.13 9.3
250.19 4.1
253.03 4.1
255.14 4.5
258.29 7.7
260.16 251.8
261.05 2.9
262.58 5.7
263.34 2.1
264.12 4.5
267.26 8.2
268.31 21.9
269.40 27.9
270.29 11.3
272.27 10.8
273.58 21.4
274.26 3.9
277.27 26.3
279.67 23.7
280.31 4.4
281.28 10.0
282.33 9.2
285.01 16.6
285.71 2.6
286.33 13.3
287.47 3.7
288.34 117.7
289.36 9.6
290.11 2.2
292.23 13.7
293.46 2.2
294.21 14.2
295.37 7.5
296.43 6.8
297.33 30.6
298.21 22.7
299.03 6.2
301.22 7.3
302.15 9.3
304.25 3.8
305.24 9.2
306.20 11.8
307.28 5.4
308.30 8.4
309.32 16.3
310.15 8.6
311.38 19.5
312.20 20.2
313.52 7.0
314.17 15.6
315.02 7.3
316.26 24.0
318.11 7.5
319.35 5.5
320.37 22.7
322.31 3.3
323.36 14.5
325.07 30.8
326.48 37.6
327.24 25.3
328.05 21.1
330.19 79.4
331.29 7.7
331.98 9.1
333.29 15.4
334.35 7.3
335.40 7.9
336.28 8.7
338.61 11.3
339.25 26.5
340.13 25.3
341.13 13.9
342.37 17.1
343.33 40.1
344.17 164.4
345.13 57.7
346.26 16.3
347.35 26.3
348.07 14.8
348.97 15.4
351.34 3.2
352.20 6.4
353.02 9.9
354.10 4.9
355.29 23.5
356.30 27.2
357.20 83.1
358.23 14.8
359.37 38.0
360.39 12.2
361.32 23.3
362.45 3.1
364.57 7.6
365.31 17.0
366.53 16.0
367.46 3.4
368.14 30.8
369.37 7.6
370.53 4.8
372.60 12.7
374.17 148.8
375.28 235.6
376.31 11.3
377.27 22.2
378.16 21.1
380.17 6.4
381.22 4.5
382.17 8.1
383.31 34.1
384.49 8.0
385.30 12.6
386.41 15.7
387.36 10.1
388.23 12.0
388.97 7.7
389.66 7.9
390.27 19.0
391.18 12.6
392.74 5.4
393.40 6.6
394.30 3.7
395.15 15.8
396.26 27.0
398.12 11.3
399.29 30.6
401.49 162.5
402.49 27.1
403.62 8.8
404.67 5.5
405.47 27.8
407.22 32.7
409.23 7.6
411.31 35.6
412.18 24.3
412.96 25.6
414.31 160.7
415.40 96.1
416.66 51.9
417.52 43.7
418.38 9.7
419.33 7.3
420.25 21.9
421.93 46.9
423.04 17.4
424.44 55.1
425.29 16.9
426.54 16.5
427.34 11.9
428.57 30.5
429.36 80.1
430.31 28.1
431.46 25.5
433.31 22.8
435.37 42.7
436.07 15.6
437.21 3.8
438.24 12.3
439.39 39.7
440.14 17.1
441.08 26.4
442.15 7.0
443.56 46.8
444.34 38.4
445.27 21.8
446.25 49.7
447.66 25.2
448.32 41.6
449.61 9.3
450.41 83.1
451.99 8.3
452.65 10.3
454.05 34.8
455.09 28.3
456.45 95.3
457.33 25.8
458.17 41.6
459.09 35.2
460.69 62.0
461.59 26.8
462.35 67.9
463.33 6.4
464.18 20.3
465.36 39.3
466.45 118.8
467.12 13.2
468.36 32.3
469.51 46.8
470.23 22.0
471.24 101.7
472.31 166.1
473.17 117.0
474.30 62.5
475.40 23.6
476.40 30.7
477.58 10.6
478.74 317.6
480.39 150.5
481.41 104.7
482.21 59.6
483.28 11.0
484.46 22.7
485.28 6.1
486.38 113.4
487.54 104.1
488.41 89.1
489.19 110.8
490.43 336.4
491.98 20.8
493.76 26.9
495.57 63.1
496.24 26.6
497.28 47.1
498.48 22.5
499.47 10.5
500.50 14.4
503.10 33.4
504.39 568.3
505.59 67.3
506.44 49.6
507.22 7.5
508.34 2.8
509.19 10.2
509.93 13.6
510.77 46.8
511.83 25.2
512.63 45.4
513.62 35.5
514.47 51.8
515.38 194.1
516.40 118.6
517.54 19.5
518.21 14.4
519.02 24.2
520.16 43.4
521.15 30.8
522.09 42.0
523.45 101.7
524.37 195.0
525.31 92.8
526.25 417.4
527.14 43.2
528.31 19.1
529.41 14.3
530.50 56.8
532.30 619.9
532.94 3.6
533.59 61.5
534.62 2.8
535.99 66.2
537.20 85.1
538.48 28.5
539.79 44.1
540.44 37.1
541.37 114.3
542.32 113.7
543.23 59.0
544.01 109.4
545.67 223.7
547.27 169.5
548.17 92.2
549.42 85.5
550.22 14.3
550.97 62.8
552.27 101.1
553.40 79.0
554.43 33.1
555.58 45.0
556.30 64.7
557.24 64.1
558.31 210.1
559.30 273.8
560.46 27.4
561.57 29.1
562.33 66.9
562.94 8.8
564.13 270.7
565.14 101.8
566.59 112.8
567.50 129.1
568.30 78.1
569.70 44.6
570.36 28.9
571.27 46.7
572.22 24.9
573.49 62.8
574.45 60.8
575.62 379.9
576.64 236.9
577.33 40.1
579.12 53.9
580.23 81.9
581.36 118.5
582.20 91.2
584.39 931.8
585.36 905.0
586.10 162.5
587.61 173.1
588.57 50.3
589.52 8.2
590.79 390.4
591.46 314.4
593.19 428.6
593.94 335.2
594.79 27.7
596.05 2.8
610.37 3.7
613.32 5.3
614.53 9.3
615.78 7.4
619.23 10.6
621.42 209.1
622.49 93.6
624.38 76.4
625.42 11.6
626.15 18.1
627.37 19.5
628.54 17.3
629.65 20.1
633.06 177.2
634.04 17.4
635.39 27.6
637.24 60.2
638.41 19.5
639.43 34.2
641.41 29.0
642.46 8.8
644.26 63.1
645.45 347.1
646.41 27.9
647.59 4.9
648.33 6.7
649.47 10.2
652.83 20.4
654.08 81.0
655.31 138.1
656.49 77.5
658.27 5.9
662.04 75.0
663.13 20.4
664.29 2.8
665.31 21.2
666.10 115.2
667.10 32.6
667.70 2.5
670.08 55.4
671.33 42.3
672.30 163.3
673.53 28.6
674.71 183.6
675.83 44.0
676.44 3.9
677.49 2.6
678.49 23.8
680.49 6.2
681.69 3.4
682.84 33.7
683.64 75.1
684.26 198.7
685.26 16.0
686.16 18.1
688.06 56.5
689.32 44.2
690.79 3.1
692.09 18.0
693.33 13.2
694.48 7.4
695.43 25.2
696.23 10.7
697.29 20.6
699.05 103.7
700.43 24.9
701.36 189.7
702.43 36.4
703.89 9.1
706.59 12.6
708.19 17.9
708.87 37.5
709.66 2.2
710.37 26.0
711.29 22.6
712.23 24.8
713.36 22.9
714.04 7.5
716.45 186.1
717.24 28.3
718.04 9.6
719.74 25.6
722.50 80.8
723.49 32.0
724.30 12.0
725.36 6.2
726.00 20.9
727.51 6.5
728.79 13.0
731.22 322.3
732.13 41.2
733.44 12.6
736.52 5.9
737.55 3.3
740.03 39.4
741.52 8.4
742.56 55.8
743.52 57.5
745.45 6.4
746.99 14.2
749.73 7.5
751.44 28.4
753.28 5.3
754.04 24.7
755.20 35.3
755.85 2.9
757.49 6.3
758.45 9.8
759.61 16.6
760.51 112.9
761.42 64.5
762.34 8.3
763.15 14.3
764.44 14.2
767.37 12.5
768.27 24.3
769.14 35.8
770.66 15.6
771.59 11.7
772.54 49.1
773.52 80.2
774.61 10.7
776.99 10.1
777.83 2.1
778.62 16.9
780.35 84.0
781.34 25.1
782.05 5.0
782.93 9.7
783.55 6.7
785.29 31.5
786.39 93.2
787.46 53.6
788.81 198.7
789.53 80.0
790.34 52.3
790.99 7.4
792.09 19.9
793.08 25.0
794.14 6.4
795.16 45.4
796.16 17.4
797.04 30.6
798.13 19.4
800.40 9.9
801.31 16.4
802.74 6.0
803.57 33.6
806.99 7.0
808.41 2.9
809.38 2.6
810.65 9.8
812.21 50.9
813.39 102.9
814.39 78.6
816.23 4.3
817.75 10.8
824.25 8.0
826.26 21.2
829.19 11.1
830.21 67.6
831.45 909.0
832.40 65.8
833.44 2.2
835.66 15.4
836.37 4.7
837.35 5.6
839.14 24.9
840.32 6.7
841.43 16.7
842.43 3.8
846.14 48.7
847.10 17.9
848.26 17.7
851.51 4.2
852.17 2.7
853.66 22.5
854.55 13.8
856.05 3.4
857.69 32.5
858.56 4.6
859.45 4.2
861.95 12.5
863.60 9.2
864.41 2.1
869.50 2.2
871.52 2.8
874.60 254.3
875.59 70.8
878.44 4.5
880.70 19.1
881.63 42.1
883.56 4.2
884.65 4.5
885.68 6.1
886.54 7.4
888.33 9.3
890.71 2.8
892.60 17.7
898.38 64.4
899.30 73.9
899.95 8.3
900.60 4.0
904.29 2.4
906.57 6.0
907.84 2.4
909.74 4.1
911.17 8.5
912.66 10.0
914.45 12.1
915.35 2.9
916.42 121.8
917.37 21.0
918.83 7.3
919.59 20.7
922.80 13.5
927.26 34.6
928.46 39.6
929.32 36.4
930.49 7.8
932.64 6.1
934.67 9.4
938.67 13.7
939.69 12.6
941.58 153.7
942.61 278.8
944.16 41.2
945.34 135.4
946.48 8.9
947.89 9.8
949.39 4.5
953.64 2.2
955.28 8.1
956.56 14.6
957.29 10.0
959.49 1133.5
960.69 170.4
961.62 219.6
962.67 25.4
966.56 2.1
971.52 49.2
972.61 99.6
973.57 16.1
974.37 18.2
975.58 25.4
977.54 5.5
978.78 3.3
984.09 4.9
985.26 7.0
986.80 3.8
989.55 1636.5
990.69 315.3
991.66 19.7
993.86 3.5
994.53 31.2
995.38 8.0
997.79 8.2
1001.56 18.8
1004.08 2.1
1005.68 3.3
1011.42 134.2
1012.48 80.8
1013.17 10.6
1013.79 2.9
1014.43 2.6
1017.86 7.4
1022.42 3.2
1023.92 45.8
1024.62 9.2
1029.52 96.6
1030.65 26.1
1033.34 8.7
1035.14 4.6
1037.47 3.0
1038.57 5.0
1039.63 3.3
1040.46 47.1
1041.35 35.3
1042.50 35.0
1047.15 4.0
1048.95 13.9
1050.75 2.7
1054.58 2.1
1055.54 15.4
1056.67 2.2
1058.47 42.1
1059.48 29.6
1071.55 10.4
1077.50 2.4
1083.47 20.7
1088.51 16.9
1090.74 20.0
1100.59 183.2
1101.66 20.4
1102.86 4.8
1104.00 2.3
1105.66 3.3
1112.85 14.8
1113.87 7.3
1140.54 7.4
1145.00 4.7
1167.64 3.6
1168.59 4.1
1181.71 2.4
1184.72 2.5
1186.76 3.5
