4092.06662000001 3
387.11 2.0
389.56 1.9
396.46 20.2
397.33 8.9
398.25 1.5
404.50 5.8
407.59 2.1
409.11 1.7
415.41 2.9
420.39 3.9
424.27 31.3
425.25 3.4
426.47 6.9
429.20 2.1
433.40 4.7
435.23 1.8
436.35 7.0
437.11 10.5
437.96 5.3
439.21 6.8
442.21 6.7
443.40 4.7
444.10 4.0
445.10 4.5
446.18 1.9
448.38 2.3
451.56 7.5
452.23 2.2
453.09 5.0
454.42 5.6
455.37 20.5
456.69 4.2
458.02 5.5
459.25 3.4
461.05 9.6
462.11 10.3
463.44 11.0
464.36 3.3
465.52 2.6
466.55 15.9
468.19 1.8
473.38 21.1
474.14 3.0
477.27 2.5
478.40 1.6
480.36 8.3
481.34 1.7
483.41 5.4
484.34 8.7
487.28 2.9
488.16 3.4
489.20 2.0
494.53 11.3
495.25 9.6
496.10 7.0
498.98 7.6
500.16 3.7
501.39 13.7
502.39 5.2
503.43 7.7
504.74 19.9
505.38 13.4
506.41 8.6
508.57 4.3
509.23 2.0
510.64 7.8
511.92 11.3
512.53 6.0
513.19 11.6
516.43 1.4
517.44 4.8
518.25 8.8
521.43 13.5
523.03 8.5
524.45 7.1
525.36 3.1
527.17 13.8
532.40 7.4
534.34 16.4
535.26 59.0
536.35 9.5
537.22 9.9
538.46 2.2
539.17 2.8
542.28 2.7
545.15 7.0
546.63 1.9
547.49 6.0
548.59 5.2
549.33 4.6
550.37 10.6
551.44 1.8
552.44 55.1
553.50 37.2
554.55 12.1
556.25 4.2
557.38 3.0
558.60 3.9
559.32 2.7
560.38 2.2
562.01 11.6
563.67 3.2
565.51 2.1
566.27 2.4
568.49 3.7
569.36 7.9
570.43 501.3
571.51 143.5
572.37 11.0
573.46 3.8
574.56 4.2
577.17 21.7
577.90 14.3
578.70 4.0
579.31 2.6
583.24 4.6
585.34 3.2
586.30 8.0
589.37 2.9
590.29 5.8
591.54 9.2
593.37 29.4
594.37 7.5
595.47 4.7
596.34 3.9
599.52 2.6
601.60 1.7
602.32 15.7
603.35 2.4
605.30 3.4
608.63 11.4
611.30 17.8
613.20 4.5
615.90 2.1
617.30 10.3
619.11 12.5
620.19 3.5
623.42 3.9
625.21 10.0
627.55 7.3
628.49 5.8
629.63 7.3
630.43 6.9
632.24 2.8
634.50 22.1
635.26 7.9
637.41 8.5
638.69 2.9
639.36 1.6
640.32 8.2
641.32 20.4
643.51 5.4
644.39 12.6
645.95 7.5
648.29 9.5
649.35 11.7
650.45 3.2
651.42 4.6
652.36 2.2
656.53 3.9
657.43 1.8
658.52 4.7
659.53 51.9
660.36 21.5
661.63 3.4
663.48 12.4
664.26 10.5
665.33 8.8
667.36 17.8
668.42 33.0
669.49 10.7
670.69 1.9
671.34 14.5
672.44 15.5
673.32 2.9
674.43 9.1
675.36 8.0
676.80 2.8
677.68 3.3
679.17 11.4
680.49 78.0
681.41 160.0
682.53 56.7
683.40 7.2
684.37 3.7
685.55 14.3
686.56 3.6
687.68 9.3
688.49 9.7
689.36 7.8
690.44 69.6
691.60 28.1
693.38 10.0
694.08 14.0
697.11 6.8
698.46 76.0
699.50 24.8
700.35 2.6
704.79 4.5
705.76 4.5
706.60 9.9
707.73 3.4
708.78 8.8
709.54 4.9
713.27 16.2
716.21 61.5
717.34 7.7
718.48 6.7
719.27 11.1
721.70 2.7
722.91 2.5
723.55 3.3
724.92 11.0
726.98 17.8
728.38 4.0
729.83 10.2
731.14 2.5
732.45 4.0
733.63 5.9
735.46 16.5
736.52 4.3
737.35 1.8
739.49 25.7
740.50 4.8
741.93 6.9
742.53 5.5
743.68 11.8
745.05 11.4
745.75 4.7
746.46 7.9
747.52 7.6
748.70 17.0
749.57 3.4
750.27 11.8
752.49 7.0
753.61 9.0
754.56 11.2
755.33 7.5
756.79 3.2
759.01 20.8
760.42 5.6
761.36 5.4
762.22 4.3
762.94 3.2
763.63 2.3
764.71 3.6
766.11 3.5
767.14 3.6
769.65 2.9
771.46 11.0
772.33 15.5
773.48 11.3
774.63 10.7
775.50 6.2
776.71 5.1
777.72 5.3
778.65 18.2
779.44 3.5
781.58 11.3
782.42 18.4
783.65 6.1
784.49 8.3
785.39 5.2
786.54 30.1
787.37 6.0
788.49 8.6
789.33 16.6
790.34 13.4
791.76 5.2
792.44 3.9
793.36 10.7
794.44 13.2
796.15 8.1
797.59 18.4
798.52 4.7
799.51 2.8
800.40 5.6
801.23 8.1
802.47 5.1
803.61 5.7
805.14 7.0
806.61 5.2
810.52 3.5
811.50 114.6
812.54 28.1
813.48 5.8
815.45 212.4
816.41 114.1
817.45 4.8
820.31 5.9
821.42 6.9
827.38 5.1
828.35 3.4
829.43 24.2
830.30 16.5
831.51 2.3
833.45 55.9
834.43 25.0
835.50 3.9
836.48 3.8
837.49 3.7
838.56 20.2
839.69 17.4
840.79 2.9
842.39 5.5
845.21 1.8
846.40 12.4
847.36 3.1
849.67 1.8
851.74 1.4
853.77 7.5
854.54 6.3
855.42 3.6
856.62 5.5
858.35 12.5
859.63 30.0
860.78 7.2
862.46 5.8
863.39 5.1
865.71 8.8
866.46 3.2
868.31 4.4
870.42 14.8
872.44 71.8
873.36 23.6
874.66 3.7
875.74 5.3
876.55 40.2
877.50 8.5
878.46 12.7
880.71 6.1
881.55 5.0
882.36 6.0
883.34 3.6
884.68 9.4
885.31 4.4
886.45 18.8
887.39 2.0
888.15 9.5
889.54 12.3
890.55 18.7
891.41 12.2
892.31 4.7
893.79 28.8
894.55 3.9
895.52 29.6
896.65 15.5
901.39 20.1
903.03 54.9
903.88 83.6
904.76 2.0
905.53 2.7
910.81 12.6
911.55 2.3
912.49 2.1
913.61 8.1
915.59 2.7
919.59 6.9
920.56 1.9
924.60 79.4
925.61 34.0
926.62 6.5
927.61 9.1
929.48 59.9
930.46 14.8
931.65 10.7
932.27 3.5
933.50 2.3
934.44 1.8
935.42 3.7
936.08 15.5
942.82 17.4
943.72 29.4
944.56 1.4
945.54 7.1
947.63 19.9
948.52 7.8
949.50 6.4
950.68 7.1
951.52 23.5
952.75 23.7
953.53 2.4
955.39 7.6
956.45 6.2
957.80 9.9
958.57 4.4
960.01 12.3
962.67 10.7
963.63 2.1
964.99 4.3
966.14 18.6
966.77 3.3
968.05 5.2
969.26 16.7
970.73 11.5
971.59 9.6
972.37 3.1
973.49 24.0
976.55 12.9
977.58 3.9
978.67 9.2
979.50 3.1
980.35 15.6
982.52 10.0
983.63 14.6
984.34 11.0
985.77 19.4
986.62 13.0
988.01 54.0
989.00 21.5
990.55 19.4
992.18 48.5
993.23 16.8
995.18 9.1
996.57 17.1
997.59 13.4
998.94 7.2
999.99 18.5
1000.92 13.7
1001.68 3.9
1003.71 13.0
1006.84 6.4
1008.21 19.2
1009.46 13.9
1010.32 14.0
1011.56 100.6
1012.57 41.8
1013.78 3.9
1015.48 15.3
1016.65 54.3
1017.76 11.9
1019.69 3.0
1022.55 8.4
1023.48 19.2
1024.61 34.1
1025.76 16.2
1026.56 8.3
1027.72 4.8
1028.56 4.1
1029.41 13.5
1031.38 2.0
1032.32 12.5
1033.60 5.9
1036.04 9.1
1038.62 7.6
1039.45 35.0
1040.67 15.4
1042.57 285.7
1043.60 134.8
1044.49 27.2
1045.78 9.7
1046.47 5.5
1047.54 4.5
1048.57 2.2
1049.61 10.6
1050.86 2.3
1051.48 4.3
1053.38 11.5
1056.41 95.4
1057.29 89.4
1058.19 8.2
1059.07 21.5
1060.46 64.2
1061.49 45.7
1062.79 2.1
1065.36 926.2
1066.33 232.4
1067.02 8.9
1067.87 2.8
1068.83 9.1
1071.35 1.7
1072.71 12.6
1073.42 13.0
1074.61 11.9
1075.51 23.4
1076.55 6.2
1078.53 13.0
1081.98 26.0
1083.65 15.1
1084.59 2.3
1085.50 7.0
1088.90 3.0
1089.81 8.4
1090.68 13.1
1094.33 16.6
1095.09 13.6
1096.21 6.9
1097.09 7.3
1098.88 41.6
1099.62 111.4
1100.68 75.8
1101.81 9.0
1102.52 10.2
1103.65 14.7
1104.55 5.8
1105.89 11.4
1106.64 20.1
1107.68 22.5
1108.44 3.5
1110.51 4.0
1111.76 10.8
1112.46 17.9
1113.61 33.7
1114.69 72.4
1115.78 4.0
1116.54 4.8
1117.66 33.8
1118.64 30.9
1119.66 7.0
1120.56 4.8
1121.57 61.1
1122.62 48.7
1123.53 30.8
1124.25 4.9
1126.24 16.6
1126.90 6.1
1127.81 7.7
1128.97 30.4
1130.08 38.3
1130.96 25.1
1131.68 24.3
1133.03 24.9
1134.65 2.4
1135.69 19.2
1136.39 22.2
1137.97 38.2
1138.98 38.6
1139.78 71.3
1140.55 14.2
1142.04 13.8
1142.69 8.6
1145.16 13.1
1146.56 45.0
1147.32 64.7
1148.28 10.8
1150.50 12.8
1151.58 10.4
1153.64 11.1
1154.62 6.8
1156.55 191.1
1157.74 115.9
1158.72 10.6
1159.85 17.6
1161.25 20.1
1162.48 2.8
1163.80 15.7
1165.01 19.0
1166.08 6.5
1167.07 30.7
1167.99 15.4
1168.74 13.4
1169.59 10.7
1170.42 3.0
1171.83 2.3
1173.68 5.8
1174.56 89.4
1175.55 112.3
1176.45 27.1
1177.24 9.8
1178.54 9.7
1179.52 14.7
1181.88 16.1
1182.93 5.0
1184.05 5.9
1185.37 14.6
1186.16 4.8
1186.81 7.9
1187.80 8.4
1188.87 22.3
1190.63 93.3
1191.44 105.4
1192.92 5.3
1195.26 22.2
1195.88 5.3
1197.03 14.4
1198.57 45.8
1199.75 43.2
1200.87 5.6
1201.71 19.2
1203.73 49.0
1204.40 102.4
1205.43 35.5
1206.12 2.4
1207.22 24.4
1208.27 18.9
1210.14 167.9
1210.85 48.4
1211.49 14.2
1213.03 40.5
1213.82 29.9
1214.82 12.1
1216.56 25.3
1217.71 9.1
1218.37 2.5
1219.25 24.1
1219.97 4.4
1220.84 8.3
1222.10 10.7
1222.83 8.6
1223.47 47.8
1224.38 1.6
1225.32 19.0
1226.28 9.0
1228.79 173.9
1229.40 129.2
1230.52 6.1
1231.28 11.2
1231.94 14.9
1232.84 10.0
1233.71 5.2
1235.66 7.0
1236.86 31.1
1241.91 2.5
1243.64 11.6
1244.25 14.5
1244.96 4.2
1245.63 7.9
1247.45 2.5
1249.00 5.1
1249.81 3.5
1250.87 14.7
1252.41 392.9
1253.58 455.5
1254.73 160.2
1255.72 23.6
1258.80 13.9
1260.29 9.1
1261.17 7.2
1262.91 19.9
1264.00 33.6
1265.08 11.9
1266.51 31.8
1267.76 18.6
1268.73 71.9
1269.82 31.1
1271.05 20.1
1272.24 125.0
1273.44 11.7
1275.47 5.6
1276.13 9.5
1277.89 131.3
1278.72 16.3
1279.61 25.7
1281.07 768.1
1281.86 230.4
1282.60 4.0
1283.83 11.4
1284.65 9.6
1286.05 7.9
1286.96 9.5
1288.05 9.5
1289.67 12.1
1290.82 36.2
1291.56 29.2
1292.92 10.4
1293.74 13.4
1294.84 9.8
1297.08 148.3
1297.71 40.3
1300.77 14.5
1301.77 12.4
1302.77 2.1
1304.57 13.3
1305.65 3.8
1306.39 5.3
1307.95 22.6
1309.07 16.9
1309.91 25.7
1310.75 94.4
1311.67 32.7
1313.42 32.0
1314.47 3.9
1316.14 85.2
1317.46 39.7
1318.37 76.0
1319.16 70.7
1320.15 2.7
1321.70 22.1
1322.68 13.3
1323.89 12.7
1325.14 3.3
1326.60 10.4
1327.58 137.6
1328.52 57.3
1329.82 32.1
1330.71 16.0
1332.82 9.1
1335.31 35.8
1336.16 5.7
1337.13 47.2
1337.91 8.3
1338.78 11.7
1340.63 27.4
1341.29 3.9
1341.91 22.3
1343.83 11.3
1345.24 14.7
1346.18 41.6
1347.14 51.7
1347.83 23.9
1348.72 2.3
1350.44 2.2
1352.68 5.6
1367.98 3.3
1368.67 3.7
1371.96 4.0
1375.49 9.9
1376.49 6.9
1377.12 5.7
1377.80 3.3
1379.43 2.5
1380.95 9.2
1381.75 3.2
1383.06 27.9
1383.88 6.0
1385.35 14.7
1387.13 34.8
1388.16 33.6
1389.09 6.7
1392.01 1.7
1392.99 4.3
1393.88 4.7
1395.05 17.2
1396.94 2.8
1398.04 16.3
1398.70 3.7
1399.82 8.3
1400.45 16.0
1402.37 22.5
1403.45 26.5
1404.80 14.7
1405.78 3.4
1406.77 21.4
1407.96 16.0
1408.85 7.0
1409.45 7.6
1411.77 148.1
1412.61 30.8
1413.94 5.2
1415.26 20.0
1416.22 18.5
1417.09 19.6
1417.92 5.9
1420.09 47.2
1420.97 11.6
1422.25 33.3
1423.08 46.4
1423.93 42.4
1424.87 26.0
1425.66 19.4
1427.32 27.6
1428.07 24.0
1428.94 14.0
1429.92 3.4
1431.76 48.4
1432.57 36.7
1433.21 25.5
1433.88 6.5
1434.68 8.3
1435.88 6.7
1437.54 41.5
1438.34 4.5
1439.78 384.5
1440.90 201.0
1441.99 55.9
1442.71 6.9
1443.60 37.8
1444.50 28.7
1445.70 13.7
1446.63 17.0
1447.87 16.6
1449.86 15.8
1450.85 41.5
1451.59 76.8
1452.49 23.4
1453.72 9.2
1455.03 1.5
1456.09 10.6
1457.14 17.4
1457.96 4.0
1459.51 48.2
1460.18 604.5
1461.08 253.6
1462.50 24.1
1463.43 7.0
1464.76 38.8
1465.88 2.8
1466.81 2.8
1468.43 19.2
1469.41 7.9
1470.01 7.6
1471.41 21.9
1472.27 24.3
1473.13 3.9
1474.00 9.0
1475.68 13.3
1477.08 27.5
1478.05 49.8
1479.09 27.8
1479.71 36.7
1480.65 60.9
1481.57 16.4
1482.89 8.4
1485.32 10.0
1486.30 3.8
1487.00 12.9
1488.35 190.2
1489.02 356.8
1490.12 13.6
1491.08 3.1
1492.91 69.1
1494.23 32.6
1495.50 19.3
1496.11 1.5
1496.91 51.7
1497.91 15.2
1498.72 20.9
1499.70 16.2
1500.48 53.7
1501.34 77.9
1502.31 20.0
1504.89 17.0
1505.61 21.2
1506.87 1.9
1508.14 138.4
1509.05 108.4
1510.25 6.9
1511.86 3.1
1514.76 226.9
1515.85 153.0
1516.87 472.5
1517.73 961.5
1519.34 14.4
1520.44 8.2
1521.70 9.3
1523.06 7.8
1525.16 19.9
1526.28 30.6
1527.75 13.2
1529.18 36.7
1530.64 27.4
1532.77 169.7
1533.66 49.1
1534.82 11.6
1536.13 9.9
1536.98 17.3
1537.83 21.0
1538.84 156.9
1539.95 106.7
1541.09 84.2
1541.96 59.1
1542.87 29.7
1543.92 11.4
1548.84 28.7
1549.70 37.8
1550.93 9.5
1551.79 1.6
1552.80 3.3
1554.09 21.6
1554.85 11.6
1555.92 26.4
1557.54 55.4
1558.29 49.2
1559.31 46.5
1559.99 140.2
1560.83 82.1
1561.75 46.2
1562.73 14.4
1563.82 9.6
1565.07 32.0
1565.96 13.6
1566.61 31.0
1568.00 4.9
1568.81 12.8
1570.09 20.6
1571.83 110.5
1573.05 145.2
1574.05 160.8
1574.97 35.1
1575.81 18.0
1576.41 24.8
1577.14 26.6
1577.92 6.5
1579.81 1.9
1580.63 2.4
1582.40 9.5
1583.46 4.0
1584.65 36.9
1585.54 47.7
1586.57 9.1
1589.72 73.4
1590.75 101.9
1591.80 25.1
1593.12 45.0
1593.91 68.2
1594.75 21.1
1595.74 32.9
1596.35 7.8
1597.54 12.7
1599.80 1.8
1600.57 3.6
1602.11 214.6
1602.93 116.2
1603.76 14.9
1605.41 8.3
1606.04 7.9
1607.11 13.1
1608.98 3.6
1610.76 6.1
1612.33 20.7
1612.94 2.7
1613.79 19.9
1614.52 16.6
1615.52 15.3
1616.15 3.6
1618.54 8.0
1621.75 148.1
1622.78 112.8
1623.82 50.7
1624.57 23.6
1626.14 2.8
1627.25 28.1
1628.47 6.6
1629.61 2.8
1630.87 1180.0
1631.68 313.5
1632.80 76.6
1633.61 38.0
1634.42 14.2
1635.60 32.8
1636.58 13.6
1639.56 4.2
1641.62 41.3
1642.41 45.2
1643.16 6.4
1643.99 13.4
1645.61 8.9
1646.25 5.5
1647.00 2.3
1647.62 2.3
1648.44 2.9
1649.78 30.5
1651.29 20.9
1652.07 25.3
1653.17 3.4
1655.13 19.6
1655.96 5.3
1657.38 15.7
1658.21 2.3
1660.11 21.3
1660.84 19.1
1661.59 29.7
1663.05 18.5
1664.45 12.0
1665.21 8.3
1665.96 17.8
1666.97 22.6
1667.96 87.1
1669.09 80.7
1670.12 13.3
1670.92 22.5
1671.98 14.5
1676.21 8.8
1676.92 6.9
1679.85 76.5
1680.91 255.6
1681.78 9.2
1682.68 3.8
1684.85 28.9
1685.71 6.9
1687.30 7.4
1687.92 18.5
1689.30 201.4
1690.15 124.4
1691.06 7.6
1692.19 24.0
1697.34 11.8
1698.17 153.5
1698.98 142.7
1700.24 104.1
1701.03 5.3
1704.05 46.2
1705.54 13.5
1706.35 36.2
1707.04 36.0
1708.85 174.0
1709.65 80.4
1711.38 13.1
1712.50 9.2
1713.88 18.2
1714.76 4.0
1719.44 5.7
1721.29 9.4
1722.02 12.1
1722.87 3.2
1723.94 15.2
1725.49 31.6
1726.69 46.2
1727.60 30.6
1728.58 8.8
1729.34 19.5
1730.08 7.4
1731.80 2.7
1733.50 9.5
1734.24 9.9
1735.41 26.6
1736.33 23.0
1737.46 73.2
1738.30 24.9
1739.16 21.4
1739.94 2.4
1740.99 11.0
1742.29 17.6
1743.78 49.8
1744.86 89.2
1745.82 21.8
1746.85 3.4
1748.80 20.9
1749.82 9.2
1751.11 1.9
1753.29 315.0
1754.15 279.6
1755.69 9.4
1756.88 14.3
1757.99 7.6
1759.93 19.3
1762.34 640.3
1763.21 292.4
1764.26 6.3
1764.97 1.7
1765.87 27.4
1766.72 10.7
1767.55 5.2
1768.95 12.4
1770.36 6.8
1771.35 14.9
1773.10 2.8
1776.72 67.2
1777.52 30.8
1779.85 73.5
1780.84 35.3
1781.56 3.7
1782.67 24.5
1783.58 17.5
1784.28 15.8
1785.87 246.4
1786.72 136.2
1787.97 22.2
1789.12 20.0
1792.36 6.5
1793.09 13.7
1796.04 5.7
1796.67 4.2
1798.91 8.4
1800.58 35.9
1801.40 9.9
1802.14 5.7
1803.08 8.8
1804.71 59.2
1805.39 53.4
1806.07 86.7
1807.16 12.5
1807.78 2.2
1809.02 2.0
1811.39 20.0
1812.02 9.7
1812.98 6.9
1814.41 40.2
1815.18 49.6
1815.89 10.4
1819.10 7.8
1821.05 39.3
1822.09 20.5
1823.03 2.7
1823.92 7.4
1828.44 7.6
1832.70 2.5
1834.26 22.1
1834.98 7.6
1837.13 5.6
1837.89 8.5
1838.81 2.2
1839.98 13.0
1842.81 112.0
1843.55 28.4
1844.47 17.9
1845.48 6.4
1846.26 4.3
1846.99 2.4
1849.33 5.4
1850.03 1.8
1850.93 10.5
1853.10 3.0
1854.12 6.8
1854.91 25.2
1856.44 2.2
1858.06 11.5
1858.76 29.4
1859.86 9.3
1863.20 17.6
1864.33 8.6
1865.03 3.1
1865.91 6.7
1867.33 117.6
1868.18 39.7
1869.05 3.2
1871.54 1.8
1876.93 3.8
1879.31 10.9
1880.31 4.2
1881.22 5.5
1883.98 18.3
1885.04 27.8
1887.70 4.8
1889.97 5.3
1890.65 7.8
1892.58 5.4
1893.83 5.4
1896.06 9.3
1897.24 4.3
1898.23 2.3
1899.54 6.1
1901.75 12.4
1903.26 10.3
1905.10 4.2
1906.89 12.9
1908.00 12.1
1909.11 10.5
1910.18 8.3
1911.44 11.8
1915.27 12.0
1916.33 2.9
1917.69 19.0
1918.60 9.9
1920.46 3.9
1921.07 12.4
1922.36 1.6
1924.43 11.8
1925.07 39.7
1925.72 9.6
1927.04 6.8
1928.08 7.4
1934.23 19.5
1935.11 18.0
1936.23 16.5
1937.12 7.4
1946.06 232.6
1947.04 184.6
1948.05 85.2
1949.02 12.7
1950.87 8.4
1952.46 4.7
1953.21 7.8
1956.09 3.1
1958.21 4.9
1960.94 3.1
1964.09 204.6
1964.98 186.6
1966.12 68.5
1967.07 8.9
1968.27 5.1
1969.95 6.3
1970.92 3.8
1973.58 64.2
1974.55 45.9
1975.17 12.7
1976.19 24.4
1977.01 19.6
1978.53 3.2
1979.47 4.5
1981.95 1.6
1983.08 8.1
1984.27 3.3
1985.24 1.9
1987.35 1.6
1988.26 1.8
1990.39 12.8
1991.74 66.4
1992.80 17.4
1993.52 15.0
1997.16 4.1
