1947.90044 2
271.36 2.2
280.39 1.2
281.41 2.2
290.15 4.9
291.25 1.8
296.22 1.2
299.33 11.1
302.29 4.5
305.29 6.1
306.33 1.7
311.30 6.5
312.40 2.3
314.14 1.5
323.16 3.9
324.20 6.8
326.29 1.9
332.30 2.3
333.27 2.1
337.17 5.0
341.22 3.0
342.21 13.8
343.35 2.3
345.06 12.1
349.44 1.6
352.16 2.8
357.08 1.5
359.26 130.9
360.32 10.7
362.03 3.2
368.30 8.5
380.39 13.5
386.25 10.9
387.43 2.5
393.16 1.8
395.99 3.1
396.62 1.1
398.13 1.6
404.56 3.5
406.10 3.1
410.28 4.6
411.35 5.1
412.48 1.4
414.35 6.2
428.22 5.3
429.32 4.4
432.22 1.4
434.87 2.4
439.36 1.8
442.03 4.8
444.41 2.7
445.56 2.9
446.28 24.8
447.40 2.7
449.35 1.3
450.55 3.1
452.34 4.1
454.40 4.9
455.46 1.7
457.41 2.3
459.72 8.9
460.51 10.0
461.88 2.7
466.40 2.3
472.59 1.8
473.58 2.6
476.57 2.0
477.55 26.5
478.36 117.3
479.51 22.0
481.40 3.7
482.52 1.4
483.34 1.1
487.34 4.1
488.28 15.9
489.16 2.5
490.46 2.7
491.39 2.1
493.51 13.2
494.37 3.6
495.36 5.4
500.52 2.8
501.27 1.7
504.69 21.1
505.34 57.2
506.25 280.6
507.34 20.4
508.23 4.2
510.47 1.1
513.37 5.9
514.33 2.2
516.40 4.1
517.52 5.0
522.24 4.4
523.32 18.5
525.42 54.5
526.41 12.9
528.01 1.8
532.46 4.0
534.38 2.9
535.27 6.8
539.23 4.8
541.35 1.8
543.38 548.4
544.39 26.9
545.41 15.9
546.52 11.0
551.71 3.4
552.65 3.4
557.98 4.3
562.42 33.2
563.31 123.6
564.28 14.2
567.83 2.9
570.37 8.9
574.25 6.5
577.17 4.6
578.16 2.9
579.53 8.0
580.44 67.5
581.58 7.6
582.53 10.2
583.54 4.5
584.50 2.5
586.50 1.4
587.39 1.4
589.38 1.1
590.22 1.4
591.53 6.1
594.63 2.5
596.27 1.7
600.48 14.1
601.54 2.6
606.49 4.8
609.70 2.3
611.30 2.8
612.38 39.9
613.40 6.5
614.30 2.5
620.82 27.7
622.31 2.7
624.74 2.5
627.55 2.0
628.70 5.4
630.36 446.3
631.43 74.8
635.31 6.9
636.62 3.8
637.36 3.0
645.10 3.3
646.94 5.0
651.38 4.3
652.41 1.8
655.24 10.2
656.53 6.1
657.52 3.4
658.51 1.5
661.39 3.4
663.41 25.7
664.22 7.8
668.36 4.6
670.49 3.6
672.57 8.3
673.51 29.4
674.43 4.9
675.52 7.9
676.79 16.8
680.21 8.7
684.73 5.1
685.99 2.8
687.02 5.9
688.92 3.1
690.33 83.2
691.38 488.2
692.42 69.3
695.76 26.6
696.47 9.7
698.29 7.0
699.38 3.4
701.80 2.7
704.63 29.4
705.37 3.5
708.45 24.0
709.43 2.6
710.48 1.2
713.40 165.1
714.25 8.6
715.50 1.2
717.35 2.0
718.40 7.1
721.95 6.4
724.87 5.4
726.81 7.0
735.30 2.9
736.29 1.5
739.36 2.4
740.29 17.9
741.46 26.8
745.47 1.2
746.14 3.2
747.45 1.1
748.29 1.9
751.17 6.8
756.42 10.0
757.83 9.4
758.55 34.9
759.50 8.9
764.43 7.7
765.13 8.3
766.40 5.3
767.53 10.0
769.40 1.5
770.49 3.4
772.87 41.4
773.52 7.0
774.62 2.2
775.53 8.5
777.46 9.5
778.42 6.5
780.13 1.9
782.11 514.8
783.91 19.8
784.53 81.2
785.86 25.4
786.97 9.9
789.57 1.3
791.74 1.6
792.54 24.1
793.26 121.8
794.59 4.3
795.28 2.1
796.16 3.2
797.59 10.0
798.61 3.6
799.65 20.8
800.51 104.5
801.72 111.9
802.61 18.0
804.29 2.4
805.52 10.8
806.46 4.0
807.52 3.7
810.42 606.7
811.15 124.0
811.89 7.0
812.77 1.7
813.70 2.4
815.41 274.3
816.51 34.2
817.33 9.7
821.11 1.7
822.90 3.0
824.69 6.0
825.39 2.2
826.21 3.5
827.65 99.0
828.47 581.0
829.52 111.6
830.70 1.5
832.53 2.6
834.94 2.0
835.57 8.2
836.69 6.1
837.50 14.0
838.60 10.2
840.05 4.5
840.96 4.2
841.63 1.0
842.90 3.0
843.90 7.7
845.53 28.9
846.40 9.4
847.09 1.3
847.91 7.1
849.38 11.6
850.78 10.6
851.59 9.1
852.55 8.3
855.65 3.3
856.29 3.1
857.47 15.8
858.17 84.0
859.11 14.0
861.33 12.0
863.14 3.1
864.82 14.8
865.50 12.1
867.14 447.1
868.09 3.5
868.79 10.0
870.17 1.2
872.06 8.8
872.83 13.9
873.54 1.9
874.38 3.3
875.16 8.3
878.79 18.3
879.48 8.5
880.60 9.6
882.77 5.7
883.43 23.5
884.53 70.4
885.45 210.5
886.66 60.4
887.48 49.4
888.30 26.8
892.86 51.1
893.56 28.2
894.56 1.1
895.82 6.3
897.10 7.2
899.25 2.7
900.53 14.8
901.49 204.3
902.38 236.2
903.49 51.6
904.31 43.8
905.70 28.1
906.39 4.8
907.12 3.7
908.10 32.1
908.97 7.5
910.49 93.4
911.16 27.7
912.99 33.5
914.45 2.4
915.09 15.7
915.70 2.1
916.42 16.9
917.52 29.4
918.39 14.0
919.49 19.8
920.45 26.6
921.47 44.9
923.42 47.3
924.38 5.6
924.99 3.3
925.91 20.8
926.78 75.1
927.58 21.8
928.50 1.0
929.68 23.9
930.47 14.6
931.99 25.1
933.19 33.7
933.91 10.7
934.96 26.4
935.76 187.4
936.59 69.0
937.56 5.6
938.32 37.4
939.21 134.1
940.15 19.4
941.85 181.6
942.71 105.3
943.77 68.2
944.73 35.3
947.91 1361.4
948.61 572.8
950.77 309.3
951.79 85.9
952.57 8.8
953.71 45.2
954.51 213.7
955.20 49.2
956.91 8305.0
957.63 3757.7
958.72 14.3
959.51 402.4
960.59 103.3
963.19 4.1
965.68 28.5
969.57 4.0
973.36 2.6
981.45 1.4
985.20 4.5
986.99 8.1
988.63 3.0
989.75 3.6
990.61 11.9
991.88 6.1
993.51 7.7
994.61 2.2
995.59 6.9
996.65 5.1
997.73 5.9
998.46 2.2
999.82 1.1
1002.29 8.7
1003.67 2.7
1004.62 7.8
1007.44 4.8
1010.37 6.3
1011.49 16.9
1012.36 4.7
1013.02 2.7
1016.00 14.4
1016.82 2.6
1021.65 5.9
1023.17 2.3
1028.53 70.0
1029.58 92.3
1030.74 13.3
1033.66 6.2
1034.68 8.9
1035.32 2.1
1037.30 1.2
1038.58 3.9
1039.86 4.2
1040.86 2.4
1042.64 1.5
1044.63 2.9
1046.56 337.4
1047.65 79.8
1048.49 13.9
1049.13 1.2
1050.68 4.7
1053.27 1.8
1056.14 5.4
1057.15 6.8
1062.20 4.0
1067.53 11.3
1068.60 13.1
1069.72 9.4
1070.72 2.5
1071.68 3.9
1073.05 8.3
1074.05 13.2
1075.31 2.3
1076.71 17.3
1077.57 8.7
1080.62 38.2
1081.67 10.6
1084.43 5.4
1085.50 45.8
1086.47 28.4
1087.52 6.3
1088.34 7.9
1089.41 3.8
1093.68 1.4
1097.44 5.5
1098.46 112.6
1099.47 37.9
1103.54 1255.1
1104.52 291.5
1105.41 4.3
1107.28 18.3
1112.73 3.0
1115.22 4.7
1116.44 68.5
1117.60 3.7
1133.30 18.3
1137.37 9.5
1138.13 10.8
1138.75 2.8
1140.76 5.2
1141.67 7.1
1143.09 9.4
1145.56 2.3
1146.91 7.3
1147.96 12.8
1148.61 4.9
1149.71 2.5
1150.62 5.0
1154.21 11.7
1155.66 33.1
1156.58 16.9
1157.74 2.9
1158.54 6.3
1160.34 5.3
1164.26 4.8
1166.25 3.0
1170.08 2.6
1170.68 1.7
1172.75 11.7
1173.61 55.8
1174.55 8.9
1175.41 1.8
1176.67 5.6
1179.87 8.9
1180.61 10.5
1181.63 8.0
1185.60 4.3
1190.70 25.9
1191.89 4.5
1194.01 6.6
1194.73 3.0
1195.45 4.4
1197.25 9.6
1198.83 2.0
1202.60 3.0
1204.65 5.4
1206.23 9.7
1207.27 13.7
1208.61 4.9
1209.97 4.7
1210.77 3.7
1211.94 3.5
1213.17 16.6
1215.05 1.8
1215.93 6.4
1217.61 7.9
1219.94 9.4
1220.72 2.3
1222.79 40.5
1223.73 24.3
1224.70 1.7
1226.48 7.0
1230.52 5.4
1233.08 14.2
1234.40 12.0
1235.47 1.1
1240.62 881.7
1241.72 234.2
1243.20 7.4
1245.61 3.8
1249.57 4.8
1250.31 2.4
1251.26 2.4
1253.77 1.6
1255.95 3.0
1256.59 2.1
1257.61 8.8
1259.70 4.1
1260.61 5.3
1264.49 2.4
1265.40 3.1
1266.45 3.0
1273.22 6.4
1273.83 8.6
1274.65 7.9
1277.18 6.1
1278.30 5.5
1279.65 2.8
1281.35 3.4
1283.52 51.4
1284.61 6.6
1285.85 4.7
1287.63 4.7
1294.62 6.6
1295.38 7.1
1298.22 7.4
1301.10 143.8
1301.74 313.3
1302.66 94.1
1306.32 4.6
1307.55 5.3
1308.38 8.3
1309.65 2.9
1315.68 1.8
1318.58 14.6
1319.90 9.8
1324.74 4.6
1327.09 10.1
1327.77 3.0
1329.20 13.6
1332.68 11.3
1333.78 14.7
1334.63 19.7
1335.69 3.3
1336.89 2.5
1340.73 1.5
1342.67 1.7
1343.85 4.6
1345.04 5.0
1349.43 3.4
1350.70 59.0
1351.69 125.6
1352.69 44.3
1353.76 17.5
1354.99 12.3
1356.38 4.3
1359.53 4.3
1360.92 11.4
1361.68 22.0
1362.98 4.9
1364.65 2.0
1365.63 1.5
1368.55 153.9
1369.59 101.0
1370.66 308.3
1371.71 106.1
1372.99 1.5
1373.80 7.9
1374.81 1.6
1378.71 5.2
1380.08 1.5
1380.76 2.9
1387.85 35.2
1388.65 145.8
1389.66 32.7
1390.70 57.0
1391.66 9.4
1395.96 1.7
1396.64 3.8
1400.00 3.4
1403.50 1.7
1405.51 4.9
1406.49 5.1
1407.76 23.0
1408.60 35.3
1409.72 12.2
1411.73 1.1
1412.60 1.8
1419.85 3.7
1425.72 827.0
1426.75 229.9
1429.10 1.8
1436.16 1.7
1447.37 5.5
1449.62 3.0
1450.71 1.6
1462.53 3.3
1467.72 18.5
1478.69 1.1
1482.47 4.3
1485.35 23.3
1485.98 2.4
1486.79 4.1
1488.79 4.8
1490.71 2.1
1502.59 9.5
1503.21 4.6
1506.62 1.3
1507.92 1.3
1518.52 1.1
1519.76 4.7
1523.95 5.6
1526.61 5.4
1528.40 3.4
1531.37 1.3
1535.99 8.8
1536.83 25.9
1537.89 6.0
1543.52 2.3
1544.74 4.8
1546.13 5.9
1552.63 3.7
1554.01 18.1
1554.71 184.7
1555.74 91.4
1562.97 19.8
1572.09 46.6
1572.74 116.5
1573.78 22.1
1583.94 1.2
1584.88 3.2
1585.58 3.9
1589.49 4.1
1590.27 2.6
1591.72 3.4
1593.12 1.5
1602.74 1.2
1609.65 2.3
1618.13 1.3
1619.87 10.0
1620.84 8.3
1624.50 1.4
1626.70 1.4
1648.02 2.5
1667.88 1.2
1669.48 10.5
1671.35 6.1
1688.79 1.3
1707.91 1.1
1712.11 1.7
1720.46 3.1
1721.53 7.3
1733.65 16.7
1738.31 11.8
1739.04 42.1
1739.91 29.7
1755.75 6.0
1756.88 50.2
1758.09 9.8
1766.81 3.3
1773.92 18.7
1774.87 55.2
1775.90 2.9
1784.86 3.3
1797.13 3.1
1801.85 3.4
1806.73 3.9
1908.64 1.8
1920.80 2.6
1924.61 2.7
