1350.68962 2
194.30 7.6
195.93 1.2
197.12 1.8
200.94 1.6
206.37 1.9
210.10 1.9
215.12 16.9
217.22 4.7
218.21 4.2
221.23 4.6
224.21 1.4
225.04 3.2
227.36 1.2
228.25 3.2
232.15 5.2
233.06 1.9
234.39 2.6
237.24 6.5
238.27 2.4
240.18 19.2
242.23 2.5
245.29 1.2
251.15 4.9
252.35 1.9
253.14 8.3
254.20 5.0
257.22 1.7
258.31 17.2
260.11 3.1
261.04 5.5
262.05 1.0
263.04 2.7
264.30 2.3
266.32 1.6
268.31 3.9
269.11 12.6
270.20 18.3
271.35 1.2
272.14 1.1
276.27 16.2
277.90 1.1
280.15 2.9
282.17 2.3
286.30 3.4
288.30 7.1
289.28 4.8
290.25 5.0
296.33 2.7
297.36 4.5
298.28 3.2
307.48 2.4
310.26 5.5
312.30 3.2
313.08 1.5
318.22 1.4
322.00 4.9
323.11 1.9
326.05 2.9
328.26 2.3
330.18 3.6
331.25 5.3
333.09 1.2
333.98 1.9
335.35 5.0
336.26 1.2
338.21 1.4
341.10 3.8
341.84 2.2
345.12 3.4
346.41 1.5
349.14 2.9
353.01 2.5
354.13 10.0
355.41 7.2
356.37 7.6
359.32 5.5
360.32 5.1
365.07 3.0
367.39 19.1
368.42 5.4
369.31 4.5
370.31 1.0
372.16 3.5
373.36 6.1
377.11 6.3
378.23 23.6
380.51 5.5
381.37 11.3
383.30 2.6
384.38 5.6
388.28 2.1
389.34 14.0
392.19 2.5
394.11 3.4
395.15 4.6
398.35 16.3
399.28 10.2
401.18 6.9
402.77 4.1
404.38 6.3
407.40 6.2
408.55 6.1
409.57 4.6
412.19 2.0
414.44 1.4
415.70 8.6
417.38 2.6
419.53 6.3
420.38 8.3
422.15 1.5
424.23 14.4
425.43 4.6
426.21 1.3
427.33 5.6
428.26 11.0
429.30 5.5
430.56 3.7
434.50 7.9
435.37 4.8
438.67 5.3
439.39 13.7
441.43 6.3
444.40 1.9
446.30 2.6
447.48 13.6
448.64 5.9
450.20 1.4
452.33 3.0
453.90 2.7
456.21 3.1
458.46 3.5
461.11 7.9
463.25 12.4
464.19 9.0
465.15 6.2
466.23 6.9
469.00 2.3
471.51 2.5
472.51 1.9
473.26 1.2
477.29 8.9
478.91 5.4
480.28 2.6
481.39 4.4
482.48 19.9
483.41 1.9
485.44 4.6
486.05 7.4
488.17 1.8
489.09 2.3
490.44 3.5
492.36 2.3
493.28 1.4
494.43 17.6
495.60 11.0
496.63 4.9
497.41 5.2
498.23 1.3
499.22 6.4
499.98 3.6
502.00 7.3
502.65 24.2
503.47 3.1
504.11 1.1
505.80 19.4
508.26 1.2
509.34 7.2
510.12 11.5
510.83 2.9
512.42 11.9
513.11 11.4
515.10 15.7
516.05 7.1
516.95 5.6
518.48 10.4
519.61 2.6
520.86 7.3
521.57 3.4
522.48 14.2
523.90 4.2
525.87 7.3
526.58 4.3
527.25 3.7
528.51 1.7
529.37 2.5
530.50 7.9
534.52 34.6
536.46 10.6
537.52 13.3
538.59 8.1
539.27 13.9
540.32 11.7
541.48 6.5
542.74 2.5
544.67 1.7
546.28 2.6
547.25 4.2
548.33 9.3
549.66 1.3
550.42 2.0
551.54 13.6
553.37 2.1
554.41 44.4
555.42 8.5
556.94 3.8
558.11 11.3
559.16 1.1
559.80 2.2
561.24 69.7
562.60 2.3
565.07 8.2
565.77 2.9
568.35 10.9
569.16 12.6
570.96 6.0
572.38 2.8
573.40 12.5
574.79 4.1
576.38 3.5
578.64 10.1
579.48 6.3
580.51 15.9
581.47 4.1
582.31 64.5
583.28 14.4
586.31 9.9
587.27 2.7
588.39 4.2
589.08 10.3
590.88 43.3
591.62 7.8
592.78 8.6
594.50 9.9
596.23 50.9
597.37 8.8
599.51 5.5
602.36 44.9
603.63 7.7
605.37 10.0
607.37 7.1
609.39 1.7
610.93 74.7
613.79 6.0
614.41 5.7
615.36 8.5
616.14 2.7
617.08 4.1
617.93 5.3
618.55 4.7
619.56 20.0
620.73 6.8
623.01 14.7
623.85 7.1
625.32 13.5
626.29 4.3
628.17 12.2
628.79 2.9
630.27 5.1
631.25 4.8
632.22 18.5
633.34 8.3
634.05 4.2
635.22 3.1
635.86 5.5
637.06 16.4
639.35 4.3
640.47 9.5
641.25 5.9
642.91 11.2
643.70 9.4
644.86 28.4
645.92 27.0
646.63 34.1
647.46 6.1
648.59 5.4
649.93 52.6
650.71 9.3
652.09 92.9
653.47 30.3
654.63 11.5
655.40 1.8
657.14 34.9
658.25 232.0
659.07 132.1
661.00 89.4
661.80 10.4
662.52 13.4
663.69 20.0
664.97 12.2
665.60 6.2
667.25 409.7
667.96 34.8
681.32 2.5
683.46 5.6
687.61 3.6
699.21 3.8
710.61 2.7
711.82 1.9
715.18 2.7
716.49 2.5
718.34 1.0
720.26 3.3
722.35 5.1
724.36 16.1
725.63 7.4
727.62 2.6
732.47 4.6
733.57 14.1
734.44 1.6
737.23 3.9
740.43 31.9
741.36 4.4
742.45 2.7
743.42 1.1
744.43 2.0
745.41 2.5
748.21 3.7
749.39 1.5
750.35 2.1
751.83 8.6
753.26 1.7
755.57 6.6
756.55 3.5
761.47 3.5
762.39 2.6
768.02 6.2
769.24 1.5
771.07 7.7
775.44 5.4
778.45 3.4
779.33 14.2
780.31 6.9
781.54 11.1
784.53 1.8
785.76 6.8
786.59 7.3
789.53 2.2
797.42 187.2
798.43 87.6
799.44 2.7
800.19 8.4
803.39 10.9
804.44 1.5
807.64 2.0
812.41 14.3
813.30 8.0
814.71 3.5
822.59 1.4
825.46 5.8
826.60 1.8
833.59 1.7
836.18 6.6
837.70 5.0
839.58 3.8
841.76 7.7
842.68 4.4
843.59 3.2
844.61 3.1
849.57 2.4
852.53 6.8
853.60 3.9
854.63 2.8
859.69 2.3
861.45 6.8
864.53 1.8
865.51 2.0
869.57 14.1
870.51 9.0
871.14 2.0
874.29 1.5
875.72 2.2
876.56 1.5
881.33 2.7
886.52 8.2
887.73 9.9
888.62 7.6
893.50 17.9
898.04 2.0
900.69 3.6
903.52 1.8
904.75 4.0
906.52 7.3
910.53 8.2
911.45 3.4
912.61 2.6
915.68 4.9
916.60 3.0
917.30 1.2
920.38 4.5
921.47 10.0
922.61 1.8
924.51 1.3
927.72 5.8
928.71 7.1
929.59 10.6
932.13 1.1
933.34 4.9
935.47 2.0
936.45 13.5
937.47 12.6
938.66 20.9
939.70 11.0
940.66 5.7
941.68 3.9
942.77 1.4
944.40 1.5
946.59 5.5
949.87 9.8
950.59 6.4
951.50 4.9
953.07 6.8
954.56 16.0
956.59 23.9
957.66 11.6
965.38 2.2
968.44 4.6
971.81 2.8
975.56 1.9
976.47 1.2
977.27 1.2
978.82 5.4
988.55 4.0
989.67 23.0
993.64 25.8
994.68 28.9
1004.88 2.4
1006.55 10.0
1007.36 9.6
1008.63 6.9
1010.53 5.4
1011.24 2.4
1012.24 3.2
1016.65 1.4
1020.43 7.9
1022.58 1.9
1023.61 6.5
1025.57 2.4
1028.90 1.9
1032.65 8.8
1033.53 7.2
1035.67 4.8
1038.47 3.9
1045.83 2.8
1046.83 1.5
1047.74 1.6
1050.56 87.8
1051.62 33.1
1058.60 1.1
1060.77 1.8
1061.78 3.1
1063.59 5.2
1064.41 10.3
1068.78 1.4
1073.51 1.8
1076.80 5.1
1082.50 4.0
1084.16 1.5
1086.43 1.6
1089.24 3.1
1091.72 16.1
1092.64 1.0
1093.54 1.6
1102.80 1.2
1103.61 5.3
1104.52 1.2
1115.66 4.6
1119.20 10.5
1119.82 24.9
1120.93 5.8
1121.69 4.1
1140.35 1.0
1141.89 1.6
1142.90 2.2
1147.09 6.5
1147.70 2.8
1148.85 9.4
1157.31 3.6
1158.66 6.7
1159.79 1.9
1160.43 3.9
1163.50 11.4
1164.67 4.9
1176.80 39.4
1177.68 30.1
1178.90 5.1
1179.78 3.9
1188.04 3.2
1193.73 41.5
1194.75 63.5
1195.65 23.9
1196.75 2.5
1203.65 13.6
1204.60 2.2
1205.98 2.2
1210.41 1.8
1220.98 17.1
1221.85 6.0
1223.96 2.7
1231.34 5.8
1232.62 4.2
1240.14 2.8
1247.66 7.9
1249.13 2.3
1255.41 2.4
1313.07 3.6
