1751.83232 2
251.28 4.8
254.19 1.5
271.27 6.4
273.19 3.2
276.19 2.0
277.20 3.5
283.16 7.3
287.43 1.0
289.16 2.4
292.92 1.1
298.21 6.9
301.38 2.5
303.37 8.7
304.30 2.1
308.23 2.7
315.39 1.4
324.11 2.8
328.11 5.4
331.92 1.2
333.36 6.9
338.41 2.1
340.04 6.9
342.30 2.0
345.22 3.4
346.58 1.2
349.17 2.8
350.17 10.2
357.23 2.2
360.40 14.2
362.06 2.4
364.33 1.8
365.21 2.4
367.18 2.0
370.31 2.8
371.09 3.6
376.05 8.1
379.08 5.6
380.24 3.3
381.43 6.0
384.43 2.8
385.31 5.7
388.33 6.7
390.24 7.4
391.18 5.3
394.44 11.6
396.11 4.6
397.92 8.2
406.48 1.8
409.23 7.9
411.26 1.7
412.35 6.1
415.40 4.8
416.15 1.2
420.17 1.4
422.31 1.5
424.14 1.7
425.46 1.9
427.30 7.2
429.27 7.1
436.37 14.1
437.20 9.0
438.19 2.5
439.39 4.2
442.01 7.9
444.16 2.9
445.38 2.0
447.22 4.0
450.39 3.1
451.42 1.2
454.39 10.7
455.31 3.8
458.19 3.2
460.39 1.4
462.25 3.1
463.06 6.3
464.43 2.8
465.68 1.4
472.21 8.2
473.36 1.6
474.99 1.7
476.23 1.5
478.37 7.6
483.37 3.0
484.56 1.4
485.57 5.2
486.32 2.2
488.02 1.9
493.43 1.9
494.39 4.5
495.74 3.5
499.48 4.5
500.46 5.2
504.40 1.0
506.12 2.0
508.26 1.9
510.29 3.0
511.38 30.5
512.53 2.9
514.62 10.9
517.06 4.0
526.42 2.5
528.79 2.0
529.45 2.3
530.22 2.0
532.25 10.7
534.36 14.2
545.20 1.7
546.65 4.0
547.28 1.3
548.42 4.7
550.29 9.8
551.45 6.6
555.30 3.7
557.17 4.6
561.62 7.8
564.35 2.3
565.20 2.7
567.11 2.1
568.49 12.7
569.60 5.9
570.49 2.1
571.30 4.7
572.48 3.1
573.15 3.0
575.23 3.5
581.39 3.2
583.79 3.5
585.32 1.7
586.35 1.5
587.29 5.3
588.66 4.9
589.83 2.7
592.21 4.1
595.96 3.1
597.45 2.8
598.38 5.9
600.88 18.2
602.34 2.6
604.58 5.8
605.31 2.2
606.93 9.3
607.62 2.2
611.35 4.4
615.91 6.4
617.33 1.4
619.20 6.5
621.63 12.9
622.71 3.0
623.41 1.2
624.44 13.3
625.74 1.7
626.99 11.7
628.38 1.3
629.45 2.4
632.19 5.4
637.47 5.0
638.21 5.4
640.21 1.0
642.31 1.4
643.36 7.4
644.40 8.3
646.45 7.7
647.98 3.8
650.10 2.2
651.37 2.4
655.40 15.3
657.93 7.0
659.04 3.6
660.97 5.5
661.85 2.7
662.46 7.5
663.57 5.9
664.58 3.5
665.65 3.5
666.93 2.6
668.47 3.4
669.80 2.5
671.52 3.2
673.03 13.7
674.34 13.0
675.45 39.3
677.77 17.4
678.41 30.4
679.53 10.7
681.63 6.9
682.40 3.2
684.32 4.0
685.55 3.5
688.33 4.3
689.88 1.8
692.71 11.3
693.80 13.2
694.53 1.4
695.74 6.0
697.26 13.1
699.19 6.0
700.33 11.1
701.45 4.3
702.36 7.1
703.34 3.7
705.66 11.5
706.70 4.9
710.11 19.3
712.37 8.1
713.39 9.8
714.39 3.8
716.49 2.4
718.91 24.3
720.37 10.0
721.53 10.6
722.42 15.0
724.33 1.1
726.05 5.1
726.80 8.4
727.44 12.9
729.35 6.9
730.67 21.2
732.67 12.8
733.55 1.4
736.40 11.8
737.55 12.4
738.34 5.9
739.08 4.9
739.88 10.9
740.92 21.7
742.73 2.3
745.34 9.4
746.31 2.8
747.34 6.9
748.17 2.3
749.53 12.5
750.29 14.7
751.24 10.6
753.38 1.9
756.13 10.6
758.71 5.5
759.85 5.7
760.57 1.3
762.94 6.9
763.81 3.5
764.42 1.0
765.37 3.0
767.41 14.2
768.12 33.4
769.37 3.3
771.54 8.0
774.71 15.1
776.05 49.6
777.05 5.9
777.81 9.7
779.74 6.4
780.46 18.1
784.48 3.8
785.50 37.6
786.21 28.0
786.98 3.8
787.61 3.6
788.73 12.8
790.24 11.2
794.65 63.6
795.62 13.0
796.84 4.4
799.20 8.3
801.57 7.9
802.37 24.1
803.43 34.8
804.38 75.9
805.05 56.0
807.32 2.8
808.05 1.2
809.13 2.2
810.45 7.6
811.27 9.5
812.37 20.5
813.08 4.3
814.09 6.2
816.64 16.5
817.56 9.9
820.27 45.7
821.80 8.0
822.89 3.5
825.10 2.5
826.73 1.9
828.55 3.3
830.47 14.8
831.99 1.7
834.62 19.4
835.72 15.7
837.54 4.6
840.47 4.6
841.33 12.3
843.85 63.3
844.61 30.9
846.61 5.1
847.41 4.5
848.51 87.5
849.58 69.2
850.50 38.8
852.58 31.3
853.23 13.7
854.42 3.7
855.57 7.7
858.72 300.8
859.61 35.4
860.50 102.1
861.30 6.1
862.14 15.4
864.19 17.9
866.75 9.1
867.49 19.3
884.47 1.7
885.51 2.8
888.80 1.2
897.77 3.0
901.33 4.6
902.43 1.1
903.31 6.8
904.50 3.0
913.61 2.3
915.53 2.6
916.52 2.8
918.22 4.8
919.36 3.7
927.55 1.5
930.57 26.5
931.50 22.3
932.76 4.9
933.73 10.8
934.75 1.6
937.39 3.1
946.26 2.6
948.63 125.6
949.65 40.5
955.00 2.0
956.55 2.1
960.55 8.6
961.68 1.7
962.39 12.7
965.28 3.3
970.51 2.0
972.64 4.8
975.75 7.0
977.43 1.7
979.70 2.2
984.80 1.4
985.84 2.1
991.00 3.9
997.80 6.0
1002.44 3.0
1003.62 5.0
1004.38 1.8
1006.49 1.5
1013.65 3.3
1014.46 3.6
1015.75 4.8
1017.63 3.5
1020.24 1.7
1021.21 15.3
1025.43 2.2
1026.93 1.4
1028.76 1.2
1030.60 2.9
1034.88 2.7
1035.63 5.7
1037.46 1.0
1040.43 7.5
1041.79 3.0
1043.64 7.3
1044.72 6.5
1045.75 5.8
1046.63 1.9
1048.18 1.5
1048.95 4.0
1050.58 2.5
1054.26 7.1
1056.53 15.1
1057.46 3.3
1058.40 5.0
1059.59 9.8
1061.75 37.4
1062.66 16.1
1065.66 2.2
1074.58 33.4
1075.56 11.6
1080.97 4.7
1081.66 1.2
1084.57 3.7
1090.55 3.4
1092.25 19.9
1094.29 1.2
1098.70 7.0
1099.53 2.5
1100.75 2.7
1103.62 1.9
1104.39 4.2
1105.69 7.2
1107.27 2.4
1108.44 6.4
1114.11 12.3
1116.44 11.7
1117.73 17.7
1121.74 2.2
1123.66 1.0
1128.72 3.0
1131.16 9.6
1131.91 10.2
1132.77 2.0
1134.62 8.3
1135.61 1.5
1138.59 2.3
1148.88 16.0
1149.78 9.7
1155.50 1.2
1156.76 3.7
1161.71 8.6
1162.58 4.9
1166.55 2.6
1167.75 1.6
1168.63 3.2
1173.95 2.2
1174.81 3.1
1175.54 1.4
1177.00 1.0
1182.09 1.4
1182.81 4.3
1184.40 4.6
1188.31 4.5
1189.64 1.9
1191.94 2.5
1200.58 9.6
1201.29 8.6
1202.80 2.2
1203.73 2.2
1204.97 8.2
1205.72 70.6
1206.90 25.1
1218.74 12.1
1219.77 5.5
1221.65 4.3
1229.54 3.6
1235.52 4.3
1236.46 10.1
1237.71 3.2
1244.80 12.5
1245.96 1.2
1247.08 10.3
1248.44 2.8
1249.53 1.2
1262.66 42.8
1263.65 7.9
1264.79 11.4
1265.72 9.2
1272.95 5.1
1275.81 1.9
1277.56 4.9
1287.64 7.8
1288.70 11.9
1290.85 4.1
1296.78 3.9
1300.79 1.8
1305.56 38.2
1306.44 6.9
1308.83 2.0
1312.04 1.5
1312.83 1.3
1314.74 2.2
1315.81 1.2
1318.41 1.7
1323.19 7.4
1323.91 8.4
1327.86 2.9
1330.75 1.4
1331.82 4.8
1332.88 9.4
1333.48 2.9
1334.20 3.2
1338.41 2.6
1344.78 1.9
1346.53 3.9
1347.62 2.8
1349.78 11.3
1350.77 19.1
1356.71 3.3
1359.69 3.0
1362.58 5.9
1363.84 1.1
1364.79 1.6
1372.94 3.3
1375.25 2.4
1386.94 2.4
1388.02 1.7
1390.38 3.7
1392.95 3.1
1393.66 1.8
1396.71 1.0
1397.41 3.2
1400.87 2.9
1404.79 3.9
1413.73 2.2
1416.74 1.2
1421.38 7.5
1436.82 2.5
1440.89 4.8
1442.60 2.3
1443.42 3.4
1444.94 4.5
1449.78 25.4
1450.63 5.7
1454.97 2.6
1461.78 1.5
1463.72 1.9
1470.22 4.8
1475.96 3.1
1488.73 4.7
1490.91 5.6
1491.80 2.7
1493.83 1.4
1495.03 3.3
1506.72 11.4
1507.72 25.6
1524.66 6.4
1530.90 7.6
1534.75 2.5
1544.13 4.0
1545.74 1.0
1551.89 2.6
1553.61 4.9
1559.89 4.2
1569.76 1.5
1570.57 5.1
1577.71 12.0
1579.02 21.5
1588.02 3.5
1589.08 4.0
1605.47 19.5
1606.15 5.4
1607.01 18.7
1609.21 2.6
1624.09 5.3
1625.64 6.8
1722.75 1.4
