1167.52739 2
171.12 4.4
181.21 1.3
187.46 5.0
197.50 1.8
198.32 3.6
207.01 2.4
213.27 2.3
222.06 1.8
227.19 3.4
228.31 3.5
232.13 1.7
236.15 3.5
243.30 1.1
244.28 2.1
255.11 2.0
262.32 22.1
263.10 3.9
266.14 1.1
271.38 39.3
272.16 23.5
273.31 4.7
276.30 2.9
279.39 3.7
285.99 1.3
289.17 55.9
290.28 10.2
298.46 2.1
312.67 4.1
317.27 4.0
318.11 2.4
325.18 2.6
329.21 1.8
330.30 1.3
347.22 5.3
347.83 1.6
353.33 1.8
355.10 5.4
356.52 4.1
357.26 4.0
360.29 2.7
361.17 3.4
366.11 1.4
371.35 1.1
375.83 1.9
380.10 3.1
382.41 8.1
383.98 4.4
390.28 7.3
400.31 14.7
403.65 1.7
409.29 3.1
418.14 14.9
419.21 4.8
420.10 1.4
426.29 2.6
427.51 1.9
431.07 30.2
436.49 3.4
438.30 1.2
440.41 4.9
443.80 2.7
447.89 2.3
448.83 2.8
456.17 6.2
457.55 8.5
459.34 9.7
463.47 3.3
465.86 3.7
466.54 5.8
469.93 8.0
471.01 8.1
479.14 10.0
481.53 3.1
486.24 4.7
489.42 7.8
490.02 7.9
492.00 5.4
493.72 4.1
497.08 7.9
498.59 2.6
500.84 3.1
502.00 18.3
503.01 13.5
504.37 5.4
510.04 10.3
511.36 23.3
512.29 3.6
513.18 4.3
514.36 1.6
515.91 5.4
518.62 2.1
519.83 75.7
521.47 8.2
523.08 12.0
526.40 9.9
527.35 14.7
529.71 32.0
531.28 17.2
532.42 2.6
533.56 7.3
534.87 6.3
536.10 5.1
538.77 5.3
539.64 15.5
542.85 7.6
543.46 2.2
544.24 11.6
546.10 16.9
547.80 10.2
548.85 9.0
550.33 18.3
551.24 11.9
551.87 3.9
553.47 1.6
555.13 1.4
556.24 2.3
557.70 18.2
558.40 9.1
559.70 9.4
560.64 20.0
561.31 5.6
563.35 7.3
564.02 20.5
564.68 5.2
566.07 52.5
566.94 42.1
569.42 7.8
570.38 6.5
572.04 72.8
572.96 31.4
575.44 153.1
576.32 4.6
583.85 4.2
584.64 2.7
594.68 13.4
596.01 5.2
597.65 5.7
601.53 2.4
602.30 2.3
616.43 2.6
618.31 12.0
619.72 12.1
620.41 5.2
621.27 4.4
631.83 13.0
634.18 4.3
635.25 2.1
636.87 10.9
637.50 104.4
638.38 85.0
644.22 1.8
649.35 9.1
663.22 3.2
666.75 5.2
667.35 4.1
676.34 4.6
677.25 10.5
684.79 4.1
692.89 2.5
693.61 5.7
695.58 3.6
703.14 6.1
715.14 17.5
721.89 4.8
723.07 8.0
730.27 4.4
731.03 22.6
732.68 9.7
733.66 9.1
737.01 5.2
750.51 65.8
751.52 26.4
760.38 8.5
772.97 1.6
775.46 1.5
778.75 5.2
780.21 6.0
794.52 7.0
803.03 5.1
803.82 2.8
804.45 6.1
810.43 2.2
811.61 2.0
815.57 1.7
817.64 1.4
852.51 3.2
861.64 1.5
874.30 4.6
876.60 2.9
878.51 14.5
879.49 12.2
887.76 2.2
888.40 2.3
902.49 3.7
922.07 3.8
939.66 1.0
955.69 5.9
958.73 4.2
962.53 1.8
976.42 1.9
1011.24 2.7
1036.54 5.5
1038.40 2.7
1129.61 3.4
