1229.5374 2
178.22 15.0
179.18 5.6
180.01 3.7
181.33 6.1
182.96 5.5
186.99 1.6
194.26 2.0
196.41 2.6
197.16 2.1
197.87 1.3
200.12 10.2
201.21 2.0
202.75 2.1
206.39 1.1
207.16 2.0
208.16 1.0
209.23 1.4
210.14 24.7
211.22 3.6
212.04 1.3
214.06 7.1
215.29 12.1
217.39 4.5
218.33 5.7
220.03 5.5
222.09 2.7
222.91 9.1
225.15 9.7
226.20 4.1
228.25 5.2
229.27 6.1
230.24 1.1
233.05 2.3
235.12 17.8
236.13 2.0
237.07 3.5
243.19 6.7
244.33 9.4
245.23 2.7
246.45 6.8
247.30 3.3
248.42 2.9
249.34 2.8
251.34 16.0
252.30 2.9
253.27 2.0
255.14 2.5
258.19 1.5
262.12 3.4
263.22 2.1
263.97 6.9
266.12 3.8
268.22 1.6
270.45 4.1
271.15 6.9
272.21 7.3
274.44 3.0
275.40 8.5
279.96 2.3
281.49 7.9
282.16 1.2
284.03 6.0
285.24 10.3
290.54 4.2
292.27 3.6
293.33 4.5
294.40 2.5
297.31 1.9
298.72 8.4
300.19 3.5
303.37 6.9
308.14 2.2
309.25 2.0
310.18 56.9
311.38 11.6
312.32 2.1
314.98 3.5
316.34 8.2
317.68 4.0
318.52 1.4
321.20 2.8
323.23 4.5
324.23 3.0
326.45 3.7
327.07 1.6
336.33 3.8
337.43 4.6
338.37 3.3
339.16 5.4
340.21 1.9
341.28 2.8
343.17 3.1
345.18 20.0
347.28 4.3
349.32 2.1
350.04 3.3
353.30 5.4
354.00 4.1
356.23 2.4
357.13 17.3
358.31 8.4
359.32 9.0
360.12 11.6
361.12 4.5
362.82 2.1
363.45 2.6
364.45 4.6
365.34 23.7
366.08 1.4
370.36 14.6
371.25 6.1
372.40 10.3
373.26 11.8
375.27 3.1
376.26 1.1
380.08 3.3
381.05 4.2
382.17 4.7
385.33 3.9
386.56 12.0
387.32 12.9
388.45 11.4
389.30 2.1
390.25 6.0
391.10 8.5
394.98 1.4
396.26 5.4
397.34 3.0
399.20 4.2
400.47 1.6
401.23 1.6
402.70 10.6
403.99 28.1
405.18 19.0
406.31 4.8
407.45 11.1
409.13 1.3
411.46 2.0
413.10 8.9
414.08 5.4
417.00 2.8
419.18 13.6
420.22 1.3
422.38 3.3
424.39 1.7
425.33 49.3
426.43 13.3
427.35 1.1
429.36 2.6
430.34 2.5
431.23 5.5
432.88 5.6
434.91 4.6
437.60 1.1
438.33 5.2
439.30 2.9
440.16 9.4
441.29 3.3
442.17 4.6
443.40 8.7
446.13 2.8
447.95 1.4
449.44 5.3
450.52 4.4
452.40 8.6
453.36 1.3
454.13 4.7
455.04 4.3
455.64 11.8
456.28 7.3
457.33 6.5
458.35 6.4
459.52 10.1
460.30 14.2
461.06 1.9
462.01 1.6
463.06 11.8
464.35 11.9
465.39 6.8
466.40 6.8
467.44 35.0
468.64 5.3
469.44 6.0
470.38 9.6
471.15 4.6
472.18 3.6
473.28 5.2
474.23 1.9
476.82 12.9
478.55 127.6
479.34 16.6
479.96 1.1
482.31 9.4
483.44 13.9
484.28 3.9
485.56 22.7
486.22 3.3
487.35 61.0
488.31 26.6
489.41 5.0
491.29 6.9
492.34 2.6
493.23 5.0
493.89 8.3
494.63 9.6
495.39 9.5
498.26 5.8
499.40 5.2
500.18 17.4
501.10 38.4
502.31 27.3
504.54 1.7
505.16 11.0
509.39 1.4
510.63 10.5
511.31 5.0
512.51 2.2
513.33 10.7
514.40 14.0
515.56 17.6
516.55 1.7
517.39 9.4
518.22 8.6
519.17 11.9
521.29 3.2
522.50 5.2
523.44 1.4
524.31 3.4
525.21 7.0
527.38 2.0
528.46 22.6
529.51 9.0
530.23 5.4
531.36 4.8
533.26 1.4
535.54 15.0
536.48 13.4
537.47 19.0
538.30 3.2
539.41 3.3
540.16 1.1
541.18 8.2
542.18 23.1
543.26 15.0
544.81 8.6
546.87 7.2
547.51 18.8
549.50 17.3
550.43 14.5
551.21 24.9
552.52 2.9
554.18 89.9
555.34 34.0
556.43 16.7
557.60 26.4
558.28 12.1
559.33 18.3
560.25 13.7
561.39 11.1
562.32 5.5
563.25 18.9
563.89 14.1
564.98 2.9
566.21 33.5
567.17 10.2
568.36 3.4
569.62 16.3
570.24 18.2
571.46 61.8
572.30 19.6
573.48 14.3
574.59 21.1
575.43 32.0
576.74 18.6
577.56 39.9
578.83 28.8
579.55 20.4
580.49 50.4
581.39 20.3
582.50 14.8
583.62 63.7
584.77 46.7
585.50 44.3
586.39 53.6
587.48 29.4
588.72 29.0
589.95 15.9
591.22 11.2
592.20 20.8
593.29 55.5
594.27 23.0
595.30 9.3
597.41 215.8
598.42 200.5
599.38 48.1
600.14 16.2
601.07 38.4
603.33 27.6
605.27 1.4
606.65 149.6
607.48 23.9
615.15 3.4
620.26 3.4
623.38 1.2
625.61 4.0
627.32 13.0
632.22 5.2
635.25 1.7
638.08 3.2
640.82 9.3
641.47 3.9
643.42 2.9
644.36 6.1
645.45 6.2
646.48 4.8
648.12 5.2
648.96 1.5
653.34 66.3
654.21 24.1
655.46 5.7
658.34 12.7
659.09 3.3
660.27 1.2
661.26 1.9
665.52 7.4
669.85 5.9
671.97 3.1
672.58 3.7
674.98 1.7
676.39 17.4
677.56 12.8
678.24 2.8
681.68 3.1
684.60 3.6
688.33 4.1
689.38 3.6
690.55 2.2
691.42 6.4
693.60 1.8
694.34 1.5
697.24 2.9
700.69 2.8
701.55 3.7
704.52 2.2
706.00 3.6
715.64 4.3
716.45 7.4
717.46 1.1
722.37 2.8
725.89 3.2
734.65 1.4
735.54 3.0
737.72 1.4
740.68 2.5
743.49 2.5
744.56 8.1
746.82 3.2
750.35 4.4
752.49 23.2
753.44 7.8
754.86 3.8
760.41 7.7
761.44 2.3
763.29 2.6
767.48 7.5
769.37 4.3
773.15 12.8
774.69 8.8
775.48 1.9
777.90 14.4
781.34 2.2
785.54 2.9
786.45 2.3
787.42 4.7
788.41 5.3
789.54 2.5
790.62 3.0
791.66 7.0
793.62 4.4
798.56 4.0
799.98 5.3
801.28 10.3
802.03 10.6
804.42 3.4
805.31 13.6
805.96 2.4
811.42 1.7
814.46 14.1
815.19 10.8
816.92 14.4
817.54 2.6
818.47 1.8
819.43 2.6
824.45 15.6
827.80 4.8
831.33 1.9
832.53 7.3
833.52 1.4
839.37 1.8
841.40 1.9
843.38 4.3
850.39 1.8
851.35 3.8
852.51 1.4
853.34 1.3
854.58 3.2
856.28 3.6
857.57 4.2
860.48 2.8
861.77 3.1
865.63 14.4
867.42 28.5
868.63 14.1
869.53 9.0
871.60 11.4
873.74 4.5
885.62 2.5
886.24 4.1
890.38 1.4
891.48 4.0
893.48 6.5
898.81 4.9
899.63 7.1
902.21 3.2
903.59 12.7
907.23 3.3
911.36 1.6
916.47 2.4
917.44 3.1
920.10 15.0
920.81 3.6
921.58 6.9
926.51 5.2
927.32 4.0
928.13 2.8
936.64 3.0
938.14 2.2
941.58 2.1
946.82 7.6
951.61 5.0
952.52 7.4
953.59 3.5
957.79 4.1
960.61 1.5
961.59 3.6
962.76 1.6
964.87 1.5
968.66 2.8
969.42 8.3
970.52 3.8
971.59 5.5
977.63 9.0
978.51 29.4
979.34 24.7
982.73 2.7
983.37 2.2
985.31 7.7
986.43 2.1
987.64 3.1
995.54 100.0
996.48 46.8
997.52 10.5
999.96 1.1
1002.65 10.6
1007.47 5.5
1012.53 8.9
1015.63 1.7
1019.55 7.5
1021.59 3.7
1022.25 2.6
1024.72 1.7
1027.37 3.1
1029.60 5.3
1030.86 1.6
1042.50 13.7
1052.67 1.2
1055.76 9.0
1056.73 7.1
1065.98 6.2
1066.60 3.5
1067.27 2.1
1068.45 2.6
1072.76 4.1
1076.56 3.5
1081.34 3.6
1082.73 3.3
1083.79 7.4
1084.61 4.1
1085.57 2.4
1089.55 1.0
1097.81 3.8
1100.62 1.5
