951.47875 2
136.14 226.4
137.10 11.0
144.24 2.2
156.24 1.0
157.16 1.3
158.17 7.8
160.27 3.2
162.09 5.4
163.06 1.6
166.96 4.3
169.13 3.7
170.14 5.7
173.23 12.0
174.09 1.5
175.14 113.5
176.17 3.6
178.15 2.1
179.20 9.7
181.24 2.0
183.40 3.6
185.15 1.0
192.09 3.7
196.49 2.0
198.22 1.1
199.45 1.7
200.24 3.5
201.28 8.3
202.22 11.0
204.20 3.4
204.85 1.7
206.19 4.3
207.14 2.4
209.51 4.0
210.16 8.5
211.36 1.8
212.19 1.7
213.17 4.5
215.41 2.5
216.03 2.8
217.22 7.4
219.23 3.6
221.03 7.8
225.09 4.4
226.10 14.1
227.07 1.6
228.31 1.9
229.26 2.9
230.23 2.9
232.27 2.8
235.53 2.3
236.32 1.7
240.35 3.8
241.09 18.6
242.17 8.4
243.26 8.8
247.05 1.7
249.22 1920.9
250.22 176.6
253.24 9.9
254.51 1.3
258.29 6.5
259.22 20.1
260.29 7.9
261.21 3.0
262.32 1.3
263.28 4.4
264.26 2.9
265.13 13.6
267.10 1.1
268.26 2.5
270.25 15.7
271.16 13.1
272.10 1.9
273.27 3.2
275.14 1.0
277.10 1326.8
278.11 109.0
279.32 4.2
280.22 3.8
282.77 4.8
285.34 1.7
286.46 7.3
287.11 4.2
288.31 399.8
289.24 36.8
290.96 11.2
293.14 39.3
294.31 3.4
296.17 1.2
297.24 4.4
299.21 4.1
302.22 1.1
305.32 14.1
306.14 1.3
307.28 3.1
310.31 2.1
313.06 2.1
315.25 6.8
317.17 2.3
318.25 2.6
319.20 1.9
320.20 12.7
323.30 2.2
324.95 1.3
326.38 12.7
327.26 6.3
330.44 2.8
331.10 2.0
332.28 13.7
333.42 6.7
335.17 3.6
337.12 4.4
338.23 21.3
340.13 9.1
341.25 2.7
343.17 4.4
344.12 11.0
345.96 3.4
347.63 1.3
348.36 5.0
349.53 1.0
350.18 2.3
352.09 6.5
354.08 10.4
355.33 11.0
357.08 1.1
358.44 2.8
360.66 7.7
361.31 3.7
362.04 8.4
363.18 6.2
364.26 3.1
367.00 1.3
369.46 6.5
370.25 8.3
371.29 7.0
372.36 5.1
373.85 3.8
375.40 5.2
376.31 21.7
377.54 13.8
378.30 20.2
381.32 10.4
382.77 55.4
384.32 5.3
384.96 2.3
386.34 1.6
387.28 1.5
388.19 29.7
389.23 11.5
390.45 3.4
393.49 4.1
394.43 4.4
395.48 1.9
396.43 11.5
398.17 7.7
399.13 4.1
402.58 8.4
403.19 5.0
404.78 18.6
406.25 176.4
407.25 43.1
408.18 2.0
409.94 27.6
410.75 13.9
411.41 2.1
412.03 5.7
413.43 10.6
415.39 8.5
416.68 51.7
417.37 314.9
418.42 80.9
419.64 150.3
420.45 14.4
422.05 34.2
422.99 16.0
424.84 30.5
425.62 1.8
426.33 2.7
427.59 24.2
428.25 15.0
429.02 2.1
430.03 17.9
430.95 16.4
432.20 19.3
433.21 9.3
434.80 46.4
435.72 11.7
437.12 21.3
438.29 3.6
439.51 14.5
440.44 13.2
441.34 5.2
443.67 17.7
445.27 16.0
446.33 17.4
447.20 14.8
448.22 8.2
449.47 25.0
450.53 11.9
451.73 1.4
452.73 2.5
453.76 32.8
454.60 23.6
455.42 24.1
458.38 211.1
459.22 89.6
460.78 102.9
461.71 19.7
464.39 191.9
465.29 30.6
467.24 322.2
467.98 60.8
469.02 1.4
469.68 2.4
476.07 4.9
483.22 10.3
485.51 4.8
487.36 10.9
488.35 33.5
489.13 6.3
490.33 3.0
495.03 2.9
497.17 7.3
498.17 3.3
499.31 2.0
501.20 8.9
502.32 3.2
506.22 5.5
507.33 16.5
509.13 3.9
517.09 18.4
519.03 12.1
520.09 3.4
522.43 6.3
523.39 2.1
526.58 1.3
528.32 9.7
529.36 9.7
532.09 1.4
533.34 8.1
535.15 91.1
536.26 17.2
546.28 1070.9
547.33 249.4
548.78 7.0
551.75 12.4
558.33 7.2
561.66 63.8
562.46 4.6
563.45 5.4
568.89 5.6
571.01 5.2
571.71 1.3
572.65 16.6
573.53 1.5
575.40 4.9
578.25 2.7
580.34 2.0
582.37 6.1
583.50 8.8
585.19 1.5
586.60 1.8
589.55 1.3
592.29 7.7
593.31 1.4
595.49 3.6
612.21 10.0
613.88 37.3
614.51 34.9
615.34 5.3
616.17 8.7
619.04 51.7
619.74 3.7
620.47 2.3
621.26 7.2
622.39 1.3
625.43 2.8
626.98 7.2
628.33 1.9
629.33 1.6
630.28 5.6
636.13 18.0
637.17 10.9
638.48 35.1
639.52 14.7
641.47 5.0
643.06 16.1
645.71 9.3
646.38 37.5
647.71 202.3
648.56 10.9
649.64 7.8
651.35 2.7
655.23 7.2
656.36 1.5
657.37 359.6
658.48 104.5
659.57 4.4
662.97 11.3
664.23 92.5
665.18 46.1
666.27 3.7
670.49 2.0
675.36 6410.3
676.33 1560.5
676.99 5.4
678.48 3.1
679.52 1.1
680.63 1.3
685.64 3.0
688.26 5.2
689.00 3.6
693.37 2.0
694.67 1.0
696.15 47.6
697.10 18.0
698.75 3.1
703.67 8.1
705.13 23.5
708.65 1.8
711.47 1.8
716.20 2.1
723.40 3.7
725.12 13.6
725.76 4.9
729.30 4.1
732.52 3.1
733.35 4.4
735.51 1.6
739.07 6.4
740.45 3.4
741.57 1.9
743.51 1.5
749.35 23.4
750.40 6.1
751.51 30.0
752.56 11.8
759.27 14.9
763.66 3.1
765.39 4.1
770.35 1.1
771.45 1.5
774.57 3.5
777.31 99.8
778.45 45.6
779.53 5.7
786.40 6.3
788.31 2.3
791.38 4.3
795.55 1.2
798.65 1.3
799.51 2.5
800.55 3.8
801.47 1.6
802.44 6.3
803.34 2.5
804.32 2.4
806.44 2.1
819.44 2.0
820.55 12.3
821.56 8.1
838.42 445.1
839.39 165.7
840.41 4.2
845.19 2.4
848.35 29.1
849.15 10.4
857.85 2.9
865.34 3.3
892.18 2.8
893.69 1.3
910.73 2.4
912.30 8.0
929.32 4.4
930.69 2.2
