1881.84917 2
262.39 3.0
274.20 3.4
276.32 3.0
282.35 1.4
285.17 2.6
288.08 1.1
294.56 1.5
296.23 1.8
297.23 7.1
302.16 2.4
309.45 1.2
313.48 4.2
315.14 1.2
317.07 1.1
319.31 4.5
321.29 6.6
322.34 8.2
324.70 1.5
327.14 4.1
334.12 3.4
339.20 2.9
341.46 4.1
343.26 5.9
345.01 4.0
346.13 3.2
351.18 2.5
352.22 3.3
356.91 4.8
357.52 5.3
362.25 4.1
363.24 19.5
364.09 5.4
366.10 1.3
367.09 1.7
369.28 4.2
370.19 3.5
372.34 1.6
373.30 2.5
375.30 4.1
377.35 4.6
382.55 3.6
384.88 3.9
390.37 1.2
391.50 3.5
394.21 4.9
396.12 2.4
401.62 4.4
402.45 2.0
407.15 4.0
409.28 3.2
410.43 3.4
411.41 2.3
412.22 3.7
414.62 1.7
416.16 5.7
419.40 5.5
421.26 1.9
426.42 1.8
429.36 12.5
430.45 3.9
431.18 2.0
433.27 1.5
434.28 1.6
438.19 11.1
439.42 7.6
441.25 2.7
442.32 4.6
443.20 5.8
444.33 2.4
447.47 17.4
448.26 1.9
449.23 7.5
450.31 1.3
451.31 1.3
454.40 5.2
456.21 16.5
458.45 3.4
459.53 2.5
460.41 6.5
462.03 1.6
464.12 2.5
466.15 2.3
467.12 6.7
468.51 2.5
469.41 1.2
470.39 3.6
471.51 1.9
473.38 5.3
475.29 4.1
477.44 20.1
478.34 16.1
479.37 4.8
482.46 1.3
486.05 3.4
489.23 6.2
491.45 11.6
497.32 6.6
498.86 5.4
499.53 6.1
500.30 1.4
502.96 9.4
504.67 10.9
505.31 2.0
507.11 4.4
516.33 13.3
517.35 22.9
519.25 1.3
520.36 6.1
521.41 2.7
523.38 2.0
525.28 4.3
526.23 1.4
527.32 2.0
532.22 2.5
534.37 262.5
535.32 40.9
536.46 6.8
538.08 9.3
539.04 3.2
543.16 4.0
546.91 10.2
547.71 5.1
549.48 1.2
554.61 1.9
555.37 1.2
559.03 2.2
563.77 6.5
564.47 1.1
565.15 2.5
567.46 8.5
568.28 3.4
570.58 1.6
572.33 5.9
576.97 6.2
579.47 8.7
581.10 3.7
582.58 4.6
583.40 3.4
587.52 3.5
589.27 4.7
590.09 4.1
591.65 3.0
596.22 1.8
600.10 4.0
601.44 4.9
603.27 4.4
604.35 10.1
605.62 11.5
606.63 1.6
607.61 7.1
609.43 1.8
610.64 3.4
611.38 1.2
613.40 2.6
614.48 1.4
615.35 13.8
616.31 4.9
617.36 2.7
618.29 6.0
619.11 5.2
622.60 5.9
626.45 4.2
628.50 7.2
629.51 1.2
633.25 3.8
634.38 10.8
638.58 2.9
639.36 1.4
640.54 5.2
642.39 1.3
643.52 4.5
644.28 6.5
645.28 3.4
647.60 6.1
652.49 2.7
655.17 1.6
657.46 4.2
658.51 15.0
659.77 6.6
660.42 9.9
661.37 35.3
662.35 17.7
663.42 2.5
665.54 2.0
666.82 8.4
668.28 5.3
669.53 5.4
672.57 16.7
673.38 1.7
674.48 4.5
675.54 4.4
677.66 5.3
678.66 3.2
679.39 4.7
681.07 7.1
684.46 6.6
685.17 4.7
687.34 16.2
688.29 7.6
690.35 10.7
691.39 2.1
693.23 9.8
694.39 8.6
695.43 4.0
696.56 2.5
697.27 9.6
698.34 1.3
699.47 3.1
700.77 1.5
701.61 4.1
702.39 13.5
703.51 13.6
705.32 4.1
707.87 4.3
708.64 1.6
710.12 16.1
711.62 2.0
712.34 1.4
713.38 5.1
715.16 14.7
716.01 9.4
718.32 2.9
719.40 1.1
720.51 80.3
721.46 57.3
722.26 5.3
723.40 3.1
727.63 11.1
729.19 15.1
730.29 8.4
731.19 9.6
732.09 1.6
733.48 8.9
737.73 14.8
738.52 5.0
740.40 3.5
741.61 7.3
742.75 17.4
743.74 1.4
745.84 2.1
747.24 30.6
747.94 6.9
749.34 26.1
750.58 2.5
751.30 2.7
752.07 3.1
754.41 3.1
755.31 4.5
756.35 18.3
757.38 20.3
758.07 12.2
759.38 57.6
760.30 26.6
761.24 15.1
763.39 7.9
764.30 11.9
765.19 15.9
766.62 10.6
767.63 4.5
768.41 9.7
769.63 4.8
770.73 4.3
771.42 13.5
773.05 9.6
774.40 30.3
775.42 8.8
777.44 359.8
778.42 101.8
779.47 25.1
780.61 5.0
781.90 19.1
783.10 11.6
786.53 13.2
787.91 12.8
789.19 4.0
790.23 10.1
791.56 12.0
792.33 37.8
793.07 1.7
794.43 4.1
795.62 4.1
797.09 4.8
798.22 2.0
800.39 18.7
801.25 11.7
802.27 29.3
803.50 15.4
804.25 7.5
805.33 14.2
806.56 6.2
807.41 8.2
808.88 9.1
810.00 25.3
811.27 21.6
812.49 7.2
813.35 9.6
814.92 44.1
816.17 14.1
817.19 13.4
818.18 25.8
819.25 12.8
820.09 12.2
821.34 2.0
822.73 1.7
823.87 20.3
824.84 4.1
826.17 8.1
827.78 11.4
828.55 15.1
831.55 10.9
832.47 25.8
833.38 1.2
834.46 71.1
835.58 16.6
838.44 4.3
839.29 5.8
840.01 2.7
841.42 26.5
842.48 19.7
843.81 20.5
844.86 21.9
845.48 12.5
846.54 73.2
847.69 49.8
848.52 2.7
849.22 13.3
850.23 11.0
851.57 3.2
852.56 4.5
853.54 4.3
854.57 11.7
855.49 1.9
857.30 27.1
857.93 25.6
859.15 21.4
860.54 31.4
861.75 21.0
862.57 25.4
863.26 4.5
864.49 915.5
865.44 296.3
866.56 65.1
867.75 12.9
868.62 40.8
869.46 42.2
870.89 91.8
871.68 88.4
872.65 9.2
873.92 17.2
874.81 16.1
875.64 19.9
876.24 18.8
877.11 23.7
878.21 26.3
879.33 7.0
880.29 380.1
881.11 83.8
882.27 32.0
883.57 4.5
884.98 44.1
885.87 8.6
887.29 131.0
888.35 42.3
889.34 177.9
890.22 31.5
891.24 9.7
891.95 18.4
892.74 7.0
894.17 9.4
894.77 8.5
895.66 27.3
897.39 17.1
898.26 12.1
898.93 13.9
901.20 31.3
902.25 7.5
903.39 13.5
905.36 56.7
906.43 15.4
907.62 1.5
909.49 1.1
910.69 67.1
911.77 26.9
912.68 14.7
913.49 22.0
914.77 62.0
915.93 37.3
916.88 11.9
917.69 5.0
919.18 44.8
919.98 34.7
920.76 23.4
921.63 8.8
923.76 306.6
924.62 68.4
925.56 6.6
926.56 19.7
927.67 39.5
928.60 163.4
929.44 20.1
930.58 3.4
947.34 7.2
948.36 2.3
954.39 2.9
955.56 4.8
956.56 37.0
957.58 9.2
958.29 13.5
959.80 13.9
960.52 13.7
961.55 1.5
962.41 2.6
963.94 3.4
964.75 9.3
965.79 7.2
966.59 1.6
968.61 3.2
971.47 1.7
972.70 3.8
973.47 6.1
974.58 11.2
975.76 9.2
977.54 186.4
978.62 67.7
979.73 10.8
981.41 6.2
982.43 37.2
983.44 13.9
984.77 6.8
985.72 4.8
986.85 3.7
987.96 20.6
990.36 11.3
991.40 3.3
992.39 4.0
996.50 4.1
997.86 16.4
998.64 3.4
999.29 15.8
1000.49 372.0
1001.44 115.5
1002.51 26.7
1003.68 5.3
1006.51 10.7
1009.45 1.8
1012.39 5.1
1013.30 1.2
1014.36 10.9
1018.42 122.0
1019.39 52.2
1020.52 5.0
1021.74 3.8
1025.44 6.2
1026.61 2.0
1029.74 3.5
1031.45 9.8
1032.53 10.9
1039.28 1.9
1041.61 38.0
1043.65 6.3
1044.28 2.7
1045.95 1.5
1046.62 3.1
1048.47 4.3
1049.87 6.4
1050.71 3.1
1051.57 1.9
1054.67 2.8
1055.52 1.2
1057.67 1.5
1058.54 2.7
1059.87 5.7
1060.98 17.0
1063.53 3.6
1065.48 2.0
1069.49 9.4
1070.61 21.6
1073.18 13.6
1073.87 6.4
1077.69 6.3
1078.82 1.3
1079.62 4.1
1083.84 1.4
1085.80 4.6
1086.86 25.9
1087.56 93.8
1088.44 31.6
1089.59 4.9
1090.72 111.2
1091.58 52.4
1092.79 14.7
1093.86 1.2
1094.70 1.9
1095.73 1.5
1096.38 4.2
1099.30 4.0
1100.68 3.5
1103.84 15.6
1105.35 34.7
1106.71 23.3
1107.53 7.8
1108.43 9.2
1109.75 6.8
1115.64 15.8
1116.45 7.1
1117.88 2.0
1119.34 20.3
1122.34 10.4
1124.67 4.0
1126.59 18.9
1127.64 10.7
1130.12 1.8
1134.54 11.1
1135.78 2.9
1137.46 4.7
1138.47 2.5
1144.41 31.5
1145.87 19.2
1148.51 2.5
1149.68 5.7
1152.41 3.3
1155.47 2.3
1159.71 9.2
1160.86 1.3
1162.43 17.9
1163.68 20.7
1165.56 3.6
1166.65 4.3
1167.55 6.6
1168.56 3.6
1170.59 10.7
1171.61 2.8
1172.36 9.4
1175.24 6.6
1176.48 6.4
1177.13 7.2
1178.69 6.8
1182.87 1.4
1183.62 4.4
1187.75 4.9
1190.87 4.8
1191.54 2.5
1192.63 2.8
1193.44 12.0
1195.90 3.8
1199.33 4.5
1200.51 3.2
1202.43 6.2
1203.97 2.7
1205.64 5.0
1210.42 3.1
1212.07 1.4
1217.03 1.2
1218.37 4.9
1219.46 4.1
1220.30 1.6
1221.77 2.1
1223.73 36.3
1225.65 5.3
1226.67 5.5
1233.73 1.8
1243.10 1.6
1244.23 4.1
1246.39 9.8
1247.61 5.3
1248.91 6.0
1259.80 8.6
1260.41 4.1
1261.36 8.9
1262.97 7.2
1264.44 5.0
1265.06 4.0
1265.85 1.8
1267.77 3.4
1272.97 1.7
1274.63 1.8
1275.55 2.6
1276.56 2.4
1278.90 2.8
1279.98 3.2
1281.60 2.9
1284.95 2.7
1286.73 8.9
1294.72 5.0
1297.07 7.5
1303.70 3.5
1304.88 3.8
1306.63 1.8
1312.71 17.2
1313.53 8.1
1314.88 5.3
1319.35 2.4
1320.31 6.0
1320.96 11.0
1321.59 4.3
1322.35 3.4
1323.77 2.2
1324.78 1.5
1326.74 4.4
1329.00 1.6
1330.55 133.6
1331.57 87.5
1332.65 20.3
1339.28 2.6
1340.51 2.2
1341.83 16.9
1348.59 53.8
1349.49 42.1
1350.55 12.5
1355.69 3.3
1362.73 17.4
1363.45 1.0
1364.72 4.2
1365.79 5.8
1369.83 2.7
1372.62 1.8
1375.58 3.0
1381.78 4.1
1387.69 12.6
1390.24 4.3
1390.87 2.7
1393.89 6.4
1396.35 4.1
1401.48 11.9
1405.79 7.5
1406.59 6.7
1407.51 1.3
1410.60 4.1
1411.33 5.8
1415.77 3.4
1417.22 3.8
1422.28 2.5
1423.48 10.6
1428.78 78.0
1431.62 3.7
1432.81 4.5
1433.86 2.3
1434.94 1.1
1436.41 6.5
1437.56 2.0
1438.90 4.2
1444.83 2.9
1446.55 1.9
1447.75 4.1
1452.80 1.2
1454.68 1.6
1456.65 4.9
1460.56 2.9
1461.79 1.9
1464.84 5.8
1468.89 2.0
1469.65 2.7
1471.63 2.1
1475.57 5.5
1482.02 1.3
1484.83 5.6
1489.49 1.3
1490.43 2.1
1492.48 1.6
1493.95 7.8
1495.08 3.2
1497.76 1.8
1501.82 3.0
1502.73 10.5
1503.46 1.6
1504.76 6.4
1507.64 1.8
1510.14 1.4
1510.88 5.0
1512.72 1.0
1519.71 4.7
1520.64 11.1
1521.80 5.7
1525.88 1.9
1527.96 24.2
1535.51 2.4
1561.79 1.2
1570.67 1.6
1584.68 2.7
1588.85 4.0
1590.47 1.5
1591.80 2.3
1603.49 9.7
1604.73 6.7
1621.18 8.2
1621.95 8.1
1634.37 3.0
1635.04 2.6
1636.65 6.6
1638.19 4.4
1641.14 6.3
1645.83 6.1
1655.12 2.5
1657.29 2.6
1668.79 3.5
1688.19 3.0
1692.74 2.9
1709.39 2.5
1720.10 3.6
1725.04 2.7
1756.11 2.7
