1896.85881 2
279.39 1.1
283.12 6.2
291.06 2.6
299.25 7.5
301.30 7.7
302.32 4.5
303.30 5.5
307.12 1.7
309.63 1.1
311.53 2.8
317.69 2.5
319.04 16.0
323.29 1.5
325.06 7.5
331.27 1.2
335.62 2.2
338.99 2.0
339.81 1.6
341.00 5.3
342.21 8.0
343.94 2.0
345.36 2.1
350.43 2.3
354.61 5.3
355.30 2.7
357.38 1.2
359.23 9.2
362.27 6.2
369.43 4.2
370.10 2.7
371.38 3.0
372.24 28.4
373.31 8.6
374.20 9.1
376.27 13.9
383.31 7.6
384.27 1.2
386.33 2.3
387.29 7.8
390.34 24.8
391.27 6.8
396.25 8.8
398.41 12.0
399.33 5.6
400.41 2.5
401.74 4.4
408.21 4.3
413.81 1.8
415.43 11.8
416.25 33.0
417.21 2.5
418.47 1.2
426.17 1.6
427.25 5.8
428.61 5.5
430.02 1.1
431.36 21.2
433.27 177.7
434.27 17.4
437.32 1.2
438.15 6.9
441.16 7.2
443.22 36.3
444.32 5.3
447.43 4.5
448.52 1.1
456.25 6.8
461.42 35.7
462.51 5.9
467.36 3.2
470.44 1.1
471.46 1.9
472.28 1.1
473.27 8.2
474.28 1.3
477.01 3.2
482.33 2.5
483.28 1.4
485.41 1.7
487.08 1.6
490.40 2.7
492.29 3.8
493.30 1.1
494.35 1.8
495.36 2.2
498.70 2.0
500.25 45.5
501.53 5.3
504.14 2.1
506.61 1.3
513.11 4.2
514.37 8.6
516.38 4.6
517.06 10.8
518.81 5.8
519.61 4.1
523.35 3.2
526.14 1.8
527.20 2.2
529.30 2.9
530.07 11.2
534.41 1.6
539.24 9.3
543.16 4.6
544.59 2.8
547.43 11.2
552.50 2.9
553.44 1.4
554.16 2.9
555.53 3.1
560.24 1.9
561.58 6.8
562.33 5.7
563.19 2.5
565.75 7.3
566.38 3.9
569.02 2.4
572.38 5.3
578.55 1.6
580.98 2.1
583.32 24.8
584.44 1.9
585.31 3.2
586.76 8.1
590.07 7.2
591.32 6.5
601.46 35.4
602.44 14.1
603.40 1.4
605.33 2.1
609.38 2.3
610.45 4.7
612.06 4.0
614.48 5.0
615.64 8.0
616.34 2.9
617.39 2.0
619.36 104.6
620.44 7.3
623.11 1.3
624.75 3.2
625.44 2.4
626.22 1.8
628.58 9.4
629.26 3.1
630.30 9.5
631.45 4.6
633.17 14.2
634.33 1.4
634.97 4.2
637.50 1.3
639.31 10.3
641.40 4.6
643.30 13.9
644.41 6.7
646.40 1.4
649.41 1.9
656.13 8.6
658.42 16.6
659.35 15.1
662.38 2.5
664.29 1.8
667.49 1.7
668.41 1.9
669.47 2.4
671.32 2.6
673.51 2.7
674.37 3.2
675.15 9.8
676.39 328.1
677.36 67.8
681.53 1.1
682.43 3.4
685.27 18.6
686.35 5.8
687.57 1.8
688.51 2.6
690.70 9.4
691.41 5.7
694.45 6.8
695.33 4.7
697.30 4.0
699.65 1.1
701.13 1.8
702.62 7.9
703.46 9.4
704.28 5.1
705.48 5.9
707.50 3.1
709.28 2.3
710.35 2.3
712.29 33.6
713.42 8.1
715.51 4.5
716.46 2.5
718.96 5.0
720.21 12.4
721.71 5.2
722.62 1.6
723.86 6.9
726.11 4.2
727.70 3.2
729.72 27.2
730.43 108.6
731.35 11.5
732.27 6.5
733.55 6.0
734.43 2.8
736.63 5.5
738.27 2.4
739.96 6.7
745.46 78.4
746.48 41.0
747.54 7.1
748.38 11.1
751.39 2.7
752.75 9.7
753.36 1.5
754.51 4.9
755.20 11.0
756.58 3.6
758.12 1.8
759.65 8.5
761.16 9.1
763.41 811.2
764.41 101.1
765.39 3.6
769.98 6.5
771.28 4.9
772.46 3.8
773.63 5.7
774.38 5.9
775.10 7.2
776.57 6.7
779.64 11.1
781.47 67.4
782.23 1.5
783.68 10.6
790.14 40.5
793.61 2.9
796.45 8.2
797.75 2.5
798.45 22.0
799.47 13.5
801.66 4.3
802.92 14.2
803.62 9.2
804.28 10.4
804.99 6.3
807.36 1.1
811.44 7.2
813.03 7.8
814.53 10.4
815.55 4.3
816.45 23.6
817.18 4.3
819.39 19.2
820.43 10.5
822.46 1.0
823.59 7.7
824.41 1.6
825.65 29.9
830.76 2.7
831.54 7.2
832.28 3.3
833.15 3.4
835.26 4.8
837.43 8.7
838.17 12.9
840.69 4.7
842.31 8.2
843.65 8.4
845.50 3.7
846.65 14.1
847.82 6.1
848.81 2.9
850.23 16.4
852.22 3.7
853.30 1.3
854.51 11.6
856.64 2.0
857.25 2.4
858.59 12.2
859.54 10.2
862.59 4.7
863.53 3.4
864.92 2.7
866.48 2.1
867.50 11.3
868.68 10.0
869.67 16.4
870.70 6.1
872.58 7.1
873.48 11.8
874.25 21.3
875.56 51.1
876.55 230.8
877.61 62.4
878.45 1.4
879.44 1.4
881.72 32.8
882.58 6.5
883.43 4.6
884.08 2.4
885.32 15.1
887.13 28.7
888.07 19.1
889.75 5.2
890.54 44.8
891.34 6.1
892.42 3.6
893.19 5.4
895.26 11.0
896.16 17.5
897.65 10.0
899.31 35.3
900.33 4.6
901.34 15.1
902.14 14.3
903.49 8.5
904.36 14.1
905.41 28.2
906.91 4.1
908.31 8.1
909.60 6.4
911.42 2.7
912.51 20.0
913.62 4.6
914.61 6.6
915.44 2.5
917.99 18.1
918.89 6.1
922.36 62.6
923.31 10.1
923.97 1.8
924.94 7.1
926.56 18.3
927.60 3.6
928.56 1.5
930.65 191.0
931.47 172.4
932.52 41.0
933.51 15.2
934.28 5.9
939.12 12.0
948.80 3.4
956.41 2.7
957.68 2.7
964.43 1.8
968.22 4.7
971.55 6.6
972.57 10.4
974.69 17.3
975.54 14.9
976.51 8.7
977.44 3.8
980.31 1.4
984.84 3.0
985.59 23.3
986.43 4.0
987.36 8.8
988.42 5.8
989.63 86.9
990.70 19.1
991.67 9.9
995.47 5.2
998.37 8.7
1003.42 136.0
1004.49 20.1
1006.29 11.2
1007.26 5.1
1012.78 1.4
1015.09 7.5
1016.72 1.1
1018.40 1.4
1021.43 46.9
1022.27 5.5
1022.99 4.1
1023.59 1.1
1025.55 14.7
1027.43 3.8
1032.21 4.7
1033.55 12.3
1034.99 2.7
1039.23 3.1
1041.79 1.4
1043.31 13.0
1045.55 27.0
1046.99 9.8
1047.65 1.6
1054.60 3.2
1057.47 6.3
1059.60 3.4
1060.50 8.2
1065.83 2.4
1068.58 5.1
1072.39 6.5
1073.83 13.8
1075.27 1.6
1076.64 6.4
1077.46 1.3
1078.84 3.5
1082.88 5.8
1085.78 3.0
1087.31 5.2
1088.13 6.4
1089.06 3.4
1090.53 1.5
1091.83 5.6
1092.72 1.6
1094.06 4.6
1098.47 45.2
1099.38 8.9
1100.28 1.3
1102.33 4.6
1106.56 16.1
1111.56 4.0
1113.59 3.1
1115.05 7.2
1116.45 208.6
1117.49 63.7
1119.19 3.9
1130.62 21.0
1131.58 13.3
1132.67 35.6
1133.82 34.6
1134.57 150.5
1135.57 32.1
1146.55 1.3
1147.46 3.1
1149.60 217.3
1150.62 28.8
1163.54 5.1
1165.91 3.1
1167.40 5.1
1168.54 3.8
1175.91 2.3
1177.62 2.1
1178.56 4.5
1185.41 36.5
1186.63 11.0
1193.35 6.1
1194.58 1.8
1196.42 3.5
1202.21 2.9
1203.51 87.1
1204.37 19.0
1205.71 2.0
1206.90 2.9
1207.68 10.6
1216.76 15.4
1217.97 2.4
1221.50 96.9
1222.34 23.8
1223.07 6.0
1224.67 2.4
1232.33 3.9
1233.59 1.4
1235.49 3.5
1236.27 4.4
1236.94 3.5
1237.99 2.4
1240.50 3.1
1241.98 1.7
1243.08 4.7
1248.82 2.4
1260.63 37.6
1261.61 17.5
1262.71 3.9
1264.65 7.4
1265.62 2.0
1266.72 1.5
1267.64 3.3
1268.56 1.7
1275.60 4.7
1278.69 182.9
1279.63 75.5
1280.81 2.0
1284.81 4.1
1291.01 2.4
1301.97 2.8
1310.37 15.5
1318.71 2.5
1321.82 2.7
1322.46 2.8
1323.47 2.4
1326.96 1.5
1328.14 7.4
1335.59 2.1
1338.86 1.1
1340.38 4.0
1349.88 2.0
1352.31 1.9
1354.19 5.0
1355.70 2.8
1357.28 4.6
1361.60 6.9
1362.88 3.0
1366.64 1.5
1367.56 1.2
1372.44 2.5
1373.17 2.2
1374.47 4.2
1375.10 1.5
1377.69 15.5
1379.21 8.3
1379.84 46.3
1380.84 20.2
1389.27 8.3
1390.81 2.7
1394.09 2.5
1399.76 1.3
1400.80 2.3
1402.06 1.9
1405.14 3.4
1405.99 3.6
1416.82 3.6
1418.79 102.4
1419.91 52.9
1420.80 3.4
1428.45 14.2
1429.26 4.0
1436.72 318.7
1437.83 63.5
1446.62 124.8
1447.67 24.6
1450.10 7.1
1451.94 7.2
1464.65 128.8
1465.71 58.0
1467.80 4.6
1470.74 3.6
1475.59 1.1
1483.34 1.4
1485.69 5.1
1486.93 2.0
1487.79 3.8
1489.80 34.5
1490.86 22.2
1492.02 1.4
1496.22 8.6
1497.06 2.3
1503.79 35.7
1504.97 5.3
1507.80 138.8
1508.65 45.4
1521.67 9.5
1522.86 10.3
1538.98 2.9
1542.93 2.7
1545.73 3.8
1560.84 4.3
1562.09 5.3
1567.07 2.8
1577.78 2.5
1578.51 10.3
1579.14 27.4
1579.95 14.6
1593.07 4.4
1617.61 11.5
1618.58 7.7
1619.42 1.7
1622.74 4.1
1630.87 5.7
1632.90 7.7
1635.82 43.2
1636.79 11.8
1637.63 3.2
1646.84 5.6
1648.90 1.3
1649.86 10.0
1650.84 6.6
1651.50 1.3
1658.23 3.6
1675.49 2.3
1700.77 6.0
1702.76 4.1
1718.81 12.6
1719.71 10.0
1720.83 4.0
1723.64 2.4
1736.86 22.1
1737.82 7.8
1765.63 3.2
