1353.6635 2
193.27 2.4
197.39 6.9
199.23 1.3
203.05 4.1
207.23 3.3
210.18 1.0
214.09 2.3
217.13 1.6
221.13 4.3
221.99 1.9
224.34 5.2
225.22 39.1
226.22 6.0
227.18 2.8
229.31 2.7
230.03 1.9
233.23 1.7
237.12 1.5
238.14 3.2
238.96 2.1
240.13 6.3
241.34 3.4
244.24 8.8
246.27 12.1
248.31 2.8
249.34 3.1
250.18 37.6
251.07 4.2
252.23 5.2
254.22 3.0
256.26 2.3
258.19 24.1
260.29 1.9
265.06 1.7
267.56 6.8
268.23 13.2
269.14 3.0
270.10 30.7
271.48 11.6
274.19 27.8
275.20 1.2
276.30 5.9
278.02 34.0
279.11 11.3
280.31 11.6
282.21 4.4
284.12 3.6
285.25 1.3
286.24 1.8
288.16 7.1
289.97 2.2
296.08 33.3
297.06 6.3
298.13 9.8
299.30 2.1
300.24 5.8
303.45 21.6
306.43 1.5
309.36 2.0
312.38 12.3
313.18 7.4
314.23 4.9
315.25 4.8
316.20 2.8
317.45 2.5
318.12 1.0
319.55 1.2
320.21 1.5
321.40 2.3
322.36 2.2
326.14 2.2
328.18 5.7
329.33 14.2
331.17 12.4
332.36 1.8
333.27 13.0
334.29 7.3
336.43 3.9
338.39 1.7
339.39 15.0
340.29 9.0
344.18 4.7
345.76 3.6
348.97 1.1
353.40 1.5
355.22 2.4
356.06 4.9
357.27 47.3
358.22 6.5
360.37 3.3
362.15 11.4
363.50 3.3
364.11 7.0
366.64 1.4
368.17 1.6
369.51 4.5
370.40 9.6
372.31 4.1
373.37 12.7
374.33 37.6
375.00 1.1
376.05 4.5
377.41 11.9
379.11 2.4
381.21 50.9
383.25 6.6
384.29 1.9
385.30 3.3
386.24 7.0
389.14 4.5
391.41 20.3
392.27 20.5
393.09 1.2
395.01 2.2
396.19 2.7
397.88 9.1
398.99 3.9
400.49 4.4
401.34 24.7
402.38 3.1
403.09 2.1
404.20 4.3
406.29 6.9
407.26 4.0
409.24 59.0
410.30 7.4
411.23 6.2
412.24 8.2
413.35 3.6
414.27 8.7
415.34 1.2
416.12 3.5
417.15 2.3
418.22 1.3
421.15 4.9
422.12 33.4
423.38 3.5
425.19 19.0
426.20 183.4
427.13 1.8
430.05 10.7
431.35 12.6
432.33 2.9
434.12 2.2
435.15 5.4
436.37 4.3
437.30 1.6
438.24 10.5
439.58 4.5
441.12 18.3
442.23 11.3
444.32 16.3
445.42 5.3
446.17 7.7
447.25 3.7
448.34 18.8
449.31 16.3
450.52 2.2
451.93 5.4
453.44 4.9
454.22 1.7
455.51 11.6
456.41 1.4
457.22 9.0
457.85 1.2
459.01 5.9
462.30 5.1
463.32 5.2
466.11 30.0
467.19 9.0
467.97 1.2
468.59 9.9
469.31 11.0
470.44 15.0
471.34 15.9
473.32 5.8
476.12 9.7
477.33 12.5
479.58 10.7
480.48 29.1
481.72 4.0
483.13 40.5
484.27 4.6
485.22 7.5
486.63 4.5
487.29 10.2
488.38 14.3
489.56 4.9
490.77 25.6
491.42 6.4
493.62 8.2
494.79 14.8
496.22 6.7
497.14 27.5
498.49 42.2
499.28 76.9
500.02 34.3
501.65 4.8
502.84 5.0
504.56 11.8
505.60 6.1
506.59 9.8
507.27 10.1
508.23 16.2
510.47 6.2
511.40 9.7
513.34 6.9
515.22 52.5
516.30 29.9
517.26 31.1
518.34 2.9
519.71 11.6
520.41 5.2
521.95 1.5
523.44 2.3
525.21 234.4
526.15 24.5
527.25 4.1
529.12 7.9
530.31 8.2
531.36 9.4
532.48 1.1
533.17 7.2
534.31 151.7
535.27 18.0
537.25 22.0
539.19 1.1
540.33 15.3
541.23 16.7
542.85 242.7
543.47 85.2
544.33 13.7
545.64 16.3
546.62 13.0
547.46 2.6
548.49 12.8
549.33 1.5
550.36 1.7
551.39 15.1
552.40 42.6
553.44 4.1
555.25 5.3
556.46 7.9
557.23 2.4
557.89 1.9
558.84 17.0
560.93 15.9
561.67 1.0
562.34 12.7
563.27 62.2
564.25 4.4
565.27 8.1
566.05 13.5
567.05 29.0
569.44 1.6
570.41 9.9
571.62 7.6
572.32 23.5
573.14 10.1
574.38 20.8
575.33 5.0
576.51 12.7
577.53 13.3
578.57 3.2
579.21 1.2
580.67 13.9
582.26 64.5
583.56 87.9
584.53 16.2
585.31 12.6
585.94 19.5
586.61 6.0
587.59 46.4
588.38 7.0
589.32 17.2
590.34 10.2
591.38 756.2
592.47 377.3
593.45 6.6
594.58 15.0
595.71 13.4
596.50 11.2
597.42 5.6
598.83 12.8
600.47 119.6
601.59 34.4
602.40 5.2
603.39 6.4
604.10 10.2
605.14 19.5
608.85 52.2
609.50 11.7
610.85 34.3
611.81 25.5
613.72 14.1
615.09 29.2
616.35 6.1
617.65 15.3
618.31 45.8
619.47 27.0
620.83 8.2
621.47 1.2
622.68 18.6
623.55 12.4
624.72 11.2
625.43 2.6
626.53 7.8
627.48 1.6
628.31 1.1
629.40 60.1
630.30 4.0
631.47 11.2
633.17 23.0
635.04 11.2
636.75 19.8
637.99 8.4
639.93 11.5
641.45 51.5
642.42 18.5
643.89 18.3
644.61 2.2
645.82 38.0
646.50 59.4
647.28 11.0
648.18 35.5
648.92 3.5
650.92 52.1
651.62 4.5
654.45 32.8
655.22 47.1
656.11 8.3
659.28 159.9
660.09 266.5
661.31 33.0
661.93 9.2
663.07 5.9
664.30 28.0
665.23 13.8
666.31 16.7
667.68 28.0
668.73 57.0
686.43 4.1
692.49 1.7
694.38 14.9
695.36 2.9
696.38 4.2
700.12 17.1
701.45 2.7
702.51 1.0
703.17 13.8
708.43 1.8
709.33 1.9
711.55 2.9
713.85 4.2
714.62 1.1
715.63 6.1
716.56 13.3
717.74 5.2
718.42 12.6
721.25 7.2
727.38 26.1
728.27 17.5
729.13 1.2
731.29 4.1
732.36 6.5
733.31 4.3
734.98 27.7
735.64 13.2
736.64 8.3
737.78 4.3
740.43 11.1
743.45 1.5
745.33 119.5
746.33 29.9
749.12 10.4
751.14 2.3
752.45 7.2
754.41 405.7
755.36 60.5
756.05 1.8
759.86 1.7
763.37 197.2
764.44 42.2
769.48 12.6
771.30 4.9
772.35 3.3
773.82 7.3
774.77 8.9
775.43 1.3
776.44 11.3
777.48 2.8
779.47 1.2
781.69 4.8
783.38 1.8
784.23 9.9
785.74 18.8
787.35 3.3
788.86 18.2
789.87 2.3
790.54 7.2
791.36 7.8
792.40 14.4
793.30 19.6
794.51 37.3
795.50 6.7
798.43 10.0
800.38 2.3
802.27 35.6
802.88 3.5
803.58 1.9
804.83 8.8
807.53 6.2
811.41 1532.9
812.55 236.9
814.39 3.9
818.89 1.3
820.41 44.0
821.69 24.7
825.44 3.6
826.46 3.1
827.11 8.5
828.29 2.0
829.50 6.3
830.41 5.1
831.34 1.2
832.26 5.1
833.43 2.7
834.27 2.0
836.57 8.5
838.00 4.0
844.11 11.2
846.52 9.2
847.62 5.8
848.40 3.5
849.50 14.8
852.71 4.6
855.11 9.1
859.74 2.0
863.53 1.5
864.90 25.7
865.89 5.1
867.35 2.2
869.01 8.3
870.77 7.7
872.99 3.1
873.71 1.4
876.59 6.1
877.53 3.2
878.85 8.8
879.49 4.2
880.97 5.3
882.49 5.9
884.68 2.5
886.34 4.1
887.42 9.4
888.34 4.9
889.52 9.0
890.46 7.1
892.51 3.8
893.40 2.4
898.47 4.0
899.21 5.1
901.56 2.5
902.37 14.3
903.48 1.9
904.50 8.7
905.34 10.3
906.93 4.7
907.59 2.4
909.55 3.8
910.25 9.7
911.51 1.4
918.49 2.5
919.41 1.2
926.55 4.3
928.28 5.9
929.33 3.8
930.49 11.3
931.36 5.5
932.42 1.4
934.42 9.8
935.41 4.7
942.60 11.4
943.41 1.2
944.45 28.4
945.55 14.9
946.41 7.1
949.48 1.7
959.91 2.7
961.35 11.4
962.43 82.8
963.47 24.3
964.26 3.8
966.72 2.4
978.49 4.9
979.69 11.4
980.51 29.9
981.54 19.1
983.66 1.8
986.44 6.7
989.51 1.2
991.36 5.6
992.46 1.6
997.58 264.9
998.61 49.2
1001.93 3.0
1007.49 2.4
1008.77 4.9
1009.65 7.1
1012.48 3.4
1016.56 4.9
1017.42 1.5
1018.49 8.1
1019.49 21.1
1020.50 15.3
1021.53 2.0
1023.38 7.7
1025.69 1.1
1030.48 1.5
1033.48 7.9
1039.29 5.4
1040.56 2.7
1048.49 1.8
1051.51 30.7
1052.41 9.6
1054.78 7.9
1057.22 13.3
1057.85 4.3
1060.53 2.3
1066.63 60.3
1067.48 13.8
1068.56 5.5
1073.69 2.2
1074.72 22.2
1075.50 79.0
1076.44 43.2
1077.40 10.8
1078.47 3.8
1079.45 18.4
1080.11 14.6
1081.76 3.6
1084.57 357.7
1085.63 82.7
1089.95 1.9
1094.65 1.2
1097.58 1.2
1107.52 2.5
1110.48 3.7
1121.46 6.3
1126.76 4.7
1132.47 9.6
1133.74 1.4
1136.50 4.2
1138.50 1.2
1143.90 1.7
1148.00 3.3
1150.66 6.2
1161.55 12.8
1162.67 4.7
1166.58 8.1
1168.39 5.9
1173.27 1.4
1179.47 67.6
1180.58 45.7
1181.48 1.9
1183.61 37.6
1184.27 5.5
1184.92 3.8
1188.48 3.0
1189.74 13.1
1193.57 3.0
1202.49 5.8
1206.35 11.7
1207.58 4.3
1208.49 1.7
1218.77 1.2
1221.74 8.0
1222.62 2.4
1307.47 1.3
1314.94 2.3
1316.55 13.4
1333.52 2.8
