1588.72649 2
234.17 1.7
237.22 5.0
241.15 2.6
244.26 2.1
246.23 2.0
249.05 19.3
250.19 1.9
251.55 9.3
252.29 6.5
253.24 3.3
258.15 21.0
260.29 5.2
261.67 2.3
262.42 1.2
263.11 4.7
266.09 3.5
267.21 23.8
268.37 2.8
278.43 1.4
280.37 4.3
282.11 4.7
283.20 4.4
286.09 1.8
288.40 5.4
289.26 2.9
290.23 1.4
293.79 3.2
295.08 9.4
298.33 9.9
300.19 2.0
301.16 2.0
303.01 6.9
304.20 2.7
306.07 13.3
307.15 13.7
308.28 2.3
310.21 6.5
312.33 3.2
313.69 2.1
316.16 2.6
317.10 2.2
319.26 3.2
320.16 1.4
322.24 3.8
323.25 21.5
324.19 30.1
330.22 1.6
333.24 2.6
335.10 2.8
338.06 3.3
340.28 2.1
341.27 16.9
342.23 1.6
343.23 2.7
344.03 4.3
345.41 4.6
346.23 5.4
347.28 14.6
348.29 13.7
349.80 2.7
351.20 7.5
354.84 3.9
360.31 3.0
363.16 19.3
364.25 14.6
365.06 3.3
367.00 5.5
370.20 1.6
371.44 1.1
374.00 6.5
375.16 2.8
376.43 10.5
377.20 1.2
379.49 5.5
381.33 12.2
382.96 2.6
385.22 2.4
387.19 5.1
388.40 2.4
390.29 3.4
391.25 2.1
392.41 3.0
393.69 1.6
395.25 11.1
396.22 3.9
398.61 2.7
399.94 1.7
401.14 3.0
403.20 11.3
404.28 2.3
407.08 1.5
409.33 29.8
410.42 12.4
411.46 1.9
412.22 18.9
413.46 4.1
414.33 4.5
417.36 4.2
419.20 15.8
420.27 7.8
421.08 2.1
422.40 2.4
424.26 20.9
425.25 8.0
426.22 6.0
430.16 3.0
432.36 6.0
433.34 2.3
436.25 5.0
437.26 61.6
438.41 23.9
439.17 8.6
440.19 1.5
442.15 1.1
445.22 1.4
447.13 2.0
448.22 2.2
449.26 4.5
450.11 5.4
451.21 23.0
452.23 55.7
453.18 4.7
455.42 7.8
456.17 2.2
457.37 3.5
458.21 8.2
459.31 2.5
460.31 6.0
462.41 3.6
463.28 1.5
464.34 13.0
465.02 3.1
466.53 7.3
469.22 351.7
470.18 29.4
470.82 4.4
473.06 2.6
474.24 2.9
474.96 1.6
476.41 8.9
477.23 4.7
478.20 4.2
480.32 49.1
481.25 10.1
482.36 2.6
485.42 4.3
487.50 1.2
490.89 10.9
491.74 6.7
493.07 2.7
494.12 7.4
494.87 1.7
496.42 14.3
497.27 7.4
498.23 5.6
501.74 4.0
502.42 7.7
503.73 1.4
505.39 15.9
506.29 26.2
507.71 15.8
508.51 9.7
511.53 3.1
513.43 13.0
515.21 16.5
516.28 24.0
517.78 13.0
518.46 5.6
520.15 1.6
521.33 1.1
523.35 33.2
524.38 4.4
525.33 5.5
526.25 6.0
528.19 1.9
529.57 3.8
530.44 2.0
531.23 4.8
532.37 2.4
533.71 48.7
534.51 77.9
535.40 29.3
536.37 2.5
537.65 8.6
539.12 6.0
540.43 2.3
541.23 10.1
543.54 12.1
544.40 5.6
545.14 6.2
547.38 2.3
550.51 10.0
551.29 156.2
552.38 35.7
553.44 3.7
554.15 6.2
555.44 9.6
556.40 2.6
557.53 9.4
558.46 20.7
562.45 23.1
563.45 19.0
564.35 6.4
565.14 13.8
566.09 6.5
568.53 1.7
572.38 79.9
573.12 9.1
574.31 6.0
576.26 7.8
577.27 4.5
579.16 6.9
580.24 24.6
581.31 49.1
582.65 9.6
583.49 2.8
584.38 17.6
585.16 7.2
586.37 4.3
588.29 6.7
590.31 5.1
591.44 5.8
592.31 6.8
593.22 6.3
598.27 218.5
599.33 36.8
600.48 25.3
601.21 8.8
602.34 3.8
603.96 2.0
605.32 5.4
607.92 9.8
609.02 15.5
611.09 6.0
612.21 1.9
613.69 4.1
614.97 12.2
615.65 1.2
616.31 9.4
617.08 5.8
618.55 7.4
619.46 31.2
620.15 11.6
622.20 11.1
623.05 9.2
626.34 4.0
627.83 41.5
628.52 20.8
629.39 23.4
630.40 10.0
632.20 6.9
633.44 9.0
634.94 9.7
636.61 279.0
637.46 56.8
639.76 13.1
640.43 1.8
642.15 4.6
643.30 6.7
644.00 2.5
645.50 536.7
646.46 31.3
647.40 105.0
648.50 109.6
649.34 31.9
650.58 27.6
651.58 22.3
652.48 5.6
653.53 8.7
654.43 1.2
656.27 8.7
657.38 121.5
658.02 62.2
659.28 5.2
661.69 7.1
662.73 16.9
663.36 11.0
664.38 248.8
665.41 119.0
666.16 51.7
667.39 2.6
669.42 1.5
670.25 15.1
671.41 8.1
672.40 28.1
673.39 12.1
674.48 1.8
675.40 6.1
676.20 12.0
677.42 5.3
679.10 2.7
680.36 4.6
681.17 48.1
682.46 26.0
683.71 3.0
684.41 2.1
686.04 5.3
689.09 15.0
690.30 17.0
691.74 49.9
692.56 72.7
693.51 18.9
694.33 40.2
695.38 3.5
696.57 20.7
698.55 4.8
699.51 42.7
701.07 104.3
702.11 6.4
704.08 63.2
705.49 14.9
706.38 14.9
707.75 27.6
708.40 72.4
709.48 6.1
710.24 56.6
711.39 266.3
712.69 173.6
713.47 152.1
714.16 13.3
715.80 4.5
716.53 5.9
717.19 3.4
718.35 3.8
720.19 5.7
721.23 103.3
722.13 765.6
723.01 29.6
723.69 4.1
724.92 4.4
726.48 4.4
727.79 15.1
728.55 18.3
729.76 73.5
730.68 109.6
731.47 53.9
732.34 5.3
733.32 17.4
734.78 37.7
735.56 23.0
736.74 45.1
737.56 16.3
738.56 123.2
739.30 1.7
740.43 3.2
742.04 6.4
743.94 38.2
744.64 4.7
745.35 3.6
748.04 22.3
748.69 4.4
749.63 12.0
750.73 45.2
751.54 23.6
752.51 10.2
753.26 9.6
754.41 3.2
755.57 6.2
757.51 21.4
758.75 40.1
759.67 25.1
760.53 8.1
761.53 57.5
762.40 97.8
763.60 66.9
764.53 14.0
765.46 14.1
766.46 7.5
767.20 9.4
768.49 46.0
769.16 48.3
770.53 5.5
772.37 31.3
773.11 27.8
774.76 10.7
776.26 46.1
777.30 514.3
778.01 355.1
779.42 385.6
780.49 141.2
782.78 2.7
786.30 18.2
787.47 3.0
795.72 8.2
801.32 17.5
802.41 3.6
803.73 4.4
805.41 5.7
810.40 226.7
811.45 53.9
814.06 8.1
815.56 13.1
821.05 5.4
821.87 3.8
823.87 1.8
826.52 1.6
827.52 1.6
833.58 2.0
834.58 1.6
836.14 5.7
839.66 10.1
842.78 4.9
843.48 11.6
844.16 5.5
846.56 2.6
847.56 6.3
849.44 2.7
850.30 6.6
850.90 1.1
851.54 7.3
852.40 6.6
855.20 5.5
856.00 1.5
860.45 35.5
861.49 31.5
862.39 15.9
863.62 4.0
865.49 2.0
866.87 2.1
868.52 5.0
870.41 1.7
872.59 13.6
873.52 3.2
875.44 3.6
877.48 4.5
878.52 121.0
879.60 44.8
880.84 16.6
882.20 1.4
882.83 3.1
883.59 7.3
884.37 3.4
889.05 8.6
890.66 14.2
892.23 25.1
893.70 8.9
895.88 4.3
897.28 6.5
900.54 41.2
901.53 18.3
902.56 5.7
905.36 6.4
906.15 1.7
907.41 47.5
908.50 97.7
909.54 10.6
914.80 12.9
916.18 5.5
917.54 4.2
918.70 3.7
925.38 612.6
926.44 168.4
930.42 2.8
931.88 15.3
933.62 2.8
937.37 1.1
938.27 2.5
941.44 2.1
945.54 3.4
946.55 10.0
947.27 3.2
947.92 1.3
950.26 2.3
956.07 17.8
956.76 1.1
957.54 4.5
962.47 7.6
963.53 23.0
964.52 5.3
965.35 2.5
969.52 1.8
972.22 2.8
973.81 37.5
974.61 21.5
975.55 4.1
984.57 1.3
985.41 13.3
989.06 16.0
990.42 5.0
991.55 119.1
992.58 66.8
995.76 1.8
996.86 10.8
997.64 10.6
998.34 10.4
1002.36 4.5
1003.13 15.5
1005.34 3.2
1006.53 24.5
1007.46 17.7
1008.66 7.6
1012.02 6.3
1013.57 80.0
1014.52 6.4
1015.59 2.9
1016.63 5.1
1017.65 2.3
1020.67 35.8
1021.64 30.8
1022.46 4.6
1023.20 18.8
1023.86 2.0
1029.52 6.4
1030.25 2.4
1031.59 7.7
1032.45 3.1
1033.69 7.8
1038.51 319.5
1039.56 139.4
1041.21 14.4
1043.88 4.3
1048.50 4.4
1049.84 12.3
1050.72 1.5
1053.91 4.8
1064.77 5.7
1066.69 6.5
1069.14 4.8
1071.37 4.5
1074.79 8.3
1076.92 1.9
1079.50 6.7
1080.52 10.5
1084.06 1.8
1092.57 12.8
1093.62 6.7
1095.11 3.3
1097.51 2.3
1101.39 2.5
1103.43 37.5
1104.62 2.4
1107.57 7.3
1108.86 3.8
1109.62 1.9
1111.77 3.0
1113.10 1.9
1114.72 5.0
1115.62 1.5
1117.65 12.4
1118.66 7.9
1120.64 149.5
1121.60 69.4
1123.57 2.3
1125.58 17.7
1127.26 9.1
1127.90 2.8
1134.45 22.6
1135.56 94.8
1136.64 45.9
1137.63 2.1
1142.59 61.3
1143.71 17.0
1145.14 2.5
1147.94 2.6
1152.54 335.4
1153.61 159.9
1154.57 2.9
1159.77 5.3
1160.42 3.0
1161.42 2.3
1163.84 12.9
1164.66 4.2
1166.54 2.2
1169.79 3.0
1172.63 1.7
1177.43 24.2
1181.16 1.8
1182.78 6.8
1184.52 2.8
1186.76 6.5
1188.87 7.0
1194.66 2.7
1195.92 1.1
1199.79 26.2
1200.80 13.3
1201.68 2.3
1202.55 5.0
1205.59 3.7
1207.39 8.6
1209.65 4.9
1212.37 3.1
1213.62 4.4
1215.59 3.6
1216.47 2.9
1227.61 2.9
1229.59 9.5
1230.49 3.1
1233.67 1.1
1234.69 2.2
1235.49 4.0
1240.25 3.6
1244.22 4.1
1245.21 5.0
1250.72 9.7
1252.42 1.6
1254.67 5.4
1255.75 6.9
1267.51 12.6
1271.60 5.1
1272.63 1.4
1273.67 7.5
1279.95 3.0
1289.57 58.6
1290.40 45.3
1292.74 6.2
1293.60 3.0
1296.47 10.6
1297.84 8.2
1304.52 1.5
1313.71 55.0
1314.75 20.8
1317.59 1.3
1324.62 3.3
1328.44 2.4
1329.73 7.1
1347.79 4.7
1348.66 1.7
1366.58 5.1
1372.85 1.5
1376.87 4.6
1377.79 1.7
1386.91 1.1
1393.24 3.7
1397.70 1.6
1401.13 5.8
1401.83 1.7
1409.81 1.3
1414.96 3.6
1415.67 2.5
1418.61 6.8
1424.69 2.8
1425.69 8.5
1426.43 4.8
1435.06 2.8
1442.75 56.9
1443.65 33.0
1444.67 7.2
1461.91 3.4
1475.68 2.5
1486.88 1.9
1488.09 1.7
1528.88 1.9
