1037.52776 2
147.13 4.6
148.18 6.9
149.20 1.0
153.19 4.2
155.00 3.5
156.02 3.1
157.21 16.1
158.20 17.3
160.09 14.6
161.15 5.3
162.17 9.2
163.18 1.3
164.20 14.4
165.20 13.0
167.07 1.5
169.21 9.6
171.37 4.2
175.15 137.7
176.28 11.8
177.47 4.9
178.17 67.9
179.11 8.7
180.06 3.4
181.41 4.2
182.06 6.6
183.25 2.8
184.45 1.0
185.14 2.0
187.15 2.6
189.30 4.3
190.36 1.9
191.11 2.3
192.12 12.6
193.30 9.2
194.19 3.7
195.07 8.0
196.17 13.8
197.31 2.9
199.24 10.9
200.20 4.6
202.08 40.1
203.43 14.8
204.27 122.7
205.24 21.0
207.15 6.9
209.49 8.9
210.13 19.5
211.31 12.0
212.35 8.9
213.32 12.6
214.02 2.8
215.16 14.2
216.33 5.5
217.21 9.1
218.05 1.5
219.10 20.5
220.27 11.3
221.23 56.7
222.18 8.5
223.22 22.4
224.14 5.4
225.13 4.6
226.16 5.5
227.32 5.3
228.53 7.9
229.30 14.5
230.33 8.0
231.12 3.5
232.14 16.5
233.16 17.0
234.22 11.4
235.20 12.0
236.24 7.7
237.16 6.6
237.92 1.4
238.95 2.5
240.25 6.7
241.39 37.1
242.99 12.6
244.23 10.8
245.25 7.6
246.14 21.8
247.36 13.1
249.18 3182.0
250.28 280.8
251.36 4.6
252.32 7.2
253.25 14.2
254.20 14.4
256.23 6.3
257.52 17.1
258.22 3.7
259.27 13.3
260.13 5.3
261.20 4.8
262.39 9.8
263.27 8.1
265.15 133.5
266.19 4.5
267.15 8.4
268.30 21.6
269.24 13.1
270.31 18.6
271.44 12.8
272.53 6.5
275.35 4.8
277.07 1738.9
278.25 172.8
279.33 12.2
281.16 1094.8
282.31 5.6
283.13 7.3
284.20 6.8
286.12 105.9
287.21 44.4
288.07 18.3
289.15 3.9
290.21 1.4
291.35 4.7
293.20 125.2
294.22 22.3
295.11 4.1
296.15 5.1
296.94 8.4
298.80 97.8
300.09 9.2
302.19 5.4
303.19 8.0
304.20 304.4
305.32 29.9
306.12 25.6
307.19 4.4
308.26 24.8
309.20 6.8
310.04 7.4
311.45 11.1
312.22 2.3
313.39 4.1
314.47 5.7
316.44 16.1
317.33 29.5
318.13 3.7
319.37 8.7
320.30 9.3
321.21 6.4
322.40 29.1
323.37 22.1
324.08 12.8
325.25 16.3
326.30 32.6
327.23 12.8
328.48 2.2
329.17 11.1
331.91 3.0
334.17 38.5
335.09 12.8
336.23 64.3
337.27 16.8
338.34 4.2
339.36 17.4
340.26 39.6
341.20 44.3
342.01 8.9
343.28 3.6
344.42 15.5
345.22 49.6
346.33 12.1
347.21 2.4
348.00 1.4
348.93 4.2
349.54 2.7
351.21 3.8
352.50 6.1
353.16 18.2
354.20 113.6
355.34 33.8
356.22 27.5
357.18 14.2
358.28 17.3
359.19 4.3
360.14 24.2
361.52 5.7
362.33 11.8
363.56 9.3
364.57 73.0
366.28 2.1
367.25 13.5
368.36 5.3
369.33 10.0
370.13 9.3
371.32 9.8
372.38 59.5
373.63 11.2
374.35 28.0
375.28 880.3
376.30 91.6
377.25 13.2
378.87 11.7
380.34 1.0
381.25 50.3
382.29 12.4
383.21 4.8
384.71 7.8
385.38 15.1
386.33 11.9
387.26 8.3
388.30 31.7
389.30 26.3
390.18 15.4
390.99 14.9
392.22 806.7
393.25 158.6
394.27 11.2
395.46 2.1
396.52 4.1
397.28 9.3
399.05 44.5
400.24 6.8
402.31 45.1
403.31 25.3
404.36 34.1
405.25 26.9
406.25 10.9
407.07 7.1
410.86 3.0
411.46 19.7
412.25 3.7
413.35 24.3
415.12 57.5
416.12 1.6
417.14 25.7
418.04 9.6
419.45 50.3
420.43 6.0
421.35 31.8
422.42 12.3
423.15 1.9
425.22 7.4
426.32 11.7
427.34 24.9
428.13 16.5
429.14 12.6
431.17 84.1
432.32 36.4
433.33 3.5
434.48 9.4
435.33 14.4
437.03 10.6
437.94 100.2
439.29 19.5
440.42 18.4
441.47 9.6
442.55 38.0
443.33 25.4
445.08 13.5
446.11 11.7
447.23 21.3
448.60 59.9
449.32 379.6
450.21 39.4
451.32 24.6
452.61 9.5
453.33 28.5
454.09 22.1
455.33 36.5
456.33 8.6
457.56 31.5
458.40 53.9
459.28 68.1
460.32 51.5
461.53 24.6
462.39 2.6
463.12 1.7
464.29 7.7
465.34 18.1
466.15 24.5
467.15 14.9
468.55 19.2
469.30 155.6
470.32 13.2
471.34 56.4
472.72 12.0
473.34 30.8
474.29 73.6
476.28 3740.6
477.32 507.9
478.58 10.4
480.34 3.5
481.85 10.1
483.37 71.2
484.14 54.1
485.50 12.2
486.58 38.1
487.29 52.8
488.26 54.3
489.29 56.6
490.48 13.2
491.30 17.1
492.02 2.0
492.68 59.8
494.62 28.4
495.30 6.5
496.53 35.9
497.23 40.8
498.13 31.0
499.18 75.3
500.35 115.7
501.43 1370.5
502.53 426.0
503.15 339.4
503.85 26.2
504.67 5.3
505.84 7.9
506.61 7.3
507.79 39.1
508.50 13.7
510.29 1705.9
510.95 348.8
512.32 13.8
514.02 3.1
516.28 4.1
519.35 2.1
520.92 2.6
524.05 2.0
526.43 5.7
530.89 1.7
532.10 15.3
533.68 21.9
534.41 290.7
535.43 43.7
537.49 4.0
539.58 2.8
544.21 207.9
545.37 24.8
546.25 18.4
547.45 2.1
548.23 8.4
549.43 23.5
550.14 3.6
551.18 8.1
553.06 1.9
557.36 3.8
561.25 4.3
562.28 786.3
563.28 134.4
567.93 4.9
570.32 1.2
571.60 20.3
572.47 1.7
575.40 3.6
576.60 5.8
577.39 4.3
579.41 4.0
580.45 1.5
581.48 3.9
583.75 4.2
585.39 2.3
587.55 7.1
589.38 505.8
590.49 116.1
591.25 10.2
592.98 5.8
599.13 5.0
600.32 25.9
601.31 4.5
602.33 2.6
603.17 16.9
604.35 9.8
606.45 8.9
614.46 2.4
617.27 16.4
618.35 14.2
619.46 24.6
620.33 18.8
621.39 12.6
623.50 2.7
624.68 11.1
627.33 46.9
628.45 91.0
629.64 8.2
630.58 16.8
631.35 3.4
635.37 23.2
636.41 9.4
638.37 10.7
639.79 3.5
640.39 2.0
641.43 2.1
642.43 17.6
644.73 67.3
646.34 2120.6
647.45 372.1
648.49 25.6
649.38 18.5
650.65 1.5
651.27 2.7
652.42 20.2
653.22 6.1
655.64 14.7
658.18 3.3
659.13 2.6
660.29 4.6
661.36 6.8
662.12 6.7
663.34 248.3
664.43 63.0
665.67 6.1
667.83 4.8
668.43 3.1
669.55 2.3
670.30 12.8
671.33 14.8
672.57 2.5
673.49 6.7
674.27 2.1
676.25 4.0
678.63 1.5
679.90 3.9
682.05 8.1
683.28 2.8
687.37 2.7
688.51 6.3
689.20 9.1
690.12 5.4
691.03 5.2
694.69 3.4
696.46 1.7
697.40 10.4
698.17 11.1
699.61 2.3
700.63 6.1
702.55 2.6
704.06 3.2
705.26 7.4
706.41 7.5
707.48 3.2
711.85 3.4
716.34 100.3
717.30 25.1
718.07 3.5
725.51 11.2
726.50 9.4
727.43 44.9
729.02 7.2
729.71 3.5
732.38 14.3
734.30 71.0
735.41 27.9
736.49 6.0
737.15 3.7
738.40 3.5
743.43 669.3
744.46 191.6
745.49 311.3
746.57 64.1
748.36 7.3
750.19 4.8
751.63 6.0
755.35 2.1
759.82 1.2
761.45 10087.8
762.42 2150.8
763.30 8.3
767.42 14.0
768.70 11.1
769.55 1.9
770.43 3.0
772.89 5.1
775.53 5.9
777.86 4.9
782.04 3.0
784.66 1.5
789.66 1.3
790.33 3.2
791.59 10.7
794.51 4.7
795.57 15.7
796.47 6.5
797.13 5.0
799.69 1.4
805.36 1.0
807.41 5.1
809.51 1.1
810.49 5.1
816.97 2.2
819.36 3.5
821.51 3.0
822.48 2.6
825.31 3.0
827.30 13.8
828.63 1.4
834.84 4.3
835.62 3.4
836.67 1.7
839.11 3.5
842.46 1.1
845.49 99.4
846.34 12.5
846.97 2.2
849.48 6.9
852.70 8.1
856.36 56.4
857.45 9.8
858.62 4.9
860.59 5.7
863.32 133.3
864.44 48.3
866.24 1.7
869.36 1.2
874.53 249.3
875.57 97.3
881.24 2.2
884.48 31.8
885.58 18.8
889.25 4.0
890.70 8.5
892.76 3.8
904.35 3.2
905.72 2.2
906.58 6.1
907.55 1.8
908.53 2.6
915.71 1.2
932.57 3.8
933.56 1.2
935.09 1.7
944.53 1.1
950.22 5.4
