963.49199 2
157.08 1.1
159.04 3.7
160.15 1.0
171.26 4.1
177.23 25.3
192.10 2.6
193.42 1.9
200.15 3.5
201.13 5.0
202.24 3.7
203.24 2.5
214.08 1.5
215.10 1.4
217.18 9.5
226.30 7.5
227.19 1.1
228.26 2.3
229.43 7.4
235.10 1.5
239.16 1.1
240.20 2.9
244.01 5.1
245.08 14.7
246.56 1.9
251.13 2.3
253.16 8.5
254.28 3.9
257.38 1.6
259.09 3.3
261.27 13.2
262.23 17.5
271.04 1.2
272.05 3.5
273.13 4.8
274.44 10.8
276.21 22.9
277.16 3.0
286.18 2.5
288.39 3.5
290.30 142.2
291.26 19.5
294.23 4.1
296.05 5.7
300.95 4.7
306.00 7.3
310.35 1.6
312.14 5.5
313.39 1.3
314.92 5.2
318.18 50.3
319.21 1.3
322.22 1.5
323.78 5.5
324.47 2.5
331.39 2.8
338.12 1.6
343.12 2.8
346.35 4.6
347.38 6.5
349.35 3.1
359.38 2.3
362.19 7.1
363.23 5.9
364.20 2.4
364.98 5.1
367.28 7.3
367.94 12.7
369.32 6.9
369.97 1.4
371.54 7.7
372.25 3.4
373.45 4.4
374.74 4.8
377.26 13.6
379.48 2.5
381.06 11.4
381.91 9.7
383.10 13.1
384.10 2.5
385.86 2.7
386.75 1.2
388.28 13.7
389.28 12.7
390.39 3.1
392.80 8.8
396.24 6.9
400.99 18.1
402.86 9.4
404.07 16.1
404.94 8.2
406.42 4.5
408.66 13.9
409.55 4.7
412.48 10.0
413.24 6.2
414.23 2.8
415.52 8.8
417.31 1.8
418.94 3.7
419.56 5.0
420.46 5.6
422.30 4.7
424.30 18.9
425.13 4.1
426.09 3.0
427.98 2.8
429.30 1.6
433.02 2.9
434.37 3.6
435.96 6.6
437.21 1.1
439.27 11.8
440.38 2.9
441.06 26.3
441.94 3.7
442.86 7.8
443.73 4.2
446.28 7.4
447.38 14.1
448.52 4.0
450.09 3.7
451.41 6.3
452.96 1.7
455.41 26.3
456.62 31.9
459.82 64.6
460.60 21.3
461.97 1.4
463.95 49.1
464.78 46.8
465.65 49.3
466.66 17.9
468.57 6.5
470.46 6.9
473.13 70.7
473.76 64.6
474.37 11.8
481.63 6.4
483.42 5.0
496.38 1.6
499.49 18.6
500.38 6.7
501.33 5.8
506.00 2.7
507.31 4.1
508.09 2.6
508.99 6.2
511.20 5.1
517.19 36.6
518.07 3.5
519.02 3.0
523.00 2.6
528.36 4.5
532.46 3.0
534.52 1.3
541.51 4.6
543.93 6.9
546.68 3.7
547.44 3.7
555.36 1.2
556.43 1.3
560.24 6.0
561.20 9.1
562.29 1.5
564.47 1.3
575.13 5.8
576.15 5.9
578.05 7.9
579.40 5.2
580.99 3.5
588.41 7.8
593.52 6.5
594.55 1.8
597.40 4.4
598.38 1.2
601.49 2.4
602.48 7.1
603.21 5.4
606.07 6.2
607.58 3.9
608.50 2.2
611.55 11.7
614.17 2.9
621.28 6.1
624.32 2.1
626.41 2.8
628.43 7.4
629.57 7.8
630.38 6.6
633.56 3.4
635.47 4.0
639.38 1.0
640.32 5.8
641.60 3.5
642.42 4.1
645.21 4.9
646.34 256.8
647.48 48.5
648.47 3.1
651.02 4.1
652.31 2.4
658.14 1.8
659.06 3.7
665.54 3.4
667.45 8.8
670.69 9.4
672.21 5.4
676.94 4.4
686.63 4.4
689.50 45.7
692.32 1.8
701.47 1.8
703.23 21.9
704.57 5.5
708.45 3.3
709.38 3.8
712.60 4.1
716.68 3.8
722.53 3.7
725.16 2.8
726.43 2.7
728.76 3.3
731.65 6.4
733.68 3.3
735.63 4.0
737.47 1.6
738.97 5.8
745.42 4.2
746.47 11.3
748.56 4.8
752.47 1.5
759.36 11.7
760.23 8.8
761.45 5.9
762.59 7.3
763.86 4.0
764.53 7.2
765.42 15.4
766.52 3.4
788.22 3.3
800.47 8.2
808.50 1.1
817.66 6.3
818.65 16.9
819.59 2.7
834.70 4.5
835.63 3.4
844.46 5.7
864.30 1.5
879.51 1.3
900.63 1.2
928.55 1.2
941.04 2.4
