842.51103 2
127.18 55.9
128.14 20.6
129.04 24.2
130.10 25.9
132.20 10.0
135.24 9.3
143.22 925.0
143.98 32.3
145.15 9.8
155.16 39.2
157.23 13.0
159.70 17.3
160.83 18.8
163.24 35.8
168.99 35.1
171.09 2498.6
172.21 76.7
173.16 740.3
174.08 13.5
175.14 130.3
178.32 21.0
179.15 6.5
182.38 11.9
183.25 85.3
187.29 7.7
196.19 8.2
197.49 16.1
199.20 23.7
201.15 958.9
202.24 40.6
203.19 11.5
206.93 7.8
210.16 32.6
212.06 7.4
213.15 8.5
218.32 13.3
222.11 17.1
223.14 7.7
226.56 58.8
227.26 367.7
228.21 127.1
229.17 215.5
231.33 38.1
232.28 23.0
234.06 23.0
237.29 17.9
239.21 6.6
241.26 6.6
244.26 48.5
248.21 22.5
251.19 16.8
254.24 384.7
255.35 44.4
256.76 67.2
258.47 10.9
260.14 28.3
262.16 39.0
263.43 5.9
264.21 18.0
265.24 21.0
266.22 59.5
269.11 8.8
270.27 398.9
272.16 5566.1
273.29 189.0
275.26 5.6
278.17 33.3
279.09 9.2
281.14 11.9
282.09 29.5
284.31 6.5
288.40 46.8
290.34 33.9
291.18 27.8
292.26 36.6
293.12 23.3
298.57 14.1
299.28 43.6
300.28 68.0
301.01 23.0
303.18 28.2
306.21 397.7
307.16 79.2
308.07 115.7
308.70 5.6
309.52 15.1
312.41 12.0
317.22 10.1
317.91 75.9
319.16 53.9
320.30 26.9
323.25 354.8
324.74 87.5
325.36 692.5
326.09 65.8
327.83 13960.6
329.18 444.5
330.25 87.2
333.21 18.8
336.81 4470.9
338.19 64.3
339.38 93.3
340.24 21.9
341.23 90.7
343.21 725.7
344.26 60.1
346.05 45.8
347.37 61.1
349.30 310.9
350.21 67.3
353.26 6038.9
354.29 404.9
357.92 15.7
359.29 21.2
360.38 30.8
361.17 59.3
362.47 54.7
363.32 537.0
364.04 26.5
365.45 9.2
367.11 9.2
368.14 12.4
371.24 3638.9
372.26 317.6
373.03 8.7
374.39 18.0
375.32 118.9
376.04 23.4
377.32 129.1
378.16 42.1
380.25 15.2
383.49 20.5
385.34 4634.1
386.41 342.0
387.28 8.1
389.23 84.4
389.98 43.0
391.22 350.1
391.85 80.2
393.06 83.7
394.27 216.1
395.29 10.8
396.36 30.5
399.46 36.4
403.67 1301.2
404.42 728.7
405.13 85.7
406.70 134.3
412.87 197376.0
413.97 739.1
415.05 139.6
415.94 101.4
416.63 147.9
417.31 33.8
418.40 75.0
419.35 31.7
420.43 20.9
421.98 12.7
422.76 50.0
425.27 30.8
425.93 6.6
429.53 18.8
430.25 41.9
436.36 90.3
440.25 1307.7
441.22 114.7
454.49 139.1
458.34 1064.9
459.23 97.7
460.28 88.5
464.48 30.8
470.31 6.4
472.33 20867.9
473.36 1744.7
482.15 11.0
495.22 6.9
498.26 8.3
500.26 12.4
501.59 5.6
507.77 6.0
509.09 30.1
516.41 57.5
523.19 9.2
524.12 60.4
525.75 9.5
527.49 7.4
535.38 486.3
536.37 76.1
537.54 18.6
543.29 36.9
544.36 20.8
553.25 1160.1
554.28 220.4
555.58 7.1
571.38 6876.4
572.39 976.1
573.51 77.6
581.47 30.1
585.55 11.0
591.00 21.0
591.62 16.8
593.13 17.3
597.50 20.5
607.51 93.5
610.53 18.7
611.54 13.7
616.44 25.1
617.19 8.9
628.49 18.8
632.56 40.4
639.30 14.0
641.21 18.9
646.26 9.7
650.41 79.9
651.51 11.9
654.43 59.8
655.69 9.1
658.51 15.6
664.40 18.6
665.41 18.8
668.51 106.1
670.76 12.4
672.43 16283.1
673.58 1760.3
680.28 12.2
681.79 16.6
682.51 15.0
683.75 8.8
690.77 10.6
707.81 11.9
708.51 15.5
709.56 8.9
725.56 423.9
726.45 212.7
729.13 23.6
735.60 9.9
741.95 14.4
743.54 1018.3
744.64 84.4
753.43 24.1
782.42 6.5
