1112.51372 2
157.41 5.2
158.26 15.4
169.02 1.7
170.35 4.5
172.02 1.2
173.12 21.4
173.93 4.8
175.23 456.4
176.13 38.8
178.47 2.6
179.17 5.3
183.08 1.3
185.04 2.8
187.24 5.8
189.35 1.5
195.46 7.9
196.16 4.0
196.96 3.9
199.24 1.4
201.10 21.4
205.20 3.8
210.16 1.8
212.20 16.0
213.24 1.5
214.27 1.2
215.23 2.4
216.04 8.0
218.93 2.2
220.42 2.3
221.31 5.6
222.16 2.8
223.24 6.0
226.31 5.4
227.41 2.4
230.30 2.9
233.02 1.5
234.41 3.3
238.16 1.0
239.52 2.8
241.22 5.3
242.23 2.8
243.22 10.3
244.05 1.7
247.13 3.6
248.17 3.6
250.10 1.5
252.20 5.2
252.82 2.5
255.34 22.4
257.34 2.3
258.13 7.6
260.08 22.9
261.15 3.5
262.02 6.6
263.20 1.9
264.31 3.2
266.30 7.2
269.79 7.0
270.99 12.4
272.15 19.8
273.18 21.7
274.37 13.7
275.27 5.0
276.33 8.0
277.18 1.2
278.11 4.1
279.33 4.8
281.16 1.3
282.31 4.6
283.45 1.0
285.52 6.1
286.27 4.4
290.28 27.8
291.36 4.3
293.90 2.5
295.20 1.8
296.31 3.3
298.18 3.1
299.16 1.2
301.58 2.0
302.20 9.4
304.14 13.3
304.98 4.5
306.05 1.6
307.15 8.7
310.44 6.8
313.47 1.2
314.25 17.2
315.24 3.5
316.36 2.3
317.27 4.7
318.18 1.7
320.24 3.5
321.38 1.6
325.28 9.0
326.23 5.6
327.22 3.3
328.42 4.3
329.24 1.2
331.37 2.1
333.34 6.1
334.47 14.0
338.23 8.1
339.50 1.0
343.22 10.8
344.11 7.9
345.25 2.5
346.14 15.4
348.08 6.9
349.05 5.7
350.33 11.0
351.08 10.4
352.87 16.4
354.13 12.1
355.26 9.4
356.25 10.3
357.24 13.9
358.64 9.6
359.46 4.8
360.22 3.4
362.19 1.6
365.08 7.0
366.36 6.2
367.34 2.6
368.24 20.2
370.06 14.1
371.45 2.7
372.30 2.2
373.30 12.4
375.25 4.2
376.14 3.4
377.24 9.1
378.17 2.0
379.19 5.3
380.23 1.7
381.07 4.6
382.19 26.4
383.22 1.2
385.12 2.0
386.25 5.8
387.29 28.9
388.21 2.5
389.30 3.0
391.11 12.0
392.20 9.1
393.11 2.5
394.04 11.6
395.31 1.8
396.66 9.0
398.56 1.7
399.33 4.2
400.25 3.2
401.49 11.8
402.25 2.9
403.33 8.7
404.20 28.8
405.12 1.0
406.03 6.4
407.25 5.7
408.10 4.1
409.19 24.9
410.29 19.4
411.77 8.9
412.49 14.5
414.21 5.8
415.31 11.3
417.51 1.1
418.35 7.9
419.67 7.7
420.65 11.1
422.04 2.1
423.15 3.8
424.99 19.1
426.31 16.4
427.25 11.4
429.07 5.8
431.18 14.1
431.89 8.4
434.13 33.9
435.09 15.1
435.96 1.8
437.14 4.5
438.38 10.8
439.39 16.3
441.30 9.3
442.20 8.3
442.99 29.2
444.22 10.7
447.17 47.6
448.21 75.3
449.81 6.7
451.17 15.1
452.34 6.1
454.45 21.5
455.54 19.7
456.71 132.5
457.33 42.6
458.81 8.8
459.71 15.1
460.60 12.8
461.88 51.6
463.05 62.2
464.09 14.2
465.31 9.2
466.46 20.2
467.59 9.2
468.80 17.7
469.51 4.6
471.75 39.1
472.65 9.0
473.90 10.7
475.40 18.9
477.12 18.7
478.53 25.3
479.32 22.7
480.53 24.4
481.59 23.6
482.39 68.0
483.29 23.2
484.65 6.8
485.64 33.6
486.98 44.4
487.85 10.1
488.70 7.9
489.79 15.8
490.76 18.8
492.23 12.9
493.22 57.6
494.94 26.2
496.16 85.7
496.89 5.6
498.21 86.5
499.00 191.9
499.96 51.6
501.74 90.2
502.42 13.5
503.58 30.6
504.56 54.6
505.24 28.6
507.48 98.6
508.63 33.8
509.42 15.1
510.21 36.6
510.94 94.8
512.40 51.1
513.30 21.4
514.21 14.1
515.46 19.5
516.59 65.7
517.26 172.3
518.33 56.7
519.53 120.1
520.57 65.7
521.47 88.9
522.42 24.4
523.25 11.6
524.31 22.6
525.65 344.4
526.42 182.1
527.38 45.2
528.50 13.0
529.42 17.0
530.54 33.6
531.56 4.0
532.26 45.3
532.87 44.5
534.68 1575.7
535.38 660.9
536.46 16.7
537.22 3.7
538.54 428.4
539.46 372.5
540.26 39.1
541.65 86.4
542.43 30.2
544.16 22.2
545.19 12.8
546.51 22.4
547.71 1130.0
548.35 819.1
548.96 154.4
549.58 2.3
551.40 3.4
564.37 2.6
568.39 23.8
569.34 14.4
570.52 2.1
571.60 1.3
573.56 6.2
575.25 14.1
576.25 5.7
577.31 7.5
578.38 5.0
579.35 2.5
591.50 3.4
593.24 25.3
594.30 8.2
596.29 52.6
597.27 17.5
598.21 9.5
599.18 2.9
600.03 11.1
601.15 2.3
602.44 8.4
604.20 2.5
605.33 10.5
606.42 6.0
607.41 29.4
608.40 10.8
609.43 10.6
610.31 6.9
611.39 1.7
612.83 1.6
613.75 5.6
614.41 33.0
615.29 17.0
617.00 1.8
618.46 8.3
619.52 25.7
620.34 2.0
623.21 4.9
624.09 2.0
625.67 5.0
627.29 4.5
628.57 3.5
629.20 1.4
631.38 50.3
632.57 7.6
635.50 23.6
636.37 62.6
637.45 16.9
639.65 6.6
641.41 5.9
642.37 2.8
643.88 2.6
646.21 1.7
647.32 4.8
651.53 1.1
655.35 17.3
658.64 2.3
659.82 15.8
661.51 5.5
662.60 15.9
664.84 1.8
665.95 17.1
666.58 3.7
668.26 5.4
669.14 3.0
673.51 3.0
681.38 38.1
682.49 18.9
683.41 6.4
684.44 6.3
686.08 1.4
687.46 1.7
689.20 2.6
690.70 6.7
691.52 2.6
692.38 4.1
698.53 7.2
699.90 2.0
701.32 5.4
702.29 14.0
703.31 8.8
704.38 15.2
705.37 12.6
707.58 3.0
709.04 35.8
710.78 2.6
715.16 6.9
717.61 7.2
719.60 7.1
720.30 17.3
721.48 48.6
722.29 15.9
722.91 3.3
724.26 9.5
725.14 1.5
726.39 41.6
727.58 12.7
728.43 7.0
729.18 11.0
730.34 10.6
731.37 1.8
733.06 7.4
734.74 20.5
735.37 4.6
737.42 4.3
738.28 36.3
739.28 3.6
740.30 1.0
741.29 12.6
742.53 2.0
743.54 1.8
744.48 7.3
745.38 9.7
746.65 23.9
747.60 8.1
748.46 13.2
749.23 3.8
750.87 3.7
752.61 1.6
753.55 3.4
755.65 10.5
756.59 5.2
757.51 8.2
758.53 1.5
759.42 9.5
760.37 1.7
762.40 1.8
764.41 42.7
765.56 19.7
766.39 1.5
767.41 1.5
770.88 4.4
774.63 3.7
778.40 2.0
779.72 5.3
781.35 3.2
782.42 2.2
784.15 2.9
785.36 4.5
788.60 6.7
790.61 7.5
791.55 1.1
792.75 2.0
795.43 10.6
796.33 4.5
801.53 5.3
802.14 1.4
805.52 6.8
806.27 12.1
807.54 5.6
817.61 6.3
818.57 13.2
819.45 1.8
820.69 1.4
821.30 3.9
822.59 23.2
823.41 52.0
824.61 43.8
826.38 1.5
830.89 2.2
832.50 16.2
834.55 11.5
835.52 9.9
836.38 7.4
837.35 3.5
839.45 25.9
840.49 49.8
841.61 30.5
842.53 10.6
844.12 1.9
846.47 3.5
848.57 7.0
849.26 2.6
850.52 16.1
851.51 4.8
852.53 107.1
853.46 38.9
854.55 4.3
857.04 10.5
858.60 1.8
860.19 4.2
861.17 1.1
864.53 7.2
866.43 144.3
867.51 38.9
868.30 4.7
870.63 19.4
872.24 10.0
876.72 17.5
877.63 2.9
878.33 12.4
879.54 4.2
881.70 1.4
883.69 4.4
885.07 5.2
887.42 6.4
890.57 5.0
891.57 16.9
892.42 4.5
893.82 20.1
894.52 101.8
895.46 138.1
896.57 28.3
900.24 1.5
901.51 6.8
903.26 9.1
904.73 1.0
906.33 1.5
908.79 3.4
909.86 5.6
910.62 10.0
912.16 21.1
913.28 6.3
914.70 1.4
916.46 12.9
919.27 7.4
920.51 68.9
921.55 120.4
922.57 46.4
923.86 3.1
924.54 2.3
928.94 2.5
935.24 3.9
936.58 3.5
938.43 1891.5
939.44 645.1
940.54 47.7
945.73 1.3
946.42 2.5
947.58 1.5
948.64 2.3
951.55 1.1
953.25 12.7
954.40 6.1
956.35 308.0
957.39 88.0
958.60 11.3
963.49 10.5
964.42 6.8
965.64 8.6
966.39 1.8
968.19 2.5
971.72 7.4
973.83 2.8
978.36 14.8
979.47 9.3
980.81 3.5
983.55 2.2
984.53 1.7
989.97 3.6
991.59 1.9
993.24 2.5
996.45 61.3
997.55 21.2
1006.38 16.0
1007.56 3.7
1012.67 11.4
1046.10 1.0
1056.34 4.2
1072.10 3.7
1090.53 34.4
1091.43 30.4
1092.34 2.5
