1357.71977 2
191.14 2.1
192.13 2.7
197.42 2.2
198.15 2.4
199.06 3.8
200.41 2.8
201.15 1.3
208.25 9.3
209.12 6.0
210.10 3.7
211.31 1.7
212.27 2.8
215.29 10.4
219.20 1.4
223.14 2.3
225.21 2.2
226.13 1.0
227.35 7.2
228.12 11.5
229.16 14.6
230.01 1.8
234.26 6.5
235.36 1.7
240.18 50.2
241.33 8.9
243.25 5.7
244.45 3.3
249.35 3.3
250.15 6.2
251.19 27.9
253.22 2.2
254.14 2.8
255.18 3.5
256.07 3.9
257.35 8.5
260.25 3.0
261.19 2.4
262.33 3.4
263.96 4.9
265.24 1.1
267.14 36.9
268.25 69.2
269.24 20.6
270.08 3.7
271.22 27.2
272.03 2.7
278.71 6.0
281.47 8.7
282.22 6.8
283.15 1.2
284.04 1.8
285.22 91.9
286.25 17.7
288.21 21.4
289.25 2.2
290.43 1.1
294.21 4.8
295.21 8.2
296.40 7.1
297.46 19.4
298.27 7.7
300.06 6.0
303.35 2.6
306.19 1.0
306.94 1.8
310.05 7.7
311.01 7.8
312.28 5.7
313.27 6.8
316.41 8.0
319.77 5.0
321.83 5.0
326.33 9.3
327.28 25.2
328.35 56.9
329.24 3.2
329.93 3.5
332.42 1.7
334.24 3.5
335.00 1.2
336.50 2.6
337.23 4.3
338.24 9.8
339.32 6.3
342.28 4.1
343.25 2.4
344.49 23.0
345.36 39.4
346.34 27.6
347.41 13.9
349.44 1.5
352.30 2.4
353.19 50.3
354.28 16.7
355.26 20.0
357.12 8.0
358.42 10.4
360.36 2.6
361.34 13.3
363.16 2.8
365.09 92.8
370.08 12.1
372.33 40.4
373.36 2.5
374.72 5.6
375.74 8.4
379.39 2.1
380.28 14.3
381.27 3.5
382.12 10.1
383.24 13.6
384.39 8.3
387.18 1.2
388.84 9.0
390.39 14.2
391.12 1.1
392.61 2.5
393.55 29.8
394.42 10.6
396.30 2.2
397.22 7.4
398.20 15.5
399.46 9.6
400.34 7.1
401.46 4.3
403.82 1.8
407.29 32.5
408.29 15.4
409.66 17.5
410.60 3.1
411.34 8.1
412.68 8.4
413.39 4.4
415.22 4.1
417.56 5.0
418.84 3.2
421.94 6.9
422.67 6.2
424.31 31.3
425.35 45.4
426.32 25.9
427.32 13.6
428.01 14.4
429.84 1.2
433.46 4.8
435.46 3.7
436.27 6.2
437.32 1.7
438.25 5.6
439.58 3.9
441.41 15.5
442.29 123.3
443.33 63.5
444.20 11.6
448.30 17.5
450.08 20.6
451.28 5.5
453.36 27.3
454.41 30.5
455.24 8.8
456.83 9.4
458.03 31.5
459.35 60.7
460.30 6.4
466.47 10.0
467.58 6.0
468.49 18.4
469.52 8.2
470.75 33.7
471.45 82.4
472.22 28.2
473.38 1.3
475.00 2.5
476.32 8.0
478.38 5.0
481.36 2.8
482.33 1.0
484.22 16.0
485.43 9.3
488.36 1.4
489.39 14.1
491.43 5.2
492.22 3.2
493.56 6.2
494.57 8.6
495.35 4.5
496.22 6.1
497.22 4.7
498.40 23.5
499.02 6.6
499.96 2.5
500.92 11.2
501.55 35.9
503.32 2.7
505.55 1.7
507.43 16.8
509.47 2.3
511.60 6.1
512.48 15.5
513.37 9.0
514.31 4.5
516.43 5.3
518.71 5.3
519.58 6.6
520.38 31.5
521.43 12.5
522.37 4.9
523.44 12.5
524.26 2.5
527.18 58.2
527.86 31.4
528.53 5.7
529.71 2.3
530.41 8.0
531.42 7.7
532.31 1.1
536.03 203.2
537.39 69.1
538.40 76.1
539.41 12.5
540.40 10.0
541.18 4.4
543.24 1.6
544.32 6.5
546.36 17.0
547.47 1.7
548.37 9.8
550.56 5.0
551.41 3.2
552.51 3.5
553.37 7.1
554.40 99.5
555.40 386.0
556.49 93.1
557.30 3.4
558.50 15.6
559.20 1.6
560.33 8.2
561.70 5.1
563.29 23.2
564.65 17.8
565.34 15.8
566.21 8.6
567.36 1.1
568.50 15.7
569.64 11.0
570.49 11.2
572.40 4117.7
573.47 908.2
574.56 21.5
575.31 8.3
578.38 9.0
582.32 84.4
583.43 199.9
584.39 44.1
585.38 5.0
586.28 5.3
587.21 1.8
590.13 7.2
591.36 1.1
592.55 70.1
593.35 9.7
595.82 3.2
597.33 2.2
598.43 15.0
600.36 620.6
601.38 180.6
602.20 5.4
605.70 5.5
606.49 1.4
607.10 8.2
608.25 11.9
609.38 7.5
610.47 1.8
612.28 66.6
613.26 23.0
614.08 16.5
615.18 11.5
615.84 1.6
616.50 8.6
617.44 7.0
618.42 9.7
619.38 6.1
623.13 10.4
624.43 3.1
625.59 6.7
626.61 23.6
627.41 13.9
628.24 2.3
630.43 19.3
631.50 29.9
632.53 35.7
633.70 20.5
634.42 1.3
635.23 22.8
636.42 46.1
637.36 28.8
638.25 41.1
639.75 17.0
640.91 25.2
641.80 26.9
642.83 6.5
643.57 58.3
644.45 29.7
645.07 7.8
647.05 47.3
648.38 74.1
649.16 18.2
650.13 78.2
652.86 89.2
653.67 135.9
654.48 39.8
655.66 90.4
656.67 61.4
657.49 23.0
658.38 45.0
659.20 30.7
660.69 18.9
661.79 405.5
662.54 728.1
663.43 5.0
664.52 74.4
665.19 2.4
666.19 5.4
667.71 6.3
668.98 19.0
669.77 68.8
670.84 1475.1
671.53 202.2
672.41 12.5
683.33 2.5
684.70 1.0
687.51 27.0
688.55 42.2
689.58 19.5
692.51 3.8
693.59 8.2
697.48 42.2
698.38 17.0
699.73 2.9
707.22 2.0
708.59 17.0
709.46 15.5
710.51 1.6
714.46 175.2
715.41 34.4
716.50 5.2
719.18 3.0
720.34 6.6
721.52 3.4
723.87 5.0
724.82 15.0
725.47 6.1
726.28 2.6
727.69 4.9
728.53 22.5
729.52 26.1
733.61 2.4
735.32 3.6
738.27 3.0
739.37 6.8
740.38 14.9
741.45 48.9
742.61 18.2
743.45 4.2
744.49 1.6
746.35 3.6
749.69 8.8
750.56 20.3
751.48 24.9
752.35 26.9
753.39 7.9
756.22 14.6
756.93 3.6
758.44 605.3
759.49 195.9
764.09 2.1
765.23 6.1
766.22 5.5
766.84 1.6
767.83 12.8
768.67 201.7
769.39 796.3
770.43 313.5
771.42 10.0
773.59 7.9
774.49 1.1
777.46 1.9
782.52 3.2
784.38 1.5
786.37 3771.5
787.41 998.3
788.28 19.2
789.96 3.0
791.07 6.0
794.91 5.5
799.31 3.5
800.79 1.2
802.38 1.7
803.23 1.2
803.94 2.2
805.04 2.6
806.11 2.1
810.27 4.4
812.97 2.7
813.74 5.6
818.37 3.9
821.37 2.1
826.61 2.2
828.42 3.0
836.54 9.7
840.61 17.4
842.62 1.7
843.35 7.0
845.60 1.1
849.61 4.1
850.65 1.9
852.71 1.4
854.54 16.1
856.67 11.2
858.23 6.5
863.28 5.0
864.48 3.2
866.28 2.8
869.59 36.1
870.53 6.5
871.69 16.6
880.26 2.0
881.43 15.7
882.59 49.9
883.65 10.2
885.13 2.9
887.49 108.9
888.65 37.0
889.33 4.6
891.78 1.7
892.61 3.8
896.80 9.5
898.11 24.5
899.46 134.3
900.55 79.0
906.34 3.6
907.70 7.7
911.87 2.1
912.79 2.4
914.02 12.7
915.90 13.7
916.66 30.6
917.60 19.0
924.50 2.4
926.49 4.3
927.58 1.9
935.47 4.5
936.57 5.9
938.38 4.4
941.54 7.9
946.15 2.0
950.64 5.1
951.60 4.4
952.39 3.7
953.39 4.1
955.72 1.4
958.72 2.4
968.62 3.0
969.47 16.1
970.55 4.2
971.78 3.5
978.19 4.8
979.03 5.7
986.48 125.7
987.53 28.5
988.55 4.2
991.69 3.9
995.30 5.9
996.42 68.8
997.65 12.2
1000.60 15.7
1001.41 2.8
1007.55 1.7
1009.72 6.3
1012.49 15.5
1013.51 178.4
1014.50 78.4
1015.57 13.3
1016.27 1.5
1017.46 3.3
1019.40 14.0
1020.41 7.5
1024.55 1.5
1025.49 3.6
1027.87 4.6
1030.43 7.0
1031.56 6.4
1034.37 1.6
1036.11 6.4
1036.73 21.5
1037.84 7.5
1038.83 3.3
1039.63 3.2
1042.58 16.8
1043.67 12.8
1048.48 4.2
1052.65 26.4
1053.52 57.6
1054.52 26.6
1055.69 52.4
1056.40 19.2
1057.61 19.6
1062.58 5.0
1064.46 4.8
1070.56 215.2
1071.64 72.8
1073.57 300.1
1074.64 132.1
1075.40 4.7
1078.53 3.0
1079.58 3.8
1080.75 12.3
1081.58 3.8
1083.07 4.9
1084.82 3.8
1088.53 11.2
1089.40 2.3
1094.67 3.8
1099.81 2.4
1105.39 5.9
1115.66 5.6
1118.42 2.0
1121.83 3.1
1123.44 1.9
1125.01 1.7
1126.62 4.6
1131.64 4.6
1136.60 2.8
1138.54 60.3
1139.60 28.2
1140.75 3.0
1141.71 1.9
1145.83 2.0
1147.84 3.8
1148.59 6.3
1149.64 12.8
1150.26 1.4
1151.68 1.6
1153.42 11.2
1154.54 2.0
1155.65 138.5
1156.67 60.9
1157.57 6.3
1158.85 4.1
1159.81 3.2
1165.67 35.7
1166.64 121.8
1167.70 77.2
1168.65 4.6
1169.68 2.7
1171.35 3.1
1172.63 1.9
1183.54 305.7
1184.58 399.5
1185.71 130.6
1186.45 8.5
1192.86 2.3
1194.55 2.2
1199.43 1.6
1200.68 17.0
1201.67 232.2
1202.78 121.3
1203.75 4.4
1210.91 3.5
1211.75 7.8
1213.03 1.4
1231.55 1.1
1241.66 1.4
1264.28 1.7
1265.79 3.7
1281.84 9.4
1282.60 5.6
1298.69 67.0
1299.69 55.6
1300.74 2.2
1317.57 2.7
1318.97 7.0
1319.78 2.7
