1201.69499 2
175.10 3.5
197.31 8.6
203.39 3.0
211.37 6.3
214.84 3.1
225.31 1.7
227.01 3.5
228.24 1.8
235.18 3.4
243.34 8.6
264.12 2.8
270.42 7.9
271.07 2.7
281.37 1.8
286.40 2.3
288.62 3.6
292.40 6.9
296.68 7.3
300.21 1.5
304.47 2.9
307.07 3.6
310.35 1.7
312.38 2.6
314.34 4.2
317.51 1.7
321.13 6.1
324.28 9.7
339.44 9.4
342.24 10.3
348.26 3.0
350.37 1.3
353.27 1.8
354.15 1.1
355.14 10.5
357.35 2.1
359.33 41.0
360.27 5.8
368.13 1.8
371.22 7.9
376.43 1.7
381.24 8.6
382.21 2.0
398.32 1.9
399.18 2.4
400.44 3.7
404.49 2.1
408.72 1.4
414.32 1.9
415.14 1.2
416.50 2.4
417.39 1.1
421.57 9.4
422.30 5.2
423.10 1.5
426.38 4.2
430.93 2.5
432.52 9.2
436.30 2.1
439.13 5.3
440.34 3.0
441.85 5.9
443.72 2.3
444.47 9.9
445.34 3.2
451.87 6.4
453.41 2.0
458.53 3.4
464.73 6.0
467.13 1.9
469.37 2.0
470.17 1.2
471.19 3.7
480.30 1.9
481.57 5.5
487.17 29.6
489.48 20.4
490.46 5.8
494.47 1.9
496.71 3.3
501.20 5.4
504.27 1.3
507.60 5.7
510.64 1.2
516.15 4.1
517.53 1.8
521.80 14.9
523.29 1.8
525.35 6.7
527.30 5.7
532.38 13.0
536.25 4.4
537.20 20.5
537.82 4.3
539.42 3.3
540.42 2.6
542.07 1.1
544.73 2.6
546.41 3.5
548.41 5.1
549.41 7.2
551.01 3.6
552.96 16.0
553.67 1.9
555.04 2.9
559.73 1.1
561.16 6.9
564.45 6.6
565.30 39.7
566.56 5.0
567.39 9.4
569.58 21.1
570.55 12.5
571.34 5.2
572.14 1.8
573.56 1.9
575.94 4.4
577.37 14.4
578.42 7.3
579.31 15.9
580.19 14.4
580.92 3.7
582.05 7.8
583.16 68.2
584.19 32.3
585.25 11.9
586.48 40.0
587.94 2.4
589.05 18.7
590.31 8.0
592.34 101.5
593.08 20.2
612.27 1.8
613.63 2.1
615.51 2.4
633.47 20.1
642.32 3.1
645.96 7.8
661.43 2.2
669.67 6.1
677.15 3.3
679.01 1.5
681.60 2.3
684.34 1.6
694.38 1.4
695.72 1.1
696.47 3.9
698.50 7.0
700.56 5.0
709.37 5.7
711.55 1.4
713.05 8.0
714.42 9.4
718.77 5.8
721.20 10.3
722.53 5.8
730.67 6.7
735.46 3.9
740.82 11.5
742.37 5.7
746.43 10.7
747.30 3.0
753.42 1.1
758.51 57.9
759.43 29.7
774.02 1.0
780.57 1.7
786.73 2.6
798.46 7.2
799.20 2.7
802.68 3.9
803.43 2.5
810.55 6.4
813.39 1.8
815.50 3.3
820.53 1.6
826.61 24.2
827.73 8.8
828.66 3.0
835.88 4.8
845.54 21.3
846.44 4.9
850.81 3.5
851.48 1.7
852.81 7.0
854.47 2.6
860.48 1.6
863.52 1.6
880.79 2.4
883.62 2.1
894.40 2.8
896.62 3.1
897.60 10.4
898.57 1.4
904.66 1.3
914.58 9.0
915.60 6.0
916.56 1.2
917.21 2.8
919.51 1.3
923.54 1.1
925.73 1.6
926.83 2.0
927.67 9.2
932.47 70.8
933.50 17.5
940.56 11.1
941.78 6.3
965.83 2.5
974.96 2.8
983.74 1.9
984.45 1.5
992.62 1.6
998.60 2.6
999.63 2.0
1009.75 2.0
1010.51 16.7
1027.58 8.1
1028.54 6.4
1031.63 6.5
1045.73 22.6
1046.74 21.4
1047.82 1.6
1049.51 2.2
1055.87 7.0
1056.71 6.7
1059.11 2.7
1127.40 4.0
1156.49 1.7
1163.96 4.4
