1787.011749999999 3
169.29 3.0
172.29 1.9
175.21 8.6
178.08 11.8
179.10 3.3
180.13 1.5
183.14 18.8
184.17 2.1
185.18 5.2
187.15 30.6
188.08 6.9
189.16 5.9
192.29 1.5
193.80 1.6
197.18 7.8
198.22 3.1
199.28 7.4
201.17 251.9
202.16 21.7
203.74 1.8
207.17 4.0
208.07 4.0
209.54 9.8
210.32 1.0
211.29 6.1
212.08 6.7
213.16 2.4
214.54 4.3
215.21 26.7
216.13 2.6
217.18 17.3
219.29 1.1
222.06 6.3
223.17 1.5
225.16 4.5
226.20 1.1
227.19 14.2
229.09 201.8
230.07 3.3
233.09 3.9
234.05 7.2
236.01 4.5
238.09 8.4
239.21 5.1
242.30 8.0
243.18 5.4
243.93 2.3
245.15 18.9
246.05 4.2
249.09 4.2
251.02 4.7
252.43 15.6
253.34 19.2
254.14 2.4
255.26 6.9
256.09 11.1
258.36 2.3
261.32 14.5
262.18 23.7
263.28 4.6
264.15 5.6
265.94 1.2
267.13 6.1
269.20 6.1
270.32 29.7
271.10 3.1
272.04 5.3
272.94 3.8
274.36 11.2
275.23 2.0
277.14 2.5
278.05 1.3
282.13 1.3
283.58 5.9
284.28 16.0
286.75 74.0
287.45 16.4
288.41 5.0
289.14 6.7
290.35 4.8
294.16 5.4
295.73 22.9
298.24 11.2
299.21 6.0
301.39 1.5
302.26 6.9
304.08 1.7
309.37 8.9
310.27 1.5
311.17 20.4
312.12 11.4
315.24 88.4
316.27 7.7
317.09 1.7
319.43 5.2
321.36 1.7
322.27 36.5
324.30 10.4
325.15 7.2
325.98 3.9
329.36 3.9
330.36 4.2
331.26 15.0
333.69 18.5
335.03 11.0
337.24 12.6
338.15 5.6
338.88 6.7
339.74 4.1
340.36 2.3
341.31 19.9
342.41 22.4
343.40 3.7
345.19 12.3
348.94 7.4
349.99 3.0
354.18 19.7
355.34 34.0
356.21 20.4
357.31 30.2
358.09 57.4
359.22 77.5
360.13 133.8
361.29 9.4
362.11 35.9
362.99 18.6
365.22 18.1
367.55 1.7
368.38 4.5
370.87 1056.5
371.98 180.5
372.82 10.1
374.31 11.8
376.29 367.1
377.41 23.4
378.53 1.8
379.88 2677.7
381.07 13.3
382.09 14.7
383.29 34.4
384.60 36.2
385.48 7.1
386.25 20.0
387.47 15.0
388.22 6.1
389.29 2.2
390.32 14.6
391.23 9.4
392.96 27.5
394.22 15.8
396.16 1.3
397.47 12.4
398.47 10.3
400.35 9.2
401.54 21.2
402.42 15.1
403.37 15.0
405.52 52.4
406.53 10.7
407.52 3.0
408.34 9.0
409.10 9.9
411.36 5.3
413.43 3.1
414.45 275.1
415.33 25.6
416.24 35.5
418.29 8.0
419.21 2.3
421.31 8.8
422.19 6.1
423.44 629.7
424.43 5.9
425.50 4.5
426.37 13.1
426.97 28.5
428.37 123.0
429.37 1.8
430.38 7.8
432.15 21.5
433.91 14.0
434.78 8.1
435.68 7.8
436.29 13.1
437.32 20.2
438.45 4.6
439.47 15.4
441.21 116.2
442.03 17.5
443.04 3.4
444.72 9.6
445.38 9.9
446.12 3.8
447.25 12.3
449.02 225.3
449.88 356.7
451.31 48.5
452.30 108.2
453.71 18.4
454.37 2.5
455.66 37.7
456.48 2.1
457.90 166.2
458.85 79.3
459.73 1.9
461.50 1.9
462.79 59.7
463.53 14.8
465.21 9.0
466.16 19.2
466.78 103.4
467.64 15.3
468.29 22.9
469.13 16.9
470.44 59.1
471.98 385.8
473.23 170.5
474.37 23.5
475.14 4.5
476.32 28.8
477.24 5.9
478.38 3.5
479.35 2.5
480.25 31.7
481.35 51.8
482.30 45.9
483.46 50.8
484.43 22.5
485.67 33.1
486.46 18.5
487.86 4.9
489.38 325.3
490.41 47.5
491.69 4.3
492.64 89.9
493.85 1.0
494.47 3.3
495.48 19.3
496.48 20.3
497.49 238.4
498.34 30.3
499.64 20.4
500.28 15.5
501.37 48.8
502.15 60.3
503.22 7.1
504.39 91.4
506.45 1055.5
508.44 82.5
509.34 12.5
510.05 10.5
510.78 1.7
511.51 4.5
512.42 4.9
514.60 377.8
515.50 623.8
516.39 10.2
517.30 14.0
518.39 25.1
519.62 14.0
520.48 90.9
521.39 16.6
522.12 5.0
523.55 51.8
525.21 70.1
526.09 14.8
527.07 7.2
528.69 8.6
529.59 17.3
530.44 9.6
532.03 26.6
533.74 33.8
534.54 22.7
535.97 67.8
537.34 27.1
538.26 40.0
539.37 567.3
540.24 19.6
541.34 14.6
542.32 27.2
543.17 35.6
544.00 9.3
544.74 13.6
546.33 161.0
547.50 18.6
549.02 14.4
550.16 23.6
551.29 33.8
552.38 33.9
553.46 13.5
555.01 172.5
555.77 9.0
556.48 23.0
557.56 19.1
558.53 31.0
559.34 7.0
560.28 59.6
561.31 79.3
562.28 17.0
563.64 114.6
564.59 9.5
565.55 27.0
566.31 20.4
567.27 24.6
568.48 32.5
569.60 10.6
570.38 3.1
572.34 128.7
573.38 86.4
574.45 67.6
575.61 37.2
576.55 10.9
578.59 1237.9
580.42 63.3
581.37 91.7
582.08 32.7
583.18 13.4
584.56 6443.3
585.46 363.7
586.35 79.6
587.12 78.4
587.98 34.5
589.07 16.2
590.39 90.1
591.86 11.3
593.72 5.8
594.99 2.1
595.88 10.6
597.97 2.6
601.80 23.9
603.98 4.7
607.00 3.4
609.54 11.4
611.04 5.2
612.49 11.7
617.53 11.8
618.41 6.3
621.27 2.7
622.41 8.2
623.45 8.4
626.66 10.3
627.48 28.4
628.55 11.2
629.39 18.2
630.61 6.2
631.96 82.0
633.32 9.2
634.46 2.2
636.17 12.9
637.27 11.1
639.84 54.9
640.65 128.5
641.48 80.1
642.16 1.5
643.38 66.1
644.44 4.9
645.50 10.7
647.54 3.6
649.13 152.1
650.00 192.8
650.68 38.3
651.59 5.1
652.74 25.2
653.66 14.3
654.73 13.7
655.36 2.8
656.42 1.8
657.99 687.4
658.63 157.1
659.76 1.6
661.43 326.7
662.46 27.1
663.70 8.5
665.20 4.7
666.28 2.3
667.54 4.8
669.38 4.9
670.42 4.4
672.51 5.3
673.34 10.2
677.70 7.3
678.73 4.5
679.54 29.7
680.57 6.2
681.68 8.7
682.48 4.3
683.97 5.2
684.75 2.2
685.45 3.2
686.41 2.9
688.36 143.1
689.01 32.2
690.57 5.3
692.39 5.3
693.27 7.0
695.51 3.9
696.68 185.6
697.65 253.5
698.67 19.5
701.90 29.0
704.38 5.0
705.78 200.0
706.69 151.1
707.49 13.4
709.43 3.3
710.48 10.5
713.13 8.1
714.67 841.7
715.49 9.2
717.45 5.4
719.93 13.7
722.46 3.5
723.40 2.5
725.03 5.6
725.67 23.5
726.68 8.7
727.36 4.9
728.04 3.0
729.19 1.9
731.61 4.2
732.93 7.7
734.72 4.7
735.42 4.1
737.45 8.6
740.46 342.1
741.45 112.0
742.48 162.4
743.44 74.6
745.45 2.7
746.09 2.3
747.19 16.5
748.63 5.7
749.46 7.1
751.53 1.5
753.03 39.7
753.75 2.9
754.80 29.3
755.95 9.8
758.48 2031.9
759.45 445.5
760.75 4.0
762.35 447.6
763.31 51.0
764.12 50.2
765.68 3.3
766.46 15.0
767.59 23.8
768.59 16.4
769.99 1.4
771.23 454.8
772.10 1.5
773.83 1.5
775.36 9.5
777.33 14.6
778.18 3.6
780.02 1336.5
780.65 795.8
781.28 8.3
783.14 23.8
783.77 18.8
784.90 7.6
785.60 38.2
786.76 15.1
789.40 16.8
791.63 1.3
793.97 3.6
796.48 3.4
797.95 1.1
798.89 5.7
801.10 24.0
801.75 16.6
802.59 2.1
803.56 15.8
804.62 1.7
807.35 9.2
809.41 13.2
810.27 4.3
811.55 12.6
812.51 8.2
814.63 1.3
816.88 8.8
819.65 20.3
820.67 17.6
824.06 6.8
826.83 5.6
827.57 91.6
828.80 21.0
829.63 69.7
830.60 8.1
831.74 5.4
836.71 1.8
838.54 9.7
840.58 3.1
841.59 5.3
842.46 8.8
843.35 7.2
845.49 563.3
846.56 113.2
847.26 2.2
851.57 4.1
852.72 11.0
855.56 407.6
856.54 76.8
857.47 2.2
858.95 11.8
859.59 5.6
860.91 15.5
861.59 22.4
862.53 24.0
863.57 7.4
866.58 2.4
867.53 1.4
868.47 2.9
870.93 4.8
871.68 2.9
872.71 1.2
876.93 2.3
878.81 5.2
879.64 6.1
880.74 29.0
881.61 34.9
882.51 11.4
896.55 149.2
897.73 97.0
898.58 195.4
899.33 23.8
899.98 22.1
900.78 2.4
904.32 5.1
905.71 1.6
906.64 10.7
909.92 7.3
912.47 10.0
914.53 47.4
915.55 13.8
916.62 55.5
917.55 16.9
923.57 6.1
924.77 19.5
926.08 7.2
932.58 111.1
933.62 29.6
935.90 1.5
936.77 4.2
938.65 1.8
942.61 526.5
943.61 112.7
948.87 3.0
952.75 4.2
953.70 2.7
958.61 6.6
959.95 18.2
960.58 3.4
962.32 1.6
963.60 2.3
965.51 7.0
966.54 4.3
969.19 5.9
970.06 13.4
973.10 1.1
975.52 32.3
976.53 140.1
977.53 72.1
978.58 26.1
979.63 13.7
980.55 2.1
984.37 1.9
985.61 3.2
988.14 4.3
988.77 1.6
992.37 8.2
993.75 15.6
994.65 19.6
999.48 15.1
1000.76 2.5
1005.53 5.9
1006.93 5.5
1009.66 30.6
1011.54 248.1
1012.59 76.0
1013.43 14.8
1014.47 4.7
1016.74 7.0
1018.13 6.3
1018.84 3.3
1026.98 3.4
1028.00 13.3
1029.59 1322.2
1030.63 453.8
1031.58 1.9
1036.40 4.8
1037.63 6.7
1043.59 1.3
1044.65 2.9
1045.62 95.9
1046.73 15.8
1048.71 8.1
1050.19 3.9
1051.86 6.2
1053.06 11.0
1055.57 4.7
1061.66 2.8
1066.62 2.4
1067.63 2.7
1072.53 3.0
1090.19 1.2
1103.70 6.0
1114.70 1.6
1122.97 2.6
1124.74 5.7
1130.81 2.1
1132.91 4.0
1138.72 3.3
1152.83 2.3
1155.58 9.9
1156.75 2.6
1165.68 1.8
1166.91 11.2
1167.52 4.9
1168.43 1.1
1169.96 9.5
1185.11 3.0
1197.85 8.2
1198.92 15.6
1208.66 1.2
1222.50 3.1
1225.94 1.5
1226.88 2.5
1262.95 1.5
1296.57 2.7
1361.96 2.5
1367.97 2.6
1445.58 3.3
1521.10 2.3
1671.29 2.2
