1055.49932 2
153.27 2.7
157.08 23.2
158.18 25.5
159.10 2.5
162.16 2.3
163.00 1.5
166.15 1.1
167.03 2.4
168.18 1.8
171.09 5.3
172.17 3.1
175.17 113.7
176.29 5.2
178.30 3.1
179.02 2.7
180.23 4.6
181.11 1.8
182.11 5.3
183.96 6.6
185.17 14.2
186.06 6.5
187.20 153.2
188.16 7.2
192.25 1.7
195.15 4.7
198.33 8.0
199.32 8.8
200.32 10.6
202.24 22.7
203.16 21.9
209.12 3.8
210.06 2.5
212.29 4.0
213.11 3.8
214.41 6.0
215.22 53.6
216.02 11.3
224.55 2.2
226.06 9.6
227.24 53.9
228.24 19.3
232.29 42.9
234.23 3.7
236.03 2.2
237.12 2.1
239.23 3.5
240.01 4.3
241.13 5.2
243.38 9.8
244.16 95.6
245.24 93.3
249.34 6.8
250.77 2.0
254.37 9.0
262.17 1739.8
263.21 116.3
264.41 2.0
266.11 2.5
267.21 4.8
268.26 7.3
272.22 2.4
274.45 5.2
277.55 9.1
278.35 2.6
279.08 4.4
282.47 4.5
283.23 11.9
284.27 2.5
286.29 1.0
287.41 3.0
290.16 2.6
292.74 1.2
293.37 2.2
297.16 5.9
300.33 2.4
302.33 1.5
303.12 6.3
304.30 2.3
305.54 1.8
306.39 1.3
307.71 5.1
310.15 3.4
312.40 3.1
313.17 1.2
314.26 2.8
316.36 14.2
318.20 2.6
322.20 10.5
323.26 2.9
324.44 1.2
325.16 14.5
326.24 3.3
327.35 10.7
328.16 1.6
330.67 1.2
332.33 14.2
333.42 2.4
334.14 2.6
335.13 1.1
338.26 4.8
339.19 1.2
340.22 2.1
343.37 11.0
344.18 6.3
346.78 4.0
349.18 3.6
350.43 32.5
353.23 24.6
354.23 10.7
355.27 22.0
356.22 7.4
357.66 4.2
358.95 5.6
360.17 1.8
361.20 3.9
362.35 6.4
364.85 6.2
366.36 2.4
368.28 12.1
369.76 1.0
371.13 3.9
373.29 271.3
374.36 43.9
375.39 4.0
376.47 7.2
379.18 9.9
380.24 8.5
381.08 3.6
382.31 3.5
383.36 12.9
384.24 3.7
385.05 2.3
386.06 5.2
387.63 3.2
391.29 212.3
392.28 20.2
393.12 9.8
394.25 8.5
395.01 2.3
396.18 14.9
397.20 3.4
399.09 4.3
400.40 24.5
403.29 6.7
407.26 36.3
408.41 6.6
409.48 2.3
410.27 2.9
411.11 3.5
412.46 14.2
413.12 4.6
413.95 29.3
415.28 7.8
416.37 2.0
417.16 5.2
419.89 4.9
421.40 81.6
422.24 12.3
423.25 3.9
424.22 1.1
425.27 7.2
426.29 7.3
427.07 6.2
428.71 7.1
430.03 6.6
431.88 10.7
432.85 3.7
433.80 11.8
435.31 42.3
436.54 17.2
437.22 2.6
438.17 1.6
439.10 10.5
442.27 16.0
443.24 16.3
447.04 2.6
450.29 6.7
451.36 71.6
452.21 12.5
452.84 1.7
453.75 4.6
455.38 6.9
456.96 13.6
457.72 5.7
459.35 5.9
460.94 10.6
462.29 42.3
463.43 8.0
464.36 21.0
466.49 4.6
467.36 17.0
468.35 8.6
469.10 24.5
470.45 17.1
471.08 30.0
473.42 5.0
474.42 7.4
475.15 12.6
476.04 11.0
477.94 53.9
479.27 323.3
480.29 83.6
481.31 4.0
482.35 48.0
483.62 38.8
484.40 25.7
486.32 15.5
487.08 10.4
488.44 106.3
489.26 49.6
490.25 4.8
491.54 53.7
492.45 72.1
493.27 110.5
495.52 30.3
497.44 421.3
498.56 64.0
499.44 3.8
500.36 2.3
502.14 51.5
502.93 16.7
504.47 98.0
506.45 2880.3
507.40 53.0
508.42 19.8
509.68 44.0
510.49 333.7
511.44 59.8
512.74 14.7
513.38 112.2
514.11 22.0
514.89 8.4
515.68 9.9
517.28 3.8
519.27 828.4
519.87 204.3
520.49 44.3
521.32 2.1
528.15 2.5
532.34 8.5
536.47 49.7
537.41 5.4
539.35 27.1
540.27 20.6
542.34 4.3
545.35 9.1
547.55 1.5
548.70 11.6
553.31 2.3
554.52 24.3
555.47 12.3
557.24 6.2
559.28 12.7
560.31 6.9
561.48 6.0
566.56 3.7
569.50 5.1
572.41 1.5
575.37 14.8
576.13 2.2
577.37 285.5
578.32 58.1
580.22 6.1
581.19 13.1
582.22 64.7
583.24 17.2
583.98 2.1
585.42 3.5
586.07 2.6
589.11 2.6
593.43 13.9
594.38 1.5
595.50 2.2
598.58 2.8
599.53 2.1
600.32 2.2
603.60 6.7
605.39 2.8
612.95 1.3
614.45 7.3
615.18 2.6
616.76 5.4
621.35 133.0
622.42 21.8
624.91 6.1
628.57 2.2
630.54 4.4
632.01 6.9
632.62 3.5
636.77 15.5
637.42 63.2
638.72 5.2
639.52 6.2
640.65 4.1
643.19 5.2
644.25 12.8
647.31 9.1
648.63 1.5
649.62 10.2
650.54 26.2
651.45 13.3
654.39 2.2
656.95 1.7
657.62 5.4
658.51 2.7
661.43 4.4
662.49 3.3
665.34 556.8
666.44 117.3
668.29 60.3
669.28 25.5
670.38 4.3
671.59 7.5
678.34 6.6
681.61 7.7
683.40 23.7
684.44 6.4
685.22 21.3
686.37 21.3
687.46 2.0
688.35 13.3
689.55 3.1
692.09 4.1
693.55 33.9
694.38 4.6
696.77 3.6
700.22 3.9
701.68 4.9
702.55 2.1
704.63 3.3
706.49 13.5
707.51 2.7
708.35 3.8
709.77 7.7
711.29 80.4
712.40 35.2
713.44 2.1
714.57 5.4
716.06 8.2
718.04 3.1
718.87 3.2
720.35 7.5
722.44 86.0
723.34 14.9
728.77 28.7
729.48 3.4
730.76 1.2
732.16 5.7
733.70 5.0
734.76 1.2
737.43 5.2
739.14 1.1
741.32 2.2
742.69 8.0
744.10 5.0
744.75 1.6
745.41 1.3
748.60 4.6
750.36 267.3
751.35 77.3
752.32 2.9
753.37 3.3
755.23 7.0
756.55 2.7
760.39 3.8
763.34 13.5
764.26 11.5
764.91 3.4
766.39 420.1
767.43 101.9
768.16 8.1
768.80 6.3
769.47 1.3
770.16 5.1
776.43 40.4
777.42 16.0
780.49 5.8
781.38 132.1
782.30 63.1
789.33 3.7
790.60 1.7
791.31 3.9
794.38 1828.5
795.42 538.5
796.50 16.6
797.58 2.1
799.97 4.6
801.58 5.5
802.60 4.4
806.42 6.2
807.34 14.0
808.38 10.7
809.31 17.4
810.73 2.2
812.37 15.6
813.25 9.2
819.38 22.9
820.49 8.5
821.46 3.9
823.28 39.4
824.38 188.9
825.48 43.0
826.55 2.7
827.60 4.2
832.36 4.3
836.36 5.4
837.48 46.6
838.69 11.1
839.36 3.0
840.28 2.0
841.45 39.6
842.54 19.0
843.66 4.0
851.41 5.1
853.38 88.2
854.44 30.5
855.48 23.6
856.47 9.4
857.65 2.5
859.31 4.2
860.20 1.7
863.44 32.6
864.42 23.4
866.40 1.8
871.34 4.3
880.65 7.4
881.34 109.6
882.61 62.9
883.70 6.9
891.10 6.0
894.58 6.3
895.68 2.7
898.36 20.2
899.50 155.7
900.57 67.7
901.47 2.6
908.68 3.2
910.22 7.4
910.97 2.5
912.37 2.7
915.73 1.7
922.31 2.6
923.53 1.3
924.61 4.0
925.84 1.6
936.11 2.7
937.50 10.2
938.82 13.7
948.16 1.1
957.92 3.6
974.35 1.1
975.59 2.4
989.48 11.5
990.87 24.2
991.63 4.2
996.58 2.3
997.71 7.4
1003.58 4.7
1015.64 6.5
1016.65 9.6
1033.56 167.7
1034.48 49.8
1035.17 2.8
