1272.69669 3
120.19 1.9
122.15 1.1
126.05 3.2
127.00 1.8
128.17 33.8
129.20 8.3
130.08 14.4
131.36 3.6
132.30 5.7
134.22 8.5
135.17 11.5
136.10 7.5
138.06 1.2
141.16 4.2
142.67 4.5
144.21 11.3
145.16 10.6
147.08 24.8
148.08 2.1
149.14 4.1
152.39 3.8
154.11 3.8
155.28 3.1
157.20 345.7
158.18 27.4
159.09 56.8
160.21 7.7
161.33 2.8
162.16 18.7
163.12 7.8
164.28 16.3
165.28 4.7
166.15 1.9
168.15 1.5
169.19 2.4
170.46 11.8
171.25 7.1
172.15 9.7
173.13 8.4
174.10 8.8
176.23 2.9
177.21 1.3
178.36 4.4
180.07 1.7
181.22 6.2
182.20 13.1
182.94 3.5
185.14 304.0
186.11 30.1
188.27 2.8
189.07 3.4
190.23 7.3
191.24 2.4
192.34 2.8
195.24 4.0
196.14 5.6
197.19 1.9
198.17 3.7
199.20 3.6
201.14 13.7
202.19 12.8
203.10 4.1
204.10 1.0
205.30 3.3
206.93 2.7
209.22 2.4
211.00 19.3
212.27 12.0
213.20 19.5
214.26 2.1
215.13 2.0
216.41 1.3
217.04 5.8
218.22 1.1
218.97 3.1
220.13 10.9
221.18 3.1
222.26 7.1
223.29 2.3
225.46 3.8
226.31 8.8
227.27 8.2
228.39 14.5
229.23 18.3
230.12 8.0
231.27 6.2
232.16 6.2
233.77 18.7
235.11 5.7
236.13 4.7
237.08 7.9
238.07 4.9
239.10 5.3
240.23 7.6
241.17 5.0
242.32 3.0
243.25 2.2
244.14 12.7
245.57 12.4
246.28 34.5
247.21 26.3
249.14 7.7
251.55 7.8
252.24 2.4
253.19 9.5
254.11 12.9
255.36 4.3
256.24 1.5
256.86 1.9
258.14 4.5
259.96 7.9
261.21 3.0
262.28 10.4
263.11 5.5
264.25 73.7
265.05 6.5
265.99 7.7
267.11 9.1
268.81 5.0
270.23 12.6
271.30 1.7
272.11 10.0
273.77 55.6
275.21 4.5
276.29 2.8
277.41 6.1
279.15 12.1
280.08 53.5
281.26 20.0
282.76 8.1
284.25 24.0
285.21 15.0
286.11 22.9
287.16 13.9
287.92 4.1
289.15 4.9
290.26 7.2
291.06 19.1
292.41 26.9
293.26 9.4
294.27 13.0
295.22 7.8
296.15 12.1
297.23 53.9
298.18 46.9
299.20 33.3
300.20 7.4
301.16 10.8
302.25 7.2
303.31 26.7
304.29 21.3
305.14 14.9
306.16 11.9
307.22 7.9
308.30 12.3
309.32 14.7
310.04 19.0
311.10 279.2
312.25 9.3
313.30 1.9
314.56 12.5
315.27 84.9
316.22 24.2
317.23 6.1
318.02 7.7
320.28 7.2
321.25 17.0
322.16 17.5
323.14 10.2
324.06 5.6
325.14 18.4
327.24 16.6
328.30 6.2
329.24 14.4
331.11 37.2
332.17 19.0
333.26 19.6
334.33 7.4
335.49 25.6
336.18 9.2
337.42 29.7
338.37 9.4
339.27 31.4
340.13 19.9
341.24 5.6
342.31 8.4
343.66 17.4
344.45 3.1
345.12 5.0
346.87 3.6
348.34 11.1
349.33 8.4
350.28 12.1
351.18 1.2
352.24 21.8
353.35 12.5
354.64 23.0
355.36 88.9
356.35 9.9
357.92 37.3
359.38 5.2
360.10 3.6
361.25 9.2
362.12 11.8
363.33 15.2
364.29 70.8
365.22 24.7
366.17 9.9
367.23 10.1
368.21 14.7
369.13 4.5
370.13 1.7
371.24 8.7
372.07 3.3
374.27 6.2
375.47 2.8
376.21 12.4
377.44 16.2
378.24 17.8
379.36 34.8
380.34 47.6
381.26 16.8
382.32 6.8
383.13 7.9
384.03 22.4
386.15 19.0
387.97 112.5
389.14 60.0
390.21 6.0
391.23 6.8
392.40 1.7
394.13 30.3
395.35 32.0
396.32 27.1
397.44 13.5
400.21 4.0
401.40 54.2
402.70 25.1
404.71 49.5
406.23 282.0
407.17 322.4
408.33 103.0
409.35 3.8
410.05 5.8
411.55 4.6
412.21 6.1
412.94 37.1
414.61 13.7
415.45 30.4
416.33 20.9
416.97 3.1
437.67 1.4
438.60 2.6
439.36 1.5
444.52 78.3
445.42 7.4
447.30 35.9
448.36 18.3
453.10 3.3
454.65 2.1
457.47 1.2
463.46 4.2
464.37 1.3
469.13 1.5
469.78 4.3
471.54 2.7
479.05 12.2
480.95 9.5
481.87 11.0
482.72 8.5
487.95 391.6
499.40 30.9
500.24 1.6
506.39 1.7
507.44 10.9
509.82 15.2
510.43 2.5
518.35 2.9
519.32 13.6
521.80 2.2
523.61 3.3
524.39 1.1
527.22 23.0
528.28 2.2
529.16 5.5
532.40 3.3
535.86 316.6
536.49 542.6
537.38 9.0
538.00 3.1
543.38 18.4
545.04 5791.1
546.01 208.0
547.25 26.5
548.36 7.7
549.16 8.4
549.83 12.9
550.83 7.0
551.84 3.1
552.69 3.0
553.46 1.4
554.21 3.5
558.39 8.0
560.48 1.5
562.16 4.3
563.54 19.7
569.67 1.5
573.33 5.7
574.63 2.8
577.43 4.6
578.08 3.7
579.41 3.5
583.84 6.1
588.37 2.1
592.59 50.5
593.43 14.7
595.32 13.8
596.48 2.9
599.41 1.8
601.57 433.3
602.37 28.2
604.30 2.5
606.69 53.0
607.56 9.6
611.29 4.5
612.55 1.7
614.34 5.1
618.95 10.3
619.61 1.2
620.40 6.9
623.46 1.0
624.29 6.7
625.61 6.8
628.05 5.0
631.40 12.9
632.46 6.5
633.79 5.5
635.61 1.7
637.48 4.6
642.32 19.9
643.27 19.1
644.58 3.7
645.52 4.4
646.64 5.3
659.60 3.0
661.37 78.5
662.38 31.0
663.38 3.4
664.58 3.2
665.63 1.9
667.46 3.4
677.18 3.6
678.20 7.2
689.51 2.1
696.07 1.4
701.07 3.0
709.31 7.1
710.62 6.3
711.56 2.2
716.31 6.9
725.06 4.4
727.07 2.3
728.26 3.4
735.56 1.5
756.35 17.5
757.48 7.4
759.90 2.0
774.40 117.2
775.54 72.7
805.58 6.8
806.74 1.5
808.31 5.9
826.55 1.8
827.62 3.4
828.33 6.6
870.98 1.4
887.47 39.1
888.58 29.3
889.79 5.5
924.43 1.3
942.44 43.8
943.51 12.6
960.28 2.5
974.79 2.4
995.48 3.3
