1873.82158 2
276.26 6.9
277.46 6.5
279.32 2.2
296.39 3.2
299.16 4.4
329.35 2.7
339.14 2.7
345.07 4.0
346.31 1.4
347.20 1.4
350.13 2.0
350.90 2.7
352.22 1.1
367.03 1.5
368.18 1.7
373.53 1.9
378.21 1.8
384.17 3.8
398.47 1.6
401.19 1.1
403.55 1.1
407.10 1.2
409.19 2.4
410.44 2.2
416.17 7.5
421.90 7.9
423.70 2.2
424.33 7.0
427.14 3.0
427.98 1.4
430.32 4.7
433.19 3.6
437.22 2.0
447.12 13.5
448.16 3.8
449.57 1.5
453.29 2.8
456.13 1.2
458.23 6.8
462.24 1.0
469.44 5.0
470.14 4.5
473.44 1.4
476.24 8.3
481.25 3.7
482.27 1.2
485.91 1.0
494.32 4.9
498.42 3.1
501.16 3.3
506.37 5.8
507.55 1.3
519.26 3.8
522.35 2.0
524.43 1.6
525.52 2.8
527.38 2.0
531.12 3.5
538.22 2.0
541.17 5.8
542.26 7.5
544.23 7.0
547.29 2.5
552.43 1.6
562.22 6.3
569.34 3.6
571.24 3.3
574.28 6.9
579.33 1.3
581.11 8.2
582.31 5.6
583.29 2.4
584.10 2.5
592.26 5.2
593.77 2.2
596.20 3.0
597.16 5.6
598.50 2.9
603.60 1.1
604.42 2.1
610.34 1.2
611.44 4.1
615.11 6.0
616.55 6.0
617.49 1.7
619.56 5.3
621.48 1.2
625.42 9.2
630.65 4.3
633.32 3.3
641.17 6.1
641.79 1.6
643.54 3.1
655.35 5.0
661.51 1.0
662.22 5.1
664.35 2.2
665.37 6.8
667.39 1.9
668.46 1.5
672.22 7.4
673.61 3.0
677.88 9.1
679.37 4.0
680.72 1.6
681.35 2.8
682.31 2.1
683.15 3.9
684.63 1.5
686.13 1.1
687.36 8.2
688.42 1.7
690.23 10.6
691.21 2.4
695.88 4.6
697.50 6.2
701.22 1.4
707.90 12.8
712.36 8.1
713.26 2.0
714.93 2.8
717.24 5.0
718.20 20.6
720.54 8.1
721.99 4.3
724.37 4.4
725.20 2.8
727.40 1.4
728.02 3.8
729.31 2.0
730.40 2.3
732.29 10.3
733.21 2.4
737.11 14.8
738.64 5.0
742.56 1.2
743.52 1.9
744.67 5.3
745.39 13.6
747.32 4.8
752.59 1.0
754.43 6.4
756.51 1.5
757.29 10.3
758.42 1.8
759.48 1.6
760.60 7.2
762.65 21.6
764.05 9.2
765.65 5.8
769.50 8.5
771.33 2.0
774.29 14.7
775.66 2.4
776.46 4.9
777.54 13.1
778.59 10.3
780.24 6.5
781.03 4.3
781.96 10.5
783.39 1.5
784.40 3.7
785.28 10.8
786.80 11.1
787.75 24.9
788.36 1.5
790.80 5.5
791.52 3.0
796.07 4.3
797.44 2.1
798.24 10.7
799.45 2.8
800.58 11.4
802.34 4.3
803.40 2.2
804.47 4.3
805.29 1.7
805.91 2.4
808.81 6.2
811.54 7.0
812.52 10.0
813.52 13.3
814.39 3.3
815.42 5.9
816.50 6.5
817.44 5.0
818.22 14.1
819.60 2.5
820.85 3.9
821.82 9.3
823.85 8.7
825.71 9.7
826.49 21.2
827.48 10.3
828.30 1.1
829.00 7.2
830.09 7.5
831.49 15.2
833.43 14.5
834.33 3.3
836.50 6.6
837.52 16.7
838.24 13.5
841.10 2.5
841.96 8.8
843.16 14.4
844.16 4.6
846.15 11.9
847.41 3.5
848.79 10.7
849.79 26.5
850.55 15.0
851.35 13.1
852.63 2.9
853.84 8.1
854.48 2.6
855.48 14.5
856.88 15.1
858.12 17.5
858.83 42.2
859.54 41.4
860.14 20.0
861.27 1.4
862.41 5.8
863.31 7.4
864.23 16.5
865.41 30.1
866.18 30.2
869.68 7.9
870.73 17.7
871.62 4.2
872.61 3.9
873.51 18.6
875.25 10.5
875.87 6.4
876.58 7.9
878.13 12.0
879.06 9.5
880.25 2.5
881.20 9.8
881.85 1.9
883.04 6.3
884.44 15.5
886.47 19.7
888.13 28.5
889.23 12.4
890.78 3.9
891.63 44.5
893.28 37.6
893.89 3.1
894.73 4.1
895.57 27.8
896.96 23.8
898.18 30.2
899.48 39.4
900.34 8.1
901.24 39.9
901.86 18.3
902.50 3.5
903.34 1.4
904.32 18.0
905.15 53.0
906.21 124.1
907.17 62.3
909.11 9.2
910.01 7.3
911.16 28.5
912.80 25.7
913.91 41.3
915.26 133.4
916.06 118.5
919.26 164.5
920.18 150.2
921.15 16.4
922.61 118.4
923.63 103.8
924.62 3.9
925.81 2.8
926.68 5.3
927.50 1.1
928.62 68.8
937.89 1.2
943.76 1.5
944.95 4.3
956.25 11.7
964.61 5.3
972.63 1.2
980.52 8.8
982.08 6.9
984.64 4.3
985.44 4.2
994.69 3.1
998.80 4.5
1000.37 2.0
1002.46 7.1
1003.51 4.1
1004.23 1.4
1005.31 5.8
1012.16 2.6
1013.62 2.4
1023.54 7.0
1028.60 1.9
1030.61 1.4
1036.36 2.5
1039.64 2.9
1040.57 8.1
1042.67 4.6
1044.52 3.3
1049.34 1.1
1052.70 5.9
1055.74 1.9
1059.64 1.3
1060.73 5.7
1061.61 1.7
1064.53 1.8
1069.20 5.4
1069.80 2.6
1070.61 3.0
1071.51 1.1
1073.52 3.3
1074.72 1.3
1076.25 5.5
1077.68 3.3
1079.72 14.4
1085.67 5.3
1094.55 14.0
1095.66 6.8
1097.54 30.7
1098.56 5.4
1099.57 16.5
1100.57 7.7
1101.21 9.0
1109.30 7.6
1111.64 1.9
1112.50 3.8
1114.71 1.7
1116.76 3.5
1119.60 5.9
1122.67 1.5
1124.00 7.2
1126.37 2.0
1127.38 14.3
1130.32 14.5
1134.65 3.2
1138.20 10.1
1139.69 6.8
1140.81 1.4
1141.54 3.2
1142.26 2.2
1145.66 7.0
1152.14 1.8
1154.66 18.7
1156.68 1.1
1158.00 1.9
1163.58 2.7
1166.38 3.7
1168.50 8.1
1170.71 3.2
1172.77 4.7
1174.77 8.2
1177.23 1.9
1178.58 3.5
1184.50 30.6
1185.41 2.0
1186.69 6.0
1188.55 2.9
1193.55 2.9
1195.30 5.6
1196.45 1.4
1198.99 14.5
1200.66 2.9
1202.63 3.9
1204.50 1.2
1212.18 6.0
1212.86 3.8
1213.59 2.8
1217.09 2.4
1219.36 5.9
1221.42 2.2
1223.38 2.4
1224.88 1.4
1225.60 3.6
1227.13 1.8
1229.58 2.8
1241.65 18.8
1242.27 1.2
1244.61 2.2
1245.72 3.6
1247.95 9.8
1251.36 4.3
1252.76 5.0
1253.71 5.4
1257.67 2.2
1259.61 3.5
1262.30 3.7
1267.85 1.7
1270.36 1.2
1288.73 11.2
1294.76 1.4
1299.34 1.8
1300.96 2.5
1304.36 5.6
1308.18 1.1
1319.53 3.6
1324.59 7.7
1327.89 5.8
1334.53 1.9
1336.87 1.9
1342.45 7.2
1343.56 5.2
1346.32 2.1
1348.53 3.1
1354.47 2.6
1356.34 7.2
1359.92 1.4
1362.55 2.4
1365.59 3.0
1369.75 3.7
1370.36 3.5
1371.11 1.2
1371.87 2.9
1373.66 2.5
1381.72 2.5
1382.66 2.1
1383.93 4.6
1387.82 1.9
1390.84 3.2
1397.38 2.2
1399.59 10.5
1400.65 9.5
1401.94 2.4
1402.54 4.3
1407.67 1.1
1408.50 2.4
1409.65 2.4
1411.29 4.8
1413.68 4.5
1414.70 3.2
1427.67 25.1
1428.77 1.2
1429.48 1.3
1436.84 1.7
1441.93 4.5
1444.90 9.9
1446.91 2.2
1451.58 7.0
1453.84 6.1
1456.84 2.0
1467.75 3.5
1470.87 14.5
1484.72 12.3
1501.65 2.3
1502.88 9.3
1505.41 2.9
1511.58 2.8
1513.48 16.4
1525.00 3.4
1541.71 3.8
1542.50 5.2
1543.50 3.7
1550.79 3.7
1552.88 3.3
1555.00 3.0
1559.74 7.6
1561.21 5.5
1563.91 5.0
1566.47 4.4
1569.24 2.3
1571.09 2.7
1580.27 6.0
1582.75 3.0
1590.64 1.9
1596.74 2.3
1598.68 21.4
1600.10 15.8
1611.62 1.4
1614.92 8.6
1624.86 3.7
1625.52 2.5
1628.86 1.8
1630.89 3.3
1643.15 5.8
1643.90 5.4
1644.56 1.0
1653.31 5.9
1655.68 4.6
1657.65 4.1
1660.69 13.0
1661.91 12.0
1667.92 3.6
1671.61 7.5
1672.22 4.6
1673.12 7.9
1681.39 1.7
1682.27 8.8
1683.81 2.1
1687.48 1.2
1699.66 12.1
1700.74 12.7
1711.84 7.8
1717.76 15.5
1728.61 1.8
1729.73 2.1
1730.50 4.5
1736.58 1.9
1741.48 4.7
1755.11 1.7
1771.70 24.3
1772.63 3.2
1792.08 4.4
