1291.70256 2
185.45 2.4
191.18 1.3
197.15 11.3
201.19 1.9
206.95 3.8
209.57 1.7
211.95 4.4
213.39 2.3
215.12 1.3
218.29 2.9
219.24 4.6
223.05 1.2
225.46 2.4
230.07 1.4
231.28 3.7
232.11 2.1
234.14 3.4
236.40 1.1
237.32 5.1
240.37 1.9
241.22 3.7
250.95 3.7
254.20 74.9
255.11 2.4
260.22 2.2
261.34 1.0
262.03 3.9
263.65 2.2
265.06 1.7
270.12 2.2
272.17 5.5
274.26 22.4
275.92 1.1
280.25 3.5
281.37 4.4
282.23 16.8
283.32 3.2
284.04 1.2
285.22 1.5
286.18 7.8
287.21 1.5
288.32 18.7
290.15 2.8
291.01 9.3
293.17 2.1
297.09 6.1
298.45 6.9
299.20 124.0
300.30 2.6
301.09 3.8
302.15 6.9
303.22 17.7
304.12 16.2
306.24 6.6
308.29 1.4
310.99 5.8
312.19 3.0
314.36 1.8
320.35 11.1
321.29 1.2
323.36 2.6
329.17 3.7
330.07 1.6
332.08 4.9
334.07 9.4
336.37 2.4
340.36 2.0
342.28 2.0
343.28 1.5
344.21 5.7
345.26 4.3
346.09 1.4
349.04 9.0
351.30 1.9
352.01 2.3
355.11 2.4
359.29 48.1
360.36 9.8
364.05 7.2
365.28 1.2
372.13 1.4
375.21 30.1
376.28 11.0
377.34 10.7
385.33 1.1
386.15 1.8
387.38 4.8
388.31 8.3
390.17 5.5
391.50 1.3
392.38 6.9
393.13 272.6
394.25 35.6
395.14 2.9
399.30 8.2
401.28 4.8
402.08 2.2
403.27 6.2
404.26 18.4
405.34 3.1
406.44 6.3
407.67 6.9
408.42 9.6
409.42 2.8
410.54 1.6
411.37 1.2
413.23 6.3
415.39 7.8
417.39 6.0
418.14 3.8
418.87 2.8
421.36 1.9
425.40 2.2
426.33 6.8
427.26 1.9
429.52 2.0
431.13 5.0
435.16 160.4
436.21 26.0
437.03 11.3
438.29 3.4
439.54 1.9
440.98 4.9
444.40 33.7
445.28 16.2
447.96 17.1
449.32 7.3
450.23 7.6
453.31 2.5
454.22 1.6
458.42 94.3
459.41 7.5
461.15 14.1
462.33 85.3
463.36 12.8
464.57 3.2
465.53 4.8
467.48 5.1
469.27 11.6
470.45 1.6
472.57 3.1
473.32 8.7
477.38 3.4
481.21 1.2
482.11 2.0
482.96 7.0
485.63 1.8
490.33 5.2
495.14 2.6
497.44 16.7
498.44 5.0
499.33 5.9
500.30 1.4
501.36 8.7
502.36 2.4
503.40 8.0
504.37 5.0
505.96 4.6
508.41 2.6
510.05 12.9
510.90 3.1
512.30 2.6
513.20 5.8
515.45 16.9
516.43 1.7
517.22 7.3
518.37 74.3
519.32 8.1
519.98 1.2
520.74 1.0
522.46 4.1
523.32 1.2
524.55 8.5
525.40 28.3
526.94 2.7
528.32 2.1
529.06 2.5
530.47 7.9
531.78 4.0
533.24 3.6
534.53 1.6
535.52 7.0
536.31 8.1
537.16 7.6
540.54 6.6
541.53 2.9
544.29 6.0
546.32 11.4
549.18 8.3
549.89 3.3
552.38 24.2
553.20 13.9
554.33 4.6
555.38 2.7
556.50 5.9
558.11 7.7
559.66 12.2
561.53 353.4
563.74 9.4
564.46 2.7
565.71 17.1
566.43 50.5
567.41 23.8
568.06 12.4
569.38 28.0
570.51 6.3
572.58 13.3
573.33 13.2
575.53 9.0
578.06 5.4
579.99 14.0
581.93 4.7
586.18 65.7
587.43 50.1
588.51 25.3
589.77 24.8
590.47 31.6
591.38 20.4
592.21 3.3
592.86 15.2
594.20 5.7
595.65 13.6
596.46 2.6
600.69 26.0
601.66 35.7
602.39 11.9
603.15 1.5
604.45 8.0
605.09 3.9
606.65 26.1
610.32 5.8
611.51 2.4
613.49 2.5
614.43 3.3
615.22 50.5
616.24 21.9
617.82 8.3
618.43 3.2
620.03 13.8
621.08 6.4
622.53 5.8
624.02 241.7
624.95 23.4
626.45 7.4
628.25 104.3
629.16 115.1
630.04 31.9
631.90 3.4
633.31 3.2
634.43 3.0
636.77 68.2
637.61 79.6
640.58 1.8
655.47 2.2
656.53 2.4
657.35 2.5
667.30 2.9
671.07 1.1
672.50 2.0
673.17 2.0
676.76 2.2
677.52 3.5
678.37 2.4
683.39 2.4
684.55 4.6
685.47 1.5
688.18 3.5
689.13 2.6
691.23 3.2
692.31 1.7
696.53 1.7
699.42 1.9
701.43 162.8
702.49 35.9
704.09 17.7
705.37 3.7
706.34 4.7
708.84 1.9
714.55 1.5
717.99 18.9
720.37 8.9
723.57 4.3
725.30 5.8
729.48 3.2
732.62 3.8
735.78 4.6
739.37 3.5
741.42 1.1
743.64 1.6
745.64 13.8
746.40 1.9
747.20 5.7
748.25 4.3
752.15 7.5
755.48 5.5
756.33 2.5
758.30 4.4
760.58 8.3
762.52 2.2
763.46 8.2
765.55 2.1
769.55 1.7
770.76 8.2
772.59 7.4
773.51 13.4
774.25 3.5
775.53 16.5
776.45 4.4
777.32 1.1
779.47 1.6
785.37 2.1
786.39 2.9
787.62 2.4
791.25 13.2
798.57 1.8
800.18 3.2
801.69 4.6
804.03 11.2
805.68 2.2
809.19 5.5
811.40 6.0
812.44 29.3
813.37 6.4
814.83 3.9
816.41 16.2
817.45 13.7
818.41 4.6
820.38 8.5
827.30 3.1
830.50 325.6
831.45 38.6
834.43 25.9
835.49 8.4
839.79 2.6
841.21 5.1
843.69 3.4
845.11 4.8
851.14 5.9
855.61 11.6
860.61 2.8
861.49 3.3
862.69 2.5
872.55 2.6
876.83 1.0
877.43 1.8
880.74 5.4
882.98 5.2
886.57 1.5
887.68 3.5
888.63 4.6
889.49 3.8
892.85 3.6
896.11 2.9
898.42 2.5
899.55 27.8
913.03 2.8
915.53 1.7
916.51 4.9
917.61 2.6
922.98 1.3
925.67 1.4
930.17 3.2
931.71 3.1
933.50 36.1
934.64 13.7
935.62 1.2
948.41 8.4
951.72 2.1
957.55 11.3
959.38 1.1
964.52 4.7
975.66 5.6
976.48 17.8
977.64 10.2
987.55 15.1
989.47 7.1
990.75 6.8
993.53 1342.0
994.55 314.5
995.18 1.6
998.78 6.1
1001.82 10.5
1003.62 6.0
1004.63 8.7
1005.52 1.0
1007.57 1.6
1010.26 1.9
1013.65 1.2
1015.62 2.1
1017.03 2.2
1020.53 6.5
1029.51 4.6
1030.57 1.7
1031.18 4.9
1032.21 8.9
1042.39 2.8
1043.33 8.1
1044.33 6.1
1046.61 2.3
1049.53 9.0
1050.89 13.4
1051.61 2.7
1058.43 2.1
1059.33 1.6
1060.78 5.7
1061.72 4.9
1063.02 7.3
1063.77 11.2
1070.70 1.3
1072.88 4.2
1074.78 1.9
1082.89 6.7
1086.41 7.8
1087.38 9.7
1088.54 5.8
1089.78 11.8
1090.82 4.4
1092.54 4.2
1097.72 1.3
1099.55 11.2
1101.24 1.7
1104.72 8.3
1107.38 1.2
1115.59 4.3
1117.06 53.8
1117.76 17.6
1118.63 4.2
1121.75 24.3
1122.45 3.4
1126.65 2.3
1127.80 2.2
1128.96 8.5
1131.60 11.3
1132.76 9.2
1134.00 4.7
1135.05 4.5
1144.62 3.6
1145.64 2.3
1164.51 1.5
1173.65 1.6
1235.15 1.6
