934.52629 2
136.11 7.0
138.11 3.9
141.18 1.5
142.29 5.8
143.13 9.3
144.12 2.6
144.96 1.3
147.23 24.1
148.22 3.8
151.28 1.5
154.04 1.7
156.26 4.9
157.30 3.4
159.31 4.3
160.18 1.1
162.08 15.8
164.08 5.7
165.08 2.5
167.00 3.1
169.23 1.3
171.12 67.6
172.28 6.8
173.23 12.4
174.00 2.5
175.30 5.2
176.93 6.8
178.31 4.8
179.19 9.2
183.22 1.9
184.07 2.3
186.27 2.7
190.36 3.2
191.26 7.2
192.15 5.7
193.20 3.2
193.88 1.1
195.03 4.0
197.16 10.5
198.33 5.4
203.46 2.5
204.11 6.7
205.09 3.8
206.11 3.1
207.16 9.3
208.23 1.3
209.17 5.0
210.31 17.6
211.27 5.6
214.10 12.8
215.20 1.5
216.10 2.9
217.28 5.4
219.08 2.9
220.58 5.9
223.00 23.2
224.14 8.2
225.09 7.8
225.84 5.1
227.34 25.7
228.25 14.4
229.15 4.8
230.04 8.8
231.28 1.2
232.12 6.7
233.11 20.2
234.09 9.7
235.72 8.5
237.12 3.6
238.21 5.1
238.97 1.3
240.23 9.9
241.23 13.0
242.95 7.2
244.32 18.7
245.23 3.0
246.25 94.4
247.28 19.0
248.21 2.8
249.05 2.2
250.17 2.3
251.19 3.5
253.27 13.3
254.09 3.4
254.80 1.3
256.36 19.5
257.13 5.6
257.97 10.7
259.15 5.1
260.46 5.2
261.15 4.6
262.32 5.5
263.19 3.6
267.15 5.3
268.02 5.0
269.54 9.7
270.34 3.1
271.27 16.3
273.21 79.0
274.07 13.3
275.24 7.4
277.15 4.3
278.21 3.6
279.78 5.2
281.11 7.2
283.18 10.3
284.16 2.2
286.25 2.8
287.25 4.0
288.20 14.7
289.37 19.1
290.26 9.8
291.31 6.3
293.50 12.8
294.20 4.4
295.23 5.8
296.08 5.5
297.03 10.7
298.07 2.4
299.27 6.7
300.11 5.4
301.32 3.8
302.49 4.3
303.11 7.5
304.41 5.9
305.38 8.8
306.26 6.7
307.16 8.3
308.09 15.2
309.30 8.0
310.11 13.4
311.32 8.0
312.33 5.8
313.24 3.0
314.23 6.0
314.95 2.3
318.23 73.2
319.46 16.3
320.23 8.8
321.07 3.4
322.21 29.9
323.16 8.3
324.37 4.4
325.08 3.8
326.48 8.9
327.29 5.8
327.98 2.0
329.15 2.7
329.88 4.5
332.14 12.6
333.22 5.1
334.24 4.9
335.15 13.2
336.15 33.4
337.27 96.9
338.34 19.6
339.30 4.5
340.34 18.9
341.15 8.4
342.82 1.9
343.54 6.2
344.35 8.6
345.34 2.5
346.34 13.2
347.22 4.1
348.39 3.8
349.23 4.9
350.25 13.0
351.43 15.3
352.30 12.4
353.16 40.2
354.25 111.1
355.30 15.9
356.21 7.1
357.28 33.6
358.28 11.6
359.39 11.4
360.16 13.4
361.23 4.1
362.06 5.7
363.68 23.7
364.34 4.0
365.19 13.4
366.29 20.7
367.18 4.9
368.33 13.7
369.65 18.1
370.98 11.8
371.88 7.1
373.07 9.1
374.30 19.8
375.22 28.5
376.15 14.3
377.03 20.9
378.41 2.7
379.28 9.2
380.27 42.8
381.87 11.8
382.95 110.6
383.99 11.3
384.77 21.2
386.03 5.8
387.16 6.5
388.25 6.7
389.24 2.5
390.20 8.7
391.22 5.3
392.13 2.2
393.46 74.0
394.37 21.9
395.33 25.0
396.40 4.5
397.38 12.1
398.36 2.1
401.84 13.8
403.17 87.9
404.36 15.0
405.18 8.8
406.22 15.2
407.09 32.9
408.14 31.3
409.38 6.8
410.23 36.3
411.13 12.1
412.24 6.9
413.36 6.2
414.55 3.1
416.30 33.8
417.50 16.8
418.33 6.2
419.47 14.4
420.33 8.9
421.53 17.3
422.60 28.0
423.34 26.5
424.47 33.6
425.35 6.7
426.54 22.0
428.58 50.1
429.39 13.4
430.42 11.9
431.23 74.0
432.23 31.6
433.44 9.4
434.26 10.6
436.29 17.7
437.25 124.8
438.24 138.3
439.33 8.7
440.13 12.7
441.16 9.0
442.23 5.0
443.17 9.8
444.94 33.8
446.31 312.9
447.21 11.9
448.71 47.3
449.31 363.3
450.28 462.0
451.22 74.9
452.49 17.1
453.38 7.9
454.23 8.7
455.28 8.9
456.32 3.6
458.47 92.5
459.28 439.7
460.03 5.8
472.04 1.8
486.39 11.8
487.46 15.4
498.29 13.4
499.29 3.8
501.41 1.8
504.29 254.9
505.35 36.1
509.09 3.2
512.30 2.8
515.50 2.7
519.32 5.9
521.32 7.3
524.68 3.2
528.47 2.3
531.01 4.2
532.52 4.3
534.47 6.3
537.55 1.2
542.25 20.2
543.36 4.0
544.86 4.1
546.12 7.9
549.92 6.6
558.42 7.0
560.24 30.7
562.56 2.2
566.66 16.8
570.64 12.4
573.84 10.2
577.27 6.9
584.00 2.1
589.32 1.4
590.30 5.4
591.34 3.3
596.33 2.4
598.45 3.8
603.92 2.0
604.57 1.4
613.87 4.8
617.38 256.6
618.42 73.4
628.65 4.9
631.63 2.3
632.85 5.4
634.87 5.6
636.71 13.2
641.80 5.3
643.31 5.2
644.38 13.0
652.28 3.3
653.35 7.3
657.40 2.6
658.55 2.7
661.44 6.3
663.64 2.2
671.34 17.4
672.70 15.3
673.65 5.1
675.39 11.4
689.37 58.7
690.38 19.0
699.38 3.1
703.36 1.5
705.31 4.9
717.40 12.4
724.36 4.9
733.38 2.8
736.47 1.3
741.34 3.2
743.52 5.4
744.55 1.7
747.63 2.2
756.33 2.3
764.43 413.5
765.49 106.0
770.52 20.1
771.57 4.2
785.52 1.8
788.30 32.1
789.50 13.6
792.22 2.1
801.21 3.4
803.18 2.6
804.07 8.4
806.69 3.2
821.47 391.6
822.44 150.3
853.63 2.3
889.24 4.7
896.51 4.2
912.19 7.2
