778.41167 2
113.07 5.2
116.44 2.5
118.63 1.4
120.20 182.1
121.19 15.5
122.15 58.1
128.17 2.4
129.20 40.5
130.15 18.9
133.23 3.6
138.08 2.0
139.11 2.1
147.24 32.1
148.21 1.5
149.11 8.2
150.08 5.1
151.15 1.7
155.41 1.2
156.30 3.8
157.15 3.3
159.15 5.2
160.28 4.9
161.31 4.3
163.09 5.1
165.25 1.4
167.19 4.0
168.27 3.9
171.20 2.4
174.22 8.4
175.14 13.6
177.91 7.8
179.19 2.8
180.24 2.3
181.27 3.6
182.11 1.4
183.29 2.7
185.19 9.1
187.23 1.7
193.13 2.4
195.29 1.4
197.36 3.6
198.17 14.9
199.13 1.7
201.22 2.7
201.96 6.0
203.19 1.2
205.06 4.7
209.06 2.5
210.15 1.9
211.18 4.6
213.16 2.0
214.18 9.7
215.30 4.6
216.24 1.9
217.25 16.5
218.18 1.5
219.12 3.7
220.13 4.7
222.08 5.9
223.23 8.1
224.16 2.3
226.19 27.3
227.18 3.7
228.89 2.5
230.10 5.5
231.38 4.0
232.31 37.4
233.15 717.4
234.23 89.7
237.19 2.9
238.04 3.3
239.21 8.4
240.22 17.7
241.20 3.2
242.66 11.3
244.14 24.3
245.23 10.4
246.25 6.0
248.22 5.8
250.30 5.3
251.16 7.1
252.00 5.4
253.25 4.0
254.20 4.0
255.27 4.0
256.36 2.8
257.18 54.4
258.24 58.8
259.16 8.4
261.12 367.5
262.21 52.7
263.17 4.6
267.43 3.3
268.16 2.4
268.98 20.5
271.60 11.2
272.34 8.7
274.12 29.2
275.17 140.1
276.14 10.6
277.24 3.2
278.28 3.9
278.97 1.9
280.03 1.9
282.26 4.0
283.09 5.3
284.68 3.7
286.30 1.4
287.42 4.4
289.14 9.1
290.24 43.2
291.13 5.2
292.13 8.0
292.92 4.3
294.99 30.3
296.21 14.5
297.08 19.4
298.05 2.3
299.99 8.0
302.15 7.5
303.79 2.3
306.85 4.7
308.85 7.7
310.28 3.4
311.21 2.7
312.45 2.6
315.02 1.2
316.07 5.9
319.20 8.1
320.35 6.1
322.18 1.2
322.92 1.3
324.43 1.7
325.22 6.8
326.16 3.9
326.88 2.2
329.39 42.1
330.29 138.7
331.29 58.6
332.25 9.8
333.27 15.2
334.84 28.4
335.65 12.7
336.32 6.5
337.48 13.2
338.36 5.1
340.60 1.7
341.34 6.0
342.16 6.9
344.09 9.3
345.20 6.3
346.14 20.9
347.23 9.2
348.01 7.8
349.10 13.1
350.16 12.6
352.15 7.2
353.24 16.7
354.10 14.8
354.98 4.6
356.23 2.7
358.50 37.1
359.56 14.6
360.41 1.5
362.39 9.6
363.56 60.1
364.41 29.1
367.11 48.8
367.87 10.8
370.06 20.9
371.25 210.4
372.29 244.8
373.29 31.7
374.14 11.9
375.31 43.0
376.35 12.6
377.47 14.6
380.48 222.2
381.40 255.9
383.40 23.3
384.52 1.5
397.57 2.5
399.31 4.8
402.42 2.8
404.29 22.7
405.33 18.4
432.30 4.5
437.22 3.9
439.12 5.5
441.30 3.7
445.88 20.6
447.36 6.6
449.24 4.0
454.22 5.4
455.84 2.2
457.09 4.6
458.22 10.9
459.46 6.2
460.13 1.4
461.44 5.6
464.11 9.0
466.12 3.7
467.47 7.1
470.55 5.8
472.01 19.0
474.61 1.1
476.52 8.5
477.36 3.4
478.17 4.3
482.19 3.5
483.29 4.6
484.11 11.2
485.22 6.1
487.25 24.3
488.19 13.4
490.27 9.2
494.58 24.3
496.56 11.7
497.42 9.0
499.47 1.1
500.72 26.1
501.42 62.4
502.40 17.9
503.15 6.9
504.26 66.0
505.29 33.2
506.36 1.3
511.79 2.7
513.39 12.3
514.45 1.6
518.30 1991.0
519.32 357.0
519.95 2.0
520.98 11.9
521.68 3.5
527.25 4.6
528.32 15.7
529.09 16.4
530.13 1.3
534.30 1.3
535.52 2.0
546.27 2.6
547.29 19.9
548.50 2.6
552.42 1.4
553.27 30.7
554.47 20.7
555.26 2.2
559.34 2.6
565.50 1.6
566.37 2.1
567.52 3.0
569.61 1.4
571.49 1.5
577.31 5.2
580.60 2.3
585.07 9.1
587.51 1.2
589.27 5.4
593.74 3.1
595.56 3.5
597.45 2.2
598.35 4.4
599.29 5.1
600.00 1.5
604.33 8.2
605.39 15.9
612.17 7.0
613.42 4.7
615.35 32.3
616.45 6.0
617.73 3.1
622.20 1.2
623.05 1.1
624.58 3.6
625.23 4.2
629.22 1.6
630.21 8.7
631.38 172.1
632.32 51.3
633.36 49.9
634.25 4.1
637.51 3.9
641.50 4.8
642.39 10.8
648.25 2.3
650.17 9.1
650.91 3.8
651.64 4.0
652.48 3.8
660.36 1.2
672.52 1.8
739.19 2.2
755.58 3.7
