1238.57842 2
175.36 2.2
178.28 4.5
186.25 3.9
189.09 1.3
199.23 3.1
205.03 4.8
206.02 2.7
226.24 3.9
232.12 1.2
244.25 1.9
248.21 2.1
252.35 3.2
254.14 2.3
265.42 2.6
270.19 2.6
270.91 2.0
280.34 1.1
301.31 2.4
302.15 3.3
307.30 4.8
308.07 2.3
311.06 7.5
312.24 5.4
314.28 5.0
321.10 3.3
322.16 2.9
323.20 1.9
332.02 1.8
335.96 1.5
338.23 77.0
339.39 38.2
340.33 7.9
346.89 3.3
362.00 3.6
375.22 2.2
377.08 2.2
380.71 3.9
388.30 2.0
389.27 5.4
393.39 1.7
400.36 1.4
404.45 2.7
406.18 4.5
417.51 3.4
421.35 2.5
422.31 2.8
425.39 11.0
428.63 3.6
435.01 5.2
441.63 7.1
442.41 2.9
443.30 20.5
445.05 1.7
454.34 8.4
460.20 2.3
461.37 4.5
463.13 1.6
470.85 7.2
471.63 2.1
476.09 7.8
477.97 11.0
482.26 5.1
483.57 5.3
489.32 4.1
491.00 2.2
492.46 5.2
493.22 1.9
494.51 5.4
495.36 3.3
501.92 2.0
506.11 17.9
507.52 2.1
508.69 2.3
509.94 7.1
515.06 8.1
518.22 3.4
519.45 1.4
522.23 1.3
523.57 2.6
524.53 8.2
525.53 15.1
526.33 16.0
529.70 11.1
530.43 1.6
531.25 1.0
534.52 2.9
536.75 5.8
537.82 7.7
539.67 15.2
541.67 9.6
542.45 5.2
544.20 3.0
546.83 13.0
547.48 4.3
548.42 1.4
550.34 19.7
551.25 8.8
552.06 11.2
552.96 9.0
555.85 17.2
556.49 3.9
558.31 90.7
559.39 19.7
560.11 1.8
562.09 3.9
562.79 6.9
566.16 4.2
566.91 9.6
567.85 5.8
569.21 6.8
572.15 11.6
573.11 8.3
574.42 12.5
578.93 5.3
580.80 74.5
581.46 26.8
583.08 1.8
583.73 3.2
584.48 16.1
587.91 13.5
588.60 7.1
589.85 53.5
590.51 50.4
593.01 5.4
593.96 19.8
596.10 6.9
597.52 4.3
599.43 6.6
601.72 65.8
602.46 141.9
603.34 18.7
604.61 3.6
605.23 2.2
607.72 19.1
610.74 380.6
611.59 59.7
612.39 6.5
633.94 4.3
640.36 4.5
641.72 4.4
642.44 3.1
645.48 2.8
646.37 5.8
647.03 3.3
660.58 18.0
661.93 2.2
663.55 22.7
664.56 17.0
665.39 26.7
666.69 8.5
667.51 1.2
669.40 1.5
670.41 29.0
671.25 1.1
674.21 6.2
679.56 6.5
681.49 39.9
682.62 13.6
683.33 2.0
686.35 1.3
687.59 15.5
688.51 2.4
699.16 8.4
701.57 4.5
717.51 2.2
726.40 2.1
736.26 3.5
740.99 4.6
745.48 4.3
760.55 9.0
761.72 12.2
762.91 9.7
764.48 4.6
774.44 5.6
778.42 6.6
779.28 8.4
780.52 11.9
792.36 4.0
793.60 5.6
794.59 4.7
796.46 15.5
799.09 2.6
801.29 9.7
807.47 1.6
813.11 2.7
819.62 2.1
829.56 3.9
836.40 4.3
839.23 9.2
843.07 5.8
853.42 2.0
865.61 2.7
870.47 4.7
874.01 4.6
876.46 1.3
881.84 4.9
882.57 14.3
897.41 4.8
898.40 2.1
899.47 18.5
900.47 43.5
901.60 8.2
902.33 3.7
908.61 7.5
920.69 3.4
929.83 19.8
930.46 3.6
931.74 1.4
936.39 7.1
947.71 1.9
953.40 11.6
954.68 1.4
967.44 10.2
975.68 6.6
991.39 3.1
1015.47 2.1
1019.38 1.3
1032.55 5.4
1037.66 8.7
1038.67 1.1
1042.72 2.6
1043.51 4.8
1044.81 5.8
1046.23 8.9
1053.44 1.1
1062.05 1.2
1063.97 6.5
1064.65 11.8
1065.51 8.8
1083.87 4.5
1094.69 3.0
1102.36 6.5
1105.29 1.3
1107.53 1.7
1122.52 5.0
1138.83 1.2
1156.47 5.4
1157.47 5.5
1182.54 8.2
1198.79 1.5
