1848.7675 2
258.32 1.8
259.28 3.3
275.11 2.5
276.23 19.3
278.19 1.8
285.48 1.4
288.33 1.7
292.43 4.2
294.26 4.3
296.55 5.1
297.23 2.9
309.30 2.6
310.03 2.5
311.22 8.3
320.21 8.4
326.82 2.8
332.94 1.3
336.88 3.1
341.18 7.7
345.27 2.7
349.24 1.6
352.15 4.7
353.63 4.5
355.34 1.7
356.52 5.5
362.29 1.2
365.31 3.0
366.36 5.0
368.30 7.0
369.09 1.9
373.43 5.9
374.96 1.6
378.29 3.3
387.07 1.5
388.08 1.2
390.48 4.4
392.19 4.6
395.30 7.8
399.74 1.6
403.13 2.4
404.63 2.6
405.45 2.1
406.41 7.3
408.91 1.4
412.23 8.4
413.23 7.0
414.21 2.4
417.50 1.3
419.18 3.2
424.21 4.0
425.37 3.2
426.14 1.9
429.49 1.9
430.31 9.7
431.37 2.6
433.97 4.4
435.46 2.7
436.50 2.2
437.42 1.7
442.34 4.4
443.36 2.1
447.31 42.8
448.27 12.7
449.23 2.2
450.26 5.6
452.32 7.6
453.43 4.2
455.29 5.1
461.32 2.7
464.10 2.8
465.21 1.8
467.40 1.6
469.44 10.0
470.14 6.2
472.13 1.9
473.38 3.3
474.48 2.5
476.44 3.1
477.55 1.8
478.37 13.3
479.23 2.7
480.26 6.2
482.22 2.2
486.31 3.1
487.32 5.7
488.69 1.4
490.35 10.7
491.15 3.8
493.37 1.4
494.21 1.1
495.33 6.8
496.32 1.4
498.67 3.5
501.25 1.7
501.94 4.2
504.39 2.1
505.43 5.8
506.23 2.3
507.26 1.2
510.44 1.4
511.12 4.8
513.30 2.3
518.07 2.1
519.48 2.2
520.37 10.0
521.28 1.0
522.48 1.5
523.15 5.9
524.36 4.2
526.81 4.8
529.24 1.5
532.52 2.5
534.45 3.5
535.27 6.4
537.38 3.9
538.36 1.4
540.39 1.3
542.37 6.5
547.82 11.7
548.43 1.1
550.16 2.3
550.79 3.2
551.69 4.0
552.39 3.7
553.13 5.3
554.48 3.0
556.12 5.9
557.90 5.4
558.56 18.7
559.25 1.5
562.15 4.2
563.97 20.3
565.59 4.6
566.22 4.3
568.16 6.5
569.64 1.9
571.68 6.0
572.61 5.7
573.56 5.4
576.52 7.2
577.34 4.4
578.40 2.1
579.46 5.6
580.30 9.2
581.33 8.7
582.48 9.1
584.29 3.9
586.11 2.3
588.46 2.5
589.63 14.8
591.25 4.8
592.36 2.7
594.51 3.3
595.20 1.7
597.14 11.8
598.13 11.4
599.01 8.8
599.67 3.2
600.68 1.0
603.45 2.1
604.39 2.8
605.42 2.5
606.75 8.9
607.93 12.3
610.48 1.2
611.33 2.8
612.48 1.2
613.11 6.6
614.10 2.6
616.36 11.3
617.34 6.3
619.25 12.5
621.12 7.3
622.12 4.3
622.94 1.5
624.43 3.1
625.43 13.1
626.37 4.5
630.47 7.8
632.14 6.4
633.35 24.0
634.38 14.5
635.36 5.0
636.53 13.7
637.40 5.9
638.35 6.1
639.51 35.6
642.33 4.4
643.29 11.6
644.49 5.6
645.31 4.1
646.56 7.0
647.26 3.4
648.26 10.8
649.52 10.3
650.55 13.2
651.39 3.9
652.64 7.3
654.35 4.2
655.37 11.5
656.58 1.4
658.19 3.4
660.20 11.7
661.30 6.5
662.38 2.4
663.47 8.8
665.20 11.1
666.28 3.6
669.26 12.0
670.22 4.5
671.38 5.4
672.86 4.4
673.53 8.4
674.40 3.5
675.32 13.2
677.29 17.3
678.30 2.2
679.29 25.4
680.42 15.3
682.16 1.4
683.10 6.2
684.03 3.9
685.38 3.6
686.06 4.5
688.06 16.0
688.78 3.2
690.48 53.4
691.38 36.3
692.26 2.1
694.48 12.4
695.33 1.3
696.26 9.6
697.81 13.2
698.67 17.6
699.57 8.6
700.46 3.4
701.41 8.5
702.31 2.5
703.42 5.3
704.15 2.5
705.09 2.6
706.38 11.7
706.99 2.6
708.18 18.8
709.07 6.4
710.45 6.9
712.36 79.7
713.32 5.7
714.36 6.1
715.67 12.9
716.47 7.5
717.28 5.1
718.35 12.6
718.98 17.3
720.40 6.1
721.23 11.6
723.25 20.5
724.66 25.3
725.44 5.4
726.33 1.1
727.23 9.7
728.41 4.0
729.79 25.0
730.50 1.7
731.43 8.1
732.29 1.2
733.34 17.1
734.68 2.9
735.32 15.9
736.60 10.0
737.51 10.2
738.74 3.1
739.53 2.0
740.50 10.1
741.43 18.0
742.64 14.0
744.10 4.7
745.42 17.4
746.46 35.6
747.10 13.3
748.99 8.6
749.91 13.8
750.94 24.1
753.55 19.1
754.54 4.1
755.55 9.9
756.28 15.4
757.04 4.2
758.11 6.5
759.48 54.7
760.48 30.8
761.24 6.5
762.43 7.1
763.51 8.3
764.47 3.5
765.78 8.2
767.27 24.3
768.06 22.8
769.44 18.9
770.46 4.4
772.55 17.6
773.62 8.9
774.50 9.2
775.51 19.2
776.51 22.9
777.51 97.6
778.23 17.6
779.11 11.2
780.05 19.4
781.56 22.0
782.32 18.9
783.43 7.5
784.87 2.7
785.52 4.8
787.51 18.8
788.33 5.8
789.22 3.8
790.45 2.3
791.09 1.4
791.99 4.0
792.98 8.9
794.07 27.0
795.29 28.8
796.23 39.8
797.41 3.0
798.04 11.3
799.48 121.2
800.75 15.2
802.14 28.8
803.14 35.8
804.31 9.5
805.29 53.5
806.42 27.2
807.43 42.2
808.56 15.0
810.05 26.5
811.28 49.0
811.99 20.3
813.17 15.4
814.09 24.4
815.03 41.9
816.43 26.7
817.32 3.4
818.53 10.6
819.27 3.9
820.49 42.5
821.43 31.5
822.47 8.0
823.61 24.9
824.76 38.8
825.56 20.3
826.55 9.3
828.16 26.3
829.17 63.0
830.37 19.3
831.03 26.3
831.78 44.6
833.16 14.5
834.45 8.1
836.13 22.5
837.11 14.9
838.19 139.4
839.36 25.1
840.20 6.7
841.30 8.4
842.28 14.1
843.24 31.9
844.36 76.1
845.52 31.6
846.27 93.2
846.92 111.3
847.52 39.1
848.62 18.8
849.84 65.7
850.47 15.6
851.38 38.2
851.99 52.3
853.08 19.7
854.51 26.6
855.31 29.1
856.63 20.5
857.48 58.9
858.28 30.2
860.21 31.9
860.93 44.3
861.92 26.5
863.02 79.2
864.11 19.2
865.39 26.6
866.39 84.5
867.56 37.0
868.53 39.0
869.97 64.3
870.99 47.2
872.11 185.2
873.14 46.4
873.87 26.7
874.57 35.9
875.37 62.4
876.19 141.0
877.09 10.3
878.33 30.2
879.00 86.5
880.29 76.5
880.90 87.3
881.62 77.5
883.11 141.9
884.20 98.4
884.85 160.7
885.63 232.0
886.72 28.9
887.62 86.1
888.55 40.1
889.70 130.9
890.53 47.0
891.76 91.5
892.77 103.0
893.82 891.7
894.57 310.1
895.42 19.0
896.12 11.6
898.29 891.3
899.49 143.6
900.71 139.8
901.45 111.9
902.73 803.6
903.50 272.3
905.15 38.4
906.83 760.3
907.46 578.6
908.20 490.1
909.12 46.6
910.01 148.9
910.96 181.3
911.60 101.9
912.67 32.0
913.40 8.4
914.23 4.6
915.80 14.1
916.48 11.3
924.03 1.9
925.02 2.0
931.52 3.7
932.80 1.2
937.55 5.6
941.19 5.7
942.17 5.3
951.18 7.1
951.95 1.6
952.69 4.0
953.29 10.7
957.58 5.6
958.64 1.7
959.40 9.0
960.54 8.0
961.74 6.8
964.41 3.2
967.49 5.2
969.06 4.5
972.58 6.6
975.34 1.1
977.45 5.7
979.42 4.2
980.54 12.6
982.02 7.0
983.62 4.9
985.59 26.9
986.60 9.7
987.65 4.7
988.50 2.2
993.30 3.5
995.15 3.2
996.77 7.2
998.52 1.2
1001.47 6.2
1003.61 80.8
1004.58 21.2
1005.72 1.6
1006.68 2.4
1007.70 1.4
1008.39 1.9
1009.81 5.3
1010.47 4.2
1012.40 2.1
1013.46 8.8
1014.65 6.7
1016.56 8.0
1018.51 10.3
1019.51 7.3
1022.78 3.0
1024.59 3.8
1025.60 23.1
1026.51 3.2
1028.59 5.0
1029.57 8.3
1032.42 13.1
1036.51 7.6
1038.33 19.3
1039.63 6.1
1040.52 2.0
1042.46 3.8
1043.27 4.7
1044.52 34.3
1045.51 9.3
1049.10 14.7
1050.50 2.0
1051.24 1.6
1053.61 12.8
1054.45 12.6
1055.59 18.6
1058.27 2.7
1059.71 8.4
1069.49 2.8
1071.24 14.9
1072.38 102.7
1073.47 33.2
1074.39 1.9
1075.69 7.3
1076.74 4.2
1077.89 4.0
1079.49 3.7
1081.24 1.5
1085.53 3.1
1086.88 6.6
1087.63 4.4
1089.05 3.6
1090.25 9.4
1091.42 5.0
1093.15 1.4
1093.90 15.2
1094.65 11.4
1095.62 13.6
1096.30 1.7
1098.29 10.4
1101.72 3.8
1103.80 4.1
1104.71 11.4
1105.82 3.7
1106.85 9.9
1108.65 3.0
1109.32 4.9
1110.59 4.5
1113.45 2.1
1114.45 1.9
1115.70 9.0
1121.52 1.2
1122.65 6.2
1125.67 5.2
1126.71 13.9
1128.53 9.1
1129.72 9.6
1131.05 22.7
1131.67 23.2
1132.64 12.9
1133.47 2.8
1135.89 3.8
1138.55 8.5
1139.30 1.9
1141.39 32.1
1142.53 3.2
1143.76 4.5
1144.52 7.0
1145.23 2.7
1146.84 2.2
1147.90 2.9
1148.61 3.7
1153.50 2.9
1154.13 4.0
1158.85 36.9
1159.66 14.7
1160.68 7.0
1163.94 2.6
1170.59 18.1
1171.53 5.6
1173.38 9.6
1175.27 2.3
1176.26 4.9
1177.24 8.9
1178.39 1.9
1179.50 3.0
1180.84 4.2
1181.65 9.1
1182.50 1.4
1183.68 15.5
1184.63 2.1
1185.70 3.8
1186.64 4.6
1188.14 8.5
1188.77 6.9
1189.69 9.2
1191.21 6.0
1192.21 1.0
1193.57 12.3
1194.31 7.4
1196.74 1.7
1198.44 17.4
1199.83 2.8
1201.74 10.5
1202.70 9.4
1203.75 4.3
1206.98 3.8
1208.65 1.9
1209.90 5.1
1211.79 1.7
1212.73 2.3
1213.42 8.0
1214.54 3.4
1215.38 2.1
1216.43 49.5
1217.41 23.2
1225.51 2.9
1228.73 2.0
1231.60 3.1
1234.49 9.7
1238.06 2.4
1239.31 9.0
1242.69 6.3
1244.02 12.4
1249.43 8.1
1250.36 6.3
1254.64 3.4
1261.05 1.9
1261.93 1.5
1264.52 3.3
1266.30 1.9
1267.51 7.7
1268.39 5.8
1271.37 2.7
1275.75 9.0
1278.46 1.9
1280.14 2.6
1281.89 3.5
1285.75 3.2
1287.87 2.1
1288.60 17.5
1289.76 2.3
1290.99 4.6
1291.68 4.7
1293.66 2.2
1297.48 3.0
1298.74 2.5
1300.58 1.2
1301.75 8.5
1305.17 3.0
1305.89 1.4
1306.66 2.7
1308.80 5.2
1309.64 2.3
1311.45 2.7
1316.32 10.6
1321.56 5.4
1325.39 6.1
1326.21 1.8
1326.84 4.7
1328.79 3.7
1331.39 2.0
1335.70 1.3
1339.98 1.9
1340.92 14.3
1341.64 13.3
1343.54 4.8
1344.97 2.5
1348.52 3.7
1350.55 10.0
1352.56 2.3
1354.36 1.6
1356.49 8.8
1357.60 7.3
1359.86 7.0
1362.47 7.5
1363.77 7.3
1368.06 2.2
1369.55 4.2
1370.77 1.8
1371.75 1.4
1373.03 11.5
1374.63 31.1
1375.35 5.7
1377.68 7.6
1383.49 2.8
1384.36 10.7
1386.21 6.3
1387.61 1.4
1389.08 8.0
1390.44 1.7
1391.65 6.8
1392.61 1.5
1393.42 2.1
1394.85 8.4
1395.79 8.2
1398.98 6.2
1400.57 5.5
1401.52 7.2
1402.45 39.4
1403.38 12.9
1404.00 3.5
1405.86 2.7
1406.59 5.5
1414.06 7.0
1415.61 10.6
1419.53 3.5
1420.85 1.7
1421.87 9.5
1423.11 2.2
1425.93 3.2
1427.86 3.4
1430.45 2.3
1431.62 14.4
1433.11 5.2
1433.78 4.9
1443.70 11.8
1445.21 2.9
1448.58 4.3
1450.69 2.1
1454.24 2.6
1455.88 1.5
1458.60 2.2
1459.68 49.2
1460.72 37.9
1461.78 6.3
1463.64 1.0
1466.85 5.5
1469.43 8.3
1470.74 7.7
1474.08 1.7
1476.36 14.9
1476.97 5.7
1477.72 16.6
1478.58 2.6
1482.72 6.4
1484.29 4.7
1487.06 2.8
1487.86 3.7
1489.50 4.0
1497.97 3.1
1502.94 3.4
1505.15 5.1
1507.79 1.2
1510.81 1.3
1511.95 2.6
1512.72 8.4
1515.67 7.7
1520.84 1.5
1526.73 5.5
1527.95 2.4
1528.60 6.0
1529.46 13.4
1530.45 3.3
1532.69 2.7
1535.48 3.4
1536.53 2.5
1537.68 11.7
1539.87 3.3
1540.91 2.8
1541.73 10.2
1543.28 2.3
1545.83 17.6
1546.97 6.9
1548.63 3.2
1555.73 7.3
1556.67 9.5
1557.85 25.1
1559.65 7.3
1562.59 2.2
1565.44 1.7
1570.64 9.5
1573.69 74.6
1574.76 33.6
1575.70 15.5
1576.91 3.6
1578.78 1.0
1583.93 4.0
1584.74 1.4
1587.64 5.3
1588.84 1.8
1589.91 10.4
1590.98 6.0
1591.67 4.3
1592.58 3.6
1593.71 1.7
1594.72 1.4
1596.19 1.6
1599.58 1.1
1604.32 2.0
1608.98 1.9
1609.60 5.6
1610.68 7.0
1612.52 20.1
1613.71 21.1
1614.57 4.6
1618.08 7.5
1622.61 2.6
1626.52 2.6
1629.00 3.3
1629.84 1.7
1630.84 33.5
1631.86 19.6
1632.59 8.2
1635.90 2.6
1638.72 9.2
1640.23 2.3
1641.15 10.8
1646.67 51.4
1647.84 35.5
1655.34 1.7
1656.79 44.2
1657.70 24.3
1659.15 2.0
1674.07 9.8
1674.71 93.4
1675.80 21.6
1676.64 6.1
1677.29 2.0
1685.47 7.0
1692.67 54.0
1693.77 32.7
1694.72 2.1
1698.98 3.9
1710.46 1.8
1719.25 4.0
1772.93 3.0
1793.93 1.5
