951.4438299999999 2
139.13 4.1
142.18 1.7
143.12 1.9
153.22 3.2
155.20 2.1
161.08 6.9
163.21 5.3
167.24 1.4
169.21 20.3
170.23 3.5
172.24 1.1
173.44 1.6
175.30 4.6
185.15 3.7
187.13 187.2
188.09 13.2
195.46 3.3
197.19 2.9
198.91 6.8
202.02 2.0
202.86 1.7
212.15 15.0
213.26 11.3
215.14 99.6
216.14 6.8
221.13 4.1
221.95 2.2
224.14 1.8
225.22 2.9
228.43 1.1
230.26 69.0
231.21 5.2
239.35 2.9
240.07 1.3
244.21 5.1
248.30 4.3
254.30 6.4
255.16 9.7
256.20 4.7
258.20 2.7
261.32 4.6
262.30 1.6
264.33 4.2
269.08 1.1
278.35 1.5
288.14 7.0
294.79 7.5
297.31 3.7
298.30 2.1
300.23 4.0
300.87 2.1
306.35 1.2
311.66 14.2
313.32 3.1
314.20 11.5
315.25 2.2
318.39 1.5
319.40 1.7
320.46 1.7
325.17 1.9
330.11 25.9
331.22 15.6
335.99 5.0
336.96 1.0
340.86 1.8
342.04 4.1
344.70 1.2
347.30 2.5
348.27 1.8
352.19 1.3
354.40 10.6
356.46 1.2
358.89 11.2
360.11 1.9
361.82 6.7
363.53 11.0
365.42 1.5
366.34 1.3
369.54 47.5
371.09 4.4
381.88 6.0
382.87 58.4
384.11 1.6
385.15 1.4
387.11 13.0
388.71 13.3
390.32 4.6
391.02 1.9
393.02 4.2
394.12 9.9
395.18 1.4
396.95 7.3
404.75 4.2
405.84 5.7
406.71 1.6
409.87 4.1
411.93 6.7
413.21 6.7
415.09 1.2
415.90 7.0
418.15 6.4
418.86 21.3
419.53 16.7
421.19 6.7
421.85 5.6
423.24 13.4
423.98 2.0
426.06 9.9
426.99 6.8
428.12 1.4
430.00 14.4
431.06 2.2
432.42 21.6
433.57 3.6
434.85 85.7
435.84 42.1
437.03 25.6
437.93 8.8
440.71 25.6
441.95 6.2
442.56 6.0
443.84 11.9
444.76 13.2
446.33 6.2
447.04 1.4
449.18 7.4
451.84 8.3
452.68 21.7
453.52 26.6
454.42 35.8
456.10 1.4
457.61 31.6
458.27 129.4
459.34 33.7
460.17 2.9
461.07 6.7
462.02 8.3
464.10 15.0
465.63 31.7
467.13 188.0
467.81 100.3
468.72 2.9
487.40 21.8
488.24 1.1
493.86 17.1
494.49 28.4
495.40 13.1
496.44 2.1
500.44 3.0
504.14 3.5
505.62 3.0
506.54 5.5
508.22 7.3
509.26 5.4
518.29 10.9
524.61 4.0
534.40 3.4
536.19 2.3
551.63 4.1
553.13 1.7
565.33 27.9
566.36 11.8
570.69 5.9
576.51 2.5
578.31 3.5
579.36 2.6
582.42 2.5
585.42 6.0
592.99 4.8
603.25 7.0
604.54 3.6
607.13 4.6
615.61 1.4
621.28 34.5
622.39 115.1
623.50 19.0
624.76 4.2
625.53 1.8
629.47 3.6
632.43 1.3
638.46 4.0
647.40 1.1
648.24 3.2
661.34 4.9
662.20 1.9
669.70 5.5
678.26 1.1
679.47 11.4
680.47 12.2
681.48 17.7
682.60 6.8
687.47 2.6
689.52 1.5
694.42 5.1
695.53 3.1
701.39 2.6
702.40 1.2
704.28 7.3
707.48 4.5
708.34 3.0
708.95 2.2
711.84 3.0
719.25 22.5
720.58 7.9
722.37 162.5
723.35 25.4
725.48 16.7
726.54 3.2
737.41 509.8
738.37 167.6
740.47 4.0
745.44 1.4
746.55 4.5
748.55 4.8
755.25 3.2
764.05 2.4
766.24 8.1
771.72 3.1
775.89 5.0
777.26 7.5
779.68 2.7
787.58 2.1
806.54 2.5
808.82 1.5
823.78 4.4
844.35 3.3
846.64 4.3
847.39 2.7
858.64 2.5
869.33 1.5
875.85 1.7
894.78 2.9
910.91 3.2
929.42 2.7
