1124.59673 2
160.02 5.3
162.14 1.6
169.79 1.7
171.29 9.1
175.24 1.6
176.17 6.7
178.13 8.7
185.19 2.6
187.18 18.4
188.37 1.5
189.28 9.4
192.29 1.0
194.07 4.3
195.34 4.3
197.97 1.1
199.18 5.5
200.18 5.2
201.26 1.3
201.95 4.1
203.07 6.2
204.19 1.1
210.10 3.0
211.29 19.8
212.14 3.5
213.11 6.1
215.13 4.1
216.28 5.7
218.16 5.2
219.02 2.6
221.14 1.2
225.29 3.4
229.26 109.0
231.11 2.7
232.29 10.3
233.18 3.2
233.92 4.4
236.08 4.4
237.22 3.1
238.82 2.0
240.46 1.1
242.39 3.6
243.29 1.8
246.15 2.1
247.25 145.3
248.31 10.9
249.20 3.7
250.05 13.1
253.10 2.6
256.37 7.8
257.36 1.7
258.12 4.6
259.08 4.5
260.09 79.3
261.18 10.9
262.30 6.9
263.22 8.9
264.17 1.7
265.70 5.2
267.10 2.6
268.03 1.8
269.15 5.0
270.30 17.5
271.16 12.9
273.45 3.9
274.31 3.1
276.16 15.4
277.18 4.9
278.13 25.3
279.19 1.2
281.32 2.9
282.19 2.5
283.22 9.7
284.13 6.4
287.38 10.2
288.32 8.0
290.08 4.1
293.19 1.2
295.06 6.0
297.34 2.2
298.22 16.3
299.72 3.3
302.25 14.7
303.27 6.6
304.41 2.2
305.42 3.6
306.36 1.9
311.33 6.0
316.09 19.3
317.79 8.5
319.48 11.7
323.54 8.8
324.44 10.7
326.72 2.5
328.31 101.3
329.38 31.5
330.36 1.8
332.16 3.8
334.12 15.3
335.06 6.6
336.05 4.3
338.01 5.8
339.04 11.8
339.75 4.0
340.55 9.4
341.43 20.8
343.44 10.1
344.25 3.1
345.01 1.2
346.36 3.0
347.40 8.6
349.22 7.3
349.91 2.4
351.17 347.1
352.13 64.9
353.18 18.0
354.03 4.0
355.32 2.4
356.21 1.3
357.19 3.0
359.40 9.5
360.01 6.1
362.42 1.7
365.34 4.3
366.01 3.2
368.21 10.6
369.23 28.3
370.25 14.5
372.47 5.5
373.42 4.3
375.13 15.2
376.70 5.2
377.48 3.9
379.06 4.0
381.47 8.9
382.23 20.8
383.19 8.7
384.28 5.3
385.22 20.0
386.26 10.1
387.26 6.5
388.33 3.0
389.67 4.3
390.38 24.7
391.96 2.2
394.42 5.4
398.64 8.3
399.35 5.2
400.15 2.2
401.29 9.4
402.53 5.5
403.35 8.3
404.43 10.4
405.93 3.5
407.10 6.8
409.49 7.2
410.17 11.4
412.16 8.8
413.27 21.7
415.28 3.9
416.48 6.6
417.16 9.9
417.98 4.4
419.49 5.1
420.45 6.4
421.41 13.2
422.25 3.1
423.16 4.2
424.72 20.0
425.89 47.8
426.58 22.6
427.29 2.8
428.09 2.4
429.20 14.4
430.27 5.2
431.33 14.7
432.56 13.6
433.53 15.8
434.21 4.9
435.14 11.8
436.10 7.0
437.39 42.5
438.46 16.2
439.84 55.7
441.10 31.3
442.18 12.1
443.36 80.8
444.29 18.5
445.24 1.3
446.87 29.7
448.05 48.6
449.24 18.6
450.03 18.1
450.65 3.0
452.29 22.7
453.71 27.5
454.44 39.1
455.19 23.0
456.13 18.9
456.82 10.5
458.03 14.3
459.36 15.8
460.24 46.2
461.32 93.7
462.79 13.7
463.53 2.1
464.24 10.5
465.26 5.8
466.42 8.7
468.21 4.8
469.20 11.8
470.29 62.4
471.20 53.9
472.40 21.3
473.69 42.4
474.46 26.8
475.11 16.3
476.38 1.7
477.18 9.5
478.08 9.9
478.86 23.4
480.30 32.2
481.25 38.4
482.30 223.4
482.95 37.4
484.35 5.4
486.26 5.7
487.25 36.8
487.97 56.5
488.88 6.3
491.42 8.3
492.14 8.1
495.13 6.5
496.39 295.4
497.60 63.1
498.43 15.1
499.35 23.3
500.61 29.8
501.46 11.4
502.43 3.4
503.24 11.5
504.29 23.7
505.31 64.1
506.32 31.7
507.32 3.3
508.06 5.2
508.77 13.9
509.72 13.1
510.80 13.5
511.41 3.5
512.12 4.2
513.42 7.3
514.52 4.9
515.36 7.4
516.34 10.7
517.51 15.0
518.24 44.1
519.33 41.7
520.29 20.1
521.50 2.4
522.50 1.8
523.38 3.0
524.50 11.7
525.90 14.3
526.62 1.6
527.26 20.8
528.39 9.0
529.16 1.9
530.75 4.6
531.71 69.7
532.73 36.2
533.43 29.0
534.24 6.3
535.55 9.1
537.18 150.8
538.05 4.7
540.41 177.6
541.67 27.7
542.38 14.1
544.28 250.0
545.18 506.1
546.15 152.6
547.55 23.1
548.34 3.6
549.21 16.9
550.57 30.8
551.27 35.4
552.51 7.5
553.93 2203.6
554.86 8.2
555.62 7.6
556.55 3.6
571.33 9.8
574.46 22.2
575.43 5.7
576.42 11.7
577.32 3.6
580.59 2.7
582.14 1.5
587.47 4.2
589.31 46.6
590.32 4.5
595.48 2.6
596.22 1.3
601.47 3.0
606.61 3.1
608.45 15.5
609.50 7.0
610.91 2.9
613.42 2.3
617.54 7.4
618.25 15.5
619.39 8.7
620.19 8.9
620.82 18.4
621.42 4.5
626.45 1.8
629.21 1.9
638.44 11.1
640.55 1.2
644.03 11.5
644.86 8.7
645.72 7.2
646.70 9.9
647.74 16.5
648.69 3.5
649.55 25.5
652.39 26.3
653.64 2.2
656.23 2.2
661.73 5.3
664.46 93.1
665.37 40.6
666.70 10.7
667.35 3.5
669.46 7.5
670.61 18.5
671.55 8.4
675.01 15.2
678.26 15.0
679.07 19.5
681.10 26.5
682.39 5.2
685.45 1.6
687.29 9.3
688.52 24.2
689.87 12.3
690.68 2.2
692.48 1.1
693.53 18.2
694.77 16.6
697.12 9.4
701.90 4.0
707.11 17.5
708.62 11.4
710.87 12.5
713.28 5.8
715.28 3.2
716.20 2.3
718.13 13.7
719.75 2.6
720.90 6.2
721.68 10.6
722.49 9.4
725.48 2.3
728.71 13.2
729.99 10.2
731.04 7.3
731.76 1.8
735.45 35.8
736.37 28.0
737.25 2.8
739.47 116.5
742.58 1.4
743.20 3.7
744.26 4.9
748.15 1.8
751.28 1.9
752.56 18.5
753.39 10.2
754.58 4.3
755.19 2.5
758.16 2.4
759.58 2.1
760.35 3.1
761.33 2.8
762.18 2.8
763.50 4.1
764.43 3.2
765.37 15.9
768.37 8.9
769.00 5.7
774.66 2.1
779.41 153.9
780.39 68.7
787.65 1.8
788.60 4.7
790.96 4.0
793.15 2.2
795.99 2.6
797.15 1.6
807.67 18.0
808.61 5.5
810.42 145.8
813.34 1.2
815.33 1.9
820.16 2.6
821.47 1.2
822.37 8.9
825.48 3.1
828.52 9.5
829.90 2.0
830.92 5.7
833.08 4.1
836.56 3.9
842.72 1.1
843.40 4.0
846.84 1.5
849.46 4.5
850.46 19.8
852.39 6.4
854.51 1.2
860.40 18.1
861.50 21.7
862.39 10.4
863.31 3.2
865.57 11.4
874.84 13.3
878.47 987.5
879.55 270.9
881.62 2.1
887.78 2.8
892.42 14.4
894.41 2.7
895.25 4.3
897.34 5.6
902.55 1.0
905.21 6.4
906.32 4.5
907.73 4.4
910.37 6.9
921.61 15.0
922.36 1.6
925.34 5.8
925.97 3.0
928.36 10.4
929.32 2.2
930.33 5.0
931.53 7.2
939.54 62.9
941.04 4.8
944.16 2.6
946.87 3.7
949.49 8.1
953.74 2.3
954.65 3.2
959.31 4.3
961.40 2.1
964.86 1.2
966.43 1.5
967.40 7.8
970.36 3.6
973.48 16.8
974.52 17.3
979.46 13.0
991.55 843.5
992.56 469.0
993.18 3.8
995.89 1.2
1010.59 7.2
1012.70 1.8
1031.44 3.2
1036.86 3.3
1041.78 2.7
1046.70 1.3
1048.30 1.3
1083.75 2.3
1084.77 2.8
1085.90 5.9
1087.56 3.1
1098.08 1.8
