1128.51103 2
167.43 1.5
175.21 88.9
177.08 1.4
179.39 2.8
193.25 1.2
201.24 1.0
221.07 1.2
230.28 1.0
245.21 4.9
247.27 2.5
254.19 1.6
255.23 3.5
265.27 4.7
266.46 1.5
272.24 2.3
273.37 5.1
275.68 1.0
283.27 2.9
288.44 3.3
290.23 1.7
291.48 11.5
295.22 3.3
299.25 5.6
300.95 1.0
304.43 1.1
320.04 1.2
321.19 1.6
322.23 1.5
328.47 2.3
334.47 1.8
337.26 9.9
340.25 1.1
340.89 1.3
342.35 4.9
343.88 2.5
352.34 4.6
352.99 1.5
358.91 4.1
360.73 9.3
369.35 1.2
371.06 3.4
379.79 4.2
380.72 4.6
383.18 2.3
387.28 1.3
389.81 6.2
390.48 1.0
392.19 3.6
394.29 1.0
400.98 6.5
402.08 11.8
403.43 12.6
404.12 2.7
408.32 2.0
408.98 5.5
410.94 17.1
414.26 3.7
418.09 2.0
419.69 19.9
421.40 2.8
424.49 6.7
426.20 1.9
428.31 6.4
428.96 3.7
430.27 1.1
432.26 2.2
433.71 9.4
435.09 4.5
437.00 1.9
437.85 2.7
439.44 2.4
442.28 1.7
444.18 5.5
445.06 2.3
446.44 4.2
450.79 8.3
453.20 6.1
457.33 5.3
459.40 5.2
461.85 12.5
462.53 9.8
464.94 18.0
467.51 1.8
468.20 4.4
468.80 2.4
471.59 8.0
474.91 11.8
475.98 22.2
477.32 19.1
478.31 6.8
483.22 14.1
484.47 4.5
487.47 4.9
490.28 7.4
491.91 5.3
493.51 6.5
497.01 1.0
497.77 3.5
498.63 7.3
499.33 2.6
500.52 15.2
501.65 21.5
502.47 14.9
503.40 6.7
504.26 11.4
505.06 13.2
506.19 10.5
506.90 3.9
508.26 4.3
510.71 45.4
511.48 39.9
512.68 13.1
513.72 7.3
514.36 5.2
515.38 23.4
516.12 20.8
517.45 15.2
519.38 11.8
520.29 5.3
524.16 294.9
525.07 24.6
525.98 12.5
530.65 13.1
532.99 4416.7
534.13 86.4
534.81 28.1
535.54 2.3
537.59 10.9
538.37 9.0
539.21 2.0
542.12 21.5
542.80 124.4
543.49 40.9
545.55 3.9
546.40 56.3
547.61 78.7
548.50 15.5
549.37 4.6
552.88 24.3
556.05 389.0
557.15 19.2
558.37 1.9
577.91 1.0
580.49 4.3
582.13 1.4
588.42 10.1
591.43 6.6
598.38 1.0
601.75 2.1
610.02 1.6
612.60 7.1
613.98 5.8
615.17 14.8
619.29 4.6
622.16 2.3
625.55 2.4
628.90 3.9
631.35 7.4
632.49 3.0
636.19 7.2
637.45 1.0
639.83 11.6
646.43 3.4
649.21 6.3
651.75 2.1
653.04 3.8
655.30 6.8
658.94 10.1
665.42 1.8
668.31 1.4
678.43 2.1
683.09 5.9
687.60 1.6
690.07 5.4
691.68 7.9
692.47 3.3
699.03 12.5
704.28 3.9
708.42 14.8
709.50 15.5
710.52 3.6
715.39 4.2
721.27 1.2
729.51 2.2
730.90 6.5
735.38 2.2
739.09 1.1
747.02 9.9
747.69 2.4
758.42 7.5
759.63 6.4
760.45 4.7
764.61 6.4
767.22 2.7
770.79 1.2
771.46 4.3
773.51 2.3
775.47 8.6
776.34 7.5
780.48 10.3
781.34 1.8
791.60 1.7
792.29 1.9
793.63 5.9
801.75 2.0
804.57 8.4
809.31 2.7
814.55 2.4
815.69 1.8
818.61 5.7
819.28 1.4
825.68 2.4
831.23 2.6
833.46 1.7
834.66 3.4
836.42 3.5
839.06 6.7
840.12 7.4
843.51 1.5
846.18 4.6
847.64 4.3
848.44 1.2
849.36 1.2
853.69 1.2
856.33 1.6
863.52 1.4
864.50 1.1
865.43 1.3
866.20 7.5
873.52 2.1
875.49 2.8
886.44 2.8
890.41 145.3
891.54 47.3
892.53 14.8
895.38 1.0
901.82 5.4
908.43 17.4
909.51 4.3
910.42 17.6
911.64 8.6
914.24 3.7
924.64 1.5
935.33 1.8
937.65 12.4
947.71 3.0
948.39 2.5
954.46 93.3
955.41 15.3
960.68 7.8
963.59 4.1
965.50 6.7
966.32 4.1
972.62 9.9
973.75 5.7
981.18 1.5
983.41 3.6
994.11 4.9
999.84 2.4
1089.48 3.5
