1066.51836 2
151.24 1.1
158.29 3.2
175.27 12.7
181.28 2.5
185.02 4.1
186.20 8.7
190.10 1.9
197.37 1.3
200.20 3.8
202.12 33.4
207.39 3.7
208.21 1.2
209.30 6.1
217.22 4.5
218.38 3.3
219.92 3.5
220.93 7.1
227.18 5.2
245.20 4.0
246.00 3.5
247.34 2.6
248.38 3.5
249.92 3.2
263.98 2.2
265.12 32.0
266.14 8.7
268.11 1.3
270.06 1.2
273.36 1.2
275.96 8.8
276.66 2.3
281.09 2.9
288.09 1.5
293.24 30.5
294.90 3.4
299.45 10.1
302.40 3.3
303.28 26.4
304.39 1.1
306.33 4.1
314.64 3.9
319.48 4.3
321.71 6.5
322.86 1.1
325.10 2.4
330.38 15.8
338.03 4.8
341.42 1.6
344.25 3.9
346.31 11.0
347.32 3.4
348.38 2.9
353.74 7.3
356.29 1.4
357.40 3.3
358.30 1.8
359.39 6.4
361.35 6.4
363.14 5.2
364.30 1.4
368.94 4.1
371.48 3.1
373.42 1.7
374.50 3.2
376.13 3.7
379.13 11.1
384.91 7.0
386.02 1.2
386.73 1.1
387.74 103.5
388.55 19.4
390.07 1.2
391.31 9.8
394.81 6.3
396.23 6.9
397.97 2.1
400.22 14.1
405.26 2.0
406.94 3.1
408.35 9.5
409.66 4.7
412.09 13.7
413.38 7.9
417.28 15.7
418.58 11.1
419.24 11.2
420.13 23.4
421.53 6.2
422.32 2.3
424.16 4.1
427.02 3.5
429.26 2.7
430.51 2.0
434.29 2.2
436.59 16.1
438.46 1.0
440.59 5.8
441.79 7.0
443.45 17.0
445.06 7.1
446.04 3.6
447.09 2.1
450.23 2.1
452.28 28.6
452.90 11.0
454.05 3.2
454.89 2.8
456.08 3.7
457.76 13.9
459.13 10.5
465.79 14.8
466.41 4.8
467.80 2.7
469.98 17.1
470.86 1.7
471.46 2.9
473.27 6.8
474.40 4.6
475.29 3.4
476.13 4.2
476.97 15.0
479.58 18.0
480.28 2.0
482.60 3.1
483.40 6.5
484.83 3.8
486.13 1.9
488.63 4.3
489.50 2.7
490.76 6.1
492.47 16.0
493.11 1.2
494.36 11.7
495.54 2.5
497.50 8.6
498.55 24.4
499.99 5.7
504.07 31.6
505.36 2.5
506.66 24.7
508.81 16.9
509.93 9.4
510.96 15.3
511.62 15.3
512.43 8.6
513.44 21.0
514.37 3.0
515.89 91.3
517.07 24.7
517.91 1.9
519.12 18.8
521.41 6.9
523.03 13.9
524.26 45.3
525.10 91.9
526.11 6.0
557.03 5.1
560.39 10.2
561.34 2.1
566.29 1.1
581.44 4.0
594.08 5.3
594.85 5.6
597.48 2.2
600.66 6.3
601.47 3.5
602.34 2.3
604.36 2.4
607.38 8.2
611.36 3.9
614.96 8.7
622.38 2.1
623.10 3.1
624.69 5.1
625.73 4.6
628.92 8.3
630.42 4.0
635.03 7.3
635.86 3.4
645.41 1.6
650.61 9.6
652.51 1.4
653.51 1.5
659.45 35.0
665.87 5.4
666.49 3.6
673.18 1.1
675.37 4.1
676.48 3.9
680.41 4.8
688.25 1.3
691.66 4.1
693.34 1.1
694.01 3.5
703.27 4.9
709.20 2.3
714.57 6.1
718.63 16.1
719.76 3.0
720.53 2.3
721.42 1.7
730.59 2.5
732.85 8.9
736.63 2.9
740.50 1.1
741.63 1.5
742.53 2.1
750.58 1.5
757.54 5.7
758.59 2.6
765.48 11.8
774.52 79.5
775.57 40.5
776.87 1.2
787.52 4.1
790.31 3.5
791.48 1.6
806.60 3.0
808.28 3.1
813.50 3.5
825.43 1.2
847.82 3.1
863.64 5.7
866.48 19.2
867.50 9.3
868.26 7.1
886.79 1.1
892.37 1.6
896.88 1.6
901.58 2.1
903.37 4.4
904.69 1.5
911.65 1.0
919.24 2.4
938.41 1.8
947.73 3.1
