1497.75481 2
221.24 4.0
230.33 2.6
238.25 4.0
242.32 4.1
247.00 3.9
254.03 18.3
255.13 7.4
272.44 1.5
277.18 3.2
280.14 2.2
289.19 5.5
293.03 3.9
296.47 1.9
302.36 1.7
304.19 4.2
306.37 7.2
311.27 3.7
316.34 1.8
318.15 1.9
324.19 1.4
325.47 1.3
327.34 3.9
332.02 2.1
334.59 1.0
344.36 2.8
348.30 1.5
349.46 2.2
354.01 2.9
357.87 7.4
369.39 1.1
370.14 4.1
372.27 1.8
374.04 1.6
375.37 5.6
380.37 4.6
385.16 2.7
389.32 7.7
390.47 1.6
391.46 6.5
392.32 7.1
396.94 1.6
399.40 8.6
400.25 8.7
402.38 1.2
403.60 2.5
406.61 1.8
408.56 2.8
410.48 2.1
414.52 1.2
417.18 8.2
419.25 9.8
420.17 3.2
421.38 1.5
422.42 7.2
428.45 1.3
430.17 5.7
431.04 4.4
435.40 39.8
436.56 18.2
437.30 1.0
438.17 5.0
439.25 5.2
440.51 6.9
443.11 1.2
450.75 12.3
456.73 3.7
457.35 1.5
458.09 1.8
461.43 4.2
462.40 2.3
464.21 1.4
467.20 1.7
470.38 1.3
473.30 1.0
473.95 1.4
482.35 6.2
484.42 2.2
486.35 10.9
488.00 5.3
489.37 19.1
490.58 7.0
495.71 29.6
498.95 5.2
505.11 3.7
506.78 5.6
510.98 6.1
511.88 1.1
517.37 4.9
518.40 6.3
521.13 1.9
522.33 1.8
523.58 4.0
524.33 4.1
525.05 1.3
526.32 1.7
527.13 5.0
528.58 2.5
529.47 6.6
530.13 4.2
531.11 18.8
532.49 92.0
535.99 1.6
537.51 6.2
538.52 7.7
542.34 11.2
546.66 17.3
547.42 2.6
549.24 21.8
553.44 1.2
554.54 5.7
556.49 4.9
559.67 14.0
563.80 4.4
565.45 12.5
567.54 1.9
572.24 4.0
573.43 8.5
575.46 3.8
580.41 2.4
581.04 4.7
581.89 3.5
583.53 4.8
584.43 5.1
585.28 2.3
587.02 17.5
590.65 15.7
591.57 27.6
593.44 3.8
595.36 15.0
598.55 1.1
599.44 1.7
601.16 25.2
602.41 24.1
603.36 3.6
604.25 3.5
609.47 87.9
610.31 8.6
611.46 4.7
612.86 8.7
613.54 3.9
617.64 5.1
618.79 18.1
619.53 4.6
620.97 14.6
622.43 6.4
624.65 7.3
626.77 2.3
627.98 26.3
630.03 1.1
631.21 17.5
633.32 3.8
634.72 11.5
635.88 26.8
637.01 7.6
638.34 1.5
639.84 63.9
640.58 1.9
641.44 8.9
642.12 9.0
645.06 196.9
645.98 15.7
647.67 5.3
649.73 8.0
650.79 52.6
651.70 1.5
652.41 6.7
653.49 8.3
656.24 4.7
659.09 127.0
660.27 2.0
662.53 3.5
666.31 3.6
668.11 119.3
669.05 18.7
669.67 5.3
670.97 7.6
672.54 5.0
673.64 8.0
675.42 10.5
676.28 1.6
677.80 20.5
682.34 3.2
685.09 5.6
686.23 12.5
687.09 9.5
688.18 18.7
689.30 5.4
691.72 4.6
692.39 12.2
694.96 12.7
696.33 11.1
698.38 6.4
699.50 1.6
703.14 18.1
704.01 5.9
705.38 63.6
706.54 17.1
707.89 2.5
710.35 7.4
711.72 4.2
713.51 25.2
714.63 3.7
715.56 5.9
719.63 2.2
721.12 33.7
721.93 2.3
723.30 25.8
726.46 15.7
727.26 38.6
728.21 41.9
729.34 184.7
729.98 4.7
731.68 150.4
732.56 36.7
734.41 252.9
735.45 3.0
736.96 6.8
738.22 15.7
740.68 47.0
741.38 2.1
742.04 4.6
763.51 2.8
770.60 3.7
774.47 2.4
784.31 1.8
785.56 4.3
792.20 3.1
793.53 49.1
794.49 4.6
795.53 2.2
796.49 1.5
799.47 2.7
800.18 2.2
804.30 8.0
811.54 5.9
817.07 4.1
817.71 1.2
821.98 6.5
831.70 3.0
832.58 1.7
835.69 1.4
843.61 7.5
844.49 2.3
845.50 2.0
847.89 4.6
850.76 9.4
853.77 2.9
854.65 1.3
861.58 19.1
862.72 1.8
864.39 1.6
867.36 1.9
872.37 6.0
873.58 1.1
874.55 3.5
876.86 5.5
883.39 16.1
885.76 1.5
891.38 18.0
892.35 4.1
896.98 2.4
897.63 4.3
907.46 31.5
908.60 10.5
909.60 3.7
910.62 3.1
922.83 2.6
924.54 3.2
935.57 1.8
941.81 3.5
947.85 4.7
950.59 1.8
954.63 5.3
957.57 1.4
972.62 16.1
973.81 4.8
975.02 2.8
975.72 3.8
985.61 5.7
988.43 1.2
989.61 9.4
990.55 7.9
993.43 6.3
994.17 3.8
1006.52 2.5
1027.45 3.9
1028.50 2.2
1032.34 6.2
1035.84 5.8
1036.82 9.8
1045.30 2.3
1046.53 13.8
1047.48 1.6
1048.65 1.7
1056.43 3.0
1060.63 5.8
1061.72 4.1
1063.64 89.6
1064.63 60.3
1065.67 9.9
1081.82 7.2
1091.74 10.0
1099.73 2.2
1117.89 1.7
1142.63 5.3
1173.69 2.0
1175.60 2.6
1222.77 1.1
1240.46 1.3
1261.03 4.1
1265.71 8.7
1307.71 1.8
1311.60 2.4
1434.75 3.7
