1031.59929 2
147.14 1.5
149.04 1.4
150.04 3.7
151.15 10.5
154.21 2.9
155.13 1.7
156.62 6.2
157.32 4.3
158.23 18.4
159.13 9.0
160.17 4.9
161.20 2.3
162.09 3.0
163.37 5.1
164.18 2.7
166.33 1.9
167.27 3.5
169.29 2.9
170.33 5.7
171.09 2.7
172.14 2.6
173.23 3.8
175.21 194.5
176.21 43.4
177.18 6.1
178.21 9.5
179.26 2.7
181.36 1.3
182.19 6.7
183.19 8.4
185.10 758.8
186.25 127.8
187.26 43.7
188.04 3.0
189.16 5.8
190.33 1.3
192.13 5.7
193.12 14.4
195.11 31.9
197.11 1.7
198.12 1.2
199.36 7.9
201.16 10.2
202.09 2.8
206.89 1.1
210.14 10.0
211.04 3.9
212.10 10.6
213.15 1022.9
214.18 213.1
215.17 31.7
216.15 1.0
216.99 4.0
218.01 2.7
221.02 28.5
222.05 4.3
223.98 7.8
225.23 10.7
226.16 4.6
227.16 17.0
229.16 67.5
230.25 45.0
231.01 9.9
232.15 14.6
233.18 3.4
234.23 19.3
235.93 3.3
237.12 4.6
238.19 1.4
239.20 72.0
240.04 3.1
241.00 3.3
242.21 11.9
243.14 26.0
244.19 7.8
245.10 190.0
246.19 522.6
247.21 116.6
248.27 63.6
249.35 13.8
250.35 7.7
251.19 4.1
252.37 9.8
253.28 13.9
255.30 4.9
256.34 8.7
257.12 24.6
258.36 9.9
259.26 4.6
260.17 3.2
261.30 1.7
262.24 2.7
263.24 8.9
264.23 18.3
265.36 22.6
266.08 25.4
267.24 5.9
270.16 8.6
271.04 8.5
272.30 4.2
274.14 69.5
275.36 9.0
277.21 1.9
278.14 20.7
279.24 11.2
280.20 6.2
281.15 14.2
282.32 13.9
283.15 26.1
284.33 11.7
285.15 2.7
286.04 7.6
287.18 36.3
288.24 12.7
289.35 12.2
290.88 1.3
292.69 4.6
293.30 7.3
294.30 2.8
295.13 4.8
296.14 3.7
297.31 9.7
298.21 28.3
299.34 11.2
300.08 2.9
301.04 13.4
302.34 19.6
303.34 12.6
304.19 6.9
305.19 10.8
306.15 49.8
307.55 2.0
308.23 14.4
309.11 19.2
310.28 20.2
311.30 22.8
312.15 7.5
313.23 4.8
314.56 3.2
315.45 5.3
316.33 12.4
318.36 4.9
319.25 24.8
320.26 4.0
322.22 24.8
323.37 12.0
324.25 39.2
325.20 21.1
326.44 14.1
328.18 417.9
329.31 137.8
330.28 35.2
331.22 13.8
334.00 9.6
336.36 14.9
337.21 24.9
338.03 7.1
339.38 4.2
340.21 11.7
341.29 5.8
342.26 32.2
343.33 16.3
344.24 43.2
345.07 10.6
347.35 3.3
349.29 2.2
351.63 9.1
352.31 17.0
353.35 8.6
354.54 6.4
355.38 10.3
356.36 13.0
357.13 11.9
358.18 120.7
359.28 745.4
360.31 331.9
361.40 134.8
362.39 7.3
363.74 5.1
364.40 2.3
366.28 27.2
368.04 36.8
369.61 55.2
370.56 16.6
371.34 9.4
373.06 5.4
374.27 13.5
375.32 7.2
376.70 3.2
378.40 3.2
379.26 6.1
380.07 20.6
381.15 3.1
382.35 2.1
383.28 9.0
384.41 7.4
385.62 9.3
386.60 14.8
387.40 23.4
388.24 10.6
389.15 8.4
390.25 3.9
391.26 11.1
391.91 9.5
392.66 14.8
393.30 27.3
394.16 43.9
395.19 24.7
396.20 17.9
397.22 21.0
398.12 5.8
399.24 15.7
400.39 27.3
401.33 95.4
402.12 43.3
403.20 14.6
403.84 4.7
405.54 14.4
406.41 4.2
407.13 13.1
408.55 28.7
409.41 51.8
410.26 31.2
410.96 35.4
412.04 17.6
413.34 20.8
415.24 76.7
416.63 29.5
417.54 9.8
419.25 2.0
420.09 5.9
422.14 208.6
422.87 287.2
424.06 24.6
425.27 36.8
426.24 22.3
427.25 34.8
428.28 16.4
429.23 54.6
430.37 17.2
431.31 19.1
432.31 7.9
434.18 40.2
435.04 22.4
435.71 19.4
436.67 72.6
437.45 56.0
438.40 14.0
439.21 68.6
440.26 52.9
441.19 36.2
442.20 42.1
443.42 31.6
444.16 29.7
445.22 1.8
446.51 7.6
447.76 1.5
449.39 8.9
450.85 99.9
452.00 25.1
452.88 2.8
453.81 9.0
454.41 26.2
455.19 11.1
456.58 82.5
457.20 464.8
458.23 283.4
460.30 1584.8
461.35 1134.2
462.36 439.7
463.34 26.2
464.17 1.5
465.24 3.7
466.29 149.7
467.16 114.8
468.16 21.7
469.33 26.7
470.48 44.3
471.40 114.5
472.27 65.0
473.29 22.6
474.52 38.7
475.83 25.2
476.74 19.0
477.41 56.6
478.05 2.6
479.34 23.3
480.33 25.8
481.35 60.6
482.33 12.6
483.51 11.4
484.49 30.1
485.68 20.2
486.52 9.3
488.09 32.4
489.25 19.9
492.36 37.1
493.20 40.4
494.26 34.5
495.03 8.6
496.35 6.3
498.23 548.5
499.34 330.3
500.22 24.4
501.51 4.1
502.44 11.2
503.80 16.1
504.78 24.4
506.75 1101.3
507.45 428.6
508.48 34.3
509.33 6.7
510.15 5.8
511.25 9.3
515.91 1.9
517.40 4.2
519.00 2.1
524.43 24.5
525.16 25.6
526.33 17.1
527.47 9.5
528.32 3.5
534.47 4.3
535.43 10.3
536.38 1.5
538.20 9.9
539.12 11.7
540.22 19.0
541.44 22.6
542.43 106.6
543.33 58.9
544.14 18.6
545.46 2.4
550.41 1.7
551.65 18.9
552.27 116.4
553.42 87.9
554.39 17.6
555.52 13.7
556.46 13.7
557.58 15.9
558.82 9.6
559.53 9.6
561.63 5.7
562.35 7.1
564.91 4.1
567.58 5.2
570.27 484.8
571.32 473.9
572.47 70.2
573.45 639.9
574.45 586.0
575.49 240.1
576.47 19.7
577.10 1.6
579.53 4.8
581.12 5.4
582.28 1.7
583.69 11.4
585.35 2.9
588.44 4.2
589.53 4.8
591.67 3.1
592.46 1.9
594.37 5.3
595.83 61.0
596.67 10.3
601.32 6.5
602.31 1.7
603.33 10.6
604.44 4.4
607.58 6.5
608.66 6.8
609.41 1.8
610.17 4.8
611.47 7.4
612.29 3.9
613.43 1.4
615.18 2.5
616.22 5.4
617.44 2.9
618.32 10.9
621.92 1.9
623.09 5.2
624.24 1.5
624.89 8.6
626.01 4.2
626.62 10.9
627.86 7.1
628.47 4.1
632.46 6.2
635.25 26.3
636.46 14.1
637.31 11.1
638.49 5.3
639.57 2.6
642.22 1.9
643.24 21.3
644.05 22.0
644.76 2.8
646.24 5.8
648.97 21.3
649.83 8.1
652.43 13.5
653.34 182.4
654.41 162.6
655.44 23.2
656.70 4.1
657.52 4.8
658.40 1.3
659.45 1.0
664.30 11.9
665.67 2.5
667.64 1.1
668.44 12.2
669.38 2.6
671.39 238.0
672.45 177.4
673.41 35.9
674.38 9.4
678.42 1.4
679.92 12.4
684.52 16.8
685.54 31.7
686.59 24.8
687.76 7.3
688.41 9.4
689.50 2.2
690.38 5.1
696.43 2.1
699.69 5.3
701.88 57.3
702.53 337.1
703.57 567.1
704.57 297.1
705.56 40.1
706.60 20.0
709.56 2.1
711.89 9.5
713.59 5.6
716.50 2.3
721.48 2.3
722.59 6.3
723.55 5.3
724.29 5.0
724.91 2.0
725.73 10.8
728.10 3.7
729.52 1.1
731.55 12.6
732.47 14.7
733.11 5.9
735.77 2.7
736.51 1.2
737.51 5.0
738.61 14.0
740.12 13.9
741.16 2.4
742.63 4.0
743.44 42.0
744.39 8.5
745.46 7.9
746.56 3.2
747.64 4.6
748.43 13.6
749.44 24.1
750.69 9.5
752.72 3.3
754.61 9.2
756.35 21.9
757.46 32.1
758.25 4.1
760.70 1.1
762.49 3.7
766.44 143.6
767.43 183.5
768.49 60.0
772.47 9.3
779.04 5.1
779.74 16.8
780.45 7.0
784.40 130.6
785.45 192.9
786.42 52.3
787.08 6.2
787.70 1.2
788.55 1.3
789.69 2.5
791.68 1.7
793.53 18.5
794.63 6.2
796.72 4.9
799.40 68.2
800.48 221.4
801.46 188.3
802.64 52.1
803.76 5.6
804.47 4.1
805.22 1.9
808.52 1.1
809.47 1.9
810.63 1.7
817.51 2460.3
818.51 4304.4
819.49 3462.5
820.59 315.0
821.73 3.7
826.78 8.0
827.55 2.2
828.23 2.1
829.57 4.5
831.35 3.2
837.47 30.6
838.50 112.9
839.41 44.6
840.01 1.4
842.57 5.7
843.80 13.6
844.45 49.7
845.52 17.8
847.61 3.6
849.45 18.5
850.44 3.3
852.53 4.0
855.40 52.7
856.50 164.3
857.52 43.0
858.13 2.8
861.34 10.0
867.49 49.2
868.60 8.2
872.59 3.4
875.62 3.3
880.55 2.3
882.49 2.2
883.44 1.1
884.27 9.4
885.55 34.4
886.50 12.7
894.56 3.0
896.36 2.5
897.51 2.2
898.91 6.3
900.47 17.0
901.57 26.3
912.68 9.3
913.64 5.3
914.50 6.7
918.02 6.5
918.63 7.6
919.66 1.4
923.44 3.2
927.29 1.5
928.65 3.0
930.56 55.2
931.56 152.7
932.57 242.5
933.55 22.7
940.59 13.1
941.68 20.2
942.69 13.0
960.42 1.3
974.52 2.8
993.56 3.7
994.52 2.7
