1316.59294 2
189.15 6.7
190.30 8.5
194.20 2.7
205.28 2.0
207.10 1.8
208.12 11.1
211.26 7.2
217.25 11.0
218.04 2.7
224.30 6.2
225.25 5.8
226.24 1.3
228.36 10.5
229.25 10.4
231.36 3.2
235.15 80.7
236.16 1.3
237.21 5.7
242.24 1.1
246.33 3.7
248.29 8.8
248.95 5.3
252.22 193.3
253.22 41.6
254.14 5.2
255.24 1.8
259.33 1.1
261.01 1.5
262.28 1.5
267.32 14.1
270.31 27.6
271.32 61.3
272.27 6.4
277.20 2.0
281.15 1.7
288.26 2159.8
289.20 191.6
290.18 1.2
291.28 1.3
294.33 1.5
298.42 6.4
299.16 2.3
300.34 3.1
304.64 4.4
307.60 2.8
318.26 11.8
328.42 14.8
329.27 1.5
333.46 2.4
336.18 9.3
339.76 4.1
345.79 21.2
347.24 2.5
348.00 3.7
352.27 3.1
356.36 2.5
363.35 59.2
364.28 51.9
365.31 10.7
370.01 4.6
376.34 5.0
381.18 108.3
382.07 8.7
385.37 9.7
388.04 5.3
389.35 4.7
390.82 3.0
393.11 1.1
394.29 4.3
403.25 75.2
404.26 10.8
409.43 1.0
424.04 1.5
441.63 2.3
446.28 2.7
447.44 1.4
453.34 2.7
454.33 1.3
458.14 8.8
458.97 10.4
460.47 2.8
463.39 1.0
469.94 3.7
472.49 21.5
475.25 11.0
476.16 5.4
478.33 9.0
480.59 4.4
482.11 6.5
485.24 2.1
487.33 3.4
492.23 11.1
493.19 43.9
494.33 12.9
498.56 2.2
501.41 4.1
503.27 3.7
506.48 17.0
510.30 48.7
511.30 1.7
512.72 3.6
513.33 1.2
515.68 6.7
517.10 1.8
517.95 2.8
520.33 4.5
524.48 2.9
525.15 2.3
527.31 3.1
528.15 1.9
531.53 27.4
532.46 22.4
533.35 20.3
534.20 2.8
535.01 5.4
536.34 14.1
537.09 7.7
537.97 7.2
540.02 5.9
542.01 4.7
542.75 14.9
545.67 4.6
546.85 5.1
548.41 4.7
549.41 4.7
552.08 12.1
554.84 3.7
556.12 8.3
557.80 4.8
560.78 7.2
562.34 17.0
563.40 2.9
566.05 9.6
569.64 29.7
570.51 15.4
572.37 7.5
575.54 3.6
576.21 2.2
577.10 27.5
579.51 10.1
581.32 2.2
582.57 14.2
583.71 27.8
584.62 17.9
585.56 4.6
586.85 15.3
588.43 3.9
589.26 2.2
590.60 19.0
592.00 19.4
593.14 57.4
594.90 2.5
595.62 5.4
596.51 3.9
597.61 27.2
600.11 4.6
600.94 91.2
601.96 183.8
603.71 5.6
605.25 28.7
606.22 6.2
606.91 10.5
607.52 13.3
608.49 4.4
609.29 95.5
609.99 190.7
611.27 12.8
612.21 4.2
614.47 59.0
615.58 2.1
616.43 6.4
618.36 923.6
618.98 396.5
620.11 25.9
621.16 15.8
622.30 41.6
623.18 17.0
623.93 19.6
624.58 6.0
625.70 21.7
627.01 1856.3
628.22 55.8
629.18 44.0
630.44 2.8
631.33 12.1
632.79 345.2
633.45 100.2
634.71 13.8
636.47 38.8
637.86 17.8
638.63 34.6
639.51 63.1
640.81 142.3
641.70 1078.4
642.41 237.8
643.51 20.3
644.35 91.6
645.38 26.1
646.56 96.5
647.24 58.1
648.46 3.6
649.83 57.6
650.47 149.0
656.46 2.0
678.36 74.0
679.53 23.3
683.48 3.0
684.50 3.7
687.26 8.2
691.47 2.3
694.65 1.9
696.41 2.1
697.93 6.0
700.26 2.8
705.53 6.7
706.50 10.1
707.92 3.5
711.16 19.5
713.39 2.6
714.48 4.7
716.60 1.8
717.99 5.3
722.31 38.8
723.42 7.2
725.00 27.7
736.70 2.6
738.42 7.9
739.95 4.1
741.31 5.5
742.23 24.2
743.53 19.0
744.64 12.8
748.38 7.6
751.20 6.8
752.29 4.1
756.65 16.2
758.27 7.0
759.09 10.2
760.43 8.7
761.50 2.7
762.58 6.5
766.62 14.4
768.62 12.8
769.45 39.2
770.35 10.2
771.57 11.1
774.31 14.1
775.46 4.4
777.27 4.1
778.43 3.5
779.26 3.9
785.24 3.4
786.42 50.0
787.28 11.3
789.36 19.0
790.67 1.1
794.60 9.7
795.94 6.1
797.68 3.3
798.36 4.2
799.59 1.4
802.96 2.5
804.30 1.8
807.59 91.0
808.62 46.8
813.10 7.6
814.02 2.7
815.43 22.3
816.97 5.0
825.53 3.2
829.43 16.7
831.56 5.6
832.57 1.9
833.49 12.3
835.51 5.5
837.50 1.8
840.40 6.3
842.73 2.1
844.02 3.0
844.66 2.9
846.04 3.6
846.95 11.1
847.74 3.8
848.48 1.9
850.38 20.3
851.72 6.7
854.61 13.0
861.80 7.3
862.48 6.3
867.43 2.4
869.87 3.2
870.48 5.1
872.53 49.1
873.42 32.4
874.07 1.8
876.38 5.2
878.95 25.3
879.75 14.4
880.40 8.8
881.20 1.4
882.17 19.1
884.05 3.8
887.17 2.3
892.53 11.4
893.53 2.3
894.74 12.4
895.77 9.7
896.56 3.0
897.45 50.8
898.41 15.3
900.68 6.2
901.91 4.3
902.53 4.9
903.41 6.9
905.37 9.2
907.46 9.5
910.95 3.6
912.26 3.6
913.42 24.9
914.49 46.0
915.36 53.7
916.25 14.2
918.49 51.0
919.59 10.7
922.17 20.4
925.34 17.5
928.53 2.3
930.37 73.1
931.54 47.6
932.49 15.9
936.47 293.6
937.49 96.8
938.52 1.2
940.79 4.5
945.97 10.3
946.67 4.1
947.43 191.4
948.39 161.4
949.41 49.3
951.56 9.0
959.54 1.9
965.41 245.0
966.46 95.9
967.41 14.2
968.50 7.8
976.37 28.3
977.44 66.8
978.27 23.0
981.19 12.4
983.55 9.0
984.61 3.0
986.99 1.6
989.64 4.8
993.49 26.6
994.40 368.5
995.35 157.0
996.38 19.2
999.77 5.9
1000.60 4.1
1001.57 79.1
1002.41 44.6
1003.72 1.6
1011.46 544.8
1012.38 820.9
1013.38 254.0
1014.34 4.0
1029.39 1001.2
1030.46 388.4
1031.49 2.1
1036.11 1.6
1043.52 4.3
1044.75 2.4
1047.43 110.4
1048.43 19.9
1049.57 4.4
1060.68 3.8
1061.40 1.8
1065.55 261.5
1066.62 83.7
1074.00 8.0
1076.89 3.0
1078.59 7.2
1096.52 3.5
1105.33 1.8
1106.73 3.4
1107.42 1.1
1115.65 2.3
1120.60 8.7
1122.34 10.8
1125.42 29.5
1126.49 8.5
1142.47 37.7
1143.85 5.5
1160.44 1.6
1162.82 1.9
1212.45 2.8
1313.71 1.6
