842.51244 2
121.13 1.1
127.11 1.6
128.02 2.3
129.23 16.1
130.03 9.7
143.21 3.7
147.11 18.0
154.26 2.9
155.15 1.3
157.25 1.6
167.00 2.3
171.14 22.8
172.29 4.3
173.22 4.6
175.32 1.1
176.18 2.4
181.04 3.8
187.05 1.2
189.16 2.7
192.10 1.7
197.17 11.1
199.31 1.5
201.15 5.9
213.48 4.1
215.20 1.2
217.37 1.5
223.09 2.6
225.41 2.7
227.17 1.7
228.14 2.8
231.34 2.3
239.31 3.4
241.45 2.8
242.23 6.7
243.40 2.1
249.33 3.6
250.27 3.7
252.02 4.9
252.89 1.8
260.34 20.2
261.22 3.3
263.10 4.4
267.25 1.4
269.20 4.5
272.36 38.6
274.44 4.6
275.11 3.1
276.37 1.1
277.16 3.5
282.30 8.4
283.60 2.0
284.26 2.0
284.97 5.6
289.94 1.5
292.35 12.9
294.96 6.9
297.02 1.6
300.92 1.1
302.45 6.1
303.25 9.9
305.20 4.4
306.30 6.6
306.98 69.9
308.02 4.4
309.62 6.1
310.27 2.8
311.87 3.6
312.72 3.7
315.13 1.1
319.31 7.2
321.33 1.1
321.99 2.2
323.23 9.1
325.07 10.1
325.98 7.5
327.75 47.4
328.52 2.3
332.16 3.5
335.41 1.4
336.72 14.6
337.49 13.1
339.18 4.9
341.57 13.7
343.08 1.7
344.31 3.7
351.57 2.8
353.20 26.0
354.45 1.3
356.54 7.1
357.48 4.9
361.69 5.8
362.93 27.0
365.21 3.7
367.74 4.5
369.55 14.6
371.20 14.9
372.21 1.2
375.52 25.9
376.45 2.3
377.28 2.4
379.20 4.0
381.01 2.0
385.36 17.6
386.26 4.0
391.37 17.5
393.12 5.0
398.99 18.7
400.17 9.0
403.12 30.0
403.94 85.8
404.77 8.3
406.53 6.1
407.86 12.1
410.08 6.8
412.89 1075.5
413.82 22.5
426.33 2.9
440.03 10.8
449.47 2.3
450.18 2.0
454.29 12.3
455.42 4.1
458.09 1.8
459.70 2.8
468.26 4.1
471.19 3.7
472.45 82.7
473.38 15.2
475.21 1.7
475.98 3.1
477.57 1.5
482.43 2.0
492.00 8.8
499.46 3.3
501.05 4.4
515.33 1.2
524.48 10.5
531.88 11.4
532.93 18.5
534.35 3.2
548.18 3.5
553.29 3.9
558.31 1.6
560.78 4.5
564.69 13.8
565.49 2.1
567.39 8.7
571.34 31.2
572.16 5.2
580.08 4.0
582.38 83.6
583.28 21.4
584.36 5.1
587.48 10.5
590.32 2.2
600.55 5.3
601.47 2.0
614.87 1.6
623.45 1.8
627.22 2.3
631.53 5.5
642.46 2.5
650.54 3.1
653.48 5.2
665.10 3.5
667.44 39.2
668.41 6.9
672.29 89.9
673.37 16.6
678.31 3.1
679.15 3.3
688.30 4.3
692.41 2.7
695.49 75.5
696.47 37.5
711.38 6.3
712.13 2.3
713.37 9.0
714.16 5.4
732.17 3.2
737.58 1.8
743.55 1.4
820.63 4.9
