4815.29523 5
274.36 1.8
281.26 3.2
287.38 7.0
288.10 2.3
291.03 6.7
296.19 2.6
297.33 3.8
298.27 7.9
301.27 4.5
303.37 15.5
305.25 1.8
307.24 1.8
309.92 2.1
311.29 3.4
314.87 3.1
319.74 3.0
323.29 2.7
325.34 1.9
326.32 4.4
327.22 3.4
330.77 5.8
333.22 10.2
335.38 2.4
336.17 9.5
339.15 1.9
340.69 10.9
341.36 2.1
342.33 5.5
343.32 7.6
344.39 2.6
345.17 13.5
346.15 1.8
349.68 21.2
352.37 4.0
354.25 2.4
357.36 12.2
358.00 5.0
360.24 2.0
361.22 1.7
362.42 1.5
366.84 13.2
369.12 3.8
371.28 17.5
373.68 7.0
376.08 8.4
377.25 13.4
378.15 4.4
379.35 16.0
380.26 1.5
387.34 2.5
389.16 53.9
390.07 8.0
391.33 15.8
392.32 3.6
394.19 3.2
395.55 1.7
396.32 15.4
398.97 2.7
400.93 3.4
404.22 12.3
407.43 11.0
408.28 3.4
410.60 9.0
411.79 16.8
412.67 1.9
414.09 10.4
415.10 4.3
415.80 3.1
417.41 17.6
418.36 6.4
421.03 1.5
425.46 6.7
429.36 10.8
431.29 12.2
432.70 26.0
438.27 1.8
440.37 4.5
441.33 5.4
442.27 7.9
443.35 3.9
445.17 9.1
447.30 28.6
448.78 9.1
450.16 4.3
451.06 4.1
454.23 7.5
456.15 11.8
457.00 3.2
460.66 3.9
462.40 10.7
463.30 15.3
464.63 3.0
466.36 5.1
469.47 2.5
471.13 1.7
472.28 7.9
474.42 4.1
475.18 4.9
475.94 3.1
478.35 5.9
479.30 2.9
480.44 17.1
483.06 5.1
486.40 9.4
487.40 5.2
488.28 41.4
489.35 3.5
490.33 60.6
491.22 19.3
492.27 10.6
493.42 2.8
495.35 10.1
496.25 8.1
497.98 11.6
499.64 3.4
500.62 13.0
501.52 9.4
502.65 10.3
503.46 3.7
504.19 24.3
505.58 8.8
506.38 6.1
509.37 30.4
512.90 6.3
516.70 13.9
517.70 6.2
518.31 10.2
519.28 6.9
520.40 13.4
521.20 15.0
522.23 12.6
523.98 4.5
525.24 37.3
526.59 3.9
528.34 5.2
530.02 35.1
531.36 11.6
533.74 10.5
534.54 6.2
538.97 456.5
539.90 33.1
540.54 2.5
542.32 9.1
543.15 1.8
544.28 3.7
546.34 9.4
547.77 145.1
548.55 71.4
550.60 2.4
551.51 5.9
552.26 12.4
553.07 2.2
554.65 14.4
555.51 10.3
559.14 10.2
562.08 3.6
563.27 23.2
564.10 23.1
565.45 2.2
567.35 5.7
568.48 1.6
569.36 15.3
570.36 5.2
571.68 8.8
572.56 38.9
573.29 39.1
574.41 12.2
575.25 21.5
576.24 9.9
577.32 10.6
578.15 1.8
579.54 11.8
581.55 120.6
582.36 14.0
583.41 11.2
584.99 6.0
586.38 88.0
587.18 39.1
588.38 3.7
589.31 11.8
590.28 6.0
591.25 47.5
592.27 43.4
595.45 195.0
596.46 18.1
599.42 9.8
600.23 8.6
603.12 6.7
604.47 20.3
605.36 13.8
606.40 4.4
607.21 5.9
608.16 10.8
609.29 1.7
610.42 21.5
611.23 8.8
612.51 7.6
613.77 3.0
615.24 11.7
616.40 3.8
617.08 6.2
618.70 15.7
623.58 8.8
624.37 10.2
627.03 6.3
628.83 2.5
630.10 31.6
632.15 3.0
632.85 9.8
634.40 12.5
636.16 12.3
637.39 2.0
638.22 15.8
640.40 2.1
642.51 8.6
643.24 2.7
645.33 8.0
646.34 5.3
649.17 13.8
650.49 6.4
653.26 35.8
654.14 7.3
655.58 13.7
657.43 5.1
658.30 2.2
660.41 16.1
662.07 9.3
663.36 107.9
664.50 24.5
665.36 10.1
666.65 5.3
667.26 8.4
669.24 18.9
671.23 3.1
672.52 14.2
673.40 44.2
674.49 16.7
675.51 8.9
676.55 4.0
677.35 5.8
678.05 2.4
679.53 2.8
681.30 48.7
682.31 17.9
683.38 12.8
685.01 3.9
686.17 40.7
687.51 13.0
688.46 3.5
689.39 21.1
690.53 17.7
691.43 19.8
692.35 11.7
693.15 4.0
694.26 1.7
695.51 3.9
698.41 14.8
699.32 14.6
700.58 10.2
701.26 15.6
704.37 6.3
707.56 10.4
708.44 4.4
709.04 3.9
711.76 14.4
713.50 5.1
715.37 14.5
717.84 1.7
721.53 6.6
722.19 3.6
725.41 7.1
726.94 9.4
728.33 12.9
729.45 4.2
731.39 11.1
732.74 9.9
733.51 40.2
734.37 10.5
735.81 18.6
736.43 1.6
737.59 3.3
738.54 10.6
739.21 7.2
741.61 3.1
742.41 2.5
743.82 2.1
746.28 15.1
747.02 9.2
747.75 3.0
748.69 13.1
750.43 24.8
751.52 34.2
752.40 19.0
753.37 21.8
754.07 9.7
755.12 4.7
758.65 27.4
760.53 5.7
761.50 18.5
763.83 10.5
764.63 1.8
765.70 6.3
767.81 16.9
768.69 21.8
769.55 8.4
771.54 2.4
772.32 4.6
773.18 7.9
774.34 5.3
776.40 27.1
777.44 32.8
778.35 17.2
779.32 15.7
780.30 23.2
781.82 20.8
782.74 2.8
783.34 10.8
784.37 8.5
785.50 6.7
786.79 20.7
787.73 6.3
788.71 26.6
791.17 20.7
792.20 5.9
792.84 3.4
793.68 6.9
794.50 9.4
795.40 20.7
796.39 6.2
797.47 4.4
800.54 7.8
801.57 29.3
802.52 26.4
803.74 72.7
804.57 69.0
805.46 54.6
806.69 16.3
807.63 9.8
808.58 6.0
810.56 6.2
811.88 10.6
814.92 7.7
817.02 7.7
818.21 11.2
819.38 23.0
820.57 45.9
821.47 10.8
822.43 115.9
823.39 54.1
824.10 3.7
825.66 12.1
827.40 22.1
828.28 3.4
829.31 21.5
830.27 3.6
831.33 20.8
832.14 13.0
833.20 14.2
833.92 3.1
834.57 2.6
836.36 7.1
838.61 4.8
841.14 45.0
841.98 6.1
843.61 7.5
844.73 6.7
845.48 3.0
846.56 30.5
847.40 12.9
848.24 35.9
849.68 92.8
850.56 34.8
851.44 9.9
852.53 5.9
853.74 32.1
854.39 15.7
855.57 6.7
857.45 2.2
858.62 14.6
859.33 7.2
861.54 13.2
863.30 17.2
864.29 112.3
865.22 69.6
866.22 12.7
866.85 6.9
868.51 1.5
869.13 7.4
869.76 2.1
871.87 6.9
873.66 22.1
874.57 16.0
875.43 66.2
876.43 26.7
877.31 22.3
878.53 39.9
879.52 33.2
880.45 37.2
881.32 45.5
882.41 119.9
883.53 38.9
884.74 16.7
885.40 8.8
886.55 7.0
887.33 8.8
888.83 29.2
890.58 45.4
891.47 11.9
892.59 9.3
893.45 103.5
894.53 46.9
895.33 2.2
897.90 100.8
899.05 123.4
901.38 7.3
903.36 4735.7
904.31 98.5
906.48 94.0
907.27 40.1
908.19 35.2
910.11 15.5
911.49 81.1
912.86 48.2
913.90 27.4
915.78 26.4
916.69 10.7
917.79 150.7
918.66 32.8
919.69 13.9
920.47 19.1
922.08 57.8
923.02 7.5
923.63 2.0
924.41 5.6
926.09 37.9
926.95 11.6
927.76 19.8
928.83 6.5
930.58 12.5
931.66 348.6
932.36 31.3
933.25 31.8
934.47 24.6
936.83 40.4
938.18 32.5
939.56 18.4
940.32 6.9
941.97 35.4
943.08 12.6
946.34 103.1
947.41 40.6
948.98 82.0
950.04 16.8
950.91 28.1
951.59 4.4
952.48 1.7
954.55 15.7
963.54 2.4
964.93 3.3
972.44 3.0
974.88 37.9
976.78 10.0
977.56 34.9
978.42 14.5
979.41 14.8
980.34 10.3
981.33 5.1
982.30 9.2
983.37 14.1
986.64 2.5
988.37 4.0
989.61 17.4
990.49 28.8
991.55 19.8
992.56 17.7
993.44 13.0
994.64 26.7
995.34 47.2
997.57 4.0
1001.57 9.6
1003.61 16.2
1004.23 35.0
1006.34 11.7
1007.47 82.7
1008.35 20.0
1009.49 8.3
1012.10 81.1
1013.09 37.2
1013.71 21.1
1014.70 16.0
1016.19 25.8
1017.65 42.6
1020.10 9.2
1023.07 14.3
1024.56 5.0
1027.03 14.9
1028.09 4.5
1029.02 20.0
1029.88 13.5
1030.70 7.5
1031.62 30.5
1032.62 25.9
1033.65 9.6
1034.48 2.2
1035.82 28.5
1041.17 124.1
1041.89 480.7
1042.80 4.4
1043.82 19.7
1044.84 12.5
1045.66 5.7
1046.65 26.9
1047.72 36.8
1048.81 36.7
1049.47 14.7
1050.55 10.0
1051.90 17.7
1053.31 24.5
1054.06 26.6
1057.05 34.7
1057.74 40.1
1058.62 78.1
1059.47 47.1
1060.60 42.6
1061.71 14.8
1062.67 16.7
1064.92 4.7
1066.31 4.2
1067.58 5.9
1068.22 10.4
1068.94 5.6
1069.71 39.9
1074.58 564.4
1075.82 153.6
1076.46 515.4
1077.49 413.9
1078.50 197.7
1079.54 41.4
1080.52 1.6
1082.68 230.5
1083.39 45.5
1084.16 12.0
1087.56 11.6
1091.69 3.9
1094.47 434.2
1095.45 117.0
1096.42 26.0
1097.11 8.1
1097.74 10.8
1098.93 9.8
1099.61 5.2
1101.56 2.9
1102.26 10.9
1103.76 4.5
1105.76 31.0
1106.83 19.6
1107.54 31.2
1108.44 5.8
1109.41 34.7
1111.50 138.7
1112.41 87.6
1113.43 19.2
1114.61 11.2
1117.34 555.8
1118.11 16.5
1119.00 54.9
1119.66 12.8
1120.60 39.3
1121.62 65.0
1122.66 58.0
1123.79 77.1
1124.74 18.9
1126.75 13.6
1128.31 15.9
1129.27 2.5
1130.48 20.2
1131.27 3.1
1133.17 34.7
1133.84 22.0
1135.02 4.7
1135.81 3.9
1136.91 28.6
1138.41 32.5
1139.34 30.5
1141.60 6.7
1143.22 222.3
1143.86 16.9
1145.75 9.9
1147.57 1554.2
1148.81 47.5
1150.11 12.3
1150.85 16.1
1151.47 38.2
1152.14 2428.8
1153.27 52.5
1154.31 67.2
1155.22 23.8
1156.49 6.1
1157.84 28.2
1158.75 7.1
1159.90 3.6
1160.90 2.6
1161.94 7.1
1162.58 14.5
1163.30 1.8
1165.08 28.4
1166.26 16.8
1167.32 4.8
1168.94 4.2
1170.40 16.3
1171.79 359.9
1172.52 82.2
1173.78 26.7
1174.81 23.2
1175.66 6.4
1176.34 2.1
1177.11 94.7
1178.10 20.1
1178.77 3.0
1179.88 28.4
1180.63 22.0
1183.20 6.5
1183.87 1.6
1187.54 10.7
1189.52 168.9
1190.55 211.3
1191.72 87.0
1192.68 61.2
1193.82 21.7
1194.67 25.6
1198.15 288.6
1198.83 168.9
1200.64 3.3
1201.76 6.2
1203.87 14135.7
1204.47 9143.4
1205.25 257.1
1206.01 56.3
1206.96 76.8
1207.59 237.9
1208.68 131.3
1209.68 34.4
1211.33 1.5
1212.31 16.2
1213.67 27.2
1216.96 10.1
1220.23 17.6
1221.37 22.9
1222.75 18.8
1223.70 19.4
1225.68 3.9
1230.72 7.3
1232.34 5.3
1233.58 7.5
1236.98 39.0
1239.70 5.3
1241.82 990.0
1243.19 4.0
1245.27 4.9
1245.88 6.0
1247.23 5.2
1249.49 2.0
1250.55 15.8
1251.85 2.0
1259.45 17.6
1260.60 11.8
1262.00 15.6
1262.66 4.5
1265.06 121.7
1265.78 8.6
1266.63 9.9
1270.55 420.0
1271.17 491.5
1271.90 32.5
1276.15 25.0
1277.02 9.4
1279.43 1.9
1284.94 4.4
1285.84 16.6
1287.03 9.6
1289.65 16.2
1291.85 18.2
1292.60 2.6
1294.59 27.8
1297.02 14.8
1297.84 6.2
1299.88 9.9
1300.63 8.0
1302.75 147.1
1303.41 167.4
1304.33 14.9
1308.53 525.0
1309.14 808.2
1309.86 57.4
1310.77 14.8
1311.77 11.7
1312.52 23.7
1313.80 11.7
1314.93 13.9
1316.60 16.7
1317.42 11.0
1318.16 11.7
1319.39 4.5
1321.21 16.1
1322.39 4.3
1323.40 12.6
1326.50 54.5
1327.32 67.4
1329.25 13.6
1330.23 6.8
1332.09 284.3
1332.80 329.7
1333.86 21.6
1342.92 3.8
1343.92 1.8
1345.14 29.3
1345.94 6.2
1347.10 2.8
1347.79 5.0
1350.02 47.5
1350.75 91.6
1352.45 15.5
1354.38 2.6
1356.22 280.6
1356.87 97.4
1357.83 26.8
1358.49 2.0
1361.06 29.8
1362.28 17.2
1362.93 2.1
1364.81 3.3
1365.55 4.7
1369.70 12.1
1370.45 5.7
1374.81 6.5
1379.38 17.9
1385.46 5.5
1386.49 5.5
1387.09 13.2
1391.09 10.5
1395.24 3.2
1398.52 9.3
1399.16 5.1
1400.14 22.6
1403.72 108.8
1405.19 10.7
1405.81 7.9
1406.78 4.7
1408.95 20.3
1409.96 135.6
1412.50 3.2
1418.55 3.6
1420.08 3.6
1421.80 12.7
1422.78 4.8
1423.87 21.6
1424.60 2.4
1430.88 9.3
1432.31 8.9
1432.93 19.4
1437.30 41.1
1441.57 1.6
1443.10 42.3
1444.05 14.3
1445.20 6.4
1461.73 16.5
1464.05 12.9
1465.99 9.9
1467.99 12.3
1469.68 12.3
1479.74 4.2
1481.90 8.7
1485.79 5.4
1487.21 3.3
1489.67 8.1
1490.44 2.5
1493.93 10.2
1497.43 11.0
1501.06 3.0
1511.13 5.9
1518.68 16.2
1532.42 13.7
1534.61 15.7
1535.52 4.5
1538.88 9.5
1544.87 31.6
1547.00 13.6
1548.44 7.1
1550.82 7.8
1551.81 10.1
1553.43 22.6
1554.22 2.9
1561.27 22.0
1561.91 36.6
1562.71 43.4
1566.73 6.9
1575.75 2.3
1582.78 1.8
1598.20 5.0
1611.66 14.6
1617.78 5.9
1625.96 3.4
1655.95 7.2
1662.75 2.0
1667.28 4.1
1668.23 5.9
1675.51 7.2
1676.24 4.9
1680.61 7.1
1682.42 3.1
1685.35 6.1
1695.67 3.4
1708.11 2.8
1709.77 5.0
1717.75 21.7
1719.20 7.8
1723.25 4.4
1728.11 10.8
1731.50 10.9
1735.88 7.3
1741.08 5.1
1742.97 10.4
1743.99 3.6
1745.13 5.5
1750.79 5.5
1756.32 5.6
1761.99 5.0
1763.10 7.3
1766.34 1.9
1768.00 8.9
1771.79 4.2
1785.37 5.5
1797.08 4.6
1797.71 5.3
1799.95 2.5
1803.93 4.2
1805.18 9.9
1806.15 19.7
1826.07 2.1
1827.75 2.8
1848.15 3.7
1862.28 11.2
1898.01 6.1
1912.48 7.8
1929.95 2.1
1954.90 6.3
1958.19 7.8
1987.44 1.6
1999.75 8.3
