1470.70923 3
156.15 5.5
159.04 1.2
164.49 1.6
169.00 2.4
174.25 2.0
178.04 3.7
187.31 2.0
197.41 1.6
202.15 1.3
208.47 1.7
209.22 4.0
215.20 3.6
218.82 2.5
221.18 3.7
225.29 4.1
240.26 2.1
240.95 2.6
243.22 3.0
247.85 2.3
248.52 2.8
255.37 2.8
257.24 1.1
259.31 3.6
264.23 1.2
266.13 1.1
286.17 4.8
286.99 2.8
290.26 2.3
301.53 1.4
306.77 2.4
310.94 1.8
312.05 2.3
314.54 1.2
317.64 1.6
319.29 2.8
321.40 6.2
324.73 2.2
329.13 2.0
330.26 57.9
331.17 2.0
340.74 1.2
348.43 1.4
349.14 3.1
355.02 33.1
359.29 1.2
361.20 5.5
361.80 1.7
365.50 4.3
366.34 1.3
367.32 6.8
369.46 5.0
375.25 6.5
377.14 19.4
378.02 4.2
379.61 5.0
381.24 1.5
384.24 3.5
386.49 1.6
387.73 28.7
388.92 4.9
390.39 7.3
391.32 4.3
392.23 3.2
393.30 5.0
394.27 5.5
395.00 4.0
396.89 15.3
397.59 2.5
398.93 4.9
400.97 23.3
402.10 8.7
403.05 83.7
404.80 3.9
407.46 1.2
414.82 3.3
416.22 2.8
417.94 11.5
419.33 6.8
420.32 3.0
421.04 4.6
428.19 6.4
431.07 11.0
433.16 6.2
434.58 4.9
437.07 145.7
439.08 2.4
441.02 28.6
441.72 11.0
444.09 7.3
445.23 1.6
446.07 6.3
447.18 3.0
449.98 10.7
451.35 7.9
452.99 10.7
455.39 4.3
456.36 12.9
457.49 22.5
459.02 20.7
459.90 3.6
463.09 998.1
463.74 55.7
464.42 4.9
467.28 117.2
468.14 20.5
471.26 2.9
473.11 2216.9
474.34 6.6
475.24 6.8
477.03 1.3
479.18 869.5
481.66 52.6
482.82 27.0
499.65 8.4
500.28 3.2
515.42 4.8
525.05 7.9
530.94 11.5
532.43 5.3
533.95 18.9
538.41 2.3
557.42 2.9
572.96 12.0
574.19 2.6
576.51 2.8
581.07 4.1
586.26 1.5
587.87 24.8
593.21 4.5
596.48 3.6
597.12 1.8
606.21 7.5
613.56 1.7
620.27 8.9
621.42 3.6
622.11 4.6
629.56 5.4
631.00 8.3
643.26 5.2
644.55 3.7
650.57 15.2
651.42 1.4
653.14 4.9
654.94 16.6
655.59 1.8
669.30 3.8
675.77 2.6
679.37 1.7
692.52 2.2
694.33 2.1
696.59 5.3
700.33 3.6
715.87 4.1
728.18 3.2
729.77 1.6
734.58 6.3
736.36 2.8
742.54 3.5
750.53 1.6
758.17 14.7
759.34 4.0
761.41 1.1
768.00 1.6
780.47 3.1
786.98 2.8
794.53 5.5
809.46 1.1
812.72 4.7
813.32 2.7
816.64 2.3
831.58 2.3
833.54 1.9
844.48 2.4
848.62 2.2
866.51 1.6
877.41 2.6
923.11 2.9
943.60 2.2
957.70 1.3
972.47 2.6
1062.90 2.1
1138.92 3.6
