912.5638299999999 2
133.27 1.9
134.10 1.4
138.87 4.3
140.06 2.8
143.12 2.0
144.26 2.2
147.32 3.7
149.14 2.0
151.31 5.9
154.35 5.2
157.22 20.5
159.97 5.0
161.13 3.1
162.14 1.6
169.20 1.6
169.83 2.0
171.03 4.2
173.13 35.2
174.06 2.7
175.06 10.6
176.29 3.7
178.20 9.5
179.08 3.0
181.31 3.3
182.17 9.5
183.23 6.4
185.13 148.2
186.11 17.8
187.24 2.7
189.27 3.6
191.13 6.1
192.25 5.3
196.27 20.6
197.08 1.8
200.21 4.1
201.35 5.8
203.22 4.1
209.23 1.9
210.11 10.7
211.26 11.4
212.05 1.6
214.10 4.1
215.28 1.7
225.12 3.8
226.22 5.1
227.29 10.9
229.39 3.1
231.35 2.2
232.25 1.6
234.21 1.4
236.18 2.8
237.15 3.5
240.07 1.1
241.25 7.5
242.26 30.1
244.27 2.6
245.18 7.3
246.08 7.1
248.43 12.8
249.19 4.8
250.07 4.8
250.71 5.6
251.34 3.4
252.15 2.6
253.38 1.1
254.19 4.6
255.36 2.4
256.01 2.8
258.25 6.4
260.13 4.7
261.43 10.5
262.35 9.2
263.05 6.6
264.18 5.9
266.49 2.3
268.26 39.4
269.21 5.2
270.27 5.0
270.94 1.7
272.14 12.0
274.21 4.4
276.30 9.7
277.46 3.3
278.55 3.0
279.30 5.9
280.24 4.0
282.28 7.9
283.63 1.8
286.24 134.0
287.31 20.9
288.16 7.4
290.12 11.2
293.09 5.3
294.03 1.5
295.25 3.2
296.30 72.7
297.20 5.4
298.17 5.1
299.77 3.3
301.78 2.2
304.16 1.2
305.28 4.7
309.22 13.0
310.32 2.9
311.21 13.1
312.14 6.1
312.85 6.6
313.81 10.2
314.59 3.1
316.03 1.5
318.27 7.4
319.33 10.4
320.22 12.1
321.82 17.6
322.50 13.7
323.23 2.6
324.24 13.3
325.20 9.7
328.32 422.9
329.32 34.5
330.28 3.9
331.06 6.6
333.22 2.1
334.26 5.2
335.09 17.4
336.19 3.8
337.21 4.6
338.25 2.3
339.29 79.6
340.32 22.1
341.29 25.1
342.16 29.4
343.15 15.8
344.14 9.4
347.46 10.0
348.24 6.4
349.70 2.1
351.42 3.9
352.12 2.9
353.29 3.7
354.54 10.0
355.77 50.1
357.28 69.7
358.48 2.9
359.32 4.9
360.02 9.6
362.65 20.9
363.43 4.1
365.03 6.8
366.68 28.3
367.36 240.6
368.21 41.9
369.48 10.1
371.31 2.5
372.01 9.4
373.32 8.6
374.26 1.3
375.35 8.5
377.11 9.3
378.29 2.9
379.85 7.7
381.43 11.0
382.28 7.9
383.01 13.0
384.23 9.8
385.30 109.2
386.27 23.6
389.39 3.2
390.40 1.5
391.38 27.9
392.26 1.8
393.17 12.6
394.14 2.0
395.19 16.9
396.14 9.0
397.38 14.0
398.21 11.3
399.00 6.8
399.90 12.4
400.85 7.7
402.30 1.7
403.20 1.7
404.00 2.8
405.23 7.3
406.86 20.0
408.20 1.8
408.98 8.8
411.09 62.2
412.13 26.7
413.40 54.8
414.42 5.8
415.87 9.5
418.40 2.3
419.61 41.5
420.71 36.0
421.66 26.8
422.44 8.1
424.35 7.1
425.54 58.6
426.40 12.7
427.48 7.6
428.25 2.4
429.43 1.2
430.31 4.2
432.27 3.0
434.44 54.2
435.34 25.8
436.24 22.4
437.31 21.5
438.42 257.7
439.27 293.7
440.21 46.8
441.35 235.4
442.27 22.6
444.81 11.9
447.98 3482.1
448.85 15.2
449.66 25.9
453.78 3.2
454.68 3.7
471.94 11.4
472.60 12.0
475.28 7.5
476.42 1.8
486.26 2.1
487.33 3.7
489.64 6.6
497.62 3.2
504.23 2.2
506.99 6.5
510.36 3.0
515.35 5.0
518.16 1.9
520.81 5.4
523.31 2.0
524.43 6.8
528.37 1071.6
529.43 194.9
537.16 2.2
537.83 12.4
541.73 5.9
544.19 3.0
546.31 3.9
547.21 3.5
549.31 30.6
550.18 10.4
552.40 8.5
557.37 5.8
558.80 1.9
560.68 4.6
564.76 5.5
565.57 1.7
566.25 2.8
567.29 48.3
568.24 20.2
571.26 1.9
572.49 9.7
574.40 4.8
577.14 3.0
580.46 3.0
582.84 1.4
585.36 36.1
586.11 9.1
589.40 5.1
592.56 4.0
597.64 4.4
598.95 3.9
599.83 5.9
602.57 16.1
603.52 2.1
609.75 4.7
610.36 3.5
612.62 1.8
614.57 1.5
616.31 1.2
618.78 4.3
622.36 4.6
626.37 6.3
627.47 317.2
628.57 79.0
631.46 2.3
637.38 15.4
638.31 5.4
640.26 5.4
641.36 1.7
642.52 7.5
646.41 2.7
652.61 2.4
653.56 1.3
655.50 5.6
657.52 5.2
665.62 21.7
669.50 14.7
670.52 5.5
671.47 1.1
672.58 12.4
675.59 4.1
682.40 2.1
684.23 12.3
692.91 2.6
696.42 1.4
708.48 1.9
709.49 8.1
710.55 8.5
712.58 7.4
713.71 3.3
716.93 4.3
721.32 2.1
724.64 3.4
725.40 4.0
726.32 4.2
728.51 848.7
729.52 241.7
732.53 1.6
733.42 1.9
739.46 3.3
747.40 1.5
748.42 1.8
750.69 2.4
751.67 1.4
755.19 3.9
769.82 4.3
776.43 1.8
780.89 9.9
781.58 72.8
782.57 36.9
787.33 1.9
796.56 3.2
799.54 355.1
800.63 76.7
809.29 5.0
852.55 1.6
889.64 4.2
890.62 4.8
898.50 3.5
