883.33476 2
128.20 189.5
129.25 17.1
130.02 5.9
131.23 3.5
133.22 8.2
135.40 4.6
139.35 5.8
140.91 4.0
142.42 3.0
143.95 5.0
144.83 4.2
147.17 1.8
148.29 4.0
149.31 3.8
151.14 2.1
152.40 3.5
153.38 3.9
155.36 1.7
156.05 3.6
157.17 1.6
159.15 2.0
160.12 7.1
160.85 2.2
162.10 122.0
163.25 20.1
165.18 6.6
167.06 2.2
169.13 1.3
173.49 2.0
175.39 2.5
176.40 3.3
177.32 3.0
179.23 7.6
180.39 1.8
182.28 3.0
184.22 4.5
185.23 2.4
186.41 3.6
187.38 5.2
189.16 3.2
190.18 3.6
192.24 2.8
193.28 5.2
195.15 5.0
199.27 2.7
200.29 1.4
201.37 1.4
202.94 6.0
204.18 4.7
206.14 2.8
209.22 1.4
210.25 11.2
211.29 3.8
214.20 3.7
215.23 2.4
217.15 77.1
218.11 3.0
219.24 4.5
221.34 1.7
222.03 1.8
223.64 1.2
226.26 4.3
227.88 4.0
229.35 5.3
231.31 3.7
235.05 4.4
238.04 1.5
239.42 3.3
240.86 147.8
241.68 7.9
243.57 12.5
244.51 20.1
245.27 1.6
248.32 1.4
249.17 2.4
251.01 2.7
253.27 4.8
254.69 11.0
255.34 7.6
257.38 3.9
258.24 4.9
259.37 4.7
260.95 15.9
262.29 3.1
263.18 7.7
264.19 10.7
266.23 3.8
267.40 3.5
269.31 7.5
270.10 3.4
271.23 1.5
272.22 10.5
273.24 6.1
274.36 2.2
275.99 11.7
277.60 2.3
278.33 8.5
279.72 6.4
280.38 14.3
281.59 19.9
282.31 10.4
283.24 3.3
284.42 15.6
285.53 6.8
286.21 7.9
287.18 1.9
288.42 6.3
289.07 6.0
291.22 7.4
292.75 15.1
293.53 3.8
295.36 10.7
296.75 6.4
297.35 3.3
298.08 4.9
299.15 12.2
300.04 4.3
302.08 8.0
305.54 5.0
307.80 470.5
308.82 12.2
310.31 16.6
311.24 12.1
312.34 10.7
313.29 15.3
314.48 8.2
315.40 8.7
316.74 7.2
318.28 4.5
321.32 3.0
323.21 9.4
325.45 5.2
327.33 5.8
328.36 11.9
329.95 7.4
331.47 10.0
332.68 6.4
333.59 7.7
334.41 4.0
338.53 4.4
339.40 3.8
340.41 1.9
342.01 6.8
343.19 12.6
344.30 11.2
345.33 12.8
346.18 1.4
347.18 1.1
348.12 5.9
350.51 3.4
351.43 5.2
353.52 11.6
354.21 4.4
355.33 3.9
356.09 5.5
357.34 9.1
358.13 5.2
360.46 5.2
361.37 12.8
362.38 5.7
363.34 4.8
364.37 11.0
366.20 4.7
367.10 6.3
369.14 5.5
370.34 5.0
372.26 7.0
373.01 1.2
374.80 800.6
375.88 4.2
377.17 6.8
378.29 13.9
379.45 4.3
380.88 8.7
382.12 16.4
383.07 11.5
385.24 7.5
386.27 13.4
387.85 7.0
388.67 3.0
390.95 2.4
392.38 1.1
394.14 9.1
396.37 10.7
397.02 3.9
398.14 31.8
399.19 27.8
400.35 11.7
401.44 3.5
402.33 3.9
404.81 11.2
405.42 4.1
406.64 29.1
407.38 9.0
409.43 3.3
411.18 2.2
412.11 31.2
413.09 9.3
414.29 19.6
415.20 5.8
419.83 10.5
421.90 2.6
423.40 25.2
424.30 209.3
425.13 110.8
426.29 6.2
427.04 1.1
432.82 62.0
433.60 5.3
442.38 4.8
443.03 3.3
447.14 2.7
463.09 3.7
466.44 1.9
468.28 7.1
469.45 7.4
470.33 3.3
472.21 2.1
485.78 1.9
488.64 4.9
496.22 4.2
524.42 8.9
527.34 5.9
551.85 6.5
554.13 5.1
600.38 3.3
601.04 1.6
630.49 5.1
631.22 4.3
696.41 3.4
705.52 2.6
716.46 1.6
726.52 3.7
735.19 1.1
753.55 1.5
763.99 1.7
765.25 3.8
831.37 1.1
