1018.49657 2
157.00 3.6
158.08 8.1
167.14 4.0
175.17 26.2
179.06 7.0
184.19 1.5
185.24 4.1
186.25 20.1
191.22 5.3
195.19 11.9
201.22 1.8
203.87 3.8
210.21 1.9
212.25 4.8
213.14 8.3
214.24 6.2
215.20 4.0
217.27 2.3
221.11 1.6
226.17 1.2
230.26 2.7
231.11 4.1
233.04 3.5
238.18 4.0
246.25 1.0
249.21 38.9
257.96 7.3
259.09 6.8
260.26 10.0
265.04 1.5
267.11 8.2
268.23 1.3
269.35 1.3
270.33 2.7
277.20 36.5
278.16 8.3
279.14 2.0
281.27 2.2
283.26 4.2
285.44 2.3
287.16 2.5
288.42 5.7
292.26 2.0
294.11 4.4
296.11 2.8
303.02 1.2
308.03 1.4
311.28 4.2
312.50 4.1
314.03 8.6
324.39 2.9
325.43 5.6
326.84 2.3
331.28 1.7
332.38 4.2
335.09 11.2
339.59 1.6
342.21 73.4
343.37 11.9
345.75 4.1
347.28 2.7
348.32 5.5
353.27 2.2
354.20 2.5
359.40 6.7
360.18 15.7
361.25 9.3
363.05 23.1
363.84 13.3
366.39 2.2
368.54 4.5
371.94 95.6
377.18 1.8
378.38 1.8
382.28 1.0
384.16 1.9
385.47 9.1
387.31 12.6
389.17 2.3
393.45 6.1
394.87 7.3
396.01 27.4
399.47 1.0
401.67 13.3
402.38 68.3
403.50 5.6
405.23 3.2
414.39 5.2
416.16 6.9
418.36 4.0
419.28 7.7
423.05 2.5
427.49 32.7
431.20 3.3
432.49 2.8
433.26 3.0
434.03 6.9
437.09 30.7
438.10 2.7
441.72 16.8
442.80 6.5
443.88 7.0
444.86 18.8
446.45 4.3
448.45 8.3
452.15 10.2
453.00 2.9
453.91 1.9
455.54 2.4
457.15 3.8
459.34 25.3
460.17 11.4
461.18 3.0
462.17 6.6
464.88 6.5
468.51 18.2
469.28 6.8
470.15 12.7
471.30 4.4
472.87 2.1
473.94 11.8
475.56 7.2
477.71 2.4
478.94 13.1
479.81 7.3
481.65 4.1
483.11 30.8
483.82 4.7
484.58 5.3
485.90 6.7
487.33 10.5
488.35 3.6
489.64 6.2
491.98 265.1
492.92 20.9
493.60 12.5
494.51 2.1
496.19 11.3
499.24 20.1
501.02 336.4
502.09 38.1
503.32 3.1
513.29 1.1
528.45 1.7
530.38 31.8
531.60 9.2
532.75 1.1
536.42 2.1
541.25 3.6
546.08 9.1
549.38 1.3
554.18 2.1
562.36 4.3
564.58 2.2
566.28 2.3
572.17 4.1
574.48 3.0
580.33 2.2
584.33 2.9
589.37 3.3
590.58 3.0
593.72 2.9
594.44 3.5
599.40 5.8
601.34 1.4
602.26 5.5
605.59 1.4
613.35 3.9
617.48 27.1
618.50 5.3
625.43 1.8
628.59 2.8
629.52 5.7
632.51 4.2
633.38 1.2
635.42 8.3
636.44 1.4
638.49 1.9
641.38 29.3
642.52 18.4
643.18 3.1
644.30 4.7
648.93 4.7
655.54 2.8
657.42 3.7
659.47 83.3
660.36 29.6
661.71 2.2
663.44 7.5
664.68 11.7
669.43 33.2
670.36 12.3
672.45 1.5
679.49 6.4
681.54 4.0
689.41 12.4
690.58 1.2
692.46 1.6
693.76 3.7
698.56 2.9
700.28 1.3
705.53 7.5
708.54 1.5
710.53 2.5
711.44 2.7
713.40 17.0
714.19 1.3
724.44 27.9
725.52 79.7
726.41 30.2
731.88 1.6
737.48 7.4
742.36 15.3
743.53 21.6
744.48 7.2
745.51 1.2
750.89 2.2
751.51 8.7
752.45 6.2
761.39 1.8
770.37 1.1
773.68 2.5
774.59 3.4
776.41 1.5
777.64 2.2
803.39 4.7
804.37 3.4
809.38 9.4
814.27 2.9
816.24 3.0
816.90 3.3
819.33 4.6
825.65 16.2
826.33 2.0
827.91 2.4
836.84 6.5
842.16 2.1
844.51 20.3
846.40 2.0
849.48 3.6
853.45 5.3
854.42 2.7
871.46 10.2
872.23 3.2
880.71 13.1
881.41 2.1
899.45 18.8
900.44 5.1
901.75 3.0
906.68 1.6
947.55 3.2
