2233.08744 3
208.35 21.1
213.14 33.7
215.10 28.1
217.57 134.3
218.29 137.3
221.13 78.8
222.30 74.1
226.20 203.4
227.32 114.4
228.24 122.9
231.19 15.8
232.29 22.4
233.02 23.0
234.08 52.9
235.07 222.7
237.54 39.3
239.29 136.2
240.26 61.1
241.18 29.2
243.29 25.8
244.17 17.2
246.03 37.8
246.95 9.8
249.05 696.3
250.24 76.3
252.19 440.7
252.91 25.2
253.55 14.9
254.20 50.3
255.29 10.9
257.24 55.9
258.32 14.7
260.33 41.4
261.18 26.2
262.08 78.0
263.35 153.9
264.31 225.5
265.19 146.2
266.67 192.6
267.38 157.0
268.04 43.2
269.27 18.1
270.16 14.2
272.20 129.7
274.40 61.1
275.33 81.0
276.11 43.9
279.25 19.2
281.33 61.6
282.23 335.2
283.28 160.9
284.21 146.0
285.20 17.9
286.34 46.6
288.11 121.4
289.24 592.9
290.37 66.6
292.46 80.3
293.38 49.2
294.32 12.2
295.08 43.0
296.33 30.1
297.29 210.0
299.31 187.3
300.24 127.4
301.24 91.3
302.13 81.2
303.41 78.1
304.09 25.5
305.21 29.4
306.24 392.3
307.26 138.4
308.14 115.4
308.93 17.9
310.40 97.5
311.35 53.3
312.34 29.0
313.10 31.6
315.25 37.5
316.15 52.4
317.26 66.5
319.61 81.0
320.45 20.2
321.08 15.4
322.31 165.2
323.26 254.5
324.29 336.1
325.21 163.4
327.28 20.9
328.33 11.7
329.30 38.1
330.16 21.9
331.09 27.1
332.55 37.1
333.20 25.2
334.23 145.7
336.28 14.8
337.15 20.5
338.51 92.1
340.92 52.2
341.54 58.3
343.20 48.4
344.30 79.2
345.41 78.1
346.21 79.1
347.23 220.2
348.19 69.9
351.10 52.4
352.27 117.9
353.15 94.6
354.25 28.1
355.31 22.4
356.53 11.8
358.14 72.5
359.63 44.5
361.93 56.8
363.31 222.8
364.22 233.6
365.27 235.5
366.05 108.1
366.86 21.5
367.81 53.5
369.34 54.6
370.38 30.4
371.25 11.2
373.49 159.0
374.53 75.4
375.36 196.0
376.24 57.8
377.32 32.8
378.28 35.4
380.10 60.1
381.38 36.3
383.26 116.9
383.95 71.9
385.70 168.5
386.33 212.7
387.39 415.8
388.42 54.2
390.45 280.2
391.32 37.6
392.45 299.7
393.29 79.0
394.42 76.4
395.19 50.1
397.16 112.9
398.60 144.7
399.96 127.7
401.46 544.9
403.19 1603.4
404.23 495.0
405.07 21.7
407.42 388.6
408.35 282.5
409.39 652.5
410.32 153.4
411.28 78.3
412.33 57.9
413.55 73.8
414.45 74.6
416.82 92.3
417.96 11.1
418.91 130.4
419.55 82.5
420.44 80.2
421.33 107.1
422.45 43.3
423.30 26.4
424.39 105.9
425.33 493.8
426.44 354.5
427.35 59.9
428.55 46.0
429.72 149.3
430.36 24.1
433.59 73.8
434.22 65.7
435.03 23.4
436.70 357.7
437.33 1006.4
438.27 637.9
439.38 237.3
441.11 37.5
442.00 90.4
442.90 35.0
444.49 10.4
445.42 22.8
446.29 58.2
447.26 109.9
448.39 342.8
449.30 56.4
450.42 55.0
451.15 290.9
451.84 50.0
452.79 41.2
454.39 349.3
455.21 217.9
456.44 118.1
457.88 76.7
459.78 102.1
460.50 100.7
463.09 419.2
464.42 62.5
465.21 116.5
466.54 38.3
468.83 40.1
470.14 31.8
471.03 49.8
472.17 89.8
473.17 298.4
474.18 227.9
475.43 47.2
476.34 272.7
477.58 241.0
478.37 78.3
479.28 243.7
480.35 741.0
481.53 376.9
482.59 111.4
483.50 33.8
485.09 156.9
486.58 84.5
487.45 188.9
488.44 34.0
489.42 179.8
490.49 184.2
491.43 225.6
492.45 16.3
493.43 373.0
494.21 70.3
496.07 225.9
496.69 23.7
497.32 103.9
498.46 126.4
499.44 139.8
500.32 190.2
501.23 27.0
502.31 67.3
502.95 50.5
503.80 80.8
504.42 36.4
505.80 115.1
506.43 293.3
507.61 598.8
508.38 247.4
510.39 33.8
511.37 305.1
512.20 104.7
513.40 234.4
514.05 199.3
515.36 497.8
516.33 1203.4
517.39 560.9
518.61 242.2
519.51 13.9
520.41 142.0
521.36 110.3
522.11 119.3
523.10 161.7
524.35 118.8
525.11 210.8
526.19 51.2
527.23 19.7
528.73 176.0
529.44 266.6
530.37 48.1
531.51 55.3
532.26 12.4
533.40 252.2
534.26 1116.6
535.33 626.3
536.28 147.9
537.48 345.2
538.42 474.4
539.46 240.5
540.38 244.9
541.44 32.1
542.46 65.1
543.58 77.0
544.54 261.6
545.92 181.9
546.87 153.2
549.00 747.6
549.91 174.5
551.27 1711.9
552.40 608.5
553.16 103.0
554.31 161.2
554.99 53.4
556.51 60.0
557.54 5758.5
558.50 610.5
559.39 170.0
560.23 56.9
561.02 513.4
561.85 13.1
563.14 555.8
564.09 198.7
565.01 89.2
565.62 14.2
566.56 17.4
569.57 279.0
570.36 33.2
572.17 1662.3
573.18 681.2
573.85 36.8
575.38 49.5
576.35 79.8
577.58 231.9
578.33 75.4
579.25 287.1
580.47 101.5
581.53 40.1
583.12 330.4
583.98 140.5
584.61 19.0
585.23 250.0
587.09 72.3
588.14 74.1
589.36 64.0
590.41 67.6
591.28 560.1
591.88 164.3
592.63 410.0
593.73 40.4
596.30 532.2
597.52 245.7
598.26 45.1
599.52 28.2
600.50 795.1
601.64 379.1
602.42 124.2
603.36 91.1
604.13 230.3
605.37 407.5
606.31 63.5
607.10 20.8
607.87 129.9
609.13 416.1
610.17 73.6
611.35 181.5
612.66 582.1
613.72 484.1
615.01 68.6
615.72 22.5
617.65 73.9
618.83 211.8
619.54 760.3
620.24 232.3
621.27 138.9
622.12 1405.5
622.89 260.0
624.31 32.3
625.67 90.2
626.27 16.5
627.69 302.0
628.50 195.3
629.52 154.3
630.39 243.7
631.50 189.6
632.39 137.7
633.94 758.4
635.23 421.7
636.64 733.3
637.46 327.2
639.80 4214.4
641.22 54.8
642.32 30.8
643.72 222.3
644.35 207.5
645.72 20820.2
647.39 1064.3
648.28 720.3
648.98 956.9
649.88 545.2
651.32 148.8
652.26 131.9
653.28 424.3
654.46 144.8
655.39 122.7
656.50 119.4
657.63 2463.8
658.40 500.8
659.06 363.5
660.42 115.7
661.41 156.3
662.23 215.9
663.45 2170.4
664.43 3644.0
665.46 1394.9
666.40 776.1
667.41 1024.3
668.42 296.3
670.03 1362.1
671.29 617.3
672.90 2143.7
674.01 93.8
675.28 180.0
677.01 3166.6
678.57 2357.2
679.51 245.9
680.99 58.0
682.78 6244.1
683.83 447.0
685.04 819.9
685.75 326.9
686.52 407.8
687.36 206.7
688.59 1583.9
689.48 128.6
690.48 860.7
691.35 337.0
692.35 617.6
693.35 40.7
694.19 93.9
695.86 2430.0
696.77 523.5
698.10 93.9
699.18 146.3
699.81 249.1
700.88 363.6
701.63 2247.9
702.25 1774.3
703.03 381.1
703.74 162.9
704.62 190.7
705.69 225.9
706.36 163.8
707.29 1322.2
707.91 11461.8
709.61 150.4
710.78 1305.5
711.62 557.7
712.84 667.0
713.48 812.7
714.18 140.9
715.90 254.0
716.52 178.6
717.27 83.6
718.14 75.4
719.21 1456.9
720.09 1129.6
721.90 3648.8
722.66 2237.3
724.25 183.1
725.07 577.7
727.36 1608.4
728.17 14847.5
729.04 2812.8
729.89 152.9
730.67 842.0
731.49 150.0
733.63 7921.5
734.24 2808.9
734.98 100.0
738.17 26.8
743.30 60.4
751.42 13.6
753.34 91.7
755.93 51.5
757.19 176.1
758.52 223.3
760.07 58.4
761.36 562.5
762.41 593.2
763.52 258.6
764.35 56.6
765.52 664.9
766.93 311.7
768.37 270.0
769.14 386.5
769.91 32.0
770.61 14.3
771.79 273.6
772.46 40.6
773.49 209.2
774.54 1437.6
775.45 664.7
776.71 1936.7
777.63 1399.8
779.37 4250.4
780.41 1553.8
781.33 260.3
782.53 231.3
783.60 158.5
784.30 61.8
785.69 8793.8
786.47 3473.7
787.15 561.8
788.41 57.3
791.35 1804.7
792.39 832.3
793.46 423.8
794.40 70.1
795.11 256.1
795.98 300.4
796.61 506.6
797.85 225.3
798.58 176.5
799.46 71.4
800.32 81.8
801.31 578.5
802.23 341.7
803.14 190.3
803.85 399.7
804.57 66.1
805.59 40.9
806.64 112.7
808.30 92.5
809.29 12.2
810.39 41.2
811.02 127.6
813.28 661.1
814.40 429.0
815.59 302.0
816.52 86.5
817.28 86.3
818.18 64.6
820.11 152.6
821.54 289.2
822.47 195.0
823.47 442.5
824.49 54.1
825.39 403.2
826.35 451.2
827.57 366.8
828.48 95.7
829.93 114.1
831.63 105.1
833.23 877.7
834.12 636.1
835.01 92.8
837.10 607.0
838.06 213.6
839.76 64.9
840.64 105.7
842.26 8132.8
843.23 1702.8
844.39 111.2
845.74 970.0
846.83 316.3
847.52 45.5
848.61 274.5
850.59 1904.2
851.45 461.4
852.18 286.3
855.59 28.5
858.09 176.1
859.45 3457.7
860.22 2527.4
861.35 826.2
862.43 328.5
863.61 71.0
865.69 93.3
866.77 224.4
868.06 248.4
868.90 125.9
869.68 34.0
870.28 15.1
871.76 128.1
872.94 143.4
873.65 105.3
874.56 81.9
875.60 92.6
876.37 96.9
877.39 765.8
878.47 2809.4
879.50 1223.6
880.57 513.1
881.30 306.5
882.26 491.3
883.47 53.9
884.76 245.6
885.95 1254.7
886.76 169.4
887.85 151.2
888.50 66.7
889.29 157.9
890.35 1939.5
891.21 1442.5
892.45 327.8
893.39 232.2
894.42 1008.4
895.26 757.7
896.50 498.6
897.62 190.6
899.30 17473.3
900.27 3884.9
901.31 516.9
902.53 1378.9
903.47 612.1
904.72 319.3
905.59 280.6
906.30 169.0
907.49 1268.3
908.49 341.9
909.57 47.1
910.43 27.9
911.30 229.9
912.35 48.4
913.52 933.6
914.69 760.0
916.25 3303.1
917.10 1212.1
918.12 38.6
918.77 12.1
920.58 1273.3
921.71 502.0
922.62 320.4
923.55 341.5
924.49 443.0
925.43 333.1
926.70 99.2
927.55 66.3
928.88 154.0
929.90 287.1
930.63 100.5
931.81 108.5
932.65 58.4
933.47 177.0
935.32 263.3
936.14 335.0
937.10 296.8
938.17 89.8
939.61 47.6
940.69 103.9
942.46 356.2
943.64 376.1
944.71 60.7
945.54 187.7
946.36 75.2
947.85 288.4
948.83 136.9
949.89 370.5
950.85 629.8
951.74 446.5
952.47 785.6
953.47 80.7
954.53 426.6
955.60 417.4
956.47 255.1
957.21 613.1
959.13 2279.0
960.10 564.5
962.10 143.1
964.29 1086.7
965.29 1173.8
966.27 228.7
967.77 9225.7
968.68 2544.5
969.69 134.1
970.53 178.1
972.16 232.8
973.31 4315.3
974.16 1132.1
975.52 136.6
976.67 32.2
978.56 451.8
979.55 327.3
980.45 42.0
981.51 31.9
982.64 233.0
983.59 55.6
984.62 41.0
985.68 899.1
986.61 334.1
987.64 848.5
988.46 450.2
989.41 53.7
990.05 43.8
991.03 578.5
991.69 1525.0
992.66 996.4
993.65 257.9
994.60 434.7
995.57 600.2
996.51 87.3
997.44 30.2
998.13 20.3
1000.07 2806.1
1001.14 434.3
1002.61 84.8
1003.66 277.5
1004.93 451.9
1005.90 188.4
1006.92 196.7
1008.42 3373.2
1009.20 4692.0
1010.18 666.0
1011.37 136.4
1012.15 54.9
1013.42 785.6
1014.51 757.0
1015.25 429.0
1016.12 75.9
1017.00 225.5
1017.82 192.8
1018.66 226.4
1021.43 423.3
1022.64 831.5
1023.45 832.9
1024.46 244.6
1025.53 175.9
1026.74 605.2
1027.85 415.6
1028.70 66.9
1030.29 1196.1
1031.26 240.3
1032.26 1049.8
1033.15 541.4
1034.90 1326.7
1035.75 4161.3
1036.68 1179.5
1037.62 37.8
1038.46 90.2
1039.56 183.7
1040.70 184.1
1042.73 264.9
1044.31 8804.4
1045.19 3416.6
1046.09 78.9
1048.85 14.6
1049.50 40.8
1050.63 52.8
1051.94 325.1
1052.73 1300.1
1053.61 1052.5
1054.58 303.3
1055.78 55.2
1056.54 502.1
1057.54 168.7
1058.66 250.0
1059.65 45.3
1060.85 1822.8
1061.70 307.5
1062.31 23.9
1065.06 174.6
1066.11 257.9
1067.02 238.4
1067.64 24.7
1068.71 26.4
1069.56 100.0
1070.64 78.0
1073.57 96.1
1074.44 29.5
1075.68 167.0
1076.76 60.7
1078.64 270.3
1079.68 157.6
1080.78 125.4
1085.57 37.7
1086.65 72.3
1087.48 41.4
1088.14 81.7
1088.78 35.8
1091.56 1705.9
1092.60 801.1
1093.65 308.4
1094.64 55.9
1095.83 174.4
1096.69 682.4
1097.59 425.7
1098.44 158.8
1099.49 47.2
1102.63 125.9
1103.68 214.2
1104.62 67.4
1106.55 27.5
1107.85 83.2
1108.62 168.1
1112.57 50.7
1113.59 1087.6
1114.56 517.6
1115.63 436.3
1117.76 11.1
1119.97 35.8
1120.62 1594.4
1121.66 725.1
1122.61 213.2
1123.82 38.0
1124.60 9.7
1125.67 96.3
1126.58 28.1
1127.59 102.3
1128.55 30.4
1132.26 32.2
1133.09 29.1
1134.48 203.9
1135.81 48.9
1137.42 26.8
1138.52 56.3
1139.98 92.9
1142.66 580.5
1143.70 445.0
1144.56 182.8
1145.50 21.9
1147.55 63.0
1148.87 15.9
1149.50 40.5
1150.55 27.1
1153.58 25.0
1154.90 93.0
1155.51 12.7
1156.46 55.3
1160.59 77.9
1164.09 9.8
1165.79 38.1
1166.61 248.3
1167.55 336.5
1168.50 227.1
1169.57 142.6
1173.68 12.8
1174.36 35.5
1176.73 63.6
1177.51 58.4
1178.58 20.4
1179.54 58.2
1183.67 75.0
1184.59 30.1
1185.62 52.7
1187.01 29.6
1188.42 12.4
1190.02 138.2
1191.82 101.5
1192.74 67.5
1194.44 54.5
1195.62 22.3
1196.30 33.0
1197.66 30.0
1198.67 78.3
1199.59 248.1
1200.62 115.7
1201.69 27.8
1202.71 89.8
1203.74 282.5
1204.56 90.6
1205.39 10.5
1206.59 37.4
1207.51 108.3
1208.56 91.2
1209.59 309.9
1210.68 206.9
1211.69 38.5
1212.55 25.6
1213.58 20.5
1214.89 13.5
1215.94 52.9
1220.61 350.6
1221.80 193.9
1222.76 88.5
1223.39 31.7
1224.69 118.4
1225.60 534.0
1226.58 160.4
1227.61 208.9
1228.77 99.7
1229.79 44.4
1232.77 17.8
1237.04 100.7
1237.81 159.4
1238.64 54.5
1239.75 134.3
1240.76 22.3
1242.03 139.9
1242.66 768.8
1243.63 566.9
1244.61 277.2
1249.68 55.7
1252.80 9.8
1253.78 57.2
1254.91 16.4
1255.93 44.9
1257.93 23.2
1263.17 14.5
1265.57 92.3
1266.48 25.9
1267.78 46.8
1271.82 53.5
1274.45 15.3
1275.74 29.4
1280.68 204.8
1281.58 325.6
1282.54 99.0
1283.73 53.5
1288.48 66.6
1290.69 19.6
1291.58 287.1
1292.67 165.5
1293.88 29.6
1295.81 125.0
1297.62 31.9
1298.72 131.9
1303.84 29.7
1305.38 30.0
1308.58 500.2
1309.71 312.8
1310.71 13.2
1313.67 113.7
1314.99 86.2
1318.89 35.5
1320.58 83.9
1321.92 106.0
1323.66 16.3
1325.52 14.5
1326.74 31.7
1327.77 15.8
1328.89 56.0
1329.75 50.5
1332.02 41.5
1333.97 32.2
1334.86 36.2
1335.88 58.5
1337.50 16.1
1338.86 203.2
1339.70 165.4
1341.02 27.8
1341.65 45.3
1344.26 91.8
1351.62 28.9
1352.89 178.8
1353.77 135.4
1354.55 42.3
1355.65 227.3
1356.68 152.9
1357.79 42.3
1359.08 13.2
1361.52 64.6
1364.55 14.0
1366.18 24.9
1367.44 59.9
1368.39 11.5
1370.10 19.6
1373.40 32.8
1374.35 19.7
1376.64 25.7
1377.88 16.7
1378.50 15.0
1379.83 21.8
1385.98 10.7
1394.74 139.7
1395.70 90.7
1396.93 65.6
1397.68 58.1
1400.76 11.9
1401.82 13.7
1403.66 28.9
1404.97 38.3
1405.78 11.5
1408.04 46.8
1409.13 21.8
1418.87 47.4
1419.77 25.9
1420.72 145.2
1421.73 57.0
1423.30 208.0
1424.48 171.0
1425.12 24.1
1425.74 38.2
1426.84 15.0
1427.60 31.2
1429.75 17.3
1432.77 18.4
1433.90 106.2
1434.98 29.9
1436.68 19.7
1437.72 82.7
1439.59 12.4
1441.63 57.5
1442.80 220.2
1443.79 40.3
1444.96 19.0
1445.58 15.9
1449.20 72.8
1454.92 43.1
1455.86 22.6
1457.33 16.4
1463.58 82.2
1465.63 84.1
1466.59 46.2
1467.19 66.7
1467.93 51.0
1471.84 18.6
1482.95 42.7
1488.43 62.5
1491.91 15.4
1492.92 33.4
1495.81 11.2
1508.99 111.4
1509.73 67.9
1510.91 70.2
1511.55 73.7
1516.58 10.4
1519.75 50.4
1520.42 36.4
1523.57 9.8
1526.91 11.2
1529.88 21.6
1531.40 42.9
1532.77 146.4
1533.43 12.8
1534.11 48.9
1535.77 62.6
1537.01 197.6
1537.92 34.0
1548.70 39.7
1551.69 32.6
1552.81 55.9
1553.75 205.0
1554.83 117.9
1555.81 110.8
1557.07 44.1
1560.01 16.1
1562.87 43.7
1563.86 23.3
1564.68 14.4
1566.16 33.5
1569.28 46.5
1570.55 118.1
1571.76 146.8
1572.87 85.0
1575.88 32.7
1580.04 9.8
1581.02 103.1
1581.91 54.1
1590.81 43.2
1592.76 13.0
1597.04 10.9
1598.86 28.7
1603.82 32.7
1612.63 37.8
1617.65 20.1
1624.45 43.7
1633.78 54.5
1634.73 19.2
1636.14 25.1
1639.12 21.5
1643.69 88.3
1646.11 25.2
1650.99 44.9
1652.13 114.2
1653.03 17.3
1660.87 23.9
1668.77 34.6
1669.55 22.3
1671.17 57.0
1678.80 19.4
1682.74 18.8
1683.36 71.8
1690.73 20.5
1697.02 60.0
1717.51 26.1
1719.06 89.8
1721.10 21.7
1748.89 28.2
1753.62 29.4
1781.94 31.5
1809.28 21.2
1814.00 21.2
1832.36 28.8
