949.35399 2
133.43 1.3
134.10 2.2
135.22 1.4
139.26 2.9
140.29 3.5
143.22 1.0
144.06 2.0
145.15 1.9
146.49 2.5
147.30 2.0
148.10 7.0
149.49 1.1
151.24 9.6
152.38 1.4
155.09 4.8
155.88 4.9
157.20 5.4
158.11 8.4
159.19 2.9
161.41 11.4
162.20 49.0
163.48 8.1
164.20 15.8
165.26 4.4
165.96 3.2
167.17 5.3
168.01 5.0
169.15 5.6
171.31 6.1
172.14 5.2
173.22 3.8
174.79 5.6
176.01 1.6
177.47 9.7
178.34 6.4
178.94 1.0
181.34 1.3
182.12 1.3
183.19 9.5
183.92 1.4
184.93 7.2
186.19 4.3
187.23 8.9
188.19 5.9
189.14 2.4
190.19 6.3
191.22 7.0
193.07 8.1
194.20 3.2
195.34 11.5
196.30 1.1
197.27 5.6
198.52 6.8
199.43 5.9
200.22 3.5
201.29 9.0
203.41 6.2
204.12 3.9
205.08 9.4
206.25 7.2
207.13 8.0
208.29 5.1
209.97 15.4
212.08 1.0
213.12 6.4
214.18 7.4
215.26 18.3
216.24 8.2
219.18 3.7
221.37 6.0
223.23 2.7
225.06 3.3
226.30 6.5
227.15 16.2
228.33 12.6
229.28 11.6
230.21 2.9
231.19 5.3
232.16 2.1
233.20 7.9
234.22 3.0
235.03 8.3
236.32 5.2
237.35 3.4
239.37 2.2
240.13 3.4
241.30 18.6
242.32 3.7
244.24 6.7
245.15 9.0
246.18 1.1
247.34 5.8
248.55 6.2
249.52 5.5
250.35 6.6
251.26 8.8
252.43 1.6
253.07 1.6
254.13 6.3
255.14 11.7
256.51 1.1
257.67 8.7
258.35 1.2
259.29 13.0
260.25 27.4
261.45 8.6
262.30 16.9
263.15 17.3
264.41 2.9
265.20 3.9
266.25 13.3
267.46 18.8
268.24 20.0
270.25 12.4
271.28 9.4
272.21 2.6
273.26 12.6
274.16 11.5
275.25 1.5
276.22 2.3
277.38 34.2
278.22 6.1
279.32 9.5
281.25 3.3
282.23 3.6
283.17 6.6
284.25 14.5
285.42 11.6
286.27 9.3
287.11 1.0
289.00 6.1
290.27 14.3
291.26 16.5
292.34 2.2
294.32 33.3
295.73 10.3
296.43 31.0
297.36 23.1
298.30 16.4
299.07 1.5
300.14 7.3
301.19 12.2
302.18 1.3
303.20 8.8
304.13 3.0
304.90 1.4
306.35 3.8
307.20 4.1
308.52 1.4
310.15 19.6
311.31 9.4
312.25 19.8
313.27 10.3
314.40 16.0
315.22 9.4
316.21 10.8
317.37 10.0
318.10 11.9
319.25 12.7
320.46 4.7
321.45 7.5
322.53 8.8
323.40 2.7
324.76 7.4
325.54 8.2
327.21 15.6
328.35 11.4
329.34 4.8
330.08 8.8
331.08 12.8
332.21 7.4
333.23 18.0
335.12 10.9
337.74 5.7
339.10 4.0
340.98 321.2
341.59 17.3
342.21 9.5
343.25 14.7
345.13 17.0
346.33 11.4
347.33 26.2
348.02 1.4
349.24 6.6
350.42 2.8
353.21 27.6
354.25 21.2
355.19 40.7
356.22 18.6
357.46 8.7
358.32 5.2
359.52 16.9
360.56 23.5
361.23 134.8
362.09 6.8
363.10 6.5
364.26 7.7
365.41 89.7
366.21 13.2
367.31 3.1
371.14 24.6
372.07 5.1
373.20 17.2
375.06 7.4
377.14 23.4
378.37 8.7
380.11 4.7
381.10 18.0
382.40 4.4
383.32 8.6
384.28 11.5
385.21 4.8
386.25 7.8
387.38 24.1
388.60 6.4
389.41 4.5
390.22 9.7
391.25 9.9
393.27 13.6
394.22 2.5
395.25 16.2
396.33 2.4
397.42 3.8
398.48 7.4
399.20 9.3
400.23 1.8
401.25 26.4
402.33 5.5
403.17 17.8
404.05 1.5
405.23 11.1
407.46 14.3
409.14 63.0
410.12 3.7
411.31 37.6
412.20 7.2
413.26 22.1
414.31 8.3
415.26 21.9
416.29 74.4
417.36 21.9
418.73 15.0
419.53 4.5
421.47 6.4
422.90 3.0
423.54 2.2
425.37 67.4
426.67 4.0
427.30 26.0
429.28 29.6
430.19 7.5
431.39 134.0
432.45 10.7
433.65 7.4
434.89 7.4
437.15 8.0
438.68 17.1
439.34 52.2
440.31 3.7
441.43 5.6
443.70 1.8
444.83 3.2
445.47 1.0
447.28 19.0
448.43 3.8
453.04 2.6
456.62 102.3
457.28 868.8
458.36 102.4
459.30 4.9
460.24 9.5
462.40 11.9
465.84 4.5
466.68 4.2
467.55 4.6
475.34 4.3
492.93 1.1
516.23 2.4
546.87 5.8
560.11 2.4
581.13 2.7
593.24 3.8
618.56 3.2
622.12 6.4
638.17 6.9
650.47 9.9
651.10 10.2
661.54 2.3
721.59 3.0
748.62 5.3
888.81 1.8
927.75 4.6
928.64 1.7
