2691.29091 4
195.43 16.6
196.23 78.8
197.13 11.7
198.20 87.8
199.21 134.9
200.14 14.4
201.20 11.5
202.15 106.6
208.11 201.4
209.14 83.4
211.26 38.7
212.22 33.7
213.06 79.8
216.20 437.9
217.22 8.3
220.33 12.2
221.10 22.4
223.29 21.7
225.31 28.8
226.10 12.7
227.35 11.4
228.29 35.5
229.12 28.8
230.07 11.7
232.30 30.1
233.11 17.7
235.49 25.5
238.25 22.4
240.45 21.8
241.27 219.7
242.22 94.6
244.82 19.8
251.27 24.4
252.07 48.6
253.17 160.6
255.05 37.9
257.62 55.8
258.25 511.1
259.48 118.4
260.23 35.6
262.37 34.2
266.10 22.8
267.27 69.9
268.32 28.7
269.16 67.7
270.25 54.0
271.32 28.1
272.46 12.1
274.27 31.5
277.25 27.4
278.20 48.4
279.40 10.6
280.35 96.4
281.26 19.3
283.15 16.1
285.56 24.2
286.31 316.5
287.13 130.0
291.94 34.2
294.21 10.5
295.14 84.3
296.20 140.1
297.08 104.3
298.42 119.3
299.37 9.3
301.79 12.0
304.34 12.7
309.14 58.0
310.14 19.4
312.24 52.2
313.22 131.7
314.19 25.9
315.31 62.4
322.20 13.1
325.33 11.6
327.41 34.5
330.27 91.6
331.22 59.2
333.59 12.2
336.33 19.5
337.21 41.8
338.30 15.9
339.28 17.3
342.45 15.3
343.24 13.1
349.30 46.8
350.23 95.6
351.07 13.6
353.11 10.5
355.18 15.4
357.11 119.3
359.88 16.8
362.86 65.4
367.16 121.2
367.81 14.7
369.17 16.3
380.42 8.9
382.50 39.2
383.28 21.1
384.31 81.1
385.25 250.2
388.44 15.8
393.32 44.6
394.22 23.5
394.97 18.6
396.32 16.1
397.32 53.4
398.11 18.0
399.27 28.5
400.43 67.1
401.19 18.2
402.25 184.4
403.56 15.9
408.18 19.8
409.48 10.9
410.14 16.4
411.20 19.5
414.42 107.9
415.25 12.7
418.39 31.2
420.13 37.3
421.41 17.8
425.43 100.4
426.27 105.6
427.47 57.1
428.42 22.1
432.36 8.9
436.92 26.2
438.19 38.8
443.32 49.4
444.29 62.9
447.20 29.9
448.19 12.0
451.94 52.6
455.38 65.7
456.36 45.4
463.30 8.0
466.27 109.3
468.11 88.2
469.26 131.4
470.25 66.5
471.76 25.9
473.09 46.7
477.00 13.3
479.51 18.3
480.46 24.3
481.36 43.6
483.39 76.1
484.26 101.6
493.03 14.3
496.39 58.7
497.15 11.5
498.17 89.8
499.33 39.8
501.14 41.5
502.49 44.8
504.39 55.0
509.09 45.2
510.57 12.9
511.28 7.9
513.66 84.5
516.01 276.3
517.42 20.1
519.46 21.8
524.24 151.3
525.78 83.8
532.62 52.9
537.64 108.0
540.74 164.6
541.54 154.2
543.07 21.3
544.79 29.3
545.64 57.5
546.97 127.0
547.60 77.7
548.60 130.3
550.87 10.1
552.38 31.3
553.80 75.9
554.58 31.2
555.86 86.6
557.57 10.5
558.74 61.3
560.21 7.7
562.25 100.1
563.64 55.7
564.65 30.4
565.41 53.9
566.05 329.6
567.40 24.9
569.30 139.5
570.39 108.4
571.86 61.7
573.41 417.0
574.41 148.3
575.40 52.4
576.15 180.5
577.71 214.7
580.13 86.1
580.95 107.8
581.63 62.8
582.62 18.5
584.09 317.8
585.32 21.1
586.41 290.9
587.34 74.1
588.17 193.3
588.83 175.4
589.66 40.0
590.45 300.1
591.14 530.2
591.93 72.1
593.86 319.5
595.20 2014.8
595.91 206.2
596.97 20.7
598.15 704.6
599.45 309.4
600.37 64.7
601.30 239.1
602.75 470.6
604.14 151.8
604.92 69.7
605.86 126.8
606.46 35.4
607.94 324.8
608.89 480.3
610.03 42.9
610.80 247.6
611.99 747.8
613.16 341.1
613.82 122.3
615.09 589.1
615.81 2545.0
617.04 664.0
618.05 394.6
619.05 686.0
620.18 3127.4
621.85 696.9
622.73 630.7
623.68 688.8
624.61 1842.2
626.05 483.5
627.38 971.6
628.34 219.2
629.04 990.4
629.86 558.9
630.67 184.2
631.42 159.2
632.47 567.4
633.46 2719.0
634.54 410.1
636.05 560.2
637.24 6709.0
638.02 1903.5
638.93 459.4
640.39 1847.6
641.31 4407.9
641.97 4962.6
643.28 982.2
644.85 2330.5
646.16 3301.0
646.99 305.5
647.72 3057.0
648.97 1536.6
649.59 2791.7
650.62 262.3
651.97 388.3
653.03 175.4
653.99 4179.3
654.67 550.8
655.48 509.6
656.33 1538.2
657.74 1562.0
658.47 5080.1
660.82 15203.4
662.56 7104.5
663.57 29.1
665.00 638.6
666.37 19.4
668.22 17.9
678.86 63.1
679.84 78.9
682.85 335.0
684.39 193.9
685.38 18.9
687.07 248.8
687.89 453.4
688.85 382.1
689.56 118.2
692.60 301.9
693.63 861.1
694.53 155.8
696.72 159.6
698.02 717.5
698.71 567.8
699.53 37.1
700.61 161.7
701.54 227.9
702.32 26.6
704.60 170.2
706.09 182.4
706.98 365.3
708.49 34.2
709.63 191.5
710.88 163.9
712.30 65.8
712.94 193.1
715.62 96.4
716.96 504.1
717.83 303.7
719.03 149.6
720.42 452.7
721.44 1107.3
722.33 86.8
723.34 56.2
725.28 585.4
726.43 1839.0
727.32 991.1
728.08 78.0
728.96 66.1
731.27 2380.3
731.95 1896.2
732.90 604.7
733.76 82.2
735.04 556.9
736.15 81.8
737.63 297.5
739.15 523.9
740.16 336.8
741.23 778.5
742.07 168.3
743.24 465.6
744.35 521.2
745.15 1621.9
746.25 154.6
747.24 13.7
748.70 606.7
749.69 279.6
750.85 1515.9
751.55 311.2
752.51 178.7
753.55 506.1
754.63 1945.0
755.77 555.1
756.59 64.1
758.33 1239.8
759.42 713.7
760.37 2519.2
761.18 330.4
762.08 112.4
764.19 6177.4
765.00 2367.2
766.07 2347.1
766.95 569.4
767.92 158.4
768.81 479.4
770.09 6352.0
770.87 577.0
771.69 309.6
772.75 697.7
773.76 258.9
775.28 246.1
776.89 246.3
778.16 392.0
779.16 2244.4
780.06 388.9
781.51 1298.5
782.52 1890.8
783.33 732.3
784.22 623.5
785.05 20.5
785.85 294.8
787.77 5946.4
788.74 4554.2
789.49 1086.4
790.15 177.0
791.21 1541.7
791.99 854.7
793.27 3710.2
793.94 1790.5
794.73 184.5
796.14 207.7
797.33 9177.9
799.40 2352.6
801.16 789.8
802.30 853.0
803.22 14116.4
804.48 427.0
805.64 1165.9
806.62 311.9
807.31 395.9
808.41 1268.3
809.84 789.0
810.92 2205.3
811.95 835.2
812.85 510.3
813.56 650.9
814.45 2186.0
816.04 2153.8
816.77 2978.3
817.67 2148.7
818.87 499.3
819.71 1189.0
820.72 4329.7
821.68 401.4
822.37 5497.3
823.46 1279.9
824.74 4207.0
825.67 2549.2
826.56 19947.6
827.92 278.5
829.73 3166.2
830.40 5914.3
831.01 1946.4
832.10 8973.5
832.90 1263.6
833.82 351.1
834.44 973.0
835.40 479.8
836.06 10550.9
836.71 4634.9
837.59 222.3
838.40 414.9
839.47 677.8
840.38 666.5
841.44 151.0
842.19 298.1
843.21 941.3
844.34 1455.2
845.26 1073.3
846.04 694.7
847.05 100.4
847.80 731.7
848.84 5015.5
849.63 4032.9
850.27 2088.4
850.98 1367.4
851.88 227.2
853.42 2012.8
854.28 5817.5
855.03 5880.1
855.79 5691.1
856.59 248.6
857.34 1101.7
857.99 738.9
858.78 668.1
859.73 12112.1
860.57 2800.0
861.24 2211.7
862.01 533.1
863.11 1872.5
863.75 2961.1
865.07 10162.9
865.70 5612.6
866.84 195.0
867.52 435.1
868.78 423.4
869.73 301.5
871.10 408.2
871.92 70.9
872.89 1239.7
873.68 807.4
875.05 91.9
875.72 41.3
876.99 157.8
878.56 137.4
880.29 22.7
881.61 21.6
882.77 29.4
883.76 60.3
885.20 14.4
886.94 46.9
887.70 106.4
889.52 89.8
891.19 71.0
892.50 188.2
893.41 35.2
894.64 27.3
896.49 16.1
897.59 79.3
899.04 46.7
901.85 102.0
902.67 90.7
903.62 14.9
905.03 37.9
906.83 54.0
907.62 138.7
908.48 13.0
909.48 51.4
910.28 206.5
911.60 7.5
913.21 36.1
913.81 62.3
915.51 10.3
917.29 85.6
919.20 42.2
920.28 89.9
920.93 57.6
922.12 191.6
924.06 104.4
924.68 107.7
928.29 16.9
929.81 41.9
931.56 7.3
932.86 210.5
934.25 109.8
937.20 56.9
937.82 22.9
941.39 94.3
942.53 8.0
944.76 132.0
945.56 28.0
946.81 133.2
947.59 38.7
948.65 27.2
949.54 10.6
950.75 33.1
952.38 25.7
954.35 80.3
955.12 62.9
956.86 32.8
957.54 25.1
959.47 47.7
961.22 102.3
962.70 110.7
963.36 38.6
964.29 81.0
966.71 71.2
967.93 229.3
968.83 99.2
969.88 16.8
970.89 104.2
972.26 24.7
973.88 223.9
975.20 123.6
976.04 175.2
976.75 60.9
980.58 93.2
981.27 89.0
982.18 197.0
983.48 124.3
984.18 7.9
985.01 42.6
985.77 9.9
987.23 27.3
988.44 75.3
989.38 60.6
990.45 384.2
994.35 254.0
995.17 38.6
998.90 60.1
1002.09 13.6
1003.54 210.9
1005.15 31.5
1008.25 26.6
1010.68 26.3
1011.96 82.5
1013.14 60.3
1015.03 63.0
1016.18 69.3
1016.78 9.9
1017.64 99.2
1018.61 77.8
1019.51 49.3
1020.56 80.7
1023.39 186.9
1024.17 41.9
1025.68 87.8
1026.61 111.1
1029.10 39.9
1030.10 56.3
1032.19 586.1
1033.31 122.2
1034.45 31.6
1035.17 74.4
1038.04 167.2
1039.24 573.0
1040.33 352.1
1041.89 54.3
1042.71 34.6
1044.22 73.3
1045.37 152.6
1046.87 338.2
1047.70 155.2
1049.95 26.0
1052.42 49.1
1054.19 59.9
1055.91 239.6
1056.69 107.5
1057.54 25.0
1059.45 23.9
1060.33 228.1
1064.03 73.2
1064.98 74.5
1066.90 13.9
1067.77 127.1
1068.72 59.7
1069.41 44.4
1073.30 41.8
1074.09 9.6
1075.04 130.7
1075.67 70.8
1076.41 44.4
1077.25 9.4
1078.08 48.2
1078.78 35.8
1079.67 56.0
1080.93 74.9
1081.61 209.1
1082.97 160.2
1084.67 16.7
1087.76 231.6
1088.91 427.0
1089.73 111.7
1090.66 164.3
1091.93 70.0
1092.58 18.1
1094.56 110.3
1095.54 40.7
1096.39 454.6
1097.48 329.1
1098.92 279.6
1099.67 116.4
1101.23 72.9
1102.57 140.8
1103.93 51.0
1105.62 91.3
1106.41 54.7
1107.57 120.4
1108.40 101.9
1109.56 43.8
1110.41 111.8
1111.32 414.9
1113.28 259.3
1113.97 64.7
1115.57 18.7
1116.98 112.1
1117.68 76.4
1119.26 40.4
1120.27 25.0
1121.96 74.1
1122.91 147.1
1123.93 89.4
1124.54 46.8
1125.33 289.6
1126.38 190.3
1127.81 277.9
1128.76 49.2
1130.45 62.8
1131.14 167.9
1131.96 60.1
1132.99 133.7
1136.77 84.8
1137.63 139.6
1138.88 156.0
1140.61 108.7
1141.47 34.9
1142.47 95.3
1144.99 159.5
1145.90 397.4
1146.64 324.9
1147.39 264.4
1148.27 119.1
1149.15 8.0
1149.79 14.1
1151.58 55.8
1152.49 45.9
1153.26 23.4
1154.45 1110.9
1155.26 354.9
1155.99 202.8
1156.95 87.6
1157.67 116.3
1158.88 34.0
1159.55 48.2
1160.48 27.8
1161.81 32.3
1163.65 8.3
1164.88 38.5
1168.94 23.7
1169.75 33.5
1170.85 193.3
1171.58 73.8
1172.26 247.0
1173.93 150.1
1175.40 140.9
1176.35 55.4
1179.83 12.0
1180.76 278.9
1181.61 285.1
1182.38 322.0
1183.35 27.4
1183.97 41.3
1185.23 48.6
1187.17 19.2
1187.77 107.6
1189.27 214.7
1190.19 137.4
1190.87 39.8
1192.49 49.0
1194.18 239.8
1195.27 243.7
1196.27 367.6
1197.04 21.4
1201.56 25.1
1203.92 798.9
1204.94 208.7
1205.90 137.5
1208.30 14.4
1209.88 22.4
1210.99 104.6
1211.90 77.4
1215.69 143.8
1216.53 49.3
1217.28 14.2
1219.01 62.2
1220.26 16.8
1223.82 98.9
1224.75 179.5
1226.61 14.3
1228.45 32.6
1230.18 16.1
1231.92 164.5
1232.70 249.8
1233.76 65.6
1236.34 85.5
1237.61 222.5
1238.88 188.1
1240.02 96.6
1240.75 20.1
1241.56 40.8
1242.29 40.2
1244.55 47.1
1245.40 64.6
1247.24 25.1
1248.26 91.4
1253.03 31.3
1254.19 31.5
1256.61 45.2
1258.25 37.9
1262.25 27.9
1265.20 38.8
1273.64 28.3
1279.62 25.5
1280.82 36.1
1291.44 52.2
1292.43 9.9
1302.83 14.8
1319.71 18.5
1321.89 23.0
1330.58 13.2
1337.74 17.9
1372.10 47.0
1400.83 24.6
1402.31 11.4
1403.50 18.0
1412.97 16.9
1426.61 9.0
1432.68 9.6
1478.56 57.8
1483.18 12.0
1487.52 11.4
1544.76 17.1
1556.12 17.4
1563.71 32.3
1575.88 14.6
1576.57 19.3
1587.23 28.9
1588.51 77.2
1592.72 49.6
1602.07 28.4
1603.19 13.0
1619.96 40.1
1623.60 16.1
1636.28 28.1
1646.66 13.1
1653.80 26.7
1667.66 19.8
1683.74 46.0
1690.11 8.6
1706.84 19.6
1716.20 12.6
1727.18 44.0
1728.85 7.4
1733.20 8.0
1749.07 53.5
1759.00 24.8
1789.44 20.3
1795.07 19.8
1912.15 10.1
1962.48 20.4
1994.44 27.8
