1112.51335 2
157.20 4.6
158.16 26.9
159.12 2.3
161.22 5.0
172.13 4.6
173.25 13.9
175.21 659.2
176.28 30.6
178.01 2.5
179.23 11.3
180.24 5.5
183.31 3.1
184.00 7.4
185.12 5.3
189.12 10.2
194.93 1.2
196.19 7.7
198.98 5.0
200.80 16.9
201.44 2.5
205.39 2.6
210.08 1.5
210.98 9.1
212.20 4.8
213.13 4.1
214.24 4.6
215.11 2.2
221.35 6.5
222.81 2.6
225.24 2.8
226.02 1.2
227.33 6.1
229.00 2.0
230.20 3.6
233.42 1.7
236.10 2.3
239.14 1.9
240.24 1.8
241.16 1.8
242.24 4.0
243.35 12.0
244.33 5.1
246.37 3.8
248.24 4.5
249.11 2.0
250.28 1.3
251.10 2.7
252.09 7.4
253.14 1.7
254.21 3.4
255.15 14.5
256.19 2.6
260.23 13.9
262.28 2.4
263.44 2.4
265.34 5.9
266.45 8.2
267.19 5.5
268.13 1.0
269.27 4.8
270.20 13.4
271.36 1.7
272.10 15.5
273.21 17.3
275.95 5.0
279.33 4.2
281.30 1.8
281.92 3.5
284.47 1.2
285.39 5.4
286.10 4.8
288.16 3.2
289.13 2.0
290.18 21.6
291.53 1.6
292.26 3.5
293.19 6.1
294.08 2.3
294.98 1.7
296.11 7.1
297.26 7.7
298.05 2.5
299.23 2.9
304.30 5.8
305.08 3.1
306.05 1.1
307.06 8.0
308.29 2.6
311.10 8.8
312.29 6.3
313.10 2.0
314.15 13.3
315.17 9.0
316.98 1.5
318.23 2.6
319.24 5.4
320.25 11.1
322.04 1.5
323.16 1.8
325.00 3.7
326.29 17.9
327.34 1.9
328.02 1.8
329.28 1.9
330.19 1.1
331.37 3.7
333.22 1.2
335.09 2.5
336.18 5.3
337.37 4.0
339.20 5.0
341.14 5.9
343.20 3.1
344.24 8.3
345.22 2.1
346.17 25.9
347.14 8.7
348.08 5.1
349.31 6.4
350.34 2.7
352.24 13.9
354.22 14.6
355.28 3.1
356.34 11.5
357.05 7.3
358.18 5.3
359.54 5.7
360.29 4.4
361.19 8.7
362.58 8.4
363.21 2.9
364.40 2.8
366.23 17.2
367.38 6.6
368.17 28.1
369.20 7.7
370.20 8.0
371.43 8.5
372.42 10.0
373.83 8.9
375.15 6.7
377.15 5.2
378.35 8.2
379.09 5.9
380.55 2.4
382.28 10.7
383.61 12.6
384.51 2.6
385.16 7.6
386.52 11.1
387.20 28.6
388.20 3.9
389.32 4.9
390.56 3.6
391.81 17.3
393.12 8.9
394.66 10.7
395.90 21.7
397.94 7.0
399.23 4.5
400.83 24.9
403.83 29.3
404.47 4.2
405.08 6.1
406.21 7.5
407.39 3.9
408.74 24.7
409.40 39.4
410.51 8.2
412.71 16.6
413.47 10.5
414.38 5.2
415.82 2.5
417.63 1.4
418.55 9.8
420.31 5.8
421.06 6.1
422.61 7.4
423.94 11.3
425.13 24.8
425.85 38.0
426.91 13.9
428.48 11.7
430.83 4.3
434.05 44.3
435.00 36.9
436.29 3.3
437.05 1.1
438.37 14.4
439.66 27.9
440.79 5.8
441.42 2.5
442.47 27.9
443.21 67.5
445.57 7.0
446.40 8.8
447.23 14.0
448.16 53.4
448.92 40.4
450.52 3.7
451.24 13.0
452.24 15.9
453.67 43.6
454.38 29.4
455.21 21.7
456.33 41.4
457.02 158.3
458.64 16.2
459.99 9.2
461.09 9.0
462.14 17.2
463.00 5.9
464.34 14.1
465.24 9.4
466.29 21.1
467.39 10.5
468.48 9.2
469.45 12.7
470.25 19.3
471.27 9.4
472.34 17.6
473.65 6.2
474.35 6.4
475.28 4.5
476.37 12.5
477.97 25.2
479.06 41.5
480.95 36.2
482.14 31.0
483.40 54.7
484.36 12.1
485.52 24.4
486.70 32.4
487.35 24.2
488.55 4.1
489.53 33.1
490.34 57.7
492.14 6.9
493.06 11.0
494.00 21.1
495.58 50.1
496.38 26.1
497.26 4.0
498.60 228.7
499.41 118.7
500.43 29.6
502.02 84.7
502.87 10.6
503.96 38.8
505.25 10.6
506.31 5.7
507.30 106.5
508.14 19.8
509.37 17.8
510.69 62.3
511.33 55.3
512.41 24.3
513.38 25.8
514.37 14.9
517.18 281.2
518.16 62.9
519.51 109.6
520.36 43.6
521.26 52.2
522.29 65.9
523.26 39.2
524.61 73.2
525.74 270.0
526.46 177.8
527.26 77.8
528.48 9.7
529.56 5.8
530.25 26.8
530.99 13.6
532.25 41.4
533.08 49.0
534.69 1823.2
535.35 623.6
536.17 71.6
537.28 13.6
538.56 323.6
539.43 428.6
540.49 25.0
541.71 156.2
542.36 56.1
543.41 2.5
544.34 36.3
545.18 8.0
546.66 119.3
547.74 1306.6
548.45 1354.5
549.39 8.0
556.83 6.2
567.39 2.1
568.45 47.2
569.55 6.1
570.22 3.1
571.37 2.6
572.46 5.5
573.60 21.9
574.29 4.8
575.39 6.4
576.07 1.5
578.18 3.7
579.06 1.3
582.76 1.0
583.49 3.7
584.48 3.4
585.15 2.0
586.29 2.1
587.32 10.4
588.33 2.3
589.37 5.7
590.49 31.9
591.66 1.8
593.25 53.2
594.37 21.9
595.80 10.8
596.41 52.4
597.35 27.8
598.33 1.5
599.40 5.1
602.50 5.9
603.55 4.1
605.43 6.1
607.02 13.3
608.67 3.6
609.29 3.6
610.02 1.7
611.24 3.5
611.98 5.6
614.35 61.6
615.47 27.1
616.42 4.7
617.36 11.2
618.18 8.6
619.33 6.6
620.34 9.0
622.28 6.6
623.76 3.0
626.69 11.6
627.50 3.0
630.75 20.0
631.41 64.2
634.70 13.3
635.36 14.9
636.40 55.1
637.36 25.3
639.35 10.3
641.29 4.5
642.40 4.2
643.62 2.4
644.36 2.6
647.62 2.3
650.22 2.5
651.11 2.4
652.13 14.6
655.92 9.1
660.49 3.0
662.07 2.1
663.54 7.0
664.33 8.4
665.63 12.3
668.43 1.1
669.05 16.1
672.36 2.3
674.24 1.7
675.96 10.1
676.85 7.3
677.48 2.0
681.39 44.3
682.63 7.5
684.19 4.1
685.05 5.1
686.41 9.9
687.34 4.0
689.56 3.0
690.57 13.4
692.44 16.6
693.63 3.5
695.33 16.4
696.40 6.5
699.25 9.0
700.31 1.8
701.69 1.5
702.58 3.9
703.54 17.3
704.43 43.6
705.27 9.4
707.38 11.2
708.41 11.9
709.35 14.7
710.74 11.7
714.50 3.7
716.60 1.5
717.25 1.2
719.43 1.2
720.26 4.8
721.47 33.7
722.47 20.4
723.42 1.1
726.42 56.3
727.33 20.7
728.67 5.2
729.47 8.5
730.18 5.2
732.78 12.4
733.56 1.3
734.61 6.0
735.46 7.7
736.43 8.1
737.24 16.7
738.33 61.8
739.25 11.3
741.34 15.3
742.34 33.1
743.49 7.1
745.39 7.6
746.47 34.1
747.46 50.8
748.25 8.6
749.72 4.6
751.41 4.0
752.49 7.6
753.94 4.6
755.32 22.2
756.74 6.6
757.47 3.0
759.68 6.9
760.88 6.7
761.57 4.9
763.67 21.2
764.42 57.2
765.21 8.6
766.64 6.4
767.56 4.2
770.92 8.5
773.63 1.5
774.39 1.5
775.34 3.1
778.45 7.9
779.56 12.0
780.40 9.0
784.35 3.5
786.75 7.6
787.72 2.2
789.45 3.3
790.26 2.8
795.43 17.1
796.53 10.7
797.68 9.3
798.70 1.3
800.36 6.2
804.39 2.0
805.47 3.4
806.40 7.8
808.30 3.3
813.49 1.1
816.30 1.6
817.79 4.7
818.58 3.9
821.67 15.1
822.53 59.8
823.46 72.6
824.49 39.0
825.60 2.5
831.45 2.2
833.93 7.7
835.25 20.4
836.51 6.3
837.55 3.5
839.46 11.7
840.48 79.2
841.50 46.0
842.45 29.9
846.45 6.0
848.44 8.9
849.42 18.6
850.43 11.5
851.52 14.9
852.40 95.4
853.45 40.0
854.61 3.9
855.30 1.4
856.34 1.9
857.46 2.9
859.17 15.6
860.25 2.1
861.49 5.4
862.55 1.8
864.57 6.4
866.49 160.0
867.50 53.1
868.70 5.4
869.35 11.1
870.56 8.1
871.49 4.9
875.43 1.2
876.59 6.9
877.42 30.0
878.32 29.4
879.40 28.9
883.32 5.1
884.54 7.7
885.59 2.6
886.24 2.0
888.22 4.5
890.66 2.5
894.40 244.5
895.45 248.9
896.58 43.5
898.76 3.9
899.93 2.3
902.70 5.9
903.48 1.7
904.71 1.0
905.55 4.8
908.86 10.7
909.53 10.8
910.62 14.1
911.66 17.9
912.56 28.3
913.53 19.0
916.39 3.8
920.49 111.9
921.47 200.1
922.43 75.0
923.05 3.5
926.16 5.6
930.22 2.0
934.20 2.8
935.46 2.2
936.65 7.3
938.46 2291.3
939.46 815.1
940.52 36.8
941.56 1.6
946.90 5.4
951.61 6.1
953.53 49.6
954.37 28.2
955.45 63.1
956.48 319.5
957.46 112.1
958.10 2.3
958.93 2.7
960.46 2.0
961.54 5.9
964.28 16.3
965.58 1.8
968.51 2.6
969.75 2.8
974.79 3.8
979.15 15.1
980.50 4.3
982.51 2.0
983.40 1.7
989.83 1.4
994.23 1.2
996.56 90.2
997.45 27.9
1000.50 4.1
1007.01 5.6
1007.71 5.7
1012.54 2.7
1013.45 2.0
1014.58 1.9
1029.71 1.5
1046.72 14.3
1049.24 1.8
1056.47 3.7
1074.70 1.1
1090.78 42.3
1091.65 45.0
