810.41271 2
116.19 1.6
125.99 7.1
128.15 21.7
129.20 7.8
130.17 4.1
133.23 1.1
136.07 1.7
137.54 8.7
139.22 6.3
141.14 3.9
147.15 4.9
149.08 15.9
151.22 2.6
155.30 1.9
155.94 2.1
157.33 5.2
158.31 10.9
159.24 6.4
160.22 1.9
161.28 3.8
162.11 20.5
162.98 2.5
164.05 5.1
164.91 10.2
166.24 2.0
168.00 5.2
170.22 8.1
171.40 5.7
172.29 5.8
174.16 1.6
175.15 77.4
176.22 6.4
177.72 2.9
181.23 1.1
185.09 17.5
186.15 2.0
187.18 8.3
188.05 2.4
190.22 3.5
191.36 1.2
192.04 1.1
193.16 2.9
195.27 7.7
196.15 4.0
198.32 5.0
199.14 12.4
200.03 2.5
201.17 1.8
202.23 7.1
203.08 1.4
204.05 1.4
205.13 3.3
207.21 15.1
208.14 5.1
209.01 7.7
210.21 2.8
211.95 3.6
213.40 8.4
214.15 12.5
215.13 5.1
216.16 14.1
217.35 4.8
218.28 4.4
219.59 2.8
222.23 2.8
223.31 6.1
224.49 8.6
225.30 1.1
226.16 2.1
227.15 17.1
228.41 10.6
229.13 1.9
230.09 2.1
232.01 1.8
233.05 7.2
234.26 2.2
235.09 7.6
236.14 1.1
238.58 2.1
240.16 23.1
241.46 1.6
242.24 11.2
243.24 8.1
244.23 5.5
244.89 3.0
247.19 2.6
247.86 3.0
249.07 3.2
250.70 3.8
251.38 7.3
254.41 11.8
255.25 1.5
256.79 4.8
257.62 1.2
258.42 3.8
259.26 2.4
262.19 1.4
263.26 5.8
265.04 5.7
266.22 2.7
268.13 11.6
269.23 15.9
270.28 3.4
270.90 8.0
272.23 11.3
273.29 7.7
274.23 7.6
275.20 13.6
276.13 6.7
277.08 5.0
278.02 10.9
279.21 13.0
281.06 5.8
282.94 2.4
284.49 16.3
285.29 5.3
286.24 16.5
287.32 14.9
288.01 1.7
289.90 23.2
291.01 86.3
292.29 28.0
293.23 7.1
294.17 5.0
295.25 3.0
296.21 3.7
298.33 29.1
299.41 14.4
300.45 17.9
301.12 5.5
302.56 4.9
303.31 14.3
304.27 5.0
305.29 9.8
306.57 10.3
308.23 18.7
308.97 4.7
309.88 1.4
311.20 14.4
311.98 21.6
313.67 8.4
314.40 5.5
315.34 8.9
316.60 7.2
317.34 3.1
317.95 1.3
320.24 7.7
322.24 108.0
323.37 20.6
324.08 4.7
324.69 1.3
326.97 13.7
328.24 3.8
329.40 7.8
331.33 1.5
332.26 4.6
333.23 4.9
335.41 5.8
336.22 2.5
337.36 14.1
338.36 12.1
339.21 34.4
340.13 3.4
341.39 13.6
342.86 12.8
344.11 26.2
345.16 4.9
346.21 14.5
347.39 31.8
348.31 20.0
349.39 13.7
351.33 6.1
352.74 4.9
353.34 11.2
355.08 12.7
356.16 23.6
357.19 74.7
358.42 14.7
359.24 10.0
360.31 20.1
361.26 19.0
362.09 6.2
363.13 4.7
363.92 21.7
364.93 18.0
366.45 24.7
367.25 104.2
368.48 17.2
369.56 2.0
370.22 25.0
371.15 12.9
371.79 3.0
372.53 4.6
373.23 2.4
374.08 12.2
375.68 12.8
376.36 4.2
377.58 10.5
379.15 73.4
380.06 26.3
382.51 11.8
383.91 52.8
385.12 160.3
385.91 31.6
387.33 198.6
388.31 304.9
389.38 20.3
390.35 49.4
391.35 15.1
392.13 15.6
393.17 59.3
394.47 53.0
395.18 22.9
396.86 2634.0
397.88 24.3
398.60 3.7
399.41 2.3
405.81 1.1
409.22 6.9
410.17 12.8
417.67 3.2
428.40 8.1
431.38 6.6
432.11 2.4
433.13 1.3
436.29 12.7
441.09 14.8
442.48 3.2
444.12 1.3
445.30 6.0
448.42 3.2
454.02 26.1
455.35 2.1
459.18 2.6
461.29 1.0
462.30 3.1
463.12 10.9
464.75 4.0
466.54 9.9
467.33 1.3
468.51 15.1
470.27 5.6
472.14 46.4
473.34 3.9
474.99 2.9
476.31 5.1
477.33 5.0
478.41 2.1
482.03 3.1
484.45 1.9
487.56 2.3
488.41 4.6
493.22 9.9
494.11 5.4
495.60 1.1
497.56 5.6
498.21 2.9
499.38 1.9
500.39 8.5
505.46 5.2
507.02 4.7
508.37 44.6
509.29 5.6
510.17 4.8
511.21 5.7
512.34 2.6
513.89 5.4
515.14 9.7
515.82 2.2
516.45 4.9
517.34 3.7
518.38 8.4
519.71 5.3
521.25 1.7
523.23 2.5
526.43 2.5
527.67 11.2
530.00 7.5
531.18 7.5
533.56 9.0
534.44 8.9
535.99 6.2
536.81 2.9
537.46 3.4
538.40 4.6
539.05 2.1
541.30 11.0
543.32 2.2
545.43 5.6
546.59 2.8
547.53 6.6
549.32 7.0
550.32 12.6
551.81 6.8
555.40 10.3
556.58 2.8
557.30 5.4
559.37 1.4
561.16 2.2
563.49 4.3
564.44 2.3
568.51 5.3
569.34 3.7
570.40 24.4
571.12 11.3
571.86 6.7
572.56 31.2
573.27 2.0
574.41 5.6
575.45 9.4
576.47 1.6
577.24 4.5
581.32 1.9
583.53 10.2
584.18 1.3
585.46 3.0
588.01 1.4
593.04 2.0
595.44 37.6
596.50 7.2
598.83 5.7
600.26 8.5
601.21 18.1
607.22 2.1
609.39 5.5
611.08 4.4
614.30 2.3
615.53 4.3
618.46 3.8
625.33 22.9
626.44 11.8
627.49 2.2
633.05 4.4
635.59 8.0
636.42 1.6
639.62 3.9
643.42 12.1
644.50 3.6
645.39 1.7
646.43 7.7
650.72 5.8
660.88 4.9
663.46 4.2
664.53 7.0
665.88 6.1
676.20 4.9
677.05 2.0
682.41 16.4
685.96 10.0
688.25 2.1
690.73 2.3
696.13 10.1
696.81 5.3
698.52 3.1
703.64 2.7
705.80 2.3
708.20 3.2
712.59 6.1
713.33 3.4
718.55 1.8
737.69 1.1
789.58 2.3
