921.52446 2
128.92 1.2
130.03 1.7
131.22 4.8
132.07 1.9
133.18 51.2
134.09 3.2
135.15 5.0
136.08 8.0
137.06 8.7
138.12 3.8
139.24 1.8
141.16 3.5
143.09 3.7
144.13 85.1
144.94 3.3
146.17 3.4
147.10 17.1
148.11 2.6
149.24 10.2
150.07 5.6
151.34 2.0
152.01 3.5
153.21 5.3
155.15 3.4
157.17 12.5
158.31 4.5
159.45 7.4
160.16 12.2
161.16 5.6
162.21 39.4
163.12 23.5
164.12 15.3
165.19 13.4
166.09 172.6
167.16 2.6
168.05 8.0
169.15 18.3
170.63 13.7
171.31 1.7
172.19 2.7
173.17 6.4
174.00 1.3
175.14 18.9
177.10 120.1
178.33 33.4
179.26 12.5
181.27 7.0
182.18 3.0
183.36 3.4
185.01 6.6
186.15 10.6
186.98 3.2
188.18 255.6
189.34 5.1
190.09 1.4
191.13 7.5
192.07 10.1
193.21 4.4
194.19 4.5
195.36 9.6
197.02 1.3
198.19 2.7
199.39 9.9
200.22 3.5
201.29 19.3
203.17 5.0
204.20 2.5
205.22 9.3
205.95 3.7
206.90 5.5
209.18 4.6
210.17 323.8
211.32 7.0
212.32 8.9
213.14 5.8
214.16 5.1
215.31 7.6
217.11 25.9
218.15 2.1
219.17 14.2
220.23 6.9
221.21 29.8
222.42 17.0
223.20 6.0
224.13 15.4
225.11 11.2
226.22 12.3
227.19 10.4
228.13 3.5
229.21 20.5
230.17 3.1
231.05 29.6
232.10 321.0
232.76 16.4
233.41 21.9
234.23 3.9
235.20 18.2
236.27 11.3
237.15 6.4
237.96 1.6
239.13 8.1
240.23 6.3
241.15 11.2
242.25 3.0
243.19 16.6
244.28 28.1
245.27 23.3
246.22 9.2
247.24 2.0
248.14 11.8
249.23 25.4
250.44 20.9
251.49 17.8
252.56 6.1
254.13 172.9
255.00 12.5
255.97 5.7
257.20 2.3
258.08 7.7
259.21 12.8
260.15 7.9
261.23 45.5
263.11 24.6
264.17 10.0
265.17 40.8
266.05 13.7
267.18 13.8
268.16 10.7
269.17 5.2
270.13 14.2
271.09 9.1
272.21 14.3
273.12 5.3
274.51 8.6
275.45 22.3
276.16 91.0
277.59 13.2
278.36 8.4
279.16 8.5
280.32 32.7
281.30 14.0
282.24 22.6
283.13 24.0
284.15 10.6
285.08 21.8
286.10 5.7
287.22 45.8
288.31 3.0
289.29 15.2
290.26 4.8
291.12 19.2
292.30 16.4
293.21 11.7
294.58 3.1
295.22 13.0
296.38 10.9
297.41 20.6
298.22 52.3
299.25 31.9
300.41 33.9
301.34 11.8
302.28 8.0
303.13 9.4
304.22 5.9
305.31 32.7
306.17 1.0
307.06 10.2
308.13 19.2
309.13 29.9
310.17 10.5
311.45 41.0
312.52 19.0
313.48 15.8
314.19 14.6
315.23 13.1
316.21 19.9
317.32 21.2
318.29 8.5
319.08 12.4
319.95 11.4
321.27 6.7
322.51 6.4
323.32 7.1
324.45 9.8
325.26 8.2
326.16 5.0
327.16 33.1
328.26 12.5
329.25 36.7
330.34 13.0
331.32 16.0
332.07 13.9
333.10 7.7
334.20 11.1
335.26 14.2
336.22 7.0
337.19 8.6
338.30 5.3
339.36 21.0
340.19 15.0
341.03 19.8
342.20 14.9
343.14 15.7
344.22 11.9
345.58 16.1
347.10 171.5
348.15 14.0
349.29 16.8
350.33 2.9
351.24 7.8
352.27 12.2
353.26 6.6
354.41 6.5
355.33 16.2
356.36 13.4
357.37 28.8
358.26 26.2
359.21 15.5
360.59 12.9
361.42 15.7
362.64 19.9
363.45 23.5
364.14 13.6
366.05 6.4
367.01 9.9
367.80 1.6
369.24 6.9
370.36 5.9
371.32 10.1
372.32 12.7
373.30 33.9
374.20 17.3
375.26 29.1
376.19 35.3
377.35 8.5
378.19 6.5
379.36 37.9
380.50 17.5
381.24 18.4
382.27 15.7
383.27 12.6
384.24 14.3
385.25 33.2
386.33 8.2
387.23 19.3
388.13 11.3
389.04 76.6
390.16 16.0
391.26 5.6
392.54 18.9
393.29 23.9
394.38 9.6
395.34 44.9
397.11 66.2
398.10 23.5
399.24 22.4
400.19 38.5
401.22 152.8
402.28 104.4
403.23 57.2
404.44 18.0
405.38 24.5
406.04 2.6
407.02 4.7
408.22 29.1
409.21 14.2
410.26 5.7
411.36 67.3
412.21 28.0
413.28 149.0
414.23 8.5
415.41 43.7
416.58 42.7
417.24 177.5
418.32 37.8
419.25 14.1
420.01 5.6
421.04 1.0
425.25 73.9
426.33 34.4
427.28 2.5
428.35 7.9
429.47 7.9
430.21 3.5
431.41 45.1
432.20 15.9
433.35 49.6
434.17 56.5
435.11 1.2
437.32 11.6
438.72 25.4
439.38 84.7
439.99 10.6
441.30 7.3
443.28 968.8
444.24 267.2
445.18 12.1
446.23 13.9
447.15 3.7
452.19 254.5
453.02 53.8
454.93 1.3
456.89 2.5
457.84 2.5
458.68 3.5
471.24 11.1
476.32 4.1
479.32 9.0
481.37 68.5
482.20 1.1
489.41 3.0
494.88 17.4
505.32 3.6
507.42 1.6
520.53 2.8
521.38 4.8
523.41 8.7
525.32 75.4
528.32 3.6
529.28 2.8
548.80 1.9
551.40 19.9
554.26 3.2
560.03 4.2
563.63 1.8
564.51 8.7
565.84 16.3
567.30 25.6
569.43 221.0
570.31 4.8
571.42 1.9
580.47 2.2
581.49 1.8
582.68 2.2
583.49 4.9
584.70 3.7
588.48 5.6
595.41 15.5
597.46 3.3
602.61 1.3
608.33 5.0
609.21 4.4
610.40 1.8
611.44 32.4
613.45 389.0
614.67 10.7
621.54 3.9
622.24 3.8
623.15 13.9
628.46 1.5
632.96 1.8
636.45 1.4
638.16 3.2
639.59 16.8
641.46 5.0
652.54 2.3
653.60 3.3
654.51 3.0
655.50 7.2
657.48 492.1
658.52 2.4
671.55 1.1
677.64 4.4
679.53 8.5
680.67 2.2
681.48 4.0
682.68 4.4
687.45 2.2
692.55 2.0
696.68 1.4
697.57 10.5
698.49 3.6
699.62 5.5
701.45 519.0
702.27 15.7
706.58 1.2
726.43 3.9
727.08 1.2
741.65 6.7
745.54 262.7
746.60 7.5
747.72 3.3
771.86 1.8
781.63 2.1
788.78 10.4
789.59 141.2
790.62 6.4
805.77 6.4
833.65 1.7
847.68 2.1
899.80 1.9
