1493.73795 3
150.16 1.7
154.13 2.6
159.03 6.8
160.36 1.5
161.22 2.5
163.96 9.8
166.33 2.1
169.06 2.5
169.98 3.9
171.20 3.0
172.21 4.5
175.22 4.7
181.24 19.9
186.18 1.3
189.20 11.3
190.25 5.1
198.06 4.9
199.13 15.5
200.14 6.0
207.76 5.8
213.28 1.8
216.23 57.6
217.21 25.9
217.82 1.1
224.44 5.2
225.23 1.6
227.21 1.5
228.28 2.6
231.30 2.2
234.37 2.2
237.12 4.8
240.32 1.8
241.05 2.1
242.26 11.2
244.07 2.4
247.39 1.0
249.03 1.6
250.87 2.9
253.41 1.3
254.39 4.9
258.92 1.4
265.07 7.5
267.46 1.0
268.27 3.0
269.17 2.1
271.28 5.3
272.24 8.7
273.80 11.8
275.35 4.1
277.06 1.3
278.31 2.6
279.31 3.1
282.07 3.4
283.35 11.0
284.11 4.0
288.78 10.2
289.54 3.7
290.32 2.1
291.35 1.3
293.28 1.0
296.19 2.7
299.24 1.7
307.11 4.6
309.31 33.8
311.22 1.7
312.22 5.1
314.18 6.2
316.29 8.6
319.14 1.2
321.30 1.3
323.14 1.2
324.09 3.6
326.20 2.1
327.31 4.7
328.84 5.7
331.46 6.5
332.20 3.9
335.41 5.3
336.34 6.9
337.00 2.1
338.14 3.8
340.88 19.8
342.48 3.7
345.48 1.6
347.36 9.6
350.20 7.2
351.51 5.6
353.39 1.8
354.66 12.0
355.47 3.2
357.45 9.6
359.20 1.5
361.56 3.2
362.26 5.0
363.50 3.0
364.38 4.6
366.02 6.8
367.30 3.0
369.38 1.3
373.41 13.4
374.32 4.9
376.57 3.6
377.38 2.8
378.09 5.4
379.22 11.5
382.87 31.1
384.00 23.5
385.15 14.2
386.44 1.7
387.26 3.4
392.27 2.9
393.10 2.9
395.12 1.2
399.06 3.4
400.11 5.9
402.00 1.0
402.74 13.1
403.80 7.0
405.01 11.9
406.07 6.9
407.79 10.6
408.67 12.3
410.24 5.1
411.09 3.7
412.36 2.1
414.27 19.1
414.98 1.8
416.53 26.0
417.25 49.3
418.77 20.6
421.16 25.1
422.05 31.8
424.05 22.9
425.10 20.8
425.95 7.8
427.12 4.6
428.80 2.0
430.47 44.2
432.63 11.8
433.41 5.7
434.25 4.2
435.28 1.4
436.23 7.9
438.39 6.4
439.27 25.1
440.00 22.6
441.09 23.2
442.11 7.8
444.60 13.9
445.64 6.5
448.43 5.7
451.90 17.2
453.41 14.9
454.51 4.6
455.29 3.4
456.87 3.4
457.67 2.5
458.75 10.4
461.04 2.3
462.64 8.1
463.84 23.5
465.82 2.9
466.46 1.2
468.38 14.8
470.97 21.0
471.84 13.8
474.78 40.0
475.43 13.1
477.68 74.3
480.43 85.2
481.11 111.9
481.86 13.8
483.85 25.3
485.09 7.5
485.87 41.5
487.19 303.2
489.11 71.2
489.96 29.8
490.68 2.7
507.41 5.9
508.29 13.3
509.19 3.2
512.63 3.6
518.85 5.5
520.03 2.4
524.04 10.6
525.35 1.5
528.53 14.8
529.31 5.6
530.52 3.7
539.64 28.7
546.36 118.6
547.38 32.2
549.62 16.6
558.53 184.9
559.37 14.5
567.31 8.8
568.32 5.8
573.67 8.3
574.48 2.8
577.37 2.1
583.60 2.0
590.88 3.4
599.40 6.6
600.36 12.2
603.87 1.3
607.29 4.8
610.34 4.3
611.66 3.7
617.30 73.2
618.27 15.7
619.20 7.7
622.09 2.3
626.50 1.3
630.81 5.9
631.83 7.1
632.50 5.7
633.61 1.6
636.38 8.4
637.47 2.9
640.17 1880.1
641.60 6.4
644.33 4.9
645.96 7.3
647.43 12.4
648.74 6.2
652.37 7.0
654.42 3.4
657.71 3.0
659.55 3.5
660.39 1.3
664.59 17.4
665.48 4.8
666.64 3.9
672.17 5.1
674.56 1.9
676.53 8.9
679.47 2.1
680.58 8.4
683.66 2.3
688.24 8.4
695.80 73.6
696.84 15.7
703.59 4.5
704.68 1.5
705.70 1.1
712.34 2.5
714.44 6.1
717.56 6.5
722.81 1.2
725.45 5.6
730.32 9.3
731.30 2.5
732.36 2.0
733.97 6.2
735.80 2.5
737.41 7.0
746.35 1.8
748.44 4.5
749.70 5.6
750.92 3.8
751.64 2.2
753.41 16.0
754.45 17.6
755.53 7.8
761.33 2.1
764.36 15.9
765.48 7.5
768.51 1.7
770.29 5.7
782.69 2.3
784.64 6.8
797.49 3.8
802.56 7.3
803.66 4.4
808.19 2.4
820.25 48.0
821.28 12.3
839.14 1.4
841.46 1.2
848.39 7.7
849.42 5.9
850.54 4.6
854.38 2.2
860.52 1.2
865.56 11.5
868.55 1.6
877.93 17.0
878.97 4.3
890.44 3.5
904.54 2.3
931.39 7.8
932.97 3.5
939.87 3.8
948.68 5.0
949.35 3.0
956.33 2.3
971.22 1.2
975.12 1.9
976.97 1.0
987.45 2.6
1150.40 5.3
1290.62 4.3
