1436.5595 2
220.10 5.4
272.30 1.2
318.23 2.0
318.99 3.0
329.25 2.7
338.30 5.7
348.15 3.4
355.83 1.8
381.40 2.7
385.32 3.7
404.15 1.8
409.22 2.0
414.42 2.6
416.52 2.4
418.41 2.9
423.65 2.5
425.57 1.8
426.18 2.5
444.56 3.2
446.95 6.4
458.09 1.5
465.10 1.8
480.14 14.0
482.13 5.6
488.26 1.6
492.15 1.2
505.81 4.9
507.24 3.0
515.15 11.3
521.10 4.0
528.12 1.3
532.88 9.1
534.30 1.4
536.18 1.5
538.18 2.7
563.95 5.2
577.40 1.2
593.10 2.5
597.88 1.5
603.05 12.9
604.03 21.7
604.82 8.8
610.80 4.6
613.80 1510.9
614.53 5.7
616.48 2.6
618.50 10.7
626.50 4.9
632.00 5.3
636.90 10.8
641.46 7.5
643.31 2.1
647.19 6.8
651.53 1.2
653.41 2.5
654.23 2.5
656.99 3.2
660.51 2.4
661.52 4.1
666.15 697.5
667.90 10.1
675.21 7.6
677.08 7.7
679.12 11.4
681.31 4.4
683.44 1.9
688.20 12.6
689.25 7.7
692.22 14.4
693.31 11.5
696.37 43.3
697.24 8.2
700.26 18.1
701.37 15.1
703.66 192.3
704.89 17.0
706.18 23.1
708.49 12.7
709.42 4.4
736.94 3.3
741.39 3.1
746.56 15.7
747.41 2.3
758.24 23.3
776.17 2.9
786.49 2.9
808.36 3.4
809.97 1.4
812.42 3.1
825.62 4.3
828.38 9.7
831.86 17.9
836.49 2.1
843.69 5.5
845.60 2.6
851.79 4.1
852.51 13.8
857.78 5.3
870.52 2.5
879.44 4.2
889.45 8.3
892.35 1.2
894.10 1.8
894.82 2.4
904.47 4.1
907.26 4.8
914.04 4.5
922.82 5.2
937.91 4.0
951.92 6.0
957.43 5.4
961.53 3.8
964.59 5.4
976.91 7.3
990.49 4.5
995.59 3.0
997.70 2.2
1001.54 1.5
1007.15 3.0
1007.75 11.3
1010.11 5.8
1011.41 1.8
1017.55 3.4
1029.48 3.9
1037.49 3.7
1115.55 1.4
1122.39 4.6
1132.66 2.5
1146.38 1.2
1156.75 3.8
1199.51 2.1
1211.03 4.9
1224.67 3.5
1286.60 4.3
1415.93 3.7
