1554.78459 2
222.42 11.8
223.22 3.1
227.20 8.5
228.09 1.8
231.36 2.1
232.25 24.3
237.21 3.2
238.06 2.2
240.16 8.1
241.23 42.8
242.23 52.4
243.27 18.7
244.31 14.9
245.31 6.9
246.26 5.3
247.06 10.0
250.24 23.4
251.04 10.3
252.38 6.8
253.31 1.7
254.23 12.0
256.07 8.7
258.24 46.4
260.26 58.7
261.27 1.8
262.06 14.2
263.25 10.3
265.08 7.0
266.14 9.2
268.35 22.8
269.03 11.6
270.06 7.5
271.35 22.0
272.35 16.3
273.29 22.8
275.67 29.1
276.34 220.6
277.32 17.8
278.18 32.7
279.36 2.2
280.24 19.5
281.10 6.6
283.04 2.4
284.22 10.1
285.11 2.5
286.05 11.7
287.19 2.5
289.89 6.9
293.15 20.9
294.17 12.0
295.17 6.7
296.24 10.8
297.02 6.4
298.12 6.2
299.20 8.9
300.43 10.7
301.19 73.2
302.33 2.7
304.32 4.8
308.24 2.6
309.16 5.1
310.76 10.9
311.38 57.2
312.32 37.1
313.24 14.6
314.30 4.8
315.47 6.7
316.25 4.3
317.40 9.1
319.28 67.1
320.36 23.9
321.28 6.1
322.31 6.8
323.17 9.1
325.23 23.8
326.03 13.2
327.21 6.3
328.52 20.6
329.32 129.7
331.26 36.5
332.25 18.5
333.35 3.2
334.27 4.6
335.13 7.3
337.19 40.1
338.23 37.1
339.28 8.3
340.44 8.5
341.11 25.4
342.19 22.5
343.13 24.9
345.23 7.3
346.35 12.3
347.22 434.1
348.23 25.2
349.18 15.3
350.60 4.7
351.45 7.7
352.15 17.2
353.27 13.7
354.53 5.2
355.30 43.6
356.24 35.4
357.31 31.1
358.23 24.7
359.21 19.4
360.11 4.1
361.27 13.6
362.39 5.2
364.19 18.5
366.16 12.9
367.28 22.8
368.16 20.2
369.27 13.9
370.35 15.5
371.33 6.0
372.37 26.3
373.37 68.9
375.30 4.1
376.34 22.9
377.44 18.4
378.38 12.8
379.38 2.2
380.27 36.3
381.23 10.7
382.30 21.8
383.03 6.6
384.38 8.8
385.23 13.3
386.29 62.6
387.38 20.4
388.15 74.2
389.17 15.0
390.39 175.6
391.42 30.0
392.42 3.4
393.60 8.6
394.50 21.1
395.31 48.2
396.26 19.2
397.51 27.9
398.26 373.3
399.20 48.4
400.30 27.1
401.23 15.8
402.34 86.6
403.34 60.6
404.31 27.0
405.26 7.3
406.39 44.3
407.33 9.5
408.39 3.2
411.09 22.8
412.48 53.6
413.84 27.6
414.51 13.8
416.21 673.6
417.20 42.4
418.51 28.9
420.26 238.9
421.20 39.8
422.21 13.8
423.49 12.1
424.20 41.4
425.37 7.9
426.34 6.4
427.51 2.0
428.35 22.0
429.42 64.1
430.43 58.4
431.12 5.3
432.37 8.4
434.21 376.7
435.31 30.5
436.17 5.8
438.19 68.4
439.25 55.1
440.23 58.8
441.45 8.3
442.20 16.8
443.76 5.4
445.59 7.4
447.40 562.4
448.39 150.7
449.18 5.6
450.30 19.3
451.19 9.9
454.10 9.3
455.28 5.0
456.44 32.9
457.29 81.6
458.33 25.7
459.23 14.3
460.27 5.5
462.13 10.4
464.20 16.2
466.30 12.2
467.32 37.9
468.31 7.4
469.21 5.4
470.42 26.4
471.34 13.0
472.37 6.9
473.17 3.3
475.88 5.7
477.12 14.7
478.51 4.1
479.68 57.0
480.35 3.2
482.26 11.4
483.31 16.0
484.31 36.9
485.32 53.9
486.33 5.4
487.62 13.0
488.25 19.3
489.14 6.0
490.42 22.8
491.87 15.0
493.32 5.9
494.62 9.5
495.51 27.1
496.40 10.6
497.36 23.0
498.14 14.8
499.35 7.1
501.33 15.2
502.16 20.7
503.15 12.9
504.20 23.7
505.14 22.0
506.32 41.3
507.37 15.4
508.43 4.2
509.44 9.2
510.60 17.6
511.37 6.1
512.29 15.6
513.28 5.5
514.28 19.2
515.21 45.3
516.37 8.1
517.39 5.8
520.32 37.6
521.89 18.8
522.49 10.9
523.50 49.5
524.44 50.5
525.51 25.8
526.58 17.2
528.37 29.8
530.34 137.7
531.41 214.9
532.50 49.5
533.33 77.8
534.38 15.6
535.55 7.2
538.31 10.0
539.28 95.1
540.28 72.9
541.29 55.2
542.25 61.2
543.45 59.9
544.43 9.3
545.39 4.1
547.16 18.2
548.31 308.5
549.44 58.4
550.25 70.0
551.24 366.2
552.27 53.1
553.37 21.2
554.46 13.4
555.25 19.4
556.39 5.4
557.63 32.5
558.36 71.2
559.24 44.8
560.54 57.1
561.28 225.1
562.23 30.6
564.05 2.9
565.65 12.3
566.55 33.6
567.32 125.4
568.29 114.4
569.37 386.9
570.37 24.3
571.39 30.0
572.22 17.0
573.40 16.1
574.41 7.7
575.23 28.6
576.31 31.4
577.68 5.9
579.27 1773.7
580.29 253.5
580.93 1.7
583.54 21.0
585.27 158.3
586.29 283.0
587.31 107.2
588.24 5.6
589.23 15.1
590.45 6.3
591.44 11.7
592.32 10.1
593.18 7.9
595.40 16.1
597.29 1023.2
598.26 161.1
599.37 4.4
600.49 16.8
601.46 32.5
602.37 7.5
603.27 92.4
604.41 22.5
605.49 12.5
608.42 16.5
610.51 13.7
611.50 11.0
612.29 13.3
613.20 4.4
614.44 4.6
615.35 20.9
616.46 71.5
617.47 24.1
621.02 11.8
624.61 6.5
625.45 24.2
627.13 50.4
628.10 5.9
629.27 29.4
630.41 92.1
631.31 30.9
633.45 563.5
634.47 193.7
635.16 13.8
636.13 14.8
637.40 8.4
638.54 5.2
639.26 6.2
640.20 18.1
641.47 10.9
642.41 108.5
643.54 71.9
644.39 37.1
645.50 36.7
646.31 3.5
647.29 8.8
648.53 96.4
651.47 8.7
652.22 8.5
654.09 7.8
654.75 3.0
655.52 42.9
656.55 12.8
658.02 8.0
659.04 8.9
659.76 6.5
661.41 612.9
662.34 134.5
663.31 11.1
664.20 13.6
665.47 6.4
666.46 8.2
668.18 6.5
669.41 21.2
670.45 16.6
671.38 22.9
672.52 40.8
673.50 20.5
674.23 18.0
675.37 14.1
676.70 51.5
679.40 3.0
680.55 18.0
681.55 18.5
682.40 2.6
683.74 12.9
684.55 19.0
685.37 17.3
686.47 12.4
687.46 18.3
688.48 17.2
689.52 38.8
690.42 131.9
691.44 115.7
692.66 26.3
694.45 73.5
695.61 24.4
696.80 37.8
697.86 49.0
698.59 131.6
699.43 95.6
700.39 5.1
701.37 9.4
702.57 14.1
703.39 13.3
704.34 8.1
705.40 5.8
706.59 33.4
707.53 6.8
709.95 24.9
711.31 33.2
712.45 61.0
713.40 27.7
714.04 10.4
715.42 326.4
716.41 306.5
717.39 79.6
718.15 37.7
719.34 5.4
720.52 26.9
721.38 6.9
722.53 35.0
723.40 37.2
724.42 114.6
725.31 32.7
727.63 2.4
728.59 3.4
729.46 14.0
730.46 18.9
731.62 45.5
732.61 105.9
733.42 210.1
734.47 139.0
735.95 13.9
737.60 8.2
738.79 6.3
739.63 3.1
741.46 367.1
742.42 338.4
743.50 139.3
745.53 67.1
747.28 194.3
748.43 86.3
750.43 21.6
751.39 299.8
752.19 6.0
754.15 173.0
755.42 59.1
757.33 8.6
759.00 115.9
759.60 2145.3
760.48 1927.7
761.39 506.6
762.13 2.0
763.25 89.5
764.04 15.4
764.93 10.8
766.15 6.4
767.17 11.0
768.95 66.4
770.41 2.2
784.43 3.5
794.23 13.3
795.20 21.8
796.47 8.8
803.03 21.1
809.58 5.5
812.41 89.0
813.28 10.8
814.57 22.2
819.32 2.2
826.12 7.2
827.08 8.0
829.48 4.2
830.38 50.1
831.41 19.7
834.43 2.6
840.24 32.8
841.61 2.0
843.56 3.0
844.35 9.0
847.33 2.0
848.59 28.3
849.57 10.4
852.84 2.0
853.94 4.5
855.76 9.7
857.11 7.0
858.37 30.7
859.53 12.4
861.58 255.4
862.58 75.5
864.54 3.0
866.48 10.5
867.45 14.7
868.54 3.7
871.66 6.6
874.64 9.3
875.75 26.7
876.58 195.7
877.53 72.3
880.73 3.6
889.61 10.0
891.59 1.7
894.52 213.4
895.41 49.3
901.41 2.9
907.56 8.4
910.59 11.3
915.19 2.7
916.33 9.4
919.42 6.5
920.10 7.8
923.46 4.9
924.85 15.9
930.01 4.8
930.83 5.2
933.24 16.2
940.59 130.7
941.74 99.1
942.57 21.4
943.51 1.9
947.36 6.1
952.32 3.1
953.53 2.4
958.56 5604.8
959.55 1982.9
960.56 25.2
961.59 13.7
962.54 3.7
967.60 7.8
968.52 10.1
969.52 7.0
970.40 6.8
971.29 28.9
972.46 107.8
973.38 43.1
975.60 10.8
979.30 5.9
980.71 9.3
983.54 13.9
986.05 18.0
986.71 217.6
987.59 54.8
989.56 78.6
990.60 20.4
1002.36 4.1
1003.39 3.7
1007.44 333.1
1008.43 66.4
1019.73 13.3
1024.73 17.0
1025.74 2.5
1030.86 10.5
1031.71 3.0
1034.51 1.7
1035.66 2.1
1038.28 2.9
1053.74 8.6
1062.74 2.1
1063.44 4.1
1071.79 17.3
1078.83 8.5
1080.57 2.8
1084.14 8.1
1088.40 2.9
1090.51 6.8
1091.68 2.8
1094.65 2.8
1099.63 8.5
1101.79 8.2
1103.53 17.6
1104.76 7.6
1105.73 14.9
1107.25 10.2
1109.71 7.2
1117.61 31.3
1118.81 3.6
1121.56 774.6
1122.67 433.2
1123.54 19.8
1124.74 3.0
1126.50 2.8
1128.25 14.7
1134.36 2.2
1135.60 87.8
1136.62 58.8
1137.86 7.6
1149.74 6.6
1150.80 3.0
1151.67 6.2
1152.62 9.0
1154.55 3.6
1160.61 20.9
1172.60 1.7
1173.77 17.5
1188.64 8.5
1189.37 8.0
1190.72 27.4
1191.75 18.2
1192.93 2.9
1200.60 4.7
1204.71 23.8
1205.62 10.4
1206.46 6.0
1208.56 499.6
1209.57 203.1
1210.21 2.6
1212.67 8.7
1215.52 7.8
1222.53 1.7
1223.62 5.9
1233.84 5.6
1234.79 5.9
1240.68 4.9
1242.77 6.8
1252.99 6.1
1255.64 4.9
1257.47 4.6
1260.67 8.8
1262.86 8.8
1267.45 9.1
1275.63 16.1
1277.72 26.4
1278.74 23.7
1279.73 2.4
1282.84 1.9
1293.79 5.1
1295.55 217.8
1296.69 99.5
1297.72 9.6
1299.78 4.6
1306.98 2.4
1310.14 2.5
1317.52 21.3
1318.61 27.1
1324.69 1.7
1329.81 12.1
1334.67 50.8
1335.66 21.8
1346.17 2.1
1348.82 22.2
1352.70 415.4
1353.77 286.4
1354.73 8.7
1362.64 5.9
1371.72 2.9
1372.80 5.6
1378.25 7.7
1380.71 5.8
1381.71 8.0
1386.80 25.9
1387.57 5.9
1390.89 20.8
1391.78 18.5
1394.87 8.6
1404.33 19.3
1404.96 17.7
1406.94 13.7
1408.57 84.1
1409.70 72.3
1414.66 6.8
1419.48 3.6
1421.88 120.8
1422.78 96.8
1423.72 9.6
1425.02 3.3
1426.70 10.7
1427.83 11.9
1431.84 24.2
1432.85 32.3
1439.76 1098.3
1440.76 552.9
1444.78 10.7
1449.75 27.8
1450.65 23.3
1451.35 7.1
1453.92 3.1
1461.76 37.4
1462.52 24.8
1463.46 15.5
1465.25 2.3
1479.17 2.2
1479.82 20.3
1480.68 31.0
1497.86 8.3
1518.07 2.4
