824.49919 2
119.12 4.2
120.23 2.5
122.19 2.1
124.19 2.6
125.14 4.2
127.13 11.6
128.10 291.2
129.19 37.1
130.14 11.5
131.06 6.7
133.13 10.9
134.34 5.8
135.11 10.7
136.15 3.5
137.17 13.8
139.05 4.0
140.23 1.8
141.11 16.6
142.39 6.2
143.18 24.5
144.27 10.2
145.10 20.2
146.18 8.4
147.16 27.8
149.13 4.2
150.09 5.4
151.18 7.2
151.98 3.8
153.26 3.8
154.24 4.9
155.25 35.5
156.27 26.5
157.18 20.3
158.15 7.1
159.37 10.6
160.14 27.7
161.87 82.0
163.04 15.3
164.22 10.6
165.09 14.1
166.16 8.9
167.06 16.2
168.20 13.1
169.20 4.8
170.02 10.4
171.08 83.0
172.53 22.0
173.23 200.4
174.14 24.2
174.94 6.7
176.10 15.4
177.20 10.5
178.34 3.1
179.33 5.5
180.32 5.0
181.04 8.1
182.08 8.3
183.15 30.0
185.01 16.8
186.00 10.9
187.26 26.0
189.11 58.9
190.14 25.9
191.24 12.8
192.30 3.9
193.25 12.8
194.16 15.9
195.21 11.1
196.15 2.5
197.25 31.0
198.11 4.6
199.22 22.8
200.13 14.7
201.22 131.7
202.17 12.4
203.01 4.1
204.14 6.1
205.13 28.3
205.77 12.5
206.38 14.5
207.42 14.5
208.22 11.6
209.15 14.0
210.20 8.6
211.09 3.3
212.25 4.0
213.05 9.0
214.26 18.6
215.21 23.5
217.12 32.9
218.07 5.0
219.15 11.9
220.02 5.1
221.14 7.9
222.21 9.2
223.23 6.2
224.37 3.4
225.08 2.1
226.00 20.7
227.25 45.3
228.20 21.2
229.09 5.6
229.84 6.6
230.91 18.1
232.19 18.9
233.22 36.2
234.11 15.6
235.08 23.4
236.26 16.0
237.21 14.8
238.34 2.9
239.27 10.6
240.31 23.3
241.33 18.2
242.25 13.7
243.02 14.5
244.19 27.9
245.25 8.2
246.16 5.0
247.23 4.3
249.32 57.9
250.29 17.8
251.15 36.3
252.17 36.1
253.21 8.7
254.24 86.7
255.27 34.6
256.08 9.5
257.19 9.6
258.35 2.9
259.08 10.1
260.40 7.4
261.18 9.3
262.08 9.4
263.31 3.0
265.17 13.4
266.64 57.4
267.93 81.5
269.07 57.1
270.13 63.5
271.25 26.1
272.18 24.6
273.25 9.0
274.04 5.9
275.18 11.6
276.35 3.3
277.23 21.0
278.15 9.2
279.23 2.6
280.12 10.2
281.16 8.6
282.19 40.7
283.24 28.5
284.21 35.5
284.99 14.3
286.31 22.5
287.08 14.9
288.31 24.5
289.35 12.5
290.41 8.0
291.32 9.5
292.07 5.9
293.17 32.7
294.07 9.2
295.21 30.1
296.42 36.9
297.18 26.2
298.52 100.0
299.23 65.0
300.62 29.1
301.29 187.4
302.39 11.7
303.50 22.2
304.41 17.2
305.24 4.3
306.55 25.0
307.48 4.5
308.30 15.7
309.33 37.5
310.18 10.1
311.27 28.6
312.76 122.8
314.17 13.0
315.23 8.5
316.00 4.3
317.13 1.6
318.68 95.6
319.76 16.5
321.18 21.5
322.20 24.1
323.17 19.9
324.44 47.0
325.30 84.4
326.58 103.4
327.87 350.0
329.29 5.8
330.39 13.7
331.19 4.6
332.38 30.0
333.38 26.0
334.52 14.7
335.36 3.3
336.13 8.2
337.23 24.0
338.24 65.2
339.05 21.3
340.30 38.2
341.46 33.6
342.27 15.8
343.43 31.3
344.23 1.5
345.25 35.3
346.25 27.7
347.28 205.0
348.25 9.4
349.19 16.2
350.24 29.3
351.38 46.2
352.26 47.7
353.26 214.8
354.23 175.3
355.28 24.9
356.26 136.0
357.27 32.3
358.13 58.0
359.24 91.3
360.22 26.2
361.52 15.3
362.65 43.4
363.41 214.5
364.33 30.1
365.21 14.8
366.25 43.0
367.51 106.0
368.34 64.4
369.27 85.0
370.29 64.1
371.25 72.9
371.98 19.4
372.58 3.5
374.26 4.8
376.20 44.4
377.26 87.6
378.28 17.6
379.31 9.7
380.27 10.4
381.00 147.6
382.00 112.5
383.22 23.2
384.25 24.9
385.33 61.1
386.32 49.1
389.73 819.4
390.47 226.8
391.42 85.5
392.07 9.4
394.68 2921.8
395.32 709.5
396.20 157.9
396.97 41.7
398.85 1786.9
399.93 10.5
401.07 19.9
401.81 9.6
403.88 9118.2
405.26 44.9
406.22 7.3
407.28 8.8
408.45 4.5
409.78 4.8
410.81 7.0
415.34 2.1
422.50 3.7
423.18 3.3
424.40 23.9
425.31 8.1
426.93 4.6
436.20 22.0
437.84 1.1
439.73 13.4
442.39 6.4
444.09 1.6
451.89 1.1
454.30 184.2
455.45 19.2
456.26 9.9
458.36 16.1
459.48 5.5
463.30 1.4
465.14 2.3
466.24 16.2
467.38 8.4
471.21 2.2
472.32 91.0
473.15 12.6
477.54 2.5
481.61 8.6
482.32 7.8
484.70 4.6
485.47 3.1
490.40 20.3
491.07 4.8
493.41 1.5
506.34 1.7
507.32 35.6
508.37 8.9
509.35 14.2
510.49 1.3
518.41 2.0
521.33 1.6
524.65 13.4
525.46 86.6
533.04 2.0
535.54 11.4
537.49 18.6
538.38 4.1
539.53 4.3
541.80 2.7
542.43 37.3
543.44 8.6
544.26 2.1
551.66 2.9
553.32 147.2
554.47 23.7
555.33 16.0
560.40 7.2
565.44 8.2
566.16 1.2
567.47 2.5
569.65 7.3
570.42 19.2
571.48 35.0
572.67 4.9
578.55 3.6
579.94 8.5
581.41 6.2
583.41 6.5
586.07 1.6
590.15 3.9
591.76 3.2
594.12 17.4
596.49 45.8
597.45 16.6
601.41 1.2
603.67 3.5
604.37 3.5
606.49 105.1
611.57 8.1
612.28 2.0
613.42 4.6
614.24 1.9
614.86 3.8
620.54 32.8
621.34 3.9
624.51 462.3
625.51 45.3
628.78 3.7
630.65 7.9
636.41 23.0
637.55 7.2
638.49 30.8
639.75 3.6
640.39 4.2
642.41 5.2
643.39 1.8
647.53 2.3
649.66 5.0
651.54 5.8
652.51 119.4
654.35 237.7
655.49 27.7
658.27 4.5
660.69 3.2
663.28 6.1
664.29 2.2
667.35 3.0
672.63 1.5
673.40 13.1
674.29 1.8
675.43 20.0
678.52 1.7
682.00 8.3
682.69 5.6
683.53 1.7
689.42 433.9
690.52 67.6
691.54 9.3
693.52 171.2
694.32 18.2
696.54 4.0
700.28 1.4
707.43 419.8
708.47 34.6
709.46 2.5
711.50 180.2
712.44 19.2
717.80 3.9
718.62 3.3
719.39 3.3
722.20 1.9
723.56 7.0
725.46 254.0
726.55 34.5
727.45 11.8
735.57 12.3
736.50 9.2
737.58 23.4
753.51 13.3
754.62 8.8
760.07 2.8
763.68 3.0
777.17 3.2
803.51 6.0
804.65 10.1
824.69 3.6
