2565.170990000001 3
237.98 4.5
239.24 4.3
240.21 7.5
242.06 35.4
243.00 17.2
245.17 5.0
246.32 21.4
248.20 14.1
252.20 20.8
253.25 6.4
254.26 91.8
255.12 270.1
256.02 83.8
257.39 8.5
258.22 50.3
259.34 3.9
260.20 5.4
261.01 21.2
262.32 11.5
263.33 22.9
264.18 28.2
265.35 30.7
266.25 6.1
268.26 377.1
270.24 57.2
271.17 34.0
272.28 419.8
273.05 15.6
274.07 119.0
275.24 26.5
276.26 63.1
277.17 11.7
278.18 27.6
279.43 12.3
280.41 69.1
281.44 35.0
282.29 88.2
283.23 9.4
284.19 36.9
285.10 52.3
286.29 393.2
287.22 12.2
288.31 40.7
289.28 28.1
290.17 158.1
291.15 36.2
292.32 23.7
293.47 26.5
294.20 12.4
296.18 647.0
297.11 5.9
298.21 49.8
299.24 16.3
300.30 12.5
301.51 19.8
303.59 8.3
304.98 17.3
306.26 47.3
307.09 10.8
308.24 89.5
309.21 14.4
310.25 24.5
311.22 123.6
312.11 58.8
313.17 88.4
314.29 56.2
315.03 8.9
316.19 25.6
319.12 82.2
320.32 197.3
321.36 5.0
322.10 12.1
323.32 39.9
324.10 15.2
325.23 62.0
327.24 104.7
329.13 73.4
330.20 35.8
331.40 3.9
332.35 50.7
335.29 32.1
336.13 47.7
337.11 55.5
338.38 68.8
339.36 261.4
341.32 235.3
342.24 68.6
343.19 144.7
344.12 35.0
345.05 14.7
347.14 291.5
348.19 40.0
349.51 30.9
350.26 61.4
351.44 82.0
352.18 30.7
353.04 15.0
354.49 30.8
355.34 42.2
356.53 12.7
357.25 162.9
358.08 31.9
359.14 39.0
359.83 5.1
361.17 14.4
362.38 25.2
363.19 151.9
364.22 17.1
365.17 32.4
366.67 179.0
367.31 551.7
368.38 148.9
369.19 23.9
370.19 27.9
371.40 11.9
372.22 44.3
373.40 7.1
374.40 6.0
375.38 20.8
376.23 18.5
377.27 101.6
378.17 72.3
379.16 91.7
380.28 57.8
381.21 84.9
382.29 17.1
383.23 94.3
385.27 590.9
386.05 10.8
387.28 98.2
388.10 8.1
389.14 9.1
390.65 41.0
391.38 60.0
392.38 3.4
393.40 30.2
394.27 4.2
395.35 81.2
396.09 115.7
397.11 50.5
398.15 68.2
399.11 57.1
400.27 44.3
401.29 23.9
402.65 11.7
404.71 46.1
405.32 388.2
406.28 167.7
407.34 34.8
408.14 21.0
409.18 74.2
410.36 101.3
411.37 59.2
412.22 27.3
413.39 31.0
414.22 35.3
414.97 9.4
416.13 154.9
417.09 16.4
418.20 143.2
419.26 184.3
420.12 40.7
421.35 3.5
422.28 54.6
423.27 16.7
424.40 48.1
425.44 46.1
426.35 80.7
427.34 27.2
428.33 54.9
428.96 4.7
430.06 14.6
430.68 9.3
431.32 5.6
432.22 41.6
433.29 263.4
434.28 179.9
435.21 89.3
436.37 618.3
437.35 45.7
438.17 26.1
439.21 29.3
440.43 4.7
441.21 33.2
442.24 42.8
443.28 6.2
444.27 97.1
445.79 14.3
447.19 19.0
448.22 11.2
450.17 78.6
451.27 38.3
452.28 61.2
454.34 1484.2
455.34 51.9
456.29 66.5
457.45 18.9
458.30 52.3
459.51 13.5
460.25 42.8
461.26 4.1
462.22 31.0
463.21 29.9
464.36 43.6
466.55 10.5
468.56 58.5
469.24 94.4
470.49 58.3
471.37 63.3
472.38 608.8
473.26 19.6
474.05 58.2
475.31 13.3
476.29 14.0
477.04 3.9
478.04 25.3
479.17 79.0
480.28 80.9
481.66 29.6
482.40 9.6
484.03 8.3
484.84 5.6
486.46 51.2
487.21 415.1
488.08 59.2
489.22 91.4
490.44 77.8
492.22 25.5
493.32 55.0
494.25 5.9
495.16 20.5
496.77 83.6
497.64 21.0
498.56 22.6
499.26 12.8
500.12 33.0
501.59 29.8
502.22 16.0
503.36 59.4
504.55 32.1
505.21 219.1
506.27 101.6
507.18 45.0
509.09 72.6
510.20 79.4
511.41 11.3
512.56 35.5
513.35 60.9
514.31 34.0
515.37 26.5
517.33 3.8
519.88 90.6
520.48 525.0
521.38 219.5
522.28 37.8
523.32 31.7
524.29 43.6
525.22 105.2
526.08 20.4
527.46 101.1
529.15 96.4
530.47 46.6
531.23 57.9
532.25 20.2
533.39 7.1
534.91 46.6
536.15 11.1
537.24 17.0
538.18 31.8
539.44 85.4
540.57 33.1
542.14 194.5
543.25 298.5
544.23 73.7
545.29 24.1
547.24 205.0
548.28 101.1
549.32 298.7
550.34 26.9
551.38 17.6
552.13 6.0
553.52 25.5
554.63 30.9
555.30 14.3
557.25 25.9
560.30 190.8
561.21 58.3
562.32 13.7
563.32 30.2
564.21 9.6
565.30 306.2
566.30 60.9
567.31 337.4
568.38 21.3
569.30 15.4
571.44 330.4
572.51 111.7
573.46 31.6
574.31 8.9
575.54 64.1
578.49 6.2
579.16 3.4
581.06 72.3
583.36 30.0
584.15 40.3
585.44 118.0
586.35 5.6
587.10 19.2
588.39 11.2
589.06 7.8
590.39 85.1
591.23 30.9
592.33 22.3
593.40 21.3
594.34 14.0
595.25 7.8
597.48 8.8
599.40 41.7
600.31 318.4
601.35 114.8
602.25 63.2
605.99 11.1
606.86 18.6
608.33 64.6
609.35 38.6
611.04 47.3
611.64 34.2
612.27 38.3
613.24 4.6
614.51 6.1
615.70 43.7
616.40 8.2
618.26 1020.8
619.31 260.2
620.24 172.3
622.65 17.1
623.37 16.8
624.39 297.8
625.00 259.1
625.74 21.6
628.71 10.0
629.62 11.4
630.40 21.0
631.33 7.5
632.15 32.1
633.41 299.0
634.57 62.1
636.27 692.4
637.33 163.3
638.49 155.2
642.46 4.4
644.19 351.7
645.05 10.1
645.92 19.4
647.49 4.7
648.32 12.0
650.35 14.0
651.16 8.9
652.30 23.4
653.49 53.8
654.48 160.4
655.33 32.2
656.36 27.8
659.54 14.8
661.03 22.9
663.00 15.2
664.54 27.8
665.53 36.2
666.66 13.5
667.70 95.1
669.52 49.0
670.34 10.6
672.51 153.0
673.96 95.9
674.68 3.6
680.97 11.8
681.57 10.8
682.53 14.4
683.59 42.7
684.34 16.4
685.65 6.2
686.50 12.0
687.36 4.6
687.97 9.2
689.43 4.9
690.29 44.2
691.43 14.4
692.65 9.5
693.67 20.7
695.46 22.9
698.21 9.2
699.51 69.6
700.38 34.2
703.54 32.2
705.66 20.1
707.39 11.8
708.47 60.9
709.59 76.4
710.98 67.0
711.60 5.0
713.26 3.1
714.43 5.4
715.38 190.7
716.42 58.7
717.65 1013.1
718.49 153.0
719.55 39.5
721.05 275.1
721.65 369.3
722.43 18.0
725.45 35.6
726.36 28.6
727.29 10.5
728.42 70.5
729.40 35.0
730.52 8.8
731.50 6.4
732.56 35.5
733.57 93.3
734.48 450.3
735.53 135.2
736.44 17.1
739.38 17.6
741.02 7.7
742.10 3.7
743.49 91.7
745.30 7.4
746.30 14.4
748.27 9.7
749.49 26.4
751.27 32.7
752.41 31.4
754.54 26.5
757.58 22.1
758.46 170.6
759.57 30.7
760.57 3.7
763.38 8.1
764.28 46.9
764.94 39.8
766.91 227.1
767.69 254.0
768.62 4.8
769.76 13.5
770.76 58.2
771.71 92.9
772.52 7.8
773.50 29.3
774.66 12.2
776.20 50.9
777.31 457.6
778.13 63.5
779.14 70.0
780.04 30.6
780.80 20.1
781.76 8.6
783.05 360.4
783.77 541.8
785.72 21.9
786.55 87.2
787.29 10.8
787.96 9.6
792.37 69.2
793.36 31.6
794.55 307.6
795.80 44.6
796.58 96.8
797.45 54.1
798.49 42.1
799.45 17.9
801.31 263.4
802.18 199.1
803.56 50.9
805.76 70.6
806.56 253.7
807.56 32.1
808.62 8.3
810.69 2983.3
811.97 1167.1
812.61 1981.0
813.45 55.6
814.62 175.0
815.55 87.7
816.34 17.3
817.49 32.5
818.49 39.6
820.76 194.9
821.70 87.8
822.52 39.4
823.84 36.2
824.85 54.0
825.66 37.8
826.63 475.8
828.43 162.9
829.31 89.5
830.36 40.0
831.48 44.0
833.45 26.5
834.36 109.4
835.53 594.4
836.56 164.9
838.53 3441.2
839.44 168.7
840.39 75.6
841.63 130.6
842.73 27.5
844.12 402.2
844.98 16.8
860.85 144.0
865.82 15.6
871.66 4.9
874.08 10.8
875.06 30.2
878.30 32.1
879.00 8.3
879.61 11.5
883.05 18.8
884.85 25.1
886.58 50.4
887.45 18.4
892.42 7.1
893.52 27.9
896.26 27.4
897.41 13.1
898.47 6.4
899.65 52.8
900.47 24.4
901.29 16.7
903.48 72.9
904.45 6.5
906.36 18.8
908.28 138.1
909.84 57.2
911.38 126.1
912.17 32.9
913.47 15.9
914.46 41.4
915.50 42.4
917.01 530.4
917.68 246.8
918.63 23.6
920.12 28.1
922.55 37.5
923.22 4.6
926.29 13.3
928.49 116.4
929.48 100.1
930.19 6.5
931.62 3.8
934.47 36.3
936.49 4.5
938.93 15.7
940.81 5.8
941.88 39.8
944.08 8.6
944.71 47.2
945.42 23.9
946.38 230.7
947.80 515.7
948.82 100.6
949.60 38.4
950.58 14.0
951.47 6.1
956.79 1767.9
957.71 542.4
958.55 25.3
959.72 9.1
960.95 41.5
963.52 5.8
965.77 22854.9
966.59 4099.5
967.42 124.0
968.23 45.4
969.44 39.3
970.23 86.5
970.86 77.2
971.74 55.8
972.51 413.3
973.59 85.2
974.88 103.3
980.59 17.5
983.45 80.6
985.49 19.2
989.55 7.7
991.02 4.5
992.00 396.6
992.78 470.4
993.84 28.8
995.30 7.0
996.47 10.5
997.70 20.4
998.52 14.4
999.78 5.6
1001.32 7296.1
1002.16 1216.3
1003.17 92.3
1004.09 10.2
1005.29 29.0
1006.63 10.9
1007.64 11.1
1008.75 5.5
1010.49 13.5
1012.42 11.8
1013.56 33.0
1014.55 99.6
1015.47 81.7
1016.46 53.1
1017.13 12.2
1018.48 5.8
1023.12 22.9
1023.79 19.4
1027.07 41.6
1031.48 9.2
1032.67 14.8
1033.54 30.4
1034.61 22.2
1035.61 46.7
1036.71 56.4
1041.60 76.0
1042.67 6.8
1045.47 9.9
1046.51 7.7
1050.16 34.8
1051.11 12.8
1054.69 22.3
1055.94 7.2
1057.85 15.5
1059.57 367.0
1060.57 129.1
1061.60 58.5
1063.59 139.0
1064.67 33.2
1066.31 7.9
1067.16 15.1
1068.87 7.1
1072.40 933.9
1073.25 680.1
1074.34 27.3
1076.21 10.0
1078.07 31.8
1080.20 10.9
1081.36 8645.6
1082.15 1682.9
1083.15 31.3
1084.26 33.7
1084.97 6.2
1086.72 31.1
1087.90 21.0
1091.76 46.1
1092.69 8.9
1095.79 56.3
1096.82 70.2
1097.47 17.2
1098.65 40.4
1099.96 35.6
1100.61 49.9
1101.78 43.5
1102.61 8.5
1103.34 17.6
1104.65 11.4
1107.59 5.8
1110.91 8.3
1114.60 57.7
1115.67 66.5
1116.43 18.0
1117.47 11.7
1120.44 31.2
1128.17 35.2
1130.56 13.6
1132.47 68.4
1133.57 4.3
1134.47 10.0
1136.83 123.6
1137.72 68.9
1138.48 12.6
1142.90 15.1
1144.46 17.0
1145.66 342.3
1146.59 307.3
1149.02 9.7
1150.15 9.7
1151.19 29.3
1152.63 60.0
1154.64 13.4
1156.87 67.2
1158.89 42.2
1160.60 305.2
1161.68 79.2
1162.70 36.2
1163.60 9.2
1165.46 159.3
1166.15 63.5
1166.78 23.5
1167.72 8.6
1170.74 3.4
1171.61 6.8
1172.47 3.6
1174.37 2129.3
1175.15 562.7
1176.24 14.6
1178.66 17.7
1180.33 12.2
1181.27 30.8
1183.90 30.7
1187.73 34.6
1190.86 15.7
1193.63 6.6
1195.69 10.0
1196.44 54.0
1197.61 36.1
1198.44 10.0
1199.39 19.3
1200.55 68.4
1201.44 53.5
1202.52 14.0
1205.14 18.5
1208.66 177.4
1209.97 52.9
1212.59 17.0
1213.70 134.6
1214.55 16.9
1217.64 493.8
1218.25 786.5
1219.32 49.5
1220.57 21.3
1222.78 103.8
1223.45 182.2
1226.56 9.6
1227.61 24.1
1229.71 33.6
1230.63 11.0
1231.80 16.4
1234.51 4.2
1239.30 7.3
1240.66 41.1
1247.66 728.0
1248.64 316.9
1249.54 53.5
1250.68 7.9
1253.36 3.3
1261.71 5.2
1263.80 5.9
1264.69 7.3
1265.55 9.5
1267.84 27.3
1268.78 15.7
1269.60 15.2
1270.83 7.6
1274.30 19.6
1279.47 37.1
1283.31 37.1
1284.45 14.1
1297.48 49.1
1298.81 26.7
1300.51 48.5
1301.29 9.7
1302.96 12.2
1308.69 15.4
1309.54 8.5
1310.69 8.1
1314.20 7.5
1317.36 5.3
1318.74 47.5
1319.77 14.4
1326.69 29.9
1327.66 5.6
1329.66 3.1
1330.98 7.4
1336.80 17.1
1346.70 66.1
1347.72 81.9
1348.93 22.0
1363.57 8.8
1368.50 17.2
1369.41 11.4
1371.29 26.3
1371.90 4.6
1377.66 10.2
1379.77 5.6
1380.85 13.9
1383.11 9.9
1389.96 23.5
1390.89 6.1
1393.11 27.4
1397.68 5.9
1403.92 8.9
1405.70 21.9
1408.23 9.4
1410.85 157.5
1411.95 51.5
1412.78 27.9
1414.17 5.0
1415.90 53.3
1416.90 66.3
1417.88 13.9
1427.92 9.2
1428.67 14.8
1429.71 11.7
1433.84 251.5
1434.74 224.2
1435.86 118.8
1436.90 12.7
1444.66 11.4
1445.88 5.9
1452.08 5.7
1463.81 28.7
1464.57 17.5
1470.72 3.3
1471.76 3.4
1477.97 5.4
1478.82 6.8
1480.11 21.3
1481.57 13.9
1482.98 39.8
1483.91 15.0
1485.94 4.5
1497.84 29.3
1498.83 51.4
1500.08 19.1
1502.16 6.6
1512.79 7.3
1518.85 3.9
1523.09 4.5
1527.02 5.9
1529.59 26.0
1532.73 80.3
1534.25 52.4
1535.14 11.4
1536.11 9.1
1541.19 7.0
1542.08 6.4
1542.84 7.3
1554.87 21.0
1556.92 7.4
1558.83 7.6
1560.48 13.9
1573.13 15.0
1575.59 9.5
1576.98 3.2
1581.20 8.1
1586.16 3.2
1595.41 14.1
1601.76 28.1
1603.01 22.5
1604.83 6.2
1611.87 4.7
1612.89 8.1
1615.56 17.5
1619.96 78.3
1620.92 93.9
1621.91 53.6
1623.16 10.7
1624.17 9.5
1641.54 18.8
1642.14 31.5
1642.96 42.5
1643.99 8.9
1669.02 9.8
1669.80 15.6
1672.06 3.6
1684.62 10.5
1705.09 8.0
1713.06 12.2
1719.05 7.4
1720.19 13.3
1729.31 3.6
1738.77 7.3
1756.02 15.4
1773.96 11.9
1788.04 3.5
1810.15 11.0
1814.22 36.2
1815.61 8.1
1823.13 11.9
1827.52 41.3
1828.21 7.4
1829.23 12.1
1833.20 9.6
1839.97 14.1
1841.02 3.5
1844.02 8.8
1866.48 6.1
1900.81 7.6
1915.96 6.8
1930.27 27.0
