1236.48894 2
221.05 1.9
224.41 2.3
228.08 1.3
231.11 1.2
262.38 3.1
278.31 2.6
286.12 9.9
288.24 5.4
297.21 5.4
303.27 1.4
333.07 4.7
354.22 1.5
368.45 2.1
369.20 3.9
370.20 1.7
373.38 2.1
382.06 2.2
383.98 3.9
386.13 5.2
387.27 11.5
389.06 5.1
390.93 1.6
396.76 1.4
400.61 1.6
402.24 10.7
403.26 2.5
405.40 4.4
411.81 5.4
415.18 3.9
416.23 7.9
416.86 2.7
422.39 2.6
424.86 41.7
425.87 2.8
438.03 9.0
439.16 1.7
441.77 2.7
445.14 1.3
450.92 4.0
454.34 1.4
457.28 2.9
458.09 1.5
459.33 1.5
466.24 9.5
468.94 3.8
474.40 13.2
483.10 16.5
487.19 1.4
488.10 3.1
489.00 4.7
495.33 9.5
497.76 13.3
502.83 3.1
504.03 12.5
504.93 14.1
508.29 4.9
509.40 1.8
515.66 3.6
520.20 3.6
522.76 5.5
524.03 35.2
524.94 17.4
525.71 3.5
527.49 2.1
528.79 17.0
530.36 28.1
531.29 5.8
532.74 14.7
533.51 3.4
534.67 10.2
535.36 1.9
536.57 10.9
537.87 2.1
539.35 28.2
539.95 5.5
541.31 4.8
543.92 12.7
545.42 96.9
546.39 16.9
547.33 5.8
549.96 21.4
554.52 320.8
555.45 30.4
556.63 4.7
557.44 31.3
560.39 6.6
561.56 3.9
563.30 5.1
566.28 480.0
572.41 5.7
573.83 2.6
580.76 1.9
581.71 21.5
582.46 4.0
583.55 1.6
584.48 2.5
585.81 23.3
586.51 2.1
590.54 3.9
591.78 14.6
592.50 19.6
593.52 1.6
594.52 34.0
595.90 2.0
597.81 7.2
598.86 17.2
600.53 93.1
601.44 38.3
603.66 46.8
607.22 15.4
609.46 157.0
610.41 15.1
645.51 3.1
653.63 7.6
671.23 1.1
674.31 3.3
678.23 4.4
688.18 4.7
689.95 5.1
692.66 1.3
713.82 2.8
723.49 1.5
724.32 1.4
731.40 1.8
739.52 3.4
740.30 1.3
754.34 2.1
763.46 2.5
782.89 1.0
783.65 7.3
786.13 1.2
803.30 4.6
811.31 4.2
820.74 3.4
821.74 9.0
822.87 1.5
825.87 2.5
831.55 2.9
847.56 1.3
848.50 4.0
849.22 5.8
850.44 6.5
854.47 3.3
883.61 7.9
906.69 3.7
912.43 1.2
918.45 1.0
922.35 1.5
988.59 1.1
1000.39 2.7
1008.62 5.6
1016.00 1.6
1022.47 3.3
1033.80 3.3
1071.27 2.1
1073.76 1.3
1077.40 2.6
1090.27 4.7
1093.86 3.7
1108.37 7.6
1179.71 3.4
1197.16 7.0
1197.80 9.2
1198.88 14.0
1199.95 3.1
