1055.49944 2
148.25 1.6
152.37 1.4
157.23 19.8
158.22 19.2
165.22 1.1
166.15 2.7
167.85 2.9
168.97 1.1
170.01 3.3
171.28 4.4
173.14 1.7
175.12 131.3
176.07 9.2
177.30 1.2
178.15 8.2
179.10 2.3
180.01 6.4
182.17 1.5
183.18 11.0
184.23 10.8
185.15 11.6
186.06 6.3
187.22 105.8
188.55 3.2
189.21 2.7
197.12 2.8
198.24 8.7
199.20 8.1
200.25 5.6
202.24 9.0
203.29 7.5
204.04 1.2
209.24 3.8
210.10 3.0
211.28 4.1
212.31 1.7
213.11 1.9
215.16 54.0
216.19 14.5
217.25 3.1
218.21 5.8
220.06 1.5
221.29 3.3
222.35 1.3
223.27 11.1
223.92 2.0
224.52 3.5
225.23 4.4
226.21 3.3
227.27 31.5
228.20 14.3
229.25 9.6
231.57 8.0
232.19 14.1
233.12 6.8
233.99 3.1
235.06 2.1
236.12 11.0
238.32 2.0
239.14 1.4
241.27 1.7
242.40 5.2
244.00 85.3
245.09 73.1
246.33 14.9
248.07 5.7
251.03 5.3
252.23 2.5
253.36 7.9
255.02 14.0
256.16 8.1
258.10 9.0
259.33 2.5
260.14 9.1
262.19 1315.3
263.20 103.3
265.13 7.3
266.38 6.9
267.12 1.7
268.26 5.1
272.14 30.5
273.17 15.0
274.25 4.8
275.13 2.3
276.25 6.5
278.32 6.7
281.22 6.9
282.17 3.1
283.22 2.8
285.27 3.8
286.24 6.6
290.16 25.3
292.56 5.2
294.13 1.7
295.74 2.2
296.93 3.3
298.11 2.3
300.21 2.5
301.02 3.4
301.75 5.9
302.36 3.0
303.61 3.9
305.03 64.3
306.00 24.9
307.07 166.1
308.14 21.2
309.10 14.2
310.23 14.2
311.39 1.5
313.28 3.2
316.14 3.1
317.16 8.0
318.14 15.6
319.22 3.7
320.19 13.2
321.63 9.0
322.34 5.0
324.33 7.6
326.13 4.1
326.93 1.8
328.26 10.7
329.47 2.9
330.29 5.7
332.08 1.0
333.02 11.5
335.03 24.5
336.18 5.6
337.38 1.4
338.28 1.8
339.19 6.3
340.11 7.6
341.41 10.4
342.73 12.3
343.38 1.2
346.40 7.0
347.34 2.9
348.34 3.4
349.14 6.6
350.38 24.6
351.08 9.0
352.07 1.2
353.30 13.0
353.94 1.7
355.22 9.7
356.14 13.7
357.22 1.7
358.47 3.0
359.23 3.0
360.78 4.2
364.39 2.8
365.41 5.1
366.28 6.3
368.11 11.8
369.98 4.0
371.67 5.0
372.70 6.7
373.36 105.6
374.26 18.6
375.17 10.4
377.18 55.7
378.55 18.4
379.19 33.7
380.14 29.5
381.14 2.4
382.28 3.5
383.12 6.5
384.36 6.5
385.45 11.9
386.50 2.7
387.21 5.7
388.91 3.1
390.32 4.8
391.31 144.7
392.29 18.5
393.17 11.4
395.38 8.3
396.37 10.9
397.29 1.7
399.75 5.1
401.04 4.9
402.97 1.5
404.16 9.3
405.09 5.7
406.35 9.0
407.39 33.3
409.16 48.6
410.25 4.8
411.15 1.3
412.26 15.5
412.95 5.1
414.15 47.1
415.45 12.4
416.64 7.4
419.62 25.5
420.32 8.2
421.31 67.4
422.30 16.4
422.93 1.1
423.68 7.9
424.95 13.6
426.32 3.6
427.19 5.8
428.19 8.1
429.36 12.5
430.18 2.5
431.38 6.3
432.45 11.5
433.26 5.3
434.38 19.1
435.29 43.6
436.33 17.4
437.69 10.3
438.51 12.4
439.35 8.3
440.35 5.9
441.18 2.8
442.38 3.9
443.49 2.0
444.22 4.3
446.09 23.7
447.45 15.1
448.57 8.0
449.28 24.7
451.34 51.2
452.22 23.0
453.11 8.1
453.89 10.1
454.77 1.6
455.63 9.8
457.25 47.8
458.35 11.2
459.38 6.7
460.39 5.7
461.61 6.5
462.48 40.0
463.57 7.2
464.44 12.3
466.03 23.3
468.03 807.5
469.12 114.6
470.83 159.1
471.75 24.4
472.39 5.8
473.39 8.0
474.49 9.0
475.27 15.9
476.00 15.6
476.73 4.5
478.04 51.8
479.31 282.3
480.22 40.7
481.31 9.0
482.37 68.5
483.30 8.9
484.41 9.0
485.53 25.4
486.88 32.1
487.70 15.2
488.53 78.0
489.36 13.5
490.39 1.0
491.73 50.6
492.75 109.2
493.91 27.2
494.72 7.0
495.40 4.8
497.23 231.0
497.89 86.0
499.12 19.6
500.06 17.8
501.87 54.5
502.76 7.7
504.23 76.3
505.16 33.8
506.44 1964.5
507.42 32.7
508.49 19.6
510.17 357.2
511.06 164.4
512.14 9.4
513.48 118.1
514.19 5.5
516.17 39.5
517.22 12.2
519.24 588.4
519.97 232.0
521.04 16.8
536.51 10.3
537.38 2.5
539.42 20.9
540.45 8.2
541.53 2.8
542.19 2.1
545.15 1.4
547.52 2.5
549.05 4.1
550.35 1.0
552.40 6.4
553.56 8.2
554.42 17.4
555.22 3.8
558.23 3.1
559.19 16.4
560.28 9.9
561.64 5.8
564.18 7.4
565.37 4.9
568.94 3.4
570.05 10.3
571.10 2.7
572.27 2.4
573.38 2.6
575.11 11.5
577.37 281.8
578.38 47.1
580.49 8.6
581.51 15.1
582.32 65.5
583.29 10.9
584.30 1.6
586.49 1.2
588.36 4.8
589.53 2.5
590.98 3.3
593.24 19.9
594.23 2.2
597.02 6.8
599.28 4.9
600.25 14.9
603.51 5.9
607.17 4.8
611.58 1.1
613.45 1.2
617.31 3.6
619.12 1.3
621.32 92.7
622.39 24.5
624.26 5.7
626.38 10.5
627.41 2.5
628.80 1.1
632.30 2.4
633.45 8.7
637.39 49.7
638.38 11.8
639.24 1.1
639.84 3.2
642.85 5.0
643.70 4.4
645.98 3.4
647.18 10.8
648.32 19.2
649.42 2.7
650.46 25.5
651.54 20.1
652.82 7.5
653.44 5.8
657.57 5.3
658.57 1.5
660.51 7.3
661.48 5.4
665.34 393.4
666.29 83.5
667.47 4.9
668.41 51.0
669.43 37.9
670.38 22.9
671.68 3.7
672.77 8.0
673.78 9.5
676.52 2.9
679.36 8.5
680.59 4.2
682.41 1.8
683.46 6.5
684.75 10.4
685.55 10.5
686.19 3.1
688.26 9.6
689.53 2.4
691.45 3.4
692.30 3.9
693.25 13.7
694.15 8.7
695.43 7.4
698.52 2.0
700.81 5.1
704.51 3.5
705.40 2.6
706.24 11.7
707.37 10.8
708.13 2.5
709.41 1.1
710.48 18.3
711.31 88.8
712.40 23.4
713.84 4.9
714.78 2.0
715.98 20.0
722.29 57.0
723.36 11.9
724.32 1.2
726.31 5.6
728.36 24.2
729.29 4.9
732.03 12.6
734.44 12.5
735.48 1.2
737.02 2.7
738.95 7.0
739.65 3.1
740.48 1.5
742.67 2.2
744.48 1.4
748.69 3.0
749.39 9.4
750.38 173.3
751.37 63.0
752.30 2.6
753.81 2.5
755.43 2.2
756.23 5.4
759.07 3.9
762.39 8.2
763.43 9.0
764.29 9.4
766.41 307.0
767.42 104.7
768.48 16.1
769.32 4.9
773.37 2.2
774.55 3.0
776.46 47.1
777.47 37.1
778.32 6.7
780.10 5.1
781.32 108.6
782.32 20.9
783.51 4.6
784.28 6.4
785.46 65.0
787.05 6.9
788.57 1.2
790.56 3.0
792.64 9.5
794.38 1431.1
795.39 513.5
796.50 22.6
797.52 1.6
799.52 7.8
801.88 5.2
802.49 2.5
804.27 7.5
806.40 12.8
807.40 15.0
808.46 11.6
809.41 18.3
810.53 12.0
811.63 5.0
812.57 14.8
813.54 11.5
814.55 8.0
819.43 17.5
823.41 21.1
824.37 129.3
825.47 43.8
826.67 3.1
828.37 9.1
829.22 1.1
834.29 4.9
835.51 3.4
837.50 26.2
838.49 15.5
839.71 3.2
840.48 4.3
841.50 40.5
842.64 16.5
843.30 7.8
845.58 6.1
849.41 2.4
851.54 16.8
852.35 5.4
853.39 63.8
854.55 21.6
855.45 24.7
856.69 5.1
857.83 3.3
861.19 3.0
863.44 20.4
864.60 31.9
865.50 2.2
867.10 3.0
870.18 6.3
874.05 2.6
876.03 2.5
881.39 105.4
882.52 36.2
883.50 2.5
893.27 1.9
894.48 16.7
895.44 8.3
898.58 26.7
899.46 155.6
900.48 39.7
901.56 2.7
902.28 3.3
906.54 1.7
908.17 2.2
909.09 2.5
909.87 4.8
910.50 4.6
918.42 2.7
922.29 2.7
932.39 1.9
935.33 2.2
948.46 3.8
953.57 2.6
954.71 5.4
956.52 4.7
959.32 2.6
989.64 13.6
990.47 5.9
991.84 4.5
1003.38 4.3
1015.54 2.7
1016.64 3.0
1033.49 81.0
1034.58 30.8
