2226.105260000001 3
213.28 6.3
215.21 10.4
223.26 1.9
224.12 6.1
224.72 2.6
226.18 15.9
230.35 5.4
232.22 160.7
233.23 18.3
234.17 1.5
235.24 5.4
238.12 6.2
239.02 2.2
240.36 17.3
241.33 1.5
243.16 33.2
244.27 6.1
248.24 4.0
249.50 9.0
253.08 1.3
254.33 14.6
255.20 42.7
256.17 1.6
258.29 7.7
259.23 7.5
261.34 4.8
262.24 1.7
266.10 4.2
268.18 7.5
272.21 27.8
277.93 9.9
278.67 2.3
280.20 5.6
282.18 4.1
283.17 55.5
284.26 18.2
284.94 3.1
287.20 5.0
289.38 14.3
292.10 10.0
296.34 9.7
298.04 2.2
300.20 50.4
301.31 39.2
303.20 316.5
304.26 26.6
305.16 2.2
306.24 3.1
308.58 6.5
309.28 4.5
311.90 2.0
314.43 2.3
318.92 6.2
320.33 16.7
322.04 4.8
323.23 20.6
326.09 9.5
328.03 11.6
331.16 17.0
337.08 21.3
338.13 8.1
339.30 4.8
340.09 17.6
341.22 9.3
342.12 21.5
343.25 9.0
344.30 2.1
345.38 3.5
349.28 2.7
350.63 4.4
351.91 2.4
353.47 5.7
354.39 7.6
355.06 14.6
356.32 2.9
358.61 4.1
359.39 12.9
364.09 4.0
365.39 7.5
368.56 5.4
369.55 3.5
370.23 2.9
371.09 3.2
372.22 13.7
373.13 13.4
374.40 3.6
375.60 6.4
376.31 4.1
377.41 3.4
379.81 5.6
381.18 3.4
382.23 9.0
383.27 13.2
384.20 5.7
385.38 4.6
386.27 14.9
387.18 35.4
388.42 3.1
390.04 14.0
390.95 7.2
393.62 4.5
394.33 47.5
395.18 61.1
396.33 15.4
397.17 6.2
398.38 6.0
399.59 14.9
400.40 35.4
401.33 65.1
402.26 4.6
403.26 30.2
404.09 31.5
405.42 1.9
408.55 2.6
409.42 13.0
410.20 8.4
411.45 13.1
412.19 33.1
413.31 4.6
414.18 18.9
415.51 17.3
417.25 176.0
418.29 1241.8
419.29 106.2
420.34 2.8
422.74 3.7
423.40 9.0
424.52 35.8
425.24 1.3
425.91 64.1
426.51 9.1
427.28 3.1
428.08 13.8
429.17 42.5
430.27 22.8
431.11 12.0
432.00 8.7
434.30 4.9
436.29 33.2
437.32 21.4
438.28 10.7
439.73 67.2
440.46 5.3
441.48 5.5
444.41 13.1
446.78 25.5
447.56 4.6
450.63 11.2
453.09 3.3
454.48 29.5
455.46 28.4
456.36 4.4
457.51 25.3
458.27 6.8
459.64 35.1
460.33 7.1
461.42 1.7
462.97 1.3
464.46 1.8
465.50 12.5
467.31 4.8
468.20 14.3
468.90 13.6
471.34 5.5
472.41 23.2
473.36 46.6
474.09 34.6
475.45 6.7
476.65 2.0
478.49 14.9
480.25 31.1
481.40 16.8
482.44 166.6
483.54 14.3
484.38 2.2
485.16 5.5
486.06 3.8
487.58 40.7
488.49 9.1
490.12 22.1
491.15 12.5
495.36 32.3
496.35 159.0
497.07 39.0
498.58 24.5
499.49 29.7
500.28 23.6
501.70 4.3
502.38 15.8
504.24 126.4
505.25 20.1
506.35 13.6
507.61 52.7
508.34 23.7
509.41 7.1
510.41 28.5
511.48 22.3
512.54 16.3
513.47 57.6
514.47 19.8
515.31 20.0
516.58 114.7
517.39 19.8
518.55 5.9
519.18 12.9
520.35 8.1
521.77 21.0
522.57 9.6
523.46 24.0
524.35 38.1
525.23 82.0
525.92 46.7
526.54 4.6
527.22 8.8
528.67 2.0
530.58 200.3
531.40 870.0
532.43 138.1
533.31 2.7
534.44 13.3
536.27 90.1
537.19 5.5
538.20 57.0
540.16 40.1
541.50 8.3
542.79 22.0
543.44 42.8
544.61 50.1
545.32 120.1
545.95 38.1
546.85 165.3
547.50 58.7
549.46 5.8
551.65 184.2
552.51 62.8
553.80 261.8
554.58 39.1
555.47 11.5
556.24 8.3
558.56 30.8
559.36 50.6
560.97 587.3
561.89 3.7
562.65 7.1
564.17 1.5
565.25 19.0
567.37 17.7
568.35 41.6
569.36 7.7
570.52 21.7
571.38 21.8
572.96 4.5
574.30 3.4
575.51 58.3
576.36 15.5
577.29 2.9
578.44 26.2
579.48 4.0
580.49 66.4
581.44 37.5
582.33 1.3
583.80 12.8
584.55 11.5
585.33 7.9
586.39 1.6
587.45 12.9
588.15 4.1
589.27 138.5
589.96 118.1
590.97 21.8
591.63 4.1
592.45 2.3
593.25 2.6
594.00 26.1
594.64 2.6
595.97 17.1
597.30 7.9
598.27 11.8
600.14 10.8
601.02 50.5
601.79 3.0
604.93 7.2
606.69 21.2
607.88 14.1
609.93 205.3
611.18 7.0
612.25 4.1
614.41 12.0
615.22 14.9
615.87 4.4
617.26 36.2
618.25 330.6
619.04 69.7
620.39 26.8
621.15 6.3
623.77 60.1
624.75 30.8
625.52 4.5
626.33 9.6
627.06 20.8
628.20 23.1
629.02 84.9
629.86 8.4
631.48 31.4
632.27 48.8
632.99 41.0
633.84 4.8
634.52 5.7
635.53 11.3
636.33 32.1
637.59 174.0
638.54 22.3
639.58 14.0
641.08 10.3
642.31 21.9
643.60 16.4
644.41 6.6
646.22 293.5
647.03 158.2
648.53 28.5
649.40 10.4
650.59 14.0
651.44 29.0
652.67 37.1
653.53 66.3
654.30 112.3
655.50 20.1
657.36 62.2
658.01 51.9
660.30 59.2
661.72 67.2
662.35 2.3
663.39 38.1
664.43 190.8
665.60 139.0
666.34 259.0
667.00 86.1
668.12 61.8
669.07 27.2
670.29 40.5
671.36 47.1
672.33 43.0
673.49 36.1
674.85 439.6
675.48 76.9
676.34 9.2
677.42 244.9
678.40 1226.7
679.47 311.6
680.45 38.8
681.36 21.6
682.45 17.3
683.20 11.4
684.47 20.4
685.18 5.1
686.58 6.3
687.48 40.9
688.55 113.0
689.56 50.9
690.57 29.4
691.86 25.4
693.14 93.7
694.14 97.5
695.44 12.2
696.22 10.0
697.09 94.9
698.04 24.4
699.47 231.6
700.37 5.3
701.20 11.7
702.21 503.8
703.10 115.4
704.23 25.9
705.58 28.5
706.64 9.1
707.38 40.0
708.57 24.4
710.87 1058.4
711.52 333.6
712.63 18.3
713.79 32.9
714.81 15.6
715.92 75.4
716.95 22.9
717.66 7.6
718.80 49.3
719.61 37.9
720.24 35.0
721.67 76.2
722.32 88.0
723.51 32.8
724.42 215.3
725.40 551.3
726.30 61.8
727.45 106.6
728.12 144.4
730.98 624.7
731.62 435.1
733.44 17.1
742.00 1.4
747.27 5.1
748.23 3.8
749.68 11.8
752.49 41.4
753.58 7.0
754.81 5.3
755.55 5.8
757.41 106.3
758.03 70.3
758.75 10.1
759.63 6.1
761.04 61.0
762.32 22.2
764.36 27.6
765.25 42.6
766.52 1018.3
767.46 15.6
770.15 15.0
771.19 9.1
772.17 23.0
773.30 47.8
774.85 398.8
775.54 183.4
776.57 6.3
777.47 24.6
779.32 267.8
780.41 72.2
781.69 32.6
782.37 24.8
783.34 44.7
784.11 48.2
785.10 11.2
787.72 21.4
788.46 130.6
789.50 219.8
790.54 59.9
792.16 86.1
792.78 5.1
793.58 14.7
794.61 17.9
795.57 1.4
797.74 7.4
798.89 27.2
800.40 43.6
801.29 45.8
802.36 15.9
804.10 27.5
805.48 164.0
806.49 827.3
807.62 170.9
808.97 53.0
809.81 7.2
811.96 9.4
813.34 6.0
814.49 1.4
817.10 41.7
817.96 21.4
818.65 12.9
819.64 13.9
821.51 19.7
822.56 31.2
823.50 36.8
824.17 2.1
825.89 70.7
826.49 35.5
827.21 17.0
829.23 3.7
830.11 8.2
831.18 126.8
832.21 31.5
833.31 32.9
834.65 123.6
835.58 32.8
836.54 5.8
837.90 20.3
839.80 662.9
840.51 301.9
841.68 15.6
842.52 16.1
843.46 7.5
844.70 2.2
846.95 20.2
848.65 869.4
849.69 27.9
850.57 2.0
851.33 14.0
852.24 10.5
853.54 3.3
855.92 12.6
858.16 23.7
860.30 135.6
861.59 60.3
862.74 13.9
864.15 4.1
865.61 13.7
866.25 3.7
867.29 17.1
868.35 68.1
870.00 13.9
872.52 8.5
873.46 22.3
874.43 29.3
875.46 29.5
876.56 19.7
878.41 955.5
879.51 296.9
880.89 23.2
881.66 19.1
882.60 86.3
883.95 13.3
885.25 12.1
887.60 228.3
888.47 76.3
889.65 16.3
891.07 119.3
892.47 34.0
893.64 33.3
894.79 27.8
896.34 732.7
897.03 263.3
898.70 25.9
899.65 18.3
900.58 16.1
903.32 2.4
905.21 1347.3
906.23 23.6
907.74 27.1
908.62 27.6
909.60 61.5
910.28 10.4
912.15 1.8
913.06 43.2
914.34 29.4
916.01 30.1
917.43 197.9
918.58 63.9
919.62 6.0
921.88 12.1
923.88 62.3
924.71 38.5
926.71 15.9
927.96 28.2
929.35 11.1
930.48 31.7
931.33 13.0
932.67 72.8
933.68 23.0
934.88 88.6
935.58 322.1
936.67 66.3
938.17 9.7
939.39 1.8
940.02 6.2
941.94 65.3
943.01 13.5
944.89 56.7
945.78 41.2
946.67 26.7
947.67 13.6
948.54 14.6
949.72 15.4
950.72 6.4
952.88 24.3
953.89 74.6
954.56 45.7
955.65 34.9
956.39 5.7
959.79 12.9
962.43 118.7
963.23 50.9
964.11 11.9
965.00 5.3
965.92 14.2
968.25 20.2
969.95 18.1
970.59 7.8
971.61 12.1
972.56 31.5
973.56 37.7
974.71 51.6
975.69 68.6
976.40 12.0
977.68 25.5
978.68 14.7
980.06 26.7
980.85 99.4
981.82 12.4
984.16 72.9
984.80 5.8
986.26 8.6
987.62 8.5
988.92 177.4
989.74 662.5
991.49 667.0
992.64 188.1
993.50 12.5
994.65 2.9
995.75 12.1
996.97 18.9
998.27 776.3
999.28 10.0
1000.07 11.7
1001.75 2.0
1002.71 3.9
1003.73 4.1
1005.18 33.9
1007.44 164.7
1008.44 62.3
1010.97 20.0
1011.83 8.1
1012.70 7.0
1013.58 32.5
1014.60 22.6
1015.50 59.3
1016.30 51.2
1017.20 25.0
1019.66 12.8
1021.49 36.7
1022.27 24.5
1023.16 5.6
1024.85 285.9
1025.48 113.4
1026.69 16.8
1027.72 6.2
1028.56 4.6
1030.86 3.3
1032.31 113.5
1033.48 506.1
1034.13 338.7
1035.37 28.7
1036.37 8.2
1037.58 1.7
1039.00 21.3
1039.89 69.0
1040.66 56.3
1041.50 3.8
1042.48 2.6
1043.31 8.1
1044.24 1.8
1046.55 16.3
1048.51 113.7
1049.59 151.6
1050.61 64.2
1051.38 10.8
1054.58 2.2
1055.57 46.3
1056.38 7.4
1057.42 18.7
1058.30 13.6
1059.46 3.0
1060.59 7.3
1062.75 3.8
1064.57 396.9
1065.20 110.9
1067.57 15.4
1069.05 2.0
1070.42 2.9
1071.50 32.8
1072.52 39.5
1073.57 5.5
1074.87 16.3
1075.83 8.0
1076.54 7.4
1077.97 15.4
1078.74 3.7
1080.69 7.6
1081.55 12.7
1082.32 7.0
1083.96 10.0
1084.66 6.2
1085.75 5.8
1086.75 11.1
1088.60 82.7
1089.53 364.4
1090.57 97.0
1091.66 9.9
1092.48 17.8
1093.44 26.2
1094.72 8.7
1095.62 1.3
1096.71 1.8
1099.63 16.9
1100.80 4.8
1102.32 15.7
1102.94 13.6
1103.71 9.7
1105.56 79.3
1106.59 411.4
1107.69 155.7
1108.47 3.0
1109.51 3.3
1110.72 4.2
1112.38 1.7
1113.23 2.7
1114.48 1.6
1115.64 2.0
1116.76 2.6
1117.68 22.4
1118.41 5.2
1120.65 537.4
1121.66 241.4
1123.03 6.8
1126.50 5.8
1127.64 11.9
1128.73 5.8
1129.50 12.3
1131.64 2.7
1132.62 5.2
1133.61 5.6
1134.37 4.0
1135.22 9.7
1136.80 9.6
1137.84 3.6
1138.68 11.9
1139.76 5.1
1144.46 3.7
1145.32 13.6
1145.94 5.3
1146.82 2.4
1149.87 2.4
1159.57 6.9
1160.53 5.0
1161.48 3.4
1162.89 4.0
1163.89 2.5
1164.66 2.8
1167.78 6.7
1168.68 7.3
1170.71 3.9
1172.64 10.5
1174.19 11.1
1175.44 6.8
1177.65 234.7
1178.61 75.2
1181.53 3.3
1183.54 6.7
1184.62 4.4
1186.95 6.0
1187.78 18.3
1188.75 8.3
1190.59 2.6
1191.62 13.4
1192.47 3.0
1194.31 34.2
1195.47 14.2
1197.73 2.7
1200.01 2.5
1200.71 33.6
1201.34 12.8
1202.37 2.2
1204.64 2.4
1205.39 1.8
1207.92 22.1
1213.92 3.7
1216.52 20.1
1217.63 50.4
1218.57 89.0
1219.72 33.9
1220.57 2.7
1221.83 3.9
1222.76 9.7
1227.82 2.1
1228.60 3.7
1229.72 3.5
1233.73 2.4
1234.88 26.0
1235.64 104.3
1236.53 50.1
1237.42 3.7
1239.60 3.5
1240.77 5.0
1243.02 7.1
1246.89 2.0
1249.78 7.7
1252.59 6.6
1255.64 4.0
1256.63 7.1
1258.82 21.0
1262.60 4.8
1267.83 7.9
1268.52 7.2
1271.73 12.6
1272.75 9.2
1273.49 16.8
1274.65 17.0
1275.50 12.8
1276.73 3.7
1278.61 3.0
1285.09 3.7
1287.90 1.8
1289.79 3.1
1290.85 4.9
1291.65 122.0
1292.45 30.9
1294.82 6.0
1295.74 3.7
1296.35 4.2
1297.58 1.7
1299.91 2.3
1303.90 7.2
1304.75 2.8
1307.28 12.4
1308.09 6.5
1309.26 3.8
1309.87 7.0
1310.93 4.2
1312.92 6.8
1313.63 1.5
1315.26 2.6
1320.06 6.9
1320.93 4.4
1322.79 5.5
1324.80 3.4
1331.17 6.8
1331.83 19.5
1333.81 4.5
1336.00 5.8
1337.24 3.7
1338.36 4.8
1344.53 16.1
1347.31 7.8
1348.85 11.5
1349.78 8.4
1350.68 1.8
1351.70 8.1
1352.90 4.0
1354.19 5.7
1355.54 10.9
1356.58 3.5
1363.05 2.4
1363.92 7.9
1367.73 6.8
1368.66 6.6
1377.72 3.7
1379.17 3.6
1380.88 8.6
1381.76 3.2
1382.83 7.1
1399.86 4.6
1402.84 22.4
1403.89 20.2
1404.73 14.6
1416.25 1.6
1417.31 6.7
1418.97 6.0
1419.72 4.3
1420.77 37.2
1421.77 7.8
1424.74 5.6
1430.75 3.4
1435.10 5.6
1435.99 12.8
1437.80 2.7
1439.66 8.7
1445.42 4.7
1446.89 8.5
1448.94 8.1
1452.80 1.5
1454.99 2.8
1464.13 4.4
1466.03 10.6
1468.56 1.4
1470.42 1.6
1478.56 5.3
1480.89 6.9
1481.83 3.7
1491.61 3.5
1494.51 1.4
1502.05 2.3
1507.74 4.5
1509.94 19.1
1513.42 2.4
1516.18 1.9
1523.92 5.4
1531.65 21.1
1532.70 16.8
1534.14 8.7
1543.91 3.1
1549.07 3.7
1562.59 6.5
1565.89 3.6
1566.88 3.8
1583.69 6.1
1597.31 3.5
1610.18 3.1
1616.83 5.6
1618.23 1.3
1635.22 5.0
1644.00 1.6
1650.93 4.9
1669.25 4.6
1677.90 12.2
1679.07 4.8
1680.09 8.4
1707.93 13.1
1712.74 1.7
1717.90 3.0
1720.78 3.2
1788.16 2.1
1790.83 2.4
1820.75 6.3
1853.91 3.5
1937.94 2.8
