870.54009 2
140.07 740.8
158.11 1868.7
159.12 337.5
171.14 8217.9
172.35 1307.3
173.37 1164.7
175.23 4513.5
191.26 365.2
194.32 1004.3
199.10 47405.4
200.12 4251.6
201.12 935.1
209.24 528.6
212.30 2061.6
213.32 547.6
217.34 899.3
221.06 723.4
227.12 1222.5
238.02 527.9
254.59 4343.6
255.28 14543.2
256.21 7733.8
257.32 549.3
272.28 24129.3
273.19 760.9
280.38 1190.5
281.25 383.1
282.27 4346.4
283.07 1581.1
300.29 32770.5
301.24 748.2
310.34 512.2
312.13 805.8
325.08 410.7
327.25 311.0
341.73 1267.6
347.00 272.2
351.06 1825.3
353.23 1208.3
354.35 1184.6
355.32 7712.4
356.17 1011.8
363.25 310.9
368.37 505.1
371.30 10092.9
372.17 4172.4
375.18 2604.1
376.32 325.7
381.30 26403.5
382.36 2816.1
383.27 831.3
385.31 22232.8
386.37 6513.4
391.17 580.5
392.32 367.7
399.35 29157.6
400.36 5161.5
411.68 1042.3
414.18 2983.8
416.86 529.2
417.92 13801.4
421.16 2643.9
427.00 493506.1
427.86 489.0
429.01 1613.2
429.85 1466.2
432.66 1087.2
454.37 1932.8
455.22 1619.2
468.48 5042.3
469.23 1231.9
472.32 150847.0
473.35 24417.0
486.24 10054.3
487.44 2292.5
500.58 737.8
501.36 390.5
523.30 877.9
525.59 548.0
533.44 529.1
539.30 420.6
571.48 56328.7
572.42 12909.8
581.39 20398.4
582.43 2743.1
599.25 2541.1
628.39 2498.8
629.66 876.5
654.46 4815.2
655.66 1418.5
664.67 1518.6
665.43 441.8
672.46 395048.2
673.52 101010.8
678.45 489.7
681.68 1140.9
696.55 1912.9
699.38 4650.7
700.45 1994.3
701.65 1402.0
708.66 795.4
713.57 472.4
725.48 69560.3
726.47 35435.8
743.49 2390159.8
744.49 772202.9
745.13 6255.5
753.54 3745.4
754.60 4666.5
771.54 37513.3
772.59 14997.7
