1045.5656 2
149.38 2.6
151.99 2.3
153.36 1.3
155.21 10.5
156.51 2.9
157.19 11.8
158.00 2.2
160.22 8.8
161.30 4.0
162.31 7.6
163.30 9.2
164.23 40.1
165.07 5.2
166.17 10.1
168.10 2.1
169.32 2.5
170.37 9.6
171.39 4.5
173.14 19.4
174.38 8.1
175.31 7.2
176.15 6.3
176.93 3.4
178.16 13.8
179.24 3.9
181.24 2.5
182.19 11.3
183.19 29.9
184.45 8.9
185.27 12.4
186.22 2.3
187.16 5.9
188.97 3.5
191.64 1.7
193.05 8.9
194.12 5.1
195.27 11.6
196.19 4.7
197.17 21.4
198.11 4.1
199.20 4.8
200.05 2.8
201.21 49.5
202.01 6.9
203.39 3.0
205.20 7.8
207.32 6.3
208.35 5.9
209.14 4.1
210.29 10.9
211.09 5.7
211.93 2.3
213.09 20.3
214.35 2.7
215.26 15.6
216.24 5.6
217.41 9.7
218.08 3.0
219.28 8.7
220.70 8.3
221.44 4.9
222.39 10.4
223.24 20.0
224.53 12.8
225.19 28.7
226.32 6.8
227.27 8.8
228.16 6.5
229.29 25.0
230.25 5.5
231.32 22.3
232.80 24.1
233.43 6.4
235.15 15.3
238.17 247.1
239.25 19.3
240.09 10.5
241.36 10.3
242.97 41.5
244.28 8.9
245.27 16.7
246.23 1.5
247.18 11.2
248.17 6.1
249.31 13.2
250.15 6.6
251.26 7.3
252.23 4.7
253.16 2.9
254.09 4.7
255.34 4.5
256.43 20.0
257.17 4.1
258.07 20.2
259.28 23.2
260.18 5.9
261.38 33.4
262.29 25.8
263.23 10.0
264.08 4.7
265.36 25.4
266.15 2.8
267.19 14.4
268.43 13.3
269.20 42.2
270.14 185.6
271.31 29.3
272.44 28.1
273.27 4.0
274.42 4.8
275.27 6.7
276.33 8.4
277.36 10.5
278.33 22.7
279.32 31.9
280.25 5.0
281.23 10.8
282.16 6.2
282.99 14.7
284.29 16.7
285.30 28.4
286.20 28.9
287.07 38.2
288.17 22.9
289.23 6.1
290.22 10.2
291.15 22.8
291.98 7.4
293.11 18.2
294.48 5.6
295.21 19.1
296.35 24.2
297.17 24.5
298.24 12.6
299.22 37.2
300.17 14.5
301.14 28.5
303.16 187.3
304.15 149.0
305.30 31.6
306.16 11.8
307.14 14.4
308.25 24.2
309.14 25.0
310.19 8.4
311.27 11.1
312.17 16.4
313.73 6.2
314.36 8.5
315.14 15.2
316.18 10.2
317.20 6.1
318.35 19.2
319.15 20.0
320.14 14.5
321.17 4.7
323.00 17.6
323.60 6.2
324.62 18.3
325.28 25.7
326.17 27.1
327.14 12.3
328.50 9.2
329.27 8.2
330.59 5.6
331.24 2.8
332.14 23.9
333.23 3.6
334.13 11.8
335.06 8.4
336.44 16.6
337.28 35.5
338.31 24.9
339.30 31.8
340.35 19.1
341.32 17.8
342.23 40.4
343.33 25.3
344.21 8.9
345.27 27.8
346.32 6.4
347.18 17.5
348.15 14.3
349.14 16.5
350.18 19.6
351.32 21.7
352.33 11.1
353.21 20.1
354.22 4.5
355.21 15.2
356.60 14.9
357.36 10.9
358.40 13.7
359.21 1.5
360.47 24.9
361.37 22.8
362.09 80.4
363.17 537.9
364.19 10.9
365.29 21.4
366.91 17.9
368.28 4.3
369.54 13.6
370.91 82.3
372.03 5.4
373.24 11.9
374.40 16.5
375.13 6.9
376.29 136.4
377.37 36.1
378.24 33.0
379.15 82.1
379.92 562.2
381.14 125.6
382.07 32.0
383.45 15.9
384.74 13.5
385.35 13.0
386.57 9.6
387.37 4.4
388.50 4.5
389.28 13.4
391.21 31.4
392.44 37.9
393.27 11.0
394.28 23.0
395.39 37.1
396.24 13.8
396.95 14.0
398.22 16.2
399.20 2.8
400.53 19.8
401.33 17.3
402.27 55.4
403.26 7.7
404.24 8.6
405.57 270.9
406.32 38.3
407.29 55.5
408.61 51.1
409.23 331.0
410.23 32.2
411.28 183.9
412.14 19.6
413.32 12.5
414.41 3623.4
415.50 52.3
416.70 11.7
417.43 24.7
418.38 11.5
419.34 18.9
420.34 11.7
421.28 21.9
423.33 1213.6
424.46 17.3
425.39 33.4
426.41 5.6
427.25 15.6
428.29 11.3
429.26 28.7
430.23 7.3
431.23 11.1
432.25 4.6
433.20 13.7
434.35 15.6
435.34 53.2
436.39 25.0
437.34 38.3
438.20 56.9
439.37 154.8
440.30 57.6
441.27 165.8
442.32 47.2
443.40 87.0
444.29 15.9
445.27 11.9
446.28 3.0
447.11 20.5
448.34 6.9
449.35 27.8
450.55 12.4
451.48 11.5
452.21 28.1
453.09 12.5
455.21 9.5
456.28 16.6
457.66 30.0
458.56 21.8
459.43 51.0
460.27 25.4
461.40 24.8
462.57 28.8
463.24 46.3
464.22 31.2
465.27 35.6
466.41 23.9
467.31 37.1
468.66 16.6
469.39 3.2
470.23 2.3
471.60 45.9
472.35 18.7
473.34 72.5
474.23 14.0
475.29 240.7
476.20 50.4
477.27 42.7
478.45 33.1
479.33 34.3
480.27 16.7
481.41 2.0
482.41 5.5
485.36 6.1
486.80 48.7
487.43 75.8
488.21 23.4
489.35 98.0
490.43 48.0
491.53 13.4
492.79 6.7
493.46 6.3
494.56 2.1
495.41 17.5
496.47 63.9
500.60 19.4
501.53 6.7
502.30 2.3
503.16 12.5
505.23 1778.8
506.11 781.6
507.08 49.5
508.08 8.1
508.71 3.8
514.35 281.6
515.21 5.0
539.38 20.7
540.35 1.0
557.31 7.8
558.15 6.0
561.27 1.3
562.81 2.3
564.58 6.6
566.63 2.2
567.24 7.1
573.34 1.1
575.23 6.4
590.39 454.1
591.41 92.3
600.08 3.4
601.44 1.9
616.67 3.0
634.50 14.6
635.60 4.7
637.36 2.5
642.01 1.1
643.65 7.2
645.02 3.5
652.40 9.5
661.42 84.8
662.38 22.8
670.21 13.7
672.40 4.3
689.48 5.1
699.16 2.5
708.25 1.1
711.76 2.2
717.40 3.8
721.70 2.3
723.00 1.6
724.27 2.0
740.54 7.4
748.38 5.3
749.59 5.6
756.42 2.5
758.42 597.8
759.43 162.6
760.04 2.5
766.77 3.1
767.42 2.1
771.24 4.5
789.65 1.2
828.04 10.1
829.68 3.5
835.51 7.5
845.45 343.9
846.64 108.2
848.89 1.7
855.69 2.7
856.35 6.7
872.32 1.9
885.95 2.2
914.50 3.9
915.60 2.3
925.22 2.3
932.55 24.2
933.50 1.5
942.41 18.8
943.51 9.6
