5671.9383 5
324.32 4.6
325.30 5.6
344.20 15.0
362.18 3.2
364.36 5.0
367.25 5.3
371.43 6.1
419.32 17.2
433.35 4.9
437.50 18.6
445.06 4.5
450.29 6.2
455.36 4.4
460.32 8.1
463.47 4.4
465.06 5.0
473.27 14.8
477.50 2.8
480.29 3.7
481.38 2.7
482.96 4.7
488.71 5.0
489.47 3.7
500.32 6.1
506.33 3.8
509.58 2.1
511.65 1.8
524.72 5.9
526.21 16.2
535.39 4.0
541.43 3.5
542.08 3.1
543.63 3.0
551.25 18.6
552.17 19.4
556.29 3.7
573.47 12.6
574.40 8.0
579.49 2.8
580.38 13.9
591.44 16.9
597.35 11.1
601.37 6.0
610.48 6.4
614.11 3.6
618.56 25.2
620.36 2.6
623.34 3.8
628.58 3.1
629.36 10.1
636.53 4.5
644.22 4.1
645.52 6.4
646.56 3.0
647.40 6.0
661.48 3.5
664.33 40.0
665.47 20.3
668.13 6.2
671.26 2.5
677.57 1.8
678.36 4.7
682.47 6.6
684.52 7.8
685.15 2.3
686.50 2.2
687.67 2.8
692.52 17.5
721.27 8.3
722.69 5.4
727.20 4.3
729.63 2.5
732.43 2.7
735.57 5.1
741.43 8.2
748.29 6.7
749.78 3.8
758.52 20.9
761.52 3.1
775.25 3.3
776.20 15.3
777.06 9.4
778.29 7.5
779.51 88.0
780.46 15.9
781.45 11.7
783.08 9.3
784.28 3.9
788.61 2.1
797.62 3.8
800.77 7.3
801.57 2.2
805.85 11.4
812.92 98.5
813.73 4.6
814.36 7.2
815.78 2.5
817.10 4.1
818.56 3.5
823.53 5.1
827.39 3.9
836.44 17.5
837.69 7.9
840.30 4.9
841.54 97.9
842.93 13.5
845.31 8.2
846.16 16.6
847.55 6.1
849.13 11.7
850.54 10.7
860.39 6.7
861.47 9.1
864.58 7.2
865.20 46.6
865.90 2.7
866.66 15.1
873.50 4.5
874.55 20.1
877.50 16.8
878.48 11.9
879.30 12.0
880.65 4.6
890.11 27.5
893.44 17.7
895.32 10.1
896.47 39.4
898.61 3.9
899.70 21.8
900.88 8.5
902.85 2.7
911.27 8.5
915.11 32.8
919.40 5.6
921.64 15.6
923.03 28.7
927.13 26.0
927.87 18.8
929.18 2.4
930.55 7.6
932.85 26.8
933.48 9.4
934.08 6.9
935.12 10.6
939.80 3.3
942.59 8.1
943.57 23.2
945.07 17.4
946.07 11.5
946.88 15.5
953.87 7.1
955.58 21.0
956.87 6.5
961.77 39.5
963.52 4.5
965.55 9.4
968.53 7.6
972.37 55.3
973.18 28.8
973.79 3.5
974.53 8.0
975.39 2.5
977.78 69.8
979.78 40.6
980.48 45.8
982.26 22.0
983.05 7.9
984.57 7.0
986.06 36.0
986.67 8.6
988.65 34.0
989.39 6.7
991.52 32.5
993.63 13.7
995.56 20.1
996.59 13.7
997.68 11.3
998.96 2.8
999.84 4.6
1004.88 2.8
1005.90 7.9
1007.78 32.0
1008.71 8.9
1012.39 12.1
1013.67 3.8
1014.65 6.8
1016.12 34.4
1017.74 2.0
1019.66 8.2
1020.65 7.3
1021.98 19.9
1025.56 9.2
1026.98 6.3
1028.40 2.8
1031.27 9.4
1034.68 18.0
1036.93 16.0
1037.92 52.5
1038.78 10.6
1039.72 7.6
1041.24 15.1
1045.54 23.2
1051.79 29.1
1053.98 8.8
1054.98 247.2
1055.87 3.0
1060.72 3.1
1061.65 3.2
1064.60 45.1
1068.18 6.9
1069.55 20.6
1072.82 27.5
1075.67 54.8
1076.61 18.8
1077.73 19.1
1080.50 45.3
1081.27 5.8
1084.12 11.3
1085.21 11.3
1088.53 34.5
1089.20 15.5
1090.66 2.5
1092.44 98.5
1093.11 244.7
1094.62 113.6
1095.64 11.8
1096.27 5.5
1096.91 11.3
1098.16 13.5
1098.86 40.0
1100.20 13.0
1102.46 14.1
1103.88 8.6
1105.32 7.7
1107.98 66.5
1109.92 6.6
1111.20 1121.0
1112.44 55.6
1114.15 2575.6
1114.77 51586.1
1115.70 704.2
1116.75 284.1
1117.88 109.8
1119.05 57.1
1120.31 66.0
1121.16 33.5
1121.88 37.8
1122.68 5.3
1123.36 5.7
1124.03 11.7
1124.71 7.7
1129.45 5.7
1130.45 3.9
1131.61 4.9
1136.36 3.4
1144.54 6.9
1145.68 9.3
1148.61 13.2
1153.82 22.1
1155.79 1.9
1157.02 12.0
1157.98 17.0
1158.64 2.6
1159.97 29.7
1160.80 4.2
1163.39 38.0
1166.86 4.6
1168.46 23.7
1169.67 4.0
1170.55 16.1
1171.72 26.3
1172.70 6.7
1173.90 105.0
1177.06 46.5
1178.32 17.6
1178.93 2.5
1181.54 13.3
1183.96 10.7
1184.65 30.2
1185.82 37.7
1188.74 14.5
1191.10 22.2
1192.18 219.8
1193.06 61.4
1194.12 32.7
1196.24 59.6
1197.00 30.2
1198.65 323.2
1199.69 19.0
1200.35 41.2
1201.34 94.3
1202.01 29.0
1202.81 90.5
1204.42 50.1
1205.52 2.8
1206.89 8.0
1208.90 11.2
1210.59 9.7
1212.68 26.1
1213.58 2.6
1214.49 9.0
1215.50 16.8
1220.26 38.6
1220.95 15.7
1222.29 16.7
1223.54 39.2
1224.47 83.3
1225.37 52.8
1227.27 220.3
1228.79 6.1
1230.42 56.4
1232.99 10.6
1235.86 3.7
1237.49 30.3
1239.43 55.9
1240.18 38.3
1240.78 7.4
1245.25 14.1
1247.18 24.8
1248.24 22.0
1249.32 10.4
1249.97 19.0
1251.88 39.4
1252.60 29.1
1253.48 143.4
1254.33 50.8
1255.61 108.4
1257.81 12.3
1258.54 62.5
1259.69 3.2
1261.09 17.1
1262.40 22.2
1263.03 10.9
1265.84 28.4
1267.73 21.6
1270.39 6.2
1271.64 2.6
1272.54 22.8
1275.16 31.0
1278.09 70.0
1278.87 36.4
1281.36 5.3
1282.17 27.1
1282.89 16.4
1284.48 62.0
1285.36 9.3
1287.17 24.4
1287.97 23.7
1289.35 23.5
1290.43 25.2
1291.52 20.9
1294.89 8.4
1297.01 70.6
1297.77 9.4
1299.52 14.6
1301.10 6.4
1301.78 24.7
1303.64 11.7
1304.34 2.0
1305.30 38.6
1305.96 17.1
1308.81 4.6
1310.22 84.4
1311.17 30.4
1311.82 14.8
1313.08 17.1
1315.67 68.9
1316.67 68.4
1318.74 39.4
1320.72 15.2
1323.39 16.8
1325.78 6.9
1327.51 67.2
1328.22 72.4
1329.66 32.7
1330.52 44.7
1334.24 5.8
1334.92 7.0
1335.81 5.1
1338.44 4.5
1339.31 19.2
1340.35 6.4
1341.36 11.2
1342.52 13.0
1343.84 71.8
1344.80 5.3
1345.45 2.5
1348.60 10.6
1350.36 12.0
1353.46 24.0
1355.82 2.3
1360.10 4.4
1361.23 35.3
1362.03 13.3
1363.15 23.9
1364.51 15.8
1371.90 55.5
1372.56 48.9
1373.32 16.2
1376.00 19.6
1377.08 16.4
1377.85 12.1
1380.80 1.9
1388.48 3.6
1390.89 8.6
1392.80 6.8
1396.04 13.0
1397.48 4.0
1399.77 11.0
1404.74 3.3
1405.94 12.9
1407.47 20.8
1409.99 7.8
1411.29 9.7
1413.31 29.0
1414.10 42.0
1414.83 13.3
1417.48 8.6
1418.25 7.6
1418.96 15.5
1420.26 2.7
1421.63 4.4
1423.01 1.9
1427.88 17.4
1430.03 4.4
1430.68 19.7
1437.50 13.7
1441.98 22.4
1442.85 58.3
1449.70 16.4
1450.59 34.4
1451.95 3.5
1457.11 49.7
1458.31 28.9
1466.20 97.6
1467.03 3.5
1469.27 15.1
1477.61 8.6
1478.26 8.8
1479.16 3.3
1485.85 3.7
1486.67 10.4
1487.88 2.0
1494.54 22.9
1495.49 23.8
1500.04 2.1
1500.83 11.9
1507.63 24.0
1508.70 2.7
1510.69 20.4
1513.71 6.3
1515.79 13.4
1527.35 15.4
1533.44 7.1
1535.01 4.7
1541.06 2.7
1554.91 12.0
1562.54 22.4
1566.95 9.0
1571.24 23.1
1572.06 9.4
1574.43 12.7
1576.89 7.9
1587.03 7.8
1598.43 1.8
1599.30 1.8
1616.24 4.3
1622.52 15.2
1623.19 4.7
1627.09 9.6
1628.88 7.7
1638.06 8.0
1640.50 1.9
1642.04 10.3
1669.04 5.5
1670.14 1.8
1680.12 13.6
1685.04 1.8
1691.92 2.5
1696.41 9.6
1698.40 22.7
1705.98 2.6
1729.18 22.4
1730.17 13.4
1730.87 3.9
1736.69 3.3
1745.07 4.2
1752.22 4.7
1773.29 3.7
1792.84 2.0
1809.01 6.0
1812.24 2.5
1830.37 3.2
1831.10 3.6
1837.15 2.5
1842.10 5.9
1847.19 8.6
1848.24 10.9
1854.20 2.2
1866.65 3.3
1874.09 3.7
1876.60 11.0
1882.13 6.2
1908.78 7.4
1909.43 4.7
1922.97 4.5
1923.93 12.5
1927.06 8.0
1968.41 4.3
1994.05 1.8
