1103.48039 2
175.24 9.6
180.43 1.3
188.82 1.0
190.08 8.3
215.42 1.9
223.12 2.7
225.33 2.1
229.13 2.0
231.96 2.3
243.89 1.3
254.27 2.0
259.24 1.0
262.36 3.6
265.98 1.3
271.36 2.1
274.29 5.9
276.28 2.6
286.10 2.3
287.22 3.0
288.22 4.1
293.28 2.1
306.30 4.0
312.75 1.4
322.20 2.7
325.23 3.2
338.26 3.5
346.48 2.8
347.69 9.5
358.14 1.8
359.47 5.4
363.48 2.2
365.27 5.1
367.28 1.8
371.03 5.8
373.85 4.2
375.03 5.0
376.37 2.0
379.47 1.4
381.46 1.8
385.14 5.6
386.31 4.6
387.40 4.6
391.58 2.4
395.42 1.5
397.44 5.2
399.27 3.0
400.33 2.0
402.31 6.9
404.22 20.7
406.84 6.7
408.04 7.2
409.29 3.0
410.92 3.4
411.99 2.8
413.24 24.1
415.99 3.8
417.02 1.8
423.09 2.4
424.52 3.2
426.29 5.5
427.86 3.3
429.16 9.7
430.79 36.0
431.44 3.2
432.66 8.0
436.36 3.8
438.10 19.5
439.04 5.5
442.11 1.8
444.99 2.4
447.33 2.1
448.84 1.9
450.29 3.9
451.68 1.1
453.81 4.8
455.17 51.9
458.13 7.0
460.70 10.4
462.47 2.3
463.99 1.5
467.40 1.2
470.32 15.9
471.38 1.3
473.99 5.2
475.06 3.0
477.52 15.3
478.44 3.5
480.86 4.0
484.60 11.6
485.40 7.5
486.68 15.2
487.87 11.5
488.57 9.0
489.40 35.4
490.96 31.3
492.06 13.1
493.39 3.9
494.16 1.9
497.10 20.5
498.37 64.1
499.43 104.3
500.31 12.2
501.04 50.4
502.28 11.4
502.95 5.6
504.26 6.0
505.24 32.8
505.97 30.6
509.59 24.0
510.73 17.1
511.36 37.1
512.01 114.5
513.36 13.2
514.97 3.4
517.07 26.5
518.13 9.8
519.08 6.8
520.47 3346.0
521.61 61.0
523.18 10.2
524.05 4.5
525.74 8.0
526.83 11.1
528.24 38.0
529.16 11.6
530.18 53.9
530.99 64.5
531.69 1.6
533.14 1.0
534.59 76.2
535.38 48.2
536.41 2.6
537.64 12.7
539.89 32.3
540.99 12.7
543.47 265.0
544.29 6.8
575.28 2.9
580.70 3.2
581.34 1.6
583.35 5.1
585.04 5.0
596.25 1.1
600.32 3.9
601.21 2.6
603.33 13.3
604.99 10.8
609.29 1.1
611.31 2.8
613.75 20.2
615.20 26.5
617.32 1.4
620.32 2.6
624.32 2.0
626.79 1.0
629.46 6.3
631.30 13.3
634.36 4.0
638.66 2.0
643.69 11.8
653.55 5.2
660.39 2.5
663.18 3.9
671.06 7.2
672.26 5.4
673.90 6.7
676.02 8.9
678.59 4.2
681.14 3.8
685.71 1.7
687.55 3.5
688.33 1.4
690.69 6.8
694.30 2.7
701.37 6.4
702.41 2.1
705.04 5.0
708.33 3.9
711.02 5.6
723.91 9.9
725.05 2.5
729.85 4.7
731.54 1.9
736.17 5.1
746.26 1.3
747.27 2.9
755.65 7.5
758.25 1.3
761.49 1.9
768.49 4.4
769.54 4.1
770.64 7.1
773.44 2.3
775.45 1.1
776.53 8.6
778.26 4.1
779.13 4.9
780.89 1.6
790.15 1.9
791.40 2.7
798.43 3.0
824.51 1.2
827.81 2.3
834.49 3.2
835.60 6.2
838.58 1.8
839.89 1.5
843.36 6.1
861.54 3.6
865.20 8.0
872.52 2.9
875.07 2.3
883.61 6.7
896.65 4.3
898.90 6.2
899.74 10.1
901.56 3.1
902.66 5.6
909.78 3.8
912.79 8.0
919.51 3.6
928.00 13.0
938.57 2.8
947.34 2.0
948.50 4.3
954.51 1.5
965.82 1.6
966.43 4.0
971.98 4.7
972.72 1.7
1017.49 1.2
1018.70 1.7
