2117.81987 2
337.19 6.5
341.25 4.1
376.27 1.5
404.19 2.0
415.19 2.3
480.57 1.5
481.36 1.6
485.64 2.7
494.35 3.3
499.17 1.0
502.19 2.8
521.47 2.0
527.37 4.6
571.62 4.8
587.23 1.3
602.58 2.0
606.49 2.6
625.25 4.3
627.28 1.2
641.20 2.6
641.92 3.9
668.62 9.4
669.53 2.3
717.84 5.4
727.67 3.6
731.44 2.3
736.29 3.4
740.56 2.5
742.34 3.8
743.53 1.8
749.68 2.6
752.49 3.2
767.31 4.3
782.16 2.3
793.60 2.1
801.35 2.0
806.13 2.3
818.21 2.5
823.38 11.4
824.57 2.1
827.38 5.5
831.91 3.8
836.34 3.5
838.55 4.8
841.28 7.5
842.47 4.8
845.89 1.2
850.74 3.9
859.97 3.2
864.41 7.7
867.55 12.4
876.60 4.8
878.63 3.3
883.53 15.1
884.23 3.4
885.42 56.4
886.60 3.6
897.54 2.2
899.74 2.2
903.48 36.3
904.13 9.8
916.79 1.9
919.79 4.0
927.99 9.2
930.25 3.2
931.26 1.3
940.40 3.4
958.64 3.3
965.03 6.9
970.54 4.2
981.69 4.9
992.70 6.9
996.49 5.8
997.54 15.4
998.68 9.2
999.68 7.6
1000.63 3.0
1005.29 6.7
1007.23 5.7
1015.57 26.1
1016.64 7.3
1023.47 27.3
1025.06 4.8
1028.79 8.1
1032.93 5.8
1041.47 113.9
1042.47 39.0
1086.47 1.1
1105.87 3.0
1222.34 3.7
1234.00 1.5
1267.97 10.2
1278.70 3.0
1280.95 1.8
1318.81 2.5
1352.70 1.4
1354.91 4.7
1360.63 2.0
1397.82 2.2
1454.98 4.2
1488.08 2.3
1489.62 1.3
1513.92 2.8
1521.43 1.4
1581.99 1.6
1836.04 1.7
1927.10 1.4
