904.4250999999999 2
128.25 1.4
159.01 5.6
191.20 3.0
192.23 1.4
195.02 1.8
203.09 1.7
222.08 3.8
227.13 2.3
228.44 1.2
238.17 2.0
249.00 1.2
252.26 1.8
267.51 1.2
272.13 12.2
276.20 1.1
276.92 3.4
281.19 2.1
282.34 1.9
293.33 1.9
306.27 4.8
309.18 1.5
322.71 1.0
331.88 11.4
333.15 1.4
337.95 12.2
339.06 25.7
341.01 3.6
341.95 1.3
346.16 2.5
349.83 4.1
351.10 2.7
353.06 2.1
356.93 11.0
358.32 11.8
359.13 22.4
364.34 4.5
367.83 18.1
373.28 3.9
374.76 3.1
377.36 1.3
378.77 1.1
385.21 1.9
387.29 2.5
390.98 2.7
391.70 2.3
393.32 2.4
396.99 5.8
407.05 4.0
408.45 4.8
410.21 1.2
411.07 14.0
411.91 25.1
412.68 4.8
414.81 2.3
415.66 63.5
416.37 18.1
417.22 4.8
418.99 3.6
421.88 68.8
422.89 2.1
425.46 4.2
429.38 28.4
430.19 14.8
430.96 52.3
432.44 1.2
434.90 117.6
435.96 20.1
437.94 97.9
441.41 7.9
443.75 175.5
444.43 58.3
472.44 4.2
473.05 5.0
475.25 1.1
516.39 1.8
526.02 4.3
531.21 2.2
534.29 2.4
555.97 3.4
571.09 1.6
576.32 2.8
597.32 3.4
603.20 4.4
604.35 2.1
612.07 6.0
615.53 2.0
671.34 4.5
676.24 7.6
704.64 1.8
716.30 1.8
847.66 2.5
865.59 17.0
866.54 2.0
