1816.79985 2
254.47 6.2
258.31 26.3
259.41 12.6
262.24 4.1
263.38 4.1
264.92 8.3
266.43 2.9
268.11 5.6
269.20 11.7
270.16 3.0
273.25 37.3
275.19 7.5
276.23 308.9
279.45 16.4
282.69 23.1
283.30 8.4
284.28 8.2
288.18 4.5
292.34 15.2
294.24 16.8
295.18 18.4
296.12 8.1
297.02 9.8
299.30 15.7
300.52 22.1
301.30 4.1
302.38 4.0
305.97 21.5
308.41 3.7
309.11 14.0
310.09 25.7
311.17 19.7
312.27 47.6
313.08 5.4
318.13 2.9
319.18 8.2
322.84 6.3
324.31 14.7
324.96 3.6
329.19 12.2
332.97 7.7
335.02 10.3
338.29 9.5
339.25 16.0
340.34 12.5
341.36 38.0
342.34 3.5
346.05 12.7
348.54 11.8
349.19 26.5
351.44 33.1
352.21 10.8
353.31 8.4
355.17 34.2
356.18 55.0
358.37 3.2
359.24 28.9
360.83 14.0
363.22 7.0
364.72 36.1
366.32 9.6
367.39 5.7
368.30 40.0
369.89 36.6
371.62 23.4
372.50 32.6
373.42 81.6
374.38 39.3
376.23 11.4
377.36 30.3
378.31 21.5
380.10 18.6
381.38 10.8
383.37 4.4
384.47 13.3
385.51 13.8
386.28 15.0
387.17 6.2
388.44 7.9
389.82 23.1
390.51 145.3
391.73 24.4
392.33 14.2
393.37 4.6
394.39 19.2
395.19 60.1
396.20 13.3
397.99 10.3
401.49 10.0
402.16 3.2
403.21 11.3
404.19 19.1
406.26 14.8
407.12 18.5
408.56 12.6
409.37 13.5
410.31 5.7
412.29 75.2
414.30 6.8
415.29 8.6
418.16 3.9
419.36 6.8
420.26 15.4
421.31 20.8
422.47 4.1
424.29 25.8
425.43 10.6
426.71 11.9
427.37 4.8
428.49 30.6
429.40 71.0
430.42 71.3
431.57 15.0
432.40 7.9
433.26 10.6
434.32 16.8
435.20 5.0
436.12 7.9
437.17 37.6
437.89 12.4
438.65 7.1
439.61 9.7
441.47 11.9
442.13 10.7
443.36 6.0
444.24 6.9
447.27 581.1
448.30 66.7
449.14 15.6
450.27 6.2
451.50 28.0
452.29 31.2
453.30 16.5
454.46 18.3
455.51 27.5
456.27 3.9
456.99 16.0
458.27 60.7
459.32 22.8
460.29 3.0
462.25 13.8
463.52 6.0
464.24 6.0
465.19 17.7
467.07 12.8
468.15 3.0
469.24 165.6
470.23 20.8
472.31 9.7
475.18 25.3
476.20 52.8
478.29 12.6
479.33 31.2
480.29 14.8
481.29 48.6
483.18 9.0
484.25 10.1
487.31 15.4
488.53 13.3
492.47 34.8
493.26 17.1
494.41 32.8
495.31 32.7
496.36 34.8
497.24 3.3
497.99 11.2
499.36 10.6
501.31 10.4
502.44 24.8
505.40 13.0
506.38 12.7
507.72 38.7
508.54 18.8
510.22 14.4
511.50 4.9
512.20 6.3
513.25 7.2
515.24 35.0
517.24 44.2
518.24 12.0
520.43 56.6
521.69 18.7
522.77 48.0
523.39 35.2
524.34 118.3
525.40 35.0
528.53 16.7
529.54 8.1
532.33 29.8
533.07 23.6
534.65 38.2
535.47 5.9
536.37 21.0
537.18 8.8
538.45 21.6
539.30 16.8
540.27 31.3
541.17 20.2
541.98 36.7
543.00 21.3
543.61 32.8
544.28 24.6
545.29 29.1
547.59 33.8
548.38 46.8
549.27 21.2
550.30 33.1
551.38 4.5
552.46 23.0
553.34 15.1
555.37 15.2
556.32 42.4
557.82 27.7
559.47 15.7
560.43 21.7
561.18 8.8
562.32 23.6
563.09 41.7
564.28 15.0
566.21 5.0
567.60 16.1
568.35 25.5
570.47 57.7
571.24 21.2
572.88 48.8
574.04 18.0
576.70 21.5
577.94 46.8
578.59 16.4
579.54 6.1
580.55 50.6
581.50 95.5
582.53 35.0
583.41 23.9
584.35 14.1
585.26 22.2
586.84 26.9
588.35 63.4
589.33 129.4
590.80 44.4
591.95 54.8
594.54 13.4
597.36 53.2
598.43 37.9
599.47 39.1
600.37 8.1
601.23 21.6
602.28 20.9
603.31 22.1
604.36 16.0
605.51 26.0
606.49 31.4
607.42 90.0
608.42 19.5
611.20 26.1
612.21 42.9
613.48 52.3
615.02 70.0
616.28 100.0
617.33 15.7
619.44 6.5
621.23 42.4
622.52 18.7
623.48 6.6
624.45 23.6
625.39 188.0
626.37 50.7
627.48 72.9
628.49 12.6
629.45 27.7
630.29 15.9
631.89 20.0
633.38 392.9
634.47 128.1
635.40 47.4
636.21 27.8
637.24 57.5
638.36 81.4
639.21 44.4
640.41 33.0
642.10 43.0
643.59 72.8
644.43 49.6
645.62 60.7
646.42 12.4
647.20 17.4
647.83 25.6
649.38 47.3
650.31 37.2
651.34 76.2
652.17 11.3
653.11 44.5
654.32 81.7
655.42 90.2
656.44 100.4
657.13 19.2
658.41 42.6
659.77 53.4
661.10 28.1
662.18 79.3
662.92 53.6
663.59 69.3
665.33 11.5
666.88 23.0
668.25 48.5
669.36 55.1
670.53 90.8
672.06 136.5
673.37 185.1
674.31 30.2
675.38 60.4
676.20 55.3
677.10 138.0
677.93 18.0
678.76 11.7
679.47 134.2
680.51 40.1
682.71 56.3
683.39 24.5
684.14 35.7
685.12 91.0
685.98 23.1
687.39 61.2
688.46 9.0
690.42 554.0
691.41 217.9
692.08 52.6
693.42 20.3
694.68 89.3
695.36 46.2
696.36 82.6
697.10 15.2
698.06 62.6
698.69 16.5
699.77 65.3
700.61 47.6
701.35 36.3
702.98 106.4
703.84 16.4
705.29 98.8
705.90 15.9
706.57 47.9
707.67 153.2
708.62 54.9
709.83 55.6
710.59 34.5
712.46 353.1
713.43 69.2
714.77 144.5
715.68 136.8
716.55 28.4
717.36 95.0
718.45 78.3
719.40 9.8
720.56 48.1
721.48 6.6
722.30 20.7
723.19 79.8
724.72 265.7
726.01 41.3
726.93 80.0
727.56 133.8
728.84 44.5
730.18 113.7
731.30 101.7
732.24 68.0
733.47 40.2
734.29 30.3
735.19 26.3
736.45 31.1
737.64 90.8
738.58 104.0
740.28 174.7
741.55 82.8
742.78 172.6
743.77 23.7
744.75 79.9
745.37 302.1
746.32 76.4
747.37 89.9
748.42 69.3
749.30 75.2
750.66 85.2
751.60 172.5
752.32 4.7
753.78 79.9
754.75 43.4
755.59 136.8
756.52 153.6
757.46 108.0
758.27 10.3
759.30 304.5
759.91 314.0
760.54 321.7
761.51 11.8
762.60 143.6
763.76 115.7
764.54 68.5
765.47 48.6
766.33 30.2
767.31 41.2
768.35 49.1
769.37 87.2
770.63 107.2
771.48 72.5
772.16 78.7
773.30 140.1
774.31 181.2
775.49 30.1
776.89 266.4
777.57 453.7
778.43 244.6
779.36 22.1
780.29 63.0
781.36 253.2
782.48 211.7
783.81 75.7
784.50 7.3
785.46 63.0
786.30 259.6
787.28 400.3
788.64 68.4
789.57 120.4
790.74 75.6
791.46 5.5
792.09 17.6
793.27 64.9
794.04 65.4
795.50 792.4
796.35 31.5
797.87 380.8
798.53 294.6
799.51 1091.5
800.44 361.8
801.70 24.8
802.39 57.3
803.22 84.1
804.04 118.5
805.10 79.8
806.06 41.7
807.10 88.6
808.74 229.1
809.61 33.8
810.43 14.9
811.65 185.0
812.82 204.3
813.66 251.6
814.32 427.9
815.34 310.5
816.26 59.3
816.93 7.7
817.74 69.0
818.86 20.3
819.71 64.1
821.24 382.8
822.28 656.3
822.93 111.0
824.14 176.7
825.27 68.4
826.74 242.9
827.96 74.1
829.21 103.7
830.75 1141.1
831.71 352.5
832.93 149.9
834.19 253.2
835.47 454.5
836.16 488.6
837.90 349.7
838.65 107.1
840.24 73.6
841.38 382.4
842.14 332.5
843.21 264.2
843.84 107.4
844.79 271.8
845.79 54.9
847.25 321.9
848.07 159.6
849.56 144.5
850.73 288.1
851.69 107.0
853.50 106.1
854.47 177.6
855.81 599.6
856.77 339.7
857.71 102.3
858.67 150.6
859.79 1068.6
860.54 199.2
861.24 131.8
861.86 11.9
863.06 216.7
864.23 426.0
865.21 1192.1
866.09 218.9
867.28 320.7
868.79 479.2
869.66 1560.7
870.56 117.4
871.78 279.9
872.73 426.7
873.60 964.7
874.77 64.7
875.87 159.5
876.70 440.0
878.18 5074.3
879.03 672.9
880.22 360.0
881.20 55.9
882.56 956.5
883.51 52.8
885.27 1076.7
886.45 2069.6
887.27 4512.1
888.26 93.4
889.33 10.3
890.85 2370.5
891.65 4068.3
892.77 45.4
894.06 1522.4
894.90 2766.1
895.52 1481.3
896.90 89.8
898.16 19.7
899.81 900.2
900.52 356.9
902.80 8.8
904.47 7.6
912.74 19.7
914.22 20.5
916.50 4.6
918.36 7.1
919.57 4.4
920.46 15.8
922.21 10.5
927.09 113.3
928.41 58.5
929.14 12.2
930.69 5.3
932.10 4.7
933.58 3.4
935.55 5.9
937.45 17.8
938.65 5.7
939.48 21.5
940.45 9.9
941.44 16.5
942.49 12.8
943.21 12.5
944.51 22.4
945.74 26.8
946.65 33.5
947.61 20.0
948.40 10.1
951.82 19.7
953.55 43.1
954.53 18.8
955.28 6.5
956.55 30.4
958.48 20.9
959.36 6.5
960.11 41.6
960.80 13.2
964.97 39.5
966.11 3.7
968.55 25.5
969.99 46.5
970.62 4.4
972.56 53.1
973.64 15.7
974.49 21.2
976.84 14.1
978.34 13.4
981.48 25.0
982.54 38.8
984.29 57.1
985.52 55.8
986.40 82.6
987.04 4.5
987.88 26.2
988.67 10.2
990.63 7.3
992.55 8.0
994.24 18.9
995.22 11.4
996.46 28.7
997.44 17.6
998.41 25.1
999.99 36.0
1000.65 80.9
1001.94 12.5
1003.58 174.3
1004.65 108.0
1005.30 31.3
1007.30 11.7
1008.68 15.1
1009.62 14.2
1010.39 10.1
1011.44 68.9
1012.49 636.6
1013.49 214.6
1014.43 5.5
1015.19 26.5
1016.27 19.9
1018.93 76.6
1019.68 23.7
1021.41 14.7
1022.55 47.6
1023.52 16.9
1025.59 268.1
1026.62 41.6
1028.48 19.2
1031.68 11.7
1033.57 11.1
1035.84 31.0
1036.64 11.1
1037.52 16.2
1038.51 9.0
1040.35 754.6
1041.40 205.6
1042.31 45.8
1043.07 4.4
1046.81 29.3
1047.64 4.9
1048.66 14.4
1049.42 14.0
1051.44 60.1
1052.14 5.2
1052.80 17.1
1053.69 29.5
1054.66 75.7
1055.70 35.9
1057.44 43.0
1058.57 110.9
1060.61 25.6
1061.96 6.0
1063.35 23.0
1064.74 9.0
1065.45 46.9
1066.47 16.3
1067.56 9.7
1068.21 9.2
1069.49 45.2
1071.16 20.3
1072.56 210.6
1073.59 81.6
1074.45 4.3
1075.63 56.2
1076.62 36.4
1077.89 78.3
1078.79 4.5
1081.30 80.7
1082.54 7.7
1083.55 70.5
1084.21 31.1
1086.47 21.6
1087.57 27.3
1088.76 32.0
1090.53 36.8
1091.60 13.5
1092.34 22.1
1093.98 29.0
1094.71 158.1
1095.66 98.4
1097.30 63.3
1098.05 16.2
1099.32 181.4
1100.38 120.1
1101.14 3.3
1103.60 28.2
1104.44 10.8
1105.57 18.0
1106.54 11.5
1109.50 172.8
1110.48 93.5
1111.49 48.3
1112.77 13.7
1113.46 3.4
1114.56 14.6
1115.70 5.6
1116.62 27.3
1118.86 11.6
1120.57 32.3
1121.67 45.4
1122.66 26.3
1123.82 11.8
1124.46 11.3
1126.00 59.2
1127.42 362.8
1128.52 170.7
1129.74 4.9
1130.81 39.8
1131.92 21.7
1134.00 7.2
1135.43 12.3
1136.70 15.8
1137.54 4.6
1138.56 181.8
1139.49 92.7
1140.53 28.6
1141.72 62.2
1142.43 8.7
1143.87 25.7
1144.71 26.6
1145.79 21.4
1146.49 25.1
1148.14 32.9
1149.54 14.8
1150.93 9.2
1151.81 10.4
1152.81 3.0
1154.61 50.0
1155.90 20.8
1156.68 200.3
1157.78 69.7
1159.39 6.9
1160.65 70.1
1163.51 10.0
1166.06 72.3
1166.73 95.1
1167.65 99.4
1168.57 12.0
1169.20 9.2
1170.77 5.6
1172.64 25.2
1173.27 7.6
1174.48 6.1
1175.61 6.6
1177.53 10.7
1180.43 22.2
1181.60 26.8
1183.30 28.8
1184.55 677.2
1185.49 243.5
1186.36 4.2
1189.41 20.0
1191.66 4.9
1193.65 15.2
1194.69 5.3
1196.65 15.5
1199.58 18.7
1201.59 74.0
1202.53 107.7
1203.55 34.2
1204.67 4.3
1205.58 18.7
1206.49 5.5
1207.54 3.0
1209.94 12.2
1210.70 6.0
1211.44 14.3
1212.77 23.2
1213.55 40.2
1214.60 29.3
1215.68 6.2
1216.63 29.7
1217.36 19.8
1218.69 10.2
1222.84 31.8
1223.45 7.1
1224.46 18.3
1225.78 9.7
1226.70 29.1
1228.80 3.3
1229.87 28.6
1231.99 22.4
1232.63 8.0
1235.67 23.4
1236.75 12.0
1237.70 12.3
1240.60 9.4
1241.57 40.5
1242.70 16.1
1244.12 18.7
1245.49 33.4
1246.57 15.5
1249.64 19.3
1251.17 6.2
1253.82 18.5
1255.69 44.8
1256.62 11.9
1257.64 8.1
1258.67 11.3
1259.81 8.0
1260.75 10.8
1263.55 17.1
1265.05 14.8
1267.41 85.7
1268.41 21.1
1269.17 19.0
1271.85 31.0
1272.62 21.3
1274.60 20.7
1277.68 8.8
1280.60 21.8
1281.61 19.8
1282.73 20.2
1283.34 19.3
1284.52 28.5
1285.56 15.1
1286.65 26.5
1287.62 11.1
1288.65 19.9
1289.65 58.0
1290.62 9.4
1291.96 7.1
1292.63 5.6
1294.66 41.2
1296.64 9.9
1298.53 147.3
1299.68 42.6
1300.44 14.9
1301.55 3.3
1302.52 13.0
1304.07 21.6
1305.55 22.7
1306.80 7.1
1308.91 19.4
1309.77 27.9
1310.46 4.6
1311.60 14.9
1312.51 47.5
1313.57 46.8
1314.66 57.6
1315.52 11.1
1316.68 3.4
1319.66 24.2
1320.68 17.7
1321.59 9.5
1322.52 10.2
1324.65 40.6
1325.53 28.4
1326.58 75.3
1327.97 8.4
1330.54 15.2
1332.09 3.1
1333.48 16.1
1334.33 4.2
1337.05 3.0
1338.43 12.5
1339.13 22.3
1340.12 14.7
1341.41 18.0
1342.59 804.1
1343.74 371.0
1345.04 8.9
1345.89 11.2
1347.74 17.7
1348.64 14.1
1350.37 9.8
1351.67 19.8
1352.69 58.6
1353.96 9.4
1354.70 14.6
1356.45 3.3
1357.58 6.1
1358.62 9.7
1360.68 10.7
1363.76 10.8
1366.63 4.7
1368.33 4.3
1369.71 97.0
1370.64 815.1
1371.60 295.8
1372.53 42.1
1373.71 14.5
1374.97 5.4
1375.97 6.9
1376.88 21.3
1377.62 2.9
1381.71 69.2
1382.61 25.9
1383.36 35.8
1384.56 41.7
1385.79 31.9
1387.69 206.4
1388.62 110.0
1389.82 18.3
1391.99 12.7
1394.65 6.6
1395.99 29.2
1396.98 27.3
1397.68 21.4
1398.92 31.1
1399.81 147.3
1400.69 135.3
1401.77 17.7
1402.56 9.2
1403.62 18.7
1404.61 8.1
1405.46 3.6
1408.27 17.0
1409.57 89.9
1410.76 46.1
1411.72 18.4
1413.50 40.3
1414.71 47.6
1415.71 19.2
1416.47 6.5
1419.08 6.1
1421.84 10.3
1422.98 8.3
1423.96 4.3
1424.87 11.3
1427.58 518.7
1428.70 360.6
1429.63 49.8
1430.60 35.4
1431.64 12.4
1435.29 16.5
1436.40 15.8
1441.03 6.4
1441.75 7.3
1443.76 80.7
1444.68 386.8
1445.72 284.3
1446.66 32.2
1447.75 138.3
1448.74 49.6
1452.01 20.1
1452.82 18.8
1453.76 25.0
1455.78 15.7
1456.77 3.1
1457.69 6.1
1458.77 13.1
1459.67 4.2
1462.78 38.5
1465.65 8.0
1466.63 9.5
1467.67 32.4
1468.77 8.4
1469.74 29.0
1470.73 34.1
1471.78 14.2
1473.01 9.4
1474.97 21.2
1475.82 9.5
1476.73 8.8
1477.97 4.2
1478.83 9.2
1480.68 19.6
1481.91 3.9
1485.36 18.1
1485.99 29.9
1487.12 16.3
1487.87 13.0
1493.73 17.0
1494.61 12.7
1495.74 19.5
1496.69 32.4
1498.30 77.7
1499.33 12.3
1500.62 8.9
1502.95 16.1
1504.08 4.8
1505.59 53.2
1506.79 21.9
1507.81 35.8
1508.55 13.1
1511.58 43.8
1513.61 397.0
1514.60 149.0
1515.63 24.4
1518.92 38.7
1519.87 20.2
1523.90 54.8
1524.87 65.9
1525.73 42.2
1526.40 6.4
1527.90 5.6
1528.85 4.8
1529.76 22.3
1531.74 3.1
1532.50 10.4
1533.94 23.9
1535.01 19.3
1535.79 16.7
1536.77 14.1
1537.72 9.6
1541.06 48.5
1541.71 674.6
1542.67 705.6
1543.71 254.2
1544.62 20.4
1549.93 14.1
1553.01 9.3
1553.66 9.7
1554.86 18.7
1555.70 52.4
1556.78 6.7
1557.75 7.4
1558.81 70.3
1559.63 77.6
1560.50 82.5
1563.71 4.5
1565.99 11.6
1567.22 25.5
1568.73 9.2
1570.07 17.7
1570.76 117.5
1571.81 99.2
1572.54 16.0
1573.63 5.6
1574.75 6.1
1576.54 26.9
1577.85 10.1
1578.82 25.0
1579.85 29.7
1580.84 133.1
1581.80 117.8
1582.69 22.9
1584.65 56.3
1585.79 28.0
1587.03 37.5
1587.99 21.8
1589.32 13.8
1590.03 15.5
1595.09 39.9
1596.70 60.2
1597.81 122.6
1598.76 432.7
1599.67 295.1
1600.67 91.1
1606.70 77.2
1607.69 40.2
1608.60 30.3
1609.86 22.7
1610.69 3.0
1611.59 12.5
1612.35 4.3
1613.65 36.7
1614.72 1010.7
1615.80 657.2
1616.80 140.7
1617.64 39.9
1624.23 13.5
1624.86 579.8
1625.68 276.6
1626.64 125.7
1630.75 35.7
1631.68 11.9
1632.64 11.3
1639.74 9.6
1642.73 620.4
1643.77 633.6
1644.85 70.8
1646.14 3.3
1660.64 464.3
1661.79 586.0
1663.28 15.9
1686.77 4.5
1727.13 5.4
1730.03 5.7
1731.05 15.9
1732.99 15.2
1741.23 24.0
1795.91 7.8
