1567.72185 2
223.20 4.8
226.23 1.2
233.36 1.8
238.25 3.4
240.44 2.4
243.39 1.3
245.05 6.8
249.05 1.1
252.24 1.2
258.25 30.6
259.16 6.5
267.04 1.6
276.19 11.1
283.19 3.9
284.16 8.0
292.22 1.7
295.09 2.5
300.61 4.9
301.28 13.7
302.21 1.6
310.06 1.8
311.24 6.2
312.35 1.9
320.34 5.1
321.38 2.8
323.11 10.0
324.29 2.0
328.32 1.8
337.20 1.7
338.12 3.4
351.34 2.3
355.18 13.3
356.24 8.9
359.06 1.7
369.54 2.9
372.03 4.8
373.39 9.4
376.20 1.9
378.15 4.1
383.19 2.3
383.92 2.6
385.07 29.6
390.37 13.2
393.44 9.4
394.22 20.9
395.22 14.5
402.41 1.7
404.29 1.0
406.39 2.5
409.63 2.0
411.13 1.5
412.22 26.5
413.26 15.0
415.57 11.6
416.31 2.3
419.52 3.1
421.01 3.4
422.46 3.5
426.35 1.2
427.39 11.3
429.42 9.6
430.32 29.4
431.25 21.1
432.21 3.5
437.15 2.9
438.11 5.3
444.43 4.3
447.34 50.3
448.31 59.1
449.09 2.8
450.40 3.2
453.20 2.1
455.44 1.5
456.05 1.1
457.20 3.5
460.11 2.5
461.24 4.9
465.20 1.6
466.02 5.6
468.94 6.6
469.86 7.4
471.25 5.7
473.25 3.4
476.93 2.0
481.73 7.1
482.62 8.2
490.37 4.3
494.19 3.2
498.49 2.6
499.47 2.3
501.42 1.5
505.38 7.2
510.22 3.6
511.43 1.7
514.02 10.9
515.29 2.0
516.22 2.5
518.49 1.1
520.99 1.1
522.20 7.8
523.19 3.9
524.46 4.9
526.42 8.6
527.52 1.6
529.29 1.9
534.24 3.6
538.43 2.5
540.15 27.3
541.30 14.8
542.25 6.8
544.32 30.6
545.37 9.6
547.43 5.6
551.42 24.2
552.38 5.1
553.95 6.8
559.22 46.0
560.28 12.9
561.24 20.2
562.55 1.1
563.32 4.5
566.64 2.1
572.14 6.1
573.07 3.3
573.92 3.8
576.43 56.1
577.42 72.2
578.34 5.9
580.96 7.2
581.90 2.4
584.46 1.0
587.09 16.4
589.87 5.3
590.48 8.2
591.51 6.3
596.21 1.7
597.26 1.5
602.80 1.8
604.92 2.2
605.53 5.8
606.33 6.0
607.12 6.5
609.21 7.7
612.14 8.4
615.25 4.6
617.24 3.9
619.08 4.0
620.29 1.2
623.94 9.6
624.56 3.9
627.21 12.9
628.30 1.2
629.31 5.8
630.21 1.3
631.33 2.3
635.97 12.2
636.63 1.1
637.70 16.0
638.44 2.5
639.82 24.0
642.46 3.0
643.55 2.6
644.22 2.2
645.50 13.8
646.26 8.3
646.96 28.5
648.09 27.0
649.19 3.9
651.24 13.3
651.86 1.9
653.27 3.6
654.15 11.6
655.29 20.4
656.50 4.0
657.41 7.2
661.67 15.9
662.65 11.7
664.49 113.0
665.44 43.2
666.21 4.7
667.62 2.6
669.83 9.9
671.22 23.0
672.35 20.9
673.39 8.9
674.37 6.6
676.36 8.0
677.42 2.4
679.53 13.6
684.17 3.5
685.30 3.1
689.26 129.4
690.31 143.5
691.44 43.3
692.80 2.4
694.30 6.2
694.90 5.4
696.02 8.7
696.91 10.7
697.75 14.8
698.87 6.8
700.39 3.4
702.30 49.5
703.16 29.5
704.04 8.4
707.63 1.7
708.45 8.1
709.73 14.7
711.19 104.3
711.97 27.1
714.56 4.8
715.46 1.6
716.60 2.5
718.86 27.1
719.83 29.8
720.62 3.8
723.34 1.4
725.43 4.7
728.00 1.3
731.47 3.7
732.08 8.9
734.18 2.6
736.25 2.4
737.02 2.2
738.06 4.1
740.26 17.7
744.04 1.8
745.58 6.3
747.13 1.1
748.79 2.7
750.30 7.5
751.26 9.7
752.71 12.7
753.71 16.6
756.15 4.3
757.28 13.7
758.39 29.5
759.02 5.8
761.61 55.7
762.34 31.9
763.12 2.3
763.95 4.0
765.71 31.6
766.60 125.3
767.59 20.2
768.27 4.2
768.94 1.6
770.56 4.5
771.62 10.5
773.55 4.5
775.75 15.0
790.34 4.0
805.73 1.9
822.41 1.9
828.17 3.4
832.11 4.0
834.80 3.1
835.60 1.4
838.68 11.4
846.01 4.2
850.09 5.4
851.50 1.3
856.60 1.1
858.40 5.1
860.49 22.4
861.59 28.2
863.46 5.4
869.52 14.5
875.56 3.4
878.44 349.0
879.44 121.8
880.28 3.6
880.95 1.7
886.48 9.6
887.69 4.9
892.56 11.1
893.37 1.2
895.67 7.2
901.01 2.3
903.31 7.6
904.47 22.4
905.73 4.0
906.67 2.5
911.53 1.4
922.52 1.5
928.43 1.2
930.21 1.1
933.45 6.9
946.70 1.1
951.19 5.5
963.81 5.7
968.49 4.8
973.40 10.2
974.65 15.3
975.48 7.8
980.85 5.6
981.72 9.9
982.65 2.0
990.15 3.4
991.60 286.4
992.57 89.4
993.45 14.6
994.72 4.7
1008.78 4.1
1012.19 5.0
1013.45 2.2
1016.60 2.2
1018.07 6.0
1018.68 4.3
1019.94 2.6
1021.52 1.0
1028.41 1.6
1035.47 2.1
1036.41 7.4
1055.07 5.2
1058.40 2.7
1063.44 13.7
1064.58 1.7
1081.52 3.4
1092.64 1.1
1102.65 27.4
1103.53 5.1
1104.83 1.4
1107.73 2.4
1113.39 3.3
1120.56 363.0
1121.53 112.7
1122.64 31.9
1130.83 11.5
1132.55 2.6
1133.47 13.9
1150.26 4.2
1153.60 1.2
1154.77 3.0
1159.57 10.0
1160.82 1.9
1161.72 1.1
1173.04 4.4
1173.74 1.6
1177.75 26.9
1178.65 13.6
1188.89 2.4
1192.68 1.9
1194.53 3.4
1204.47 6.5
1210.46 5.0
1222.71 5.2
1274.50 4.8
1275.31 1.0
1278.25 6.7
1282.49 3.4
1290.42 5.3
1291.60 35.8
1292.79 91.3
1293.69 20.9
1307.71 3.7
1308.87 6.7
1318.59 1.2
1323.55 2.0
1325.86 2.7
1348.52 4.0
1364.97 1.1
1385.61 2.0
1403.19 10.7
1403.88 6.2
1404.67 2.9
1412.79 2.0
1420.64 26.0
1421.66 95.4
1422.82 24.3
1437.73 1.7
