1124.597319999999 3
108.21 2.2
108.96 2.2
111.16 4.5
113.21 2.8
116.30 2.7
117.29 4.4
120.07 4.2
121.20 3.6
122.31 1.5
122.99 1.6
124.15 3.0
126.92 2.9
128.07 88.7
129.19 15.0
129.98 17.8
131.06 8.2
132.13 2.9
133.22 1.8
134.02 2.3
135.23 5.4
136.34 4.5
138.13 2.6
139.10 9.4
147.13 9.7
148.10 6.1
149.46 2.0
151.08 2.4
153.22 2.0
154.13 1.1
155.16 1.9
156.18 27.8
158.15 2.0
160.30 6.5
161.51 7.3
162.14 26.2
163.09 15.7
165.21 2.2
167.00 1.5
170.11 6.3
171.23 6.4
172.13 3.9
173.32 7.2
174.30 1.1
175.28 17.5
176.29 2.0
177.17 1.8
178.22 2.2
179.14 3.7
181.03 6.1
183.24 5.0
184.93 16.0
187.17 11.0
189.45 4.8
190.16 6.7
193.37 1.7
195.16 10.2
197.12 15.9
198.27 13.4
199.90 1.3
200.82 3.3
203.17 3.7
204.21 1.3
206.45 1.7
207.19 1.8
210.13 1.6
211.23 10.1
212.07 11.1
213.16 10.8
215.15 4.0
216.27 11.5
218.20 14.6
219.22 5.7
221.61 9.1
223.39 8.3
226.15 2.0
227.11 2.5
228.08 6.0
229.39 1.5
230.28 3.5
231.29 5.0
232.43 2.1
235.26 4.3
238.18 13.6
239.25 42.3
240.26 9.0
241.21 5.5
242.25 7.2
243.18 6.0
244.19 3.9
245.15 10.7
246.13 20.6
247.21 1.4
248.00 3.7
249.01 10.9
249.62 9.8
252.93 7.5
254.08 10.1
255.38 2.5
256.25 31.0
257.18 422.5
258.25 7.8
259.09 11.2
260.37 18.1
261.12 40.0
262.08 16.1
263.19 16.1
264.39 3.0
265.39 23.5
267.15 4.5
269.18 1.6
270.60 14.3
271.90 19.0
272.55 2.3
273.33 4.3
274.20 6.2
275.27 4.6
276.35 21.7
277.12 7.4
278.09 4.7
279.41 1.0
281.09 22.6
282.05 22.0
283.16 12.9
284.23 8.9
285.04 1.5
285.98 15.2
287.11 8.8
287.98 5.5
289.21 16.0
290.31 1.9
291.40 1.4
292.03 5.1
293.31 1.8
294.29 5.7
296.17 11.0
298.14 13.3
299.45 1.7
300.64 7.4
301.34 8.0
302.43 7.9
303.19 3.6
304.08 8.7
305.04 12.6
307.16 5.1
308.30 3.7
310.22 3.4
311.57 17.5
312.37 7.9
313.76 22.3
315.15 28.6
316.34 65.1
317.51 13.2
318.28 13.7
319.34 15.3
321.33 6.1
322.29 12.0
323.28 3.5
324.15 5.7
327.50 12.3
328.48 7.0
329.59 30.8
330.31 30.4
331.30 19.3
332.29 27.1
333.20 6.5
334.20 23.4
335.16 9.4
339.07 17.4
340.41 46.3
341.34 7.9
342.33 6.5
344.23 2.9
345.04 8.6
346.09 25.3
347.13 22.8
348.39 6.8
349.00 7.9
351.90 3.2
353.40 29.3
354.10 2.5
356.01 1.8
357.25 546.2
358.21 410.1
359.19 101.5
360.32 17.7
361.31 31.9
363.95 63.6
365.22 1.8
366.50 58.1
367.36 15.6
368.97 4.0
383.38 9.2
385.22 3.3
393.02 15.3
396.10 1.8
401.90 9.9
407.06 6.9
410.37 2.1
411.89 2.5
424.00 25.0
425.23 32.5
426.20 1.1
430.69 1.3
432.42 5.3
434.71 2.4
438.10 9.1
439.25 9.2
440.85 1.6
441.58 4.6
446.48 6.9
449.44 12.7
450.29 1.8
452.32 4.2
454.57 2.8
457.34 1.3
458.49 9.4
460.22 8.1
461.36 4.1
462.39 4.9
463.61 2.7
464.98 10.3
470.02 3.7
471.05 1.1
474.48 8.9
475.46 1.9
480.64 11.0
486.15 1.3
488.50 5.1
489.42 33.6
490.40 12.1
496.40 12.5
497.94 15.0
498.54 5.2
503.35 1.7
504.94 4.9
505.56 4.2
506.83 2.4
510.35 1.6
517.21 2.0
522.60 1.7
527.83 4.1
530.51 1.7
531.47 6.7
532.42 3.0
533.46 1.1
534.36 8.7
535.30 13.0
536.98 2.1
539.39 8.6
540.31 2.5
541.47 4.3
544.63 4.2
545.66 8.6
552.43 19.4
553.37 3.5
554.60 15.0
555.47 3.4
580.53 3.7
583.24 4.0
592.46 1.5
603.37 5.6
604.39 10.5
607.35 3.2
610.68 7.0
617.60 3.6
632.44 6.2
634.55 2.6
643.06 5.3
645.30 2.4
665.42 4.7
718.59 5.2
726.81 1.5
729.44 12.3
810.75 3.6
