1228.55889 2
172.30 2.2
175.15 5.9
178.13 2.6
182.06 3.0
186.09 1.4
194.19 2.7
204.12 2.1
206.02 2.6
209.26 3.1
211.13 4.5
221.09 2.8
225.18 2.0
228.13 2.9
230.24 6.1
231.24 2.2
232.13 4.5
233.20 3.7
234.04 3.3
238.09 1.5
240.90 1.2
244.19 4.7
252.19 2.9
253.26 2.4
255.18 3.7
256.03 1.6
259.12 4.6
267.13 6.6
267.93 2.3
269.20 7.8
271.31 3.1
272.33 1.9
273.46 4.8
274.26 2.2
279.27 3.5
281.88 3.1
282.79 3.7
284.14 1.4
286.22 3.3
289.33 2.6
290.18 2.2
291.34 2.6
292.29 6.2
298.20 1.2
301.57 1.7
302.20 5.7
304.15 2.6
305.44 2.5
306.22 1.6
312.57 3.6
313.41 2.7
318.08 2.0
319.41 3.5
321.13 6.9
323.34 2.4
325.24 5.6
326.95 2.2
329.34 1.7
336.41 4.7
337.12 10.3
338.35 4.1
341.37 4.5
342.30 6.5
343.33 2.2
345.40 4.8
347.11 1.6
349.11 2.8
351.11 1.2
353.22 1.3
355.37 2.8
356.13 4.7
357.10 24.9
358.01 15.2
359.18 15.4
360.18 3.2
365.25 8.4
367.45 1.2
369.35 2.0
370.09 2.4
372.78 1.6
375.18 2.6
377.37 7.8
378.21 8.9
380.93 9.7
383.93 4.5
385.04 5.9
386.25 3.5
387.46 18.5
389.89 2.1
391.67 3.6
393.29 8.7
394.06 4.3
395.23 9.6
396.09 1.2
398.86 4.5
404.34 14.6
405.33 3.7
406.25 6.4
412.52 2.7
413.53 11.9
415.21 2.2
416.25 13.0
417.57 1.5
418.99 1.1
420.23 2.1
421.36 2.9
422.21 4.1
424.41 3.1
425.22 4.5
427.09 4.3
428.08 1.4
429.53 2.0
430.30 4.7
431.30 4.5
432.80 6.5
436.54 4.4
437.37 7.3
438.10 13.0
438.87 8.3
441.38 17.7
442.34 4.0
443.39 3.5
444.76 8.0
445.38 8.3
446.19 10.2
447.62 1.5
448.54 5.7
450.38 2.5
451.30 1.7
452.24 2.3
453.19 3.3
454.35 7.5
456.19 10.1
457.08 2.7
458.26 3.4
460.39 1.8
463.07 14.3
464.26 1.8
465.38 8.0
466.32 1.0
467.38 1.0
468.32 1.7
469.25 10.6
471.30 4.2
472.29 3.4
474.41 9.7
475.29 2.6
476.30 3.0
477.10 2.3
478.32 5.9
479.51 4.3
480.49 3.2
481.17 1.3
482.36 1.3
483.71 15.8
484.54 2.9
486.38 5.2
489.28 1.6
490.38 7.6
492.20 13.3
493.36 5.3
494.33 4.2
495.22 6.4
496.34 4.2
498.41 5.0
499.47 30.0
500.35 12.6
501.31 39.4
502.11 2.4
504.48 5.9
505.50 1.2
506.35 13.9
507.13 1.8
509.18 8.0
510.42 7.6
511.90 14.8
513.20 9.9
513.82 2.4
514.44 9.6
516.38 1.3
518.24 3.8
518.92 1.0
520.53 3.7
522.83 22.6
523.73 16.4
524.76 10.4
526.18 30.2
527.18 7.5
529.28 6.8
530.23 8.3
532.82 22.9
533.52 7.2
535.09 2.0
536.89 4.7
539.41 9.3
540.25 16.5
542.02 118.4
542.93 12.0
544.26 22.0
545.22 5.0
546.30 7.0
547.39 20.3
548.08 3.7
549.99 38.5
550.88 16.3
554.02 41.4
555.38 38.2
556.40 4.3
557.31 6.7
559.35 2.8
560.41 7.7
562.13 66.1
562.95 3.4
564.54 6.3
566.18 13.7
567.84 8.8
569.07 16.6
570.41 22.0
571.25 5.0
571.92 12.9
573.01 3.3
574.72 57.5
575.68 28.8
576.45 4.8
577.12 8.7
578.35 20.4
579.03 15.7
579.65 16.1
580.26 8.2
581.26 4.4
583.64 57.1
584.40 91.3
585.21 18.7
586.31 2.5
587.92 33.1
588.80 13.3
589.85 3.7
590.59 10.9
591.82 30.7
593.01 64.7
594.58 4.0
596.77 360.5
597.49 313.6
598.33 17.7
600.71 9.8
602.56 16.3
605.80 244.4
606.71 42.1
616.76 1.6
624.14 3.5
631.58 8.5
632.28 1.6
637.29 1.5
638.33 5.5
639.58 6.6
640.51 1.6
643.01 10.1
647.59 4.3
650.28 5.8
654.30 9.9
655.33 7.1
656.36 6.6
657.40 5.1
658.40 16.9
667.15 11.9
671.40 2.8
679.29 2.9
684.43 3.2
685.37 5.5
686.66 3.0
688.24 3.8
690.70 11.4
691.42 1.2
697.06 4.5
700.57 4.2
710.45 3.3
711.50 1.2
714.52 2.3
716.30 2.7
717.64 2.0
718.73 15.4
719.64 10.5
721.62 1.7
727.10 10.3
728.12 7.7
729.23 7.0
735.56 3.7
737.71 5.8
744.73 2.5
747.48 6.0
748.65 18.7
749.44 8.8
754.59 1.1
756.40 17.1
757.98 16.8
759.03 3.1
763.51 1.7
764.96 4.5
765.75 6.7
767.27 7.7
771.56 1.6
773.24 22.3
781.10 6.7
783.88 1.8
785.64 10.4
786.48 6.2
792.82 3.3
793.81 3.7
796.15 3.8
797.95 5.2
800.15 4.1
801.54 6.0
806.03 1.4
807.67 10.5
808.88 11.7
812.52 2.2
813.75 3.9
815.30 4.1
816.48 1.0
820.89 6.0
824.11 78.2
824.77 5.2
835.44 5.2
842.95 4.9
844.34 1.4
845.64 1.8
848.66 3.1
850.54 3.6
851.42 1.2
852.56 2.6
855.68 2.3
862.43 2.3
865.58 3.7
872.22 4.1
883.37 9.3
885.35 1.9
888.52 2.3
889.54 4.4
896.07 6.1
899.64 2.9
901.45 2.0
902.98 3.3
909.63 4.8
914.67 2.3
915.62 1.2
920.54 4.0
921.77 3.9
930.21 6.1
931.21 3.1
938.54 5.8
943.35 3.7
947.66 2.3
949.61 8.5
950.50 8.8
956.81 9.2
963.15 1.8
967.72 2.7
970.60 3.3
971.33 2.0
975.57 3.8
981.93 2.8
982.67 3.9
985.82 1.6
991.56 2.1
1002.36 2.8
1020.63 1.6
1036.58 4.6
1038.42 1.3
1041.80 2.5
1043.11 6.1
1054.07 13.9
1054.86 4.5
1056.39 5.3
1064.74 10.1
1065.55 2.4
1066.62 6.3
1071.55 1.9
1082.54 4.8
1083.47 9.6
1084.53 5.2
1088.71 1.7
1095.34 3.1
1100.87 2.7
1172.84 3.5
1173.82 2.6
1174.57 1.1
1185.97 4.6
1190.60 10.5
1191.71 7.7
1194.58 2.0
1212.45 1.8
