811.58409 2
116.21 4.0
119.07 2.4
120.34 5.3
121.18 9.8
122.34 1.8
123.46 11.1
124.99 11.5
128.11 143.1
129.21 10.6
130.09 13.2
131.26 11.1
132.22 4.9
133.30 13.2
134.21 1.3
135.14 9.3
136.28 6.1
137.15 16.2
138.13 5.9
139.24 6.9
140.23 5.0
141.19 3.0
142.27 6.1
143.06 6.0
144.13 2.5
145.30 4.5
146.19 12.4
147.27 12.0
148.22 6.4
149.23 14.7
151.06 12.7
152.24 3.9
153.16 9.1
155.23 4.5
157.20 6.3
158.08 2.0
160.13 42.7
161.17 8.5
162.12 14.7
163.22 6.3
164.10 17.2
165.20 22.7
166.21 11.3
167.13 6.4
168.20 11.3
169.14 12.1
170.25 9.8
171.25 12.6
172.15 11.5
173.16 1.9
174.19 7.4
175.21 25.1
176.25 4.6
177.08 12.8
178.15 20.5
179.12 7.1
180.53 4.9
181.29 12.9
182.21 6.9
183.19 9.3
185.04 44.5
186.17 29.8
187.27 17.9
189.19 27.7
190.01 3.1
191.20 13.6
192.17 16.2
193.19 15.2
194.22 14.7
195.90 16.8
197.49 7.6
198.16 18.6
199.13 42.5
200.22 15.7
201.26 12.6
202.17 23.7
203.32 22.1
204.11 8.7
205.14 8.1
206.25 6.6
207.22 21.4
208.20 19.2
209.23 20.7
210.21 5.5
211.09 20.2
212.32 9.6
213.29 9.1
214.26 5.3
215.03 3.7
216.08 2.2
217.08 16.5
218.17 16.0
219.23 13.0
220.29 25.0
221.22 11.3
222.22 24.9
223.27 23.5
224.16 16.0
225.35 21.8
226.21 5.9
227.24 41.1
228.19 31.3
229.20 41.9
230.22 16.3
231.16 28.4
232.11 4.6
233.18 14.0
234.34 5.8
235.39 30.8
236.20 7.6
237.25 18.2
238.02 9.5
239.33 9.8
240.39 10.5
241.21 6.1
242.40 19.8
243.22 30.5
244.23 33.5
245.15 748.1
246.16 1425.1
247.25 170.5
248.27 13.3
249.29 13.0
250.31 22.3
251.26 26.5
252.06 8.4
253.22 13.9
254.42 6.9
255.24 8.4
256.25 43.0
257.43 17.6
258.23 14.9
259.21 29.3
260.23 21.5
261.19 25.8
262.16 48.7
263.18 57.9
264.03 104.2
265.16 927.2
266.25 19.7
267.29 10.3
268.35 5.7
269.27 17.9
270.19 30.3
271.17 29.7
272.25 9.3
273.29 37.2
274.32 55.3
275.34 28.2
276.25 31.9
277.13 56.1
278.25 28.1
279.44 23.7
280.26 21.4
281.26 43.9
282.32 38.2
283.01 50.5
284.11 11.4
285.26 37.2
286.29 20.4
287.18 18.3
288.17 15.5
289.23 31.9
290.22 42.5
291.11 38.9
292.18 115.7
293.21 69.8
294.21 30.5
295.17 25.6
296.33 15.9
297.33 1.9
298.33 4.8
299.18 9.0
300.37 8.7
301.29 12.9
302.25 36.2
303.30 29.7
304.43 17.0
305.28 58.8
306.23 73.7
307.20 50.5
308.16 23.4
309.31 46.0
310.48 9.0
311.21 26.6
312.11 50.8
313.23 46.5
314.33 24.9
315.17 6.5
316.27 6.3
317.31 22.6
318.41 41.1
319.34 40.6
320.37 23.2
321.17 46.7
322.30 23.0
323.33 27.6
324.28 67.6
326.17 876.6
327.24 13.8
328.31 16.5
329.17 34.5
330.27 22.0
331.57 20.0
332.29 22.5
333.21 25.8
334.30 36.9
335.22 40.3
336.32 35.1
337.27 15.9
338.18 6.2
339.16 2.5
340.23 14.8
341.18 9.0
342.27 43.7
343.32 91.3
344.43 26.6
345.31 35.1
346.19 57.0
347.23 75.0
348.16 30.6
349.14 89.0
350.24 136.8
351.36 23.8
352.30 18.5
353.27 25.4
354.11 2.1
355.21 6.8
356.44 6.2
357.58 7.4
358.21 38.6
359.14 7.3
360.30 100.2
361.33 29.6
362.29 110.3
363.22 73.1
364.33 54.2
365.34 14.0
366.22 6.1
367.77 6.3
368.39 9.2
369.56 9.6
370.31 108.4
371.22 138.5
372.41 29.2
373.51 28.8
374.36 19.3
375.29 10.1
376.29 24.0
377.14 39.9
378.22 92.0
379.31 20.9
380.59 11.2
383.86 4.1
386.19 14.2
388.23 1198.5
389.19 869.7
390.30 48.0
391.33 13.8
392.01 1.4
396.97 133.7
398.01 28.0
405.94 19.5
407.25 7.6
418.75 1.1
423.63 4.7
444.86 2.1
453.28 2.6
459.94 2.4
469.40 3.0
494.30 8.5
503.90 5.5
524.28 2.3
525.56 1.5
536.24 2.9
539.19 1.1
543.98 3.8
545.42 2.4
549.56 1.2
550.88 4.5
570.50 2.1
571.48 1.1
590.37 7.8
597.59 1.9
602.75 4.3
607.61 2.9
608.73 2.9
625.14 18.3
626.44 74.3
627.30 11.4
628.52 3.8
635.38 2.9
636.23 6.1
637.92 2.7
651.04 3.4
652.56 10.6
665.59 2.7
679.73 1.6
681.56 4.7
684.53 6.9
696.19 3.4
697.31 6.6
698.49 1.7
730.23 2.6
776.54 2.0
780.05 1.1
789.76 5.4
