867.43193 2
128.01 2.9
129.40 4.2
130.97 2.9
136.45 4.5
138.20 2.0
141.24 1.5
157.21 14.3
158.26 3.0
159.06 4.1
167.15 2.5
169.09 2.7
169.92 2.7
171.23 1.9
174.49 3.6
175.20 23.3
176.06 1.9
179.18 2.2
184.24 1.9
186.23 2.6
187.17 2.1
190.23 1.8
196.19 1.1
197.26 3.0
205.24 1.5
206.49 1.6
208.99 5.3
210.96 17.8
212.10 1.7
213.07 1.2
214.11 3.2
221.28 3.3
232.12 3.7
233.44 2.0
238.19 7.4
239.07 1.9
241.93 4.2
246.21 1.4
252.14 1.7
256.20 14.6
258.44 4.0
262.30 6.2
266.49 2.4
267.18 6.6
272.34 3.7
273.99 3.8
286.99 1.1
288.13 13.0
294.16 3.5
296.37 3.4
297.86 1.4
298.86 1.7
300.11 11.2
304.64 3.2
307.07 18.5
310.35 4.3
312.37 1.6
313.09 2.3
319.31 1.0
320.16 29.8
321.10 25.6
322.93 34.8
323.92 9.6
324.89 6.5
326.03 1.6
327.82 3.2
331.73 8.8
335.37 11.8
337.95 9.6
340.16 18.1
340.97 84.4
342.22 34.2
343.18 10.8
344.12 5.7
345.24 19.9
346.19 20.2
347.46 3.8
349.42 19.0
351.85 16.7
355.14 1.9
356.27 2.8
358.93 7.4
361.34 14.1
363.48 2.1
364.43 12.3
369.85 1.4
371.10 2.6
373.40 26.0
375.40 11.9
376.47 13.7
377.46 10.1
378.18 5.4
379.13 7.9
380.51 5.3
381.44 27.8
382.37 18.0
385.98 15.5
386.68 1.0
387.53 3.6
388.55 9.6
390.59 30.0
391.36 11.2
392.83 17.1
394.05 12.1
395.32 17.2
397.36 55.7
399.11 25.1
400.17 5.0
401.78 13.9
403.03 26.3
403.92 52.4
404.71 16.8
406.42 2.1
407.25 4.2
408.31 19.4
410.48 96.3
411.35 38.8
412.26 249.3
412.96 58.7
416.11 67.2
416.78 33.7
417.89 23.8
419.44 686.4
420.37 15.8
421.01 5.3
421.62 19.1
422.42 14.7
423.38 9.9
425.49 463.4
426.41 36.5
442.55 1.9
443.45 1.8
451.33 9.6
452.57 7.7
463.34 7.7
465.14 2.7
469.30 3.3
471.23 2.1
474.58 1.1
478.10 3.9
480.47 2.4
482.82 7.3
489.33 10.2
490.55 2.7
492.55 3.6
494.12 12.2
501.01 2.5
503.36 2.4
506.36 5.1
507.53 21.0
511.35 1.7
512.29 6.5
519.40 3.9
520.05 8.2
520.81 2.9
527.35 1.6
528.08 2.9
528.88 7.1
536.33 4.0
537.48 6.1
548.63 19.9
552.49 22.8
553.44 3.5
556.53 6.3
564.01 9.7
564.69 1.3
567.52 1.6
572.31 2.8
575.61 1.6
576.51 1.1
578.37 4.0
579.91 8.8
581.03 5.2
583.48 1.0
589.46 7.0
590.31 2.3
594.77 12.8
595.54 27.4
596.37 4.6
598.44 1.8
603.62 3.2
605.93 15.6
607.12 8.8
609.07 2.4
612.28 1.1
615.06 5.2
622.49 4.9
623.33 52.1
624.36 7.1
628.75 5.6
631.47 1.3
633.63 5.2
642.24 6.6
645.58 6.7
647.27 5.5
649.41 7.4
650.87 3.5
651.48 3.2
653.69 1.7
656.12 2.3
657.31 2.2
661.26 3.6
663.29 7.6
665.40 35.9
666.45 59.0
667.37 6.5
671.37 8.0
673.51 4.3
675.06 7.0
676.64 2.6
681.22 5.9
682.13 7.7
684.36 1.8
692.41 1.0
693.40 50.2
694.16 4.4
696.23 1.2
703.43 3.7
706.57 1.5
708.49 14.0
710.81 53.7
711.54 63.8
712.58 22.7
720.44 14.2
721.39 2.3
722.62 5.2
723.72 3.3
724.43 3.5
734.41 1.1
736.55 6.2
741.51 1.7
753.35 5.4
763.39 4.9
767.30 4.4
778.60 1.8
779.69 7.9
798.26 3.4
801.49 2.0
807.12 2.2
809.66 2.5
815.58 13.6
816.59 5.8
827.64 13.8
828.59 1.1
829.56 2.1
830.48 2.2
845.33 96.2
846.42 23.0
847.53 4.7
