1472.71863 3
141.02 6.4
143.00 2.0
147.22 3.2
149.07 2.3
151.16 2.6
154.55 13.5
155.19 1.2
156.20 3.5
157.22 1.7
158.22 10.1
159.24 7.3
160.35 2.6
161.12 6.0
162.08 5.6
164.37 5.5
167.15 9.1
168.14 2.7
169.12 1.4
171.17 1.9
173.25 14.0
174.27 1.2
175.16 16.0
175.99 9.7
178.15 134.6
179.07 13.9
180.22 1.1
181.04 3.4
182.23 2.8
183.21 4.9
184.29 2.0
185.29 3.7
186.20 4.0
187.08 7.7
190.91 4.8
192.49 6.1
194.11 24.3
195.12 4.1
196.07 21.1
197.17 8.1
200.31 1.1
201.16 6.7
202.93 10.8
203.93 9.2
205.96 3.6
207.16 2.2
207.98 1.5
210.13 92.2
211.12 5.1
212.19 16.1
213.10 7.8
215.13 9.9
216.26 8.7
217.29 1.2
218.14 1.5
219.05 7.6
223.03 4.1
224.24 1.9
225.34 4.9
226.30 3.0
227.22 3.2
228.10 11.8
231.81 8.8
234.11 7.0
235.00 6.5
237.40 3.8
238.14 5.0
239.11 3.9
240.30 3.3
241.17 2.6
242.18 3.8
243.17 4.4
244.60 4.8
245.32 1.5
246.44 2.6
247.34 6.5
247.97 4.0
249.37 1.7
250.27 6.2
251.09 15.8
252.15 2.8
253.15 41.9
254.18 8.3
255.18 4.9
256.15 4.7
257.20 3.5
258.36 5.0
259.69 10.2
261.23 4.8
262.17 7.3
263.23 12.9
264.16 10.0
265.12 3.1
266.14 14.2
266.85 2.1
269.35 6.1
270.28 26.5
271.54 2.7
272.30 10.4
273.23 12.5
275.43 8.8
276.28 10.2
277.24 2.2
278.12 27.3
279.17 22.6
280.14 33.7
280.91 3.7
282.28 3.5
283.50 5.7
284.22 6.7
288.12 6.5
289.19 5.2
290.17 5.2
291.26 3.5
292.44 1.0
294.33 68.9
296.04 117.9
297.13 7.0
298.14 5.1
299.30 5.6
300.06 1.3
301.38 4.5
302.10 9.4
303.17 10.2
304.25 11.1
306.63 11.2
307.87 39.9
308.87 6.8
310.22 3.0
311.42 18.6
312.14 67.1
313.13 18.8
314.25 8.0
315.46 2.5
316.32 1.6
317.20 5.6
318.11 5.6
319.32 3.1
320.58 25.4
321.26 14.5
322.32 8.2
324.28 11.1
326.16 7.7
327.69 12.6
328.68 21.2
329.59 92.9
330.33 33.0
331.25 7.0
332.27 6.6
333.15 24.0
333.83 12.4
334.74 7.6
335.56 3.1
336.32 5.9
337.96 79.2
339.03 2.6
340.23 1.9
341.52 43.5
342.34 16.7
343.32 8.6
344.25 4.5
345.30 4.6
346.62 13.8
347.46 4.6
348.37 5.3
349.48 6.7
350.71 156.3
351.34 57.1
352.11 12.3
353.51 8.9
354.64 11.6
355.65 7.0
356.37 7.1
357.12 8.9
358.56 27.0
359.80 265.2
361.04 17.2
361.98 16.6
363.39 10.4
364.67 15.4
365.54 5.0
366.27 2.3
368.33 1.2
369.52 13.9
370.12 32.6
371.14 44.0
372.36 17.6
373.40 1.1
375.04 11.5
376.42 35.2
377.27 25.2
377.93 12.2
379.18 38.8
380.24 6.5
381.20 9.7
382.23 11.4
383.33 18.5
384.50 10.4
385.39 44.0
386.32 10.1
387.25 10.8
388.59 19.4
389.41 10.6
390.36 22.3
391.32 6.3
392.10 6.8
393.28 52.4
394.10 26.2
397.34 25.3
398.14 3.3
399.31 24.9
400.30 24.6
401.23 19.3
402.26 50.3
403.11 93.9
404.16 19.6
406.17 36.4
407.16 35.9
408.13 3.8
409.38 23.6
410.03 4.7
411.29 18.1
412.26 33.0
413.26 12.9
414.24 4.8
415.26 153.3
415.97 48.2
417.23 19.0
418.28 26.3
419.26 15.7
420.28 1.7
421.42 34.8
422.49 5.4
423.38 5.2
424.40 25.4
425.52 26.0
426.37 4.6
427.49 37.3
428.33 7.3
429.23 16.3
430.20 5.2
431.22 60.8
432.34 63.9
433.38 40.0
434.11 39.0
434.94 14.5
436.33 11.8
437.32 24.6
439.45 54.2
440.28 11.8
441.40 39.9
442.39 31.6
443.16 85.3
444.50 18.5
445.21 35.2
446.02 30.9
447.02 11.5
448.42 14.3
449.56 14.9
450.94 141.9
451.73 55.7
452.91 9.4
453.72 19.0
454.47 55.2
455.31 110.9
456.34 65.1
457.07 188.1
457.82 26.0
459.32 110.6
460.11 34.3
461.36 48.4
462.19 22.5
463.50 52.3
464.28 25.4
465.56 299.2
466.28 161.8
468.00 7.1
469.16 24.6
470.08 23.0
471.14 515.9
471.83 1577.1
473.17 775.9
474.13 421.7
474.79 41.1
475.40 48.8
477.24 1480.1
479.80 862.3
480.54 285.1
481.41 196.8
482.55 208.2
483.68 17.9
484.43 11.4
489.40 2.5
491.84 1.5
497.34 6.3
499.14 3.5
502.60 9.2
505.51 1.2
506.42 2.9
507.77 1.4
509.46 23.9
511.06 7.7
512.40 117.9
513.36 29.7
514.74 12.8
515.95 9.1
517.79 35.8
518.74 17.4
521.29 6.3
523.11 3.2
524.46 6.3
525.50 10.2
527.02 47.2
528.22 26.0
529.53 74.0
530.59 25.8
531.46 1.9
532.57 10.0
533.58 9.6
534.36 2.8
536.87 26.0
537.79 25.7
540.75 7.1
543.08 9.1
546.23 15.7
546.92 6.1
549.47 11.6
550.25 10.1
551.16 23.1
552.63 4.5
554.11 4.1
555.87 15.4
556.71 5.1
559.27 10.3
561.40 2.8
562.82 3.5
565.36 4.3
567.52 12.2
568.55 2.5
569.61 5.2
571.32 7.2
572.40 17.1
573.03 13.5
574.17 6.2
577.61 3.1
579.41 11.8
580.15 14.0
581.36 7.4
583.38 5.4
585.12 24.1
587.45 3.5
588.97 6.0
591.39 2.4
592.55 2.2
593.53 35.0
594.39 21.3
595.67 2.2
596.41 7.6
598.42 15.1
599.39 7.6
600.11 5.7
601.39 6.3
602.45 55.7
603.61 11.4
605.30 12.7
606.54 10.4
607.27 17.7
608.74 2.4
609.53 8.4
612.91 10.0
613.89 22.3
614.53 25.4
616.54 8.0
619.53 36.5
620.72 36.6
621.88 13.6
622.76 1.9
623.92 7.6
626.42 94.6
627.49 75.8
628.38 37.1
629.31 9.5
629.94 1.8
632.48 7.2
635.87 13.9
636.89 35.0
637.71 1.1
640.62 6.5
641.49 18.1
642.56 27.6
644.48 1.5
646.22 2.2
649.67 34.8
650.27 59.2
651.23 16.1
652.27 6.4
654.54 6.0
657.35 7.5
658.95 49.3
659.72 4.0
660.48 1.2
661.49 1.7
662.57 10.9
664.30 9.2
666.56 3.4
667.36 7.2
669.19 3.8
672.08 20.3
675.89 3.2
676.72 15.1
678.01 5.1
679.49 2.8
680.38 3.9
681.62 7.9
683.53 2.0
685.93 27.3
691.51 1.0
692.56 1.4
694.56 2.5
695.43 3.7
696.25 6.7
697.63 3.0
698.56 1.6
699.33 4.6
700.84 4.5
704.62 7.9
709.38 3.7
710.92 1.5
711.53 6.7
712.22 6.3
713.37 3.6
719.61 7.0
720.23 2.6
721.20 1.4
723.10 1.9
725.64 1.4
726.76 15.2
727.58 34.1
728.54 8.8
733.34 2.2
734.08 1.9
735.43 11.0
736.49 3.0
737.55 7.1
738.44 23.6
741.41 2.4
742.47 3.8
745.57 1.8
746.41 1.3
749.47 1.5
752.19 2.8
755.42 152.7
756.51 43.9
757.46 3.3
764.47 3.5
768.21 5.3
769.63 2.2
772.76 7.4
776.74 3.2
779.67 3.6
781.59 44.6
782.22 8.1
784.67 3.6
789.07 3.3
791.52 3.1
792.27 2.5
794.73 4.8
798.14 5.1
805.28 3.4
807.73 2.6
808.41 1.1
817.43 2.6
819.68 2.5
831.72 1.0
835.71 3.0
840.66 7.1
841.63 3.8
842.55 3.1
850.84 3.0
852.84 2.6
860.04 1.8
861.21 1.9
862.63 1.4
868.46 12.7
878.70 3.7
906.34 7.6
924.19 5.4
943.40 4.3
960.59 3.0
1014.58 2.9
