1412.66655 2
214.60 10.0
215.39 17.6
220.30 1.9
221.14 1.1
228.23 2.7
232.25 403.4
233.10 25.7
233.75 1.7
235.05 1.0
236.03 1.5
238.22 2.3
240.27 2.5
242.97 3.8
248.30 1.3
250.18 1.1
251.79 1.1
253.10 9.6
254.28 3.0
255.25 3.5
265.01 8.3
266.12 3.6
269.19 1.1
273.01 1.5
278.13 3.0
281.01 5.1
283.10 7.4
284.13 11.5
285.25 4.1
286.15 2.6
287.67 5.3
289.96 4.8
291.09 2.1
293.30 3.4
294.06 6.9
297.15 3.1
299.90 7.8
301.47 1.5
302.11 3.5
304.25 4.1
305.35 16.1
307.99 4.5
309.19 1.5
311.36 15.2
312.19 7.2
314.23 16.5
319.59 2.2
323.13 7.6
326.25 3.7
327.00 4.6
328.36 4.4
329.38 9.3
332.15 5.7
333.33 4.7
334.27 8.1
337.36 6.2
338.16 1.1
339.26 1.5
343.07 8.4
344.34 6.3
347.13 2.3
348.23 4.7
351.36 3.1
352.30 8.2
356.50 2.3
358.01 2.4
360.30 1.8
361.36 12.0
363.11 1.2
364.32 3.3
366.32 1.9
369.42 14.0
372.24 1.5
373.24 6.8
380.36 12.4
381.50 4.1
383.10 6.1
384.39 6.5
387.31 2.9
389.21 1.1
392.12 7.9
393.37 5.3
394.57 2.4
395.50 2.3
396.31 7.9
403.90 4.7
405.34 2.0
406.38 6.2
408.03 5.5
409.17 1.2
410.72 2.4
412.22 1.8
413.19 3.3
414.38 1.7
416.14 3.1
417.47 1.8
418.21 5.4
421.36 2.7
423.42 5.3
424.19 9.0
424.80 3.4
426.25 6.3
427.38 1.4
428.32 3.4
430.46 4.0
431.35 3.9
434.34 15.0
435.32 8.5
437.93 7.0
439.38 13.8
440.31 6.5
441.20 6.7
442.19 5.0
443.19 13.2
444.33 29.0
445.29 11.2
447.41 2.7
448.15 1.3
449.95 1.0
452.38 36.2
453.87 4.0
457.32 2.1
459.27 2.7
462.26 345.7
463.20 278.0
464.21 64.8
465.28 1.7
466.38 14.1
467.28 19.9
468.62 10.3
469.47 2.9
472.43 2.1
473.52 5.1
476.47 2.9
478.41 29.7
479.26 10.4
480.24 116.1
481.34 24.7
482.10 2.5
483.32 9.7
484.10 3.7
487.45 2.5
491.30 1.3
493.10 2.2
494.16 10.1
495.02 24.6
495.84 10.0
496.49 1.3
497.25 7.9
499.06 2.3
499.80 3.0
504.19 2.1
506.03 9.6
506.80 9.0
511.45 2.1
512.39 10.9
516.50 5.2
521.31 6.0
522.29 2.4
523.35 9.2
524.30 1.2
527.19 3.3
528.35 4.3
529.05 15.5
530.03 1.2
534.00 9.8
534.88 7.5
535.55 2.6
536.29 4.7
537.37 3.4
538.50 2.8
539.22 1.9
541.27 15.6
541.92 3.6
542.90 24.1
543.62 7.6
545.20 21.4
546.37 5.3
547.36 1.8
551.32 14.9
552.31 3.5
553.56 8.1
554.36 2.2
555.49 5.9
556.31 3.7
559.46 6.3
560.31 9.4
561.10 2.0
561.94 2.6
562.64 3.5
563.54 2.2
565.48 9.2
567.59 3.4
568.34 3.9
569.95 6.6
571.19 18.8
572.14 2.0
573.70 16.7
574.39 10.5
575.53 5.2
576.65 3.2
577.48 7.8
578.41 1.2
579.67 6.4
580.38 14.5
581.33 63.6
582.38 19.0
586.23 2.0
587.41 4.5
588.31 2.9
590.78 40.3
591.66 18.1
592.95 139.3
593.99 5.4
594.93 2.5
596.32 44.0
597.13 10.2
598.21 13.7
599.47 101.9
601.35 2.3
602.01 15.0
603.38 18.0
604.91 10.8
605.74 6.1
606.47 5.0
608.35 1.4
609.94 4.8
611.15 24.0
612.53 6.1
613.31 15.9
615.20 28.2
615.89 5.9
617.60 9.9
618.75 3.5
619.81 18.1
620.52 6.5
621.31 13.7
622.49 1.8
623.57 9.7
624.32 17.7
625.23 10.3
626.36 8.6
627.44 1.3
628.59 9.5
631.28 9.2
631.89 5.0
633.90 106.4
634.60 64.3
637.53 5.1
638.42 2.9
639.94 4.4
641.50 5.4
642.24 3.8
642.90 41.8
643.70 5.9
644.82 7.5
645.45 4.4
647.00 27.5
648.07 4.2
649.25 2.9
650.08 6.1
652.68 5.5
653.47 5.8
654.07 6.0
654.91 3.9
657.73 11.3
658.40 29.6
659.40 9.8
660.26 2.7
661.68 19.0
662.39 18.3
663.43 14.0
665.50 18.3
667.18 238.7
667.89 132.1
668.49 71.3
670.07 12.6
671.55 15.6
672.51 21.5
674.35 55.3
675.74 151.8
676.48 260.8
677.38 13.3
678.14 10.3
680.15 120.3
681.00 31.3
683.15 168.8
684.71 83.3
685.38 78.8
689.16 1875.4
689.98 436.0
690.81 4.0
691.52 25.6
692.50 7.5
693.53 5.9
694.57 15.8
695.66 9.6
698.21 3751.8
699.00 349.6
699.96 2.0
717.57 1.8
719.31 6.2
723.42 10.8
724.53 3.3
727.41 3.0
728.21 4.4
731.16 1.6
733.35 3.7
734.36 12.8
735.03 2.8
737.07 18.5
737.77 3.7
738.53 9.6
739.43 2.9
746.62 4.6
748.49 5.2
749.48 1.4
751.50 2.9
752.48 4.9
753.34 7.6
755.77 3.9
762.66 2.7
764.41 3.6
765.64 2.7
772.32 2.9
774.85 8.6
775.80 18.3
776.58 18.9
777.48 1.3
779.45 3.0
780.35 10.4
781.23 13.5
783.48 2.9
792.46 3.1
794.45 11.7
797.61 9.7
799.52 18.7
800.43 20.4
804.42 8.9
805.64 19.3
806.37 20.8
814.74 9.9
815.54 19.2
816.80 3.4
817.86 10.4
818.64 3.0
822.54 11.7
823.54 16.4
824.49 15.2
825.21 2.2
826.47 10.6
827.18 1.7
831.27 4.7
838.04 6.5
842.39 8.0
844.33 33.4
845.47 4.7
848.71 3.7
849.64 6.9
850.69 5.0
853.30 8.0
859.29 1.8
862.45 31.6
863.44 3.2
865.57 6.8
866.82 6.7
867.53 39.4
868.36 17.8
873.53 3.8
874.35 3.7
877.46 2.7
879.39 4.1
884.73 3.0
885.41 5.4
887.27 3.2
889.50 7.9
890.32 9.8
895.39 25.1
898.55 1.2
901.37 5.2
902.63 1.6
906.06 6.2
906.71 11.1
910.42 2.2
912.31 9.5
914.20 2.6
914.81 1.2
915.58 14.5
916.41 11.9
917.80 2.8
919.73 3.2
920.91 2.6
921.67 5.6
922.76 3.2
923.49 10.6
924.49 4.3
928.43 1.7
929.65 6.5
933.55 566.8
934.51 313.7
935.54 49.4
938.38 34.0
939.57 25.4
941.76 2.2
942.51 1.7
948.00 2.3
951.51 145.9
952.53 65.4
953.43 19.2
955.59 3.3
956.50 2.8
958.48 2.0
966.44 6.2
970.43 2.0
971.62 7.5
972.50 1.5
975.58 1.3
976.47 3.3
977.94 1.7
978.71 5.9
979.96 11.1
980.80 2.6
987.30 1.0
990.74 4.9
991.52 2.8
992.37 2.2
996.40 3.7
999.49 3.6
1000.95 3.0
1006.57 5.7
1007.54 20.0
1008.50 11.4
1013.41 3.1
1016.43 13.0
1017.46 11.0
1018.43 17.1
1023.45 3.2
1024.52 9.2
1025.64 9.1
1026.66 5.0
1029.63 9.2
1031.35 2.4
1033.60 9.5
1034.63 28.2
1035.68 17.5
1036.50 8.2
1041.55 5.3
1042.46 9.5
1045.86 8.2
1049.64 3.1
1051.53 4.7
1052.69 2.4
1055.62 2.0
1057.78 3.9
1063.44 1.7
1066.56 3.4
1067.56 18.9
1070.79 2.8
1073.50 2.2
1075.59 2.3
1076.92 2.9
1081.92 4.0
1083.54 3.6
1084.53 1.4
1085.40 3.3
1088.48 2.7
1091.64 4.9
1092.87 6.4
1094.43 1.1
1096.83 2.2
1101.73 7.0
1102.57 5.9
1104.82 1.7
1106.75 2.6
1110.23 3.2
1119.45 14.7
1120.54 26.6
1121.50 9.3
1133.95 7.6
1134.69 3.2
1135.42 11.9
1136.50 40.8
1137.57 59.6
1138.54 5.7
1145.63 27.9
1146.61 23.4
1147.71 15.2
1152.49 3.1
1153.57 32.5
1154.30 1.5
1159.38 1.9
1163.57 224.9
1164.57 665.4
1165.56 235.0
1167.43 1.8
1171.66 3.0
1176.48 3.0
1181.56 150.0
1182.55 65.8
1183.16 3.2
1183.82 9.1
1185.71 5.2
1193.58 4.3
1194.51 8.6
1195.72 6.2
1196.60 6.0
1197.63 3.8
1198.69 3.5
1202.60 2.4
1204.30 4.1
1207.58 3.1
1209.74 6.0
1210.84 3.1
1211.80 2.1
1220.52 33.2
1221.60 63.6
1222.50 15.5
1224.46 1.6
1225.36 1.7
1228.31 1.7
1229.18 2.8
1230.22 3.1
1238.52 76.0
1239.59 59.9
1240.63 47.3
1249.25 1.9
1250.65 7.7
1255.27 5.5
1256.61 14.2
1266.71 4.5
1267.90 10.1
1283.61 3.3
1296.70 3.0
1373.90 1.5
