2249.0562 2
316.39 5.1
320.18 3.2
325.32 2.9
326.43 3.0
327.27 1.5
330.38 8.9
335.93 3.8
340.46 1.9
341.34 8.3
342.49 3.1
343.31 1.8
345.10 7.1
347.13 19.4
348.17 14.7
349.38 3.7
350.19 1.7
353.40 5.2
356.21 3.9
357.20 8.1
358.06 3.4
359.36 22.3
362.31 7.0
363.43 10.6
364.35 17.8
365.22 13.7
366.20 7.6
367.49 10.5
369.07 3.6
370.43 3.2
371.35 3.4
373.02 22.4
375.65 2.3
377.44 7.4
378.29 3.8
379.36 3.0
380.45 8.2
381.14 3.1
382.77 7.0
383.43 26.2
384.60 2.8
385.32 3.6
386.33 26.3
387.33 22.2
388.18 8.4
389.41 4.0
391.33 12.4
392.35 16.6
393.41 8.8
395.14 1.5
396.34 3.5
397.38 3.2
398.21 8.1
399.27 8.8
400.50 23.1
401.44 20.7
402.31 4.1
403.43 66.5
404.33 30.1
405.48 1.5
406.19 2.0
407.98 9.5
409.40 25.9
410.40 28.5
411.31 25.2
412.60 4.1
413.30 8.9
414.48 2.1
417.37 88.1
418.26 29.2
419.29 18.3
420.37 10.6
421.41 23.1
422.32 17.2
423.22 7.3
424.22 23.4
425.19 8.9
426.37 2.9
427.44 1.6
428.36 6.2
430.13 47.5
431.33 10.5
432.23 2.8
433.01 4.1
434.11 2.5
435.37 12.1
436.35 8.0
437.33 70.2
438.31 23.6
439.35 18.9
440.33 5.8
441.23 17.1
444.44 14.2
445.97 36.7
447.40 4.8
448.14 9.2
449.33 8.6
450.41 6.4
451.24 18.2
452.25 19.3
453.29 5.0
454.48 24.2
455.15 10.0
456.18 3.8
458.50 5.7
459.39 17.7
460.41 1.5
461.40 2.5
463.43 27.9
464.41 9.2
465.63 3.0
466.25 2.2
467.28 13.1
468.38 4.0
469.28 4.0
470.26 8.8
471.37 14.7
472.18 3.3
473.43 11.1
474.13 11.9
475.51 3.7
476.47 12.4
477.39 12.1
478.30 17.4
480.33 62.2
481.38 13.9
482.32 9.5
483.11 9.1
484.07 4.3
485.32 25.7
486.43 37.9
487.42 13.2
488.27 8.7
489.29 4.2
490.49 9.9
491.14 1.8
492.56 7.8
493.33 5.8
494.23 2.9
495.41 6.0
496.27 5.0
497.51 8.8
498.24 13.0
499.37 19.3
500.28 36.6
501.43 3.8
502.39 82.8
503.28 11.4
504.11 6.6
505.32 14.1
506.32 34.5
507.53 12.5
508.31 13.8
509.17 4.0
510.38 13.2
512.18 33.7
513.20 15.3
514.41 16.7
515.46 11.0
516.38 40.9
517.40 28.9
518.43 16.9
521.63 2.1
522.39 2.2
523.33 12.3
524.54 7.0
525.39 30.3
527.34 16.1
528.29 10.0
529.30 25.7
530.29 53.3
530.94 3.9
531.57 31.5
532.43 30.6
533.30 41.5
534.31 127.8
535.45 73.5
536.27 7.1
537.21 2.8
538.59 13.5
539.53 19.4
540.54 19.4
541.25 2.8
542.77 16.8
543.56 4.1
544.40 6.1
545.31 13.8
546.30 19.1
547.26 6.4
548.28 17.3
549.36 8.7
550.46 20.8
551.39 174.0
552.41 72.2
553.49 20.6
555.23 21.9
557.24 413.3
558.40 54.4
559.58 9.2
561.09 10.1
562.46 16.1
563.29 2.0
566.60 10.8
567.40 5.8
568.27 11.9
569.49 29.5
570.41 19.5
571.33 7.5
572.25 12.9
573.34 99.3
574.32 72.1
575.37 20.3
576.39 6.2
577.32 25.6
578.33 4.0
579.31 39.9
579.97 3.5
580.57 22.1
581.34 27.2
582.39 3.8
583.44 34.6
584.39 21.6
585.44 6.5
586.38 6.3
587.39 5.0
588.42 2.2
589.41 11.0
591.28 36.5
592.32 36.5
593.36 14.9
594.07 2.0
595.94 14.5
596.62 4.0
597.55 10.8
599.18 10.6
601.58 17.8
602.44 9.1
603.67 3.5
605.49 20.0
606.39 5.3
607.27 10.2
607.92 4.1
609.34 17.2
610.41 14.0
611.48 12.0
612.27 3.4
614.26 24.3
615.54 23.5
616.39 22.2
617.47 7.5
618.67 13.5
619.38 64.4
620.52 25.0
621.43 21.1
622.43 6.9
623.33 5.3
624.30 9.7
625.71 4.0
626.72 13.4
627.42 42.5
628.46 11.3
629.50 25.0
630.42 24.9
631.40 44.1
632.23 34.2
633.31 5.8
635.15 4.4
636.42 56.6
637.40 37.6
638.30 23.0
639.53 4.2
640.61 16.0
642.59 9.0
643.50 24.5
644.47 12.4
645.46 43.0
646.44 35.5
647.29 69.9
648.34 51.9
649.46 39.1
650.52 5.3
651.30 10.6
652.65 12.6
653.44 19.9
654.23 4.4
655.47 9.1
656.96 29.6
658.39 43.2
659.53 40.0
660.48 49.3
661.34 11.0
662.44 9.2
663.56 107.8
664.40 313.7
665.41 109.0
666.39 107.3
667.52 20.8
668.49 59.9
669.38 28.9
670.42 15.4
671.39 14.8
672.49 16.9
673.35 6.9
674.53 14.7
675.43 10.8
676.52 2.4
677.43 50.9
678.42 40.4
679.64 21.4
680.58 7.8
681.46 21.1
682.46 37.4
683.33 34.3
684.39 27.8
685.56 82.5
686.60 52.0
687.50 31.8
688.71 32.7
690.27 56.3
692.52 31.8
693.32 23.4
694.76 8.4
696.51 18.1
697.51 4.6
698.39 10.5
699.55 49.8
700.34 10.6
701.31 39.5
702.31 10.5
703.45 56.7
704.46 22.7
705.41 10.1
706.29 8.4
707.03 12.7
707.76 7.5
708.67 16.6
710.67 21.1
711.42 36.4
712.35 43.0
713.27 16.2
714.21 3.4
715.39 22.1
716.71 11.0
717.48 34.9
718.86 38.5
719.73 41.4
720.55 55.6
721.88 19.4
722.65 13.2
723.59 3.0
724.40 10.1
725.22 9.5
726.13 12.2
727.34 88.2
728.58 36.3
729.66 80.7
730.46 107.9
731.22 46.3
732.09 27.4
733.49 8.6
734.92 49.4
735.94 34.0
736.60 15.9
738.39 8.3
739.49 12.8
740.60 11.7
741.70 7.3
742.49 8.0
743.36 28.2
744.33 59.8
745.33 29.8
746.95 13.4
747.56 19.4
748.33 18.3
748.95 12.7
749.56 23.1
750.62 10.9
751.55 29.5
752.52 16.5
753.74 24.2
754.51 4.3
755.38 21.2
756.54 17.1
757.52 20.0
758.60 8.4
759.44 7.5
760.78 15.6
761.47 99.5
762.45 117.5
763.42 60.1
764.51 32.9
765.45 56.7
766.73 54.6
767.73 20.6
769.19 25.9
769.84 3.8
770.64 6.2
771.67 33.4
772.54 16.1
773.53 61.6
774.47 135.7
775.48 69.8
776.60 33.5
777.54 68.0
779.40 652.3
780.46 270.9
781.40 60.3
782.35 23.1
783.37 70.0
784.43 78.2
785.18 60.3
786.20 70.1
786.92 46.5
787.74 55.1
788.67 104.2
789.59 80.8
790.63 25.7
791.55 43.7
792.67 61.0
793.70 47.4
794.68 84.9
795.61 55.5
796.48 24.8
797.61 25.1
798.40 14.4
799.51 23.8
800.45 75.0
801.45 857.6
802.48 618.0
803.51 248.6
804.49 67.6
805.54 127.7
806.60 116.1
807.48 48.9
808.31 7.8
809.61 28.1
810.53 41.2
811.54 50.3
812.44 141.6
813.47 47.8
814.45 22.5
815.46 30.2
816.37 37.9
817.36 129.0
818.35 65.3
819.55 30.7
820.49 14.6
821.40 31.9
822.78 30.3
823.81 40.5
824.48 14.8
825.63 24.5
826.38 20.1
827.49 35.2
828.83 54.3
829.83 95.0
830.49 136.1
831.47 62.9
832.26 40.4
833.67 35.7
834.75 18.8
836.11 53.0
837.22 22.6
838.54 46.1
840.43 68.8
841.20 49.0
842.44 27.4
843.35 105.3
844.31 84.6
845.65 83.5
846.87 26.3
848.41 113.7
849.43 45.2
850.28 74.4
851.23 87.9
852.19 46.7
853.33 105.6
854.04 32.2
855.01 34.5
856.09 27.9
857.27 48.5
858.72 128.6
859.75 147.7
860.57 141.1
861.46 86.5
862.55 30.2
863.33 17.3
864.26 15.9
865.18 9.0
866.35 87.5
867.62 191.0
868.64 18.9
870.01 26.8
870.75 21.1
871.67 10.8
872.56 26.2
873.39 23.6
874.46 31.0
875.67 24.3
876.62 20.9
878.44 286.1
879.58 157.6
880.50 46.6
881.46 20.9
882.65 30.3
883.86 47.1
884.97 55.2
885.65 41.6
886.78 34.9
887.73 25.4
888.50 70.1
889.44 53.9
890.45 49.8
891.42 12.0
892.43 19.7
893.53 71.7
894.65 98.0
895.37 20.8
896.18 63.4
897.49 61.4
898.43 158.3
899.36 80.1
900.35 76.4
901.32 82.0
902.64 270.1
903.65 98.7
904.55 30.7
905.57 38.1
906.86 193.1
907.63 163.4
908.61 76.8
910.18 79.3
911.61 208.5
912.54 54.6
913.82 13.1
914.90 89.2
915.67 93.4
916.67 278.2
917.58 45.5
918.56 32.9
919.39 26.8
920.51 29.7
921.94 54.9
923.14 53.0
924.19 245.3
925.45 88.2
926.40 25.7
927.77 52.1
928.55 58.4
929.47 27.7
930.28 26.2
930.89 6.5
931.78 56.1
932.67 37.7
933.70 45.8
934.74 46.2
935.67 40.7
936.60 47.8
937.54 24.4
938.69 53.0
940.08 72.1
940.97 57.2
941.68 33.1
942.83 29.8
943.57 149.4
944.44 102.1
945.59 13.1
946.91 57.1
947.82 7.0
948.64 7.7
949.70 62.5
950.78 46.3
951.78 83.4
952.80 102.3
954.43 62.1
955.69 49.6
956.63 60.0
957.92 240.5
958.66 143.8
959.27 127.0
960.07 21.6
961.60 172.8
962.84 55.6
963.70 51.3
964.71 63.6
966.37 614.2
967.26 796.5
968.16 81.4
969.25 83.4
970.37 16.4
972.30 192.5
973.27 244.1
973.92 135.6
974.67 387.9
975.47 1738.9
976.22 498.2
977.77 22.1
978.57 39.2
979.60 219.1
980.91 212.7
981.61 170.8
983.27 51.8
984.45 31.3
985.43 95.9
986.51 143.5
987.66 157.2
988.83 50.6
989.68 2.4
991.08 46.5
991.74 238.2
992.73 154.8
993.74 82.2
994.91 104.7
995.80 41.8
996.62 32.8
998.41 7.5
999.06 22.6
999.85 43.5
1000.93 152.0
1001.60 164.6
1002.71 270.6
1003.56 72.6
1004.82 34.4
1005.53 4.9
1006.65 11.8
1007.79 205.3
1008.83 309.9
1009.72 297.6
1010.80 8.0
1011.74 5.4
1012.66 18.8
1013.56 90.7
1014.46 102.6
1015.56 47.9
1016.79 481.3
1017.72 48.3
1018.57 32.3
1019.42 4.6
1020.34 36.5
1021.30 37.1
1022.35 286.7
1023.17 82.2
1023.99 23.6
1024.61 15.2
1025.66 53.1
1026.70 43.8
1027.51 30.7
1028.51 34.6
1029.59 194.7
1030.83 479.8
1031.53 283.3
1032.26 97.6
1033.29 27.9
1034.34 84.4
1035.75 245.0
1036.66 281.6
1037.57 34.0
1038.31 227.8
1039.73 204.5
1040.60 73.3
1041.48 48.4
1043.35 538.2
1044.23 540.3
1045.21 578.2
1046.18 53.9
1047.51 20.7
1048.66 36.8
1049.98 38.8
1051.98 830.9
1052.64 745.7
1053.28 547.2
1054.28 159.1
1055.14 18.7
1055.81 21.9
1056.61 10.6
1058.24 24.2
1059.33 60.2
1060.42 120.4
1061.06 633.9
1061.71 768.5
1063.51 16.3
1064.70 19.1
1065.65 25.4
1066.36 4.1
1067.46 12.8
1068.53 126.3
1069.39 45.4
1070.45 42.0
1071.57 51.5
1072.66 62.5
1073.40 33.4
1074.51 70.9
1075.71 62.1
1077.22 55.9
1078.31 3.7
1079.90 25.9
1081.05 40.8
1081.90 7.3
1082.73 10.6
1083.53 12.4
1084.36 21.0
1085.61 74.7
1086.75 26.8
1087.46 4.7
1088.72 62.3
1089.57 175.1
1090.58 141.1
1091.59 243.2
1092.62 123.8
1093.71 93.8
1094.56 120.9
1095.53 38.0
1096.57 68.5
1097.99 186.9
1098.92 622.2
1099.78 254.4
1100.84 26.8
1102.02 15.3
1102.69 94.7
1103.56 89.0
1104.57 37.0
1105.69 374.0
1106.88 1395.0
1107.55 2544.3
1108.15 1718.4
1108.77 464.2
1109.79 31.2
1110.51 39.3
1111.61 162.1
1112.68 79.1
1113.51 8.6
1114.35 22.0
1115.24 6.7
1115.86 3.7
1117.34 7.4
1126.74 8.6
1127.63 5.6
1128.83 7.3
1129.83 18.1
1130.50 1.9
1131.52 5.7
1132.95 10.1
1134.46 8.3
1135.67 4.9
1136.61 6.4
1139.22 7.1
1140.61 29.3
1141.71 26.0
1142.60 89.9
1143.56 124.2
1144.60 68.0
1145.52 3.8
1146.52 13.4
1147.27 13.0
1149.47 16.1
1152.71 2.4
1153.52 3.5
1154.40 4.0
1155.45 4.5
1156.77 11.8
1157.65 7.5
1158.59 135.9
1159.49 96.2
1160.58 25.9
1161.58 5.5
1162.68 4.9
1163.57 5.2
1164.26 2.0
1165.57 11.8
1166.72 29.4
1167.63 19.0
1168.71 28.9
1170.92 2.0
1171.71 9.1
1172.69 14.0
1173.78 12.7
1175.84 2.2
1176.77 11.0
1177.66 9.5
1178.73 13.6
1180.04 12.6
1180.65 11.6
1181.59 9.7
1182.71 14.1
1183.72 8.5
1185.79 14.1
1189.41 1.9
1190.67 7.0
1191.49 6.9
1193.20 10.5
1194.57 21.8
1196.98 14.4
1197.75 11.3
1198.78 2.3
1199.63 25.2
1200.66 36.8
1201.88 19.0
1202.79 20.2
1203.60 14.9
1204.63 5.2
1205.68 7.3
1206.80 2.7
1208.64 6.7
1209.59 28.4
1210.50 28.1
1211.67 9.5
1212.74 4.8
1215.03 28.5
1215.71 19.5
1216.66 73.5
1217.64 29.6
1218.99 16.5
1219.80 1.4
1220.59 31.0
1221.87 31.6
1222.83 39.5
1223.68 34.4
1224.56 14.6
1225.63 24.5
1226.61 5.7
1227.66 42.6
1228.60 58.1
1229.71 55.9
1230.61 5.2
1231.45 9.0
1232.49 44.3
1233.54 17.6
1234.63 19.6
1235.64 38.3
1236.70 29.9
1237.61 9.4
1238.62 36.3
1239.59 84.5
1240.64 114.2
1241.57 73.9
1242.86 38.7
1243.76 45.2
1244.56 19.5
1245.77 11.0
1248.88 4.8
1250.67 8.4
1252.69 13.3
1253.73 19.8
1254.80 12.1
1256.47 58.1
1257.66 96.8
1258.65 88.6
1259.70 32.9
1260.68 12.6
1263.15 10.1
1263.97 1.7
1264.77 6.7
1265.82 1.8
1266.84 1.6
1267.81 2.4
1268.52 13.4
1269.76 17.0
1270.60 11.3
1271.54 5.0
1272.58 10.9
1273.76 9.7
1274.61 19.7
1275.58 11.1
1276.71 7.6
1277.57 16.3
1278.41 8.3
1279.68 1.9
1280.60 7.1
1281.63 30.6
1282.92 14.4
1283.63 9.6
1284.86 3.9
1285.71 3.5
1286.89 7.3
1288.06 12.9
1289.08 11.1
1289.93 1.9
1291.55 53.8
1293.21 22.5
1294.31 31.3
1295.11 1.3
1296.60 60.0
1297.78 25.2
1298.82 31.0
1299.81 7.2
1300.70 6.7
1301.48 6.2
1302.19 3.2
1303.90 2.4
1305.70 5.8
1306.49 8.3
1307.42 22.9
1308.72 30.3
1309.65 23.2
1310.96 25.3
1311.73 61.1
1312.62 44.5
1313.65 62.8
1314.81 69.9
1315.73 51.9
1316.81 25.3
1318.05 4.8
1319.06 20.6
1319.80 1.6
1320.65 9.6
1323.13 7.4
1324.72 33.2
1325.81 27.6
1326.88 68.6
1327.82 57.1
1328.88 83.0
1329.69 129.3
1330.68 83.5
1331.91 41.2
1332.98 28.0
1333.91 88.7
1334.79 36.1
1335.77 74.3
1336.74 54.0
1337.90 10.2
1339.04 7.4
1339.97 3.3
1341.32 7.0
1342.74 92.8
1343.69 20.6
1344.56 6.5
1346.49 1.5
1347.82 49.5
1348.77 81.4
1349.66 47.4
1352.15 17.5
1352.88 93.8
1353.64 115.2
1354.68 109.7
1355.68 48.0
1358.12 7.3
1359.44 4.0
1360.94 1.7
1362.77 3.4
1365.00 16.1
1366.02 7.3
1368.63 9.8
1369.65 92.1
1370.71 172.2
1371.68 240.1
1372.61 135.1
1373.54 28.7
1374.35 8.1
1376.13 4.1
1376.82 8.8
1377.80 8.3
1378.50 4.2
1379.64 4.8
1380.41 3.0
1381.75 5.6
1382.80 3.0
1383.65 4.8
1384.80 4.1
1385.91 7.5
1387.02 8.7
1391.75 11.9
1393.43 12.0
1394.58 6.8
1395.70 40.8
1396.55 18.2
1398.30 28.6
1399.14 2.2
1399.77 10.1
1400.87 14.3
1402.43 20.6
1403.47 21.7
1404.80 21.2
1406.17 11.0
1407.66 29.1
1408.73 14.1
1410.82 6.7
1411.79 7.8
1414.79 10.4
1415.64 52.5
1416.37 6.4
1417.39 19.4
1418.01 8.6
1419.79 16.1
1421.00 14.5
1421.90 28.7
1422.76 19.4
1423.77 51.7
1424.79 65.8
1425.77 47.7
1426.72 51.4
1427.76 13.8
1428.80 11.2
1429.78 53.7
1430.80 68.0
1431.82 48.0
1432.85 72.3
1433.87 21.7
1434.60 38.3
1435.73 81.6
1436.87 36.8
1437.72 14.8
1438.78 16.1
1439.60 14.8
1440.60 58.9
1441.68 73.1
1442.72 153.6
1443.70 211.7
1444.70 128.3
1445.77 60.6
1446.76 225.6
1447.77 602.8
1448.82 475.1
1449.84 115.6
1451.29 22.0
1452.08 103.9
1452.76 307.3
1453.77 339.1
1454.84 132.7
1455.83 8.2
1456.88 3.2
1457.73 38.2
1458.76 169.5
1459.65 86.5
1460.87 31.7
1461.81 19.5
1463.61 6.2
1466.13 11.8
1466.80 3.8
1468.75 118.4
1470.04 430.4
1470.86 627.4
1471.87 343.2
1472.96 13.4
1473.87 8.0
1475.87 14.3
1481.71 15.9
1483.49 2.2
1484.91 3.2
1485.80 5.1
1487.17 2.5
1488.53 5.9
1490.72 6.3
1491.97 21.9
1492.82 3.8
1493.99 5.6
1494.80 3.7
1496.83 4.7
1498.89 1.9
1500.05 3.4
1500.94 1.7
1501.91 2.9
1503.91 4.8
1505.23 17.5
1506.83 2.2
1507.76 20.5
1508.50 7.7
1509.78 10.9
1510.77 20.1
1512.87 7.0
1514.80 7.2
1518.77 7.3
1519.81 3.8
1520.73 7.6
1522.28 5.3
1523.38 1.6
1524.71 6.0
1526.68 27.7
1529.07 6.9
1530.78 3.8
1532.30 18.6
1533.05 33.3
1534.00 37.5
1534.88 2.3
1536.67 8.7
1538.00 10.3
1538.91 7.1
1539.63 5.3
1540.60 3.2
1541.74 4.1
1543.69 16.4
1544.80 26.0
1545.79 22.7
1546.88 25.2
1548.49 27.8
1549.57 17.0
1550.73 65.9
1551.84 35.1
1552.87 44.4
1554.10 19.8
1554.86 27.0
1555.78 21.6
1556.69 5.1
1557.98 2.2
1559.00 11.0
1559.78 3.5
1561.67 32.6
1562.76 31.3
1563.89 24.1
1565.83 16.3
1566.93 87.4
1567.83 135.9
1568.80 215.9
1569.83 131.5
1570.78 47.2
1571.91 87.0
1573.00 63.0
1573.86 18.7
1575.09 6.8
1579.83 13.2
1580.92 20.4
1582.02 2.8
1583.78 60.9
1584.89 149.8
1585.87 258.6
1586.86 227.2
1587.91 37.4
1588.79 24.4
1589.72 4.5
1592.86 5.6
1594.02 4.1
1596.07 4.8
1596.87 8.2
1597.76 3.9
1598.89 16.5
1600.76 3.5
1602.52 2.9
1604.30 9.9
1605.83 10.0
1607.25 2.4
1613.81 1.5
1615.90 9.8
1618.15 3.2
1618.78 4.5
1619.71 7.3
1620.76 3.8
1621.68 6.4
1623.09 11.4
1625.06 2.0
1626.02 3.0
1626.71 3.8
1627.86 3.3
1629.01 6.5
1629.84 5.3
1632.85 6.6
1633.85 10.2
1634.65 3.6
1635.63 6.1
1636.31 8.6
1637.04 14.8
1644.97 3.0
1646.36 11.3
1647.09 17.6
1647.87 17.6
1649.92 3.6
1650.63 3.8
1651.31 2.6
1652.04 27.8
1652.91 11.9
1654.02 1.4
1655.45 2.5
1657.04 6.0
1657.68 2.7
1658.49 2.7
1659.13 1.9
1660.03 3.9
1661.04 11.1
1661.97 5.8
1662.90 14.1
1663.64 6.2
1666.86 38.9
1667.87 20.4
1668.68 7.6
1670.00 32.7
1670.85 17.6
1671.91 14.0
1673.08 16.4
1674.09 10.3
1675.27 13.8
1675.90 5.5
1676.91 4.9
1677.80 2.8
1680.20 33.5
1681.03 16.5
1681.89 50.9
1683.04 17.5
1683.96 3.3
1684.81 10.1
1688.32 3.7
1689.23 21.7
1690.07 6.8
1690.76 35.8
1691.89 29.2
1693.03 8.8
1694.32 10.5
1695.72 5.3
1697.13 28.4
1698.00 66.7
1698.90 102.8
1699.95 81.9
1701.09 14.0
1702.19 14.0
1703.13 5.3
1705.67 8.7
1706.90 16.9
1708.12 6.3
1708.91 5.0
1710.13 3.3
1712.14 5.8
1714.65 2.6
1715.96 8.4
1716.79 11.1
1717.67 25.5
1718.73 43.7
1719.86 59.2
1721.04 19.0
1722.10 3.6
1723.69 10.2
1731.92 4.6
1733.53 47.3
1734.79 34.6
1736.06 4.4
1737.56 9.9
1741.64 9.0
1743.84 5.9
1746.14 7.0
1747.92 3.0
1749.08 2.5
1750.28 16.3
1751.97 5.9
1759.53 12.9
1760.83 18.3
1761.97 4.0
1763.45 4.9
1764.21 2.6
1765.06 9.3
1766.11 1.8
1768.41 21.5
1770.12 6.3
1770.87 14.4
1772.18 7.4
1773.10 5.5
1774.02 6.9
1775.17 6.1
1777.09 21.6
1777.97 22.1
1778.91 13.0
1780.20 6.1
1781.19 10.7
1781.96 4.5
1785.05 22.7
1786.01 36.6
1787.22 20.1
1788.03 1.4
1788.96 9.3
1790.10 8.0
1790.94 23.4
1791.90 3.0
1792.69 14.7
1794.00 20.5
1795.05 82.2
1795.99 73.7
1796.99 29.9
1797.95 7.7
1799.32 6.4
1800.87 6.3
1801.71 2.9
1803.72 53.2
1805.00 54.7
1805.96 7.0
1806.86 6.7
1808.39 28.5
1809.68 22.7
1811.02 40.7
1812.06 80.9
1813.09 71.9
1814.01 78.4
1815.16 27.5
1816.04 6.7
1819.93 38.2
1820.93 7.6
1827.19 1.3
1828.91 20.3
1829.83 16.1
1831.03 43.7
1832.08 88.2
1833.06 97.1
1834.11 22.1
1835.14 12.4
1836.81 2.8
1839.96 1.7
1845.76 5.6
1846.89 78.2
1847.94 35.0
1849.02 22.5
1850.04 8.4
1862.19 16.4
1864.81 10.6
1871.60 5.4
1872.86 3.7
1875.12 4.1
1876.19 7.9
1883.11 3.7
1884.76 1.5
1888.66 4.7
1890.15 3.5
1891.30 2.8
1892.90 1.4
1896.41 7.6
1899.37 4.2
1906.06 2.4
1907.07 1.4
1908.68 3.8
1910.10 1.9
1912.08 3.5
1913.85 11.0
1918.80 4.1
1919.49 4.6
1920.44 8.3
1921.11 9.8
1924.28 1.8
1928.07 8.9
1929.27 23.5
1930.20 8.3
1931.07 8.4
1932.69 8.9
1943.08 7.7
1944.95 19.2
1946.19 46.9
1946.99 80.1
1948.32 45.6
1949.22 17.7
1950.15 6.7
1951.20 8.7
1952.08 12.6
1960.76 9.9
1962.08 23.8
1962.86 1.8
1964.03 2.7
1966.83 5.3
1970.06 3.3
1972.34 1.5
1973.16 11.0
1986.90 2.8
1988.63 10.1
1989.37 31.3
1990.11 21.2
1991.18 6.7
1992.55 5.6
1996.40 4.9
1998.94 2.3
1999.88 2.8
