1317.58293 2
252.12 2.3
254.52 2.3
266.96 1.3
269.36 1.5
270.39 3.3
272.20 1.1
288.41 67.9
289.18 11.9
290.36 2.6
315.24 1.8
333.55 5.0
346.98 1.1
357.09 3.2
364.16 1.5
368.34 1.4
387.68 2.2
393.41 4.6
394.48 4.0
403.35 2.3
410.19 1.3
418.45 1.1
430.33 6.3
474.23 4.6
493.34 4.6
496.55 5.7
502.40 1.8
504.27 1.4
509.53 4.4
515.42 2.3
523.76 3.9
526.30 2.9
527.70 1.3
534.49 6.6
537.58 1.5
540.74 8.5
546.06 15.3
557.28 4.0
563.96 1.3
565.43 2.8
569.92 31.7
573.36 2.2
575.04 2.1
580.86 2.5
581.48 5.1
584.99 6.7
587.51 1.2
590.45 6.5
596.51 7.7
600.03 4.9
602.17 65.1
604.84 3.7
608.39 4.4
610.81 4.0
611.55 5.7
613.78 3.2
618.33 22.1
619.03 15.5
620.04 3.0
620.75 4.0
627.47 39.3
629.23 6.1
629.97 15.8
631.31 1.7
633.51 6.4
635.97 11.7
641.77 51.4
642.70 9.2
643.38 7.9
644.39 1.4
645.72 2.7
647.41 11.4
648.09 10.4
650.30 36.2
678.40 2.5
740.47 1.3
773.64 1.6
778.62 3.6
783.62 4.8
800.73 1.6
801.82 5.6
808.36 2.5
809.13 3.3
833.21 1.2
848.54 2.3
871.70 2.1
872.44 2.5
897.47 2.3
898.20 2.1
909.40 3.6
915.41 7.6
919.78 2.8
934.38 2.5
936.66 8.9
937.47 7.3
940.32 2.1
948.55 5.3
951.51 2.9
967.66 1.1
976.33 3.3
995.44 2.5
996.40 1.4
1012.50 43.4
1013.42 4.3
1014.09 5.2
1014.74 3.9
1030.40 56.6
1031.35 19.3
1032.36 2.9
1048.75 7.3
1065.75 6.6
1068.13 4.4
1124.34 2.4
1126.46 3.8
