1218.56304 2
171.39 1.6
175.41 7.6
176.10 3.2
178.18 1.2
183.29 6.1
190.90 1.4
197.29 5.5
199.11 3.8
201.25 8.0
202.38 2.6
205.31 2.0
207.31 5.1
210.11 1.2
211.36 2.0
215.10 70.6
217.36 4.7
219.30 1.3
220.12 2.2
221.15 18.6
222.28 5.7
222.93 1.1
225.04 13.6
226.16 3.3
226.91 2.8
235.17 2.6
236.31 3.7
238.37 1.7
239.18 1.2
243.21 241.3
244.09 5.7
246.28 3.2
249.29 5.3
251.01 13.9
252.25 8.0
253.26 3.5
260.21 4.9
261.12 5.1
262.29 2.9
265.22 5.4
267.03 59.8
268.10 6.9
269.18 5.3
270.08 3.3
271.32 2.1
272.18 59.8
273.20 5.9
277.67 11.6
278.32 9.7
279.19 5.5
281.11 18.6
283.38 10.4
284.18 2.1
284.99 5.6
286.08 2.5
288.21 4.6
294.26 3.9
295.08 2.1
299.05 15.4
303.34 12.2
305.16 1.3
306.34 5.7
309.47 2.6
311.61 6.1
312.30 8.0
312.97 5.4
316.16 4.3
318.74 1.4
321.48 1.8
322.31 7.7
325.10 1.4
326.23 1.5
327.36 13.0
328.43 5.2
330.08 15.6
331.01 5.5
332.29 7.4
333.39 5.3
335.46 1.5
336.24 2.2
337.51 1.8
338.28 11.1
339.16 4.9
344.14 5.1
345.25 48.0
346.26 4.6
347.16 2.8
348.21 8.1
349.35 2.9
353.18 7.7
355.09 343.6
356.16 68.9
357.28 3.0
358.68 3.9
361.44 10.9
362.52 7.0
363.22 6.1
364.21 5.4
366.15 5.9
371.20 10.0
374.22 4.0
375.27 1.2
377.11 15.0
377.99 10.5
379.10 66.9
379.71 143.4
380.34 27.1
381.27 5.7
382.22 11.7
383.14 1.6
385.31 3.7
388.75 39.3
390.68 27.4
391.28 36.5
392.25 3.6
395.29 4.3
397.12 32.9
398.17 19.8
399.27 47.1
400.25 2.7
401.19 19.1
402.40 1.4
403.59 1.5
404.42 4.3
407.31 1.3
408.33 9.9
409.47 7.7
410.41 6.0
412.39 4.5
413.16 1.6
414.26 4.2
414.91 7.1
415.60 2.3
416.24 11.5
417.31 6.8
421.34 3.9
422.25 2.6
423.28 4.9
424.21 8.4
425.25 50.2
427.24 6.6
428.04 3.3
429.56 4.9
432.25 46.5
433.19 3.0
434.12 1.2
435.28 6.8
439.15 9.8
440.42 3.4
441.81 3.7
443.38 61.3
445.23 20.3
446.40 6.2
449.16 13.0
450.61 11.1
452.27 2.9
454.71 10.8
455.94 4.2
457.75 22.3
458.38 20.3
459.14 2.1
460.15 2.2
460.77 4.2
461.49 19.5
462.33 79.9
463.35 17.4
464.17 6.9
466.40 16.0
467.43 17.2
468.20 1.2
469.38 2.5
470.69 40.0
472.24 1.8
473.36 8.7
474.18 1.7
475.25 2.2
476.26 10.0
477.24 14.8
478.41 10.0
479.81 56.9
480.75 17.3
481.74 2.4
482.46 2.0
483.32 2.2
484.47 22.5
485.35 6.4
486.53 1.3
488.81 214.3
489.60 48.4
490.34 136.4
491.25 39.1
492.38 8.0
493.63 8.3
494.31 27.7
495.35 13.0
496.20 15.0
497.36 10.2
498.49 8.7
499.47 4.5
501.36 8.5
502.34 36.0
503.31 3.9
505.62 7.7
506.47 22.1
508.24 4.5
509.28 1.1
510.27 4.2
512.29 121.7
513.25 3.3
514.61 2.3
515.22 16.7
515.96 12.8
517.34 17.2
518.40 2.1
521.62 1.5
522.43 3.9
523.41 10.7
524.66 24.3
526.10 1.8
528.12 3.7
529.05 14.7
530.22 73.2
531.29 4.0
532.03 8.2
533.36 10.0
534.26 5.1
535.82 9.0
538.62 6.9
539.32 11.1
540.44 18.2
542.22 4.7
544.57 19.5
545.32 4.1
547.33 9.2
548.46 13.5
549.36 17.2
550.44 32.3
551.38 30.8
552.90 35.4
553.89 5.0
555.62 10.3
557.65 19.9
558.74 31.9
559.37 3.3
560.02 3.3
560.64 4.0
561.46 21.8
562.53 18.5
563.42 4.7
565.23 16.3
565.91 29.1
567.37 34.0
568.73 10.2
569.66 36.9
570.66 36.7
571.62 9.9
572.59 14.0
573.40 16.2
574.34 43.9
575.16 10.9
577.19 12.6
578.63 147.3
579.53 167.2
580.50 4.4
581.63 10.9
582.88 28.0
583.83 23.2
585.29 3.9
586.26 9.8
587.82 526.0
588.44 148.6
589.71 3.7
591.65 530.9
592.38 266.2
593.44 24.0
595.23 55.2
595.87 1.8
598.18 21.8
599.65 4.5
600.79 228.7
601.49 25.9
605.82 1.1
618.26 4.8
626.31 1.3
628.91 4.5
630.58 6.9
634.30 1.4
635.26 4.7
636.47 4.4
637.09 3.2
639.29 2.3
645.21 10.5
651.07 6.8
652.56 25.7
653.49 18.3
659.43 9.6
662.62 2.6
663.75 3.9
666.15 3.6
668.42 7.0
670.34 5.4
671.65 3.6
672.38 5.7
675.80 1.1
677.80 4.7
680.52 3.3
681.46 13.5
682.50 3.1
685.36 3.7
686.45 1.4
687.32 6.6
689.36 862.7
690.35 110.8
691.19 2.6
695.35 6.7
696.32 3.7
698.47 5.1
699.88 2.8
701.51 2.3
703.64 3.2
705.83 15.8
706.64 1.1
707.48 2.3
708.29 1.4
709.20 6.1
717.71 7.1
718.62 4.6
721.12 3.7
724.42 2.1
726.30 2.5
732.55 3.9
738.44 1.7
744.57 2.2
745.65 1.2
748.94 5.7
750.63 2.6
751.31 2.0
752.60 2.4
755.29 2.1
757.65 1.4
758.29 7.7
759.12 3.4
760.50 1.7
763.48 3.1
769.29 13.8
770.01 4.5
776.34 334.3
777.37 54.8
779.25 1.8
780.51 1.1
781.22 5.2
783.44 7.7
785.48 9.2
786.44 19.9
787.22 4.0
788.42 1.9
792.42 3.0
796.43 7.2
798.26 1.5
799.40 2.9
800.75 6.4
801.80 3.5
804.84 4.6
807.58 8.0
809.46 8.0
810.27 3.1
811.42 4.4
818.33 6.5
819.47 6.0
825.31 1.9
827.43 97.4
828.19 4.6
829.48 1.0
830.41 3.3
831.92 20.2
832.56 2.1
839.42 2.7
844.69 1.6
845.49 23.3
846.58 4.9
850.53 1.8
854.33 2.2
855.47 1.1
856.35 10.5
863.35 585.4
864.47 101.2
865.44 2.5
873.44 8.6
874.53 4.9
881.78 2.4
887.36 1.1
888.45 1.1
889.17 4.2
890.70 3.7
898.56 3.9
902.98 3.5
907.49 2.6
909.70 3.1
911.35 6.2
914.23 1.6
919.70 5.7
927.43 7.2
928.46 3.0
929.44 21.7
932.18 4.9
940.55 20.9
941.52 3.9
947.43 20.7
958.39 11.2
959.22 2.1
966.39 1.1
973.47 1.4
976.49 505.2
977.58 63.5
992.69 1.9
1000.45 13.9
1001.32 10.4
1008.87 4.6
1011.36 3.7
1013.67 2.8
1017.45 6.0
1020.88 1.8
1025.64 7.5
1026.71 14.8
1027.55 2.9
1029.36 1.2
1030.45 6.1
1031.64 3.8
1043.50 6.9
1044.47 3.7
1045.77 7.4
1047.61 14.9
1063.79 1.5
1078.61 4.0
1087.55 1.7
1105.35 5.1
1106.52 3.8
1114.83 1.9
1115.64 2.4
