1087.65288 2
152.96 2.2
156.94 4.4
159.15 11.5
171.16 4.4
172.14 3.5
175.16 8.7
176.06 1.3
177.17 3.1
178.09 10.4
179.19 2.5
180.20 2.8
183.10 4.0
186.20 5.2
187.26 3.3
191.81 1.9
193.21 7.2
194.34 7.5
199.15 5.7
204.27 1.2
205.16 1.3
209.02 5.7
210.21 7.6
211.21 16.7
212.27 3.5
213.27 3.4
214.07 2.7
215.25 12.1
217.20 2.7
218.95 10.4
220.39 1.0
221.32 2.5
223.76 1.1
224.37 5.1
225.17 2.0
227.25 12.5
228.22 52.8
229.05 6.6
230.15 1.4
231.37 2.4
232.05 4.0
235.28 3.1
236.10 2.6
237.16 1.5
239.01 1.4
241.12 11.0
242.28 12.9
243.22 1.3
244.31 3.1
245.16 9.0
246.37 19.0
247.35 10.6
248.15 5.1
249.15 11.9
250.13 15.9
252.02 4.6
253.36 2.6
254.72 3.4
256.06 3.5
256.86 2.0
258.03 5.0
259.19 4.2
260.10 2.1
265.19 2.9
266.20 1.7
267.23 9.9
268.18 5.4
269.38 5.2
270.38 3.3
271.12 11.6
273.19 5.8
274.24 10.1
275.16 11.4
276.32 3.3
277.34 17.9
280.35 6.5
281.24 6.8
282.15 1.7
283.27 5.5
284.26 50.0
285.28 8.0
286.26 5.5
287.34 3.7
288.15 2.1
289.27 5.1
290.24 2.0
292.94 4.5
294.24 4.7
295.33 2.3
296.10 3.8
297.13 3.8
298.35 4.1
300.48 6.6
301.19 1.4
302.06 8.4
303.10 11.4
303.86 1.3
305.01 4.5
306.29 3.8
307.29 3.9
308.50 5.8
309.30 4.5
312.35 1.7
313.33 5.4
314.42 3.1
316.37 9.2
318.27 11.6
319.30 8.9
320.58 12.5
322.33 2.5
324.45 11.8
325.44 9.0
326.48 2.6
327.09 2.0
329.07 9.6
330.21 13.6
331.74 7.5
332.50 4.0
334.13 11.3
335.22 8.8
336.12 2.3
337.26 3.1
338.27 5.6
339.06 2.5
340.34 2.4
341.52 9.0
342.14 7.0
344.23 9.1
345.28 10.1
346.29 5.8
347.32 2.1
349.13 10.5
349.98 13.9
351.12 11.1
352.23 6.4
353.21 7.6
354.29 4.0
355.36 1.6
356.24 3.0
359.20 24.6
361.63 1.7
363.06 7.4
364.13 29.4
365.16 7.8
366.45 5.8
367.38 4.8
368.23 11.6
369.13 6.4
370.13 2.3
371.54 6.8
373.44 12.5
374.23 10.6
375.30 2.1
376.39 1.8
378.27 6.7
379.24 4.9
381.26 21.4
382.07 13.4
382.89 7.8
384.01 23.7
385.22 2.9
386.28 40.2
387.30 10.1
388.38 3.5
389.28 6.9
391.20 61.8
392.42 10.7
393.27 2.4
394.48 11.0
395.43 2.5
396.24 7.6
397.46 18.1
398.29 7.0
399.33 5.6
400.23 11.2
401.95 7.7
403.18 11.1
404.32 4.6
406.35 123.1
407.40 5.1
408.43 10.7
409.22 15.7
410.17 3.5
411.08 23.2
412.47 4.8
413.42 12.8
414.27 10.4
415.27 12.2
416.40 16.3
417.21 15.7
418.65 7.0
420.39 2.3
421.21 4.3
423.01 7.7
424.63 2.3
427.41 8.4
428.31 8.4
429.51 11.6
430.45 53.5
431.25 76.8
432.20 18.2
434.37 8.1
435.48 3.4
436.74 7.7
437.37 10.1
438.50 10.0
439.19 3.7
440.23 10.2
441.08 3.1
441.99 9.4
444.31 42.4
445.38 27.4
446.34 16.1
447.69 15.0
448.48 2.3
449.09 1.1
450.23 5.7
451.18 14.1
452.09 6.9
453.30 12.6
454.33 15.3
455.26 1.9
456.27 7.8
457.55 14.3
459.08 17.2
460.19 2.0
461.85 6.5
462.49 11.2
463.31 24.1
464.43 4.6
465.30 12.1
466.34 9.9
467.17 13.4
468.32 4.6
469.19 17.6
470.17 27.3
471.67 35.8
472.91 19.1
474.42 11.0
476.21 2.1
477.60 11.0
478.55 9.2
479.42 17.9
480.36 12.0
481.26 7.7
482.27 12.3
483.35 29.4
484.53 17.7
485.37 14.0
486.33 50.4
487.05 30.9
488.06 24.9
489.43 20.2
491.17 14.0
493.33 14.1
496.20 15.5
497.32 20.5
498.28 26.9
499.40 29.4
500.31 35.6
501.32 37.5
502.14 14.3
503.43 44.8
504.10 23.9
504.89 12.7
505.57 3.4
506.27 3.1
507.34 1.6
508.22 32.9
509.24 47.0
510.19 17.2
511.07 10.6
513.11 52.8
514.23 33.5
515.21 23.4
516.13 50.8
517.31 27.8
518.43 20.6
519.35 7.0
520.37 12.2
521.66 36.0
522.52 20.5
523.36 56.0
524.18 2.8
525.03 2.5
526.30 268.4
527.20 677.4
528.28 113.5
529.18 51.9
529.98 8.6
530.86 13.5
531.68 3.2
533.85 7.3
535.57 207.0
536.42 31.8
537.62 5.6
543.02 5.0
544.84 5.1
546.91 4.0
551.26 3.8
559.36 5.8
561.39 4.1
562.26 6.5
567.67 2.3
569.25 2.6
572.23 9.8
575.44 2.4
578.24 2.8
580.93 11.3
587.43 1.7
589.40 5.5
590.50 16.4
596.62 2.0
600.92 10.5
606.77 6.9
608.78 12.1
614.96 4.3
615.73 11.4
617.50 2.9
627.09 13.3
630.36 3.7
632.93 2.3
640.77 17.6
641.62 6.9
642.39 9.5
643.40 1.5
645.53 4.4
648.45 9.5
650.80 6.1
652.41 13.2
657.88 3.5
659.70 4.6
663.44 4.0
665.46 8.9
667.25 5.2
669.38 2.1
671.23 1.5
680.53 8.0
686.37 3.4
687.53 12.5
690.42 29.1
691.51 47.2
692.56 6.5
695.60 5.0
697.42 112.5
698.55 47.5
699.55 10.9
700.61 1.4
702.46 8.6
708.59 7.0
710.53 4.5
714.51 5.0
721.43 2.5
724.49 2.6
726.37 2.5
733.41 1.3
738.39 4.2
740.63 2.6
742.37 5.9
755.84 1.8
757.15 5.5
758.39 2.0
769.56 5.3
774.04 3.2
783.54 3.8
787.56 3.3
791.50 1.8
793.37 11.2
794.56 5.0
797.23 13.7
801.53 3.2
803.56 8.8
804.64 8.7
805.39 2.6
808.49 1.7
811.51 64.5
812.56 47.6
813.35 3.2
814.43 8.9
819.75 15.4
820.68 5.7
823.33 3.2
825.53 5.6
829.75 2.9
831.66 3.0
838.30 6.1
843.54 1.2
845.20 2.7
854.55 3.0
856.30 4.6
860.67 198.3
861.57 79.1
862.58 7.1
870.58 4.2
871.33 4.1
872.43 2.4
873.49 2.6
874.58 4.2
875.43 11.6
876.78 11.4
880.72 1.3
885.64 2.9
888.72 1.5
896.52 2.5
899.49 2.1
902.77 3.4
906.75 3.7
916.60 1.8
917.88 8.4
924.67 12.7
940.03 7.5
941.57 12.9
942.70 10.4
954.48 4.2
955.46 2.0
956.72 1.2
957.41 9.0
959.79 2.2
974.76 2.7
975.62 5.4
976.63 6.7
991.72 3.1
1004.21 3.5
1018.73 4.1
1031.52 7.4
1036.48 1.2
1050.20 2.5
1051.65 1.6
1065.76 18.9
