1222.63298 2
173.15 21.7
173.94 3.1
174.98 6.1
178.11 5.4
178.98 5.7
183.27 1.6
185.21 8.8
186.04 1.2
187.15 3.0
194.16 3.0
197.03 2.5
198.65 6.3
199.31 32.6
200.10 2.7
201.15 78.6
207.65 14.7
210.02 4.4
211.14 9.0
212.20 7.8
213.15 2.2
215.31 9.2
216.05 1.6
219.27 10.5
220.17 4.3
221.17 14.6
222.14 1.8
223.13 9.0
225.36 1.5
226.20 18.9
228.16 3.4
230.08 1.0
233.14 6.6
235.03 23.7
236.36 4.2
237.26 1.4
239.21 2.4
242.27 7.2
244.17 116.3
245.25 4.3
247.33 3.4
248.46 1.6
249.19 2.6
250.07 13.0
250.70 3.6
252.13 12.0
253.30 1.0
254.20 1.9
255.07 2.2
256.18 5.0
257.17 5.1
260.27 97.0
261.28 16.3
262.24 10.2
263.45 9.5
264.27 6.6
265.45 7.2
266.13 2.3
267.06 55.3
268.10 32.6
269.24 47.9
270.13 6.2
271.09 1.6
272.26 3.6
273.89 7.0
276.45 8.8
279.20 2.7
280.04 3.3
281.07 33.4
282.01 17.6
283.38 5.2
284.60 6.0
285.27 1.9
286.09 3.8
287.24 4.7
289.21 3.8
290.43 2.0
292.31 8.4
294.22 1.0
296.23 4.2
297.42 1.4
298.83 6.3
302.15 1.5
303.29 7.6
304.25 4.9
307.31 3.0
308.41 2.9
309.20 9.4
310.24 8.2
311.01 1.6
312.32 4.7
314.15 3.8
315.16 30.3
316.19 6.6
317.28 3.5
318.30 6.3
319.21 1.1
322.43 2.0
323.05 2.5
323.82 1.4
324.81 9.9
325.91 5.2
327.04 16.4
328.16 5.4
329.79 11.8
330.43 35.1
331.30 1.8
332.63 2.9
333.94 7.9
335.10 3.8
337.20 5.9
338.07 9.7
339.24 3.5
340.07 1.3
341.05 3.7
343.12 4.3
345.13 36.0
346.03 4.6
348.14 40.1
349.26 9.2
350.37 5.1
352.35 1.8
353.09 5.7
354.19 5.7
355.12 231.8
356.08 257.6
357.15 137.8
358.25 2.2
359.17 5.9
361.29 687.1
362.27 67.3
363.26 6.7
364.15 3.6
365.34 1.7
366.27 1.6
368.75 6.0
370.15 1.6
371.08 17.2
372.15 10.7
373.30 104.9
374.30 8.5
375.22 4.6
376.29 6.7
377.50 5.2
379.22 4.2
380.13 1.4
381.04 11.9
382.14 9.6
383.22 1.8
385.13 2.9
386.16 3.1
387.09 12.2
389.29 1.1
390.36 9.3
391.26 13.7
392.03 2.0
393.24 4.9
394.13 1.9
397.06 1.7
398.20 8.2
399.26 12.2
400.05 3.8
401.24 8.8
402.42 2.5
403.39 3.5
404.31 4.0
407.43 3.8
408.08 3.1
410.06 1.3
411.26 2.0
413.15 6.3
414.39 3.9
415.28 16.8
416.50 14.6
417.12 19.9
419.68 1.0
421.43 4.8
422.09 2.0
422.98 5.7
424.29 5.9
425.26 5.0
426.17 41.0
427.35 12.8
429.23 6.8
431.03 7.5
432.44 7.5
433.43 5.5
434.35 5.5
435.30 2.6
437.27 7.2
438.02 4.7
439.38 5.2
442.37 30.7
443.23 41.4
444.24 22.4
445.31 7.1
446.48 8.8
448.01 14.5
449.43 9.3
450.24 1.3
451.13 4.0
452.13 10.5
453.05 2.9
453.74 7.5
455.51 5.8
456.20 6.3
457.14 3.0
458.08 4.6
459.76 23.0
460.38 206.7
461.41 45.9
462.25 6.4
463.04 3.1
464.30 16.5
465.38 13.8
466.43 5.0
467.37 3.3
469.57 21.1
470.32 69.6
471.23 6.0
473.60 10.6
474.30 1.9
475.35 5.7
476.33 7.1
480.10 10.5
481.05 2.7
481.81 5.9
482.57 8.5
484.27 8.7
485.32 4.4
486.04 1.2
487.34 72.3
488.34 10.2
489.18 9.7
490.25 10.8
491.37 15.0
492.26 16.6
493.51 3.6
494.17 2.1
495.42 11.3
497.24 101.6
498.16 53.8
498.94 4.9
501.30 3.0
502.28 6.3
503.28 11.4
504.23 27.6
505.21 7.1
508.21 47.2
509.03 22.5
510.16 23.4
511.45 15.5
512.49 9.8
514.22 6.1
515.40 5.7
516.75 77.3
517.38 89.7
518.11 1.9
518.81 2.6
521.06 11.8
522.35 2.5
523.12 9.9
524.13 2.1
525.95 838.9
527.07 13.0
527.74 1.2
528.97 7.4
530.42 12.2
531.24 9.5
532.41 7.6
533.43 5.1
534.69 23.5
535.43 1.1
536.28 10.3
537.65 16.8
539.15 22.8
540.41 1.3
541.27 10.9
542.18 7.1
543.36 1.6
544.64 9.3
546.09 13.0
547.51 7.1
548.42 20.4
549.57 22.0
550.29 22.3
551.61 8.1
552.24 10.3
553.30 20.6
554.27 14.6
555.72 22.6
556.54 12.4
558.51 3.9
559.59 4.5
561.39 89.4
562.21 10.8
563.44 13.3
564.29 21.6
565.21 4.2
566.26 16.4
567.25 15.8
568.02 13.1
569.47 13.3
570.74 44.5
571.35 31.1
572.44 92.7
573.51 11.2
574.50 13.5
575.21 10.0
576.45 18.9
577.23 10.1
577.96 6.4
579.23 18.7
580.59 59.5
581.30 85.1
582.35 7.2
583.20 22.8
583.90 6.2
585.42 53.7
586.29 10.6
588.37 18.7
589.46 77.2
590.44 19.4
591.22 16.6
593.44 121.5
594.28 208.2
595.17 101.9
596.27 8.3
598.34 61.0
599.32 155.1
600.47 43.6
602.71 92.2
603.70 262.1
616.30 3.0
619.30 6.4
620.28 1.1
625.71 3.6
626.35 5.2
627.28 11.7
628.55 1.9
634.44 10.7
635.25 18.1
636.08 4.3
639.31 5.1
641.74 5.0
642.62 2.1
643.72 1.2
646.43 3.7
648.26 1.6
649.09 7.0
650.96 9.6
652.45 16.5
654.03 2.4
654.79 4.9
655.42 3.4
656.58 6.9
658.39 1.6
660.73 5.1
663.15 11.0
664.41 2.3
665.72 4.4
666.39 1.6
668.66 3.2
672.09 12.4
673.31 14.0
674.62 5.5
675.41 3.6
676.61 2.2
679.63 2.4
680.28 6.8
681.85 5.0
682.73 1.9
683.43 7.0
684.31 5.7
685.38 4.1
686.21 4.6
687.38 16.8
688.78 10.7
689.66 4.0
690.35 19.6
691.43 11.8
692.89 7.1
697.69 6.1
698.46 10.0
699.34 1.9
700.24 1.9
701.33 7.6
703.17 5.3
705.72 6.9
709.67 2.2
710.51 2.3
712.61 3.5
714.36 5.2
715.65 11.3
716.55 8.8
717.38 17.9
718.42 39.8
719.48 2.9
724.42 2.1
725.48 6.5
727.26 4.7
728.43 40.8
729.31 17.4
733.62 6.8
734.66 2.7
736.39 311.2
737.42 54.5
738.47 3.6
742.58 3.4
743.49 6.6
745.27 73.5
746.31 156.3
747.40 29.5
755.11 7.2
758.41 22.8
759.58 15.2
760.39 2.0
761.64 25.1
763.39 49.9
764.35 6.5
767.75 3.2
770.11 2.6
774.46 14.3
775.60 6.8
777.76 1.7
778.56 4.2
780.55 2.6
782.28 4.0
783.40 3.8
788.42 3.7
790.91 6.0
791.80 3.7
792.69 2.4
794.53 2.8
796.76 3.4
799.36 2.5
800.70 14.0
801.98 7.1
804.19 2.7
809.46 4.2
812.40 5.0
814.33 2.7
815.25 2.8
816.20 4.8
817.49 16.3
818.20 2.9
818.81 1.4
819.55 1.2
821.97 3.2
826.62 15.6
827.39 70.6
828.40 15.5
831.34 15.4
832.40 12.1
833.53 37.0
834.44 12.4
835.60 1.7
841.57 1.7
844.33 119.7
845.41 200.3
846.45 57.3
847.27 4.5
850.49 876.4
851.54 287.9
852.50 4.8
856.74 4.8
859.53 2.9
860.58 12.3
861.19 5.4
862.39 193.9
863.46 46.2
864.61 2.5
866.44 3.6
868.43 3.7
870.47 3.5
872.57 6.9
876.56 3.4
877.17 1.9
878.28 5.5
886.33 5.3
887.42 21.9
888.33 5.4
889.53 11.6
890.68 2.0
893.57 2.6
895.74 1.5
896.58 1.5
897.21 4.7
899.50 1.2
901.59 4.7
902.30 1.5
904.44 10.8
905.39 4.5
910.32 5.1
911.30 3.7
912.41 5.1
913.36 3.1
916.64 1.7
917.70 2.5
918.38 1.6
919.28 1.8
924.46 3.4
927.33 11.8
928.36 20.3
929.63 6.2
930.79 4.2
936.29 19.2
940.21 6.9
942.54 7.7
943.84 4.0
944.59 5.6
945.44 60.5
946.38 37.8
947.59 12.5
952.43 5.5
956.22 2.9
959.35 12.9
960.58 21.9
961.59 44.3
962.51 14.8
963.49 30.4
964.50 5.4
970.48 1.5
972.46 4.3
973.69 1.5
976.30 1.9
977.60 2.7
979.52 572.5
980.54 172.3
986.95 6.6
987.92 2.2
989.18 3.2
990.60 32.4
991.64 19.0
994.87 3.8
996.52 7.4
998.28 5.7
1004.41 3.2
1005.62 2.3
1006.94 3.3
1010.86 2.8
1014.07 12.5
1014.90 4.1
1015.75 4.0
1019.91 3.5
1023.55 10.8
1024.66 7.2
1031.43 7.6
1032.44 72.4
1033.60 75.2
1034.59 15.3
1037.59 2.2
1040.44 26.6
1041.52 34.2
1042.61 22.9
1045.80 5.6
1047.33 2.7
1049.27 14.9
1050.55 1274.1
1051.68 525.8
1053.73 1.7
1058.41 84.6
1059.55 62.1
1060.63 6.9
1061.44 2.5
1075.42 7.9
1076.41 53.8
1077.35 23.9
1085.68 4.9
1087.68 1.2
1099.21 1.1
1103.95 4.8
1116.40 8.8
1117.78 4.2
1121.62 26.2
1122.62 13.2
1124.72 3.7
1132.43 10.2
1133.37 10.7
1154.00 1.0
1200.48 10.3
1201.74 1.5
