842.51085 2
121.15 2.2
125.25 1.1
127.24 2.3
128.16 33.3
129.19 6.9
130.11 10.3
131.17 1.4
132.16 2.2
133.08 4.0
135.26 5.6
136.10 7.9
137.18 3.7
138.17 2.4
139.18 2.8
141.10 6.6
142.21 5.9
143.23 87.2
145.08 9.4
148.31 1.4
151.29 4.2
152.05 4.0
154.19 4.3
155.11 13.2
159.21 1.3
160.26 4.5
162.07 10.1
163.40 6.0
164.19 16.4
165.03 4.3
167.21 4.8
168.10 7.9
169.20 4.8
171.22 247.1
172.04 4.0
173.19 101.1
174.14 2.8
175.34 4.5
176.16 6.7
177.20 7.9
178.13 12.0
179.09 11.2
180.28 3.8
181.37 1.6
181.97 7.6
183.14 6.6
184.21 3.6
185.19 4.5
187.30 13.4
188.76 10.3
190.12 4.7
193.16 4.1
194.22 8.0
195.17 1.7
196.11 11.3
198.38 8.9
199.32 15.3
201.09 75.4
202.13 1.6
203.00 7.2
204.52 5.2
206.41 1.7
207.34 5.4
209.02 7.0
210.15 70.0
211.50 1.4
212.13 12.1
213.28 11.2
214.06 5.2
215.18 18.6
216.19 2.3
217.06 4.4
218.28 3.2
219.28 3.8
220.25 8.2
221.26 2.3
222.26 6.6
223.33 2.8
225.27 1.8
226.26 7.6
227.29 21.2
228.01 17.4
229.03 5.8
230.25 7.1
231.04 9.9
232.24 13.8
233.31 5.9
234.01 1.5
236.12 5.6
237.03 3.9
238.40 2.2
239.22 3.7
240.33 8.8
241.17 23.8
242.21 9.9
243.32 6.4
244.39 5.3
245.29 1.3
246.30 1.6
247.17 12.1
248.17 7.4
249.18 13.4
250.27 4.6
252.21 4.9
253.65 25.7
254.28 19.3
255.06 6.1
256.35 18.1
257.85 11.1
259.22 11.4
260.22 23.0
261.20 10.0
262.32 5.1
263.36 11.0
264.28 1.2
265.34 20.0
266.24 18.5
267.20 4.9
268.17 1.6
269.96 2.6
272.25 501.0
273.16 48.4
274.05 6.7
275.34 17.3
276.31 5.3
277.21 8.8
278.09 3.1
279.94 18.3
281.21 7.7
282.41 1.4
283.04 3.9
284.03 3.7
285.28 2.9
286.15 6.8
287.22 90.4
288.20 29.4
289.15 19.8
290.13 8.4
291.41 3.8
292.49 9.7
293.25 27.6
294.19 9.3
295.06 8.9
296.22 5.2
297.17 4.8
299.37 7.0
300.24 5.4
301.16 23.9
301.98 6.9
303.29 11.6
304.25 7.4
305.06 16.6
306.20 47.4
307.07 522.1
308.06 56.8
309.31 3.9
310.32 10.3
311.12 3.2
312.18 25.2
313.01 8.2
314.31 6.2
315.47 16.2
316.24 10.6
317.37 8.2
318.10 10.2
319.14 29.2
320.23 8.9
321.27 16.3
322.71 30.1
323.35 57.7
324.26 23.3
325.25 83.5
326.27 14.2
327.75 850.4
328.41 165.8
329.33 113.1
330.34 40.3
331.19 10.2
332.25 5.1
333.22 22.2
334.28 21.7
335.57 18.4
336.87 344.1
338.22 4.9
339.19 16.5
340.35 21.0
341.24 24.6
342.09 16.0
343.29 50.2
344.17 6.7
345.14 14.6
346.26 2.8
347.14 13.4
348.28 11.0
349.29 31.1
350.19 6.0
353.28 430.5
354.26 29.2
355.44 5.1
356.42 9.6
357.25 12.5
358.15 9.6
359.76 16.4
360.90 29.7
362.18 59.5
363.29 190.3
364.06 54.1
365.23 5.9
366.16 8.9
367.53 5.0
368.46 10.0
369.36 6.3
371.13 255.9
372.19 24.0
373.27 11.6
375.23 227.0
376.29 75.0
377.31 36.1
378.50 52.8
379.61 4.0
380.46 8.4
385.29 415.1
386.23 99.1
387.32 20.8
388.29 3.7
389.32 1.2
390.97 31.7
392.17 33.0
393.25 84.5
394.33 135.4
395.48 16.1
396.77 3.7
397.43 1.9
399.40 5.9
401.35 2.2
403.34 553.3
404.28 297.1
405.22 111.2
406.17 5.1
410.39 4.3
412.89 14735.4
413.86 35.2
414.77 17.2
415.53 12.1
416.32 2.4
417.81 6.2
420.02 6.9
421.72 4.8
430.30 1.9
436.20 10.8
437.92 7.0
440.34 99.9
441.32 10.9
442.87 5.6
445.14 2.2
451.45 2.4
454.35 11.2
458.33 50.7
459.45 2.9
472.37 1442.5
473.37 143.3
475.07 1.7
481.03 1.4
490.38 6.9
495.78 2.6
506.66 5.2
523.53 2.8
526.23 2.8
535.29 55.6
536.22 8.9
539.39 4.8
543.26 2.2
552.82 24.4
553.42 49.3
554.44 11.0
558.88 4.5
559.66 1.3
570.10 1.6
571.45 512.3
572.39 69.3
576.31 2.1
579.49 4.6
582.11 2.5
583.14 3.6
597.28 5.3
601.63 1.1
607.54 18.3
611.80 1.4
612.67 4.2
616.52 10.8
617.46 2.1
623.58 2.4
627.63 1.6
650.45 1.3
651.19 3.0
652.07 5.4
654.33 9.4
655.49 2.9
656.46 5.6
664.51 2.8
672.45 1289.3
673.48 134.7
682.63 8.3
685.44 5.3
686.55 2.1
691.49 6.0
693.55 2.7
707.38 1.2
708.46 7.2
709.62 3.9
712.15 2.6
725.57 41.1
726.69 5.1
737.96 1.5
743.40 43.1
744.59 18.2
794.55 1.0
820.69 3.0
