1168.55742 2
168.17 2.2
175.10 18.0
178.16 4.7
181.18 47.9
182.02 1.8
183.44 2.8
184.28 4.4
188.07 3.5
195.17 1.3
197.23 2.3
200.24 26.8
201.17 3.6
203.11 4.1
204.07 1.2
207.26 1.1
208.27 4.2
209.03 2.8
210.21 1.8
211.19 6.4
212.20 13.0
213.20 4.6
216.25 5.0
217.09 10.5
220.43 1.6
225.08 14.3
226.18 5.8
227.56 2.8
228.30 5.0
230.03 6.6
230.85 1.9
232.16 8.1
233.20 2.1
234.18 4.5
235.09 3.7
239.20 1.9
240.16 5.0
241.17 1.0
243.16 5.8
244.49 32.1
245.20 29.5
246.27 32.4
248.36 2.2
250.09 3.6
251.10 36.3
251.79 2.0
252.43 2.0
253.69 6.5
254.29 5.6
257.29 4.3
258.24 2.6
259.30 4.1
260.15 9.5
260.95 1.2
262.08 1.9
262.88 1.6
265.18 5.4
268.11 5.5
269.25 3.7
270.17 1.4
271.18 2.1
272.28 3.6
274.27 5.4
276.85 1.5
278.22 81.4
278.98 4.5
280.15 8.1
282.50 6.3
283.19 5.3
284.21 10.1
285.38 1.0
287.35 3.1
288.04 2.8
289.49 1.0
291.21 5.0
292.09 7.0
293.41 9.9
294.47 5.4
296.24 24.2
297.65 5.9
299.29 4.1
301.21 6.8
302.10 6.6
302.93 1.4
305.38 5.3
306.16 4.8
309.18 3.2
311.14 40.7
312.13 9.8
313.29 2.6
315.26 1.5
316.29 6.9
319.07 5.2
320.20 10.6
321.12 4.8
322.49 2.9
323.46 7.2
324.21 6.6
325.33 4.7
326.19 2.8
328.09 4.3
329.09 7.5
330.00 2.1
332.21 4.5
334.01 44.5
334.87 4.9
335.87 5.3
337.38 14.2
338.20 7.9
340.28 1.5
342.20 127.0
343.28 26.3
344.18 1.9
347.33 2.6
348.45 2.3
349.22 1.4
353.32 13.9
354.17 4.9
355.24 4.3
357.41 10.3
358.05 4.6
360.25 12.9
361.11 3.9
363.21 21.8
364.35 14.0
365.30 1.3
366.32 2.0
367.48 4.6
368.34 7.7
369.56 3.5
371.26 3.3
372.24 5.4
373.21 46.1
374.29 10.6
375.20 13.8
376.15 9.3
378.13 3.9
379.16 8.7
380.29 18.1
381.22 11.9
383.31 19.8
385.27 24.7
386.37 5.9
387.50 8.4
388.27 4.4
389.15 2.6
390.49 9.6
391.10 40.3
392.17 10.2
393.24 6.4
394.25 2.6
396.13 1.7
397.12 17.4
398.60 4.0
400.05 2.0
401.03 6.2
402.32 7.1
405.24 5.1
406.12 6.9
407.22 1.2
409.26 196.1
410.34 38.3
411.16 4.4
412.36 3.6
413.01 10.1
414.12 2.8
415.43 3.0
418.20 1.2
420.64 18.7
421.27 1.9
422.29 12.5
423.11 27.1
424.34 7.8
425.27 6.3
426.15 10.8
427.13 10.2
428.00 8.2
429.64 3.9
430.41 5.9
431.36 3.7
432.20 10.7
433.29 3.7
434.01 3.3
434.98 1.5
436.33 7.8
438.49 6.5
439.49 5.5
440.47 8.0
441.67 3.3
442.37 2.5
443.72 1.5
445.72 7.7
447.20 24.9
448.25 22.7
449.16 6.3
450.32 8.0
451.29 4.5
452.36 8.2
453.18 9.3
454.21 29.2
455.35 20.4
456.14 4.6
457.40 2.3
458.30 3.2
459.20 3.4
460.29 3.2
462.46 12.6
463.14 6.3
464.09 17.0
465.31 6.3
466.33 2.5
467.63 15.3
468.48 13.6
469.56 15.6
470.37 29.2
471.34 26.4
472.28 6.3
473.34 3.4
474.48 9.4
475.11 1.0
476.37 2.9
477.34 8.3
478.44 10.6
479.26 19.1
480.47 6.0
481.17 10.8
482.26 1.4
483.08 15.0
484.06 27.0
485.48 9.5
486.36 12.0
487.79 19.6
488.41 4.5
490.28 5.3
491.66 45.5
492.38 6.5
493.25 28.7
494.22 35.0
495.15 20.2
496.37 14.4
497.22 13.5
498.36 19.4
499.38 11.1
500.36 30.0
501.33 8.9
502.15 1.9
503.61 21.3
504.27 10.5
505.44 11.9
506.44 6.3
507.60 10.6
508.39 21.7
509.36 11.7
510.49 5.0
511.53 95.6
512.41 8.4
513.35 5.3
514.41 7.2
516.60 16.5
518.19 45.7
519.17 17.6
520.27 30.0
521.30 44.0
521.96 65.2
523.24 52.2
524.43 36.5
525.32 24.3
526.56 74.6
527.48 10.1
528.58 6.3
529.55 9.2
530.60 3.6
531.30 8.7
532.23 15.2
533.26 12.4
534.32 4.2
535.32 19.2
536.38 7.4
537.30 25.2
538.33 118.2
539.36 37.4
540.34 13.2
541.57 12.4
542.59 15.5
543.90 99.9
545.03 23.9
546.28 6.0
547.76 4.1
548.54 13.4
549.34 50.5
550.51 8.0
551.70 4.7
553.03 915.4
554.09 43.9
555.24 16.8
556.77 29.8
557.74 21.6
558.63 8.2
559.36 8.1
560.40 9.8
561.46 33.6
562.35 99.2
563.15 32.2
563.80 11.8
564.55 12.0
565.36 8.5
566.52 215.5
567.26 338.3
568.20 68.0
569.40 32.3
570.39 4.5
572.75 44.6
575.92 1348.6
576.88 7.4
577.72 1.3
596.07 1.9
598.40 4.2
600.32 4.7
601.40 3.9
602.18 6.0
603.20 4.7
604.22 3.5
608.14 7.1
610.32 14.8
611.42 11.9
613.22 3.3
614.39 1.6
616.70 10.9
620.71 1.7
621.57 1.6
623.00 7.5
625.33 2.5
627.69 12.3
628.57 1.3
629.34 14.8
630.95 13.8
631.72 4.9
632.34 6.4
633.33 6.9
634.40 5.0
639.96 2.2
640.83 7.4
645.55 1.3
651.39 145.0
652.53 65.5
654.32 2.2
660.37 1.5
662.54 3.7
663.58 11.2
664.62 10.5
667.43 2.8
668.30 5.1
669.43 4.3
670.55 8.2
671.67 1.1
672.61 45.9
673.66 2.0
675.20 3.4
678.40 14.8
679.37 4.7
680.47 2.2
681.38 2.5
682.48 13.7
683.31 5.6
689.41 6.0
691.40 14.4
692.46 1.5
694.64 13.8
696.51 13.2
697.17 1.0
698.46 3.5
699.69 7.2
704.37 10.3
709.59 3.9
711.47 23.6
712.29 2.3
715.34 1.7
716.17 1.9
718.03 1.4
722.44 78.9
723.49 31.4
724.51 3.4
725.30 4.5
726.60 1.3
727.38 2.4
731.15 5.4
732.24 1.0
733.00 2.4
734.43 2.8
736.01 11.8
741.25 1.8
742.43 29.2
743.66 4.5
745.36 3.1
746.20 4.2
747.22 4.3
748.37 4.8
750.43 3.0
753.69 5.9
754.45 1.2
755.76 2.0
756.57 3.1
757.58 2.3
758.85 20.6
760.24 68.1
761.28 10.3
762.55 13.5
764.39 15.4
766.50 4.9
767.35 4.1
768.40 3.3
771.29 19.3
776.35 2.2
777.18 4.7
779.50 4.5
780.26 4.5
781.43 1.9
783.78 17.6
788.26 2.3
790.54 9.8
791.32 2.2
792.67 10.7
793.50 4.0
794.82 7.0
798.34 36.7
799.42 11.1
801.55 6.9
803.67 2.2
804.50 2.2
806.25 1.2
807.39 7.4
809.48 278.6
810.40 60.8
811.45 10.9
814.26 14.7
815.40 3.6
817.20 2.5
820.37 5.4
821.75 2.7
822.57 6.1
823.39 1.7
825.21 3.9
826.63 6.2
828.52 19.8
829.63 9.9
831.46 1.7
836.16 1.6
837.80 1.8
839.39 2.3
840.43 4.1
841.52 6.4
842.37 4.4
843.43 2.5
847.42 11.0
852.59 2.1
853.47 8.7
856.88 1.0
859.27 11.7
860.14 3.6
864.27 5.3
868.18 4.1
869.50 1.2
871.64 7.2
872.73 1.4
875.24 15.7
876.01 7.2
876.65 2.5
883.48 2.9
884.16 6.4
887.40 2.1
888.38 4.5
889.56 10.1
890.32 2.4
892.72 5.9
893.61 2.5
895.55 2.5
896.51 1.9
902.77 8.8
905.99 28.3
907.11 13.3
908.10 17.1
911.52 40.1
912.66 8.5
913.97 1.8
918.28 7.2
921.45 2.1
923.47 53.5
924.50 184.7
925.61 77.7
927.35 10.6
928.51 1.9
939.09 4.2
940.61 11.2
941.55 5.5
943.68 3.2
950.39 2.1
951.49 2.4
956.51 1.9
958.49 33.9
959.65 3.8
962.87 3.0
964.72 4.1
966.87 1.5
968.35 1.3
976.38 3.4
979.54 2.1
983.54 2.3
984.75 11.2
985.64 3.1
986.33 2.7
987.69 3.2
988.31 2.7
992.59 5.2
993.54 1.5
995.67 4.2
998.93 8.9
999.70 1.2
1000.57 10.2
1001.66 2.0
1002.37 3.2
1003.87 11.1
1004.63 17.5
1005.50 20.1
1018.38 2.9
1020.48 5.6
1021.58 106.6
1022.50 38.5
1023.39 18.9
1035.41 2.4
1037.45 2.3
1039.88 11.0
1040.88 5.5
1045.33 2.4
1047.46 6.2
1055.52 1.1
1056.68 2.4
1147.71 5.6
