1084.49578 2
154.30 5.8
156.11 2.8
157.15 2.9
158.20 7.0
167.24 1.9
169.18 1.8
172.99 3.4
174.09 1.1
175.16 13.2
176.22 1.2
177.36 4.5
178.14 8.7
179.16 3.3
183.17 1.4
185.19 5.7
186.14 7.5
187.21 5.5
194.25 3.3
194.92 1.0
200.15 5.7
201.34 1.3
202.01 4.5
205.18 7.7
209.23 6.9
211.19 1.1
212.29 7.4
213.17 2.9
218.34 5.9
220.31 2.4
222.53 4.0
224.89 2.6
226.19 18.7
227.22 14.1
228.23 10.5
229.31 4.4
230.29 5.0
232.24 10.2
233.11 9.5
234.15 2.3
235.21 1.5
236.19 2.5
237.16 2.5
238.25 5.3
239.08 4.0
240.15 7.8
241.07 4.3
242.26 7.2
244.21 44.0
245.23 20.6
246.23 3.8
247.25 3.4
248.28 29.3
249.06 4.8
251.10 1.9
260.12 8.7
262.26 356.4
263.28 22.9
266.06 3.6
267.17 1.5
268.33 1.4
270.20 3.1
271.43 3.2
272.28 7.8
273.30 7.8
274.07 9.4
276.37 4.8
277.35 2.3
278.03 4.4
281.44 3.0
282.45 1.6
284.04 10.4
285.06 3.5
286.48 4.5
288.57 3.6
290.29 2.9
291.36 4.1
295.30 7.6
296.31 3.9
297.39 5.4
298.36 9.9
299.24 2.4
302.15 2.5
303.23 4.8
309.08 6.3
312.33 13.2
313.42 2.2
314.27 14.5
315.32 31.6
316.17 2.6
317.30 44.1
319.17 4.3
321.71 3.6
323.23 4.1
324.28 10.6
325.38 9.2
326.54 6.4
327.42 1.2
329.31 14.1
330.05 1.2
331.45 8.9
332.44 5.7
334.09 5.4
336.22 2.4
338.53 8.5
339.67 6.2
341.22 4.8
342.32 31.8
342.97 2.0
345.44 10.9
348.32 5.9
350.13 2.3
352.03 3.1
354.12 2.4
355.07 2.9
357.08 1.8
359.28 71.5
360.42 25.8
361.57 7.3
363.51 5.0
366.24 9.4
367.83 4.5
368.76 5.1
369.43 1.9
370.30 2.7
372.40 1.2
374.28 2.2
375.05 4.9
376.18 8.3
377.23 78.5
378.07 7.7
379.25 3.6
380.32 1.9
381.53 6.5
383.30 8.2
384.23 2.5
385.23 6.6
385.99 3.3
387.02 16.3
389.57 20.1
390.31 58.3
391.07 1.4
392.12 7.3
393.06 23.9
394.28 8.4
394.95 4.9
395.94 14.0
396.72 2.3
397.33 12.0
398.70 51.5
399.65 9.0
400.42 7.2
401.18 2.0
402.48 8.5
403.43 11.0
404.41 8.3
407.17 15.0
408.21 4.8
409.55 24.8
410.52 25.9
411.60 70.0
412.36 26.8
415.76 26.5
416.45 10.9
417.09 2.0
418.68 6.0
419.42 12.6
420.62 27.1
421.55 9.2
422.43 2.0
423.28 1.1
424.42 26.8
425.25 30.3
426.42 4.3
427.45 16.0
428.26 30.1
428.97 10.2
430.08 11.4
431.05 7.6
431.78 16.1
432.45 2.0
433.19 45.3
433.80 52.1
434.49 19.7
435.61 15.5
436.32 20.5
437.06 8.6
438.44 10.7
439.94 22.1
440.75 26.2
441.70 10.7
442.65 27.3
443.42 17.1
444.67 14.2
445.47 7.0
446.74 10.5
447.58 18.1
448.52 13.1
449.32 34.1
450.33 6.0
451.31 21.4
452.59 16.2
453.46 7.6
454.64 41.4
455.30 3.9
456.22 22.1
457.70 13.6
459.53 24.3
460.28 9.2
461.51 16.3
462.67 18.2
463.38 29.8
464.21 17.3
465.17 14.9
466.53 24.5
468.25 66.2
469.21 9.5
470.28 16.5
471.20 13.0
472.57 60.3
473.33 50.0
474.08 7.4
474.69 6.2
475.36 13.7
476.59 55.0
477.49 53.3
479.07 31.6
479.98 18.6
481.68 119.1
482.65 24.1
483.34 7.8
484.18 5.3
485.60 38.9
486.34 25.3
487.88 156.9
488.75 7.2
490.42 146.0
491.55 66.5
492.56 17.7
493.35 16.5
494.10 120.1
495.28 42.3
496.52 484.5
497.37 166.8
498.11 29.1
498.93 11.0
500.15 28.1
500.88 47.3
502.01 112.6
503.00 495.1
503.90 111.1
505.25 659.6
506.03 515.9
507.38 44.4
508.36 29.8
509.19 55.6
510.03 284.7
511.66 1827.3
512.32 714.2
513.02 168.6
514.01 28.2
515.73 153.6
516.45 46.2
518.68 688.4
519.35 260.9
520.54 4798.7
521.31 638.8
522.19 6.1
524.66 1340.7
525.37 677.0
526.22 31.1
527.60 1271.6
528.46 164.1
529.32 4.1
529.99 12.4
530.95 23.8
532.00 8.5
533.68 3969.9
534.37 708.5
535.32 1.6
548.33 4.3
554.42 3.7
555.43 8.8
556.21 1.3
561.37 4.5
562.27 11.9
565.27 2.2
568.49 2.7
569.27 1.7
569.87 13.7
572.49 10.2
573.34 13.8
574.42 4.3
576.91 3.2
581.50 1.0
582.61 4.8
588.55 2.8
593.49 9.7
595.24 4.2
596.35 1.6
598.80 1.0
602.91 1.5
604.47 7.2
605.59 9.8
607.53 1.0
608.43 2.2
611.06 3.3
616.13 3.5
617.39 2.8
618.17 4.3
620.01 2.3
621.29 92.2
622.27 23.4
623.26 1.1
625.32 2.2
628.53 2.6
630.55 2.9
633.30 17.7
634.40 48.3
635.42 6.1
638.84 3.8
642.26 6.0
644.77 3.5
646.14 19.1
647.40 20.6
648.43 2.6
650.28 5.9
651.20 19.2
652.01 11.1
652.99 8.9
658.28 13.1
659.52 1.8
660.43 13.0
661.34 1.2
661.96 3.1
663.25 10.7
664.43 13.0
665.10 3.6
666.58 4.5
668.52 5.3
672.95 4.1
675.30 1.7
677.54 7.2
678.51 3.8
682.31 11.7
683.37 14.7
684.53 3.3
685.38 1.7
688.27 3.5
690.31 15.6
691.43 3.7
692.48 6.2
694.15 10.7
695.57 4.2
696.53 4.4
697.37 10.3
698.39 6.0
699.77 10.4
701.39 9.6
704.75 3.0
706.07 4.1
708.28 28.0
709.19 2.5
711.37 4.9
712.34 1.6
713.43 17.8
714.81 7.0
716.29 6.0
721.78 7.0
725.60 1.4
726.54 18.1
727.45 3.2
729.30 1.6
730.46 25.9
731.39 30.3
732.41 2.4
733.77 3.4
739.87 7.3
740.52 2.3
743.61 8.0
744.63 1.2
746.94 9.4
748.27 9.2
749.34 60.6
750.44 34.6
751.97 3.7
754.39 4.3
759.41 2.5
761.15 18.4
762.48 15.2
766.28 12.1
769.43 1.2
771.36 2.9
775.58 2.6
776.40 2.5
778.18 2.7
779.42 115.1
780.38 10.4
781.52 5.7
784.45 5.6
786.68 4.5
787.44 3.4
788.25 5.1
789.23 11.8
790.77 2.6
793.26 13.6
794.32 2.8
796.36 5.0
797.54 4.5
798.84 1.3
799.47 7.4
800.72 3.7
805.33 29.2
806.39 23.1
807.19 4.6
808.46 3.9
810.36 8.3
812.33 4.1
817.33 5.8
819.42 2.9
823.41 121.6
824.58 30.9
825.32 3.0
826.76 1.5
831.52 4.1
833.14 2.6
834.11 3.8
835.58 22.1
836.36 1.2
840.47 12.3
841.63 1.5
843.52 3.9
845.68 4.5
846.53 9.0
849.56 20.3
850.19 2.7
852.23 1.2
854.65 3.0
862.39 3.0
866.53 1.2
867.42 2.7
869.38 7.2
870.77 2.3
871.68 3.5
879.50 1.2
881.73 1.6
883.51 1.1
887.87 1.5
889.27 1.5
892.69 4.8
893.63 2.5
902.57 2.5
909.69 8.1
910.79 3.7
912.56 9.0
914.42 8.3
921.66 3.5
926.76 1.2
934.75 7.8
938.64 9.9
939.44 5.1
947.74 1.2
951.74 1.5
955.90 2.3
956.78 8.1
965.67 3.5
1044.08 2.5
1045.63 174.0
1046.61 213.9
1047.71 97.8
1062.32 8.2
1063.43 1.0
