1007.46318 2
144.01 4.8
145.28 5.4
145.98 6.5
147.19 9.2
149.31 6.4
150.22 4.5
151.13 8.3
152.20 6.6
153.17 14.2
154.04 2.0
155.19 18.2
156.19 5.2
157.12 18.9
158.28 10.0
159.15 14.8
160.15 36.0
161.17 22.7
162.15 33.9
163.20 11.0
164.15 5.2
165.15 11.8
166.13 9.1
167.23 17.6
168.15 6.0
169.02 7.0
170.05 3.4
171.20 15.0
172.17 7.4
173.29 7.9
174.08 4.3
175.23 12.2
176.24 8.2
177.10 15.2
178.22 30.5
179.08 14.6
180.15 11.8
181.16 21.1
182.04 11.2
183.23 14.1
184.95 25.0
186.25 7.7
187.08 11.6
188.27 9.4
189.17 15.0
190.32 8.0
191.22 17.1
192.24 16.7
193.15 29.5
194.12 7.2
195.26 20.1
196.28 20.4
197.12 19.4
198.20 18.2
199.35 16.8
200.42 10.6
201.15 37.1
202.22 4.7
203.22 10.6
204.13 14.5
205.19 10.7
206.19 25.4
207.32 12.4
208.51 5.6
209.17 15.2
210.15 6.7
211.15 28.3
212.36 8.1
213.27 19.2
214.29 36.0
215.21 100.9
216.26 12.2
217.08 19.6
218.20 3.2
219.19 9.0
220.47 30.2
221.37 31.5
222.17 38.5
223.26 14.9
224.19 3.7
225.34 16.7
226.20 9.6
228.14 46.1
229.01 3.3
230.26 8.3
231.21 19.5
232.11 13.6
233.08 24.2
234.22 3.4
235.32 2.6
236.26 22.0
237.24 13.1
238.19 6.8
239.36 24.4
240.29 15.2
241.23 9.6
242.19 2.0
243.31 8.7
244.18 13.4
245.14 24.3
246.32 7.9
247.20 12.7
248.29 19.2
249.23 17.4
250.13 40.1
251.20 15.5
253.45 7.4
254.31 9.7
255.25 3.3
256.13 14.1
257.33 29.3
258.53 13.6
259.29 9.1
260.32 14.6
261.29 21.3
262.24 36.8
263.33 11.0
264.39 12.6
265.14 15.6
266.17 24.8
267.58 10.0
268.25 5.6
269.19 12.9
270.21 11.3
271.19 21.7
272.33 21.8
273.23 24.8
274.28 22.9
275.26 39.1
276.46 20.3
277.41 17.1
278.27 23.7
279.23 8.8
281.02 234.4
282.11 261.8
283.12 20.6
284.02 11.0
285.27 10.5
286.30 7.9
287.35 12.0
288.40 39.7
289.26 66.6
290.20 65.8
291.22 37.6
292.26 26.2
293.33 39.8
294.17 32.6
295.21 24.5
296.15 21.1
297.33 15.8
298.28 27.4
299.12 14.6
300.07 36.7
301.16 2.3
302.40 13.5
303.57 12.3
304.28 14.2
305.17 21.1
306.26 60.5
307.30 126.1
308.23 65.6
309.09 39.1
310.10 18.9
311.28 4.9
312.23 20.1
313.31 22.8
314.22 18.8
315.32 8.3
316.25 13.6
318.28 10.5
319.12 3.8
320.24 3.7
321.35 40.4
322.15 10.2
323.20 51.7
324.29 59.6
325.21 97.1
326.24 64.1
327.19 49.6
328.29 29.2
329.22 17.0
330.12 11.8
331.06 14.1
332.18 14.0
333.25 15.4
334.16 6.8
335.44 1.6
336.44 3.1
337.25 11.5
338.49 9.3
339.16 5.4
340.30 34.8
341.24 138.9
342.14 100.2
343.20 85.7
344.33 33.6
345.89 6.5
346.63 19.4
347.35 17.8
348.09 10.3
349.25 62.4
350.34 16.7
351.31 9.4
352.13 8.7
353.29 24.1
354.52 56.8
355.28 137.9
356.41 11.1
357.19 12.8
358.36 45.6
359.29 42.3
360.26 52.3
361.11 40.8
362.74 10.1
363.94 12.2
365.33 20.5
366.03 7.1
367.27 64.3
368.36 11.1
369.34 35.1
370.23 36.6
371.19 18.4
372.27 33.2
373.30 14.5
374.33 20.4
375.29 23.3
376.37 23.3
377.38 10.9
378.33 23.0
379.25 51.2
380.37 7.9
381.23 14.2
382.18 8.6
383.84 30.6
384.92 43.5
386.21 40.8
388.26 20.2
389.23 18.3
390.24 20.3
391.33 22.5
392.28 12.2
393.22 18.8
394.25 22.4
395.34 6.2
396.02 6.3
396.81 4.0
397.45 3.2
398.31 27.9
399.39 18.3
400.29 30.7
401.32 28.2
402.32 32.9
403.42 15.6
404.29 60.3
405.35 24.4
406.44 15.7
407.29 28.7
408.21 11.3
409.08 6.2
410.05 29.6
411.12 19.0
412.11 20.1
413.06 8.2
414.21 19.0
415.04 39.6
416.17 112.8
417.14 67.4
418.35 26.8
419.40 4.5
420.33 7.3
421.30 4.7
422.59 145.7
423.52 60.6
424.45 39.7
425.89 23.9
426.73 12.9
427.37 10.4
428.11 34.3
428.93 5.1
429.53 5.7
430.30 14.0
431.82 29.9
432.78 35.2
433.46 6.1
435.28 2.4
436.30 81.7
437.37 76.4
438.42 96.1
439.30 58.8
440.49 72.3
441.45 17.9
442.31 27.1
443.40 8.9
444.42 68.3
445.44 89.8
446.36 125.6
447.33 85.3
448.28 20.0
448.97 12.4
449.61 7.4
450.30 9.6
451.31 17.9
452.19 22.9
452.85 13.2
453.74 260.1
454.40 588.3
455.35 344.6
456.36 292.7
457.33 103.3
458.53 121.9
459.38 65.5
460.30 80.9
461.28 27.2
462.34 19.6
463.20 4.0
464.61 4.3
466.05 12.7
468.50 232.2
469.36 115.8
470.34 24.9
471.19 7.3
472.91 20.6
474.37 6.3
475.62 24.3
476.28 20.3
477.22 16.6
478.28 24.8
479.41 8.2
480.58 6.0
481.61 79.0
482.42 11.4
483.26 3.2
483.92 1.2
486.24 2076.1
487.24 1235.0
488.34 85.6
489.27 3.2
490.33 215.7
491.49 3.9
492.22 2.2
493.58 16.1
494.28 3.3
495.42 242.2
496.22 12.0
512.44 3.6
513.33 3.4
514.29 2.7
518.28 26.4
519.42 3.7
521.25 7.3
523.51 2.0
525.03 1.4
530.36 26.6
531.38 4.7
537.29 3.5
539.27 5.0
540.34 2.7
544.23 3.4
545.31 2.9
548.31 1.0
549.08 3.7
554.20 1.5
557.52 2.0
562.21 1.6
567.51 9.4
570.50 3.0
572.98 8.5
574.33 1.6
576.32 5.8
576.97 1.7
585.46 5.9
587.63 4.6
591.39 27.8
592.34 12.2
594.66 3.8
602.50 3.9
604.18 19.1
605.01 5.7
608.40 1.4
609.09 1.8
610.35 17.5
611.60 5.7
612.48 11.2
613.29 19.4
614.34 20.1
615.42 1.3
616.45 5.0
617.95 1.2
620.74 3.1
621.40 3.3
624.44 3.1
626.49 1.3
629.33 25.4
631.20 103.2
632.10 23.4
638.30 16.0
642.94 2.2
646.59 1.3
653.08 5.8
653.86 5.0
656.99 1.4
658.87 2.2
663.28 12.0
669.46 12.8
671.41 2.8
675.37 5.5
677.22 1.4
681.35 27.6
682.29 1.1
686.52 3.4
687.37 6.4
689.57 8.3
691.69 2.9
692.41 1.6
696.56 4.2
705.23 6.5
708.20 3.3
709.27 27.3
710.31 12.4
712.75 5.4
713.43 32.6
715.71 2.2
718.43 2.2
724.70 3.7
726.47 6.8
727.43 2.4
730.35 47.7
731.20 7.1
731.87 3.6
733.51 2.5
734.25 3.1
738.65 2.4
740.42 2.7
742.50 2.7
743.41 4.7
744.40 3.7
747.29 4.4
748.61 3.3
749.34 6.2
750.50 3.2
751.34 3.2
753.49 5.2
762.63 7.9
763.38 2.5
769.75 7.8
770.71 3.5
771.55 2.3
774.44 2.2
776.53 13.6
778.32 6.9
780.38 39.5
787.34 20.6
794.42 17.1
795.36 36.4
796.54 5.2
799.31 2.7
800.20 4.0
810.25 1.2
822.36 22.5
825.81 2.5
826.52 46.6
827.41 55.6
828.38 7.7
829.41 2.7
831.14 4.7
833.91 6.5
844.34 347.4
845.43 71.5
847.39 3.7
848.46 4.1
849.39 6.3
851.42 20.0
852.35 11.7
853.35 5.8
856.12 1.9
863.31 1.4
864.37 1.7
865.37 4.4
873.69 1.3
876.35 5.7
877.24 13.0
890.63 25.4
891.42 23.6
892.35 10.3
894.36 109.5
895.27 15.8
906.38 3.0
907.77 12.1
908.41 199.0
909.42 45.7
910.81 4.9
919.51 4.4
936.49 70.7
937.56 3.4
972.66 2.3
