1179.60344 2
174.10 1.1
175.22 5.9
178.28 2.2
183.35 4.5
200.27 3.8
202.20 59.4
203.28 6.0
207.28 3.2
210.15 6.3
215.20 4.4
218.35 1.4
220.08 2.8
223.20 1.5
226.12 3.8
232.22 65.5
233.04 2.9
234.05 9.7
235.22 1.4
236.22 1.0
241.99 2.3
243.00 1.7
243.96 3.0
244.95 1.1
246.34 3.8
247.32 2.6
249.03 6.3
250.59 5.7
254.32 1.2
258.99 5.3
260.16 1.8
261.82 2.2
263.49 2.1
264.09 3.0
265.16 76.0
266.10 17.4
267.17 2.0
268.19 4.5
270.09 1.9
272.47 3.9
273.49 2.1
275.12 13.9
276.17 3.8
277.30 4.4
278.14 1.7
280.21 1.4
281.27 4.9
288.21 8.0
289.21 1.9
290.29 2.1
291.02 4.6
293.15 198.0
294.12 16.2
296.42 1.0
298.33 2.1
298.96 1.8
300.27 8.4
302.34 13.6
303.26 112.5
315.21 1.2
317.60 1.5
319.45 1.0
322.04 2.5
322.94 3.0
325.15 2.9
326.25 4.7
333.14 3.0
337.18 1.7
338.30 5.2
339.39 1.6
343.11 5.5
344.48 6.0
345.21 1.2
346.48 8.6
347.27 2.3
349.25 4.0
350.59 1.3
351.25 1.5
352.24 1.4
353.19 22.3
356.58 1.5
357.23 7.1
359.09 1.0
360.18 12.2
362.54 3.1
366.30 1.2
369.30 4.0
371.26 6.5
372.28 6.4
373.31 3.5
376.35 4.1
377.02 2.6
378.15 6.5
378.83 18.0
380.23 3.0
381.25 11.0
382.19 9.9
383.24 4.2
386.22 2.3
387.26 6.2
389.37 1.3
391.38 1.7
394.20 5.6
398.15 8.4
402.14 3.0
404.27 320.8
405.25 22.3
406.34 1.9
408.02 4.5
410.36 1.9
411.35 5.8
413.11 16.1
413.87 6.1
418.14 1.9
422.20 105.6
423.33 9.5
425.04 2.1
426.53 9.2
427.36 5.4
428.29 1.1
429.36 5.7
430.08 1.9
431.24 1.1
432.93 8.6
434.38 1.7
435.31 10.0
436.44 6.3
438.39 7.2
439.22 2.7
440.50 1.9
443.11 2.9
444.24 1.8
446.96 3.6
450.24 7.7
453.37 2.7
454.91 25.3
456.17 5.5
458.06 6.0
459.43 5.9
460.59 3.6
461.23 6.0
462.28 4.9
462.99 1.5
464.11 2.4
466.40 8.0
467.34 7.8
469.39 3.8
471.27 7.5
472.26 2.0
474.39 5.7
476.27 31.0
480.39 15.8
481.67 5.2
482.30 10.3
484.46 24.0
485.07 10.0
487.30 2.5
488.42 5.4
489.23 2.6
490.18 7.2
490.85 3.4
491.71 15.2
494.43 6.8
495.08 2.1
497.00 18.2
498.57 14.3
499.26 33.0
500.24 14.7
502.35 10.1
503.57 6.5
505.23 11.0
506.33 2.3
507.46 24.9
508.64 5.9
509.56 2.6
510.64 10.9
511.27 16.4
512.32 1.4
514.35 28.3
515.42 21.1
516.29 11.4
517.42 307.7
518.46 30.9
519.50 3.0
521.35 3.7
526.20 5.8
527.71 13.2
528.51 17.0
529.47 4.5
530.28 11.5
531.56 5.9
532.40 17.0
533.29 4.5
534.24 1.9
535.34 97.0
536.24 8.9
537.13 6.0
538.96 6.1
540.80 10.3
542.49 5.6
543.43 2.4
544.37 2.0
545.79 19.3
546.46 21.3
547.31 4.0
549.57 8.4
550.28 3.9
551.28 4.0
552.75 10.5
553.39 11.6
554.15 15.6
555.23 15.7
556.19 3.3
558.35 7.2
559.37 8.7
560.01 9.1
561.29 5.4
563.03 3.4
563.77 4.1
567.40 24.5
568.73 18.3
572.28 161.5
573.13 98.6
574.06 44.3
575.21 4.2
578.60 12.5
581.22 76.6
582.11 66.2
590.00 3.6
590.88 3.0
597.36 2.5
599.26 1.3
600.35 4.0
601.36 1.3
606.38 4.1
607.22 1.3
618.55 7.2
620.76 1.3
627.59 30.2
628.67 18.8
629.43 4.6
630.68 2.9
632.11 8.2
638.23 7.9
645.40 288.3
646.53 51.1
647.36 9.2
648.37 3.7
663.42 69.9
664.33 15.0
665.36 12.9
667.82 3.5
678.62 6.2
687.45 3.5
689.60 2.2
694.44 16.4
704.42 5.9
710.50 9.7
714.06 12.1
715.26 2.7
720.50 1.8
721.27 8.7
722.39 4.1
729.49 2.1
734.70 3.4
735.39 2.6
738.84 5.7
740.48 4.5
741.13 10.0
743.52 2.8
745.55 1.3
746.35 6.1
747.32 2.5
748.79 5.8
749.83 9.1
754.15 5.1
758.45 211.8
759.58 59.7
760.92 5.3
763.47 3.4
764.37 5.5
766.25 14.4
767.48 1.3
772.64 3.0
776.38 101.0
777.42 48.8
778.18 2.4
780.03 19.1
782.49 5.9
792.44 1.2
793.46 6.9
801.63 2.2
803.47 2.4
805.64 3.4
807.08 7.7
807.74 5.4
808.90 1.3
817.47 2.6
818.40 4.0
819.35 4.7
820.49 8.1
823.67 1.2
836.36 3.8
841.93 1.3
850.42 3.5
852.09 5.0
853.69 2.2
859.55 3.6
860.70 4.6
861.65 1.8
869.77 21.9
870.61 35.7
871.52 1.9
872.90 9.2
877.38 46.9
878.38 8.7
880.00 1.0
880.68 3.6
887.49 407.7
888.63 70.1
903.48 6.7
904.77 3.3
911.67 1.4
912.68 6.0
915.81 4.4
920.32 8.0
922.76 2.3
926.65 1.5
930.42 29.6
931.27 10.1
931.95 1.7
933.64 1.6
935.24 2.0
936.63 2.7
937.49 3.4
944.97 9.5
948.35 70.9
949.59 17.8
959.49 4.9
963.91 1.7
967.74 7.6
968.69 7.8
979.63 1.1
980.42 1.4
987.47 6.4
995.35 2.8
998.60 5.9
1002.91 3.2
1005.46 17.2
1006.38 2.7
1007.56 5.5
1016.79 15.1
1017.68 1.6
1026.52 3.4
1030.43 2.7
1033.64 16.8
1050.54 1.0
1051.56 2.0
1060.46 1.9
1067.17 6.1
1080.59 2.5
1108.52 2.5
1130.91 2.2
1186.76 2.0
