996.5240299999999 2
142.94 1.7
155.02 2.9
156.33 1.9
157.19 10.2
158.31 32.4
159.18 6.4
164.28 1.5
166.13 1.0
168.37 2.4
169.08 9.0
170.17 3.4
175.18 72.5
176.34 3.2
176.95 1.5
183.14 6.2
184.22 6.7
186.27 40.5
187.09 19.3
192.51 2.1
199.18 3.5
209.28 42.7
211.12 15.8
212.24 10.1
213.25 1.6
215.27 2.1
217.36 1.3
225.10 4.4
226.20 1.9
228.28 52.6
229.17 105.5
230.31 7.4
234.98 2.2
240.08 2.1
244.04 1.3
246.26 1705.5
247.30 106.4
249.44 5.8
252.04 1.7
253.28 2.3
262.21 1.6
267.47 2.2
269.47 11.5
270.20 1.5
287.38 8.0
288.20 61.9
289.23 3.1
291.77 2.8
293.13 2.8
296.37 2.7
298.25 3.5
299.10 2.8
304.32 17.6
306.18 101.0
307.24 4.5
310.32 4.0
317.49 2.4
319.12 2.9
322.11 4.7
324.13 78.5
325.15 9.4
328.37 7.0
329.45 6.1
331.77 3.7
336.23 1.5
337.28 2.1
338.09 2.5
339.36 18.6
343.45 2.0
356.26 5.5
357.24 6.1
358.27 3.5
359.08 1.4
360.02 6.5
361.17 87.3
362.48 2.8
363.71 5.0
367.31 29.0
370.37 1.7
371.90 15.5
373.77 7.3
374.70 1.5
376.48 5.3
377.35 16.9
378.18 7.3
379.38 4.3
383.25 6.5
384.50 4.4
385.50 15.0
389.91 16.0
391.41 3.7
392.46 20.0
393.30 2.6
393.93 2.3
395.25 129.3
396.59 48.4
397.42 6.1
398.54 4.2
401.36 2.8
402.90 3.0
405.75 408.5
406.39 157.8
407.47 2.5
409.02 4.6
410.32 3.5
412.93 1.8
414.35 2.4
416.95 4.7
418.16 3.5
420.23 8.4
420.95 12.3
422.60 6.2
425.29 2.3
425.90 2.8
426.63 1.2
427.38 2.1
428.21 7.3
429.32 6.6
431.32 17.6
432.93 6.9
435.16 39.9
436.37 8.4
437.43 2.6
438.74 16.8
440.39 3.7
441.35 12.0
444.87 11.1
446.49 5.2
447.21 1.6
450.24 8.5
451.16 17.7
452.92 9.6
454.59 13.2
456.58 21.5
457.72 36.3
459.38 112.7
460.35 23.0
461.05 5.9
462.34 3.9
463.78 308.4
464.43 3.1
467.01 16.6
468.02 33.2
468.97 27.1
470.09 39.3
470.97 8.7
471.82 2.2
472.42 14.2
473.32 13.6
474.43 8.7
475.29 41.9
476.91 5.7
478.12 37.1
478.82 14.7
479.78 69.1
480.50 79.3
481.29 192.0
481.93 59.0
484.16 4.3
484.98 7.0
486.43 46.5
487.65 37.0
489.55 283.5
490.48 73.7
504.84 2.4
506.23 1.9
508.36 101.0
509.27 40.5
510.64 5.0
511.40 2.1
516.89 7.5
521.25 2.7
524.27 2.5
525.39 8.9
526.34 6.5
527.26 2.5
529.38 17.9
530.59 3.6
531.23 2.3
532.47 2.7
533.35 8.0
535.31 4.5
536.46 1.1
538.45 2.6
539.67 6.7
541.41 11.4
542.77 27.3
544.05 12.2
544.78 7.6
547.31 70.9
548.33 21.7
549.04 2.3
555.15 6.9
557.28 14.8
560.65 15.9
561.75 6.2
562.44 1.8
563.37 8.4
565.39 63.6
566.61 19.8
567.49 18.3
568.37 9.6
569.38 2.5
570.60 3.3
573.41 12.0
576.39 16.7
577.31 10.2
578.06 3.1
579.38 4.2
581.66 15.5
584.51 13.9
585.99 48.7
588.44 1.2
590.88 28.0
592.39 4.7
593.33 9.7
594.19 10.5
594.82 3.7
596.39 16.4
598.46 1.4
599.60 1.2
600.53 3.3
602.37 191.8
603.50 52.4
604.24 4.1
605.22 2.2
606.25 16.5
608.47 17.8
609.36 4.3
610.59 4.8
612.64 2.2
613.28 7.9
614.69 3.4
618.63 15.7
621.66 7.8
623.45 16.9
624.36 8.6
625.51 1.9
627.55 1.4
630.22 4.7
630.83 2.7
633.05 24.9
634.31 9.7
635.43 2.8
636.45 82.3
637.42 13.4
639.43 13.7
640.45 1.0
642.43 7.7
644.46 2.0
648.89 7.4
649.59 10.0
650.89 7.6
654.35 19.9
655.34 7.8
656.40 5.9
658.68 9.5
660.20 10.3
661.49 5.9
662.44 1.7
664.90 2.7
667.47 5.4
668.43 1.9
673.36 231.7
674.43 80.2
675.43 2.0
676.41 14.6
677.37 3.5
679.58 3.8
680.53 4.7
681.25 3.5
682.03 5.7
683.73 3.4
686.20 8.5
689.31 15.5
693.12 3.4
694.46 4.6
697.30 5.0
698.50 41.6
699.43 8.8
700.68 1.8
715.97 9.4
716.61 19.3
717.42 16.9
722.49 3.7
723.56 1.8
724.50 4.4
726.72 1.9
733.37 687.3
734.51 217.6
739.52 3.8
751.39 1182.7
752.46 323.1
753.26 6.0
761.74 2.6
770.56 2.6
783.84 2.2
784.66 1.6
787.40 3.5
794.77 7.8
795.54 1.5
803.59 1.2
805.40 2.2
806.48 4.1
810.22 16.4
810.97 7.5
811.72 6.9
815.88 1.6
820.71 3.6
822.62 5.0
823.63 4.2
839.58 3.8
840.56 6.3
841.39 1.4
847.71 3.3
849.82 1.5
862.27 3.4
875.59 5.3
965.51 1.9
