784.4338899999999 2
114.13 2.2
122.04 1.8
124.20 2.0
127.11 3.2
128.58 6.4
129.22 48.8
130.24 58.3
131.30 2.9
147.23 58.4
149.05 322.5
150.12 184.8
155.89 4.1
157.04 7.1
167.03 76.3
168.17 43.1
171.23 2.6
173.27 1.8
174.65 1.5
185.13 2.3
194.12 1.3
194.96 2.0
199.01 9.4
203.92 1.1
205.97 3.5
208.08 2.7
209.07 6.1
210.20 8.5
223.24 5.4
225.15 4.8
232.27 2.4
240.28 10.8
241.62 6.5
242.23 11.0
246.26 1.6
249.25 8.9
251.15 12.6
252.08 13.1
254.34 23.1
255.21 1.5
256.26 3.2
258.16 3.2
260.21 35.9
261.43 30.0
262.19 8.4
263.11 17.8
263.98 6.7
265.23 20.8
268.18 23.3
269.31 1.2
270.78 4.3
271.52 1.4
274.10 5.0
277.63 5.2
279.05 73.9
280.18 74.5
281.24 134.2
284.05 1.8
286.20 4.2
289.81 5.1
291.29 3.9
292.28 1.7
293.09 1.6
294.23 1.1
296.29 6.0
297.27 19.1
298.07 10.9
299.17 19.5
301.23 1.6
304.18 7.5
305.28 3.1
306.14 6.4
307.85 5.2
308.49 2.5
312.31 2.3
313.26 1.6
314.33 1.4
320.41 2.7
321.06 1.6
327.59 18.0
328.28 7.0
330.27 4.1
330.95 5.0
337.16 6.4
339.30 1.9
346.57 6.6
347.61 9.1
348.37 1.9
351.02 11.5
352.14 6.8
353.24 1.6
354.05 14.7
355.29 4.1
356.33 5.7
357.27 7.4
359.71 11.7
362.43 10.2
363.23 17.6
364.24 16.1
365.13 1.1
366.72 2.5
370.24 78.0
371.32 25.3
373.41 2.2
374.55 36.9
375.19 16.8
375.97 27.2
377.47 9.8
379.04 1.3
380.45 18.6
383.63 68.2
384.31 32.7
385.81 10.0
391.59 1.0
397.14 2.3
403.36 1.3
414.08 11.8
415.65 7.0
418.27 4.8
423.11 2.4
428.37 4.8
436.38 1.4
445.22 2.5
452.25 2.3
458.44 3.2
466.39 4.5
473.40 1.6
474.21 4.0
475.34 4.9
483.20 5.1
488.17 5.7
489.24 2.7
491.40 2.1
492.39 2.0
498.04 6.3
499.40 9.1
500.45 9.8
501.48 2.2
502.30 3.1
508.17 6.8
509.26 2.5
514.54 1.9
517.43 25.4
518.33 2.6
519.49 6.7
524.18 5.9
525.24 178.8
526.32 77.6
527.55 4.4
533.46 4.8
534.33 3.5
539.34 8.9
540.94 5.2
542.32 1.7
543.51 34.3
557.05 1.5
558.57 1.6
566.91 2.8
571.29 1.8
572.39 1.6
577.50 2.6
578.47 4.2
579.46 4.6
585.31 2.1
587.18 2.0
591.05 2.1
592.06 2.1
594.43 6.2
597.15 1.2
610.41 170.7
611.37 36.2
613.40 2.2
615.37 9.0
620.32 9.0
621.56 6.6
630.39 3.0
638.34 299.3
639.40 110.7
642.15 1.5
653.49 1.3
654.44 4.2
655.88 22.6
656.56 84.0
657.32 7.2
666.37 2.7
683.37 2.1
767.39 8.8
768.58 2.4
