906.41606 2
128.46 1.4
147.22 4.9
156.39 1.9
159.02 3.4
170.11 2.9
171.18 47.2
172.22 3.6
175.09 5.2
185.31 6.1
191.14 2.3
192.41 2.4
195.24 1.2
198.64 25.0
199.28 31.8
202.97 1.3
204.25 2.6
209.08 21.4
210.27 6.8
213.41 2.7
215.33 3.7
216.27 4.3
219.00 5.4
225.17 14.8
226.26 22.4
227.15 4.0
228.72 5.2
230.21 1.9
233.15 14.6
234.49 1.2
239.17 2.2
241.22 2.5
242.89 4.4
244.35 3.5
248.26 5.9
251.24 1.8
252.23 1.4
254.24 2.4
257.11 2.6
258.16 7.5
261.23 4.4
262.12 1.2
267.40 1.9
269.19 4.7
271.36 1.6
273.88 1.9
278.70 2.5
280.35 1.9
281.14 1.7
285.65 8.7
286.35 3.4
288.09 4.8
289.10 1.8
290.29 2.1
291.33 2.4
294.08 2.8
296.31 2.9
297.47 2.4
299.13 2.3
304.18 2.7
308.29 9.2
316.37 14.2
317.58 16.8
321.33 2.1
326.44 2.9
329.25 4.2
330.38 4.9
332.16 15.3
333.32 8.3
335.06 1.1
338.36 5.1
339.25 27.3
340.01 8.9
341.95 3.6
343.21 1.2
345.40 6.2
346.26 2.7
353.44 8.8
354.69 18.8
357.36 5.0
359.15 8.2
360.00 12.7
369.44 8.8
371.04 1.1
372.93 19.3
374.48 2.1
381.36 6.4
383.84 4.5
389.07 2.5
390.23 2.7
392.37 3.5
393.36 10.8
394.28 5.2
395.66 11.2
396.78 7.6
399.21 1.3
400.31 4.6
401.20 2.7
402.55 5.7
404.27 9.1
406.89 16.6
408.24 2.1
409.06 6.0
409.80 10.1
411.14 16.7
415.42 2.7
416.03 10.2
416.76 5.0
418.28 45.6
419.11 7.4
420.26 3.0
423.49 6.7
424.50 4.5
425.51 1.5
426.86 2.1
428.12 10.7
430.61 3.0
431.23 4.8
432.38 5.5
435.28 41.0
435.98 144.1
437.17 7.0
438.40 3.8
441.41 16.2
442.70 9.9
444.95 354.5
446.02 6.9
452.72 2.3
453.83 3.3
479.18 10.0
480.97 6.3
482.35 3.2
494.66 2.6
497.33 3.0
498.24 2.9
499.49 9.1
500.42 2.0
501.32 1.8
502.42 5.2
508.29 10.8
517.48 7.9
518.36 7.4
520.17 2.5
527.66 2.6
533.18 1.2
550.37 20.8
563.26 3.1
565.45 2.7
573.49 10.2
580.48 1.3
588.52 8.3
592.59 1.8
593.31 4.1
596.51 2.8
597.94 2.9
606.35 1.2
611.51 12.1
614.10 12.5
618.71 3.0
621.28 17.1
628.25 7.9
629.31 5.6
631.15 4.9
636.47 3.8
640.77 4.2
646.42 28.7
647.45 40.8
655.25 4.4
659.48 3.3
660.38 1.8
664.18 66.1
665.50 17.7
679.44 2.7
687.46 1.1
690.39 5.3
698.29 3.7
701.39 3.1
705.67 1.5
708.31 393.9
709.35 113.0
714.51 10.4
718.43 5.1
721.40 14.0
722.58 3.6
725.28 4.3
731.56 6.4
732.63 6.9
735.40 1.7
742.46 2.3
751.45 3.4
752.69 2.5
761.32 5.7
762.42 6.9
770.29 3.0
773.39 1.1
785.78 2.4
794.71 1.3
800.89 7.2
807.43 8.7
808.86 9.0
832.58 2.3
860.87 5.3
861.52 1.8
