801.3637 2
115.16 2.7
120.21 12.5
122.13 5.0
123.20 4.0
128.19 4.0
129.08 10.8
130.18 7.6
131.24 1.9
133.29 2.9
134.26 1.4
136.74 5.6
143.25 8.6
147.03 2.2
148.25 2.4
158.23 4.0
168.24 6.6
169.29 5.0
170.24 2.4
171.03 1.1
172.46 1.1
175.18 58.9
176.26 3.6
178.27 1.0
179.11 3.3
185.45 1.1
186.38 1.1
191.13 4.2
197.23 6.9
201.25 1.2
208.41 1.9
209.17 1.6
217.14 1.1
219.20 7.7
222.20 5.7
224.17 3.1
227.12 1.5
229.26 1.2
232.41 1.2
240.23 3.9
243.24 14.0
244.27 1.6
245.21 12.8
246.11 3.5
247.48 1.2
248.15 4.5
249.31 11.5
253.14 2.1
254.27 2.5
255.26 3.7
256.43 1.1
259.11 1.6
264.29 1.0
265.15 7.3
265.93 2.3
267.25 3.2
268.46 2.0
269.26 4.7
271.26 2.2
272.17 4.5
273.23 2.9
275.15 3.8
277.32 1.2
278.27 1.4
279.29 1.1
280.47 3.1
282.29 4.9
283.03 3.2
284.43 8.8
285.33 3.5
287.03 24.5
288.26 15.1
289.30 5.0
290.20 1.3
297.05 10.4
298.21 1.8
299.30 2.0
300.44 5.9
301.19 13.4
302.28 1.0
303.38 2.0
305.11 11.4
307.08 37.1
308.05 2.6
310.95 4.7
313.27 7.8
316.35 4.2
321.61 8.8
323.27 12.2
324.48 3.2
326.33 5.0
326.94 5.3
327.58 2.3
328.72 7.0
330.41 27.8
333.47 1.4
334.68 10.0
335.87 12.1
336.58 16.3
338.12 2.4
339.43 4.9
340.66 10.7
341.52 2.6
342.23 4.7
343.80 9.3
345.36 9.6
348.74 17.2
356.21 14.9
357.55 18.8
358.93 1.1
359.72 12.5
362.37 7.0
365.17 34.3
366.00 77.7
367.37 13.3
368.38 4.4
369.38 23.2
370.47 22.6
371.55 21.8
372.17 6.2
373.52 13.7
374.67 15.5
375.37 6.0
376.46 6.6
377.13 25.4
378.09 26.6
379.88 23.5
381.41 3.0
382.21 7.2
383.49 170.5
384.39 79.5
385.13 46.3
386.35 171.9
387.28 6.3
390.37 9.1
392.15 305.5
392.83 157.9
394.95 9.9
415.40 10.3
418.47 2.7
433.16 3.7
438.35 5.5
443.47 1.3
444.41 8.1
445.50 3.0
452.27 57.8
453.30 18.7
469.11 5.1
470.41 3.5
474.61 2.2
482.41 1.3
483.24 2.6
485.46 1.4
487.36 1.5
489.54 9.5
490.39 21.7
492.30 2.3
493.34 4.2
494.34 6.2
495.34 87.2
496.39 10.5
501.23 8.5
502.32 24.7
503.33 22.8
511.44 8.2
512.66 6.2
513.53 1.2
515.60 9.5
524.32 5.8
525.54 2.7
528.67 2.4
535.76 6.0
537.56 10.4
540.28 4.5
542.72 2.6
549.56 4.6
558.22 4.7
559.33 6.9
570.18 1.8
571.32 1.1
572.39 5.6
573.47 3.7
574.49 2.5
577.33 2.4
581.30 4.4
583.50 4.6
588.36 5.9
597.46 2.4
599.34 78.1
600.43 34.5
601.38 10.6
603.38 2.4
604.22 6.7
606.48 2.4
610.10 2.5
616.61 4.6
617.46 3.3
618.40 7.9
620.19 1.0
625.44 1.4
626.76 18.0
627.42 34.3
628.33 13.8
629.56 4.9
633.24 4.4
637.42 9.8
638.32 7.5
642.29 62.6
643.47 17.0
644.48 36.2
645.39 139.4
646.45 52.6
647.37 4.8
648.43 2.8
652.76 4.9
656.32 1.7
657.13 1.3
659.30 1.4
670.41 19.3
671.72 2.2
673.58 4.5
674.70 1.3
679.28 4.1
698.46 1.5
701.36 1.1
713.47 12.8
735.46 8.2
736.40 6.7
737.60 1.6
742.37 5.5
744.49 2.9
745.43 4.1
761.57 5.8
762.54 14.4
778.92 1.0
779.53 142.2
780.57 38.6
781.41 8.0
784.24 1.4
785.56 1.7
