1385.6873 2
204.16 1.3
208.28 3.2
209.10 6.6
217.13 9.7
218.25 2.7
225.05 8.2
226.11 8.3
230.41 2.8
231.13 5.9
233.23 2.3
235.16 10.4
239.08 3.4
241.19 3.8
243.28 10.6
244.17 3.1
245.26 2.5
247.32 2.0
249.16 3.8
252.19 19.4
262.22 1.2
267.27 7.4
272.22 3.0
274.39 3.1
275.24 4.0
276.32 3.7
279.30 1.2
284.29 1.4
288.48 4.8
291.21 4.5
292.11 2.2
295.30 1.5
298.42 3.5
302.39 3.9
304.60 1.8
310.04 1.4
318.32 3.3
323.18 3.3
336.13 1.3
338.31 1.6
340.45 2.7
344.37 6.3
345.32 21.6
346.40 2.5
347.17 1.3
348.95 3.6
351.27 1.1
354.94 2.7
356.96 2.8
359.29 9.7
360.14 3.8
362.24 27.1
363.15 22.2
364.26 8.9
366.21 3.7
371.53 2.3
377.13 1.5
377.82 1.6
380.16 6.9
381.37 21.7
382.19 2.7
392.15 1.9
397.28 3.9
399.32 1.6
409.46 3.6
412.42 1.8
413.55 3.9
414.24 5.5
416.26 1.9
428.22 4.4
429.63 2.9
431.17 3.8
438.40 9.9
439.37 2.9
444.26 1.5
446.35 2.2
447.38 5.8
449.08 3.3
452.54 1.3
454.34 3.2
456.26 2.6
457.58 2.1
463.50 7.7
464.76 6.3
465.54 2.1
466.15 2.9
469.27 4.8
472.27 9.2
474.32 16.6
475.33 6.9
476.42 2.1
481.57 6.9
482.40 6.4
483.30 3.5
487.23 2.2
488.50 2.3
492.29 36.1
493.37 2.3
497.08 2.0
502.48 6.6
505.48 6.1
509.23 32.1
510.51 16.3
511.19 2.3
513.52 9.8
514.44 6.9
515.46 3.8
516.44 4.8
519.00 3.4
520.52 3.2
521.19 5.5
522.40 3.9
523.25 5.1
524.41 1.1
525.25 2.7
526.35 2.3
527.28 3.0
532.32 3.0
533.40 1.6
540.39 79.2
541.58 7.8
542.18 2.3
544.34 2.4
545.48 4.3
546.50 3.8
547.59 9.7
548.34 5.3
551.44 3.4
552.56 4.0
553.57 2.0
554.44 13.0
555.50 7.1
556.23 10.0
557.05 4.6
557.99 14.1
559.22 1.4
560.35 5.8
561.17 9.9
562.17 1.1
568.27 3.0
571.21 8.7
572.53 172.4
573.40 11.9
574.52 5.7
576.37 23.7
578.01 11.2
579.14 29.6
580.43 42.8
582.65 1.4
583.65 5.2
584.66 6.3
585.55 39.7
586.65 6.7
589.16 52.3
589.80 2.9
590.70 18.0
591.42 3.3
592.16 2.9
592.92 3.2
593.68 4.4
594.35 6.2
596.22 6.3
597.50 163.1
598.54 11.3
600.13 5.9
601.20 23.1
602.39 28.7
603.39 29.3
604.37 2.8
605.01 2.3
606.16 12.9
607.42 1.8
610.00 11.4
610.69 15.5
612.03 59.3
612.82 18.9
615.78 6.4
618.42 12.5
619.50 55.5
620.68 160.6
621.47 67.1
623.40 3.7
626.77 13.1
627.49 7.9
628.80 193.8
629.58 571.3
631.54 7.0
632.36 13.8
634.30 41.8
634.96 17.3
635.97 18.0
637.44 14.0
638.41 25.5
639.60 10.0
640.39 8.9
641.32 19.4
642.21 1.9
643.97 46.6
645.00 4.5
645.63 5.0
646.35 2.6
647.29 5.1
649.35 4.0
650.12 17.5
651.11 3.6
651.74 22.2
653.06 1248.9
654.45 22.3
655.84 9.4
656.68 9.9
657.59 1.8
658.32 40.6
658.94 5.4
661.60 883.4
662.75 32.8
663.62 4.8
666.67 8.8
667.59 28.5
668.86 12.8
669.99 8.6
670.73 1.5
671.55 10.3
673.00 5.5
675.16 80.7
676.05 285.7
676.94 15.0
678.13 38.5
679.02 6.5
681.22 13.9
682.15 11.4
684.81 217.8
685.46 30.2
712.50 3.7
724.92 1.4
730.48 7.3
731.40 3.5
732.43 1.1
733.34 6.3
734.62 2.7
738.70 3.4
739.50 10.1
743.46 1.3
747.54 7.9
748.42 29.8
749.58 29.1
750.46 36.5
751.59 2.2
752.24 1.1
759.48 6.5
765.19 4.9
767.44 9.1
769.45 3.4
772.52 8.8
789.26 2.1
813.56 62.6
814.51 17.7
815.37 4.8
819.47 1.9
820.27 13.0
824.62 2.7
826.50 5.1
828.52 1.4
833.59 1.3
834.27 3.3
841.25 1.8
842.14 5.7
845.87 5.6
847.69 4.3
850.42 5.0
853.10 2.6
854.48 8.3
855.30 2.6
859.54 12.3
860.52 2.5
864.26 7.8
866.84 16.4
871.48 2.1
872.35 2.4
877.44 109.6
878.46 44.6
879.29 1.6
893.54 2.8
895.85 4.6
898.55 4.0
899.51 4.4
904.43 8.0
906.29 3.6
909.33 8.8
914.52 1.3
919.14 3.6
920.80 4.5
924.78 4.2
925.63 5.2
928.63 2.6
940.43 2.9
942.55 51.2
943.47 12.8
947.11 14.2
947.81 15.2
952.52 2.7
953.77 8.3
957.74 1.6
963.01 2.1
965.88 2.7
969.28 4.7
970.54 3.7
973.65 3.9
981.33 1.9
983.67 9.8
987.77 8.7
988.61 21.6
989.42 9.0
990.62 3.0
996.43 3.0
1001.42 2.9
1006.55 150.3
1007.62 40.9
1010.61 3.2
1012.05 4.9
1013.86 1.4
1015.71 2.4
1016.68 7.1
1019.41 1.6
1020.13 2.9
1027.54 25.7
1028.79 2.6
1030.58 2.2
1034.39 1.8
1035.61 1.9
1048.08 3.1
1066.47 3.2
1073.89 3.3
1079.62 36.5
1080.50 30.0
1081.67 9.4
1082.85 2.1
1083.47 10.3
1094.70 2.1
1097.87 4.0
1098.76 3.5
1099.44 1.1
1107.50 1.8
1109.37 2.3
1112.35 8.6
1113.77 2.6
1120.72 2.0
1125.44 1.8
1126.40 1.6
1130.62 6.1
1133.75 1.3
1138.17 7.6
1139.15 1.2
1140.80 1.1
1143.61 78.7
1144.64 26.4
1147.44 5.6
1148.49 10.5
1151.54 3.6
1157.41 1.3
1159.63 6.8
1163.68 2.7
1166.90 1.4
1176.60 3.1
1177.50 9.0
1181.64 2.1
1182.51 2.1
1193.58 9.3
1194.49 9.1
1195.50 9.9
1196.62 1.6
1199.81 1.3
1203.82 2.7
1212.03 13.5
1212.84 2.6
1214.49 3.1
1223.81 5.8
1224.62 2.3
1229.61 2.9
1234.77 8.2
1235.51 3.5
1239.63 4.6
1240.79 4.4
1241.92 2.9
1257.72 6.7
1259.04 4.3
1267.52 3.6
1268.37 7.9
1302.75 1.0
1329.60 1.6
