717.3593 2
103.22 3.0
105.28 7.9
106.02 1.5
107.33 6.5
108.60 9.1
109.30 1.8
111.13 8.5
112.10 6.5
113.12 10.9
114.20 10.4
115.12 7.0
116.10 1.3
117.10 3.5
118.02 8.8
119.13 12.7
120.23 3.5
121.02 10.8
122.09 7.6
123.23 13.3
126.19 5.5
128.07 931.8
129.15 79.6
130.15 37.6
131.04 14.0
132.47 8.0
133.21 35.9
134.23 6.5
135.13 21.9
136.17 11.5
137.24 14.5
138.11 5.7
139.09 17.3
140.22 5.8
141.35 9.5
143.16 11.5
144.03 7.1
145.23 17.8
146.03 9.5
147.20 25.8
147.93 2.7
149.25 26.9
150.30 3.2
151.20 19.9
152.03 10.7
153.22 23.3
154.52 9.7
155.30 35.6
156.26 36.8
157.10 17.3
158.18 7.0
159.19 10.6
160.01 45.8
161.18 40.9
162.16 44.7
163.17 22.0
164.08 11.3
165.17 20.4
166.26 6.1
167.13 17.0
168.11 10.0
168.86 15.5
169.54 3.5
170.23 5.7
171.18 29.3
172.14 21.9
173.14 34.3
174.16 30.8
175.13 49.9
176.17 7.7
177.22 12.7
178.17 9.8
179.20 29.3
180.17 12.7
181.23 54.7
182.19 62.2
183.28 35.6
184.21 6.0
185.16 32.0
186.21 9.4
187.06 37.4
188.14 14.4
189.27 24.9
189.96 6.7
191.12 26.6
192.20 16.0
193.15 10.6
195.59 17.1
196.31 52.1
197.08 51.9
198.18 29.1
199.29 25.4
200.49 17.7
201.21 18.4
203.11 37.8
204.07 3.2
205.07 25.8
206.33 17.1
207.36 3.2
208.60 18.8
209.38 34.5
210.18 15.7
211.25 15.4
212.21 6.7
213.19 59.8
214.11 29.9
215.03 63.6
216.12 2.5
217.17 38.2
218.28 75.8
219.14 12.4
220.14 17.5
220.83 10.3
221.79 3.0
222.90 10.2
223.52 1.3
224.27 14.9
225.18 58.1
226.41 7.8
227.34 30.5
228.29 42.8
229.25 20.8
230.18 20.6
231.10 34.1
232.43 16.9
233.20 34.7
234.15 2.6
235.29 24.6
237.16 30.0
238.18 29.6
239.17 22.7
240.33 89.5
241.45 18.8
242.26 32.5
243.27 48.7
244.20 35.1
245.10 51.6
246.17 136.6
247.20 18.3
248.21 9.0
249.15 73.9
250.22 6.9
251.25 9.1
252.21 1.2
253.18 11.2
254.18 35.9
255.19 54.1
256.16 12.2
257.22 31.5
258.13 15.9
259.31 27.4
260.21 12.0
261.24 41.2
262.21 32.3
263.20 13.2
265.10 134.1
266.11 14.2
267.23 25.7
268.23 22.9
269.12 41.5
270.16 78.3
271.12 77.2
272.14 19.9
273.23 33.2
274.66 15.6
275.28 39.3
276.26 14.5
277.22 49.2
278.99 363.8
280.17 84.8
281.35 21.5
282.37 40.8
283.20 6.1
284.21 62.3
285.24 27.3
286.15 30.1
287.16 38.8
288.08 16.4
289.21 53.3
290.19 8.4
291.28 16.8
292.32 11.7
293.23 48.5
293.94 13.3
295.12 23.3
296.43 24.1
297.36 53.7
298.23 18.4
299.19 48.5
300.31 152.8
301.24 68.6
302.29 20.9
303.20 41.6
304.30 20.7
305.13 18.3
306.15 25.3
307.27 56.5
308.41 23.6
309.39 37.1
311.16 34.8
312.10 21.3
313.21 154.7
314.19 109.7
315.19 179.2
316.27 31.3
317.29 18.6
318.31 31.4
320.27 10.7
321.15 28.7
322.59 38.5
323.23 137.4
324.21 36.9
325.27 20.0
326.82 27.2
328.40 40.8
329.27 39.4
330.55 40.3
331.27 120.4
332.21 63.1
333.14 2.4
334.79 4.9
337.34 774.3
338.32 14.8
338.94 2.1
339.60 7.0
340.51 151.9
341.23 1485.6
342.18 5190.3
343.34 27.0
344.44 17.3
345.46 7.1
346.51 9.1
347.16 2.9
348.72 2.0
350.14 162.9
351.19 275.7
352.69 9.0
358.60 2.8
365.52 4.6
366.25 3.6
373.28 2.3
374.63 16.7
378.05 2.0
385.48 5.5
390.86 1.4
393.20 3.3
397.30 23.1
398.82 4.5
406.53 5.2
407.43 1.8
409.38 28.1
410.26 3.0
418.59 2.2
421.58 2.1
427.37 7.3
432.77 6.3
435.36 3.1
442.52 4.7
448.50 2.0
452.46 2.9
453.29 24.8
473.55 4.2
474.31 3.0
476.21 3.2
479.48 6.8
481.48 3.0
485.33 3.2
489.32 3.3
491.23 6.1
492.38 1.7
497.31 46.9
498.61 5.9
500.41 2.7
504.37 7.3
507.59 1.0
523.45 1.1
525.34 55.4
534.72 2.8
537.03 1.4
541.30 80.2
542.44 9.7
543.53 1.8
555.27 2.2
564.50 2.2
569.41 11.2
574.65 6.2
585.44 48.9
586.53 2.8
593.38 3.7
599.67 3.9
601.41 1.6
602.61 1.9
604.33 6.4
605.53 1.9
613.28 6.9
620.60 1.9
629.36 20.9
630.37 4.5
659.92 1.5
685.14 2.0
694.64 1.3
700.85 1.7
