1225.626770000001 3
129.19 8.6
135.04 1.1
141.22 2.8
144.03 11.0
147.23 10.1
155.22 1.7
157.23 1.4
159.01 22.2
161.21 3.3
166.97 2.4
169.20 2.9
170.02 5.1
173.31 2.5
175.16 4.6
180.89 1.8
183.29 1.8
196.26 1.2
197.20 2.8
198.30 2.5
199.02 1.4
201.32 3.4
204.87 7.8
209.44 3.1
210.17 1.1
213.17 4.1
214.24 4.0
215.22 5.9
219.57 1.8
220.66 29.4
226.32 3.2
227.19 17.4
228.05 9.5
229.27 167.0
232.19 29.9
233.35 3.3
239.04 4.1
241.31 34.7
246.19 8.3
249.96 9.2
250.88 1.4
253.10 1.2
254.34 1.4
262.97 2.6
266.08 3.9
273.39 7.6
276.19 3.7
277.28 2.2
281.40 1.5
282.17 6.8
284.38 28.6
287.07 3.0
289.05 19.3
293.58 12.1
295.04 58.6
296.09 10.6
298.90 11.4
307.14 9.5
308.59 12.5
310.15 4.4
312.90 12.1
315.15 25.3
315.96 13.1
318.92 3.3
321.36 374.0
322.27 3.0
323.12 4.4
326.48 6.0
327.32 7.5
329.85 47.7
331.03 5.1
332.47 2.2
333.62 9.0
335.05 3.1
336.37 1.1
337.28 7.0
338.13 7.3
339.73 58.2
342.23 3.6
343.23 2.2
343.99 3.5
345.11 2.4
349.26 8.0
350.35 2.8
351.31 2.5
355.65 13.1
360.19 34.0
361.43 2.4
364.75 98.3
365.81 19.7
367.94 53.1
368.80 3.1
371.28 33.6
372.30 14.2
373.21 73.8
373.85 39.0
376.56 75.1
377.32 27.6
378.99 5.9
380.01 13.3
381.39 8.2
382.37 12.1
383.50 28.5
384.28 5.1
385.42 889.0
386.29 5.4
387.03 7.4
388.34 7.6
389.35 4.6
391.29 81.9
392.39 14.6
397.44 27.7
399.11 1.5
400.24 43.4
401.18 17.7
402.31 7.3
403.96 3.0
408.91 1.5
414.51 11.4
417.26 6.0
422.99 4.1
427.47 1.9
428.17 12.7
429.54 2.9
431.48 2.5
433.96 1.0
434.61 4.2
436.30 4.7
439.18 1.4
440.41 1.0
443.92 2.3
446.78 5.5
453.50 2.1
454.70 5.1
457.29 532.7
458.38 85.7
463.41 7.3
472.95 13.1
480.02 2.7
481.34 131.0
482.31 27.1
484.39 2.7
486.34 2.8
487.60 1.5
493.24 1.3
497.99 72.6
500.29 4.5
502.55 2.5
504.58 4.0
506.66 15.5
507.73 13.5
510.17 2.6
512.55 5.2
524.19 3.4
525.63 2.5
526.69 1.9
531.25 5.8
532.36 2.4
539.72 11.2
542.69 4.1
548.91 12.5
550.37 3.2
556.25 4.1
557.30 6.6
563.27 1.0
567.33 6.8
568.27 26.7
569.41 4.7
570.99 5.8
574.60 2.5
579.44 4.3
585.41 109.0
586.41 11.1
590.08 1.2
600.09 1.4
602.23 3.9
607.64 5.2
612.45 3.8
613.32 3.5
618.53 9.6
629.30 6.3
631.32 2.4
633.56 5.0
641.50 16.7
642.58 9.9
643.31 4.4
644.39 1.1
651.31 3.3
652.52 5.8
662.19 2.6
669.36 6.5
670.40 2.5
671.29 1.1
673.33 3.7
675.41 1.7
692.35 1.7
705.66 2.8
711.41 4.5
714.54 2.4
716.48 2.5
728.39 9.2
745.40 11.7
752.32 3.4
757.63 1.8
769.43 42.2
770.42 24.4
779.30 3.2
795.64 1.9
797.47 4.0
