1189.65154 2
171.06 1.6
175.05 4.9
178.77 1.8
183.24 2.1
187.13 406.0
188.21 40.5
195.26 3.6
197.22 1.4
199.13 5.7
202.00 2.5
207.14 1.6
209.99 1.8
215.14 262.1
216.23 19.2
224.40 2.5
228.34 3.2
229.25 5.4
230.31 6.3
232.32 1.9
238.42 2.4
243.41 2.6
246.04 2.2
254.34 12.1
255.97 5.7
257.29 3.4
260.37 3.5
264.98 1.6
266.26 5.7
267.31 7.7
268.30 4.3
273.05 1.3
274.29 101.6
275.28 5.5
277.25 1.6
280.33 3.4
285.21 21.0
286.06 14.1
293.00 2.6
294.24 8.5
295.30 4.7
297.15 3.7
301.49 2.6
302.31 4.3
303.92 1.3
305.29 5.1
310.14 2.7
312.13 18.6
313.10 4.2
321.27 2.8
322.33 13.2
324.21 2.6
326.34 2.8
327.32 4.0
328.10 3.2
330.24 53.3
331.13 13.2
332.36 3.1
338.76 5.7
343.15 6.0
345.33 23.2
346.88 6.0
349.33 2.6
352.84 6.1
355.09 19.2
357.22 15.0
363.34 2.4
366.16 3.7
369.20 5.1
370.15 1.6
379.11 4.0
381.27 5.9
382.27 19.0
382.88 26.9
387.34 146.2
388.25 16.9
393.30 149.2
394.32 28.0
397.38 2.6
398.38 1.8
399.16 8.1
402.32 2.7
407.11 1.8
412.19 3.6
413.41 14.2
414.19 6.1
415.33 2.7
416.50 1.7
419.55 3.0
424.36 1.5
426.59 4.7
427.32 12.1
429.74 8.9
431.28 8.9
433.33 12.4
434.23 12.1
437.27 13.9
439.19 2.3
441.05 4.2
444.29 42.7
447.79 3.0
449.26 1.6
451.24 612.5
452.28 101.0
453.44 5.1
454.39 3.2
455.18 1.7
456.45 7.1
460.11 10.1
462.58 3.7
466.09 3.9
473.84 10.4
475.06 3.6
476.28 6.0
478.44 3.0
480.31 8.3
481.24 15.0
482.36 10.2
483.17 8.3
485.41 2.3
488.44 24.7
489.25 8.6
490.48 3.0
493.43 2.9
494.37 15.7
495.37 1.4
496.48 23.9
497.81 2.3
498.66 10.5
503.17 3.4
503.82 3.9
505.29 10.0
506.44 7.0
507.44 6.1
508.17 2.0
509.56 14.8
514.09 17.0
515.17 4.2
518.35 220.2
519.50 70.0
521.28 24.5
523.23 6.5
524.24 37.7
525.50 5.2
529.22 2.8
530.41 9.9
531.17 18.2
532.39 16.0
533.42 31.2
534.17 10.8
535.15 2.9
535.96 2.6
537.27 266.2
538.37 58.2
539.79 7.2
541.14 19.8
542.25 80.3
543.39 46.9
545.19 77.8
545.93 5.6
546.56 3.9
547.41 7.3
548.35 12.1
549.34 11.9
550.22 5.0
551.57 11.5
552.70 10.4
553.98 1.6
555.26 25.2
555.99 7.5
556.97 7.6
558.12 5.5
559.26 139.6
560.16 56.8
561.10 20.0
562.93 2.1
563.90 9.8
564.51 10.8
565.88 6.9
567.41 23.1
568.66 18.3
570.29 3.5
571.37 22.1
572.31 7.5
573.46 39.0
574.29 11.9
574.98 10.9
576.37 3.5
577.48 214.0
578.36 67.7
580.24 50.1
581.02 7.2
583.86 8.3
586.16 57.5
586.98 8.0
594.90 4.4
601.51 3.4
607.40 3.4
609.18 15.5
610.70 4.0
612.01 5.3
617.40 2.2
618.51 1.3
619.61 10.3
620.38 4.2
622.82 3.4
626.22 2.0
627.24 16.3
631.48 250.7
632.45 47.4
636.18 2.1
637.28 14.0
643.62 2.3
644.48 3.8
645.60 3.7
654.15 50.0
655.34 82.0
656.27 15.8
666.28 3.1
668.16 4.1
669.37 3.9
672.44 22.2
673.50 6.2
674.12 2.8
674.76 2.3
676.53 24.5
683.77 3.2
697.85 4.1
701.04 5.2
703.41 4.5
707.27 8.4
710.92 8.2
730.03 8.4
740.26 1.7
745.25 2.4
746.56 168.7
747.55 91.6
750.26 1.7
752.09 3.2
754.62 3.0
761.63 7.6
763.22 11.7
764.79 1.3
768.24 18.2
769.10 8.0
772.04 8.1
780.00 9.3
783.45 5.4
785.47 57.9
786.32 77.4
787.01 14.3
790.42 6.9
795.86 2.9
797.40 6.1
798.49 4.5
802.59 10.2
803.39 24.4
804.30 2.3
807.67 1.9
808.58 6.4
810.75 2.4
811.62 6.7
814.38 19.8
815.21 10.2
816.35 3.5
822.11 7.8
824.68 1.3
825.67 7.5
843.83 3.4
844.63 6.3
846.02 2.4
851.47 2.9
860.51 288.6
861.65 122.7
869.43 3.8
871.30 2.1
873.83 8.5
880.45 6.2
881.45 41.1
882.42 23.4
888.41 1.6
896.01 3.4
896.65 9.3
897.84 12.2
898.69 57.5
899.33 83.4
900.27 42.0
904.59 17.4
905.67 34.3
906.62 11.4
907.48 1.8
910.51 2.5
911.23 6.8
915.54 2.7
916.45 37.8
917.42 18.3
928.39 2.1
929.41 3.5
957.57 66.3
958.57 151.6
959.75 11.7
961.61 6.6
968.78 3.4
975.56 2121.9
976.60 945.9
984.36 2.0
985.50 2.0
986.47 1.4
993.73 15.4
994.49 28.5
1001.62 5.6
1002.29 2.7
1004.62 1.4
1011.57 111.0
1012.55 95.0
1013.64 11.9
1018.28 8.3
1019.59 3.4
1023.58 5.9
1029.41 142.7
1030.05 36.8
1030.69 38.9
1041.45 4.1
1075.78 6.9
1088.49 2.4
1089.58 5.6
1098.60 6.5
1100.49 4.1
1103.84 6.1
1106.35 10.4
1115.50 3.4
1132.69 4.1
1164.65 2.7
1187.60 1.8
1191.41 2.0
