958.57292 2
136.11 9.6
137.28 10.1
138.82 8.0
140.27 7.8
141.25 1.8
142.19 1.2
143.16 4.0
144.29 4.2
146.12 4.3
147.10 4.0
149.14 11.6
151.05 7.4
152.34 3.1
153.14 4.8
154.13 3.4
155.35 8.7
156.20 13.4
157.24 12.4
158.15 5.3
159.14 3.9
160.15 148.8
161.25 29.0
162.03 21.8
163.21 19.4
164.19 29.9
165.16 14.3
166.17 11.9
166.99 10.9
168.08 9.8
169.14 3.7
170.32 7.8
171.28 6.6
172.63 4.2
173.24 9.6
174.19 10.1
175.15 60.5
176.14 5.5
177.47 15.5
178.80 4.0
180.54 7.5
181.22 7.7
182.16 3.7
183.05 6.1
183.95 3.3
185.19 17.2
185.89 8.3
187.20 3.2
188.21 208.2
189.27 18.1
190.25 8.8
191.32 6.0
192.15 9.8
193.34 7.6
194.25 10.2
195.16 27.0
196.16 7.0
197.32 14.5
198.31 2.2
199.46 18.2
200.22 17.6
201.20 17.9
202.03 4.0
203.20 20.7
204.21 3.6
205.13 9.8
206.17 4.6
207.34 11.2
208.07 5.2
209.32 6.6
210.05 3.5
211.36 8.8
212.24 20.6
213.22 18.2
215.21 18.7
216.16 13.1
217.26 15.5
218.12 6.5
219.24 79.9
220.30 48.7
221.33 8.9
222.21 3.1
223.06 7.8
224.15 2.8
225.20 14.7
226.09 6.2
227.13 4.2
228.04 5.6
229.20 7.5
230.17 11.1
231.12 13.5
231.93 2.9
233.22 5.5
234.26 15.8
235.20 11.7
236.22 4.3
237.19 16.9
238.29 27.5
239.25 22.1
240.32 8.2
241.22 27.0
242.56 10.2
243.26 25.9
244.10 15.2
245.23 13.8
246.26 13.7
247.39 20.5
248.21 9.0
249.19 23.4
250.29 11.7
251.30 6.3
252.20 12.3
253.11 15.4
254.20 29.0
255.16 84.2
256.10 25.4
257.28 12.8
259.20 875.1
260.26 106.0
261.19 22.8
262.26 6.4
263.22 25.8
265.15 17.1
266.27 23.1
267.21 20.8
268.17 17.7
269.22 10.3
270.27 21.1
271.17 28.6
272.29 98.9
273.21 29.1
274.09 26.4
275.24 8.8
276.17 14.9
277.38 12.5
278.46 30.8
279.20 79.5
280.25 29.0
281.29 19.7
282.18 5.6
283.22 29.4
284.00 4.6
285.11 26.9
287.14 395.2
288.18 67.6
289.15 38.0
291.11 68.9
292.16 23.3
293.15 28.0
294.26 25.1
295.23 36.7
296.23 11.9
297.35 1.3
298.34 6.9
299.29 10.2
300.25 20.8
301.18 34.6
302.05 8.6
303.17 13.4
304.08 5.2
305.25 27.7
306.13 7.7
307.19 35.8
308.24 35.0
309.31 46.4
310.26 24.2
311.22 19.0
312.22 5.6
313.15 15.7
314.37 27.7
315.21 7.7
316.23 13.0
317.19 27.2
318.20 48.9
319.09 67.9
320.13 12.7
321.29 15.4
322.24 3.8
323.22 58.9
324.38 16.5
325.21 10.2
326.17 2.1
327.12 28.1
328.02 38.1
329.27 13.6
330.07 13.2
331.15 18.7
332.12 83.9
333.22 16.3
334.34 57.8
335.14 38.0
336.35 18.7
337.18 29.9
338.17 14.1
339.30 13.0
340.16 22.1
341.30 17.7
342.15 39.6
343.14 20.4
344.29 60.7
345.09 31.7
346.16 57.8
347.21 24.8
348.25 10.1
349.44 24.7
350.36 23.2
351.43 37.0
352.53 21.9
353.31 9.6
354.55 11.4
355.50 3.9
356.26 9.3
357.35 18.0
358.24 53.9
359.19 35.4
360.31 31.4
361.29 47.2
362.28 28.3
363.22 24.7
364.41 42.6
365.18 205.4
366.04 448.4
367.20 26.4
368.18 19.0
369.27 11.9
370.29 96.8
371.24 30.4
372.20 4.3
373.49 38.8
374.32 19.1
375.40 29.3
376.37 31.1
377.07 18.3
378.12 6.1
379.29 21.7
380.19 28.5
381.28 27.4
382.15 37.7
383.09 5.2
384.25 26.8
385.30 124.4
386.14 54.8
387.21 29.6
388.20 328.0
389.21 48.0
390.28 14.7
391.27 57.3
392.33 47.5
393.14 24.0
394.21 18.0
395.34 11.5
396.42 29.8
397.27 70.7
398.25 54.0
399.36 24.6
400.32 19.0
401.10 7.9
402.08 15.4
402.82 7.6
403.52 30.2
405.09 45.8
406.17 19.9
407.15 32.0
408.26 102.0
409.25 14.4
410.12 9.3
411.31 2.7
412.34 7.2
413.35 22.1
415.20 49.8
416.25 37.8
417.30 28.6
418.21 40.0
419.35 45.2
420.29 65.3
421.42 250.5
422.34 8.8
423.26 14.5
424.38 12.3
425.45 12.2
426.42 40.7
427.29 18.3
429.27 13.7
430.48 1128.6
431.44 32.5
432.34 25.4
433.33 25.9
434.31 55.9
435.32 69.3
436.31 88.8
437.35 15.5
438.68 9.0
441.32 81.0
442.64 22.0
443.29 87.9
444.37 63.5
445.28 25.8
446.24 11.2
447.83 27.2
449.25 34.1
450.30 12.5
451.27 44.1
452.41 20.2
453.18 4.7
454.43 11.1
455.26 19.1
455.95 3.7
457.65 38.3
458.37 27.7
459.30 42.7
461.28 598.0
462.23 733.6
463.25 80.9
464.80 8.0
465.40 14.3
466.36 8.1
467.94 15.5
469.26 58.2
471.01 1696.1
472.33 435.1
473.33 38.0
476.74 4.7
487.27 19.5
488.38 9.8
499.57 2.8
502.50 2.1
505.59 8.0
512.45 3.8
513.13 3.3
517.32 4.1
519.47 8.0
525.51 3.6
528.01 1.3
530.41 9.3
534.52 3.1
538.31 5.3
539.41 1.1
547.45 14.8
549.49 8.0
550.42 1.5
552.45 4.0
553.48 8.8
554.43 3.7
556.34 112.5
557.41 33.4
560.32 8.2
561.21 3.4
564.42 1.4
566.84 6.9
567.46 9.3
568.50 5.4
570.27 5.2
571.46 356.5
572.48 89.5
574.41 30.8
575.12 2.0
581.44 1.5
584.47 10.8
587.36 3.7
588.13 1.1
589.51 2.5
592.69 2.6
595.24 10.8
606.28 3.6
612.75 2.4
619.26 9.5
620.01 6.8
623.29 1.1
624.16 9.0
628.30 37.7
629.29 4.2
630.34 2.1
632.36 9.6
636.27 1.7
637.53 1.5
641.43 12.4
642.43 8.8
643.38 1.0
644.37 2.1
651.20 17.3
652.55 3.4
654.43 53.9
655.49 27.6
656.49 3.8
660.50 1.1
664.28 1.4
669.33 46.6
670.45 20.9
672.47 1712.5
673.44 414.2
674.21 2.7
682.61 5.7
686.20 6.1
687.59 3.1
694.63 4.2
696.66 2.2
699.35 1.9
700.77 2.6
702.65 4.5
703.29 3.0
707.75 3.5
709.30 1.1
710.60 5.6
723.65 2.3
725.68 11.3
726.68 1.8
736.58 4.6
740.02 5.0
740.72 1.4
741.71 4.3
743.54 72.0
744.53 24.7
748.27 1.8
753.46 8.7
755.40 8.0
785.47 3.9
788.87 2.6
797.77 4.5
806.31 2.4
812.47 2.0
828.25 2.1
830.40 3.2
841.67 5.2
859.43 12.9
869.70 10.2
870.59 3.1
872.35 10.5
873.55 3.9
919.33 2.6
936.68 8.7
