2354.22085 4
174.15 3.9
181.92 2.6
185.11 3.7
199.28 5.2
201.59 2.0
202.30 5.3
202.99 1.9
206.24 1.7
209.20 9.8
213.12 4.1
214.06 3.5
215.23 3.6
216.20 4.0
216.95 1.4
220.18 7.1
225.15 1.9
225.92 3.4
227.09 10.5
228.09 3.2
229.09 4.3
230.15 2.9
233.29 6.0
234.15 7.9
234.95 5.0
236.31 2.6
236.96 2.1
240.18 5.4
242.98 8.9
244.25 5.6
246.22 2.5
250.09 2.2
251.35 6.8
253.30 8.2
253.96 1.3
256.45 2.8
258.15 1.6
259.28 2.5
261.11 4.6
262.13 9.4
263.32 5.6
264.28 2.5
266.13 5.6
269.33 3.0
272.38 2.1
273.15 4.6
274.11 6.6
279.46 4.3
280.34 1.9
281.40 2.7
282.44 1.3
283.08 4.8
287.14 5.4
288.32 12.2
289.14 3.6
290.20 2.3
291.39 7.3
294.11 1.3
295.12 4.0
298.44 4.4
300.22 48.4
302.21 1.6
303.40 3.1
305.29 2.7
307.29 17.7
308.35 3.4
309.21 1.7
310.14 3.0
311.15 4.4
312.11 4.9
313.63 1.4
317.39 2.3
324.35 4.8
324.96 6.6
325.66 2.6
326.68 2.6
327.62 5.7
328.24 3.1
329.12 2.5
331.26 2.6
332.24 3.0
333.06 7.5
335.26 7.0
338.25 19.4
341.03 3.0
342.10 13.9
343.94 9.9
345.38 4.2
347.94 4.1
351.55 14.3
352.40 10.1
353.50 12.6
355.20 12.6
357.27 3.6
358.20 7.0
359.18 10.7
361.38 3.7
363.54 1.5
366.47 10.8
367.33 9.6
368.23 4.8
369.36 7.6
370.23 9.1
375.44 2.2
376.78 12.1
378.14 48.3
379.07 10.1
381.23 4.3
383.26 2.8
385.34 3.0
387.29 4.9
388.42 7.1
389.34 27.5
390.26 22.5
392.23 2.1
392.99 5.5
394.11 5.1
395.22 5.3
396.28 10.4
398.56 13.3
399.35 13.3
400.18 5.2
401.16 6.6
404.49 2.1
406.32 4.0
408.24 12.1
409.13 4.1
410.07 12.6
411.29 4.5
413.26 6.7
415.56 13.0
417.79 3.8
419.70 6.3
421.54 2.2
422.26 2.8
423.39 8.2
424.48 11.9
425.41 8.7
426.12 4.2
427.56 4.0
428.37 10.2
429.18 4.5
430.11 1.5
433.34 5.6
433.94 2.7
436.15 6.2
436.96 19.8
438.14 11.3
439.24 22.4
440.35 27.9
441.13 6.5
442.50 1.8
443.47 4.9
445.63 6.2
446.70 11.7
447.69 12.2
448.38 15.3
452.42 4.3
454.18 8.7
456.60 9.5
457.64 14.4
458.82 31.9
459.54 8.2
460.65 20.8
461.80 7.0
462.50 1.6
464.43 13.0
466.44 11.6
467.46 10.9
470.08 18.4
471.14 4.7
472.19 10.1
473.19 8.4
474.02 10.1
475.47 54.1
476.28 10.6
477.11 2.1
478.01 4.2
479.82 11.1
480.70 3.2
481.48 13.8
482.29 13.5
483.18 25.2
483.92 3.7
486.48 7.5
488.14 13.3
489.82 22.1
490.66 4.9
493.45 14.6
494.63 2.6
496.14 19.9
496.82 5.1
498.16 10.5
499.25 5.3
500.18 5.4
501.20 8.3
502.60 26.5
504.16 17.1
504.91 6.4
506.43 2.8
507.33 8.3
508.28 10.2
509.07 1.5
510.05 13.8
511.48 3.6
514.49 18.1
516.34 6.6
517.37 26.4
518.64 10.6
519.54 2.2
521.01 2.8
522.49 9.5
523.53 2.7
524.19 1.9
525.10 29.7
526.19 3.7
527.50 17.2
528.50 42.0
529.25 37.3
530.20 33.2
531.46 15.8
532.92 40.8
534.08 14.4
534.81 15.6
535.42 14.6
536.48 2.8
537.64 26.9
538.29 2.6
539.17 28.1
539.80 4.2
540.80 32.1
542.34 11.3
543.22 21.9
544.36 19.8
545.58 30.5
546.65 36.7
547.78 20.9
548.74 41.3
549.69 7.3
550.49 4.2
551.54 21.3
552.38 20.4
553.77 16.6
554.52 57.2
555.36 8.5
557.09 81.5
559.04 356.4
560.47 3.9
561.36 15.9
563.44 2676.3
564.43 111.8
565.74 153.5
566.57 51.8
567.87 31.8
568.72 5.8
569.43 5.5
571.52 229.9
572.32 222.3
573.24 30.5
574.30 123.0
575.48 69.5
578.04 30.1
580.53 300.9
581.56 88.1
582.26 2.7
584.06 6.6
588.90 3.8
595.74 3.2
596.45 21.0
597.41 9.4
598.25 1.4
605.47 12.0
607.14 4.1
608.14 2.9
609.23 4.7
611.33 1.7
622.14 2.6
623.13 4.5
623.82 1.4
625.02 8.3
625.65 1.3
626.34 1.7
627.33 10.4
628.42 7.3
629.58 7.0
631.67 3.4
633.18 3.6
637.64 6.6
639.30 2.8
643.94 3.8
645.46 16.2
653.07 10.5
657.27 3.7
661.51 2.2
662.55 1.4
663.43 18.7
664.47 10.8
666.28 19.6
667.00 2.9
669.57 17.2
673.38 6.5
674.07 4.8
675.33 114.9
675.94 122.3
676.75 3.9
678.50 1.3
680.32 6.8
682.63 5.8
687.62 1.6
689.63 7.4
690.56 14.3
692.01 3.2
693.68 1.4
697.14 1.4
699.52 5.4
700.69 4.6
706.26 1.4
707.96 1.9
709.49 3.0
710.49 15.5
711.24 3.3
713.34 36.7
714.79 9.0
717.05 4.6
718.36 1.9
721.72 14.0
722.64 10.3
730.48 3.5
736.75 18.1
737.37 1.4
741.46 2.1
742.38 5.6
744.47 9.2
747.41 2.1
749.48 2.9
750.52 3.1
755.32 3.4
759.46 4.0
760.98 2.5
763.61 2.6
765.27 10.6
766.63 4.0
767.38 1.5
774.12 5.3
775.23 7.2
776.36 10.2
779.56 5.5
780.42 4.9
784.16 8.6
788.19 4.5
792.45 4.3
793.93 4.3
800.58 3.2
801.64 1.5
804.65 4.2
809.55 2.1
813.20 6.0
814.47 10.2
820.36 3.3
821.42 7.9
824.68 6.3
827.45 7.6
834.52 7.0
836.23 1.7
836.87 1.4
842.29 1.7
843.50 3.5
845.01 5.5
850.45 2.2
852.60 2.0
854.27 6.7
859.52 1.9
860.17 5.2
866.32 3.1
874.51 8.4
877.55 2.6
878.45 79.8
879.43 37.3
882.71 3.8
884.50 5.4
886.41 10.6
887.67 10.6
892.66 6.2
893.57 9.4
894.50 3.1
896.40 8.2
898.43 2.0
900.01 2.6
900.69 9.6
911.61 1.4
912.64 2.8
915.72 1.8
917.51 2.5
919.26 3.0
920.64 2.6
923.77 2.6
925.16 2.7
926.11 2.7
927.89 3.6
928.84 5.5
930.38 1.5
931.32 1.3
933.75 1.3
934.84 4.3
935.59 5.4
936.59 4.0
938.47 4.6
939.49 4.8
945.35 1.4
946.73 3.3
948.49 22.0
949.51 3.1
950.55 12.4
952.12 10.9
954.41 6.9
957.69 2.0
958.33 1.5
960.74 2.2
962.77 3.9
963.78 10.1
964.68 1.8
965.53 6.9
966.62 3.2
971.48 17.2
973.57 6.6
974.53 3.8
975.76 13.4
984.72 5.7
992.41 1.4
993.64 2.5
996.66 3.2
1002.62 8.9
1003.60 3.4
1009.65 3.4
1013.63 4.7
1016.74 1.7
1017.56 5.1
1021.70 3.3
1023.30 1.8
1026.38 1.7
1031.45 9.1
1032.29 12.2
1037.43 1.4
1041.09 4.9
1041.82 2.9
1043.57 4.8
1060.73 4.2
1061.64 33.1
1062.69 7.4
1063.81 5.5
1064.68 2.7
1078.88 1.6
1079.89 7.9
1080.58 4.3
1087.58 2.3
1096.48 4.8
1097.85 4.4
1099.49 2.2
1108.50 2.5
1109.53 1.4
1122.52 3.4
1139.81 1.7
1141.59 8.2
1155.18 2.2
1156.18 2.9
1202.75 1.9
1314.52 2.0
1389.44 2.9
1428.81 2.0
1638.91 1.4
1797.60 2.8
