866.42778 2
129.17 5.8
130.18 7.8
136.18 63.4
137.18 5.2
138.09 1.6
139.16 1.5
141.33 2.6
143.13 3.4
144.38 8.6
145.21 1.2
147.19 19.3
148.17 1.2
151.20 3.2
152.04 1.1
156.18 3.5
158.17 3.3
159.09 2.0
160.96 2.2
166.06 1.3
167.32 3.9
172.16 4.5
174.26 3.6
175.21 34.5
182.47 3.7
183.19 6.2
184.05 1.9
185.36 1.0
189.08 5.8
190.15 1.9
193.29 1.7
195.24 1.8
196.43 2.5
197.05 2.1
200.17 14.6
201.14 12.5
202.20 79.0
205.40 1.5
206.33 1.0
207.01 1.8
208.90 33.6
211.12 35.8
211.98 1.5
212.90 9.3
215.19 3.6
218.12 3.9
220.19 5.8
222.77 2.3
223.65 7.7
225.13 6.9
228.15 19.0
229.16 3.9
230.34 2.2
232.04 1.2
234.13 5.3
235.02 15.0
235.62 1.7
237.17 2.5
239.55 3.4
243.21 8.3
244.35 5.0
245.05 1.9
247.19 10.8
248.68 11.1
249.31 19.4
250.42 1.7
252.30 31.5
253.93 1.7
255.02 4.1
257.28 6.8
258.23 14.2
259.24 7.2
259.99 1.8
262.66 7.8
263.28 2.2
265.20 289.1
266.17 45.9
267.06 2.8
267.94 3.7
269.06 2.1
270.31 14.1
271.95 13.8
275.19 17.9
276.18 15.8
277.12 25.6
278.09 3.7
279.19 2.2
284.32 4.9
288.33 151.4
289.28 15.3
290.12 2.9
291.31 2.0
293.14 330.5
294.22 16.8
296.13 7.3
297.12 9.1
299.98 8.2
301.05 1.2
303.29 9.8
304.45 10.6
305.25 2.0
306.22 4.8
308.45 3.0
310.93 3.6
312.39 3.3
314.03 20.7
315.41 2.9
317.37 4.0
319.18 21.6
320.05 14.4
321.02 109.7
321.93 18.9
323.06 162.4
324.07 6.5
325.20 4.7
326.40 11.8
327.27 7.4
329.15 1.5
330.89 4.9
331.75 104.3
332.39 3.8
333.67 37.2
334.62 15.0
336.17 2.9
337.37 4.6
338.49 9.5
339.21 5.2
340.37 6.9
341.53 5.5
342.20 3.0
343.14 17.6
344.15 33.5
345.18 88.0
346.18 80.7
347.32 59.1
349.27 10.3
351.31 7.0
352.22 85.5
353.18 15.5
356.33 4.4
358.03 2.5
359.07 7.4
360.60 6.0
361.64 16.6
362.59 1.0
364.27 1.5
366.06 24.7
367.62 8.1
369.61 17.8
371.36 8.1
372.27 1.3
373.29 14.4
374.34 11.5
375.30 3.2
376.25 31.6
377.13 5.9
378.19 10.2
379.18 3.4
380.00 5.2
381.32 6.4
382.40 16.9
383.25 11.8
384.22 48.2
385.27 5.1
386.00 7.9
387.28 19.5
387.92 18.4
388.82 7.2
390.26 12.8
391.43 5.3
392.07 3.7
392.95 25.4
393.89 13.1
395.07 8.2
396.36 29.3
397.18 10.3
398.02 15.6
399.02 8.4
400.17 6.9
400.98 16.9
401.97 27.8
402.71 10.7
403.31 31.7
404.57 3.9
405.94 18.0
406.93 13.3
408.09 55.5
409.37 29.3
411.27 61.9
412.64 10.4
413.50 6.4
415.32 244.5
416.18 107.2
417.08 94.3
418.57 34.2
419.37 15.5
420.29 10.6
421.38 7.6
422.86 169.9
424.65 236.5
425.31 82.8
425.94 1.4
448.35 1.2
449.28 4.3
450.28 6.1
451.44 3.2
452.44 1.6
454.24 3.0
455.21 7.0
458.34 4.4
459.48 55.9
460.42 12.9
461.50 15.0
462.59 1.9
464.39 4.9
465.27 1.5
471.34 3.7
472.75 2.6
474.05 4.7
476.14 7.5
479.46 2.4
481.26 6.7
482.16 2.4
486.22 5.5
486.97 1.8
488.32 3.9
489.76 14.3
490.36 19.9
492.85 13.4
493.49 37.2
494.31 12.3
497.32 1.7
498.77 62.5
499.38 16.4
503.88 16.0
504.87 9.0
507.39 102.5
510.02 18.0
516.32 16.3
518.49 5.5
519.83 9.2
520.97 8.4
521.57 22.6
525.39 65.4
526.35 3.7
527.36 2.0
529.06 4.0
530.14 5.2
532.38 2.2
533.11 5.5
534.43 2.1
535.59 11.0
536.34 10.7
537.31 2.5
541.64 1.5
542.54 3.8
543.58 8.1
544.45 9.3
546.11 2.1
547.42 4.9
549.35 1.2
550.23 13.2
552.17 1.4
556.22 3.3
557.38 7.4
558.47 3.7
559.23 3.8
560.15 10.3
561.96 2.2
563.95 7.7
565.53 3.3
567.68 11.1
570.20 8.8
571.90 4.5
574.36 913.9
575.51 170.8
577.47 10.1
579.29 41.8
580.69 3.0
586.35 1.7
589.34 14.5
590.39 53.8
591.35 16.5
592.34 20.1
593.81 6.9
594.49 1.1
595.40 3.0
596.46 3.9
599.13 6.2
602.18 3.6
604.27 3.3
605.31 15.7
607.33 2.3
608.33 3.0
609.44 3.2
610.40 8.9
612.25 1.4
614.80 10.5
615.47 5.3
616.53 2.7
618.66 3.3
620.46 3.4
622.26 34.8
623.08 10.7
626.66 1.5
627.64 1.9
628.50 3.2
630.44 3.4
633.53 7.9
634.67 6.5
635.76 1.6
638.57 29.7
639.43 25.1
644.46 7.1
645.66 3.1
646.70 4.5
648.43 1.5
653.68 3.0
664.34 8.9
665.33 1.5
669.60 4.0
672.59 2.4
676.22 4.6
678.59 1.3
679.50 7.3
680.13 3.0
681.61 7.7
683.54 4.0
685.61 28.5
686.30 19.3
690.56 6.0
691.43 2.8
692.93 5.4
698.60 1.0
703.41 144.1
704.41 28.2
706.76 1.8
708.67 4.0
709.61 10.7
711.87 12.6
713.47 3.2
714.39 5.6
718.33 4.0
719.18 3.5
720.17 11.6
721.11 19.3
722.08 10.0
732.46 1.1
733.34 2.3
735.33 6.0
736.52 8.7
738.47 4.0
739.23 6.3
742.23 2.8
744.51 9.7
745.39 1.7
746.41 4.3
750.11 9.2
753.40 6.9
761.19 1.9
762.46 11.0
763.46 1.7
769.08 5.3
770.41 7.6
793.43 1.6
799.80 1.5
809.25 2.8
814.74 3.0
815.50 1.2
825.60 2.9
827.63 2.0
843.39 13.1
845.34 5.3
