842.5116399999999 2
121.35 6.1
124.23 21.2
125.35 53.9
127.29 17.3
128.16 157.2
129.14 61.7
130.23 30.2
130.93 25.0
133.23 117.4
134.18 9.6
135.36 76.6
136.39 21.5
137.30 12.8
139.05 49.1
140.21 6.5
141.08 10.7
143.26 434.4
144.22 17.8
145.20 14.1
146.37 21.0
147.24 32.7
149.14 26.9
150.23 14.9
151.15 84.2
152.21 25.9
153.00 19.9
154.28 7.8
155.24 44.8
156.22 18.0
157.22 18.9
158.19 18.7
159.05 30.9
160.12 47.5
161.08 44.1
162.18 47.8
163.10 87.3
165.19 11.8
166.32 6.8
167.17 9.1
168.12 10.7
169.29 75.0
171.16 1338.2
172.22 66.2
173.26 379.6
174.41 45.3
175.06 92.5
176.06 9.7
177.25 58.5
178.07 32.4
179.16 68.9
181.11 21.7
181.97 40.7
183.26 95.8
185.02 143.8
186.12 47.6
186.96 76.0
188.14 31.9
189.44 13.4
191.22 39.0
192.28 52.6
193.27 99.6
194.46 26.9
195.47 26.6
197.15 6.8
198.28 41.5
199.30 56.6
201.15 447.6
202.19 18.7
202.99 25.3
204.35 16.4
205.20 71.3
206.33 13.1
207.19 34.6
208.19 8.5
209.15 47.6
210.12 11.1
211.25 66.3
213.10 106.5
214.11 100.2
215.04 224.1
216.13 27.8
217.14 87.4
219.11 76.4
221.11 69.8
223.28 39.4
225.13 73.7
226.18 95.6
227.17 202.9
228.87 687.2
229.95 303.3
230.93 713.4
231.95 316.8
232.84 61.4
235.16 92.1
236.10 42.1
237.05 48.9
239.16 372.0
240.21 121.0
241.17 869.7
242.12 147.6
243.24 32.8
244.08 10.7
244.87 21.9
246.37 41.2
247.08 165.7
248.40 53.5
249.14 89.3
250.45 55.0
251.22 33.9
252.23 56.0
253.27 18.7
254.26 285.2
255.23 134.5
256.25 9.2
257.19 42.8
258.36 26.1
259.30 57.0
260.56 49.8
261.39 61.6
262.26 117.5
263.70 22.9
265.09 37.9
266.59 39.5
267.23 474.1
268.24 52.5
269.21 510.5
270.27 146.1
271.07 24.5
272.20 2749.2
273.31 164.2
275.30 88.7
276.34 42.4
277.24 96.8
278.20 28.3
279.24 201.0
280.11 139.1
281.11 153.0
282.11 43.5
283.27 467.0
284.15 97.2
285.29 27.7
287.27 115.6
288.40 45.2
289.33 31.5
290.28 64.9
291.29 61.3
292.08 69.0
293.12 92.5
294.24 86.7
295.22 101.8
296.32 62.1
297.01 333.9
298.04 174.5
299.30 31.8
300.28 32.0
301.16 24.9
302.37 12.4
303.22 62.5
304.43 57.0
305.35 149.5
306.25 194.4
307.24 167.6
308.35 198.6
309.31 410.8
310.11 161.3
311.30 26.7
312.41 100.7
313.02 47.1
314.17 5.2
315.43 83.1
316.20 20.6
317.42 65.7
318.39 177.5
319.28 612.2
320.49 25.7
321.32 130.7
322.27 105.8
323.18 283.9
324.26 31.8
325.28 471.6
326.15 38.5
327.76 5495.3
328.39 1533.1
329.28 394.6
330.29 135.7
331.27 28.8
332.30 16.0
333.36 101.9
334.26 61.9
335.35 140.8
336.84 2194.6
338.13 54.0
338.77 15.2
340.10 185.8
341.31 75.3
342.66 154.2
343.33 488.7
344.27 83.0
345.30 5.4
346.24 29.5
347.39 162.2
348.32 65.8
349.24 122.7
350.27 65.1
351.32 95.6
353.19 2396.0
354.31 112.8
355.34 41.3
356.40 23.6
357.32 29.0
358.29 43.6
359.17 105.1
360.29 52.7
361.29 233.8
362.24 176.7
363.37 391.8
364.45 30.8
365.29 302.0
366.22 88.2
367.19 66.3
368.19 22.6
369.23 74.8
371.17 1572.1
372.27 306.2
373.39 34.9
374.55 84.8
375.25 200.6
376.27 276.2
377.19 205.5
378.35 136.1
379.32 32.1
380.40 29.7
381.12 79.0
383.37 40.7
384.09 9.2
385.32 2152.7
386.28 333.7
387.30 174.2
388.21 37.0
389.16 66.7
390.28 5.7
391.36 304.3
393.22 30.6
394.30 140.3
395.19 22.1
396.45 33.6
397.45 35.8
399.25 91.1
403.28 2722.2
404.17 2145.9
405.13 649.6
406.24 113.4
412.89 85127.5
413.78 239.0
414.78 82.0
416.23 48.4
417.17 28.5
418.21 40.3
419.35 26.4
420.72 9.7
421.91 40.2
430.37 9.2
436.07 5.7
440.17 655.5
441.33 80.7
454.32 26.4
457.73 73.9
458.36 272.4
459.28 7.4
472.33 9136.7
473.37 828.5
478.33 9.7
482.40 10.9
505.00 9.9
510.94 17.4
512.32 34.7
513.33 11.1
527.18 14.5
535.34 130.1
536.40 23.7
543.67 9.4
553.38 587.6
554.50 103.8
565.15 19.6
567.93 38.3
571.38 2848.6
572.38 332.3
573.92 9.4
580.62 40.4
581.41 23.6
582.56 9.8
606.27 5.4
607.32 36.3
609.25 13.5
632.57 13.7
635.60 11.8
636.50 6.3
637.48 16.0
643.42 9.9
650.58 9.7
654.67 8.8
655.59 32.0
668.53 29.5
672.44 6450.3
673.53 1198.4
679.55 15.2
682.47 22.6
683.40 9.9
717.13 24.7
725.61 131.4
726.31 27.6
736.63 14.8
743.44 285.9
744.43 32.3
753.60 9.4
