2256.0441 3
216.17 2.6
217.19 1.2
221.24 1.9
224.96 1.6
226.24 1.7
227.08 1.5
227.96 6.3
231.32 1.1
232.23 2.9
233.27 2.0
234.04 7.8
235.14 10.4
237.36 3.5
238.36 3.3
240.20 3.1
243.09 19.9
245.31 1.7
247.26 4.1
249.19 14.4
250.43 6.0
251.99 7.8
254.33 4.1
255.60 1.4
262.30 4.7
263.26 8.8
264.32 9.1
268.10 3.8
269.26 3.5
271.14 5.2
272.06 1.1
275.89 8.3
277.42 3.4
280.28 4.6
281.13 4.1
282.32 11.0
283.29 3.8
284.10 5.3
285.22 5.6
288.15 2.9
289.19 1.6
290.83 4.6
292.24 4.2
292.90 6.1
294.23 1.4
295.23 5.1
297.26 7.5
299.18 10.4
300.23 12.5
303.40 15.4
304.26 6.2
310.31 4.3
311.63 5.3
313.17 11.1
317.38 6.8
322.41 16.3
323.28 1.2
324.19 14.0
325.24 2.7
328.19 1.2
329.07 1.1
330.33 7.6
332.99 15.5
338.21 2.6
341.04 1.4
342.27 13.4
347.17 8.3
350.12 3.4
351.55 1.8
352.25 4.1
357.35 8.6
359.02 1.2
360.33 1.4
361.64 2.2
364.23 7.2
366.21 5.4
368.50 3.1
369.26 10.2
370.24 2.5
372.07 6.1
373.27 5.9
374.63 4.1
375.27 3.6
378.29 4.3
379.08 5.5
380.17 1.9
381.18 19.8
382.14 2.5
384.17 6.2
386.07 6.1
387.36 3.9
391.23 10.0
392.13 11.3
394.27 1.9
396.31 17.9
400.29 11.0
401.48 4.6
402.41 1.3
403.39 12.8
404.50 35.0
405.37 31.9
407.27 9.5
408.68 20.0
409.43 10.7
410.25 7.7
412.36 17.5
413.14 3.0
414.03 14.1
417.30 23.3
418.47 29.0
419.42 7.4
420.30 9.3
421.22 5.3
422.24 1.6
424.16 10.8
425.22 6.2
426.35 5.3
427.62 2.1
430.34 5.2
431.16 29.9
432.51 9.2
433.46 3.9
435.97 1.5
436.92 14.6
437.60 15.1
438.56 19.9
439.30 6.2
440.39 5.2
441.97 2.8
447.94 19.1
449.17 9.6
450.43 6.1
451.06 1.2
451.86 12.8
454.14 113.1
454.91 23.9
456.13 2.5
457.32 10.4
459.32 7.7
460.07 2.7
461.34 7.2
462.10 6.4
463.26 24.0
464.21 5.7
465.25 7.7
466.37 8.1
467.30 1.6
469.61 2.8
471.35 1.9
472.46 5.4
473.32 10.5
476.28 12.2
478.31 6.9
479.24 14.7
480.23 17.7
481.15 5.4
482.35 9.3
483.29 11.1
484.27 5.2
485.83 12.9
488.59 16.1
489.36 2.8
490.53 3.2
492.26 1.4
493.16 7.5
493.96 7.4
495.39 2.1
496.29 27.6
497.41 7.5
498.26 11.5
499.13 14.0
500.47 12.6
501.23 17.0
502.35 9.5
503.45 10.5
504.32 43.7
505.14 21.8
506.46 15.8
507.39 8.3
508.45 18.6
509.29 5.7
510.57 59.4
511.28 2.8
512.71 8.3
514.49 4.5
515.40 25.1
516.50 13.2
518.42 23.3
520.70 9.9
521.40 1.5
522.46 3.5
523.27 5.4
524.42 4.5
525.61 12.1
526.65 5.3
527.77 13.9
528.78 6.9
530.43 40.2
531.33 35.2
532.10 16.5
533.36 6.2
534.27 17.0
535.42 11.1
536.46 11.8
537.35 25.3
538.18 6.3
539.61 10.8
540.99 14.2
542.32 13.7
543.31 16.1
544.53 29.7
545.41 21.6
546.24 38.8
547.13 14.8
549.44 10.4
550.53 10.8
551.32 26.7
552.36 23.2
553.43 39.6
554.53 14.5
555.15 9.7
556.28 3.2
557.62 80.2
558.80 39.8
560.27 30.2
561.21 25.6
561.96 4.6
564.14 3.9
565.79 13.0
566.69 10.2
567.37 4.9
568.52 93.4
569.56 40.3
570.27 9.5
571.58 7.8
572.64 38.3
573.63 4.1
574.61 29.7
575.32 126.7
576.02 42.8
577.38 28.4
578.70 10.5
579.63 9.7
580.57 9.0
581.50 4.0
582.60 18.0
583.31 7.2
586.58 23.6
587.40 3.3
589.06 17.7
589.89 9.7
591.47 9.9
592.59 7.9
593.74 17.2
595.24 25.6
596.21 15.2
597.30 8.4
598.34 11.1
599.43 4.1
600.46 4.5
601.24 5.6
603.11 51.2
603.83 27.0
604.48 20.8
605.56 1.9
606.48 4.0
607.18 5.6
608.40 13.1
609.29 4.8
610.27 96.6
611.31 4.9
611.99 11.1
613.15 24.4
614.03 3.5
615.22 3.2
616.36 17.7
617.20 4.0
618.28 9.4
619.11 11.0
620.29 13.2
621.39 11.5
622.06 24.9
623.38 15.4
625.60 26.4
626.55 16.9
628.18 15.0
629.39 27.5
630.36 16.7
631.08 9.9
632.88 14.2
634.84 26.5
635.55 6.5
636.73 28.3
637.41 23.0
638.51 33.0
641.36 25.3
642.52 21.7
643.34 1.2
644.31 26.2
645.35 6.1
646.62 69.3
647.48 126.2
648.64 16.6
650.33 11.7
652.47 164.5
653.49 85.9
654.56 5.8
655.25 2.2
656.62 96.9
657.48 60.5
658.20 10.3
659.51 14.4
660.71 55.5
661.56 19.8
662.32 18.9
663.30 30.2
664.26 40.1
665.49 23.1
666.37 33.7
667.47 29.0
668.46 20.9
669.73 37.1
670.69 31.7
672.15 50.6
672.90 114.8
674.81 49.1
675.51 63.7
676.70 16.3
677.60 65.8
678.49 178.3
679.43 37.5
680.25 59.7
681.37 32.8
682.39 59.7
683.62 69.7
684.37 610.4
685.46 44.9
686.23 38.7
687.29 8.3
688.18 24.3
688.88 35.1
690.10 301.3
690.84 81.0
692.13 196.8
692.93 24.2
693.75 50.1
694.93 20.1
695.86 53.8
696.57 9.7
697.86 75.6
698.79 23.9
699.82 6.5
701.45 33.4
702.39 21.1
703.00 55.7
703.72 193.2
704.57 46.7
705.55 16.9
706.24 11.3
707.40 28.9
709.00 158.3
710.01 281.3
710.87 87.9
711.76 46.3
712.39 2.4
713.17 37.7
714.04 21.3
715.03 205.0
715.68 26.1
716.48 50.5
717.44 35.2
719.07 64.5
719.88 27.3
721.05 35.2
721.93 28.5
722.59 44.3
723.88 38.9
724.65 52.2
725.69 251.4
726.69 70.4
727.81 68.9
728.59 131.2
729.79 59.2
730.51 50.1
731.45 34.2
732.38 503.8
733.40 29.5
734.46 103.1
735.25 159.3
736.13 56.4
737.16 16.8
738.44 72.2
739.26 141.2
740.70 747.3
741.49 237.8
742.36 13.6
743.90 14.9
744.91 5.4
752.64 2.9
753.74 4.7
755.01 1.3
758.02 6.2
760.35 4.2
761.51 2.4
762.71 7.3
763.58 5.7
764.52 1.9
766.37 4.2
767.26 10.6
768.99 9.2
770.02 11.9
771.40 1.6
772.44 4.4
773.69 13.5
774.46 11.7
775.53 19.2
776.29 5.2
778.05 13.2
779.43 32.6
780.30 42.1
781.16 105.9
781.86 3.1
782.52 5.2
783.64 8.7
784.39 5.4
785.23 5.9
786.09 11.9
787.34 25.2
788.18 11.3
789.20 111.7
790.12 20.2
790.95 2.1
791.69 8.9
792.46 6.3
793.60 16.0
795.66 56.2
796.76 41.8
797.60 29.2
798.49 14.4
799.40 8.4
800.11 2.7
801.55 116.9
802.50 76.8
803.36 1.5
804.56 8.0
805.60 384.0
806.54 43.3
807.49 56.5
808.73 12.1
809.43 7.2
810.73 15.3
812.31 11.0
813.49 27.9
814.49 2.5
815.41 2.2
816.55 16.6
819.53 10.9
821.64 6.9
823.16 35.1
824.08 8.1
825.28 2.5
826.63 7.8
828.16 3.7
831.09 6.6
832.12 1.9
833.69 5.0
836.24 21.6
837.00 8.9
837.72 7.5
838.51 29.6
841.59 7.4
842.28 4.2
843.28 23.9
844.30 61.8
845.14 49.1
845.89 41.6
846.66 21.1
848.04 23.4
849.05 17.0
849.69 11.2
850.54 1.4
852.17 9.7
853.08 67.4
853.79 29.0
854.53 6.8
855.29 11.5
856.57 21.8
857.90 8.4
859.90 24.9
861.08 62.1
862.30 25.0
863.03 30.4
863.74 37.4
864.73 13.8
868.26 12.8
869.16 2.3
870.16 167.0
871.02 88.3
872.12 10.7
878.42 25.3
879.64 23.2
881.05 7.0
882.64 9.4
883.76 1.5
885.51 2.7
886.56 13.2
887.71 7.2
889.03 6.3
890.46 4.1
891.32 1.8
892.30 20.5
893.86 7.7
894.54 47.0
895.55 40.6
896.79 38.0
897.62 41.3
898.56 1.2
899.85 13.7
900.93 33.4
901.54 33.2
902.18 48.3
903.28 15.6
904.53 20.6
905.68 23.2
906.56 46.6
907.76 37.0
909.14 29.9
910.00 116.3
910.78 119.6
911.56 48.6
912.18 6.7
913.43 231.9
914.21 233.2
915.13 30.4
916.08 11.3
917.47 30.3
918.53 20.0
919.50 58.8
920.27 27.4
921.37 6.8
924.76 4.5
925.60 22.6
927.19 42.3
928.06 12.9
929.57 4.4
930.65 5.4
931.83 12.4
933.16 1.8
934.39 34.0
935.82 41.9
937.56 2.3
939.38 5.0
940.50 7.7
941.69 9.7
943.51 14.9
944.94 7.3
945.63 1.5
946.99 4.0
948.91 15.5
950.54 13.8
951.83 1.9
953.35 40.9
954.68 7.0
955.77 13.5
956.64 3.5
959.43 11.0
960.22 2.7
961.08 7.5
961.90 101.4
962.72 31.2
963.59 11.0
964.57 8.2
965.76 6.4
967.03 1.7
967.66 55.1
968.87 30.0
969.92 69.4
970.57 352.1
971.23 220.5
972.82 8.6
974.01 3.9
974.61 1.5
975.80 18.3
976.81 33.2
977.62 15.1
978.72 88.7
979.77 63.9
980.56 3.8
981.61 7.0
983.93 103.5
984.76 71.2
985.48 53.2
986.44 10.0
987.46 2.8
988.44 8.3
989.61 20.7
991.67 34.9
992.44 4.4
993.28 15.0
994.69 8.9
995.73 5.3
996.78 7.4
997.76 3.6
998.84 8.3
1000.34 3.9
1001.68 15.0
1002.30 9.7
1004.03 38.6
1004.86 9.9
1005.62 18.9
1006.67 32.3
1007.72 39.0
1008.43 1.2
1009.62 33.7
1010.52 16.1
1011.37 28.8
1012.26 66.6
1013.45 22.4
1014.42 1.9
1015.51 6.2
1016.22 27.6
1017.35 51.8
1018.06 22.7
1018.83 5.4
1019.81 174.6
1020.64 78.1
1021.61 4.4
1023.30 17.6
1024.50 3.7
1026.00 211.4
1026.79 152.8
1027.98 11.0
1029.90 3.9
1030.70 5.0
1031.93 25.1
1032.93 14.1
1034.58 187.4
1035.51 59.0
1036.22 15.2
1037.68 24.4
1039.16 56.0
1040.44 9.8
1041.31 95.4
1042.14 21.7
1042.89 32.9
1043.83 28.2
1044.83 26.9
1045.85 40.8
1046.91 35.9
1048.12 98.6
1048.89 46.7
1049.87 12.5
1050.81 22.5
1051.73 7.8
1052.76 40.3
1053.54 4.8
1054.98 128.2
1055.64 216.8
1056.50 70.3
1057.35 31.8
1059.53 1.2
1060.35 3.4
1061.03 8.9
1062.77 3.2
1064.39 89.4
1065.37 21.0
1066.29 15.6
1067.68 7.9
1068.37 6.0
1069.26 24.5
1070.04 4.3
1070.75 2.2
1072.31 20.4
1073.48 4.6
1075.60 9.5
1076.80 6.4
1078.02 48.0
1078.90 178.5
1079.76 79.7
1080.68 5.4
1081.33 9.6
1083.37 15.3
1084.31 17.6
1085.12 7.6
1086.78 19.2
1087.48 3.5
1088.54 14.1
1089.40 9.4
1090.75 7.8
1092.09 19.8
1095.71 6.9
1096.50 10.6
1097.36 3.8
1098.61 1.1
1100.62 1.5
1102.00 5.6
1102.72 7.7
1103.67 2.6
1104.45 4.7
1105.55 21.5
1106.76 48.7
1107.82 18.5
1108.58 13.7
1110.23 2.3
1111.74 1.7
1113.63 45.0
1114.54 13.9
1115.40 11.2
1117.22 12.7
1119.01 10.3
1119.78 4.7
1120.70 30.8
1121.73 13.1
1122.56 15.0
1125.50 14.0
1126.27 2.4
1127.72 1.2
1128.62 14.1
1131.26 7.3
1133.44 3.3
1134.25 2.6
1134.85 2.2
1135.95 4.8
1137.73 12.0
1138.41 5.7
1142.60 70.2
1143.67 29.8
1144.51 3.6
1145.50 2.4
1148.69 18.7
1149.74 15.7
1150.74 13.7
1157.50 1.7
1158.46 5.7
1159.76 3.5
1165.05 22.5
1165.80 1.7
1167.27 4.3
1174.97 6.3
1175.85 2.6
1176.60 1.9
1178.75 2.8
1181.85 1.2
1182.71 3.5
1184.64 1.2
1185.43 1.3
1187.64 3.9
1189.01 5.8
1192.12 5.0
1195.74 2.2
1199.86 2.1
1200.60 3.3
1201.94 3.4
1205.69 19.9
1206.55 9.4
1207.67 7.0
1208.61 1.9
1209.63 2.6
1210.68 2.3
1211.65 1.2
1213.71 6.5
1216.86 7.3
1217.63 6.2
1218.66 12.9
1219.68 7.6
1220.65 7.1
1222.44 2.3
1224.83 5.9
1226.10 8.4
1229.46 2.4
1230.74 1.8
1234.10 8.2
1235.09 4.5
1235.85 13.9
1236.55 8.1
1239.80 2.9
1242.31 1.4
1244.01 9.1
1246.75 10.7
1247.69 5.0
1258.38 2.9
1262.42 1.9
1263.81 3.1
1264.94 3.6
1265.96 1.1
1268.76 14.0
1270.83 2.8
1285.45 3.5
1288.91 4.3
1290.76 3.0
1294.83 7.2
1305.60 4.9
1308.71 14.0
1309.75 3.6
1313.87 8.4
1314.96 1.2
1315.65 2.1
1318.31 4.2
1320.70 6.6
1321.42 7.1
1324.52 2.0
1326.54 5.0
1327.91 2.9
1332.96 1.3
1334.60 1.9
1336.00 3.7
1338.63 6.3
1340.48 3.7
1342.04 6.9
1345.58 5.0
1346.99 2.0
1348.31 2.6
1348.94 4.4
1352.66 2.3
1355.52 4.7
1356.87 2.4
1362.53 5.5
1363.28 5.3
1369.20 5.7
1370.06 3.6
1372.59 2.1
1383.91 5.1
1388.51 3.7
1403.38 1.7
1404.80 6.0
1406.88 6.3
1417.72 4.7
1419.77 2.2
1420.83 2.2
1421.74 2.5
1423.42 2.5
1424.79 7.9
1428.66 1.7
1434.40 2.2
1437.99 4.8
1440.70 2.1
1441.32 3.0
1442.64 9.1
1449.93 3.3
1450.86 12.5
1458.55 1.5
1463.61 2.9
1465.51 3.1
1494.67 6.4
1496.97 3.7
1499.51 2.3
1516.38 2.8
1520.47 2.1
1527.01 1.8
1533.81 3.2
1570.03 3.5
1574.74 5.4
1592.65 6.3
1593.91 4.7
1665.81 4.5
1757.75 6.9
1869.42 4.1
1922.72 1.2
1948.03 1.7
