1147.5562 2
193.37 1.6
198.22 2.0
216.11 2.7
226.39 2.0
235.31 1.8
266.20 1.6
301.31 5.9
301.98 12.4
311.32 2.7
326.32 3.9
334.41 1.1
344.04 2.3
352.98 7.0
372.01 6.9
382.31 1.4
383.42 3.1
421.85 11.8
424.12 6.9
431.62 4.2
438.00 7.8
439.08 3.6
455.49 2.6
459.18 1.3
459.97 6.3
463.27 4.7
476.25 4.9
477.62 2.5
481.00 8.8
481.95 13.0
487.79 3.7
488.67 1.5
490.99 4.0
492.65 7.3
499.83 30.9
504.40 69.4
505.11 6.3
509.95 10.3
510.80 7.3
512.80 1071.6
513.41 80.5
516.64 13.2
517.26 3.2
519.96 4.3
521.84 8473.5
522.84 18.2
524.05 4.1
524.91 3.8
525.91 17.6
526.97 1.9
529.38 5.8
530.91 4.5
531.94 6.2
532.91 4.9
539.82 3.4
542.18 21.1
543.44 6.1
544.31 1.6
546.80 5.1
547.50 7.4
548.42 7.0
551.65 11.9
552.92 176.5
553.77 2.7
556.08 22.2
557.38 23.0
558.95 4.5
560.06 14.2
561.65 94.3
562.66 11.0
564.56 20.2
565.84 25.9
622.58 1.5
624.28 5.2
652.48 4.2
673.72 1.5
709.54 8.7
724.38 1.3
732.52 10.2
740.90 10.1
742.38 10.4
744.18 15.0
746.91 6.2
759.47 1.4
770.68 4.6
776.36 7.5
791.99 5.9
796.87 8.8
800.26 2.0
803.44 2.3
825.29 8.5
850.48 1.6
891.39 2.5
895.44 2.2
917.57 3.2
933.48 9.4
943.29 5.8
945.71 2.7
953.61 4.9
955.56 4.9
962.46 2.9
975.52 2.1
980.51 2.7
982.82 4.8
1088.71 4.0
1090.49 1.3
1110.66 1.9
