842.51177 2
119.26 2.4
120.23 3.1
121.13 4.5
124.15 2.9
124.95 2.0
126.21 5.7
128.13 161.6
129.07 16.5
130.10 14.2
131.20 6.3
132.20 4.7
133.15 6.4
134.18 4.7
135.08 84.9
136.06 205.3
137.17 50.9
138.28 11.8
139.17 7.7
139.99 4.9
141.19 11.0
142.19 5.6
143.24 88.3
144.21 14.8
145.16 76.7
146.19 17.0
147.17 28.8
148.62 4.8
149.24 7.1
150.13 7.7
151.20 29.6
152.14 13.3
153.15 8.7
154.08 5.6
155.33 14.8
156.21 25.4
157.07 13.4
158.16 4.2
159.45 13.7
160.21 33.4
161.15 57.1
162.16 53.5
163.18 35.9
164.08 147.0
165.19 20.0
166.27 3.4
167.30 22.4
168.07 30.8
169.27 11.7
171.11 275.3
172.16 23.8
173.28 82.0
174.19 10.2
175.22 21.6
176.21 14.7
177.16 96.7
178.11 269.6
179.16 181.5
180.19 105.4
181.00 9.4
182.28 6.1
183.18 57.7
184.19 3.5
185.24 25.6
186.10 3.3
187.12 14.9
188.06 8.9
189.26 37.9
190.15 19.3
191.12 17.7
192.19 10.9
193.21 24.8
194.34 10.3
195.32 18.9
196.08 58.4
197.15 47.3
198.17 29.9
199.17 18.4
200.20 17.2
201.20 87.0
202.11 5.4
203.31 10.7
204.20 5.0
205.11 14.4
206.20 18.3
207.19 45.4
208.19 5.5
209.06 17.2
210.18 80.8
211.11 60.7
212.21 22.8
213.19 25.4
214.22 31.8
215.35 31.6
216.18 42.0
217.23 14.9
218.17 3.6
219.21 31.8
220.10 16.6
221.14 28.8
222.03 19.1
223.12 34.1
224.29 14.1
225.25 69.0
226.15 28.4
227.16 52.4
228.30 20.7
229.12 31.7
231.06 17.6
232.05 16.5
233.02 64.4
234.10 16.2
235.07 24.3
236.13 1.3
237.17 31.7
238.21 4.9
239.20 20.7
240.19 13.2
241.89 185.1
243.10 142.1
244.11 84.8
245.20 41.2
245.95 6.7
247.15 11.0
248.36 15.8
249.24 40.6
250.10 6.3
251.12 13.7
252.00 19.3
253.32 37.2
254.30 52.2
255.28 31.2
256.22 2.6
257.20 32.3
258.32 21.7
259.21 38.1
260.19 41.2
261.21 70.5
262.47 12.6
263.17 10.7
264.27 10.6
265.06 25.6
266.11 28.3
267.27 16.7
268.20 10.7
269.10 35.1
270.22 11.1
272.15 618.6
273.25 70.3
274.19 20.8
275.23 41.2
276.21 14.1
277.23 56.9
278.17 17.3
279.16 49.4
280.22 32.6
281.17 23.7
282.24 14.5
283.18 38.5
284.12 13.9
285.19 47.1
286.30 17.3
287.18 40.4
288.55 20.5
289.28 19.6
290.17 39.4
291.25 17.6
292.28 7.8
293.21 38.8
294.33 49.7
295.31 36.5
296.24 8.5
297.19 7.2
298.11 6.0
299.07 12.5
300.23 23.1
301.10 33.4
302.12 29.0
303.12 19.8
304.33 10.2
305.34 58.6
306.17 83.0
307.23 88.6
308.37 55.6
309.28 32.1
310.03 13.6
311.23 32.0
312.64 7.9
313.26 8.1
314.32 11.8
315.16 28.4
316.11 15.1
317.43 35.7
318.30 21.8
319.14 44.6
320.32 15.9
321.24 51.1
322.22 13.1
323.18 101.0
324.26 51.3
325.35 89.1
326.23 49.5
327.75 1152.4
328.36 300.9
329.28 28.8
330.15 7.8
331.32 37.2
332.07 12.0
333.26 58.6
334.20 21.5
335.19 47.9
336.82 597.9
338.13 28.9
339.35 50.9
340.35 46.6
341.19 70.9
342.22 58.1
343.18 130.5
344.16 63.3
344.95 78.2
346.12 6.3
347.19 39.6
348.20 47.6
349.31 33.3
350.18 18.1
351.35 44.3
352.20 24.1
353.20 550.9
354.41 73.7
355.45 24.7
356.32 19.0
357.25 53.2
358.22 57.0
359.21 34.8
360.12 58.0
361.13 162.0
362.11 180.4
363.27 81.0
364.36 31.0
365.39 34.4
366.27 22.0
367.10 11.4
368.13 9.2
369.17 12.9
371.17 372.5
372.32 45.9
373.32 37.3
374.28 31.0
375.37 51.0
376.28 72.8
377.32 87.5
378.13 53.4
379.39 50.4
380.44 18.3
381.36 4.2
382.29 2.3
383.35 2.8
385.32 466.9
386.31 167.0
387.20 66.2
388.33 16.4
389.52 3.2
391.19 64.9
392.22 38.6
393.25 77.0
394.28 88.4
395.19 1.7
396.11 2.9
398.69 7.5
399.41 2.7
401.01 11.4
403.21 1010.8
404.20 1147.1
405.21 160.9
406.16 16.2
407.29 9.1
409.74 10.8
412.90 18908.0
413.75 47.4
414.48 45.3
415.56 10.3
416.73 6.9
417.70 5.3
419.07 7.3
419.71 11.7
421.37 1.4
430.10 1.7
431.41 2.2
436.37 5.3
439.64 4.9
440.28 117.7
441.24 9.8
442.43 3.1
454.27 25.1
455.33 2.4
457.15 2.6
458.35 109.8
459.33 7.5
472.35 1990.8
473.42 278.5
482.09 3.8
506.04 5.4
508.04 7.9
509.28 4.7
516.72 9.0
518.30 4.5
531.52 4.7
535.28 52.3
536.25 17.2
543.18 6.8
544.39 2.2
552.27 2.3
553.30 130.0
554.37 51.1
563.89 6.0
566.57 4.0
571.44 493.5
572.55 86.9
579.31 3.4
581.50 3.4
582.31 4.5
591.38 3.4
598.49 2.6
601.46 1.7
602.66 4.6
607.45 11.0
612.95 2.6
629.81 1.2
632.38 9.7
633.50 5.8
635.97 2.0
637.67 5.0
638.35 3.4
639.28 5.4
651.37 2.5
654.32 16.9
655.57 7.6
665.49 5.4
668.52 6.7
672.44 1451.3
673.44 343.6
679.69 10.2
682.55 1.4
707.51 2.4
714.43 1.3
723.07 4.0
725.53 34.6
726.61 16.6
729.41 5.7
735.40 1.2
743.47 98.7
744.45 40.2
