1280.67241 2
197.05 2.1
199.21 4.7
201.09 2.4
211.73 1.2
234.26 6.3
258.39 1.3
266.28 3.6
277.99 4.5
282.25 2.4
284.30 2.1
287.23 2.6
288.44 6.1
305.28 11.3
311.20 2.8
316.28 2.0
324.12 2.5
340.92 1.5
346.98 2.5
354.42 2.7
355.11 2.4
357.22 3.3
358.36 1.8
363.44 1.8
368.97 4.1
371.26 2.8
380.26 1.2
388.37 4.2
391.33 4.3
396.27 4.3
404.07 1.6
405.28 6.0
414.47 2.5
419.28 8.3
421.60 5.1
423.88 1.1
431.07 4.0
436.43 1.4
443.08 1.7
444.64 9.3
447.42 2.5
450.09 5.5
452.36 3.0
453.38 2.0
459.38 1.5
460.14 1.6
463.60 2.9
465.62 7.8
470.45 2.4
471.38 4.5
472.36 2.3
475.85 1.7
478.43 1.6
497.70 4.4
501.44 12.6
503.35 1.4
504.86 5.7
505.97 8.5
506.84 1.1
507.51 11.5
509.27 9.5
510.43 4.2
515.58 4.3
516.42 1.1
518.32 15.1
519.55 1.1
523.27 27.1
526.48 20.9
527.40 2.0
529.97 11.2
532.51 5.7
535.39 3.1
540.45 1.8
541.48 3.0
542.33 3.7
543.70 2.9
546.43 4.1
547.20 1.8
553.12 7.9
554.43 5.1
556.49 6.1
561.26 6.4
562.23 11.2
565.76 2.4
567.16 2.0
567.98 11.7
571.12 17.6
571.77 1.7
572.46 12.5
574.55 1.4
577.53 4.4
578.26 3.9
580.97 9.7
583.43 11.0
586.34 9.0
587.91 16.9
589.31 8.6
590.34 3.5
591.52 4.6
592.28 2.3
596.01 3.1
597.57 2.7
600.06 3.1
601.67 17.8
602.35 3.0
603.45 15.8
604.32 8.8
605.31 22.7
606.40 20.0
609.26 10.6
610.19 176.3
610.86 24.6
612.16 4.8
614.21 17.8
614.91 9.3
616.41 4.5
618.63 8.2
622.76 93.6
623.55 42.2
624.42 7.1
625.31 6.4
629.30 19.6
630.38 10.3
631.33 74.2
632.13 13.1
658.33 1.7
674.46 6.1
688.33 8.0
691.75 24.5
692.44 58.5
693.50 27.5
696.15 3.2
709.88 12.7
714.93 7.9
726.98 4.6
747.60 5.5
753.47 12.9
754.12 2.4
761.67 1.3
764.34 2.6
774.58 8.3
781.08 2.7
789.38 1.8
796.17 6.6
798.55 2.7
804.66 2.7
805.49 22.1
806.51 8.1
814.57 1.5
815.48 2.4
817.01 5.6
844.45 1.8
851.04 3.6
858.67 3.7
859.53 2.2
889.23 3.8
896.44 2.1
899.44 1.7
905.28 1.6
906.48 7.0
907.48 6.5
909.55 1.5
939.10 1.9
940.30 8.3
941.30 1.3
951.75 2.2
958.50 5.5
976.72 4.3
1003.65 2.3
1008.78 3.5
1009.63 6.1
1011.41 1.4
1027.52 1.8
1029.45 5.1
1030.59 4.7
1044.80 1.4
1061.68 1.5
1062.45 9.4
1080.70 24.8
1081.78 1.8
1098.70 1.8
1116.28 1.0
1117.59 3.7
1119.59 1.1
1135.70 4.2
1191.44 5.8
