992.5904399999999 2
147.24 4.8
148.27 3.4
154.34 3.3
155.12 2.9
156.00 1.3
156.98 1.3
160.00 1.3
164.20 5.5
171.00 2.2
173.19 1.9
175.52 5.9
178.14 4.3
183.17 1.7
184.15 8.8
185.39 5.6
192.20 3.7
195.96 1.5
198.04 2.4
203.22 1.3
205.53 3.9
209.00 6.8
211.25 2.2
212.22 1.8
213.07 69.5
214.14 17.7
217.13 1.2
217.84 1.3
221.29 1.1
226.05 4.9
227.25 2.4
228.33 4.0
230.14 612.8
231.06 40.2
232.17 1.2
233.28 1.6
234.35 15.7
235.20 14.3
238.11 1.7
239.17 4.8
240.99 3.9
244.13 14.7
248.82 1.5
251.46 8.3
253.36 10.3
254.33 1.6
256.23 2.6
262.05 1.8
266.31 3.6
268.48 1.6
270.29 7.5
271.24 11.0
275.18 1.3
277.21 1.9
278.17 1.3
281.18 1.6
284.12 2.0
288.33 9.7
291.30 3.0
293.99 1.1
297.12 1.5
298.13 5.7
299.22 26.9
300.28 1.5
301.20 1.1
302.24 1.2
303.93 8.8
308.35 2.2
309.19 4.8
314.24 2.0
315.29 5.8
319.02 1.1
326.35 3.8
331.22 16.0
332.31 2.7
333.96 1.8
335.22 1.5
337.32 3.5
341.35 2.1
343.26 12.4
346.48 13.8
348.45 5.1
349.19 7.1
350.30 11.4
351.18 12.2
351.90 2.4
353.19 8.6
353.86 2.9
355.57 2.4
357.29 1.3
359.50 55.7
360.44 33.1
362.41 9.8
365.11 9.8
367.15 26.2
368.61 62.6
369.42 2.5
371.17 4.9
373.55 91.3
377.47 4.0
378.22 1.6
380.34 11.7
382.36 259.6
383.29 4.6
384.39 10.0
385.52 3.6
387.71 3.5
388.36 14.1
389.52 4.5
390.31 4.6
391.35 9.1
392.25 4.2
398.19 2.2
400.35 2.3
401.11 3.0
402.33 9.1
403.27 6.7
404.23 6.1
405.02 7.6
407.02 10.0
409.09 11.5
410.06 14.9
411.14 5.9
412.38 42.8
413.34 3.5
416.74 10.2
417.94 12.0
420.62 4.0
421.86 23.8
423.52 16.1
425.05 6.2
425.97 23.9
430.76 45.2
431.98 12.8
432.72 5.3
434.20 3.7
435.46 12.6
436.29 2.2
437.32 10.7
438.98 25.2
439.86 211.8
440.80 2.0
442.29 7.4
445.28 20.5
447.43 9.3
448.26 3.2
448.87 7.5
451.21 1.1
452.31 7.0
454.40 3.3
455.79 19.2
457.32 5.3
458.74 1.5
459.67 27.2
460.62 44.6
461.53 26.8
463.43 8.8
464.40 4.1
465.72 37.1
466.38 24.7
467.21 12.3
468.21 25.0
469.02 8.9
470.26 27.9
471.23 6.6
472.55 1.6
473.97 56.4
474.93 41.3
475.77 42.0
476.75 6.8
477.46 8.8
478.58 59.1
479.58 158.1
481.66 28.7
482.29 10.7
484.39 38.5
485.38 22.8
487.19 47.3
488.42 1136.8
489.31 11.9
490.91 9.9
511.68 5.0
512.45 2.0
515.61 2.1
524.24 5.5
525.45 48.3
526.26 3.4
529.34 2.2
541.52 1.6
542.42 10.0
543.34 3.3
544.60 7.9
549.08 3.0
549.69 2.8
550.47 2.1
554.73 5.3
557.25 2.2
561.46 8.4
562.54 5.6
564.28 2.3
565.22 1.1
566.58 1.1
567.61 3.1
573.57 8.4
576.26 7.2
581.52 7.7
582.53 15.6
583.49 14.6
587.62 4.0
589.29 7.3
590.55 2.0
591.92 16.8
592.58 17.0
593.75 16.9
595.67 2.6
598.57 5.4
599.84 27.5
600.55 10.7
605.66 30.0
606.39 5.8
607.36 5.9
608.41 61.4
609.58 14.7
612.53 5.5
617.15 3.2
618.72 2.0
619.64 2.9
620.28 2.9
621.55 1.1
623.40 3.9
626.50 37.4
627.41 8.2
628.65 3.3
632.26 4.4
633.37 11.7
636.30 2.4
639.29 11.8
641.44 1.4
647.24 4.9
649.06 4.9
650.64 5.8
657.35 2.1
661.10 3.1
662.51 1.7
664.64 4.9
668.02 5.0
669.27 1.4
672.57 2.8
675.64 8.1
676.71 3.0
678.30 21.2
679.75 3.4
684.52 1.2
687.50 5.1
688.35 1.4
691.63 5.0
692.33 2.1
692.97 4.6
694.48 39.4
695.47 4.4
698.13 2.0
701.68 13.5
702.75 2.7
703.51 2.3
705.17 3.3
706.48 26.4
714.42 3.3
716.42 6.5
717.52 13.8
718.61 5.0
719.55 76.1
720.51 31.1
725.41 3.4
726.57 2.4
728.90 13.4
732.13 8.5
733.72 4.5
735.50 137.6
736.53 63.4
741.41 3.1
744.38 1.8
745.47 303.9
746.47 101.5
747.69 1.3
748.77 10.8
749.57 11.4
750.35 5.8
758.50 1.1
759.26 2.3
760.86 9.7
761.67 3.0
763.52 783.0
764.59 210.2
765.50 10.9
767.01 3.9
775.03 5.9
777.39 2.9
779.15 4.9
781.35 6.4
792.25 3.3
795.37 2.8
796.50 2.5
805.09 3.1
807.66 1.8
809.39 4.3
811.36 5.4
817.35 6.5
818.46 5.1
820.78 6.4
826.52 1.9
828.36 4.7
829.73 2.7
830.41 1.5
833.55 2.8
836.37 7.6
841.82 1.6
846.44 8.4
847.45 2.5
850.33 6.2
864.79 3.8
906.87 9.1
911.48 3.0
941.34 2.5
954.42 43.0
955.51 8.8
