870.54247 2
123.10 5.6
125.07 4.0
128.16 22.8
129.19 16.0
133.09 6.2
135.14 2.0
136.02 5.6
137.23 11.6
138.30 14.9
141.23 5.1
142.21 1.7
143.24 12.6
145.05 19.2
147.20 14.5
148.12 2.7
149.22 18.9
151.17 4.1
153.15 12.8
154.37 5.0
156.32 5.7
157.15 9.8
157.94 1.7
159.17 8.5
160.24 4.3
161.23 6.5
162.11 10.7
163.75 6.6
165.24 7.9
167.22 7.0
169.26 5.3
170.54 1.9
171.31 22.8
172.15 2.4
173.03 92.5
174.11 37.2
175.08 97.2
176.16 4.4
177.09 5.8
178.07 3.2
179.03 7.6
180.27 3.4
181.20 9.4
182.04 8.3
183.25 16.6
184.03 1.6
185.13 24.3
186.06 55.9
187.21 43.1
188.13 13.1
189.09 8.1
191.20 8.4
192.61 7.4
193.25 10.2
195.23 19.3
196.07 1.5
197.28 31.2
198.24 18.1
199.40 74.7
200.05 113.1
201.26 18.9
202.00 148.2
203.05 12.0
205.35 6.7
207.23 15.1
208.22 14.0
209.22 47.5
210.12 13.1
211.13 18.9
212.48 2.4
213.26 3.7
214.40 2.7
215.25 9.3
216.14 5.9
217.15 15.6
218.09 5.8
219.30 20.8
220.28 22.9
221.14 66.5
222.04 26.4
223.09 76.6
225.15 45.7
226.35 41.2
227.21 18.3
229.15 4989.9
230.29 10.1
230.94 34.1
232.04 11.7
233.26 10.5
234.31 13.3
235.17 20.0
236.36 25.7
237.58 11.8
239.27 32.8
240.11 5.2
241.25 26.8
242.22 4.1
243.31 109.8
243.94 316.8
245.02 52.1
246.03 401.8
247.40 10.5
248.65 3.9
249.41 12.7
250.24 12.7
251.29 30.9
252.26 4.2
253.29 16.9
254.25 20.4
255.23 30.6
256.14 5.6
257.18 28.6
258.20 5.4
259.30 23.5
261.16 24.9
261.96 109.8
263.30 58.9
263.97 59.2
265.06 23.0
266.27 15.3
267.18 30.3
268.05 7.2
269.21 17.0
270.44 16.8
271.42 27.2
272.24 15.7
273.16 23.3
274.42 13.3
275.21 48.7
276.31 4.8
277.13 18.2
278.24 12.0
279.27 56.7
280.22 9.7
281.26 47.9
282.12 12.4
283.02 18.6
284.04 66.4
285.10 6.4
286.17 11.3
287.16 57.1
288.16 23.0
289.23 33.2
290.33 48.0
291.12 22.6
292.16 27.9
293.27 63.7
294.12 19.1
295.20 37.2
296.06 2.4
297.05 13.8
298.24 8.6
299.22 19.2
300.20 19.5
301.25 24.6
302.39 40.2
303.31 29.2
304.05 8.5
305.24 54.9
306.25 41.2
307.18 39.1
308.07 36.7
309.17 58.3
310.04 49.8
311.17 53.9
312.03 107.9
313.13 10.7
313.92 13.7
315.19 8.2
317.15 30.6
319.23 45.6
320.28 10.6
321.22 71.5
322.22 32.2
323.27 51.0
324.06 21.4
325.40 12.2
327.43 23.5
328.18 5.5
329.80 32.4
331.06 33.8
332.18 32.8
333.22 62.4
334.41 29.1
335.26 66.4
336.27 58.2
337.28 54.5
338.23 24.1
339.18 20.6
340.54 14.5
341.21 15.9
342.22 20.7
343.55 15.7
344.41 10.2
345.31 22.9
346.35 18.8
347.29 82.3
348.02 138.3
349.32 51.4
350.34 61.9
351.25 68.7
352.02 35.1
353.31 21.5
354.23 13.6
355.14 35.7
356.15 22.4
357.17 14.8
358.22 8.0
359.29 9.8
360.41 22.7
361.12 141.4
362.11 89.2
363.22 46.0
364.98 21.1
366.12 5.6
367.27 5.0
368.19 5.8
369.23 9.5
370.23 10.8
371.32 35.6
372.38 32.7
373.25 95.7
374.38 22.9
375.33 112.9
376.29 41.9
377.32 145.2
378.39 57.2
379.11 246.8
379.95 130.7
381.27 24.3
382.36 6.5
385.25 31.7
387.09 22.1
388.16 16.8
389.25 97.9
390.55 49.0
391.77 1093.7
392.59 35.7
393.30 26.1
394.31 4.8
395.03 1.7
396.19 2.0
397.30 10.2
398.57 18.4
399.40 104.1
400.23 104.0
401.23 32.7
402.15 4.3
403.36 2.7
405.17 185.5
406.15 13.5
407.26 40.8
408.32 22.2
409.49 28.8
410.09 8.7
413.23 6.2
415.30 15.9
417.24 1204.4
418.28 409.5
419.23 80.1
420.46 28.0
421.38 18.4
423.82 7.5
426.86 328.7
435.23 4.1
442.29 4.1
446.06 4.4
468.20 4.4
472.27 94.2
473.56 7.6
476.50 4.6
486.38 2.2
503.26 11.1
506.23 6.4
518.45 2.2
571.43 80.3
572.27 5.1
573.68 4.2
581.30 6.3
591.38 1.8
597.81 5.1
600.03 2.3
619.54 18.9
634.15 1.6
654.45 10.6
659.21 1.5
672.42 332.4
673.48 10.6
680.66 2.2
683.59 6.9
699.41 7.0
708.59 3.3
712.43 3.7
725.54 94.9
727.25 1.4
743.49 1981.2
744.62 62.2
753.40 4.9
770.52 1.4
771.63 33.5
815.63 1.6
826.89 1.8
848.79 2.5
