842.51171 2
123.29 3.7
124.98 1.5
129.19 22.6
130.11 6.6
131.11 1.6
135.37 1.7
136.11 2.2
138.27 2.4
142.26 7.8
143.09 23.5
143.75 1.3
147.21 12.2
148.20 10.2
154.31 4.9
154.92 1.4
156.23 21.4
157.13 8.4
159.38 1.3
162.25 1.8
164.29 4.4
171.18 44.8
172.21 6.6
173.13 5.9
174.22 147.9
175.13 16.8
177.16 9.8
182.15 4.2
183.13 3.7
187.42 6.5
189.21 4.2
191.04 4.6
192.17 3.2
197.13 12.2
198.13 6.5
199.12 2.5
201.16 28.0
205.12 1.5
208.41 1.2
210.11 127.0
211.17 2.9
212.43 8.0
214.46 3.3
215.97 1.4
217.07 1.0
218.23 3.0
219.21 4.9
225.40 4.0
226.18 3.8
227.37 1.8
228.31 6.8
230.24 176.6
231.20 9.3
233.19 1.7
239.36 3.1
240.27 4.1
241.21 2.4
242.20 9.6
243.00 3.3
248.31 10.8
249.02 2.7
251.11 8.6
252.30 4.5
253.14 2.2
254.05 4.6
258.29 6.4
259.27 1.6
260.31 87.6
261.18 21.4
262.29 8.1
264.24 2.6
265.31 3.5
268.30 27.0
269.09 4.6
270.32 6.7
272.21 96.5
273.13 3.3
275.24 2.9
276.87 1.1
281.20 6.1
282.16 1.2
283.26 2.1
285.46 7.0
286.10 1.4
288.27 8.1
291.07 1.8
292.32 2.2
294.30 2.4
295.33 3.7
295.98 4.7
297.14 1.7
299.15 5.9
301.29 3.3
306.95 91.5
308.15 21.4
309.02 4.3
311.39 5.8
312.32 6.9
314.13 7.2
315.16 2.6
315.83 8.4
316.64 3.5
317.30 9.8
319.31 5.1
319.94 3.2
321.39 1.3
323.00 10.0
324.27 8.7
325.34 14.2
326.42 1.2
327.81 354.0
328.75 4.0
329.38 9.0
331.04 10.0
333.51 10.4
334.44 5.0
335.46 8.2
336.24 202.1
336.88 91.8
338.44 1.0
339.76 1.8
340.99 5.2
342.11 3.5
342.74 3.4
343.54 15.6
344.71 5.0
346.25 1.7
347.59 11.5
349.45 5.9
351.28 6.5
353.20 105.8
354.12 17.1
354.80 7.1
355.40 1.8
357.63 7.1
358.60 17.4
359.35 1.1
361.31 6.5
362.02 8.4
363.23 5.6
364.44 29.6
365.29 14.4
368.07 2.3
369.36 15.1
371.08 94.2
372.18 47.4
373.07 18.4
375.35 15.4
377.34 9.1
378.54 6.5
380.14 13.1
381.35 9.6
382.43 14.0
383.26 17.0
384.02 11.5
385.41 101.2
386.39 14.9
387.22 5.7
388.05 3.6
389.35 21.1
390.48 22.1
391.33 85.8
392.20 26.9
393.16 9.7
394.26 9.0
395.30 5.8
398.29 2.1
399.38 17.1
400.41 25.7
401.22 2.3
403.23 72.0
404.04 198.5
405.09 11.6
406.79 20.6
407.48 11.9
408.30 8.7
409.43 22.1
410.34 5.7
412.87 4209.7
413.78 31.1
414.61 4.4
415.43 3.0
420.70 1.2
422.08 2.7
431.55 2.1
432.41 4.2
438.14 12.8
440.03 31.5
440.68 1.4
443.43 3.5
444.41 4.9
451.31 3.5
452.18 6.8
453.33 29.1
454.06 4.1
455.33 6.9
456.44 6.0
457.81 5.1
458.45 16.9
459.34 9.8
461.10 1.9
462.08 1.9
464.20 5.5
466.52 6.7
468.56 2.2
470.34 1.1
472.34 447.3
473.47 36.5
475.51 2.2
480.68 1.5
482.47 4.9
483.36 1.2
484.83 2.1
486.12 4.0
487.23 2.0
488.47 2.2
493.53 4.3
494.51 2.3
495.35 4.5
496.51 5.5
497.54 1.3
500.10 14.0
507.95 1.7
510.97 15.0
513.53 3.9
514.76 7.9
516.46 4.0
520.35 3.3
524.45 5.3
525.59 2.6
526.56 4.5
527.30 2.0
528.41 7.1
529.47 15.5
530.54 1.6
534.06 1.8
535.55 8.6
536.35 12.0
537.32 6.9
538.43 8.6
539.61 4.4
545.46 3.9
546.47 2.8
547.45 2.6
548.34 16.9
549.65 1.4
553.44 21.1
554.38 1.3
555.31 4.0
556.34 6.3
557.49 1.4
563.65 3.8
564.54 1.4
565.55 2.1
566.53 2.7
567.88 3.2
568.61 1.5
571.40 82.1
572.35 5.8
573.38 8.1
574.38 24.5
575.51 8.5
576.65 2.0
581.30 112.7
582.43 186.1
583.44 31.0
586.42 2.2
589.48 1.1
596.53 1.9
598.52 5.0
601.87 4.7
610.50 2.4
613.36 1.7
615.11 4.1
616.63 7.1
619.68 2.2
622.54 1.2
623.71 3.7
632.51 1.3
637.33 3.4
638.41 2.4
640.35 5.0
646.44 3.3
657.43 3.4
660.18 2.5
667.41 2.9
668.50 18.3
669.51 2.2
672.47 337.8
673.49 40.2
674.48 1.4
682.23 4.2
688.52 6.9
694.45 45.0
695.49 44.5
696.47 26.0
697.51 8.2
712.28 2.9
713.71 18.2
714.56 3.6
725.53 8.9
726.71 1.3
727.61 2.8
730.62 4.3
743.60 15.5
744.65 4.3
773.37 3.0
803.30 1.5
819.33 1.2
821.68 2.2
