1045.56658 2
155.34 8.7
156.13 1.2
157.33 9.9
167.52 1.6
173.19 1.6
183.34 9.5
185.23 3.0
201.20 16.3
202.08 2.5
209.16 2.4
223.17 5.2
225.03 14.4
238.19 79.1
239.26 2.2
240.21 1.6
244.03 1.7
245.25 1.4
249.16 2.4
253.36 5.6
256.34 11.5
262.19 6.4
270.19 68.0
279.30 1.5
281.34 14.3
282.01 5.3
283.20 57.5
284.21 34.8
285.16 28.5
287.36 6.3
288.20 7.7
289.07 2.1
294.54 3.3
296.20 5.6
297.28 17.6
298.41 1.3
301.26 7.2
314.20 1.7
315.01 4.0
322.22 3.5
324.26 2.8
327.97 4.5
331.34 5.7
332.08 2.8
337.84 11.9
345.18 3.1
354.99 3.8
357.16 8.3
359.37 1.8
362.68 2.0
365.13 2.8
370.67 18.6
371.77 12.3
372.96 1.1
376.29 44.7
378.89 18.7
379.78 171.9
380.46 32.8
381.41 2.0
382.95 1.8
385.98 2.2
387.05 5.7
389.47 1.9
391.76 1.9
397.00 1.2
399.47 11.4
405.51 58.3
406.36 10.0
408.93 25.7
410.02 7.5
414.42 1256.5
416.41 6.6
417.23 8.3
418.89 9.4
423.35 356.3
424.15 2.9
427.02 3.9
429.16 43.4
429.94 14.6
430.95 6.2
434.08 11.9
435.55 14.6
439.18 8.3
446.53 2.0
449.93 1.4
455.23 3.6
456.53 1.9
460.94 5.4
464.83 2.1
466.83 2.6
471.21 1.4
472.19 14.6
480.00 5.0
481.99 11.4
483.00 2.3
486.96 4.0
487.94 3.2
489.36 39.9
490.43 15.4
496.08 2.1
496.86 6.3
499.43 8.0
502.00 3.0
505.39 461.6
507.02 84.3
507.63 4.1
514.51 91.7
515.97 7.1
539.25 7.4
539.85 4.5
557.38 13.6
583.34 3.4
584.40 1.7
590.36 97.0
591.43 33.5
607.39 1.4
616.80 1.1
626.37 1.4
634.41 5.3
635.35 4.0
652.45 9.6
653.31 2.8
661.30 14.0
662.86 2.9
670.55 3.2
677.95 2.8
680.52 5.4
696.36 3.5
740.49 2.5
741.45 4.5
749.36 3.7
755.22 1.2
758.47 187.0
759.50 51.4
766.54 1.6
784.47 6.3
785.73 5.0
828.62 8.4
845.57 108.9
846.47 25.6
855.27 5.2
897.59 1.7
905.44 8.8
912.72 3.6
915.38 2.5
932.44 5.3
933.52 10.0
942.53 8.6
