842.5123199999999 2
128.30 6.8
129.34 4.1
139.18 7.3
141.09 2.4
143.30 28.4
144.39 2.6
157.35 1.5
159.99 2.0
161.29 1.8
170.65 12.5
171.28 99.5
173.23 35.6
183.04 4.6
191.39 2.0
193.10 4.6
197.22 6.0
199.33 3.3
200.93 12.5
202.14 1.7
206.99 3.3
211.26 3.3
225.49 1.0
226.34 3.7
227.31 14.5
228.02 3.0
229.22 9.5
230.50 3.1
233.24 3.8
239.19 9.1
240.70 3.6
246.21 1.5
247.27 2.5
249.20 2.2
254.16 11.5
256.13 1.9
262.08 2.6
264.50 2.4
265.98 6.0
269.28 1.3
272.17 177.1
273.10 10.6
276.50 4.1
279.48 10.2
290.10 3.3
300.35 2.0
305.30 4.6
306.46 15.5
307.23 30.0
308.19 22.0
309.27 2.9
314.55 1.9
318.77 3.0
319.78 1.0
321.35 3.4
322.83 7.2
323.46 6.6
325.18 25.2
327.86 552.6
332.04 2.9
336.72 110.6
337.38 17.3
339.12 1.6
340.43 2.3
341.29 6.3
343.12 47.4
343.85 1.0
344.94 2.2
351.42 2.4
353.15 195.4
354.26 8.7
357.92 3.0
359.13 2.7
361.43 6.4
363.30 22.1
364.32 1.7
365.35 9.7
366.13 3.9
368.21 3.9
369.49 1.9
371.21 119.9
372.08 5.3
372.84 4.9
374.35 4.1
375.08 4.2
375.72 1.2
376.89 4.8
379.03 2.7
380.10 17.5
381.09 30.9
385.30 194.7
386.34 34.5
391.19 13.6
391.85 8.7
393.24 5.1
395.12 6.8
396.49 1.6
398.92 5.2
399.67 1.7
403.21 64.9
403.95 120.7
405.15 4.1
412.89 6543.0
413.99 15.4
414.74 15.8
415.71 21.9
416.55 9.8
420.12 2.5
420.98 3.1
421.72 6.5
438.55 1.2
440.22 57.0
441.02 4.2
449.13 5.4
454.28 5.0
457.66 6.6
458.26 29.4
459.49 3.8
465.84 9.6
472.31 758.6
473.44 109.2
477.47 4.5
525.55 3.2
527.11 3.1
535.16 26.3
540.44 2.3
553.43 45.5
554.29 1.4
571.42 249.8
572.51 28.9
580.27 1.6
598.36 1.2
607.05 2.9
608.01 1.8
611.67 3.6
632.30 1.8
654.60 5.7
660.68 1.1
669.07 1.5
672.48 565.9
673.50 118.7
683.43 1.0
725.40 15.5
726.52 7.2
743.54 20.5
744.47 1.9
825.56 1.6
