1085.67009 2
169.17 1.6
180.96 1.5
197.34 9.4
199.37 3.3
200.19 2.9
205.06 2.5
207.13 2.9
213.30 1.7
215.28 12.2
225.34 7.3
226.30 2.5
230.22 2.6
241.21 1.3
241.99 6.4
243.11 10.0
244.35 12.5
245.36 3.5
248.30 1.3
254.25 4.7
255.19 9.3
261.30 3.0
262.10 1.5
266.22 3.4
273.12 8.1
274.54 8.0
275.22 7.0
279.07 3.3
282.00 2.6
284.22 1.6
285.45 1.5
287.42 3.5
293.43 5.2
300.20 2.2
301.48 2.1
309.82 3.8
312.19 2.6
313.19 1.4
315.14 2.3
316.55 7.3
317.21 29.5
318.74 8.7
324.20 3.4
335.01 1.5
345.68 1.6
349.73 3.7
353.45 6.2
356.46 20.7
358.30 7.8
359.19 1.3
360.30 1.4
366.24 1.9
367.32 4.4
369.24 12.1
370.40 10.4
371.27 2.8
372.16 1.5
374.30 1.7
378.52 2.6
380.72 4.6
381.94 5.5
384.35 5.4
386.31 10.3
387.66 11.2
388.42 12.7
389.71 1.7
390.88 6.7
393.32 11.3
393.95 1.1
394.93 1.4
398.30 1.4
399.79 9.8
400.49 11.1
401.60 10.1
404.16 10.1
405.31 13.8
406.80 17.0
407.41 3.7
408.32 3.1
410.42 6.5
411.11 1.8
412.12 3.1
413.03 45.4
414.41 9.9
415.25 10.2
416.23 5.4
420.85 17.3
421.78 139.3
422.38 25.6
423.07 6.1
424.98 2.2
426.21 6.1
427.26 4.6
429.07 42.8
429.87 10.4
431.20 34.5
432.83 5.3
435.40 6.5
439.86 2.7
444.25 4.2
447.18 13.1
449.43 9.3
450.10 6.2
452.38 3.5
453.33 2.4
454.33 2.3
455.66 7.1
456.42 3.1
457.47 3.3
459.23 1.3
460.86 9.6
464.38 2.3
469.32 9.8
470.85 21.0
471.82 7.7
472.98 6.8
474.42 7.2
475.17 6.7
477.56 72.5
478.27 2.1
479.38 26.0
484.90 6.6
486.28 35.9
487.10 36.8
487.77 13.1
490.22 17.3
491.31 21.6
492.01 1.6
494.09 7.3
497.23 5.1
498.31 1.2
499.53 14.5
500.56 2.5
501.81 18.8
503.04 9.2
504.02 19.3
508.12 13.5
510.70 6.0
511.99 23.7
513.41 3.1
514.80 1.3
515.92 15.5
517.72 6.5
519.40 12.2
521.03 25.5
522.11 2.1
524.18 9.7
525.12 125.6
525.88 63.9
526.77 16.7
528.41 41.8
529.40 26.6
530.80 4.1
532.45 4.3
534.24 161.4
535.01 77.9
541.07 3.3
542.82 1.7
552.22 2.7
560.73 13.2
570.26 6.2
571.49 2.5
584.33 8.5
599.16 7.6
600.37 3.7
609.60 1.5
615.52 15.5
616.36 3.0
623.27 10.4
633.83 7.7
635.23 1.7
637.73 3.9
641.60 13.6
642.82 1.3
643.65 3.9
647.99 5.5
662.77 5.4
664.38 1.6
667.05 2.6
667.69 1.1
681.63 7.0
682.50 6.0
685.49 4.8
691.91 12.1
697.25 2.3
698.49 17.6
699.53 17.9
700.61 4.4
704.99 6.1
712.82 12.1
714.73 2.9
715.65 7.3
716.44 5.1
722.46 7.7
728.48 2.2
730.46 13.2
731.70 5.3
746.41 4.5
747.60 7.8
748.64 18.2
750.49 2.3
751.48 1.6
757.60 3.1
758.66 3.3
763.61 2.0
768.57 3.7
769.51 12.3
777.69 3.8
780.27 1.5
784.41 7.3
785.68 4.9
786.32 6.1
789.72 3.9
790.49 1.3
793.38 1.3
794.87 6.2
808.64 2.0
809.26 2.4
811.65 3.4
812.59 4.1
813.58 5.8
815.58 1.8
816.55 1.3
824.70 6.0
825.51 5.8
826.52 21.2
827.38 19.4
842.42 66.5
843.39 15.3
844.58 83.9
845.65 19.6
854.56 4.6
858.82 8.1
874.71 1.6
877.01 2.5
879.54 2.5
885.39 1.2
915.48 2.7
923.69 5.0
929.27 1.4
932.42 1.5
939.63 25.9
940.60 11.5
956.71 13.3
957.71 5.4
958.73 7.4
963.78 1.5
971.49 4.7
972.97 1.3
1009.93 2.0
