1547.65715 2
240.23 1.7
245.33 6.8
250.17 3.0
254.03 1.6
258.14 2.0
259.08 1.2
262.36 16.9
263.24 8.5
269.28 1.1
272.32 3.1
274.20 1.0
279.43 2.4
280.50 1.1
283.09 6.1
285.23 6.4
285.89 9.0
290.92 6.1
294.01 2.3
296.33 2.7
298.21 7.6
303.42 3.2
310.20 10.7
311.23 1.6
312.13 2.0
319.13 1.6
330.26 10.4
332.99 2.4
337.38 3.6
338.51 1.9
339.30 1.2
342.37 4.9
353.37 1.1
354.12 3.7
355.07 3.6
356.46 4.1
359.00 4.9
364.14 2.0
373.41 2.3
375.38 2.6
379.10 2.2
380.55 9.1
381.26 12.8
382.48 3.8
383.18 8.5
385.30 7.3
391.37 2.3
395.92 1.2
397.20 3.7
399.47 1.1
400.40 5.2
403.10 1.4
407.39 9.0
409.23 4.3
412.21 2.9
417.48 1.2
418.17 1.6
420.37 2.1
422.92 3.4
433.13 5.2
433.87 2.7
436.41 1.2
438.80 4.9
440.14 2.0
441.77 7.6
444.15 1.2
446.47 2.6
452.64 1.1
456.77 5.5
458.19 1.4
461.21 6.6
462.50 19.3
464.14 1.3
466.28 2.9
468.37 8.1
469.73 5.0
474.22 3.8
475.23 3.1
476.42 2.1
480.28 2.4
485.43 6.9
492.55 1.8
493.65 3.6
502.95 1.5
503.59 9.7
506.39 4.2
507.33 12.1
508.42 3.7
510.39 6.0
512.30 40.3
513.49 3.4
519.55 4.3
520.81 10.4
522.41 1.2
526.53 1.7
527.32 11.1
528.37 10.2
530.09 15.5
531.24 5.5
532.48 2.8
533.53 3.4
536.15 2.0
537.14 6.1
542.31 4.4
544.94 1.3
546.52 10.7
552.09 8.3
553.62 2.5
555.06 6.9
557.49 1.4
559.28 1.4
560.09 1.1
561.53 1.9
563.50 9.4
564.39 4.6
565.00 2.1
567.43 9.7
571.10 1.4
572.52 3.1
573.53 2.5
574.15 1.4
576.74 9.2
577.50 2.5
579.29 3.6
580.15 5.1
581.47 4.4
582.21 1.8
583.53 18.8
585.23 2.9
593.93 9.7
594.85 15.6
595.65 3.1
596.60 3.6
599.27 2.5
600.38 6.7
601.68 7.8
602.74 9.1
606.30 2.6
607.27 3.8
610.38 1.5
611.56 3.6
612.66 1.2
615.90 2.7
617.39 3.3
618.44 15.5
619.36 4.3
620.75 4.8
621.70 12.4
622.43 8.3
624.25 5.7
625.49 3.5
631.94 5.2
634.83 2.1
636.69 9.5
638.36 29.9
639.25 9.3
640.06 30.2
640.80 9.1
641.63 10.1
642.48 2.7
643.31 13.1
646.36 5.5
647.65 1.5
649.13 36.6
650.12 7.4
651.74 5.3
652.53 4.8
653.82 14.4
656.32 63.0
657.80 69.5
658.73 44.6
659.99 22.2
660.81 5.2
663.42 6.2
666.95 70.1
667.99 24.2
670.39 19.0
671.22 9.6
672.83 1.8
673.98 16.3
674.62 15.1
675.59 12.7
677.49 4.1
680.66 13.8
681.52 17.7
682.24 1.9
683.87 21.9
684.50 9.3
685.34 9.8
686.46 33.7
687.10 4.8
688.56 3.9
689.95 16.0
690.66 7.2
692.54 50.3
693.27 5.2
694.01 5.7
695.37 2.3
696.70 7.9
700.36 7.8
701.63 102.5
702.40 27.9
703.40 1.9
704.29 10.8
706.31 1.8
708.81 13.8
709.66 2.0
710.57 56.4
711.49 18.6
712.62 4.0
713.38 6.5
714.29 16.6
714.93 2.4
716.44 6.2
717.53 6.7
718.40 1.1
719.40 5.4
720.08 2.4
721.09 14.3
722.07 16.6
722.97 16.4
724.07 28.9
725.01 20.0
726.05 2.2
726.96 2.0
728.71 13.8
729.45 12.7
730.37 25.9
731.38 8.2
732.34 11.5
733.02 14.1
734.09 2.3
735.02 3.1
735.90 13.4
737.51 16.1
739.10 116.1
739.94 6.7
741.42 26.2
742.25 17.7
743.40 11.4
745.38 11.7
746.33 10.4
747.65 44.2
748.57 25.7
750.23 97.3
751.14 30.3
752.79 14.7
753.45 12.9
754.25 12.4
756.62 549.4
757.48 147.3
758.59 21.8
759.58 145.0
760.54 8.8
761.44 4.3
762.23 6.8
765.42 39.0
787.75 6.3
789.55 2.5
792.05 1.8
798.34 5.0
801.59 1.9
803.35 1.6
816.62 5.4
818.54 3.0
820.56 2.0
821.44 3.2
826.70 2.9
828.24 2.0
830.63 3.1
831.76 2.1
836.04 3.0
838.56 6.9
840.82 1.3
841.48 3.8
844.18 6.9
846.60 39.1
847.43 2.9
848.77 1.9
849.37 3.8
851.49 1.8
853.28 1.8
856.22 13.8
857.36 6.0
858.44 13.2
859.76 6.9
863.13 1.5
874.20 19.5
875.43 18.3
876.32 7.1
891.35 7.7
892.44 5.7
893.52 2.2
895.66 7.3
897.52 1.5
912.49 8.5
914.74 2.9
915.51 1.2
918.96 3.1
950.47 2.0
956.60 1.1
968.78 9.3
969.69 5.4
970.47 4.0
971.37 2.4
980.65 3.6
984.84 4.8
989.31 4.7
999.47 3.8
1003.77 4.1
1004.89 1.3
1005.56 9.9
1006.90 5.2
1010.88 1.3
1012.46 1.5
1014.77 1.1
1018.74 4.8
1022.68 4.0
1023.68 4.2
1031.46 1.8
1032.47 7.7
1040.46 1.8
1045.28 2.9
1063.57 3.3
1066.54 1.2
1070.38 12.8
1079.36 4.2
1086.71 9.4
1096.24 3.1
1099.05 1.8
1111.77 2.2
1119.93 3.8
1130.65 2.3
1131.60 9.6
1135.26 1.4
1138.66 5.9
1139.39 2.9
1144.73 4.8
1148.83 13.1
1149.78 5.8
1150.64 1.2
1151.64 2.3
1171.39 4.2
1177.79 3.0
1182.58 1.8
1217.42 5.7
1222.43 6.3
1227.63 4.5
1234.80 2.3
1245.57 11.2
1246.50 6.2
1271.63 3.8
1281.51 1.3
1287.14 8.7
1305.29 3.1
1357.48 9.0
1375.02 3.3
1375.85 1.1
1387.22 5.3
