2082.96733 2
292.28 3.0
293.25 1.8
295.14 3.9
297.33 2.3
301.25 2.8
302.17 10.5
309.15 4.1
310.32 3.5
311.24 2.6
312.18 1.9
314.06 8.1
319.27 3.5
324.49 1.5
325.24 4.4
327.18 8.1
329.14 9.3
330.34 9.6
336.02 9.5
337.18 7.7
340.49 5.8
342.36 36.9
343.42 10.7
347.31 6.4
348.46 2.6
350.06 2.8
351.21 8.5
353.34 18.0
354.23 2.2
355.25 10.4
357.26 13.9
358.32 9.2
360.18 5.1
361.18 17.5
363.29 6.6
365.42 7.7
366.52 5.5
367.57 6.9
368.30 6.2
369.35 1.3
370.32 2.7
371.28 2.8
373.26 14.6
373.99 4.0
375.33 540.8
376.33 71.1
377.29 4.0
378.43 11.7
379.20 2.8
380.42 3.1
381.39 8.3
383.32 2.3
385.14 13.3
386.39 6.4
388.15 1.4
391.11 29.9
392.46 2.6
394.26 2.4
395.27 25.1
399.22 3.2
400.15 13.0
403.30 21.9
404.26 6.7
407.31 18.7
408.30 11.6
410.15 1.9
411.26 10.0
412.22 9.6
413.17 70.6
414.11 6.3
416.30 3.3
417.98 17.1
419.22 10.2
420.11 13.2
421.33 6.5
422.33 3.5
425.36 5.7
426.22 10.8
427.97 5.8
429.17 6.8
430.54 38.4
431.46 42.9
432.29 6.1
435.30 2.1
437.67 3.1
438.30 1.8
439.18 7.2
441.36 1.4
445.02 10.6
448.20 11.5
451.18 3.6
452.33 30.4
453.37 18.1
455.38 14.7
458.28 6.5
460.13 3.0
461.16 5.5
462.35 5.6
463.38 6.8
464.49 3.0
465.50 10.6
466.37 6.5
468.33 2.7
469.28 9.8
470.30 46.8
471.25 42.7
472.13 16.4
473.10 6.4
474.18 8.9
475.21 2.0
479.21 2.9
480.79 2.3
481.62 7.3
482.44 8.6
483.28 9.1
484.32 11.3
485.49 5.2
486.19 5.7
487.28 18.6
488.35 411.6
489.33 73.0
490.27 8.7
493.46 5.2
494.07 1.6
496.33 6.7
497.18 13.6
498.21 17.3
499.51 13.6
500.16 4.2
501.14 10.1
502.31 13.8
504.33 21.8
505.18 9.2
506.30 2.6
507.25 5.5
509.23 8.4
509.83 4.2
511.47 5.8
512.57 11.0
514.41 26.8
515.20 11.7
516.34 1.5
517.20 2.9
518.36 3.0
519.19 14.4
520.47 14.4
522.16 7.8
523.50 2.6
524.34 5.0
526.44 9.1
527.56 26.6
529.04 18.1
532.66 18.2
533.34 25.6
536.57 6.2
537.33 20.3
538.35 7.7
539.30 15.0
540.18 7.6
541.26 17.5
542.39 12.5
544.18 8.9
545.29 20.0
546.23 3.6
547.28 2.3
548.15 3.1
549.49 4.4
550.41 6.3
552.89 10.4
554.30 9.6
555.27 19.1
556.92 14.4
559.27 4.6
561.20 11.5
562.30 6.6
563.40 5.5
565.27 9.7
566.57 10.3
567.30 17.4
569.41 3.1
570.23 7.1
572.26 13.0
573.32 56.1
574.70 21.8
575.51 19.7
576.92 31.6
577.64 1.9
579.48 5.2
580.44 29.3
581.39 28.4
583.46 21.1
584.24 17.0
585.43 7.8
586.85 16.1
589.21 5.3
591.09 80.6
592.61 4.3
593.47 5.2
594.69 2.8
596.26 2.5
597.27 20.3
598.40 47.8
599.43 14.6
601.48 381.6
602.39 98.9
603.17 15.8
605.22 19.6
607.22 5.9
608.36 4.4
610.43 3.7
612.28 12.4
613.25 12.3
614.33 5.8
615.29 33.5
616.36 35.6
617.40 10.9
619.27 4.3
620.41 1.5
625.33 5.4
628.39 10.9
629.37 8.7
630.42 25.7
631.63 6.9
633.06 73.4
634.16 29.3
636.31 3.1
637.31 5.6
638.24 3.2
638.90 3.7
640.22 2.2
642.38 7.0
644.62 14.8
645.50 2.0
646.52 24.7
647.16 1.4
648.19 20.4
649.47 3.3
650.23 1.9
651.39 12.3
653.15 3.3
654.51 2.0
655.53 6.8
656.38 14.4
658.19 10.0
659.25 3.9
661.57 15.1
662.51 12.2
665.11 6.2
666.34 9.7
667.20 7.5
668.34 8.0
669.44 10.9
670.16 3.7
671.37 12.2
672.56 3.1
673.45 6.3
674.25 12.7
675.21 10.3
676.22 5.4
677.80 6.6
678.53 10.9
679.43 3.4
680.30 3.3
681.55 2.9
682.64 19.1
683.42 34.0
684.61 36.8
685.45 3.2
686.29 19.4
687.30 35.1
688.86 6.9
689.66 2.6
690.71 10.2
691.34 3.6
692.41 5.7
693.43 16.9
694.46 12.4
695.24 4.4
695.98 11.7
697.35 14.0
698.56 15.1
699.53 14.8
701.21 157.6
702.37 36.9
704.75 29.6
705.54 5.1
707.17 7.0
708.29 4.1
709.35 14.4
710.56 17.5
711.44 132.5
712.47 263.6
713.56 69.9
715.07 7.4
716.27 12.6
717.26 38.1
718.52 5.2
719.31 155.3
720.34 42.3
723.73 22.0
724.70 23.1
725.46 11.8
726.38 49.0
727.41 24.6
728.37 3.7
729.48 402.6
730.60 110.2
731.47 2.3
733.15 58.4
733.78 12.2
734.67 41.2
735.51 4.7
736.33 10.6
737.09 11.4
738.22 6.3
739.14 8.3
740.53 18.2
741.96 43.6
742.84 5.0
743.73 26.8
744.39 20.6
745.66 13.2
746.50 8.0
747.36 9.2
748.28 5.4
750.31 5.0
751.42 2.3
752.15 5.6
752.87 12.2
753.48 10.8
754.35 4.4
755.35 5.1
756.20 6.4
757.22 13.3
758.41 13.1
759.34 7.0
761.31 86.9
762.42 85.3
763.42 6.6
764.17 19.1
765.45 7.8
766.35 3.1
767.56 3.9
770.42 22.5
771.47 15.2
772.27 28.5
773.90 7.0
775.36 6.2
776.24 4.9
776.99 6.9
778.67 8.6
779.38 18.3
780.52 24.5
781.57 15.6
782.62 10.8
784.40 23.5
787.29 1.5
788.28 10.2
789.74 62.5
790.62 17.3
791.33 5.5
792.34 8.4
793.00 9.0
794.73 11.9
795.46 4.9
796.46 26.6
797.62 45.1
798.46 345.0
799.43 39.5
800.50 12.9
801.10 1.6
801.70 6.1
803.15 16.9
803.95 6.7
805.06 8.5
806.53 9.1
807.29 5.0
809.39 30.4
810.14 38.9
811.27 3.2
812.66 7.7
813.44 2.4
814.71 28.9
815.40 102.7
816.41 134.5
817.63 84.8
818.41 166.1
819.12 67.9
821.07 5.5
821.83 3.0
822.49 14.7
823.28 9.0
824.06 20.0
825.22 5.6
827.21 272.1
828.24 33.4
829.62 17.5
830.64 12.1
831.39 26.6
833.31 225.3
834.31 45.5
837.04 15.5
838.18 10.6
839.45 120.9
840.51 462.7
841.50 135.8
842.65 19.4
845.49 100.7
846.38 43.3
847.24 18.7
848.64 9.0
851.30 10.1
853.44 4.0
855.02 153.7
855.78 7.4
856.57 17.5
857.58 500.6
858.51 140.7
859.15 7.2
860.38 49.5
861.78 10.9
862.44 3.8
863.32 54.3
864.64 20.3
865.49 36.9
866.85 6.0
867.48 5.2
868.47 2.7
869.64 8.5
871.56 4.3
872.54 21.6
873.47 47.8
874.50 31.5
875.51 14.3
876.39 2.4
877.34 10.4
878.57 3.6
880.27 12.1
881.40 49.7
882.58 68.0
883.32 33.1
884.05 9.1
885.13 8.2
886.21 35.4
887.10 12.4
889.45 10.6
890.34 55.6
891.36 71.7
892.06 55.2
894.46 31.8
895.29 60.7
895.94 9.1
897.58 5.3
898.56 55.2
899.38 62.3
900.48 26.7
901.37 31.2
902.65 23.3
903.69 346.6
904.54 92.4
905.53 11.4
906.24 21.0
907.44 36.6
908.36 19.9
909.37 11.6
910.42 2.5
911.21 18.7
912.70 117.5
914.03 9.2
915.16 13.5
916.32 160.3
917.40 216.9
918.36 65.8
919.49 8.3
920.44 9.2
921.40 34.6
924.32 79.1
925.14 43.3
926.72 11.4
927.36 3.7
928.51 24.6
929.46 6.2
930.32 9.4
933.44 268.0
934.29 254.8
935.36 74.8
936.24 8.7
938.50 15.3
939.37 2.1
942.21 475.5
943.25 5.8
944.36 3.9
946.05 33.5
947.08 20.5
948.50 4.3
951.20 136.7
952.06 53.8
953.43 9.9
954.98 21.0
956.02 12.9
957.37 3.8
960.24 150.6
961.10 16.4
962.40 7.4
963.61 15.5
965.46 9.7
966.81 1.8
969.33 80.9
970.14 22.6
971.25 12.5
972.65 7.4
973.77 41.8
974.52 22.9
975.50 17.3
976.36 23.7
977.44 6.7
978.63 30.2
979.56 26.3
980.61 6.0
981.23 5.5
983.90 13.0
984.64 16.3
985.49 36.3
986.76 26.5
987.45 28.2
988.25 55.4
989.40 19.1
990.27 15.0
991.37 56.9
992.41 60.8
993.69 22.4
994.44 4.3
995.23 8.0
996.63 14.0
997.77 4.7
998.54 12.1
999.76 26.3
1000.43 14.3
1001.56 31.6
1002.61 27.5
1003.58 59.3
1004.56 8.6
1006.47 84.6
1007.33 134.4
1008.44 58.0
1009.68 57.4
1010.41 66.3
1011.26 72.5
1012.27 21.1
1013.28 2.4
1014.31 1.7
1015.39 136.6
1016.08 89.2
1017.65 11.5
1018.36 20.6
1020.61 1288.3
1021.61 531.9
1022.36 94.9
1024.35 711.4
1025.05 471.6
1025.67 230.9
1027.09 53.2
1028.33 47.4
1029.78 11.3
1042.72 9.2
1045.72 21.8
1046.57 11.7
1048.62 4.4
1052.31 2.7
1059.48 21.4
1061.52 2.1
1063.33 110.8
1064.40 37.3
1065.65 10.4
1071.51 6.5
1073.62 8.9
1074.48 6.9
1075.28 4.0
1076.96 11.2
1078.81 2.3
1079.60 3.1
1080.53 8.2
1081.74 5.5
1082.57 5.6
1084.33 1.4
1087.37 18.4
1088.54 10.8
1089.85 10.5
1094.50 2.0
1098.69 16.0
1099.56 1.7
1100.55 13.1
1101.58 16.4
1102.40 3.1
1104.57 14.9
1105.57 76.2
1106.55 15.9
1107.39 13.7
1108.20 10.4
1110.46 3.0
1112.44 5.4
1114.51 2.4
1115.38 1.4
1116.50 8.6
1118.46 3.7
1119.94 3.0
1120.70 8.7
1124.64 1.4
1125.41 1.9
1127.31 4.2
1128.45 2.4
1131.53 71.4
1132.69 53.4
1133.87 9.4
1135.40 2.4
1136.36 20.6
1137.57 11.2
1138.63 14.6
1139.45 9.4
1145.27 1.6
1146.56 6.3
1147.42 9.3
1149.64 824.8
1150.75 361.3
1151.82 11.0
1154.36 35.0
1155.37 25.4
1156.47 8.4
1157.46 3.5
1159.48 2.3
1160.60 8.3
1162.29 11.3
1163.22 2.1
1164.40 9.9
1165.67 36.0
1166.67 21.7
1170.69 2.9
1171.58 13.1
1172.61 3.3
1173.85 20.1
1174.60 10.2
1175.55 13.0
1178.57 9.2
1181.66 16.8
1182.58 9.7
1183.36 3.0
1188.60 1.4
1190.43 44.6
1191.42 80.8
1192.41 43.1
1193.62 18.8
1197.78 6.1
1198.59 6.3
1199.35 2.9
1200.86 3.3
1201.66 12.8
1202.91 5.5
1203.63 2.2
1205.73 3.2
1208.37 223.3
1209.40 252.6
1210.45 72.3
1214.94 4.4
1215.57 7.9
1216.54 21.7
1217.51 7.1
1218.65 25.2
1221.20 4.1
1226.44 317.3
1227.50 75.7
1228.33 2.9
1230.50 8.3
1231.75 7.1
1232.68 37.7
1233.74 71.6
1234.49 13.2
1235.22 3.3
1236.73 2.5
1237.55 5.3
1238.34 2.7
1240.97 1.5
1242.48 1.5
1243.54 27.7
1244.50 8.6
1246.73 5.0
1250.64 772.3
1251.71 342.9
1252.72 17.4
1257.71 6.0
1258.49 2.5
1259.56 16.6
1260.66 12.2
1261.70 28.3
1262.35 1.9
1263.89 3.4
1264.91 15.1
1265.86 7.6
1268.85 1.5
1269.69 3.7
1271.62 2.7
1272.39 4.9
1273.73 3.0
1274.51 9.1
1276.59 27.9
1277.39 17.0
1278.76 27.2
1279.70 11.0
1280.94 1.6
1281.67 4.2
1282.53 8.9
1283.59 3.1
1284.45 9.8
1286.72 2.3
1287.44 4.3
1289.82 21.1
1291.92 15.0
1293.26 2.2
1294.80 10.3
1295.77 4.8
1299.59 3.1
1301.77 5.6
1303.65 20.7
1304.27 4.5
1306.49 5.6
1307.54 2.5
1310.78 1.6
1313.68 2.2
1315.99 10.1
1318.63 15.2
1319.55 24.2
1320.57 33.1
1321.54 13.0
1322.75 6.0
1323.78 2.7
1326.65 6.6
1327.79 4.8
1329.01 7.7
1330.29 12.9
1331.18 2.0
1331.88 10.3
1333.85 6.9
1335.90 30.7
1336.56 186.3
1337.48 164.1
1338.10 24.8
1338.73 33.8
1339.64 11.3
1340.58 6.9
1342.50 17.7
1343.58 17.1
1344.66 4.1
1346.72 119.6
1347.70 160.2
1348.59 59.6
1349.69 9.3
1354.54 243.8
1355.53 123.9
1356.61 7.6
1357.48 3.8
1358.81 10.5
1359.63 3.4
1360.83 9.1
1361.71 5.3
1362.55 2.4
1364.74 720.7
1365.74 356.6
1366.94 15.1
1368.55 4.2
1371.50 15.1
1372.71 16.5
1373.67 12.2
1374.52 4.1
1375.92 13.5
1377.19 35.0
1378.36 23.4
1378.97 8.5
1379.59 9.4
1384.61 8.3
1385.25 13.4
1388.74 10.9
1389.85 17.7
1390.62 21.4
1391.28 2.4
1393.56 70.5
1394.67 38.0
1395.66 14.6
1396.66 14.3
1400.79 2.5
1404.39 12.6
1405.71 20.8
1407.67 1.4
1409.05 2.7
1413.36 2.6
1415.39 8.5
1417.51 6.8
1419.41 5.0
1421.54 3.4
1422.86 3.9
1425.46 1.4
1427.19 3.2
1429.27 4.8
1430.64 12.5
1431.26 1.7
1431.96 1.6
1438.07 1.5
1438.84 7.9
1439.56 11.7
1446.48 23.1
1447.54 66.6
1448.58 17.3
1449.49 2.7
1450.81 12.2
1454.37 2.5
1455.04 3.2
1455.83 2.5
1457.07 11.8
1457.71 42.4
1458.74 65.8
1461.89 9.0
1462.59 17.1
1464.63 84.1
1465.63 155.9
1466.58 60.1
1467.59 12.9
1468.56 3.6
1471.12 14.1
1473.70 6.9
1474.73 38.9
1475.79 169.4
1476.85 75.2
1477.98 13.1
1478.60 2.2
1479.77 6.5
1482.53 262.5
1483.68 154.5
1484.78 2.6
1485.79 2.9
1486.70 1.6
1488.85 5.8
1489.69 9.1
1490.63 48.3
1491.64 33.9
1492.80 246.6
1493.71 137.6
1494.46 9.0
1495.11 3.2
1498.93 9.1
1503.29 9.5
1504.61 5.2
1506.78 44.3
1508.53 29.4
1509.78 19.1
1513.56 3.1
1515.40 6.1
1517.94 10.3
1518.59 4.2
1522.38 1.5
1523.08 5.1
1523.73 5.4
1527.76 3.4
1528.82 4.7
1530.54 1.5
1532.95 7.3
1534.73 5.4
1535.38 5.4
1537.70 4.9
1541.55 13.7
1542.58 18.5
1543.66 13.9
1544.87 3.2
1545.80 3.2
1547.33 5.2
1550.06 5.7
1551.52 6.2
1552.93 1.4
1553.83 2.8
1557.69 1.4
1559.57 26.0
1560.76 94.3
1561.85 53.0
1562.54 9.6
1563.17 3.2
1563.78 7.4
1564.48 2.3
1565.59 2.7
1567.82 13.2
1569.88 4.0
1572.02 2.9
1572.87 2.0
1575.14 1.5
1577.64 162.7
1578.65 266.9
1579.74 117.4
1580.61 14.1
1582.74 6.8
1589.68 6.4
1594.06 1.4
1595.63 329.4
1596.63 195.7
1597.82 49.1
1598.65 5.7
1599.27 5.9
1600.12 5.7
1600.75 26.0
1601.89 8.3
1605.48 5.8
1606.70 22.2
1607.34 2.7
1608.13 4.7
1610.90 2.8
1617.60 43.6
1619.00 11.7
1619.74 3.2
1623.94 42.3
1624.75 19.2
1628.25 3.8
1630.17 9.9
1635.59 134.2
1636.73 22.4
1637.43 3.5
1638.63 2.8
1639.73 3.1
1643.89 3.2
1645.09 7.8
1646.87 15.7
1647.98 7.6
1648.91 10.1
1649.93 3.3
1652.89 267.9
1653.78 166.3
1654.43 3.7
1655.34 17.9
1656.71 11.7
1657.76 2.4
1659.24 4.6
1664.20 5.1
1665.14 4.7
1672.85 34.7
1673.89 163.5
1674.84 55.0
1675.79 23.8
1680.75 22.2
1682.20 4.9
1685.17 4.0
1688.71 5.5
1689.58 4.0
1690.76 396.7
1691.77 480.6
1692.79 121.8
1693.82 5.6
1700.90 3.7
1701.72 2.0
1706.41 1.9
1708.74 729.1
1709.81 437.2
1710.80 41.9
1717.70 1.6
1718.99 9.1
1719.92 11.0
1720.81 2.8
1723.19 5.1
1723.81 1.5
1733.10 4.7
1736.80 26.2
1737.91 14.6
1752.45 5.1
1760.50 2.3
1761.17 5.3
1763.38 8.2
1765.62 2.7
1766.48 3.8
1771.17 8.2
1772.03 12.4
1772.92 9.2
1775.15 3.7
1781.87 24.4
1782.93 22.0
1787.86 15.5
1788.79 44.0
1789.62 25.6
1790.75 21.4
1791.59 2.7
1794.93 3.4
1797.18 1.4
1799.04 4.2
1805.73 190.1
1806.83 246.0
1807.97 73.2
1809.09 7.3
1809.87 4.6
1811.67 5.1
1822.21 9.3
1823.77 637.7
1824.80 492.1
1825.93 51.6
1829.34 11.2
1831.00 1.7
1865.69 6.8
1867.15 2.7
1875.11 7.1
1875.95 3.0
1883.23 6.6
1884.03 6.3
1892.12 9.7
1892.95 5.0
1900.93 18.0
1902.19 22.3
1902.96 26.3
1908.93 7.1
1913.14 3.4
1918.86 103.8
1919.83 176.1
1920.87 50.9
1936.90 204.4
1938.02 169.1
1938.99 18.0
