1258.552250000001 3
120.16 2.6
126.91 3.0
128.30 3.5
129.05 2.5
130.13 6.4
132.95 1.9
137.34 2.8
141.20 2.8
145.21 1.4
147.09 1.7
148.31 2.1
149.22 4.6
154.38 1.7
156.19 1.1
158.40 3.4
159.04 2.5
167.11 2.6
171.23 1.7
174.19 2.9
175.16 11.0
176.18 3.1
177.20 5.0
190.15 1.6
194.82 2.0
199.37 5.4
201.04 1.1
203.27 1.6
204.20 3.3
205.19 1.4
210.06 6.2
220.15 8.5
220.76 1.6
224.23 2.5
227.06 1.6
228.10 1.7
228.81 3.4
230.50 1.7
232.26 1.2
235.30 2.7
237.18 13.3
252.22 18.4
253.23 4.4
260.27 4.7
262.21 11.1
266.06 1.2
267.05 2.9
270.48 8.5
274.20 6.0
276.52 3.0
277.16 19.4
278.13 1.4
279.04 11.0
280.36 2.2
284.89 8.1
288.24 252.8
289.26 30.3
294.22 11.6
295.02 1.3
297.27 8.8
299.21 3.8
300.96 1.2
302.27 46.4
303.88 5.4
306.95 99.2
309.16 1.4
310.87 128.6
311.83 19.3
315.02 5.9
318.40 6.9
319.22 7.4
320.52 24.6
321.24 3.6
325.13 2.0
326.21 5.4
327.05 14.4
328.38 1.6
329.05 1.5
329.95 10.6
331.34 6.4
332.10 9.9
333.20 2.1
334.91 1.9
338.09 4.1
338.91 17.9
344.95 8.9
346.95 5.4
349.00 16.9
350.07 6.2
351.03 4.7
352.89 33.0
354.02 1.4
355.78 6.3
356.43 4.4
358.12 12.4
359.30 101.7
360.45 14.9
361.76 20.8
363.07 26.1
364.26 7.4
366.33 9.7
367.50 10.4
370.20 2.2
371.38 2.2
374.05 10.9
375.79 56.0
376.79 12.3
378.87 12.5
379.88 4.0
381.19 1.8
384.80 185.2
385.66 23.6
387.24 32.0
388.33 14.8
390.00 10.7
391.04 7.3
391.95 8.3
393.52 237.1
394.17 106.2
394.78 18.9
395.91 9.4
397.02 25.3
397.64 8.4
399.05 109.4
401.44 28.7
402.67 175.7
403.80 36.5
404.63 3.6
405.36 7.2
406.53 10.5
408.73 281.8
410.18 17.0
411.17 84.7
412.26 103.4
412.97 12.1
421.07 6.5
429.22 9.0
432.66 22.0
433.36 15.0
434.26 2.6
437.17 1.9
439.14 1.3
440.39 4.0
442.07 70.9
442.73 11.2
444.16 18.9
446.20 10.4
448.44 4.6
450.70 53.8
451.39 35.3
454.77 15.9
455.45 1.4
456.48 19.1
457.41 2.7
458.36 1.2
460.38 2.5
462.21 3.1
463.83 12.4
466.32 3.2
467.98 2.6
468.64 28.6
473.36 232.9
474.38 41.5
475.42 22.8
476.36 7.9
477.67 132.8
478.52 1.5
484.57 2.4
486.38 321.0
487.29 31.0
487.96 2.8
499.15 4.1
504.27 7.9
505.25 1.8
506.58 17.6
507.28 4.1
510.38 41.5
511.39 19.2
512.34 14.9
515.47 3.6
517.28 14.5
518.79 3.6
520.34 3.7
522.69 21.1
524.66 13.0
534.20 15.9
535.98 5.4
538.29 1.3
539.33 1.2
542.84 19.6
543.71 9.3
544.41 3.9
549.12 1.3
551.40 4.5
553.56 1.3
555.22 1.6
557.01 8.3
558.14 2.4
559.33 4.5
560.85 4.0
565.24 5.4
567.03 7.5
570.78 5.3
577.70 4.6
580.48 1.4
582.34 11.3
585.21 8.1
586.35 2.1
592.39 5.0
597.79 1.8
603.40 2.4
604.26 7.3
610.41 9.9
611.53 4.1
613.19 7.3
614.27 4.6
615.52 6.7
620.46 12.1
621.49 21.9
623.54 6.5
627.62 2.1
631.55 4.1
635.32 3.4
639.34 76.9
640.35 11.1
641.28 5.2
646.07 5.9
647.11 1.9
659.56 2.6
671.36 2.3
674.43 1.0
684.19 1.6
688.49 7.1
694.17 1.3
695.53 3.7
696.24 1.8
697.74 3.2
708.34 2.1
711.41 4.2
728.75 1.8
740.54 2.8
752.45 2.8
768.32 9.6
786.34 6.2
787.54 6.4
794.72 1.3
796.45 2.7
813.68 3.1
818.29 5.8
864.25 3.4
866.29 2.7
900.29 3.2
971.39 1.6
