1234.68071 2
175.22 38.1
176.24 3.4
182.42 5.0
183.27 2.5
186.25 4.1
195.20 4.1
196.02 2.6
197.18 194.6
198.21 9.4
200.18 2.5
202.24 2.0
203.24 4.5
207.25 13.1
208.03 2.5
209.18 1.5
211.37 1.9
213.19 5.4
216.16 2.3
217.37 6.8
224.22 13.9
225.22 74.5
226.26 40.0
227.51 3.0
228.32 2.6
230.45 1.9
232.22 25.7
239.03 1.2
240.15 6.9
242.27 461.7
243.24 70.7
244.09 15.0
245.20 8.7
246.11 5.1
247.30 20.2
248.25 1.2
252.34 1.2
253.27 1.3
254.39 9.9
257.31 5.1
257.99 4.5
259.29 4.4
261.28 7.4
262.28 5.4
264.43 17.1
265.26 16.6
266.14 11.1
268.08 3.9
271.20 32.2
273.13 11.0
274.21 38.4
275.43 3.4
276.18 6.0
280.19 2.8
283.20 37.8
284.19 5.7
286.15 5.5
288.34 96.9
289.31 12.5
291.21 22.0
292.14 19.3
293.12 38.8
294.25 12.1
295.04 2.4
296.26 6.2
298.27 2.5
301.10 16.9
302.21 28.4
303.25 68.3
304.11 6.7
305.20 11.3
308.04 6.0
309.29 8.6
310.31 12.4
316.14 63.5
318.17 3.9
319.22 22.8
320.21 93.8
321.40 14.4
322.97 4.3
324.22 27.7
325.23 8.6
326.22 9.2
329.87 6.2
331.35 7.1
332.15 6.2
336.17 6.7
337.11 3.0
339.17 1.4
340.31 5.7
341.31 12.9
342.24 16.2
343.22 17.2
344.36 8.8
345.03 2.2
347.37 2.9
349.25 5.9
351.42 1.7
353.33 16.3
354.45 13.0
359.24 413.4
360.38 61.5
361.52 3.0
363.47 3.0
366.10 1.3
369.45 2.4
370.28 14.6
371.02 4.2
372.07 6.5
372.72 4.4
374.33 4.4
376.13 3.2
377.25 13.0
378.21 1.0
382.45 2.3
383.20 8.5
384.04 1.7
386.42 16.4
387.36 171.0
388.29 46.0
389.49 24.0
390.64 3.7
391.32 2.9
395.23 17.7
398.36 2.3
399.39 8.3
400.36 12.1
402.47 11.6
403.25 29.2
405.22 433.9
406.37 96.5
407.14 102.8
408.14 7.6
409.07 14.5
410.28 7.7
411.58 10.3
412.29 43.1
413.43 11.6
416.27 5.9
417.36 201.1
418.47 13.6
419.44 3.2
420.13 13.0
421.37 31.6
422.21 4.1
423.59 9.0
424.51 8.9
425.16 9.9
427.30 3.7
428.35 3.5
429.19 1.6
430.25 15.2
431.25 29.7
432.38 11.3
434.27 2.3
436.15 1.7
440.64 8.1
441.33 5.9
442.11 1.8
443.23 4.0
444.16 5.3
446.45 2.8
449.33 142.2
450.33 36.2
451.56 7.9
452.33 7.4
454.08 5.4
455.35 1.0
456.40 4.6
458.37 475.8
459.40 108.3
461.79 5.6
463.39 5.1
464.02 2.0
465.38 8.7
466.12 3.8
467.20 8.6
468.08 14.0
469.06 5.0
471.17 7.9
472.45 17.7
473.42 23.6
474.12 4.0
475.07 15.6
476.40 2.3
478.22 1.0
479.93 30.4
480.85 3.9
481.85 4.0
483.41 17.0
484.36 12.0
485.35 13.5
486.12 7.5
487.13 14.0
488.01 47.9
489.29 11.9
490.41 14.3
491.32 1.7
492.23 8.3
494.10 3.2
495.11 3.5
496.23 19.1
497.64 43.6
498.43 6.0
499.37 19.6
500.23 3.5
501.00 2.5
502.07 13.1
503.11 16.1
504.02 15.0
505.32 30.0
506.14 7.1
507.10 8.5
508.42 22.9
510.43 14.3
512.53 7.2
513.55 13.8
515.34 3.8
516.37 134.5
517.31 49.7
518.28 43.3
519.27 8.3
520.40 19.0
521.75 15.6
522.40 32.8
523.23 19.5
524.43 22.6
525.32 14.7
526.13 8.9
527.04 4.2
527.90 8.1
529.13 11.0
530.42 159.1
531.47 41.1
533.31 4.0
534.32 158.1
535.51 50.3
536.59 8.9
538.42 13.1
539.58 5.4
540.24 34.6
541.13 29.5
542.30 1.8
543.81 11.0
544.59 15.0
545.62 1.4
546.40 13.9
549.22 6.7
550.35 5.0
551.34 10.5
552.73 105.1
553.49 114.9
554.54 15.2
556.16 13.0
557.04 27.5
558.22 44.1
559.06 17.3
560.07 17.6
561.57 1747.0
562.49 1.5
563.48 10.8
564.33 12.1
565.90 299.0
566.52 240.4
567.59 26.2
569.47 41.8
570.40 13.8
571.42 3.7
572.42 6.5
573.36 1.7
574.65 8.5
577.87 7.6
579.25 11.4
580.16 9.2
582.61 28.4
583.55 5.0
584.47 7.7
585.40 15.4
586.81 97.3
587.43 270.8
588.54 65.3
590.61 27.0
591.59 29.4
592.29 30.0
593.20 6.7
593.96 27.5
595.27 51.5
596.07 14.0
597.48 9.1
599.75 114.8
600.38 269.5
601.04 175.6
601.76 1.5
603.41 29.4
604.16 6.1
604.92 3.0
606.80 9.8
607.64 1.7
608.96 338.4
625.38 2.1
629.21 5.6
631.44 27.3
632.32 15.0
633.25 17.8
634.35 12.0
635.42 15.5
638.93 3.7
639.64 5.3
642.32 7.5
646.21 5.9
647.26 19.3
648.33 73.8
649.38 18.4
654.23 1.4
656.29 1.6
660.40 20.4
662.43 2.9
664.30 6.0
665.34 3.3
666.48 13.5
667.50 3.9
668.56 2.9
669.46 25.0
670.47 16.9
671.32 16.7
673.43 5.4
675.17 17.0
676.94 40.5
677.57 171.7
678.61 28.7
679.31 2.3
680.53 7.8
681.40 8.3
683.36 26.0
684.49 28.1
685.45 6.1
687.27 129.5
688.50 34.5
689.17 11.1
691.27 4.0
692.48 7.7
694.57 5.9
695.36 10.0
696.26 4.1
697.52 1.8
698.54 3.4
701.46 1128.6
702.54 349.1
703.52 15.4
704.65 6.1
705.52 3.9
706.50 9.9
707.46 4.1
709.51 8.3
713.31 7.5
714.46 3.5
715.33 13.8
716.50 1.6
717.47 4.4
718.44 4.6
719.49 3.1
721.91 11.0
724.50 6.2
725.15 3.0
727.45 7.1
728.40 6.3
729.32 1.2
730.56 6.3
731.46 7.9
732.29 7.8
733.40 10.3
735.60 13.6
737.14 2.0
738.31 8.4
740.61 18.7
741.49 4.2
742.48 13.5
743.44 19.8
744.37 10.4
745.41 34.1
746.50 25.6
747.60 1.0
748.96 4.0
749.73 4.7
750.49 6.1
751.65 5.1
752.40 3.0
755.29 7.9
756.37 1.0
758.41 4.5
759.41 26.9
760.34 55.9
761.07 8.6
763.35 48.4
763.95 8.6
765.91 13.9
766.61 1.9
767.37 3.0
768.35 14.0
771.84 16.6
772.87 4.6
774.48 7.3
777.45 124.8
778.59 32.7
781.89 2.5
783.26 16.0
783.98 2.2
784.71 2.7
786.37 5.4
787.29 6.0
788.60 2.7
789.65 9.9
791.35 11.8
793.14 1.2
795.71 15.8
796.44 10.4
800.29 57.9
801.24 37.3
801.91 7.5
803.97 3.6
805.53 79.9
806.69 9.7
812.49 146.2
813.51 78.2
814.63 17.6
815.44 13.0
817.22 5.1
818.33 2.7
819.45 9.3
820.41 5.6
824.71 1.6
826.51 2.1
827.41 5.8
828.44 4.4
830.48 1381.1
831.58 445.9
834.28 3.6
835.46 1.2
836.41 2.4
841.38 21.7
842.46 16.0
843.56 3.9
845.57 4.1
848.56 5.7
849.65 4.1
852.51 3.5
858.65 28.0
859.56 61.4
860.51 22.4
862.04 10.0
863.57 7.8
868.55 5.5
869.34 5.9
876.47 162.8
877.56 39.1
878.54 2.3
880.52 1.5
886.39 7.4
888.54 6.0
889.63 5.8
891.56 1.7
895.06 4.7
897.59 7.5
898.23 3.0
899.31 4.1
904.58 3.0
907.31 4.4
908.80 5.8
912.04 3.0
914.56 16.2
915.38 4.5
916.37 6.6
919.83 2.2
925.61 5.7
926.65 8.2
928.90 8.5
929.54 4.9
930.55 32.9
931.61 14.7
932.65 1.7
933.88 6.9
934.85 26.1
935.90 9.6
939.74 2.0
944.95 2.4
946.39 3.1
947.56 99.2
948.68 26.4
949.79 5.5
951.50 9.8
953.63 3.1
957.49 58.3
958.63 39.8
959.52 10.0
960.88 4.4
961.75 1.2
965.57 2.1
966.55 1.1
967.66 5.4
968.62 10.8
969.62 13.8
973.00 1.2
975.63 67.4
976.52 107.5
977.51 22.0
985.54 42.1
986.64 13.5
991.23 2.4
993.54 5719.4
994.54 2449.7
995.20 18.1
1001.38 7.9
1003.60 16.6
1004.65 2.2
1008.73 4.0
1012.62 3.5
1015.40 10.3
1016.60 13.8
1025.48 6.5
1032.72 3.2
1038.49 3.9
1039.41 5.8
1040.42 3.8
1042.72 20.5
1043.61 30.2
1044.63 20.5
1054.33 5.6
1055.91 2.1
1056.58 7.3
1057.50 17.9
1058.49 3.0
1059.25 3.9
1060.57 177.1
1061.62 90.5
1062.71 3.4
1064.96 2.8
1068.50 1.7
1069.74 2.0
1070.59 1.5
1072.12 2.7
1074.25 3.1
1075.48 4.5
1078.10 10.2
1079.03 11.1
1079.82 4.5
1086.52 15.8
1087.72 2.9
1088.80 18.9
1089.93 6.1
1097.01 9.0
1102.68 1.8
1103.66 4.5
1104.75 16.3
1105.76 8.4
1116.56 14.7
1117.90 3.6
1121.73 12.7
1122.59 7.3
1130.52 5.5
1131.61 14.6
1132.68 27.9
1133.71 16.3
1194.81 4.0
1242.23 3.2
