1435.74236 2
208.28 1.6
214.17 2.7
225.35 5.2
227.40 2.2
230.04 1.1
231.23 1.4
239.16 1.7
241.25 1.8
244.03 2.5
247.32 4.3
250.23 2.0
252.45 1.2
253.25 2.9
255.07 9.6
257.20 2.7
258.36 1.8
260.27 10.9
262.19 4.5
272.20 5.9
273.10 1.6
281.35 17.1
282.12 4.7
283.13 3.6
285.95 3.5
287.13 2.2
290.83 4.7
292.43 2.2
293.16 2.6
295.21 2.7
296.31 1.7
298.18 6.1
299.24 4.6
300.40 1.4
302.34 6.2
310.24 2.8
312.40 5.4
315.32 2.7
319.43 2.6
321.08 4.8
323.42 1.3
324.19 3.3
326.35 27.5
327.35 9.8
330.46 1.3
333.43 2.3
338.13 3.0
339.22 2.9
340.40 2.8
341.29 11.5
343.15 1.7
344.31 11.0
350.88 6.5
353.31 2.4
354.30 13.0
355.38 3.8
356.32 6.2
358.35 2.3
361.39 16.6
362.57 3.0
363.42 3.5
366.34 4.9
368.17 7.6
371.27 2.0
372.42 5.0
377.32 6.3
380.36 2.2
386.06 1.8
390.33 6.7
393.04 1.8
394.45 14.7
395.33 11.8
396.30 8.4
398.23 4.6
409.20 9.5
411.27 23.2
412.29 6.0
413.21 22.5
414.10 3.5
417.19 1.8
419.27 4.3
421.44 16.2
422.32 5.9
427.00 1.1
429.21 34.9
430.21 4.8
433.42 1.2
434.12 1.6
437.08 16.4
438.19 3.0
439.34 177.7
440.37 24.3
444.80 5.4
448.33 18.3
452.59 3.2
454.39 2.3
455.10 2.6
456.38 7.9
457.27 35.7
457.87 3.5
459.26 4.7
462.39 1.7
463.30 2.5
464.20 7.5
465.25 2.6
466.31 4.0
467.26 6.1
471.66 1.9
473.14 2.1
474.18 1.7
475.12 1.0
480.38 1.0
481.31 2.1
482.54 14.0
483.41 14.9
486.39 4.8
489.27 1.4
490.19 5.4
491.39 4.7
493.63 1.7
494.59 12.9
495.41 7.2
496.46 9.5
498.54 3.8
499.66 11.8
500.44 2.9
501.49 2.7
502.33 7.2
502.98 1.8
504.05 2.4
506.43 6.5
507.50 7.5
508.29 9.5
509.41 4.1
511.27 2.6
512.42 12.7
513.32 12.3
516.23 2.3
520.19 1.3
521.99 12.8
522.65 1.8
523.37 12.2
524.49 8.7
526.35 48.4
527.27 11.4
530.49 1.7
535.42 24.8
536.66 3.0
538.19 24.0
539.96 7.9
540.59 16.2
541.87 4.5
542.79 9.9
544.48 4.8
545.55 1.2
547.31 4.7
548.15 2.9
553.45 7.1
554.37 2.3
555.24 2.2
558.44 11.0
559.24 2.7
560.13 6.6
561.60 13.5
563.78 5.3
566.19 5.8
567.41 5.9
568.31 14.6
569.47 2.1
571.22 2.4
572.54 21.1
573.57 10.3
575.78 8.1
577.30 10.0
578.44 2.0
579.38 10.0
580.74 10.2
581.43 9.3
582.36 5.9
583.08 7.7
584.25 1.9
585.44 8.8
586.09 2.2
590.35 19.3
592.37 67.1
593.47 7.8
595.17 21.6
596.28 14.3
597.43 10.2
598.57 4.3
599.48 3.1
601.54 22.4
604.08 17.8
604.88 5.7
607.36 7.5
608.34 5.1
609.06 3.6
609.84 3.5
610.58 5.6
611.34 1.8
613.31 37.8
614.36 21.6
615.38 10.7
617.35 9.4
618.69 7.3
623.66 71.5
625.43 9.3
626.25 1.9
628.44 1.7
631.32 26.7
632.46 96.9
633.38 3.0
636.34 7.3
636.94 11.1
638.36 5.5
639.29 15.7
641.83 7.5
642.48 1.8
643.09 5.8
643.78 6.8
644.89 21.2
649.44 172.4
650.49 40.6
651.42 2.2
652.33 2.7
653.36 4.5
654.57 3.2
656.40 7.6
657.36 4.6
658.30 9.1
659.54 15.8
660.64 26.3
663.56 2.4
664.74 13.4
665.60 23.9
666.35 17.3
667.42 13.6
668.55 19.8
669.78 44.8
671.04 6.7
673.51 9.7
674.31 10.1
674.96 4.1
676.38 33.1
677.40 22.7
678.82 23.2
679.64 12.0
681.53 2.2
683.05 45.1
683.75 7.7
684.74 9.9
685.37 8.7
686.78 36.4
688.03 74.2
689.29 14.8
690.96 9.4
691.74 34.8
692.55 17.8
693.80 7.6
694.42 105.6
695.31 34.2
696.81 38.7
698.52 2.1
700.27 182.2
701.01 146.6
701.97 5.4
702.90 5.8
704.00 19.8
706.44 602.4
707.48 99.6
709.10 20.8
723.77 1.7
728.00 3.4
729.44 2.3
733.36 2.3
734.20 10.2
743.74 3.8
751.29 20.7
752.83 9.9
759.69 2.3
764.35 1.3
765.35 2.0
769.47 47.1
770.67 8.4
771.51 2.5
787.37 14.9
788.35 7.7
789.47 3.6
790.56 2.5
791.44 10.5
802.35 2.4
803.03 8.2
804.33 4.6
805.48 220.7
806.56 39.1
808.44 3.8
809.35 1.5
816.44 3.6
817.57 6.4
822.49 2.1
826.46 18.4
827.31 1.1
832.71 2.6
839.36 4.7
841.37 1.7
844.55 2.1
845.73 4.9
850.58 1.6
852.45 5.3
856.41 1.1
858.51 6.0
865.56 8.0
866.50 7.3
868.78 1.4
874.65 9.6
875.59 4.4
876.61 1.5
883.53 4.9
884.71 3.6
888.79 22.4
892.57 222.5
893.73 39.2
899.37 2.6
901.49 8.4
902.47 2.8
903.44 6.5
905.04 3.2
909.53 6.1
916.76 2.0
917.53 10.0
919.37 1.0
920.85 1.1
927.58 4.5
934.37 11.8
939.51 1.7
943.63 25.1
944.60 13.6
952.56 6.3
953.84 5.1
956.46 3.5
961.73 23.5
962.69 2.5
965.68 2.2
970.64 1.6
971.59 2.9
974.90 8.6
979.57 412.4
980.64 145.5
988.34 15.9
988.95 1.6
989.84 3.9
993.54 6.3
996.77 2.8
1003.67 6.1
1005.58 2.7
1008.50 8.7
1018.29 2.2
1019.20 6.1
1030.65 3.8
1041.68 2.3
1057.92 7.7
1064.43 1.4
1066.31 2.1
1068.33 4.2
1073.23 5.0
1075.69 3.8
1080.74 1.2
1082.38 7.7
1090.65 2.6
1092.72 37.1
1093.75 25.8
1099.93 2.0
1113.47 2.8
1114.57 2.6
1117.67 3.4
1123.55 2.3
1132.49 1.0
1140.62 8.0
1141.52 10.9
1142.35 4.0
1149.56 21.1
1150.84 6.0
1158.54 8.2
1163.91 7.6
1172.97 3.4
1176.73 7.4
1177.66 5.6
1183.48 4.0
1185.85 4.7
1193.56 8.1
1195.69 2.3
1206.66 4.8
1208.16 7.3
1210.65 2.3
1235.78 6.8
1236.59 4.4
1245.64 7.7
1253.67 24.4
1254.65 2.7
1261.52 2.6
1263.68 12.3
1264.76 18.3
1271.51 30.5
1272.43 9.0
1273.08 8.6
1289.60 21.5
1290.69 9.5
1311.13 3.2
