1257.59232 3
127.10 5.9
128.04 16.6
129.21 8.2
130.06 5.5
132.88 2.8
135.07 1.9
138.15 1.4
139.00 1.1
141.05 1.8
142.16 1.6
144.07 2.1
145.09 2.7
146.09 2.7
147.09 7.1
148.98 14.0
150.67 4.4
153.11 1.3
154.34 1.0
155.99 5.5
157.05 3.9
158.06 2.7
159.11 1.8
160.10 1.3
164.23 5.9
166.05 4.9
167.07 3.6
168.29 2.4
169.13 1.9
170.13 5.2
171.03 1.1
172.23 5.7
173.54 7.0
174.43 4.1
175.19 14.6
176.06 5.1
176.97 10.9
178.27 1.2
179.30 5.7
183.15 3.2
186.30 7.2
187.18 2.8
191.18 7.1
193.09 6.0
195.38 2.8
196.26 5.0
197.16 4.2
198.99 3.0
200.28 1.1
201.19 5.9
202.26 2.4
203.27 5.7
204.22 2.2
205.22 2.7
206.99 2.0
208.00 2.1
210.19 1.2
211.23 12.0
212.09 12.7
213.01 1.4
214.00 6.6
215.15 16.5
217.35 2.9
219.20 44.5
220.29 6.9
223.01 16.7
224.17 10.0
226.08 14.0
227.22 2.5
228.28 10.2
231.07 1.5
232.13 3.8
233.00 2.5
234.29 3.7
235.03 3.3
236.56 21.4
238.03 2.7
239.12 3.5
241.23 9.0
242.12 10.8
243.29 1.1
244.17 2.9
246.09 1.5
249.18 14.1
250.20 1.6
251.18 8.0
252.12 8.6
253.55 3.4
254.19 2.4
255.31 9.6
256.09 2.8
257.25 4.3
258.13 5.5
259.19 5.2
260.49 2.2
262.32 6.1
265.27 4.1
268.88 5.8
270.45 16.9
271.57 11.4
272.38 2.9
273.19 6.5
274.56 16.2
275.33 9.6
276.10 19.0
277.26 29.7
278.33 10.1
280.29 4.4
281.27 8.7
283.03 5.5
284.10 8.6
285.10 2.4
286.29 8.4
287.26 16.3
288.27 95.7
289.08 7.5
290.37 11.1
292.01 9.8
293.05 30.9
296.20 70.4
297.16 11.4
298.32 26.9
299.53 9.7
300.17 35.2
301.29 7.9
302.10 13.2
303.28 10.8
304.12 3.4
305.38 12.4
306.22 13.6
307.23 5.8
308.24 2.2
310.23 96.2
310.86 12.1
312.46 9.3
313.28 3.1
314.28 18.7
315.41 10.8
316.15 7.5
317.05 9.3
318.23 2.7
319.31 7.4
320.10 12.1
321.46 1.2
322.15 7.5
322.99 2.1
324.17 2.7
325.86 35.8
327.28 17.6
328.22 5.8
329.04 31.0
330.24 29.4
331.22 12.1
332.15 15.3
333.31 4.8
334.68 19.4
337.45 1.7
339.01 3.6
340.09 1.5
341.29 26.4
342.00 8.4
342.97 10.8
343.86 16.0
344.61 9.9
345.35 7.4
346.25 11.4
347.24 5.1
348.38 11.7
349.31 3.7
350.21 4.6
352.68 21.5
353.55 1.4
354.90 1.2
356.08 3.0
357.21 2.2
359.32 237.2
360.26 67.1
361.14 18.1
362.16 34.7
363.47 8.1
367.05 29.1
369.07 4.7
369.95 20.2
372.13 5.3
373.27 7.7
374.64 34.2
375.53 44.8
376.38 45.7
377.22 6.8
378.09 1.7
379.23 34.3
381.21 28.9
382.14 2.0
383.42 16.7
384.71 214.7
385.51 1.9
386.53 10.7
387.67 12.2
388.51 8.6
389.41 34.6
390.61 23.9
392.52 68.9
393.71 280.9
394.45 2.6
395.75 2.9
397.14 38.7
398.03 27.6
398.73 176.1
399.71 9.6
401.26 268.9
402.21 257.8
403.23 33.8
404.54 1.5
405.77 16.9
407.32 10.2
408.04 29.6
409.16 13.4
410.63 169.0
411.33 99.2
412.38 4.3
427.67 14.5
430.42 10.4
432.03 39.5
432.95 6.2
435.06 1.9
436.31 6.2
436.93 2.3
440.60 21.2
441.50 60.8
442.27 6.9
444.30 2.2
446.47 3.0
450.27 83.4
450.99 32.8
452.23 7.8
453.04 3.5
454.43 3.0
455.24 9.4
455.85 3.7
458.28 3.8
460.47 1.4
463.29 6.6
464.53 8.8
465.33 4.1
466.96 6.6
467.92 2.2
468.54 6.2
469.38 8.2
472.39 279.4
473.49 41.1
474.51 8.3
475.41 1.6
476.85 23.5
481.04 10.7
482.38 6.0
484.35 5.3
485.73 109.5
486.37 1.8
488.26 4.8
490.39 2.5
491.18 1.4
493.34 3.5
494.36 3.8
496.37 8.3
497.50 13.8
498.46 10.9
500.54 1.2
502.51 31.4
503.44 2.6
504.95 7.5
505.62 5.6
506.43 8.1
509.57 5.8
510.22 37.9
511.14 4.7
512.28 3.4
514.44 3.6
515.85 59.4
517.37 3.3
520.48 54.4
522.10 9.0
523.08 9.8
526.16 9.4
527.11 10.3
529.17 10.5
529.95 18.1
533.23 6.9
534.38 2.6
535.09 2.8
536.15 3.8
537.13 4.6
542.31 6.5
544.56 1.5
554.49 1.3
556.40 9.4
559.19 4.3
560.51 2.9
561.36 3.3
562.82 16.6
563.49 27.7
564.49 5.0
567.46 5.2
568.42 4.6
569.40 12.1
570.61 14.1
573.78 5.2
574.40 2.4
575.39 5.2
575.99 2.8
577.36 10.7
579.99 1.7
583.47 2.5
586.50 23.5
587.50 18.2
588.77 5.8
590.35 4.6
592.80 6.4
594.52 1.5
595.54 4.2
597.31 3.1
597.92 2.5
601.76 1.9
605.42 2.6
607.64 1.9
609.27 3.3
610.14 11.3
611.13 10.1
612.22 4.6
613.53 5.2
619.34 22.8
620.61 2.9
621.32 3.3
622.36 7.6
623.45 8.9
624.37 2.1
625.27 4.9
626.19 2.9
629.34 1.3
630.34 1.0
632.03 2.4
637.30 3.2
639.28 53.8
640.06 8.5
640.69 4.6
641.45 1.7
642.29 3.5
655.87 3.0
659.26 3.4
663.18 4.1
667.35 4.4
668.53 3.2
672.42 1.1
674.26 3.1
675.41 2.6
680.51 1.4
691.27 2.5
692.37 11.2
693.62 10.2
694.50 9.3
700.60 11.0
702.67 5.7
704.86 3.3
711.34 3.9
711.95 1.0
712.58 2.4
722.30 7.7
724.25 1.8
725.53 4.3
726.44 3.2
738.69 3.9
747.46 2.1
749.28 6.4
751.01 2.3
755.28 1.0
769.48 1.5
781.48 3.9
786.33 53.6
787.23 3.8
800.44 1.3
823.29 2.5
851.48 3.0
863.48 2.1
900.43 2.3
970.43 4.2
