2225.123630000001 3
212.18 11.7
213.22 2.5
213.99 7.3
215.09 23.0
220.22 17.5
223.34 8.1
226.20 15.8
227.34 5.9
227.95 4.3
229.40 6.4
230.36 22.3
231.53 9.2
232.27 209.1
233.34 12.4
235.14 3.7
236.30 2.6
237.33 15.4
238.18 4.3
239.34 10.5
240.28 23.7
241.15 21.0
243.16 105.7
243.96 22.8
245.08 6.2
246.26 13.6
249.06 11.1
250.26 5.5
250.97 2.5
252.06 22.4
254.21 20.4
255.20 109.2
256.07 8.0
257.17 15.9
258.14 20.0
259.09 19.4
261.07 17.9
262.22 3.7
264.12 4.5
265.59 33.1
266.66 31.1
268.16 18.4
269.21 16.8
270.43 5.0
271.39 10.1
272.30 66.9
274.29 10.0
276.13 10.0
278.26 6.6
283.04 83.4
284.13 69.5
285.27 15.8
286.07 5.1
292.20 11.1
293.28 16.3
296.56 12.5
298.47 7.6
300.17 104.3
301.19 48.7
302.02 28.9
303.22 438.8
304.06 24.1
305.35 3.1
306.24 4.7
307.24 9.9
309.14 2.5
310.48 9.4
311.11 16.5
315.12 5.6
316.20 4.6
317.34 4.3
318.21 10.3
320.30 71.5
321.13 2.4
322.15 13.1
322.90 7.2
324.13 12.8
325.07 6.2
326.17 37.8
328.09 37.1
329.08 9.8
330.59 9.7
331.35 4.4
333.54 9.3
337.23 118.0
338.18 21.0
339.16 49.3
340.67 25.2
341.41 4.7
342.41 36.6
343.34 15.7
345.83 4.3
347.37 15.8
350.41 5.7
351.21 22.9
352.33 2.9
353.23 4.6
354.50 20.4
355.38 29.5
356.31 2.7
358.28 6.4
359.29 16.2
363.69 15.9
365.14 42.0
367.35 17.3
368.42 12.5
369.16 9.7
370.20 15.8
371.17 27.2
372.33 25.3
374.10 6.8
375.48 6.0
376.61 18.4
377.24 8.9
379.45 11.2
381.56 42.4
382.36 19.3
383.35 32.9
384.15 21.0
385.38 65.9
386.27 8.3
387.26 41.0
388.31 19.4
390.31 28.3
391.04 31.5
392.12 7.6
393.17 5.7
394.41 273.1
395.31 83.0
396.32 24.4
397.34 22.6
399.09 58.0
400.29 232.7
401.26 72.2
402.26 8.5
403.21 42.5
403.86 46.1
405.34 8.8
408.62 31.0
409.28 15.7
410.45 18.1
411.47 49.3
412.37 153.3
413.30 27.3
414.15 54.2
415.24 28.0
417.27 2444.7
418.30 500.7
419.56 41.4
420.55 33.6
421.97 4.5
424.45 48.4
426.02 222.3
427.08 34.7
428.68 47.9
429.35 82.0
430.45 94.3
431.53 56.4
432.99 16.1
436.38 59.7
437.39 66.5
438.47 34.8
439.77 203.2
442.40 12.1
443.04 4.9
444.48 7.3
446.06 4.2
446.78 31.2
447.56 8.6
449.28 4.7
450.05 51.6
451.05 13.1
451.88 7.2
452.49 4.3
454.28 57.7
455.06 54.7
456.09 11.7
457.19 41.1
458.67 43.7
459.30 75.6
459.91 33.9
460.88 6.4
463.02 4.5
465.33 41.4
466.26 19.4
466.99 36.5
468.25 121.5
469.17 6.5
470.81 8.9
472.64 53.3
473.59 114.5
474.38 37.9
475.88 12.6
477.36 13.9
479.45 21.1
480.26 47.0
482.38 580.0
483.24 5.6
484.27 2.7
485.15 11.5
485.89 11.8
487.45 168.4
488.32 21.0
489.39 41.2
490.37 57.3
491.42 49.1
492.41 15.2
493.24 8.1
494.41 7.4
495.44 74.2
496.49 535.7
497.47 16.1
498.87 70.6
500.20 39.8
502.08 97.1
503.33 68.3
504.39 180.5
505.21 24.3
507.03 147.6
508.14 107.6
510.35 7.2
511.38 149.7
512.11 69.8
513.43 79.2
514.37 15.4
515.17 54.1
516.12 271.8
516.92 165.3
518.31 26.3
519.17 61.7
520.28 25.8
521.47 7.3
522.19 41.7
523.34 139.6
524.95 499.5
525.99 35.6
527.36 63.8
529.11 8.3
530.39 2421.7
531.41 498.6
532.47 90.3
533.42 60.2
534.41 23.7
536.10 202.6
537.07 55.3
538.16 179.7
538.81 33.7
540.15 171.7
541.35 79.6
542.29 70.2
543.26 91.4
544.70 464.4
545.41 158.0
546.45 32.0
547.10 445.7
548.54 11.0
549.40 5.2
551.53 209.1
552.32 228.2
553.53 794.1
554.77 6.3
555.42 2.3
556.29 5.2
557.60 38.5
558.59 31.8
559.44 77.0
561.00 1649.1
562.12 61.4
563.54 10.3
565.55 20.4
566.76 91.4
567.58 40.6
568.31 22.1
570.49 32.1
571.59 69.2
572.94 18.3
573.97 47.0
575.50 88.1
576.42 35.0
577.31 20.2
578.60 12.4
579.49 72.8
580.37 49.1
581.06 95.8
582.25 32.5
583.24 13.0
583.93 2.4
586.39 34.3
587.13 11.1
589.47 759.8
590.42 53.0
591.39 55.0
593.18 4.8
594.52 13.9
595.43 6.5
596.40 9.7
597.75 45.2
598.51 24.3
600.39 92.9
601.26 75.3
602.35 13.7
603.06 12.3
604.55 58.7
605.80 32.5
607.36 13.9
609.41 528.8
610.49 57.6
611.55 29.4
612.66 3.0
613.51 12.7
614.19 13.5
615.56 4.2
616.31 23.5
618.04 728.8
619.21 96.8
620.41 15.2
621.32 20.8
622.27 17.7
623.65 55.0
624.48 33.9
625.28 16.7
626.51 7.7
627.34 36.3
628.69 52.7
629.57 30.8
630.83 12.2
631.85 45.7
632.71 73.9
633.51 18.3
634.48 9.8
635.62 14.1
636.86 282.7
637.72 425.8
638.37 79.7
638.97 56.5
640.37 73.6
641.45 24.3
642.46 35.3
643.49 15.8
644.37 2.8
645.16 69.0
646.55 1060.5
647.46 161.4
648.66 117.8
649.49 19.0
651.05 37.8
651.68 7.1
652.42 20.9
653.32 67.2
654.36 297.0
655.19 59.2
656.81 159.0
657.44 100.2
658.52 58.2
659.64 65.6
660.56 60.7
661.41 90.1
662.40 43.0
663.00 11.1
664.44 397.6
665.74 870.5
666.42 349.2
667.34 102.2
668.83 120.2
670.19 75.2
671.36 68.0
672.38 57.1
673.37 21.6
674.44 563.8
675.19 416.0
677.42 3918.7
678.41 1150.5
679.66 214.9
680.46 17.3
681.67 84.2
682.50 8.8
684.04 67.4
684.83 29.2
685.55 10.3
686.45 33.4
687.47 134.1
688.38 162.4
689.47 108.2
690.32 17.6
691.84 49.4
693.10 141.0
693.95 219.4
696.12 45.5
696.87 146.5
697.51 150.2
699.25 349.1
702.15 1202.9
702.92 342.3
703.93 131.6
704.86 19.9
705.59 12.6
706.74 45.8
707.73 58.3
708.58 23.5
711.07 4025.9
712.06 140.4
713.17 70.9
713.78 7.1
715.37 102.3
716.10 157.3
717.25 32.4
718.49 138.0
719.75 249.1
720.63 23.7
721.92 258.0
723.30 67.2
724.35 373.8
725.48 1129.1
727.63 317.5
728.88 25.6
730.49 338.3
731.29 2694.4
732.75 43.9
735.50 4.9
747.25 12.7
748.43 8.4
749.11 28.9
751.12 16.6
752.33 69.8
753.20 107.3
753.96 5.1
754.84 36.2
755.57 10.0
756.95 66.2
757.79 270.7
758.44 176.7
759.30 21.1
760.27 7.1
761.43 61.8
762.49 61.4
764.28 59.8
765.75 305.5
766.59 2665.5
767.56 206.1
769.49 13.0
770.38 48.5
771.44 35.4
772.77 94.3
773.54 19.9
775.08 1288.0
776.04 134.6
776.76 35.5
777.69 60.1
779.39 513.6
780.38 202.4
781.41 157.4
782.41 67.8
783.25 115.3
784.03 114.4
784.98 17.5
786.60 35.6
787.58 76.4
788.46 394.7
789.45 120.7
790.41 51.4
791.70 151.9
792.53 45.8
793.51 31.2
795.36 27.7
796.28 3.3
798.14 7.4
799.18 95.5
800.35 74.0
801.46 56.5
802.74 17.2
803.86 59.5
805.50 2908.2
806.48 1065.4
807.49 70.9
809.23 13.0
810.97 10.3
811.63 15.4
812.82 7.4
814.33 6.1
815.52 16.4
817.19 68.3
818.06 69.9
818.73 15.4
819.66 51.4
820.58 32.3
821.54 47.2
822.62 44.9
824.32 11.7
825.91 173.8
826.65 77.6
827.51 26.0
829.36 66.0
830.87 232.3
831.63 293.9
832.68 46.1
833.45 47.4
834.72 208.8
835.60 33.6
836.44 32.7
837.35 8.4
838.03 8.1
839.87 1506.4
840.61 861.9
841.67 19.2
842.28 4.7
843.07 9.5
844.50 59.5
845.51 3.3
846.31 29.6
847.64 132.2
848.82 1781.0
850.51 38.1
851.51 29.0
852.57 12.7
855.98 81.1
856.97 13.9
858.35 21.6
859.30 14.3
860.55 162.0
861.45 138.5
862.57 23.9
864.03 16.6
866.25 21.1
868.40 74.8
869.34 24.6
870.29 33.3
871.40 38.9
872.41 17.4
873.75 68.2
874.44 39.1
875.15 20.5
876.27 38.1
876.98 50.3
878.44 1835.0
879.44 857.3
880.56 88.8
881.38 4.9
882.43 81.3
883.11 68.9
884.07 10.0
885.43 14.3
886.73 71.2
887.69 339.3
888.42 118.1
889.03 39.8
890.91 166.8
891.64 191.4
892.54 84.8
893.59 35.0
894.55 16.0
896.36 1122.8
897.08 705.9
898.29 31.5
899.85 14.9
900.47 8.7
901.54 10.0
902.65 4.9
903.41 56.7
904.92 1201.7
905.69 1069.5
906.57 43.4
907.51 23.1
908.58 34.7
909.46 63.5
910.45 3.3
911.64 48.7
912.49 33.2
913.26 54.0
914.21 17.2
915.34 2.5
916.61 290.8
917.51 254.6
918.53 107.3
919.50 14.6
920.54 6.2
921.36 21.7
923.57 52.7
924.92 30.9
925.60 15.9
926.46 30.7
928.36 45.2
929.42 28.0
930.21 8.4
931.60 51.6
932.75 61.3
934.50 1001.4
935.62 397.3
936.64 77.3
937.65 12.1
939.95 20.1
941.23 46.0
942.00 20.0
944.36 91.6
945.15 114.8
946.29 109.8
947.50 51.1
948.35 13.5
950.36 33.3
951.67 28.7
953.35 194.1
954.15 175.7
955.03 29.6
955.71 39.9
958.14 20.1
959.64 47.3
960.28 9.3
961.98 331.0
962.69 553.2
963.89 85.4
964.71 32.6
965.82 45.7
966.62 15.7
967.97 45.2
968.90 28.6
970.15 13.1
971.45 46.9
972.71 27.6
973.58 104.2
974.44 44.9
975.31 72.1
976.07 11.5
977.22 88.8
978.07 11.6
979.27 8.3
980.36 134.7
981.32 49.9
983.59 53.2
984.56 18.7
985.23 2.9
986.40 25.1
988.88 370.4
989.50 539.8
990.24 80.9
991.54 1361.7
992.56 669.4
993.56 79.8
994.58 6.7
997.11 40.5
997.80 1095.2
998.61 337.6
999.43 21.5
1001.51 4.9
1002.97 53.9
1003.63 35.5
1004.48 31.8
1005.23 36.3
1007.44 528.5
1008.43 185.8
1009.64 39.3
1010.98 51.3
1011.68 4.8
1013.51 37.9
1014.74 56.5
1015.82 462.6
1016.62 83.9
1017.40 69.9
1018.96 28.4
1019.76 32.1
1021.69 92.3
1022.58 29.3
1024.35 936.2
1025.10 1108.5
1026.37 20.5
1027.75 36.6
1028.60 14.8
1030.52 53.4
1031.59 268.5
1032.95 1146.1
1033.78 1772.5
1034.66 69.5
1035.59 36.6
1036.86 8.0
1038.03 16.9
1039.28 92.8
1040.22 61.2
1040.98 23.2
1043.31 4.9
1045.49 14.7
1046.41 31.6
1048.57 662.8
1049.66 253.8
1050.57 62.3
1051.70 7.1
1052.74 5.9
1053.49 12.9
1055.40 37.6
1056.95 32.8
1057.71 19.2
1058.65 22.2
1059.54 29.7
1060.65 23.0
1061.46 6.4
1062.80 20.0
1064.53 31.1
1065.58 11.7
1066.75 6.2
1068.64 3.6
1070.48 48.7
1071.53 102.4
1072.48 42.9
1073.54 8.2
1075.18 43.0
1075.90 9.2
1076.56 19.5
1077.31 3.8
1078.51 3.9
1079.65 10.1
1080.51 16.2
1083.75 9.0
1087.76 86.9
1088.63 830.4
1089.63 605.7
1090.53 153.3
1092.65 9.8
1093.45 13.3
1094.46 5.3
1095.35 2.5
1100.60 16.8
1102.04 10.2
1102.71 94.4
1103.65 19.6
1105.54 1184.9
1106.63 518.4
1107.60 61.8
1110.68 11.9
1111.59 17.5
1113.59 15.6
1114.55 5.4
1116.43 8.0
1117.62 14.1
1118.34 20.4
1120.60 1549.3
1121.57 778.6
1122.65 109.8
1126.44 5.5
1127.47 18.3
1128.61 23.2
1129.67 4.0
1130.47 2.9
1133.51 26.7
1134.34 13.8
1135.48 4.8
1136.48 15.6
1138.61 14.7
1142.00 10.2
1145.53 14.5
1146.54 2.8
1147.50 3.8
1148.39 3.7
1149.11 6.4
1150.71 6.1
1159.73 21.7
1160.91 23.4
1161.77 25.3
1162.58 25.5
1163.74 13.2
1168.00 3.2
1169.70 4.8
1171.77 12.6
1172.62 2.8
1173.82 19.0
1174.70 27.5
1177.09 58.8
1177.69 465.2
1178.61 256.0
1179.70 64.8
1181.55 31.3
1182.55 22.6
1183.40 8.2
1184.77 3.0
1185.68 3.7
1190.67 14.2
1192.45 16.8
1194.80 46.6
1195.58 5.4
1196.90 6.4
1199.48 29.8
1200.67 90.2
1201.88 31.8
1202.96 13.5
1204.52 13.3
1207.54 5.8
1211.45 5.5
1212.61 12.3
1216.03 30.2
1216.68 36.8
1217.66 346.8
1218.63 315.5
1219.63 35.6
1221.42 19.5
1222.57 5.6
1223.42 17.3
1224.76 5.7
1225.50 15.8
1229.36 3.9
1230.40 13.3
1231.90 3.2
1234.59 290.9
1235.66 171.3
1236.84 53.4
1237.70 7.1
1239.67 28.9
1241.53 2.5
1242.47 3.4
1244.23 3.9
1245.75 9.5
1246.68 4.5
1248.48 16.5
1249.88 36.6
1250.74 10.2
1251.64 5.0
1253.00 23.6
1255.84 10.9
1257.94 15.8
1258.77 5.4
1260.20 36.8
1263.93 5.8
1264.81 9.8
1267.63 8.3
1268.75 36.0
1269.65 3.3
1272.56 4.8
1274.58 81.3
1275.81 30.9
1281.00 20.8
1287.51 3.1
1290.62 32.3
1291.79 157.3
1292.70 48.2
1293.82 21.5
1294.89 8.0
1295.77 37.3
1296.74 3.2
1298.66 14.3
1300.77 4.5
1302.50 20.3
1306.49 15.1
1307.68 6.4
1308.70 13.3
1309.54 10.8
1311.78 10.2
1312.87 31.6
1313.79 16.3
1314.55 12.6
1318.10 3.9
1319.39 5.5
1320.68 7.7
1321.49 4.9
1323.82 4.8
1328.81 6.0
1330.65 35.0
1331.90 19.0
1334.01 13.3
1335.70 18.5
1336.58 25.5
1337.39 10.4
1340.58 13.4
1341.60 6.7
1347.74 29.4
1348.71 28.5
1351.58 7.3
1352.82 10.7
1355.37 8.3
1357.75 7.7
1358.84 7.2
1362.76 11.6
1366.00 17.0
1368.98 9.0
1373.43 7.3
1375.98 2.8
1378.85 14.0
1380.45 16.9
1381.83 3.6
1384.01 3.5
1384.65 3.2
1390.80 11.1
1396.27 19.5
1396.87 13.6
1397.49 5.5
1398.54 3.9
1400.33 8.1
1401.61 24.9
1402.93 104.8
1403.78 4.7
1404.73 10.8
1409.57 4.2
1411.88 2.4
1412.90 4.2
1418.82 6.7
1419.46 2.8
1420.67 169.4
1421.76 89.2
1422.78 24.0
1426.62 3.8
1428.81 4.4
1432.21 8.3
1436.01 22.5
1437.75 4.9
1444.89 5.4
1447.55 6.8
1455.06 9.1
1455.83 2.8
1460.46 10.3
1463.92 4.4
1464.64 14.0
1465.73 13.2
1482.86 3.7
1489.10 9.2
1496.95 9.8
1501.71 11.4
1508.90 20.9
1509.90 12.4
1510.99 3.0
1514.87 6.9
1522.87 3.9
1523.80 19.8
1524.54 8.8
1531.90 6.7
1532.79 14.6
1533.74 5.9
1547.77 9.4
1548.58 6.7
1549.72 27.7
1550.68 10.8
1558.15 5.1
1562.97 7.5
1566.13 11.4
1568.15 6.2
1575.85 3.7
1591.73 5.5
1616.81 6.0
1619.73 2.3
1621.89 14.2
1623.87 5.2
1660.83 6.1
1678.99 17.8
1692.22 3.4
1696.24 9.2
1720.76 3.6
1745.65 8.7
1749.54 7.1
1751.12 5.3
1765.81 7.3
1841.09 2.6
1936.21 8.3
