1045.56511 2
149.28 3.5
153.13 4.4
155.18 4.2
156.26 6.7
157.09 10.3
158.25 5.6
159.38 3.2
160.12 2.1
161.27 4.9
162.15 7.0
163.91 45.8
167.26 11.1
169.28 4.0
171.16 6.2
173.21 17.0
174.28 3.8
175.14 9.2
175.97 1.4
178.05 9.6
179.26 9.8
180.15 3.9
181.36 10.6
182.28 6.8
183.29 19.0
185.09 19.3
185.83 1.2
187.15 2.5
187.99 3.0
189.28 2.3
191.28 9.3
192.08 1.5
193.11 3.1
194.06 4.5
195.33 14.9
196.15 5.3
198.17 28.8
200.30 3.8
201.18 43.8
202.22 6.5
203.31 9.9
205.29 2.3
206.22 3.0
207.23 10.0
208.23 9.6
209.22 10.6
210.10 4.4
211.18 5.0
212.31 10.8
213.27 19.6
214.16 7.3
215.12 7.9
216.22 10.5
217.24 18.0
218.26 2.0
219.21 5.1
220.30 1.7
221.22 6.2
222.09 12.7
223.14 13.2
223.96 7.3
225.18 37.2
226.59 10.0
227.32 19.6
228.31 6.3
230.41 7.3
231.25 7.5
233.20 4.7
234.21 1.8
234.99 8.4
236.10 5.0
237.40 41.2
238.22 166.6
239.27 23.1
240.28 6.3
241.22 46.5
242.43 22.9
243.25 62.7
244.24 23.8
245.25 21.8
246.16 6.4
247.22 5.2
248.07 9.2
249.18 5.3
250.35 1.8
251.28 20.3
252.27 7.8
253.19 10.5
254.24 5.1
255.28 10.5
256.22 7.8
257.23 10.6
258.20 17.4
259.30 4.3
261.19 15.0
262.24 26.6
263.27 9.8
264.10 8.1
265.15 24.9
266.08 10.7
267.18 2.3
268.29 1.2
269.21 30.0
270.25 82.7
271.32 23.2
273.21 19.2
274.23 2.6
275.53 14.4
276.16 5.5
277.42 12.5
278.34 23.4
279.41 7.6
280.25 23.3
281.19 26.0
282.15 16.8
283.19 43.8
284.24 26.9
285.25 16.8
286.29 8.1
288.02 16.9
289.51 13.5
290.62 3.2
291.26 27.7
292.19 3.3
293.37 16.3
294.62 8.6
295.36 8.4
296.03 7.5
297.16 27.9
298.44 4.6
299.21 9.5
300.37 3.5
301.23 9.3
303.24 110.4
304.17 11.4
305.27 15.7
306.32 12.7
307.18 32.1
308.32 18.4
309.25 36.2
310.26 6.0
311.18 8.4
312.44 17.8
313.28 32.7
314.35 17.1
315.29 6.2
316.01 2.9
317.15 6.6
318.19 7.0
319.31 18.7
320.35 2.8
321.40 12.2
322.39 13.1
323.21 23.1
324.15 11.5
325.25 22.3
326.27 40.5
327.16 29.8
328.19 11.5
329.17 5.8
330.40 15.4
331.31 24.2
331.96 2.6
333.25 8.7
334.32 27.7
335.29 15.8
336.40 21.4
337.11 30.0
338.47 10.9
339.32 29.8
340.34 5.3
341.26 4.1
342.26 13.8
343.28 32.8
344.57 15.5
345.37 1.5
346.15 17.0
347.21 13.7
348.21 6.7
349.28 214.2
350.16 2.6
351.30 35.7
352.26 17.9
353.22 13.1
354.18 3.5
355.21 13.6
356.25 3.4
357.26 10.4
358.17 4.4
359.24 13.5
360.26 8.5
361.19 25.6
362.29 20.3
363.16 204.3
364.18 9.1
365.08 18.8
367.11 29.6
368.35 8.7
369.34 4.3
370.43 19.4
371.23 29.6
372.13 10.8
373.33 8.4
374.24 6.7
376.17 92.4
377.27 40.1
378.27 16.0
379.68 286.3
380.33 123.9
381.14 42.7
382.40 2.3
383.21 13.4
384.06 11.4
385.50 9.7
386.15 3.0
387.22 25.7
388.07 6.2
389.28 28.5
390.37 5.6
391.28 31.1
392.29 3.4
393.26 14.3
394.47 9.0
395.31 8.4
396.50 38.8
397.29 15.7
398.24 10.6
400.60 2.2
401.32 8.3
402.16 7.6
403.34 33.1
405.52 280.9
406.51 27.7
407.31 43.0
408.15 27.7
409.18 196.3
410.16 48.7
411.27 65.6
412.28 11.4
413.16 11.0
414.39 2318.4
415.42 11.0
416.08 10.1
417.31 13.5
419.24 39.5
420.18 3.0
421.22 36.1
422.05 3.6
423.41 599.1
424.45 19.3
425.18 20.5
426.23 6.1
427.16 8.4
428.69 16.8
429.33 22.2
430.22 9.9
430.84 4.2
431.48 1.8
433.03 101.0
434.24 4.0
435.31 30.1
436.36 4.7
437.35 29.6
438.19 33.4
439.33 163.0
440.19 28.8
441.31 155.7
442.26 40.0
443.30 96.1
444.34 6.5
445.11 4.3
446.08 4.1
447.21 15.0
448.30 8.1
449.18 13.7
450.19 4.6
451.11 13.8
452.14 37.7
453.39 21.2
454.38 7.1
455.50 3.3
456.30 20.5
457.28 15.8
458.23 4.2
459.34 17.7
460.17 16.4
461.23 31.0
462.18 15.9
463.24 41.6
464.25 45.7
465.32 63.3
466.48 16.4
467.15 21.0
468.16 4.1
469.20 13.1
470.44 13.8
471.40 18.1
473.25 185.6
474.33 35.6
475.29 175.3
476.40 27.2
477.19 56.6
478.07 19.5
479.19 42.9
480.18 34.8
481.37 2.1
482.95 1.5
485.23 1.5
486.47 12.9
487.35 68.4
488.19 28.4
489.38 88.3
490.44 10.9
491.13 1.7
492.85 6.7
493.52 15.7
494.40 14.9
495.48 25.7
496.66 26.4
497.38 17.6
499.78 6.4
501.03 5.3
505.28 1455.3
506.16 587.1
507.20 61.2
508.26 7.1
509.18 1.7
510.04 3.6
511.00 3.1
514.48 209.5
521.16 2.8
531.01 1.2
536.95 4.9
538.27 8.7
539.19 3.6
540.10 12.0
557.38 8.7
566.36 7.3
567.16 2.1
569.28 6.0
572.19 1.9
573.37 4.1
590.43 291.8
591.42 91.7
592.38 2.5
597.18 7.8
616.50 6.0
629.09 5.5
630.33 6.1
632.32 2.0
633.32 2.1
634.32 7.2
635.56 8.7
643.77 7.3
644.67 3.6
652.34 16.6
653.85 3.3
661.43 41.1
662.58 3.8
670.39 7.5
671.55 1.9
672.43 4.2
677.52 6.3
686.39 1.4
697.37 2.6
740.47 18.0
741.51 2.5
749.71 5.3
754.25 2.5
758.45 401.1
759.52 88.0
764.14 1.6
765.43 3.3
766.34 1.0
767.67 8.7
768.50 3.3
784.12 2.4
785.47 3.5
809.61 2.2
836.47 1.0
845.50 197.0
846.48 69.2
854.33 10.0
855.29 7.3
869.16 1.7
869.81 2.8
871.53 1.9
877.61 2.9
886.32 2.8
889.94 2.3
898.64 3.2
912.48 1.9
914.42 11.3
924.51 3.4
925.63 3.9
932.46 16.6
933.24 4.4
933.97 2.2
942.88 12.7
