723.37645 2
107.17 2.0
109.17 1.4
111.11 9.5
112.36 4.5
113.25 10.9
114.18 2.9
116.21 3.2
117.09 1.9
118.21 2.1
119.07 9.4
120.26 3.1
121.20 12.0
122.11 2.0
123.20 8.9
124.10 8.0
125.01 3.8
126.20 8.2
128.12 327.0
129.22 39.2
130.16 67.4
131.16 4.6
133.19 38.3
134.22 3.6
135.04 4.2
136.15 1.7
137.25 13.3
138.12 7.1
139.10 15.1
140.14 1.1
141.19 8.4
142.20 8.6
143.09 1.6
144.16 10.9
145.32 7.5
147.17 9.0
149.30 8.2
151.31 6.4
152.23 13.2
153.16 10.6
154.25 10.7
155.07 43.8
156.04 20.3
157.04 10.2
159.10 11.3
160.15 66.6
162.11 83.7
163.18 5.9
164.01 11.5
165.16 11.3
166.21 9.7
167.14 6.0
168.15 19.7
169.25 3.5
170.02 8.4
172.18 9.0
173.14 14.3
174.25 69.7
175.07 16.6
176.23 9.4
177.24 50.0
178.03 9.1
179.08 6.6
179.79 2.3
181.16 16.3
182.50 5.5
183.21 21.3
184.16 4.8
185.17 11.0
186.15 16.0
187.09 2.6
188.06 6.3
189.17 8.7
190.14 1.5
191.16 5.9
192.13 14.6
193.17 2.3
194.11 7.4
195.37 8.3
196.25 5.4
197.29 3.6
199.07 88.4
200.47 24.9
201.15 72.2
202.05 10.8
203.20 20.0
204.19 14.7
205.03 3.8
206.09 12.6
207.50 7.8
209.15 5.2
210.21 17.8
211.34 12.5
212.23 11.4
213.33 6.5
214.07 8.8
215.12 66.5
216.27 20.9
217.24 24.1
218.45 7.9
219.36 13.9
220.29 27.9
221.21 59.7
222.23 14.9
223.16 6.1
224.27 11.4
225.22 8.4
226.20 10.7
227.23 23.8
228.24 21.1
229.27 24.7
230.21 12.5
231.16 17.1
232.25 14.0
233.12 30.1
234.23 16.7
235.11 5.4
236.22 15.7
237.14 6.2
238.13 20.9
239.22 15.2
240.18 4.6
241.16 6.4
242.24 51.5
243.26 65.5
244.17 16.5
245.03 10.0
246.13 34.7
246.97 14.6
248.08 84.3
249.07 27.8
249.85 10.1
251.34 5.1
252.20 7.2
253.12 3.1
253.93 5.4
255.12 8.4
256.28 21.0
257.14 12.2
258.23 22.3
259.22 25.4
260.23 10.5
261.15 14.3
262.22 23.1
263.14 9.2
264.12 36.7
265.24 7.2
266.08 28.2
267.31 5.1
268.11 23.2
269.09 22.4
270.14 9.8
271.17 16.3
272.36 19.4
273.24 19.0
274.22 50.0
275.33 19.0
276.27 26.6
277.23 20.1
278.18 18.3
279.09 58.3
280.32 61.2
281.04 175.3
282.19 69.0
283.46 13.2
284.26 5.3
285.28 7.5
286.24 19.2
287.15 4.0
288.34 28.5
289.21 21.5
290.25 70.9
291.25 27.7
292.18 20.7
293.56 6.5
294.98 1.1
295.63 9.2
296.34 8.1
297.30 9.9
298.28 41.6
299.19 12.4
300.13 42.0
301.11 21.4
302.19 45.2
303.25 31.0
304.30 72.4
305.21 61.0
306.09 23.6
306.70 6.1
307.61 10.7
308.33 9.6
309.27 10.3
310.43 6.3
311.36 3.7
312.26 18.4
313.38 1.6
314.24 51.8
315.22 23.1
316.26 218.4
317.28 159.1
318.23 107.0
319.30 26.8
320.45 26.9
321.21 30.5
321.93 8.9
323.34 1.1
324.65 5.9
326.25 149.7
327.19 107.8
328.23 26.6
329.21 14.5
330.06 2.8
331.41 12.4
332.43 25.7
333.23 10.4
334.25 53.5
335.32 21.4
336.30 1.4
337.48 4.0
338.24 8.7
340.03 38.7
340.88 7.9
342.02 28.2
344.20 5322.8
345.22 704.6
346.46 18.9
347.31 31.2
348.14 16.1
351.34 10.8
352.92 53.9
353.66 57.6
354.29 36.6
355.92 16.6
357.45 3.0
371.39 5.6
374.30 3.6
385.42 4.1
389.45 2.2
397.72 5.1
402.36 5.7
409.82 2.7
412.34 7.8
415.37 15.4
416.43 1.9
418.22 7.4
422.00 4.5
425.70 9.2
427.62 1.1
430.15 6.5
436.43 1.7
440.45 3.1
441.15 1.1
447.83 4.2
449.20 7.1
450.51 4.1
451.52 2.9
458.75 2.6
459.40 15.5
460.40 10.3
461.97 1.2
464.33 35.2
467.52 10.7
468.40 1.7
480.40 4.3
481.13 4.0
484.38 14.0
485.35 1.3
486.02 1.3
488.16 3.7
491.26 3.5
492.25 2.5
493.34 10.2
498.23 3.5
499.67 2.2
503.23 17.9
508.17 1.9
509.00 2.8
511.13 2.5
521.24 6.2
529.50 4.0
536.68 2.4
546.15 2.4
547.26 12.0
548.24 5.1
566.21 7.7
568.76 1.9
569.78 1.3
573.56 2.0
580.33 7.4
581.51 4.4
591.48 1.1
593.59 1.6
594.41 1.5
611.55 1.8
615.18 1.0
617.53 1.4
622.20 5.7
701.45 2149.0
702.47 768.8
703.53 42.3
