842.5121899999999 2
119.37 1.5
120.21 2.9
121.32 11.2
123.31 11.6
125.07 10.3
125.92 2.9
127.01 7.1
128.17 174.7
129.21 25.8
130.12 17.3
131.12 12.3
133.15 15.0
134.16 2.2
135.08 4.2
136.13 52.4
137.27 20.2
138.64 12.7
139.42 8.0
140.26 3.9
141.15 16.7
142.16 32.9
143.23 84.1
144.26 8.3
145.17 16.3
146.09 2.9
147.17 29.0
148.31 9.0
149.18 9.9
150.27 3.3
151.23 15.7
152.11 9.2
153.19 60.7
154.21 8.7
155.25 29.7
155.98 1.4
157.15 27.6
158.26 11.7
159.21 19.8
160.17 95.5
161.19 33.3
162.20 61.0
163.29 32.4
164.29 72.2
165.09 26.9
166.08 19.2
167.33 10.0
168.30 3.9
169.23 2.3
170.15 2.4
171.16 304.3
172.21 18.5
173.24 122.9
174.26 15.3
175.19 30.6
175.95 4.3
177.15 25.6
178.26 43.2
179.47 29.1
180.26 38.0
181.18 21.1
182.16 6.9
183.25 27.5
184.23 10.5
185.28 19.4
186.17 19.4
187.22 37.2
188.34 5.1
189.16 16.0
190.34 10.3
191.26 22.5
192.13 14.8
193.19 12.4
194.03 14.8
195.14 23.7
196.15 29.7
197.20 33.4
198.13 25.9
199.12 40.5
200.10 12.6
201.22 153.7
202.63 16.7
203.26 33.1
204.25 23.7
205.18 20.8
206.13 3.5
207.23 8.9
207.99 4.7
209.00 26.3
210.16 21.6
211.14 16.0
212.29 31.1
213.19 17.6
214.18 6.5
215.19 43.5
216.18 20.4
217.21 27.3
218.21 8.1
219.16 24.6
220.04 10.1
221.20 58.5
222.17 6.5
223.29 35.8
224.12 5.7
225.34 18.7
226.14 40.7
227.25 56.9
228.18 35.2
229.22 29.6
230.15 11.6
231.16 18.1
232.11 18.4
233.03 33.2
234.31 8.0
235.03 10.9
236.27 14.9
237.19 43.7
238.34 48.0
239.19 33.9
240.15 36.6
241.16 40.7
242.00 20.9
243.17 38.2
244.19 35.5
245.19 60.4
246.23 28.1
247.21 27.2
248.14 26.3
249.23 23.2
250.50 16.9
251.17 34.0
252.21 9.5
253.16 30.0
254.22 63.0
255.15 21.3
256.11 18.8
257.14 6.9
258.30 30.7
259.42 46.3
260.59 63.8
261.24 86.1
262.21 27.7
263.20 16.8
264.27 22.6
265.24 17.5
266.28 12.0
267.24 26.7
268.32 11.7
269.23 30.1
270.13 12.5
271.38 55.1
272.17 476.9
273.30 42.5
274.42 27.1
275.12 18.8
276.37 38.3
277.28 52.9
278.12 28.5
279.19 76.5
280.29 57.5
281.22 24.8
282.23 48.8
283.11 66.4
284.11 20.0
285.12 68.1
286.16 32.9
287.30 33.0
288.26 36.2
289.27 46.2
290.20 22.4
291.26 31.7
292.18 24.8
293.18 64.3
294.57 43.4
295.25 19.2
296.09 14.2
297.40 24.9
298.15 26.6
299.15 16.1
300.17 16.4
301.48 32.9
302.22 11.8
303.17 27.1
304.47 8.4
305.13 58.7
306.39 81.7
307.20 193.6
308.17 87.0
309.19 31.7
310.11 35.1
311.17 41.6
312.29 14.0
313.34 16.7
314.17 8.9
315.14 12.9
316.12 26.3
317.04 46.2
318.17 17.1
319.16 51.3
320.10 24.6
321.24 61.5
322.27 33.9
323.28 87.8
324.22 49.3
325.22 69.9
326.20 24.8
327.68 1175.0
328.41 231.8
329.32 56.4
330.22 19.9
331.26 45.8
332.15 15.6
333.28 52.4
334.12 14.8
335.17 44.8
336.83 628.4
337.84 14.1
339.22 52.3
340.26 60.5
341.24 63.4
342.38 64.2
343.25 49.7
344.23 10.3
345.10 28.3
346.17 25.3
347.20 61.9
348.22 39.3
349.29 35.5
350.28 33.6
351.41 31.3
353.17 516.6
354.22 55.8
355.18 11.3
356.33 31.6
357.31 72.8
358.14 36.9
359.23 87.6
360.29 98.6
361.26 72.6
362.23 68.9
363.36 157.1
364.40 39.8
365.18 75.8
366.29 49.3
367.37 11.3
368.51 21.3
369.78 20.1
370.68 15.9
371.29 291.7
372.30 52.4
373.35 21.7
374.25 39.6
375.31 74.4
376.29 57.5
377.26 171.3
378.21 137.0
379.29 39.1
380.18 33.8
380.88 36.0
382.66 17.2
383.33 12.2
384.22 7.4
385.30 541.2
386.28 127.1
387.18 33.4
388.34 5.0
389.08 2.0
391.16 50.2
392.07 51.6
393.31 60.5
394.31 76.9
395.28 2.2
398.48 4.9
401.00 7.9
403.25 1183.7
404.21 910.1
405.13 173.7
406.11 15.7
407.23 9.8
412.88 18349.3
414.12 25.0
415.03 22.0
415.78 9.1
416.76 5.8
417.58 3.4
418.49 1.7
419.93 2.5
421.08 4.1
427.33 3.2
428.00 4.4
430.35 7.4
436.29 2.1
440.26 100.7
441.36 7.8
443.35 7.5
454.26 11.1
458.15 136.6
458.78 2.8
470.00 1.4
472.32 1809.3
473.31 150.3
474.39 2.4
479.97 2.2
508.20 1.9
510.39 4.5
518.24 12.6
520.63 6.7
524.89 3.9
535.38 39.6
536.61 5.5
543.11 9.6
553.35 124.2
554.45 21.0
571.39 586.6
572.37 65.5
581.62 9.2
582.30 10.5
586.65 2.1
597.64 3.9
607.54 13.2
611.20 1.6
614.44 1.7
616.92 2.8
632.31 6.6
634.63 2.6
636.61 4.1
650.39 5.2
654.42 27.2
655.31 9.7
664.78 3.5
668.28 1.8
669.46 9.0
672.46 1540.5
673.52 321.6
682.62 12.0
697.73 8.4
725.62 59.5
726.64 2.5
743.39 71.2
744.61 16.5
753.83 6.5
760.46 2.1
811.30 2.7
819.84 4.5
820.47 3.3
842.67 1.8
