1278.58904 2
189.21 2.6
194.92 3.6
196.00 7.5
197.08 2.2
201.14 7.2
208.18 2.5
209.29 1.7
210.19 6.4
211.15 3.5
212.27 2.3
213.35 1.8
216.34 3.4
217.20 1.4
218.27 3.8
222.04 3.5
226.11 5.7
227.14 1.2
228.04 6.7
234.21 4.2
235.28 19.0
236.28 9.8
240.15 4.9
240.94 2.3
244.31 7.1
245.19 6.7
246.64 4.9
248.85 6.1
252.16 1.4
253.24 30.0
254.22 8.1
258.15 9.3
260.02 17.4
262.23 23.2
263.14 1.5
264.27 1.0
267.20 1.8
269.91 30.7
270.52 1.6
271.33 6.0
274.40 1.3
279.40 1.8
280.31 3.8
283.08 3.7
285.29 5.1
287.15 33.4
288.21 7.6
289.13 2.1
291.22 4.3
292.28 4.1
294.24 2.4
296.32 3.0
297.20 17.3
302.16 4.3
303.28 7.4
305.21 23.6
307.15 2.5
311.32 7.1
313.13 8.9
314.27 15.3
315.24 20.2
316.52 1.5
318.90 1.4
320.44 4.4
321.20 4.6
325.85 6.0
327.03 6.0
328.30 1.7
329.16 2.6
331.13 69.2
332.37 11.0
334.23 5.9
335.25 3.3
337.28 8.2
338.55 15.4
339.46 8.2
340.37 9.1
341.25 4.0
344.28 17.8
345.27 14.5
346.28 11.9
348.25 6.2
349.15 34.7
350.35 1.8
352.96 9.9
354.45 9.7
355.23 58.5
356.37 15.8
359.20 8.8
360.24 1.6
361.17 2.4
362.23 44.9
363.17 3.4
364.10 2.8
365.23 10.4
366.25 11.7
367.11 1.1
368.06 1.8
369.33 3.6
371.09 16.0
372.16 10.9
373.31 18.3
374.21 8.0
375.13 1.0
376.40 3.8
378.60 9.1
380.42 1.1
383.11 72.3
384.23 15.2
385.20 2.5
386.03 1.2
387.06 10.5
388.37 8.0
389.16 9.5
390.29 8.2
391.39 5.9
393.18 11.6
394.26 22.9
395.03 10.6
396.26 13.4
399.28 16.4
400.40 19.3
401.38 2.5
402.61 6.9
403.27 4.4
405.15 6.5
406.29 111.8
407.23 12.3
409.31 2.4
410.23 6.0
411.23 17.4
412.25 22.6
413.31 3.5
414.02 1.7
416.38 1.0
417.25 3.6
418.30 13.4
419.32 5.9
421.40 5.1
422.58 20.4
423.37 14.3
424.10 3.2
425.32 4.5
426.66 10.0
427.35 4.0
428.54 21.4
429.32 52.8
430.35 60.1
431.13 2.2
434.20 3.7
435.17 7.0
438.22 2.5
439.23 15.9
440.23 104.6
441.28 41.4
443.99 11.4
445.35 16.3
446.44 48.0
447.24 223.3
448.36 35.2
451.25 4.7
455.40 4.6
457.21 387.4
458.29 132.6
459.30 15.6
460.03 4.4
461.28 4.5
463.23 282.3
464.18 27.1
466.36 7.8
467.02 1.8
468.27 2.6
471.68 2.1
472.70 3.1
473.30 1.2
475.22 211.2
476.27 34.6
478.39 2.3
479.13 34.5
480.27 7.7
481.19 2.2
482.37 4.0
483.18 7.2
484.31 10.1
485.37 4.7
486.24 12.0
487.67 9.1
490.14 8.0
491.33 2.7
492.31 8.0
493.30 3.6
494.28 8.5
496.32 36.6
497.18 48.2
498.33 3.6
502.30 27.0
503.20 15.1
504.41 35.1
505.44 21.8
506.52 7.6
507.35 8.5
508.54 5.7
509.56 7.4
510.35 3.7
511.07 2.6
513.54 7.8
514.22 208.6
515.25 56.4
518.22 9.5
519.18 5.8
520.29 994.9
521.34 145.2
522.40 5.8
523.30 3.2
524.15 3.8
525.50 10.0
526.38 12.0
527.28 8.6
528.52 5.6
531.25 17.3
532.33 75.2
533.38 9.3
535.17 15.0
536.22 12.2
537.32 4.6
538.77 5.0
543.27 11.5
543.99 11.7
545.27 8.9
546.67 13.2
547.60 2.2
548.54 6.5
549.28 4.4
550.25 5.6
552.19 2.8
553.39 13.2
554.37 16.4
555.43 7.6
556.17 8.3
558.79 63.5
559.47 52.8
560.25 3.3
561.33 14.1
562.95 27.3
565.28 4.5
567.81 287.7
568.43 111.0
570.12 16.0
571.35 164.6
572.35 27.8
573.21 3.3
574.34 5.2
575.05 2.3
577.38 13.4
578.05 5.0
579.31 5.7
580.42 2.8
581.43 12.9
582.86 15.2
585.44 5.6
586.68 15.6
587.82 9.6
589.15 40.5
590.87 7.5
591.62 9.3
592.39 4.5
593.10 2.0
595.46 3.3
596.48 15.0
597.41 16.9
598.41 16.9
599.49 8.7
600.40 13.4
601.13 2.4
602.26 10.2
603.27 4.9
603.99 11.2
605.10 13.3
607.78 5.9
608.54 10.6
609.53 31.9
610.34 34.6
611.45 23.8
612.66 21.1
613.89 31.0
615.54 41.4
616.45 46.9
617.71 21.2
618.54 18.6
619.57 1.1
621.78 388.5
622.39 150.8
623.12 48.6
624.70 36.7
625.42 1.0
626.13 10.5
627.64 36.1
628.31 83.3
629.42 2.5
630.71 265.5
631.33 52.9
631.95 3.6
633.48 14.6
646.47 5.3
650.03 2.2
655.60 1.0
657.36 6.5
661.32 6.8
666.99 9.6
668.21 1.7
672.49 9.3
673.23 3.8
677.46 5.6
680.07 5.2
684.43 3.6
685.26 1.6
688.92 2.3
690.37 226.6
691.51 76.0
694.31 1.3
697.61 10.9
702.64 5.2
705.15 1.2
705.82 4.1
707.06 11.7
707.68 1.3
713.41 9.1
714.40 26.8
715.21 6.4
719.49 5.5
723.41 71.0
724.40 58.3
729.49 16.3
730.73 11.6
731.41 15.1
732.43 24.3
738.76 4.7
741.44 526.0
742.47 124.6
743.33 1.8
744.35 2.4
747.43 568.8
748.42 104.1
751.77 2.5
753.63 2.9
756.43 2.3
759.37 146.9
760.38 48.0
761.59 15.0
762.59 6.5
767.33 12.2
769.18 13.5
769.79 1.2
772.44 5.5
773.30 2.7
779.23 6.3
780.44 19.3
781.60 3.4
786.51 71.1
787.53 8.2
788.47 6.7
789.50 3.4
791.48 1.3
794.92 3.2
798.35 143.2
799.46 33.6
801.66 5.2
804.44 1996.9
805.50 621.6
807.37 4.6
814.74 4.0
816.42 41.3
817.46 26.3
823.82 14.6
825.10 2.3
831.11 8.6
832.49 3.3
833.49 4.4
835.51 1.6
837.34 14.9
838.80 5.9
846.57 1.3
853.70 2.9
855.45 58.2
856.41 12.8
858.66 11.5
859.65 6.6
860.99 3.2
868.67 1.4
871.85 2.3
873.28 19.9
874.59 11.0
887.24 7.3
889.33 3.8
894.48 4.6
895.47 2.6
897.60 1.7
899.22 2.0
912.46 31.1
913.34 22.9
917.65 136.0
918.59 43.3
920.50 4.0
921.58 1.2
923.60 2.9
925.63 3.1
930.53 16.5
931.45 4.6
932.46 1.2
933.62 1.6
939.77 13.6
940.41 12.0
941.55 5.2
956.49 6.1
957.49 6.4
960.00 1.8
961.63 3.1
963.61 10.4
966.22 5.1
971.16 1.6
974.53 248.3
975.65 86.0
981.39 6.0
989.71 4.5
995.22 1.8
999.38 36.5
1000.48 18.7
1001.64 6.3
1002.72 4.9
1011.47 2.7
1013.43 3.5
1017.32 13.7
1018.15 12.9
1021.95 1.3
1034.50 4.2
1045.50 5.3
1048.68 2.2
1054.87 1.6
1068.45 14.6
1069.40 3.9
1072.66 3.6
1078.52 1.1
1086.57 21.7
1087.89 4.0
1101.96 1.7
1103.92 5.2
1104.61 10.6
1105.67 7.2
1114.82 4.0
1116.73 2.3
1121.81 3.8
1122.87 4.7
1132.72 1.5
1134.63 4.4
1135.60 4.4
1137.52 2.1
1221.35 1.3
