5856.024600000001 5
376.15 2.5
395.36 2.5
410.32 2.6
448.47 1.3
468.39 1.0
509.61 1.3
524.79 2.2
535.64 1.5
582.36 3.7
635.26 1.1
636.49 2.5
644.23 2.7
652.99 3.3
663.82 3.2
665.49 2.1
693.77 3.0
711.09 1.3
745.46 1.8
761.74 1.5
763.35 1.1
764.56 2.8
773.35 3.5
805.51 3.9
809.17 4.4
811.20 2.3
815.62 1.1
817.54 1.7
828.04 5.6
829.36 4.4
836.44 9.0
844.44 1.5
845.53 3.3
856.81 4.4
858.98 10.5
865.38 2.7
884.42 4.0
886.49 3.7
892.91 9.8
897.68 5.7
905.22 6.7
906.91 4.6
911.65 1.5
916.66 2.0
932.92 6.0
951.60 17.2
957.41 2.6
999.52 8.5
1015.61 2.2
1016.72 3.3
1036.50 3.6
1039.89 9.8
1045.69 17.1
1047.12 9.5
1047.80 5.6
1056.16 3.8
1056.77 5.1
1062.70 8.5
1066.71 7.5
1078.55 2.1
1085.27 5.8
1087.71 1.9
1102.41 4.9
1107.88 2.5
1113.12 2.1
1114.93 13.4
1117.40 5.6
1127.06 5.4
1137.63 1.6
1143.92 4.9
1145.24 1.9
1147.73 2.7
1154.71 20.4
1155.67 9.2
1157.98 13.7
1172.57 5.5
1173.79 2.3
1187.20 3.6
1191.30 2.6
1191.91 8.6
1201.57 4.4
1202.64 9.6
1203.74 2.8
1204.96 4.0
1227.01 2.1
1247.79 14.0
1248.91 8.5
1277.89 2.3
1291.90 4.7
1301.51 5.4
1334.17 10.1
1345.43 1.1
1347.71 1.3
1391.40 3.3
1392.77 2.7
1413.80 2.4
1423.71 4.4
1428.08 2.7
1430.88 1.5
1438.77 15.5
1440.70 5.3
1443.02 2.7
1456.77 3.2
1467.54 1.5
1482.87 6.9
1506.34 3.6
1526.28 2.4
1562.94 4.8
1625.06 2.6
1673.22 1.5
1731.36 2.0
1811.01 5.6
1819.85 2.1
1877.80 2.3
1935.32 2.7
1946.11 3.2
1977.75 3.8
