745.4218599999999 2
107.15 1.5
108.04 3.3
111.01 4.8
112.19 20.5
115.25 1.3
116.02 1.8
120.21 2.7
121.24 3.7
122.40 1.3
128.56 15.1
129.21 40.7
130.20 25.7
131.10 11.4
134.10 6.8
136.44 4.6
138.25 3.4
144.37 3.0
145.12 1.0
147.15 59.7
148.18 20.1
149.24 10.0
151.30 1.6
152.13 1.2
155.31 4.1
157.42 20.1
158.18 21.7
162.17 1.3
163.01 7.6
167.21 10.4
171.19 2.3
173.12 2.7
175.16 1934.8
176.32 11.6
183.18 112.8
183.96 2.0
186.37 3.4
187.16 20.4
193.28 5.2
194.15 1.8
195.32 2.9
198.37 2.6
199.44 8.4
201.19 110.3
203.93 3.5
205.30 1.4
206.96 1.0
208.81 32.2
211.17 248.6
212.18 132.4
213.26 3.3
213.99 3.4
216.38 7.1
218.03 1.0
219.99 12.2
222.81 1.4
225.21 3.0
227.33 4.8
229.13 187.1
230.22 567.4
234.37 1.8
239.23 1.5
240.32 2.0
241.37 13.4
242.19 37.3
243.28 15.2
244.33 3.3
247.04 9.4
249.07 19.7
250.70 509.3
253.58 11.4
254.18 5.3
256.21 4.7
258.04 7.4
259.21 1820.6
259.98 160.9
261.21 13.2
262.32 1.7
263.05 6.6
266.30 1.8
267.25 9.9
268.27 3.4
269.24 8.6
270.63 5.7
271.29 4.3
272.38 1.7
274.11 9.7
277.23 32.8
278.27 6.0
279.14 7.8
280.16 11.8
281.57 2.6
282.25 10.6
284.10 57.8
284.91 2.6
286.22 10.8
288.27 4453.8
289.36 45.6
291.06 23.9
291.86 15.7
294.27 40.0
297.79 26.2
298.54 2.3
300.16 4.3
306.79 17.5
307.73 2.8
308.71 12.7
310.22 5.0
312.23 935.4
313.22 27.0
314.20 4.4
315.20 5.1
316.33 3.9
317.57 14.9
320.50 3.5
322.33 9.8
325.39 4.0
327.95 20.3
329.03 33.9
330.16 17.2
331.02 5.6
331.94 6.8
333.01 18.4
333.70 11.5
334.89 3.6
336.33 2.7
336.95 3.8
338.30 10.0
339.21 2.2
340.67 6.6
342.15 6.3
343.04 3.7
344.28 20.5
345.73 7.8
346.74 745.2
347.37 21.3
348.50 1.5
349.91 9.9
351.89 8.9
355.48 3412.8
356.54 137.7
357.22 755.9
358.77 16.9
360.68 18.7
362.90 11.5
364.26 13936.6
365.39 74.6
366.06 61.5
366.98 26.1
368.06 11.2
368.99 18.4
370.65 6.2
371.33 3.2
372.83 9.4
374.33 1.4
377.67 2.3
378.71 1.1
381.27 5.6
387.09 3.8
392.01 1.8
394.12 8.0
396.04 23.2
398.43 6.3
399.38 192.5
400.45 6.2
401.39 2.8
404.41 7.7
405.90 2.8
408.61 9.6
410.07 5.3
411.42 6.7
412.26 65.7
413.43 7.2
416.32 1341.4
417.37 49.2
421.00 1.5
422.15 510.2
423.28 13.3
425.33 10.6
431.47 16.1
438.46 2.7
440.20 2295.9
441.25 70.7
444.27 7.8
444.96 1.1
447.02 3.2
449.31 4.3
451.64 7.3
454.12 7.0
456.33 21.2
458.25 18.0
459.32 2.1
460.21 7.4
461.39 14.7
464.21 14.3
466.23 4.2
467.32 11.0
468.23 24.7
469.21 7.7
471.47 3.7
473.36 9.2
474.23 7.2
475.48 1.5
482.13 8.0
483.09 12.4
484.44 4.3
486.45 10.0
487.94 11.1
489.24 1.7
499.34 21.8
500.39 86.4
501.49 4.9
503.27 16.8
504.28 7.2
505.40 5.9
507.19 8.4
508.48 20.3
511.35 1.3
514.80 1.3
517.36 1046.5
518.44 25.6
519.31 2.8
520.30 1.3
525.15 164.0
526.44 5.6
528.58 2.9
532.50 6.9
535.12 8.7
536.09 25.7
537.09 15.4
537.74 2.9
544.36 2.8
546.40 15.6
550.44 1.3
553.24 2063.9
554.45 87.2
559.19 3.1
560.32 1.3
566.42 3.2
568.27 2.3
571.46 18.8
572.49 4.1
576.41 8.8
580.98 36.8
581.91 5.0
588.50 6.4
590.68 1.9
596.04 7.6
598.62 3.9
608.26 4.6
609.43 5.3
612.31 3.8
614.23 3.7
615.27 6.1
616.66 2.7
632.70 9.2
633.56 7.8
643.46 4.3
703.95 4.3
709.40 1.0
710.66 5.7
724.28 4.3
727.89 1.4
741.29 7.9
745.75 5.1
754.65 1.1
