1373.69231 2
194.03 1.1
198.10 5.0
199.27 4.8
211.42 7.0
212.26 3.2
213.18 6.7
216.42 5.7
217.25 4.2
219.00 1.3
228.29 26.1
229.99 17.5
234.31 17.5
236.40 5.0
237.09 1.9
239.14 2.9
242.71 5.7
244.30 1.4
247.14 2.8
248.16 1.7
251.27 11.9
254.16 1.4
256.32 1.0
257.17 1.9
260.68 3.6
261.36 1.6
263.29 3.8
264.28 1.2
265.16 2.2
265.82 1.5
269.13 2.4
270.37 1.3
272.22 1.6
274.04 4.2
283.25 6.1
284.35 5.6
289.90 1.4
291.37 5.9
294.16 1.4
295.21 3.6
295.95 3.6
301.38 6.6
308.32 5.1
309.30 8.9
310.28 2.1
312.21 1.3
312.93 2.1
317.05 4.2
319.22 2.1
324.03 4.7
325.23 18.7
326.30 30.7
327.74 8.3
328.38 1.5
329.41 1.6
330.39 3.3
331.05 4.0
334.92 5.2
338.38 4.8
340.20 1.2
341.09 2.9
341.98 8.0
343.19 76.8
344.27 50.7
345.38 32.2
346.51 4.4
348.30 2.8
352.36 3.2
354.23 6.8
355.25 20.4
356.07 2.9
357.22 5.9
358.14 13.7
361.50 3.7
362.37 84.5
363.31 6.5
366.45 6.4
368.25 3.1
370.37 14.9
371.13 1.9
375.31 9.1
376.25 4.2
385.11 4.3
390.09 6.2
393.38 10.6
395.20 1.8
396.04 2.4
397.25 2.1
407.97 1.5
409.33 8.3
410.60 4.8
411.33 36.1
412.35 4.8
414.00 4.4
415.42 1.7
420.52 1.5
421.21 2.7
423.14 5.0
426.41 5.0
428.30 19.3
429.10 10.8
430.14 7.2
431.10 8.1
432.07 30.8
433.37 4.8
435.27 11.3
435.92 1.6
437.07 7.5
438.37 12.7
440.24 4.6
441.12 5.1
442.20 7.5
445.21 3.2
447.29 5.3
448.42 4.0
450.30 1.6
451.45 3.7
453.31 4.9
454.68 30.6
456.22 45.3
457.39 6.9
458.38 26.2
459.73 5.0
461.11 3.6
462.31 14.9
463.28 9.5
464.10 1.3
469.31 2.0
472.24 75.2
473.39 61.3
474.30 18.7
475.22 11.1
476.11 27.1
477.05 6.5
478.21 4.2
481.46 2.3
482.44 3.1
483.22 1.6
485.41 2.5
486.11 2.4
486.88 2.7
488.30 4.5
490.33 97.2
491.50 13.8
492.19 1.7
493.47 5.5
495.49 3.9
496.11 6.3
497.03 3.9
498.34 2.2
501.75 2.5
504.28 1.2
505.57 9.7
507.18 3.2
508.01 9.5
509.51 1.6
511.33 6.1
513.52 6.0
515.53 2.7
516.93 8.6
520.98 1.7
522.20 2.6
523.11 1.5
524.29 7.5
525.13 8.4
525.77 3.5
526.46 4.5
527.37 10.8
531.51 5.7
532.42 6.2
533.27 4.0
534.10 1.4
536.19 4.5
537.17 4.8
540.28 15.1
541.71 2.2
542.66 13.8
543.44 4.0
546.63 3.4
547.35 1.4
548.13 3.4
549.13 4.4
550.28 13.7
551.54 4.6
552.38 6.6
553.33 4.8
555.27 25.5
556.17 8.4
557.68 11.9
559.17 4.1
561.41 2.4
562.03 6.3
563.41 8.9
564.78 5.7
565.55 4.1
566.87 10.3
567.55 16.3
568.45 14.6
569.33 25.0
570.47 5.1
572.40 7.4
573.18 34.0
574.12 5.2
577.85 14.1
580.80 10.2
581.65 3.2
584.52 5.4
585.44 37.4
586.25 20.1
587.28 6.6
588.12 6.4
590.39 4.5
591.27 7.4
593.90 10.3
594.86 5.1
595.49 5.6
598.54 5.8
601.10 4.8
602.28 1.6
603.41 126.2
604.44 25.8
605.23 4.2
606.54 11.9
607.28 4.3
608.41 2.0
613.78 12.5
615.12 3.4
616.14 2.3
618.92 18.2
620.43 7.0
622.28 10.1
623.25 16.3
624.33 2.8
625.03 3.1
626.60 6.7
627.47 14.0
629.16 14.6
630.27 8.7
631.13 9.6
632.20 9.1
633.43 5.7
634.71 29.3
635.79 12.3
637.17 5.2
638.59 3.4
639.41 6.2
640.23 29.5
641.05 6.8
642.58 13.2
643.41 9.8
644.25 6.7
645.31 5.9
646.94 22.4
647.80 9.2
649.16 29.8
650.19 5.5
651.87 33.9
652.80 12.8
654.14 11.1
655.84 28.5
657.07 39.4
657.71 15.9
658.62 9.6
659.34 19.9
660.73 21.7
661.59 8.3
663.39 13.6
664.41 12.6
665.33 36.7
666.26 13.3
668.68 36.1
669.40 268.6
670.10 188.8
670.90 9.0
672.61 29.7
674.41 102.5
675.58 51.6
678.22 14.5
678.97 8.5
679.60 9.8
688.79 5.2
692.55 1.2
693.34 1.5
697.09 3.2
700.48 4.7
701.72 3.7
705.52 4.0
707.29 4.4
708.47 7.3
713.67 1.0
715.22 2.1
720.91 6.4
725.27 3.2
726.37 6.4
728.49 4.0
736.31 12.5
737.28 5.7
738.40 15.1
740.88 2.0
742.28 10.2
743.58 3.6
746.64 3.6
748.06 1.4
749.39 1.6
752.71 28.8
753.38 25.5
754.36 24.9
755.32 17.8
759.90 5.7
761.41 1.2
762.80 4.8
763.74 4.2
767.23 7.1
769.71 6.6
771.31 32.9
772.55 16.4
773.56 4.5
775.64 8.3
777.29 2.1
781.47 14.8
783.42 10.8
784.62 7.9
785.46 11.2
786.39 4.4
787.13 8.3
789.54 270.4
790.56 97.9
791.96 5.7
795.34 8.9
796.58 6.6
802.53 7.1
808.44 10.6
816.76 7.4
818.46 3.6
820.51 4.1
821.59 17.2
822.75 4.7
824.61 3.8
825.34 2.0
826.57 5.1
827.33 5.8
827.95 3.2
831.21 7.0
833.84 6.4
835.48 6.3
839.43 1.2
840.35 3.3
842.05 10.4
843.57 2.6
844.39 7.0
845.85 16.6
848.63 23.6
849.54 9.7
850.34 2.4
851.10 10.5
853.15 1.7
854.58 1.4
856.31 6.3
857.57 7.2
860.50 20.3
861.33 15.7
866.34 25.3
867.43 54.9
868.48 7.8
871.32 2.4
872.38 7.6
873.98 9.2
877.79 8.7
879.57 1.8
880.55 13.4
881.29 1.3
882.22 1.2
884.49 50.7
885.45 7.4
894.04 3.0
898.35 3.4
899.65 3.4
900.37 20.5
901.43 31.7
905.31 2.0
907.44 3.9
911.71 8.5
913.46 7.0
914.64 4.4
918.47 277.1
919.52 76.9
920.18 2.3
921.47 4.7
923.49 7.1
924.55 7.3
927.64 10.8
931.47 5.7
932.35 4.0
935.75 1.9
937.66 1.6
940.92 4.0
942.68 1.4
943.58 2.0
946.48 2.6
959.68 1.4
965.53 3.8
966.33 3.7
967.04 4.5
969.69 1.3
974.99 8.4
976.64 1.7
977.44 8.2
978.53 9.6
979.47 3.1
981.47 3.7
990.57 2.0
993.56 3.2
994.65 13.8
995.55 27.4
996.62 13.0
998.31 4.6
1005.27 4.1
1008.37 2.6
1009.00 4.3
1010.61 2.4
1011.40 4.1
1012.42 46.3
1013.49 13.0
1014.57 14.5
1015.50 3.0
1027.38 3.6
1029.58 1.7
1031.54 58.2
1032.62 41.5
1034.74 1.5
1039.81 3.2
1055.54 2.1
1064.74 2.0
1073.18 7.3
1074.01 2.2
1088.48 3.8
1096.57 3.9
1105.33 2.2
1106.02 4.7
1113.48 4.0
1122.70 8.0
1123.46 16.1
1125.30 8.1
1126.38 2.3
1127.64 2.9
1128.68 4.8
1129.68 6.8
1135.13 11.7
1139.39 3.2
1140.57 54.8
1141.71 5.2
1143.61 6.1
1144.46 2.4
1145.91 5.1
1146.68 105.3
1147.81 30.4
1154.97 1.7
1169.19 2.2
1174.39 2.2
1175.38 2.7
1176.39 2.9
1182.63 1.1
1184.62 2.5
1192.20 3.6
1193.51 2.8
1194.78 2.5
1196.46 1.7
1197.45 4.9
1201.09 3.9
1209.24 4.0
1209.88 6.8
1210.69 13.5
1227.43 25.9
1228.70 6.0
1230.68 4.4
1245.42 1.8
1260.68 3.7
1261.66 4.7
1270.67 2.9
1271.84 5.5
1272.52 3.6
1336.63 1.8
