1254.58354 2
175.05 6.2
179.42 2.1
182.32 2.4
183.16 1.5
188.22 1.7
193.08 1.1
195.32 1.3
196.17 4.1
197.36 6.1
199.20 1.5
206.10 1.3
210.21 2.7
211.04 11.8
213.12 8.5
214.02 6.4
216.26 2.9
219.35 2.2
223.23 5.0
224.67 2.1
226.18 5.8
227.12 2.8
229.25 4.3
230.09 4.1
232.21 2.9
234.28 1.5
237.30 1.2
240.01 3.3
241.10 4.0
242.04 4.3
244.35 4.9
245.19 6.8
246.06 3.8
250.09 7.0
251.14 2.7
252.40 7.7
254.31 19.4
257.11 4.1
259.30 13.3
262.40 5.0
264.24 3.0
268.07 1.2
269.31 3.2
270.23 1.2
271.26 17.7
272.15 5.0
278.28 2.5
281.18 3.1
282.46 1.2
286.32 3.2
287.18 2.2
288.34 18.8
290.52 2.6
292.98 4.2
294.28 1.4
296.28 4.7
297.32 2.1
298.22 20.3
300.24 2.3
301.39 2.3
302.48 4.6
303.25 3.3
305.27 3.3
306.24 5.5
308.19 8.0
309.29 1.8
310.28 11.9
313.33 5.4
316.42 4.2
317.33 3.0
319.24 5.0
320.15 2.6
321.26 2.9
322.05 2.4
323.29 2.8
324.38 8.4
325.28 8.6
326.37 10.4
327.49 3.2
331.20 2.2
332.54 8.5
337.18 2.1
338.08 17.3
339.29 12.8
340.15 1.7
341.27 9.8
345.08 1.6
348.38 1.7
352.30 8.1
353.38 5.7
354.38 7.3
355.35 6.2
356.31 1.5
357.33 14.9
358.26 31.0
361.24 8.0
364.19 4.0
365.36 2.4
367.17 25.1
368.36 5.5
369.07 7.1
370.20 5.6
375.21 19.1
376.20 6.7
378.38 4.1
379.04 4.0
382.30 12.1
383.13 24.7
384.35 1.7
385.37 4.1
386.10 6.8
387.14 10.7
388.18 2.7
389.37 18.8
390.24 2.0
394.25 32.4
395.13 6.4
395.98 6.9
397.26 4.2
399.29 3.4
400.52 7.8
401.48 11.2
402.47 3.3
403.38 7.3
404.19 4.4
408.17 4.3
409.03 1.1
411.71 8.4
412.46 2.9
413.66 6.7
414.45 12.7
415.91 1.8
418.24 88.9
419.68 13.1
420.36 2.2
421.15 3.1
423.37 1.8
424.17 3.5
425.07 6.2
426.53 4.4
428.51 1.7
429.35 2.6
431.15 5.1
431.85 1.9
433.07 8.2
434.14 10.1
435.36 10.1
436.36 3.1
437.47 34.3
438.60 9.2
440.33 2.5
441.26 14.6
442.24 6.7
443.46 6.5
446.89 12.2
448.07 15.4
449.32 11.4
450.30 7.6
451.15 30.8
452.46 43.5
453.37 6.1
454.53 15.2
455.31 16.5
456.24 1.9
457.21 4.7
461.73 4.7
463.16 2.6
466.10 25.3
466.78 1.8
467.82 2.5
469.35 14.1
470.38 15.0
471.71 13.9
472.32 9.1
473.24 14.0
474.24 3.0
475.68 13.5
477.42 3.5
478.31 1.9
480.16 4.4
481.39 16.4
482.17 1.7
483.09 10.9
486.93 3.4
488.23 7.4
489.63 16.1
490.44 9.4
491.64 24.1
493.44 2.7
494.55 37.1
495.40 11.7
497.94 14.8
499.66 9.7
501.51 1.1
508.72 6.2
509.70 15.1
512.25 6.6
513.31 23.1
514.13 11.3
515.37 12.2
516.53 12.8
517.31 3.9
518.42 14.5
519.17 12.8
522.86 7.6
524.10 1.8
525.26 8.5
526.30 2.4
527.25 26.7
529.03 11.1
530.53 2.3
531.69 10.4
532.65 5.5
533.45 4.2
534.50 3.2
535.33 9.6
536.29 10.9
537.20 1.2
538.25 18.5
539.26 7.2
541.33 71.1
542.02 45.5
543.45 6.0
544.06 6.3
545.03 7.7
546.86 13.3
547.58 16.1
549.71 1.5
550.53 1.6
553.03 24.1
554.33 4.5
555.86 44.1
556.52 1.9
557.32 5.5
558.57 21.2
559.43 11.2
560.52 17.3
562.44 17.2
563.45 5.3
564.60 22.9
565.32 16.6
566.52 3.7
568.23 32.2
569.38 9.2
571.03 3.1
571.65 2.2
572.60 11.7
573.64 10.3
574.51 2.9
575.39 8.8
576.14 21.2
577.44 16.2
578.37 16.1
579.96 33.0
581.06 17.7
582.86 26.5
583.69 14.5
584.37 12.0
584.97 7.6
586.73 24.4
587.81 5.1
588.78 44.8
589.47 19.7
591.15 7.9
592.18 40.8
593.39 48.8
594.46 55.3
595.35 100.0
596.23 19.5
597.06 18.1
597.89 39.7
598.52 6.4
600.49 13.8
601.27 44.6
604.00 245.1
605.03 42.5
605.94 25.8
606.94 36.2
607.78 4.8
609.70 196.8
610.42 578.8
611.45 104.5
612.98 295.2
614.07 13.7
615.37 6.2
616.21 13.9
618.98 642.2
619.86 50.1
627.57 4.3
634.31 5.9
638.61 5.9
639.54 10.3
648.39 1.7
649.52 6.5
651.43 10.3
655.42 3.3
656.42 2.9
661.09 2.8
661.73 2.6
664.59 2.5
670.26 1.2
674.15 1.1
676.47 6.9
679.41 12.4
680.57 1.6
681.50 2.1
690.27 2.4
694.51 2.2
697.38 12.7
698.30 1.7
700.34 7.5
708.13 7.9
709.53 14.8
719.64 1.1
722.40 2.7
726.42 10.2
730.31 3.6
735.08 11.0
735.82 1.1
737.38 9.4
738.53 24.1
739.46 1.9
740.46 3.0
746.56 4.5
747.72 5.7
748.40 9.8
755.80 11.9
758.49 1.3
760.83 1.7
764.56 7.9
765.61 39.4
766.41 36.4
767.51 9.1
768.41 1.8
769.29 3.8
771.49 3.2
774.43 6.6
775.43 2.0
776.64 7.8
785.31 4.7
786.13 2.4
791.34 2.1
792.51 1.3
793.63 5.0
795.35 12.6
796.33 4.6
803.86 15.2
804.61 3.7
805.45 4.5
806.66 3.0
808.48 7.6
809.86 4.9
810.61 2.0
818.02 11.5
819.39 6.2
822.51 22.9
823.58 10.8
824.43 2.8
834.50 7.0
836.54 3.6
841.32 10.3
842.49 11.1
843.47 1.9
844.44 5.8
845.28 4.1
847.40 2.5
848.56 2.9
850.00 2.7
851.54 11.9
852.55 24.5
853.86 1.9
854.55 5.3
855.47 2.4
860.59 7.0
861.57 7.3
862.40 4.2
865.38 7.0
866.57 7.2
868.55 2.7
869.78 8.7
873.19 9.2
876.48 3.4
877.82 1.4
879.41 16.7
880.42 48.6
881.47 7.4
883.46 1.7
884.81 2.2
886.98 2.9
889.22 4.1
892.44 2.7
896.29 1.5
897.32 8.2
898.44 51.7
899.51 5.8
902.56 3.8
905.64 2.2
910.42 3.0
913.43 5.7
917.58 10.5
918.30 3.4
919.67 4.1
920.43 2.2
921.15 4.2
922.52 28.2
923.59 6.6
924.62 9.3
926.52 1.8
927.38 2.0
931.30 1.6
935.70 2.5
936.53 25.2
937.44 8.9
938.55 1.7
939.45 28.8
940.59 10.6
941.29 2.4
947.45 1.4
949.25 69.7
950.48 18.8
953.36 7.5
955.66 1.3
959.59 1.1
965.74 1.2
966.37 2.0
967.44 133.6
968.44 28.8
969.47 1.3
979.51 14.9
980.58 2.2
981.31 8.6
985.47 15.0
986.96 2.1
990.39 3.3
993.46 15.1
994.43 10.1
1004.26 1.4
1004.88 3.1
1011.04 5.4
1011.71 1.7
1016.94 1.4
1018.49 4.8
1019.57 3.0
1022.56 9.4
1023.61 10.9
1024.73 2.3
1028.51 1.1
1029.13 1.1
1031.36 5.5
1034.59 10.7
1035.59 10.8
1036.44 10.5
1037.55 13.9
1038.90 3.9
1040.33 6.2
1044.68 3.5
1048.87 3.8
1050.49 26.1
1052.51 260.2
1053.65 95.8
1054.72 9.9
1055.51 2.7
1057.96 1.2
1062.08 5.1
1062.82 14.9
1063.63 6.0
1066.70 5.1
1067.41 2.6
1068.58 5.7
1070.45 4.8
1079.60 12.9
1080.51 96.2
1081.39 54.1
1091.32 1.6
1093.73 11.8
1094.54 3.2
1097.81 15.4
1098.60 63.3
1099.62 56.7
1100.62 3.2
1116.81 3.0
1125.57 2.8
1126.58 12.0
1150.56 2.5
1152.16 3.8
1232.82 6.0
