1207.72771 2
175.21 1.5
176.21 1.9
177.30 8.5
184.15 2.3
185.09 1.4
188.40 1.6
198.38 1.5
199.23 11.7
201.92 2.9
205.33 3.0
216.04 4.9
219.97 2.0
221.17 27.2
223.35 4.5
224.21 11.2
226.48 2.1
227.35 4.9
232.01 8.6
233.15 2.6
234.13 8.8
236.08 1.6
239.30 1.7
241.28 5.0
243.22 14.2
245.13 3.2
248.21 2.3
249.31 2.6
254.71 2.1
258.15 3.7
259.30 2.7
261.09 2.7
263.15 1.1
265.15 8.2
266.07 1.5
267.35 7.1
271.08 4.1
274.31 9.7
275.05 4.2
276.08 5.0
278.27 2.1
279.34 1.2
281.18 1.1
282.46 4.0
285.32 2.9
286.27 3.9
287.22 6.4
289.29 4.2
290.26 2.7
295.11 5.4
296.31 3.5
298.08 1.9
303.11 1.9
304.22 3.8
305.20 19.5
306.27 29.1
308.20 4.3
309.23 11.6
311.43 1.4
313.05 1.6
316.31 4.2
318.10 8.8
319.10 5.6
320.38 9.6
321.22 22.4
322.21 8.2
323.29 10.0
324.36 1.0
327.22 7.3
329.43 4.6
330.28 7.0
330.92 1.9
332.14 6.0
336.08 1.7
338.04 4.4
341.09 1.7
346.67 1.2
347.59 5.1
349.95 1.8
350.93 3.6
352.17 8.3
353.21 10.7
354.17 9.2
355.34 10.0
357.09 2.5
357.85 4.2
359.23 8.8
360.05 16.2
361.19 9.7
362.31 10.1
363.43 4.5
364.26 2.2
365.21 5.5
366.08 4.4
368.20 2.6
369.22 10.2
370.03 20.4
371.36 12.3
372.24 1.3
373.35 1.4
376.41 4.1
378.45 3.3
379.33 1.1
380.17 2.1
381.68 11.4
382.32 1.5
383.28 2.6
384.23 1.3
385.12 2.5
386.40 1.2
387.21 5.7
391.36 17.9
392.15 24.6
393.29 37.7
394.10 14.1
395.25 6.1
396.23 7.1
397.34 5.1
399.37 6.5
401.27 7.0
402.56 6.5
403.96 3.9
405.38 3.1
407.09 2.2
408.03 1.8
410.20 13.9
411.11 2.6
412.15 2.1
414.36 11.0
415.25 3.8
416.26 21.4
417.15 7.4
419.27 1.5
424.34 7.5
425.16 3.2
426.92 11.0
428.12 3.5
430.20 2.8
431.37 2.3
436.33 1.8
437.37 4.2
439.34 1.9
440.70 2.3
441.33 11.1
442.33 11.1
443.22 2.5
444.08 5.2
445.25 2.5
447.54 5.1
450.17 2.5
450.77 1.6
452.05 2.2
455.02 10.1
456.37 7.1
459.12 15.7
460.32 1.5
461.56 2.2
463.40 4.5
466.24 2.5
467.47 2.6
468.50 12.8
469.26 7.7
470.29 12.0
471.19 4.2
472.07 1.6
473.38 10.2
474.24 3.2
475.18 1.4
476.65 8.8
478.38 1.7
479.24 3.5
481.24 1.4
485.14 18.7
486.35 2.6
489.13 6.7
490.11 34.8
491.21 16.3
492.41 3.5
494.18 20.0
495.29 5.4
496.31 2.3
497.52 3.8
498.23 10.6
500.94 8.4
501.81 2.7
503.43 7.1
504.33 5.4
505.23 2.5
506.32 6.3
507.38 5.8
508.32 3.2
511.14 2.2
512.51 9.6
514.38 5.8
515.30 2.3
516.20 17.6
517.25 3.0
518.08 1.4
519.34 2.0
520.27 1.9
522.28 10.7
524.10 13.4
525.24 7.9
527.57 6.6
528.49 1.7
529.38 16.5
530.24 26.8
531.05 21.1
533.35 4.8
535.60 3.0
536.47 2.9
538.29 8.7
539.34 1.9
540.26 9.5
541.30 5.7
542.54 3.9
543.40 3.6
544.60 8.6
545.30 14.3
546.13 7.0
547.47 22.3
548.38 12.7
549.03 11.8
550.19 12.3
551.42 14.4
554.25 5.8
556.45 10.9
557.45 4.5
558.38 18.4
559.38 9.6
560.26 18.8
561.21 24.3
568.43 22.0
569.43 8.3
571.03 10.2
573.71 2.9
574.90 1.9
575.88 4.6
576.84 5.5
577.79 5.9
582.53 11.1
586.20 151.7
587.18 127.2
588.36 30.7
591.56 8.9
595.27 9.7
596.13 4.7
596.87 2.8
603.75 3.9
617.61 2.4
622.83 3.8
636.35 3.8
642.11 1.3
685.27 1.9
699.33 3.6
700.09 5.1
711.05 2.2
719.82 1.4
723.21 1.6
724.67 1.6
734.20 3.5
738.86 1.9
744.52 1.9
767.57 6.2
768.50 1.1
782.58 2.1
793.64 11.7
807.57 1.3
811.47 15.1
821.29 3.4
837.10 2.4
855.64 21.5
856.56 2.3
881.20 5.5
899.54 9.4
905.26 1.4
906.48 1.5
943.26 11.7
944.38 13.3
988.57 3.2
1031.56 2.9
1032.31 2.2
1075.37 4.6
1185.76 18.3
1187.05 9.7
1187.96 1.8
