1763.73601 2
252.15 1.3
272.15 1.8
288.29 6.2
310.24 4.4
325.09 3.1
326.30 3.5
327.43 2.1
328.29 2.6
332.23 3.5
337.13 1.2
338.46 2.9
345.23 4.3
357.74 3.4
358.40 2.9
376.38 2.7
381.10 2.3
390.17 1.2
393.55 1.9
394.33 1.4
395.22 2.7
399.31 1.7
400.36 2.2
404.41 2.1
405.13 2.0
406.21 3.5
413.42 2.1
417.23 2.8
418.23 1.5
419.23 3.0
429.33 1.5
430.29 1.6
432.29 2.0
434.40 5.1
436.15 2.7
452.33 2.5
455.35 2.3
462.08 2.3
463.11 4.9
464.56 6.3
466.31 2.0
469.44 2.0
470.35 3.5
471.35 2.8
473.19 9.9
480.49 1.2
481.24 6.9
482.20 15.7
484.25 6.3
485.30 2.0
490.50 11.0
495.27 3.5
499.47 4.4
500.36 5.8
503.05 2.2
510.33 14.0
511.25 7.0
511.91 1.3
530.00 6.5
539.24 2.5
541.07 1.3
550.88 3.5
558.59 4.7
559.47 1.5
564.28 3.3
566.20 8.4
567.21 1.5
578.12 6.3
581.39 2.3
582.01 1.8
585.41 3.4
593.57 1.8
594.31 5.7
596.57 3.6
597.49 9.1
602.36 4.1
608.26 1.7
612.00 1.7
616.36 7.2
624.43 16.3
625.28 5.8
626.95 6.4
629.35 3.3
634.32 11.7
635.20 2.4
638.45 1.2
639.85 5.6
647.23 1.1
652.94 10.2
654.02 10.5
656.35 3.5
663.42 4.7
665.46 1.1
669.55 2.8
672.50 4.9
677.31 1.9
681.64 3.7
686.35 7.2
687.03 1.5
688.82 2.6
689.73 2.7
691.17 10.1
691.83 7.0
696.51 2.8
698.10 2.2
702.38 3.3
704.00 8.7
710.86 1.4
711.53 1.8
712.14 1.5
713.26 1.8
716.45 2.1
717.17 1.2
718.39 9.5
721.43 2.9
725.33 15.5
726.54 1.6
733.80 3.7
735.70 1.2
738.69 4.5
739.58 2.2
744.85 7.3
746.74 4.8
747.59 1.7
751.68 3.4
752.37 1.2
754.02 11.6
755.57 3.1
760.71 3.9
762.14 6.0
764.44 15.0
768.97 1.4
773.19 9.5
774.85 1.0
781.04 3.3
781.87 4.9
788.56 2.5
789.86 4.8
790.60 1.0
794.98 14.6
796.44 2.8
797.52 4.0
799.48 2.4
801.38 1.1
802.41 1.5
806.46 2.8
807.72 3.0
808.52 14.5
812.54 3.5
814.71 2.1
816.67 20.2
817.45 4.7
818.23 4.8
820.50 8.2
823.16 2.2
824.60 12.9
828.44 1.7
829.15 8.2
831.45 2.5
832.52 1.7
834.49 12.1
836.54 2.2
837.84 3.1
838.58 2.4
840.90 11.3
843.27 3.2
844.00 5.0
845.06 3.2
846.36 4.9
848.12 10.0
849.85 16.9
852.68 2.5
853.90 11.4
854.61 1.9
855.32 20.0
856.64 10.5
857.44 6.5
858.66 77.3
860.48 4.4
862.26 3.6
864.43 74.8
865.16 109.0
867.54 57.8
868.28 26.9
870.77 4.9
873.24 19.0
873.89 29.1
891.68 4.1
906.65 2.7
911.47 7.2
912.99 1.2
916.79 1.6
922.58 4.0
930.84 13.3
931.59 4.0
936.43 2.2
937.17 5.3
942.57 2.2
948.36 2.2
951.70 4.8
953.56 1.4
968.74 12.6
969.53 4.2
972.47 1.4
974.49 1.9
978.42 9.7
981.42 3.1
987.49 21.7
995.28 2.0
1001.22 1.4
1005.42 1.2
1015.69 4.3
1022.58 3.1
1023.56 2.3
1025.48 1.4
1026.47 6.7
1028.29 3.7
1030.34 7.4
1031.35 1.6
1035.76 2.3
1045.49 7.1
1046.55 3.0
1056.93 5.1
1057.84 1.8
1065.52 2.6
1070.71 3.5
1074.19 29.1
1074.93 10.8
1075.61 15.5
1087.55 1.8
1089.53 1.9
1090.67 6.5
1092.63 6.5
1093.41 1.1
1094.53 5.3
1095.42 3.3
1102.49 5.8
1103.63 4.4
1109.55 3.8
1112.64 10.3
1116.58 2.5
1117.65 19.6
1118.52 2.5
1124.60 2.5
1130.29 10.4
1148.72 5.3
1150.28 1.5
1151.15 4.8
1167.41 1.0
1170.59 1.7
1178.39 1.7
1187.81 6.0
1189.66 3.6
1193.09 1.2
1199.42 1.9
1200.51 4.5
1205.22 6.0
1207.87 15.4
1217.70 4.3
1218.37 7.6
1220.88 3.7
1235.42 3.7
1247.11 2.2
1248.43 3.9
1274.74 11.0
1275.84 3.9
1286.72 1.7
1288.57 2.5
1293.37 5.0
1294.11 2.8
1294.90 1.4
1299.45 1.8
1303.94 2.8
1313.51 1.7
1327.62 2.0
1331.68 8.9
1334.69 2.2
1350.42 2.2
1353.58 3.4
1360.67 3.2
1361.54 4.1
1369.70 1.9
1370.78 3.6
1374.80 5.3
1388.79 13.1
1389.75 5.7
1401.36 2.0
1406.78 13.4
1446.32 6.0
1448.70 3.2
1457.63 5.3
1458.93 8.1
1475.66 6.5
1476.43 8.5
1502.87 1.0
1505.81 4.0
1510.58 4.3
1532.51 2.9
1547.92 1.2
1553.55 7.8
1563.24 2.4
1572.44 5.4
1573.73 3.4
1576.77 1.2
1589.60 11.7
1590.64 3.7
1607.75 18.9
1609.13 3.0
