1193.61772 2
170.97 1.8
175.13 18.4
176.21 1.6
182.20 5.4
196.20 5.5
197.26 8.4
198.41 2.5
200.30 14.1
202.21 131.8
203.07 9.1
205.30 1.4
207.22 10.8
209.26 3.6
210.07 17.4
213.05 2.3
215.04 27.0
216.33 7.0
217.28 5.2
220.18 27.1
221.88 1.3
223.21 2.3
225.29 5.4
226.31 4.9
227.31 4.1
230.04 2.4
232.22 241.3
233.43 3.4
235.19 11.1
236.23 6.4
237.15 1.1
238.10 1.2
242.29 13.0
243.22 10.8
246.16 1.3
247.14 11.6
248.23 1.2
249.29 7.7
250.12 2.1
252.27 1.0
254.13 3.8
255.10 2.0
257.18 1.8
259.13 22.6
263.18 9.1
265.15 286.3
266.15 13.0
268.16 2.5
274.30 10.7
275.21 15.1
276.20 32.2
277.28 2.1
282.30 3.2
285.52 1.3
287.24 7.5
288.21 6.7
289.16 2.1
290.95 4.3
293.11 499.0
294.34 40.9
296.23 7.4
300.18 1.2
302.22 2.0
303.27 4.1
304.03 4.6
305.20 7.8
307.21 1.5
308.00 11.4
308.68 2.6
310.22 3.5
311.56 9.0
313.40 2.3
314.22 4.0
319.23 22.6
320.11 4.6
322.07 2.3
324.54 5.4
325.97 1.8
328.06 4.1
329.14 7.2
331.32 270.3
332.30 18.9
333.34 2.1
335.54 5.1
337.31 4.8
338.15 5.6
339.40 3.0
341.09 5.7
342.22 5.0
343.20 6.1
344.36 10.2
346.09 4.1
347.11 11.1
349.33 2.9
353.14 60.6
354.16 10.2
355.38 4.7
358.38 2.4
359.15 2.4
360.45 5.3
361.09 5.5
361.87 12.0
363.19 2.6
371.31 17.3
372.19 41.0
373.29 8.5
374.61 8.5
375.25 3.1
376.04 1.4
379.40 2.2
380.29 1.8
381.36 2.2
381.96 1.1
383.23 17.6
386.20 7.9
387.16 3.6
387.77 6.0
388.37 13.2
389.86 6.0
390.55 4.4
393.11 13.2
394.25 5.4
394.93 6.9
397.05 3.0
399.37 1.4
401.15 3.6
402.11 2.4
404.21 27.6
405.40 4.7
406.27 2.0
407.16 2.3
411.34 1.5
413.24 2.2
414.35 8.6
415.25 9.5
416.27 2.1
417.27 2.8
420.33 4.6
422.20 333.3
423.17 35.9
424.27 2.3
424.95 3.8
427.11 1.6
429.00 1.2
430.73 3.7
432.29 1122.2
433.38 101.9
434.46 1.4
435.36 5.5
436.26 8.7
438.27 5.1
439.22 6.8
442.42 2.4
443.54 4.7
447.85 9.7
449.08 5.1
451.49 21.7
452.32 29.6
453.25 12.8
456.71 12.0
458.25 13.1
459.49 2.2
460.42 5.8
461.38 3.5
462.44 2.3
464.20 3.1
466.29 13.3
467.83 7.9
469.22 8.2
470.35 10.9
471.38 5.8
472.55 14.6
473.34 3.7
474.36 9.5
476.07 30.8
479.89 17.6
480.84 2.6
482.26 18.2
483.16 16.8
484.08 5.5
486.55 11.3
487.22 3.7
488.10 8.1
489.55 25.6
490.29 7.2
495.12 5.9
498.26 38.0
499.04 20.3
500.48 13.2
501.19 14.2
503.05 91.9
503.89 14.5
504.93 22.5
505.68 10.4
507.12 93.1
508.60 17.7
509.38 2.3
510.26 2.7
512.94 233.7
514.83 19.7
516.22 32.1
517.32 44.0
518.37 46.9
519.01 65.2
520.10 20.8
521.04 59.4
523.08 50.7
523.88 12.8
525.10 4.9
526.50 17.9
528.53 2.0
529.48 12.7
531.37 856.5
532.37 102.4
533.20 14.3
534.64 23.0
535.27 325.9
536.39 56.0
537.08 13.4
538.56 30.3
539.29 15.8
540.03 4.2
540.73 5.3
541.74 19.1
542.64 2.6
543.83 12.0
546.71 11.6
548.08 7.4
548.86 11.3
550.60 3.9
551.74 5.2
552.49 22.9
553.44 37.8
555.21 7.3
555.98 1.6
557.43 35.5
558.79 21.2
559.44 6.5
561.10 9.2
562.34 36.9
563.87 32.3
565.06 5.1
566.41 44.1
567.50 33.4
568.51 8.3
569.66 12.7
570.41 26.5
571.31 21.0
573.44 15.5
574.88 35.0
575.56 48.9
576.82 10.4
577.56 7.2
579.29 316.7
580.02 210.0
581.30 64.6
582.03 2.1
582.82 1.7
584.89 61.4
585.56 39.8
586.77 2.8
587.64 22.9
588.71 90.3
601.27 2.5
603.18 1.2
604.25 1.5
605.26 2.9
608.55 4.9
611.27 10.5
614.18 3.3
615.40 12.9
616.30 18.8
617.22 13.0
618.37 14.8
619.41 3.7
621.12 8.5
622.33 2.4
624.31 8.5
625.30 43.0
625.96 42.6
627.65 9.5
628.48 3.5
629.98 8.5
631.18 10.0
632.27 30.8
633.75 31.8
634.41 59.1
635.39 38.8
637.31 72.0
638.46 36.2
639.34 11.9
641.46 30.5
642.45 58.8
643.48 8.9
644.49 6.2
645.27 77.3
646.43 58.0
647.24 5.2
648.09 17.8
649.58 4.7
651.43 7.3
652.31 12.9
653.07 8.1
654.07 123.1
655.02 9.5
655.82 6.3
659.40 976.8
660.57 142.4
662.21 10.7
663.38 168.6
664.43 27.5
667.60 2.3
671.00 2.0
673.73 4.2
674.50 6.4
675.24 3.0
677.41 3.1
681.12 1.3
683.47 2.3
688.30 2.0
693.37 1.7
694.12 1.9
695.57 2.6
699.35 2.8
700.31 3.4
701.54 4.4
704.33 4.3
705.64 4.2
707.15 1.2
708.23 17.3
709.11 10.9
710.44 11.9
715.41 1.0
716.57 3.4
717.38 56.2
718.14 7.1
720.42 2.1
721.37 8.2
725.13 7.0
725.89 11.8
727.32 26.2
730.36 3.5
732.76 4.0
734.27 96.7
735.09 48.8
736.21 13.4
737.56 4.5
738.54 1.1
740.34 1.5
744.42 63.1
745.39 23.6
746.21 7.2
748.21 3.6
750.47 2.7
751.85 7.8
753.39 18.2
754.50 17.5
755.48 17.8
756.49 1.9
762.33 427.8
763.44 104.7
764.12 1.2
765.37 15.5
766.53 13.7
767.64 5.4
768.48 32.5
769.91 6.9
772.54 571.8
773.55 81.7
774.48 4.1
777.63 217.5
778.50 80.4
781.26 5.6
782.30 17.6
782.91 12.2
786.19 4.4
787.30 2.7
787.99 7.0
789.41 9.5
790.13 12.9
792.44 10.3
793.58 1.0
795.46 8.6
799.67 2.5
800.87 3.0
801.60 1.6
802.57 1.2
803.40 8.5
807.48 4.0
813.19 11.0
813.91 2.1
816.53 3.5
817.47 3.5
818.31 16.6
819.52 5.9
821.26 54.3
822.24 18.7
824.17 3.2
826.05 25.7
827.15 4.4
828.17 5.6
828.82 2.2
832.17 4.0
833.44 7.3
834.49 13.9
835.49 9.6
836.50 2.7
838.49 4.2
839.11 8.3
842.30 10.0
845.36 87.0
846.40 17.7
847.50 5.2
849.38 8.7
850.49 2.7
851.53 1.2
852.29 3.0
855.06 6.7
859.28 3.3
863.43 143.1
864.45 46.5
870.04 2.4
874.38 3.9
876.44 2.9
877.24 8.1
878.38 1.4
883.56 53.4
884.52 79.0
885.40 8.3
887.75 5.5
891.73 3.3
893.59 3.4
894.56 4.9
899.27 5.4
900.44 10.6
901.58 1050.5
902.58 225.6
904.48 2.3
909.39 1.4
912.22 2.3
913.73 4.1
914.38 2.0
917.63 11.3
918.79 3.7
926.59 11.1
927.47 7.5
928.55 11.9
931.63 1.1
934.52 3.1
935.59 3.0
937.66 6.3
944.45 157.4
945.38 41.3
946.40 8.8
947.57 2.2
950.68 3.1
958.90 3.1
959.55 1.2
962.50 217.3
963.58 113.7
965.58 3.2
970.27 2.5
979.50 1.8
980.21 6.3
981.69 5.5
983.29 1.7
984.60 6.5
986.21 10.4
988.75 4.3
990.35 1.5
994.70 5.6
1000.72 1.6
1001.54 35.6
1002.41 3.5
1003.61 5.3
1012.75 13.1
1013.78 9.8
1014.70 1.7
1019.66 29.0
1020.66 18.1
1023.19 3.4
1024.70 2.2
1025.49 2.6
1026.42 5.2
1030.58 45.7
1031.58 15.3
1040.71 4.8
1042.15 6.5
1048.51 1.9
1049.18 2.1
1060.90 2.9
1064.17 11.0
1065.63 2.9
1066.38 2.6
1080.60 2.4
1100.31 2.0
1133.52 1.3
1138.61 2.6
1152.54 2.8
1153.66 3.4
1171.95 5.9
1188.46 2.5
