1754.80205 2
267.20 4.7
286.15 3.7
290.54 2.3
299.44 1.2
303.32 35.4
331.13 1.3
336.36 4.2
354.09 4.9
357.32 3.2
358.93 2.7
364.38 4.9
380.25 3.5
386.43 5.3
396.45 1.1
402.01 1.2
408.22 3.2
414.13 9.3
423.23 2.1
426.48 1.4
432.34 14.2
433.36 8.9
438.04 4.6
443.17 3.9
444.15 3.0
451.23 1.2
452.18 1.2
454.48 3.1
465.25 3.1
472.42 3.5
474.21 3.5
480.40 3.0
485.57 9.9
486.60 3.5
487.34 1.3
494.32 1.2
499.02 4.3
503.29 96.8
504.77 7.0
506.19 4.8
510.19 2.3
511.43 2.6
518.58 4.0
522.36 2.3
526.79 1.4
529.20 1.6
539.17 4.1
540.46 4.2
551.41 11.4
555.30 6.0
558.69 2.2
566.17 3.1
569.55 5.5
579.39 4.9
582.95 4.9
589.47 3.7
600.67 7.8
601.42 20.2
603.19 4.2
609.34 5.2
611.62 1.7
612.78 1.7
620.48 1.8
623.17 4.5
626.76 3.5
629.58 5.6
632.24 1.8
634.67 1.8
638.49 5.7
644.55 1.1
646.15 1.4
647.52 1.4
648.91 9.8
649.71 7.9
652.35 3.2
653.99 2.1
657.15 6.4
659.42 1.3
660.70 1.6
663.25 1.5
664.36 6.8
665.33 5.0
666.38 6.0
669.38 2.7
672.37 2.0
675.38 6.3
676.48 3.6
682.54 2.4
685.57 1.7
687.26 2.5
688.46 5.0
690.63 6.1
692.41 11.6
695.63 1.0
696.79 4.5
698.15 1.7
700.50 2.3
704.97 4.2
705.61 15.3
709.07 4.2
714.72 5.4
717.88 3.4
718.59 1.3
722.81 22.3
723.71 4.5
724.38 2.5
725.66 4.9
726.52 2.8
727.80 5.2
728.61 2.0
732.28 1.9
734.82 1.1
737.58 1.8
739.11 6.0
740.19 14.3
741.98 1.5
744.29 2.4
746.57 2.7
747.51 4.3
748.77 11.1
749.45 32.5
750.67 1.8
754.85 4.3
756.88 17.2
759.09 1.6
761.43 5.4
763.50 9.7
764.38 3.2
765.43 22.3
768.39 2.1
770.31 3.5
772.34 1.3
773.48 5.7
775.17 8.7
776.35 3.3
779.23 9.6
782.15 9.8
783.13 8.5
784.66 7.1
786.14 19.5
787.08 2.6
788.54 1.5
789.25 2.0
789.85 7.8
790.88 10.8
791.60 3.6
792.59 3.2
794.50 12.4
796.06 2.9
797.41 4.3
799.53 12.4
800.88 2.5
803.58 8.5
804.89 2.0
806.24 3.4
807.22 2.4
807.91 3.0
811.39 2.5
812.51 8.0
813.39 9.3
814.34 1.2
815.52 19.3
816.39 4.8
817.66 3.4
818.52 3.4
820.69 10.7
821.88 9.0
822.54 4.9
823.68 2.5
824.89 13.0
828.00 6.8
830.29 57.4
831.30 20.9
832.16 8.6
833.44 18.3
834.21 8.5
836.48 16.4
837.59 10.3
838.87 77.1
839.76 54.7
841.76 4.4
842.51 35.6
843.28 21.1
843.90 10.3
845.12 67.1
845.95 10.3
846.56 4.9
848.12 32.5
848.84 4.6
850.65 73.2
851.38 65.7
852.00 49.4
852.63 16.6
853.60 18.1
854.43 163.7
856.00 68.8
858.03 87.3
859.89 338.2
860.64 680.5
861.58 59.7
863.08 66.7
863.88 12.3
865.57 2.7
869.20 23.6
887.59 10.5
891.38 2.1
938.55 4.9
943.94 3.3
944.76 11.1
960.78 2.2
963.38 1.8
969.61 1.9
977.09 1.4
978.80 2.5
993.43 3.3
994.55 1.5
999.78 3.5
1002.75 1.5
1003.71 1.4
1005.67 1.3
1017.46 4.1
1020.25 2.8
1021.36 23.6
1023.43 1.5
1024.33 1.3
1032.53 3.4
1033.59 2.7
1037.96 2.2
1038.66 2.8
1040.57 8.2
1047.50 14.4
1051.79 3.7
1053.13 5.3
1054.29 6.1
1068.41 1.6
1072.50 2.0
1079.01 6.4
1088.05 6.3
1089.49 1.4
1095.07 4.5
1101.72 4.1
1107.63 1.6
1122.82 8.3
1138.65 2.8
1139.70 7.4
1144.23 5.2
1147.00 3.8
1148.50 4.3
1156.66 3.2
1160.98 7.5
1168.50 1.7
1169.44 5.8
1174.55 2.1
1177.19 6.7
1186.90 1.5
1195.88 4.0
1196.74 1.4
1199.84 7.1
1204.55 11.9
1205.74 3.1
1215.45 3.2
1216.88 2.5
1217.67 6.9
1218.49 2.9
1222.31 2.0
1223.90 1.2
1234.71 39.4
1235.68 23.3
1236.66 9.2
1240.17 1.3
1252.59 50.5
1253.72 3.8
1277.59 1.7
1278.89 1.6
1287.54 1.9
1293.56 5.5
1294.63 7.1
1295.36 5.2
1303.08 2.2
1305.54 7.9
1306.51 8.4
1308.27 2.2
1312.00 2.8
1312.81 1.5
1324.09 9.8
1324.86 2.0
1368.69 5.0
1392.76 2.3
1400.11 1.2
1404.50 3.6
1416.83 7.2
1419.48 3.7
1423.93 1.8
1435.58 26.7
1436.57 5.3
1452.92 12.8
1468.67 1.8
1511.81 2.8
1515.60 1.2
1537.95 2.9
1544.88 2.9
1562.68 4.2
1563.75 20.7
1564.69 7.9
1581.09 4.5
1582.06 2.5
1699.18 10.9
1700.67 23.8
1717.04 11.5
1718.38 3.9
1769.85 2.2
