856.5277 2
123.30 15.7
124.33 3.0
125.13 10.6
126.32 1.3
128.12 365.8
129.14 50.1
130.12 23.5
131.20 1.8
133.05 33.6
134.15 24.7
135.26 30.6
136.13 8.6
137.24 16.5
138.13 3.2
139.13 13.5
140.27 9.4
141.17 20.3
142.29 11.0
143.08 7.7
144.20 83.3
145.20 30.7
146.26 9.9
147.21 53.2
148.49 8.1
149.25 20.3
150.27 3.4
151.15 43.4
152.36 13.1
153.22 15.9
154.08 6.5
155.16 30.6
156.18 22.5
157.24 62.4
158.29 9.9
159.18 18.7
160.21 45.3
161.26 42.1
162.16 136.1
163.12 43.5
164.17 25.1
165.20 37.9
165.99 9.0
167.26 21.1
168.16 3.6
169.15 11.0
171.23 28.4
172.32 15.0
173.14 36.0
174.19 18.2
175.19 38.3
175.99 51.9
177.31 21.1
178.23 17.7
179.20 28.0
180.16 9.6
181.27 33.5
182.07 7.8
183.15 26.8
185.20 245.3
186.16 17.9
187.10 15.8
188.11 8.0
189.24 32.2
190.60 13.7
191.35 17.9
192.13 30.8
193.16 27.3
194.12 13.7
195.18 37.4
196.13 30.8
197.16 18.5
198.25 17.4
199.10 30.3
200.11 18.6
201.25 32.5
202.26 9.3
203.18 16.1
204.15 8.2
205.24 48.4
206.27 13.4
207.19 58.6
208.88 78.1
210.11 15.5
211.18 17.5
212.05 14.5
213.24 38.2
214.32 38.0
215.18 51.6
216.03 16.5
217.13 23.0
218.04 9.6
219.35 22.3
220.29 21.0
221.31 35.5
222.30 28.6
223.21 30.4
224.30 17.3
225.20 34.2
226.27 15.6
227.13 22.5
228.19 25.6
229.25 27.1
230.24 44.7
231.20 61.0
232.37 15.6
233.27 21.9
234.26 7.7
235.26 32.8
236.31 19.6
237.27 31.0
238.56 17.3
239.31 20.9
240.21 8.0
241.31 76.1
242.30 21.6
243.11 39.9
244.18 21.0
245.38 18.9
246.18 21.1
247.45 12.0
248.30 21.1
249.28 178.3
250.16 49.2
251.26 66.5
252.21 24.4
253.18 9.5
254.28 21.2
255.23 58.1
256.30 27.0
257.18 27.1
258.66 20.6
259.36 61.7
260.15 20.1
261.12 107.9
262.10 12.9
263.38 36.1
264.33 18.4
265.14 38.3
266.14 30.3
267.18 285.3
268.23 126.1
269.19 39.1
270.19 31.6
271.12 38.3
272.17 128.5
273.13 34.4
274.05 20.8
275.31 34.6
276.13 26.0
277.22 239.7
278.17 32.5
279.19 11.4
280.41 18.2
281.25 29.7
282.25 41.9
283.25 71.8
284.25 34.4
285.10 52.7
286.20 176.7
287.14 46.7
288.22 9.7
289.13 37.9
290.43 8.4
291.36 29.6
293.16 235.6
294.25 63.5
295.18 53.3
296.26 78.9
297.19 35.2
298.13 16.9
299.21 22.0
300.16 23.5
301.22 46.3
302.19 15.0
303.16 25.2
304.31 21.1
305.28 42.9
306.33 20.3
307.33 26.5
308.28 37.9
309.33 21.8
310.24 14.3
311.13 52.0
312.09 24.3
313.35 58.0
314.25 68.1
315.21 76.1
316.17 23.4
317.29 24.1
318.36 20.0
319.08 125.7
320.65 9.4
321.43 8.7
322.54 12.1
323.37 28.9
324.38 22.1
325.17 58.0
326.28 19.6
327.57 62.4
328.35 35.3
329.25 50.8
330.34 28.5
331.28 36.1
332.06 8.0
333.43 10.3
334.13 11.1
335.06 65.5
336.43 38.8
337.26 13.1
338.21 17.1
339.36 86.5
341.03 2983.0
342.16 35.3
343.05 27.7
344.24 25.1
345.31 19.2
346.39 81.4
347.31 49.9
348.31 53.3
349.35 42.4
350.27 8.9
351.24 17.1
352.25 12.2
353.18 24.7
354.27 23.3
355.20 48.1
356.24 31.4
357.21 87.2
358.24 103.3
358.98 150.2
360.17 11.8
361.36 18.6
362.31 13.1
363.39 50.6
364.23 44.9
365.37 24.0
366.31 27.1
367.20 240.7
368.20 89.2
369.26 61.0
370.28 85.0
371.21 69.2
372.24 38.5
373.14 39.3
374.33 7.4
375.19 22.6
376.32 3.4
377.25 12.9
378.21 4.9
379.29 19.8
380.30 62.0
381.42 29.8
382.35 48.1
383.34 82.2
384.26 168.1
385.31 352.9
386.32 96.4
387.33 15.0
388.32 6.2
390.75 9.6
392.33 117.2
393.21 171.4
394.16 21.8
395.11 24.2
396.29 16.6
397.45 12.4
398.37 23.9
399.30 14.0
400.21 148.9
401.31 90.8
402.74 3.7
407.27 4.0
408.26 7.0
410.18 968.7
411.22 951.1
412.25 112.0
413.13 2.9
414.09 6.5
417.40 2.8
419.88 4243.3
421.02 23.6
421.91 23.1
423.82 3.7
427.59 2.6
428.69 1.2
434.63 2.2
436.27 11.9
441.36 4.4
446.37 5.9
450.47 1.7
454.32 23.0
455.27 3.6
459.41 4.4
468.37 2.6
472.34 786.8
473.47 101.1
483.23 3.5
486.94 2.6
503.47 3.3
510.23 1.2
528.13 1.6
532.27 2.9
534.65 4.9
535.49 3.1
547.63 1.9
549.46 14.9
550.39 3.7
553.30 2.3
554.65 4.9
557.46 3.3
559.24 3.3
563.46 3.7
565.65 1.3
567.35 36.7
568.40 1.3
571.36 301.6
572.44 53.5
573.38 1.8
576.56 11.4
582.33 5.1
597.42 5.0
605.51 4.1
608.37 3.1
623.26 3.1
628.64 4.5
633.25 4.2
637.26 1.7
654.53 8.3
655.66 3.3
664.93 2.0
665.67 1.1
672.44 1402.6
673.45 282.0
682.36 2.7
685.34 5.2
693.90 3.9
697.42 4.8
725.44 150.4
726.57 50.1
730.02 1.5
732.47 2.4
741.48 3.1
743.49 662.2
744.50 142.5
753.81 2.5
754.54 4.7
771.38 1.1
772.78 3.1
