1287.62334 2
187.33 5.6
197.23 15.1
198.16 13.7
199.30 11.6
202.10 1.0
203.16 1.4
208.14 2.9
210.17 3.8
211.34 1.5
212.31 3.3
216.13 55.7
217.16 12.1
219.32 2.2
221.37 5.5
223.25 3.0
225.21 1.8
226.18 12.8
227.33 5.3
229.21 1.8
233.15 2.1
236.16 3.7
238.11 11.2
242.26 29.2
243.22 5.4
244.10 13.9
246.10 2.2
247.25 5.7
252.01 1.2
253.38 2.7
255.25 6.3
259.24 17.2
260.28 80.5
261.31 2.8
264.13 1.4
270.21 8.8
271.29 6.6
277.32 5.4
279.30 2.4
280.09 4.5
281.21 3.8
282.21 6.2
284.01 1.4
285.18 2.5
287.20 31.9
288.11 2.0
290.08 3.4
291.30 1.4
292.09 2.0
295.33 2.1
296.30 5.0
299.17 1.1
299.97 2.2
300.84 2.0
309.37 11.5
315.24 3.3
317.40 17.0
321.43 2.1
322.29 1.2
325.13 4.4
326.44 5.9
327.27 5.7
330.26 6.7
331.32 7.2
335.30 2.7
336.18 1.8
337.06 1.7
339.29 4.9
343.29 11.7
345.23 8.3
345.97 2.1
347.40 3.1
350.31 2.6
352.05 1.9
353.30 6.7
354.27 4.2
355.20 3.0
356.01 4.8
358.17 3.3
359.37 1.3
361.36 98.9
362.36 7.9
364.18 2.4
365.32 37.7
366.40 4.8
367.37 11.9
371.29 4.1
372.39 2.8
373.70 7.4
376.32 1.8
377.13 5.4
378.31 4.2
378.93 4.0
380.34 5.8
381.41 1.5
382.30 7.6
383.32 84.1
384.19 12.7
385.23 2.4
388.36 4.7
390.21 4.6
391.30 2.0
392.35 2.4
394.22 8.3
396.08 2.0
398.07 9.1
399.28 13.1
400.86 23.2
401.54 1.7
402.48 3.3
405.80 18.3
407.38 7.1
408.32 9.5
410.22 31.7
411.22 9.2
412.39 6.0
414.78 21.4
415.51 20.1
416.39 12.6
417.39 2.5
419.25 8.9
420.22 1.5
421.28 2.1
422.35 1.2
424.40 3.4
425.32 18.3
426.44 2.2
429.21 3.9
430.52 3.1
432.47 7.3
434.21 5.4
437.08 21.1
438.32 81.3
439.29 29.6
441.09 3.1
441.93 13.2
442.93 7.6
445.71 2.1
446.45 2.3
447.14 1.1
447.95 7.9
448.76 9.6
449.46 5.3
450.37 8.2
453.21 7.5
453.85 2.2
455.89 26.7
456.81 9.3
459.88 12.7
460.49 33.1
461.86 16.4
464.40 16.3
465.26 8.9
466.07 12.8
467.23 1.4
469.28 7.8
470.51 2.2
471.29 5.5
473.10 2.6
474.13 8.0
475.07 31.6
475.83 8.2
478.16 1.7
479.35 13.6
480.35 20.4
482.19 41.9
483.62 29.8
484.44 4.1
486.30 2.9
488.13 50.5
489.28 14.8
490.23 7.9
491.73 11.5
492.61 23.3
493.58 2.4
495.03 2.7
497.16 79.5
497.98 22.9
499.33 14.1
500.80 9.4
501.53 6.6
502.32 13.3
504.44 8.2
505.83 138.2
506.68 17.1
508.21 42.8
509.43 18.8
511.71 14.4
512.49 8.6
513.50 5.8
514.71 65.8
515.32 12.8
516.18 3.5
517.32 4.0
518.86 12.0
519.51 20.4
520.59 5.7
521.40 4.2
522.48 1.5
524.30 12.0
526.47 9.9
527.53 8.8
528.37 14.5
530.07 32.9
531.05 11.8
534.72 13.8
535.71 27.2
537.06 97.6
539.89 17.5
540.67 15.1
542.21 4.2
543.55 3.7
544.23 5.4
545.35 3.9
546.38 3.5
548.45 34.5
549.75 21.4
550.61 14.7
552.30 42.0
553.42 16.1
554.45 22.6
556.01 9.8
557.41 28.1
558.63 14.5
559.29 1.9
562.82 39.1
563.43 5.3
564.48 4.7
565.46 11.5
567.73 20.0
569.34 15.7
571.12 41.1
571.91 6.9
572.54 10.5
574.16 7.2
574.79 3.9
576.40 39.0
577.41 40.2
578.55 9.2
579.54 3.6
580.65 13.7
581.61 5.4
582.58 2.7
584.18 4.2
585.53 47.3
586.92 5.9
588.43 10.4
589.42 8.3
590.47 26.9
591.66 43.4
594.09 191.7
595.53 16.4
596.43 4.8
598.24 2.0
599.31 76.6
600.55 120.1
602.34 4.9
603.27 1.7
604.58 54.6
605.46 24.9
607.41 72.7
608.50 62.7
609.57 13.2
610.54 2.2
611.58 4.6
613.63 360.0
614.53 32.3
615.70 8.0
617.71 71.7
618.59 36.2
620.24 18.7
622.55 953.6
625.79 41.1
626.40 160.2
627.06 205.8
627.96 15.0
629.53 65.5
630.58 24.8
631.47 3.7
633.34 2.0
634.09 4.8
635.54 701.8
636.34 38.6
637.46 5.2
641.98 2.8
653.39 7.5
654.04 8.5
659.38 6.3
662.45 4.1
663.17 5.7
664.58 10.5
665.43 4.9
668.54 1.6
674.32 11.0
677.29 6.0
678.56 5.8
679.56 4.0
681.27 117.2
682.49 13.3
684.40 1.9
686.47 2.8
687.45 6.0
688.41 9.7
690.13 6.9
691.54 2.6
693.59 4.7
697.01 4.1
698.73 9.1
700.57 5.4
701.43 6.3
703.10 1.9
705.45 4.0
706.19 3.2
711.19 2.0
715.80 7.0
718.44 39.1
719.44 12.8
720.07 1.7
724.11 7.5
727.61 8.3
728.44 4.2
730.52 6.9
733.32 4.3
736.60 11.8
737.50 3.6
739.49 1.7
740.55 11.7
741.73 13.3
742.63 11.2
743.31 1.0
744.44 10.6
745.40 7.5
746.48 4.0
748.23 1.4
752.65 4.5
753.33 2.7
754.30 1.0
755.61 2.6
757.24 2.0
758.38 23.5
759.33 3.3
761.46 2.1
763.19 11.1
764.32 8.7
767.33 3.5
768.55 1.6
769.53 13.5
770.36 5.8
771.69 6.7
772.38 2.8
776.68 4.3
778.52 1.4
779.41 5.4
780.39 2.4
781.49 12.0
784.24 10.0
785.29 1.1
787.24 1.4
788.63 10.2
789.53 12.3
791.27 5.5
793.64 4.0
795.22 9.7
796.40 5.4
798.12 8.4
800.02 10.1
800.75 1.7
801.60 10.4
803.23 2.7
804.72 3.5
806.51 4.9
809.50 6.7
810.43 18.0
811.44 17.1
812.55 6.6
813.38 5.5
814.80 15.9
818.49 2.3
820.73 1.5
822.45 2.9
825.40 2.7
826.29 8.6
827.21 1.4
828.43 84.0
829.44 12.8
831.39 2.5
833.44 11.8
835.94 5.0
837.32 8.7
839.26 1.3
845.47 1.0
847.27 2.1
850.47 59.8
851.44 31.0
852.40 5.8
854.54 22.9
855.61 23.4
856.68 4.7
859.69 10.4
860.42 4.0
861.48 4.5
862.87 8.9
863.55 8.0
864.39 4.1
868.55 1.2
870.18 13.2
871.40 14.4
872.47 110.1
873.57 64.0
874.68 2.3
877.41 19.4
878.38 4.7
880.24 4.4
881.36 1.8
882.46 12.9
883.38 15.1
884.47 7.2
886.28 3.1
886.99 2.8
888.37 19.6
889.35 1.7
890.63 1.9
891.53 1.6
892.60 4.7
894.92 3.0
895.69 7.4
896.72 4.2
897.69 6.7
898.72 5.7
899.55 67.2
900.42 28.6
901.31 2.5
902.53 1.5
905.56 4.4
908.43 1.6
909.45 7.7
910.50 25.5
911.40 24.2
912.25 10.4
914.23 1.9
922.37 1.2
923.47 3.2
926.79 48.4
927.44 344.9
928.42 75.5
929.23 11.1
930.34 6.2
938.69 2.5
939.43 14.5
940.48 3.4
941.46 9.0
943.86 13.8
944.61 40.2
945.48 14.1
946.53 9.2
948.65 7.3
949.37 4.6
951.49 4.4
955.57 10.7
956.59 10.8
957.52 8.5
958.48 3.7
961.35 2.8
962.53 5.0
963.69 2.5
965.59 9.2
966.55 16.1
967.59 11.3
968.30 1.2
971.75 1.4
972.65 4.5
974.63 1.1
976.54 1.4
979.44 3.9
980.41 8.7
981.56 3.0
983.29 57.5
984.45 123.9
985.50 42.6
990.22 1.0
992.46 4.3
993.52 22.2
994.52 17.9
995.57 5.9
996.61 5.1
997.65 5.9
1000.43 20.8
1001.46 121.5
1002.48 44.2
1005.65 4.2
1007.51 6.3
1008.54 4.5
1010.45 334.9
1011.49 162.4
1012.59 11.7
1013.56 2.3
1018.58 4.6
1020.49 3.1
1024.02 17.3
1024.85 7.3
1025.63 6.7
1026.62 9.1
1028.39 430.6
1029.55 181.3
1030.56 1.2
1032.42 3.7
1033.44 5.1
1034.74 1.7
1036.39 2.4
1037.70 6.0
1038.68 7.5
1040.72 4.9
1042.55 7.7
1043.43 6.9
1046.60 6.3
1050.74 19.2
1051.56 19.1
1052.84 3.1
1054.52 56.2
1055.51 24.9
1056.73 10.6
1058.45 3.6
1063.48 1.2
1067.64 1.1
1069.48 31.4
1070.43 5.7
1072.56 193.8
1073.61 116.2
1074.36 3.1
1077.02 4.6
1078.69 2.6
1079.49 8.6
1080.57 13.4
1081.41 10.1
1085.92 4.4
1088.77 1.9
1090.10 4.0
1095.62 7.8
1096.75 31.8
1097.63 128.3
1098.60 63.9
1099.38 2.1
1101.73 3.9
1106.71 21.4
1107.59 3.3
1108.27 1.5
1113.54 194.4
1114.64 117.1
1115.79 3.7
1117.03 4.5
1122.18 1.2
1123.60 60.2
1124.52 47.0
1125.54 25.9
1139.62 7.1
1141.46 403.4
1142.56 229.6
1143.65 3.8
1149.98 2.9
1157.52 2.5
1158.54 13.4
1159.55 96.3
1160.57 49.7
1161.55 1.8
1168.77 1.2
1169.77 2.2
1172.80 3.4
1179.71 4.4
1180.74 2.8
1183.66 1.1
1186.63 4.3
1187.70 1.4
1197.59 23.6
1198.55 16.8
1265.79 4.8
1266.66 4.2
