1106.52861 2
157.27 2.2
158.34 4.2
165.11 21.7
166.26 2.5
167.19 12.4
168.10 5.8
173.25 38.3
174.13 5.8
175.24 156.1
176.04 5.5
183.21 6.2
184.12 11.3
185.16 6.9
186.14 2.8
187.12 2.5
192.18 2.7
193.15 3.6
194.48 7.0
195.18 8.8
196.21 3.2
201.14 124.9
202.19 14.2
205.19 4.7
208.15 6.8
211.18 1.2
212.32 28.5
213.21 1.7
214.20 12.9
218.09 1.2
221.22 1.5
222.40 1.9
225.53 4.1
226.22 9.4
228.23 1.3
229.23 3.8
231.18 16.9
231.86 2.2
238.23 7.3
239.22 2.4
241.28 2.7
244.19 10.0
248.94 38.2
250.09 5.7
255.27 2.6
258.06 15.6
259.21 75.2
261.31 2.2
263.53 2.1
264.36 8.8
266.09 68.8
267.24 13.4
269.13 4.8
272.17 57.5
273.18 10.1
274.28 3.4
276.13 266.5
277.24 14.9
280.32 3.9
281.36 11.0
282.24 8.9
283.36 1.3
284.25 14.0
286.05 7.5
287.05 2.6
290.23 350.8
291.23 19.1
294.19 2.0
295.22 1.8
296.23 5.0
297.13 4.3
298.02 2.6
301.58 1.0
303.16 5.8
304.25 13.3
306.37 2.2
311.24 5.4
312.25 6.3
313.19 8.3
314.36 2.0
315.11 1.9
316.39 2.4
323.16 7.8
330.14 139.8
331.25 22.9
332.14 1.4
340.40 2.4
342.43 3.8
343.14 2.2
343.80 1.1
346.30 5.3
347.53 16.9
348.34 62.5
349.18 11.9
351.59 1.9
352.28 2.5
355.26 3.7
356.49 4.8
357.30 10.5
358.09 3.2
359.20 20.0
361.27 26.9
363.37 6.0
365.29 82.9
366.18 20.1
369.19 12.3
371.34 8.7
372.31 2.4
373.18 24.8
374.12 16.0
375.26 6.4
377.20 83.8
378.31 14.2
380.35 7.8
381.74 14.0
382.79 6.7
383.39 1.9
385.43 10.8
386.29 30.1
387.29 139.1
388.33 31.7
390.12 64.8
390.92 72.9
393.73 7.9
394.38 12.0
397.24 9.0
399.34 106.4
401.92 2.5
404.22 1420.2
405.22 183.4
406.05 2.5
407.23 33.6
408.43 4.0
409.46 6.2
410.80 5.7
412.20 50.2
413.31 64.0
414.46 9.6
415.24 5.2
416.38 28.4
418.24 100.4
419.63 2.8
420.25 4.9
421.89 242.0
422.67 1.6
423.45 4.0
424.45 2.8
426.09 1.6
427.51 16.2
428.30 14.5
429.51 8.7
430.31 3.3
431.20 14.2
432.40 2.9
433.20 1.1
436.25 332.7
436.88 102.6
438.41 14.7
439.42 3.0
440.25 11.9
440.99 6.5
445.35 690.6
446.28 5.8
447.15 5.4
448.25 15.4
449.64 10.0
450.66 9.9
452.49 1.9
453.88 4719.4
455.18 32.7
456.03 21.7
457.30 9.1
458.34 79.9
459.24 34.2
459.97 9.0
462.62 16.0
463.64 27.0
464.45 7.1
465.31 4.5
468.68 16.5
469.85 7.0
471.32 13.2
472.26 71.7
473.11 29.6
475.28 633.5
476.24 250.1
477.25 36.5
478.47 26.5
480.03 5.4
481.23 35.5
482.52 16.8
483.41 2.1
485.24 26.0
486.29 25.4
487.20 100.0
487.96 28.0
488.71 62.7
489.57 8.8
490.41 1.7
491.23 54.5
492.03 13.9
493.05 31.8
495.65 343.6
496.42 73.9
497.23 4.6
499.15 9.7
500.40 168.3
501.42 46.7
502.23 254.7
503.49 60.0
504.42 2424.3
505.35 20.7
506.25 13.3
506.91 5.1
508.16 12.9
509.53 715.0
510.89 28.9
513.10 653.5
514.02 95.6
514.83 48.2
515.51 7.8
517.32 848.5
518.36 139.8
519.22 44.5
520.39 9.2
522.00 909.6
522.79 60.0
523.45 50.7
524.98 3.4
527.14 78.6
528.06 229.5
529.17 41.6
530.65 28.3
531.58 161.9
532.27 13.9
532.89 5.7
534.00 3.4
536.44 1473.7
537.32 83.8
538.74 7.6
539.45 7.0
540.78 3.6
541.45 12.6
542.15 4.0
542.78 10.8
544.98 3689.3
545.97 36.7
547.29 11.5
549.91 2.2
553.25 2.2
558.18 5.8
563.34 3.9
567.29 3.9
568.39 5.9
569.68 6.4
570.43 10.7
572.42 57.8
573.30 166.2
574.31 44.2
576.42 2.5
577.49 2.3
578.41 2.1
582.75 1.6
586.73 9.6
587.36 31.9
588.45 75.7
590.28 214.7
591.35 67.6
592.20 9.8
594.85 4.1
595.53 3.9
597.33 8.9
598.39 14.1
600.57 4.0
603.84 21.3
604.46 19.4
605.27 8.0
608.36 5.1
612.61 1.6
614.43 103.7
615.29 229.5
617.23 29.1
618.16 14.5
621.41 16.5
622.45 41.3
623.43 16.0
624.34 8.8
625.26 2.9
631.36 1323.2
632.37 335.9
633.23 12.9
636.05 4.9
637.25 4.5
639.37 31.1
640.50 10.3
641.82 2.7
642.80 2.0
648.17 3.0
649.21 3.2
650.37 2.8
651.34 7.1
655.30 11.7
658.27 56.6
659.30 6.9
660.29 2.6
664.63 2.6
668.26 84.1
669.27 39.4
670.21 6.3
672.33 64.9
675.51 17.9
676.48 5.3
678.46 6.0
680.22 1.8
682.39 3.4
683.51 3.5
685.37 120.2
686.36 335.9
687.42 78.6
688.28 5.8
690.07 2.0
690.77 1.9
691.46 1.8
692.45 2.6
695.60 4.0
697.41 3.5
699.04 2.1
699.69 4.0
701.37 1.1
703.37 350.4
704.52 75.0
706.93 6.9
711.22 5.4
712.07 2.3
713.37 1.5
714.29 1.3
715.66 8.1
716.37 2.8
718.49 10.0
719.49 2.2
720.28 9.0
723.23 5.9
724.38 3.6
725.31 8.3
726.57 5.2
729.31 14.4
729.92 2.3
732.28 53.7
733.32 9.2
734.48 4.5
736.33 4.4
739.60 1.5
740.29 5.0
741.43 99.0
742.43 316.3
743.54 103.4
745.33 3.3
746.54 1.3
753.45 2.2
754.64 5.6
755.37 10.1
756.63 4.4
757.46 2.1
759.43 1461.2
760.39 422.2
761.36 5.1
763.39 2.1
765.61 5.9
766.89 1.6
769.39 4.3
770.53 4.8
771.75 4.7
772.39 15.9
773.44 8.9
781.66 2.0
782.47 9.8
783.49 39.0
784.33 16.6
786.46 15.7
796.43 2.9
798.81 5.9
799.66 25.7
800.41 103.0
801.47 41.3
802.57 3.2
807.95 3.1
813.61 16.2
814.52 36.2
815.21 4.5
816.73 18.2
817.45 148.4
818.42 54.7
819.50 5.4
823.58 3.0
824.48 5.0
825.53 18.0
826.45 7.0
830.41 6.5
831.53 60.7
833.13 1.9
834.81 1.9
841.27 10.4
842.49 88.3
843.54 45.0
844.58 4.4
847.37 1.1
851.80 10.9
852.68 1.5
861.71 14.1
862.49 4.7
864.68 1.6
868.45 12.0
869.23 2.6
870.19 6.2
871.26 12.7
871.98 6.3
872.65 1.7
880.60 3.0
881.47 1.8
887.63 9.1
888.54 10.0
889.45 61.0
890.60 31.2
897.98 18.2
898.61 2.7
906.44 937.8
907.52 347.2
908.49 6.1
914.50 41.9
915.41 59.3
916.25 3.7
917.38 4.3
923.79 2.6
925.69 1.2
932.52 138.0
933.36 62.1
943.60 22.1
944.56 2.5
950.77 2.7
953.60 5.1
955.49 5.7
956.70 1.7
961.51 1.3
962.92 7.2
964.50 1.7
972.43 5.5
973.58 2.4
975.60 10.1
977.68 10.7
978.76 2.4
985.75 4.1
989.35 60.2
990.41 39.8
991.60 3.3
999.24 4.7
1000.52 5.3
1003.51 4.1
1007.42 69.8
1008.47 32.3
1017.55 130.7
1018.60 71.9
1019.59 21.6
