880.4568999999999 2
128.13 16.7
129.20 35.9
129.88 1.8
131.08 8.1
134.08 3.2
137.17 21.8
138.26 9.8
139.02 7.7
140.04 12.0
141.29 3.0
142.26 2.6
143.14 5.4
145.30 7.0
147.20 12.6
149.22 4.0
153.04 9.2
155.07 16.7
156.31 3.7
157.18 107.0
158.22 46.8
159.11 11.3
160.12 3.6
162.26 2.2
165.14 3.3
168.13 5.5
171.15 2.6
172.11 1.9
173.34 29.6
174.34 20.4
175.20 400.4
176.19 59.4
177.28 11.5
178.15 12.0
179.09 205.7
180.22 52.4
181.06 15.7
183.02 10.4
185.10 103.2
186.25 25.4
191.69 6.5
193.92 26.4
195.30 20.9
197.18 109.9
198.19 26.2
199.14 3.8
200.18 3.4
201.12 6.6
202.12 5.5
203.38 2.3
205.07 11.0
210.11 3.3
210.99 10.6
212.25 15.0
213.23 6.4
214.01 7.9
216.10 21.0
217.11 10.9
220.19 6.2
221.35 6.4
222.06 4.2
223.22 4.4
224.18 8.4
225.18 57.0
226.14 18.4
227.00 15.1
228.22 4.5
229.11 6.4
230.30 6.0
233.43 8.6
234.30 21.8
235.24 7.3
236.49 3.0
237.24 14.4
238.25 9.3
239.38 2.3
240.44 39.0
241.38 2.8
242.25 10.6
243.97 18.7
245.31 13.4
246.24 15.0
247.13 9.2
247.99 7.7
250.19 40.9
251.47 2.2
252.32 3.5
253.17 7.8
254.31 63.7
255.20 88.9
256.43 9.1
257.27 4.8
258.33 35.2
259.52 17.3
261.01 10.7
262.34 2.4
263.31 3.1
264.16 24.1
264.97 5.7
266.23 4.4
268.21 27.2
269.23 30.5
270.34 20.4
271.29 2.2
272.30 448.5
273.28 144.8
274.11 7.3
275.28 64.6
276.27 38.0
277.23 25.2
278.26 9.9
279.14 4.4
280.17 52.7
281.20 15.2
282.32 30.0
283.19 3.7
284.23 4.3
285.04 1.6
286.22 69.4
287.30 50.5
288.27 19.9
289.14 2.7
290.28 8.5
290.99 10.6
292.44 3.1
294.24 44.2
295.18 26.0
296.20 94.7
297.27 62.7
298.07 12.8
299.35 14.7
300.31 9.9
301.79 2.3
303.17 7.0
305.27 70.7
306.22 37.3
307.09 9.3
308.11 67.5
309.37 34.1
311.03 5.0
312.04 21.1
313.23 1.7
314.28 12.1
316.98 19.4
319.25 13.1
320.37 6.4
321.27 4.9
322.15 24.1
323.37 26.6
324.39 27.4
325.19 15.1
326.18 53.7
327.05 54.8
327.88 8.7
329.48 10.4
331.05 27.0
332.61 19.9
333.24 3.0
334.56 9.4
336.27 17.8
337.33 50.9
338.33 48.2
339.41 63.6
340.30 47.1
341.30 37.7
342.50 12.4
344.51 4.8
346.71 55.1
348.12 174.3
348.97 75.0
350.30 27.6
351.45 27.5
352.37 9.6
353.38 5.9
354.17 72.8
354.88 22.5
355.87 45.5
357.83 41.8
358.70 8.4
360.31 48.3
361.53 60.3
362.41 65.6
363.31 107.4
364.16 5.6
365.38 62.3
366.93 56.3
368.20 48.0
369.44 52.5
370.48 12.1
371.53 14.1
373.96 123.6
374.79 26.1
375.44 8.2
376.72 5.4
377.35 13.3
378.46 35.4
379.66 319.9
380.30 110.3
381.22 28.6
382.50 61.6
383.76 586.5
384.49 93.8
385.29 187.6
386.34 84.3
387.22 48.6
388.70 1168.1
389.33 345.5
390.45 92.1
391.53 40.4
392.68 88.2
393.64 80.2
394.54 281.1
395.66 350.5
396.44 118.5
397.36 24.1
398.13 37.9
400.62 276.8
401.70 1426.3
402.35 436.6
403.67 448.8
404.48 95.0
405.42 49.3
406.51 38.8
407.54 63.5
408.55 81.8
409.69 2524.4
410.85 8962.8
411.81 86.1
412.48 72.6
413.57 53.0
414.44 102.6
416.64 589.1
418.19 3057.0
418.87 4980.8
419.84 151.8
422.20 594.0
422.94 1578.5
424.18 79.6
425.59 2006.9
426.43 199.6
427.30 5.1
428.89 29.1
431.63 16542.3
432.35 2595.7
434.34 33.7
435.18 14.4
436.21 10.2
436.87 3.2
442.04 1.6
449.47 5.6
450.56 1.6
451.56 15.2
452.27 6.0
453.34 2.8
454.30 45.3
455.21 39.0
456.35 10.8
458.04 2.5
459.26 3.9
460.58 11.2
464.34 29.5
465.24 12.7
466.49 55.5
467.44 18.9
468.64 3.7
469.36 3.7
472.37 297.3
473.42 89.8
474.57 37.2
476.34 55.9
477.37 111.0
478.29 26.2
479.38 11.2
480.25 6.7
481.76 4.9
482.59 7.7
484.44 7.7
489.56 6.5
491.08 1.9
491.87 5.1
493.31 8.2
494.35 172.7
495.43 125.9
496.39 26.9
497.44 22.6
498.50 3.3
499.51 6.8
501.29 2.4
503.50 7.4
504.41 15.9
506.73 10.7
507.40 11.8
508.31 3.8
511.27 17.1
512.28 21.3
513.49 13.4
515.77 13.0
517.34 4.2
518.46 1.7
520.34 16.0
522.33 8.5
524.37 7.2
528.98 4.6
530.55 17.8
533.37 30.3
534.46 21.7
535.44 29.1
536.43 21.7
537.33 7.2
538.52 92.7
539.36 44.7
540.45 39.7
541.08 3.0
541.69 6.6
547.34 10.3
549.63 40.1
550.48 44.7
551.51 9.4
553.53 9.0
554.62 8.9
557.80 1.8
559.26 9.2
561.57 9.2
562.59 7.7
563.37 9.3
564.69 3.7
565.58 5.7
566.95 22.9
567.66 43.6
568.57 24.7
569.51 13.7
571.36 124.4
572.51 106.0
573.41 35.7
574.36 124.7
575.06 62.9
576.41 53.9
577.63 38.4
578.82 31.9
579.45 232.8
580.40 288.2
581.44 61.4
582.42 2.1
583.52 8.5
585.40 11.8
586.57 8.1
587.48 9.4
588.47 4.5
589.51 2.6
590.31 41.1
591.43 35.4
592.23 11.8
593.49 31.0
594.55 92.9
595.40 24.3
596.48 2.1
597.29 7.0
600.46 1.6
604.44 4.5
606.49 2.8
607.40 186.6
608.38 319.2
609.52 170.4
610.38 132.8
611.27 34.1
612.55 1.8
613.39 12.8
616.65 6.4
617.81 19.9
619.74 15.9
620.59 2.2
621.48 7.5
625.40 40.1
626.46 45.7
627.30 16.9
628.73 13.9
629.63 6.2
631.63 17.3
632.66 2.5
633.85 71.3
634.48 164.1
635.43 319.9
636.41 66.4
637.55 39.6
638.49 1.8
639.61 4.3
643.08 8.2
644.33 2.5
646.38 6.6
647.58 5.8
650.34 3.4
652.41 28.7
653.55 21.6
654.62 41.6
655.51 61.1
656.55 6.5
658.38 10.4
659.45 27.4
660.40 90.9
661.48 188.5
662.52 75.8
663.57 11.9
664.59 9.4
665.48 35.6
667.24 5.3
672.58 2.2
673.62 27.7
674.61 16.3
676.42 84.7
677.43 468.9
678.39 501.8
679.46 104.8
680.36 24.9
681.46 1.7
682.60 9.3
683.50 8.8
686.18 3.2
687.36 60.3
688.37 77.5
689.47 31.9
690.36 14.6
691.59 8.1
694.45 130.1
695.41 282.4
696.43 80.5
697.70 3.4
702.81 4.3
704.33 242.9
705.48 925.0
706.47 725.9
707.40 248.9
708.52 29.9
714.55 2.9
716.54 9.2
718.35 3.8
719.55 8.1
720.73 20.8
721.44 74.1
722.50 621.7
723.50 937.8
724.49 307.2
725.55 295.8
726.56 13.4
729.67 7.6
730.63 33.4
731.52 111.3
732.46 62.1
733.50 5.6
735.51 7.3
736.59 6.6
737.43 14.2
743.20 1.9
743.87 2.6
744.53 20.2
746.40 5.8
747.72 163.7
748.46 610.6
749.45 894.9
750.56 192.9
751.54 42.4
753.16 7.4
754.77 3.3
758.38 1.8
760.43 8.6
765.46 230.9
766.51 572.5
767.55 217.2
768.53 5.3
772.54 9.2
774.74 2.0
776.43 3.7
777.35 4.9
778.25 3.7
784.57 5.7
790.51 5.1
794.43 5.2
795.29 6.2
797.92 6.8
811.82 5.0
812.59 12.9
813.48 81.9
814.52 24.4
818.69 2.7
819.45 27.9
820.55 19.2
821.61 11.5
826.47 6.1
828.82 10.0
832.06 4.2
838.64 24.8
839.64 84.5
840.59 15.2
842.53 87.9
856.54 341.5
857.57 2229.4
858.52 600.6
859.58 81.9
862.08 5.7
863.63 3.4
