2225.123450000001 3
211.25 38.2
213.28 124.9
214.26 136.5
215.22 45.9
216.27 29.6
218.13 63.5
219.05 22.2
227.08 24.0
227.90 38.5
229.03 43.2
230.29 64.6
232.25 1169.5
233.22 102.3
238.33 29.0
240.14 218.6
243.18 465.6
244.13 226.9
245.09 20.0
249.00 84.2
252.24 72.0
254.49 53.8
255.36 94.4
256.25 31.8
257.49 255.7
258.26 124.1
259.04 46.7
261.35 51.7
265.23 45.6
265.96 14.1
267.01 35.2
268.55 86.9
272.06 23.8
274.14 23.9
276.21 103.8
281.29 32.6
283.22 341.9
284.19 425.3
285.24 148.5
288.10 35.5
292.34 34.3
293.47 35.9
295.16 32.1
297.30 36.7
298.91 48.0
300.06 317.6
301.23 371.6
302.01 72.7
303.23 2283.0
304.19 153.6
309.14 53.5
310.19 191.8
311.09 59.0
313.48 28.2
317.33 73.8
318.29 31.3
319.14 48.6
320.23 56.3
322.47 15.0
323.30 74.6
324.60 110.1
325.52 44.2
328.10 293.8
329.21 54.6
336.17 17.6
337.24 298.6
338.40 71.1
339.50 201.6
342.16 82.8
343.31 113.8
344.09 106.9
346.29 16.0
347.28 162.6
349.05 39.9
350.20 19.5
354.24 256.3
355.14 157.8
357.40 54.1
359.28 50.8
360.11 71.2
365.07 104.8
366.49 96.1
367.44 26.0
368.48 188.9
369.37 56.8
372.08 238.9
373.30 33.0
375.13 123.1
381.21 33.9
382.41 156.6
383.30 56.4
386.33 65.2
387.30 349.3
387.99 31.7
389.00 17.3
390.54 208.6
392.34 24.3
393.60 113.8
394.25 1749.3
395.00 714.7
396.26 121.1
397.16 149.8
399.27 120.6
400.34 924.1
401.36 258.3
402.40 55.8
403.22 693.4
403.97 173.5
405.15 79.3
408.52 50.9
409.37 115.8
410.06 21.4
411.00 110.9
412.26 794.8
413.18 143.1
414.22 179.0
415.26 94.8
417.30 15178.7
418.31 2537.5
419.25 159.5
420.31 26.0
421.19 47.0
422.41 63.8
423.20 30.0
424.60 442.5
425.96 835.1
427.11 57.6
428.56 189.3
429.26 142.4
430.29 452.6
431.25 607.0
432.69 220.0
435.97 36.0
437.35 378.6
438.32 114.4
439.17 194.1
439.90 790.9
441.39 105.4
446.20 206.0
446.81 258.7
448.23 208.1
450.63 500.7
451.30 20.2
452.10 20.8
455.34 127.1
457.38 247.5
458.17 120.9
458.87 369.3
459.51 55.4
462.47 38.9
464.50 35.5
465.39 43.4
466.37 68.4
467.76 442.1
468.47 115.7
469.30 24.3
472.59 363.9
473.39 789.8
474.15 751.3
475.51 166.1
478.96 107.4
480.20 88.1
481.40 74.7
482.47 2571.3
483.77 104.2
484.43 22.8
485.38 118.6
487.19 724.7
488.08 509.1
489.18 157.3
490.18 126.3
491.05 125.4
494.07 293.3
496.23 2306.7
496.92 835.1
497.60 20.5
498.55 393.6
499.18 139.3
500.02 384.4
500.90 58.2
502.14 71.0
503.17 46.4
504.44 721.2
505.40 417.8
506.73 604.9
507.53 603.2
508.45 273.7
509.52 93.4
511.36 831.0
512.43 406.0
513.52 426.3
514.62 247.8
516.13 1473.8
516.92 320.8
518.52 239.4
519.45 77.0
520.33 34.8
522.42 268.6
523.39 640.6
524.98 2239.2
526.06 209.2
526.96 84.9
528.98 184.9
530.43 13647.4
531.43 4109.0
532.69 530.1
533.65 27.5
534.37 49.4
535.85 1037.0
536.50 595.6
538.01 841.5
538.76 232.4
539.97 876.3
541.15 358.9
542.27 370.5
543.16 783.5
544.70 2507.7
545.50 995.5
547.08 2710.2
548.77 37.9
551.41 1625.1
552.40 833.8
553.46 2844.2
554.58 205.5
555.48 78.5
556.13 116.2
557.30 224.2
558.23 265.3
559.17 363.5
561.00 9859.9
561.82 335.9
562.91 72.3
566.45 380.2
567.67 76.5
568.35 106.9
569.53 114.1
570.45 145.9
571.58 36.7
572.70 92.9
573.48 229.1
574.15 69.3
575.07 484.6
575.79 501.2
576.42 109.6
577.24 163.6
577.96 146.8
579.23 116.6
580.49 709.6
581.35 567.2
582.57 184.1
583.58 102.0
586.97 225.3
588.26 132.1
589.55 3725.0
590.78 331.7
591.68 142.6
592.56 73.7
593.30 62.7
594.07 64.8
595.08 16.5
596.29 104.1
597.61 235.7
598.51 147.6
600.10 750.8
601.07 256.1
603.40 230.0
604.17 205.6
604.78 162.2
607.00 51.8
608.43 311.3
609.49 4097.5
610.61 524.9
611.49 210.4
612.39 37.0
614.30 109.9
615.77 111.1
616.48 70.0
618.10 3068.8
619.01 343.0
619.70 121.4
620.49 98.6
623.21 124.5
623.99 590.1
625.39 330.7
626.29 148.6
627.32 269.7
628.47 425.1
629.45 337.9
630.46 29.4
631.44 241.8
632.58 1374.3
633.31 29.5
635.03 91.1
636.07 332.0
637.09 1115.1
638.20 1760.1
639.05 219.1
640.07 149.2
641.01 127.0
642.51 469.2
643.52 49.3
644.46 175.3
646.23 4314.5
646.87 1401.4
647.52 1178.8
648.53 317.8
649.43 145.8
650.17 167.2
651.43 16.3
652.56 332.7
653.40 189.3
654.33 1462.3
655.25 670.2
657.14 857.3
658.11 255.3
659.44 633.5
660.42 713.2
661.60 216.5
664.27 2588.8
665.82 3898.2
666.46 2110.4
667.42 364.4
668.39 310.9
669.30 167.8
670.50 331.3
671.46 1081.1
672.36 352.8
673.42 417.7
674.41 3439.8
675.13 2135.0
677.44 21948.3
678.51 6941.2
679.67 1214.4
680.57 522.5
682.01 125.6
684.10 46.9
684.90 172.0
685.61 138.8
687.21 801.5
688.10 1272.9
689.07 921.4
690.16 532.5
692.59 263.4
693.54 1924.5
694.32 749.4
695.30 126.5
696.81 871.6
697.68 806.6
699.07 1709.1
699.87 242.4
701.81 2834.3
702.59 6253.3
703.66 387.5
704.49 299.0
705.33 38.8
706.34 265.1
707.26 313.0
708.25 391.9
709.10 153.4
709.97 971.1
711.12 21988.1
712.02 948.2
712.71 140.4
714.75 497.6
715.56 1479.0
716.63 136.0
717.30 212.4
718.26 861.9
719.56 1246.9
720.53 410.7
721.72 1144.2
722.56 316.2
723.21 100.8
724.24 1641.0
725.38 3676.2
726.29 344.2
727.72 2290.7
731.14 17029.2
732.76 87.8
733.89 31.8
735.16 15.7
742.94 20.7
746.40 55.1
749.31 57.5
750.44 102.4
751.47 50.0
752.64 400.0
753.56 28.1
754.37 68.5
755.04 30.4
755.99 79.4
757.68 1950.1
758.56 538.9
759.33 26.2
760.45 46.2
761.21 874.6
762.51 221.9
763.78 127.0
764.61 118.1
766.33 11726.0
767.02 7846.7
768.24 233.2
769.73 363.0
770.72 85.2
771.86 349.9
772.71 568.6
774.21 544.6
775.12 6330.3
776.03 744.6
777.29 121.1
778.46 70.7
779.45 2657.4
780.55 739.0
781.62 647.3
782.53 212.7
783.51 1084.7
784.47 172.3
785.74 68.6
786.65 21.1
787.68 862.4
788.50 1888.9
789.51 703.8
790.76 290.7
791.95 522.5
792.95 286.7
793.55 238.5
794.68 90.7
798.56 275.7
799.52 55.3
800.69 193.5
801.39 248.4
802.41 102.2
803.42 364.3
805.48 16981.2
806.49 5866.6
807.48 469.7
808.88 248.0
810.24 60.3
813.18 222.8
814.15 66.9
815.69 147.1
816.83 178.5
817.96 465.4
819.03 129.4
819.83 132.8
821.42 472.1
822.44 834.7
824.01 212.3
825.99 724.8
826.79 627.6
829.27 287.6
830.06 280.4
831.36 2613.9
832.56 297.4
833.56 380.0
834.77 1341.6
835.60 248.8
836.51 171.9
837.48 192.4
838.43 395.5
839.38 1884.1
840.00 6667.9
840.70 4094.7
842.20 112.4
843.50 125.5
844.50 45.7
847.05 362.2
848.67 10023.4
849.55 1020.3
850.77 255.5
851.46 107.0
852.73 19.5
853.72 193.6
855.24 296.5
856.40 698.5
857.22 179.9
858.39 134.3
859.27 102.0
860.63 795.2
861.62 592.4
862.61 239.3
863.67 192.9
865.29 337.9
866.51 85.8
867.58 114.8
868.81 276.5
869.53 45.0
870.31 233.3
871.62 239.8
872.50 18.9
873.80 217.4
874.69 312.2
875.59 53.4
876.45 38.9
877.33 157.6
878.52 12363.9
879.46 4315.4
880.60 423.2
882.45 781.0
883.26 246.0
884.36 178.1
885.31 61.5
886.30 129.0
887.69 2527.7
888.61 524.1
889.51 76.3
890.37 220.4
891.39 876.0
892.31 523.4
893.57 356.7
894.74 441.9
896.67 12126.9
897.70 843.9
899.40 202.9
900.65 114.1
901.68 182.0
903.68 206.9
905.31 12018.4
906.50 224.2
907.57 64.4
908.46 216.3
909.53 157.3
911.14 161.1
912.37 709.8
913.54 45.2
914.56 50.7
915.49 187.2
916.61 1817.3
917.62 827.0
918.58 487.4
919.56 34.0
920.66 101.6
921.67 77.5
922.65 179.9
923.93 290.7
924.60 15.4
926.02 63.5
926.69 13.7
928.42 187.4
929.56 46.1
930.46 85.8
931.45 463.8
932.46 348.2
933.32 184.4
934.54 5106.1
935.51 2296.5
936.65 632.1
939.16 89.2
940.99 233.0
942.03 245.0
943.72 28.2
944.77 470.6
945.64 271.6
946.45 74.3
947.46 227.8
948.30 111.4
949.97 59.4
950.72 45.4
952.42 16.0
953.75 1916.0
954.63 388.9
955.59 114.7
956.39 21.1
958.32 67.2
959.68 124.2
961.12 357.4
962.13 2486.4
962.78 2070.3
963.84 437.3
964.61 144.3
965.38 217.1
966.88 208.3
968.10 420.6
968.96 149.0
969.77 396.7
970.74 189.2
971.83 198.2
973.20 417.7
974.28 241.6
975.52 470.8
976.33 381.7
977.20 256.1
979.28 182.9
980.12 781.1
980.92 522.8
981.77 250.3
982.96 14.2
984.04 988.0
984.90 96.3
985.68 305.5
986.80 57.0
989.22 5062.3
990.32 558.3
991.54 8972.5
992.59 4273.9
993.66 268.4
996.08 324.2
996.77 112.6
997.87 7235.4
998.69 1051.0
999.72 91.6
1000.61 112.2
1002.06 50.6
1003.92 191.3
1004.62 307.7
1005.48 117.6
1006.34 34.8
1007.54 2672.1
1008.72 901.5
1009.47 31.9
1010.84 172.1
1012.24 59.7
1013.58 211.1
1014.61 612.5
1015.76 1675.5
1016.68 848.2
1018.05 112.1
1019.45 356.8
1020.55 71.6
1021.72 348.5
1022.63 84.0
1024.77 8714.0
1025.68 1691.3
1027.04 85.7
1028.84 120.1
1029.85 204.6
1030.95 518.8
1031.64 1473.0
1033.26 13181.7
1034.10 3794.4
1034.76 438.5
1035.49 28.7
1036.71 128.4
1037.98 223.4
1039.73 311.0
1040.59 383.1
1041.26 164.8
1042.77 119.9
1045.20 155.0
1046.03 68.4
1046.70 24.6
1048.01 1014.4
1048.69 4082.4
1049.67 1014.6
1050.69 150.4
1054.41 44.6
1055.86 107.7
1056.67 38.3
1057.94 184.0
1059.74 34.4
1060.88 38.9
1062.63 82.9
1064.61 527.7
1065.52 513.9
1066.57 31.7
1070.59 331.3
1071.62 628.2
1072.57 473.0
1074.72 115.9
1075.46 208.8
1076.69 128.2
1077.72 53.4
1078.88 234.0
1079.57 158.5
1081.12 113.6
1082.04 39.2
1084.75 32.3
1086.42 52.5
1087.47 257.2
1088.56 6523.1
1089.55 3118.0
1090.74 655.2
1091.66 89.0
1092.37 241.7
1093.47 354.7
1094.66 118.6
1095.42 38.9
1099.45 20.3
1100.19 42.3
1102.53 496.8
1103.72 348.7
1105.59 7209.6
1106.59 2879.1
1107.59 393.5
1108.27 13.8
1109.55 90.6
1110.69 40.2
1117.20 148.1
1117.81 37.4
1120.58 8938.1
1121.56 4253.7
1122.51 658.8
1124.93 42.2
1126.89 15.1
1127.67 25.8
1128.46 141.8
1129.20 75.3
1131.59 48.7
1135.49 153.8
1136.80 49.3
1138.83 70.5
1139.58 134.6
1140.51 16.7
1141.58 37.3
1144.48 44.2
1145.58 147.1
1146.90 75.2
1149.74 60.8
1151.25 81.2
1154.40 68.6
1159.82 21.6
1160.81 75.8
1161.65 82.7
1162.48 72.1
1163.53 52.9
1164.83 17.7
1171.59 78.6
1173.60 31.2
1174.72 97.4
1175.61 67.9
1177.64 2942.9
1178.66 1620.0
1179.74 446.0
1180.56 16.6
1181.59 85.6
1183.37 34.1
1186.70 260.4
1188.56 45.5
1190.59 76.6
1192.62 169.7
1194.85 272.6
1196.26 146.9
1197.63 59.2
1198.78 65.1
1199.74 252.5
1200.65 404.8
1201.85 102.5
1203.15 108.6
1204.72 48.1
1205.83 60.2
1206.48 41.8
1208.27 73.2
1208.94 32.2
1214.47 83.8
1216.47 286.2
1217.60 1944.2
1218.71 1339.3
1219.83 161.4
1221.46 76.7
1222.61 165.1
1223.49 52.0
1226.91 77.5
1228.39 48.6
1230.89 23.4
1234.59 2348.5
1235.80 1637.4
1236.85 130.2
1240.76 126.4
1241.74 73.1
1242.57 81.6
1244.68 47.0
1245.46 70.1
1247.90 40.7
1248.65 74.1
1249.83 165.5
1250.53 75.9
1251.63 19.0
1257.75 54.2
1258.99 209.1
1259.92 40.8
1260.73 24.3
1263.57 22.9
1264.49 31.2
1265.73 97.7
1266.59 116.0
1267.64 148.6
1273.58 154.9
1274.77 200.2
1275.74 87.8
1278.65 130.6
1283.81 52.1
1285.46 53.5
1287.05 54.2
1289.65 127.8
1291.61 655.5
1292.70 359.9
1293.65 81.0
1294.91 32.7
1295.60 85.5
1296.82 30.3
1302.66 43.7
1303.88 131.2
1306.57 157.3
1307.89 94.0
1309.47 34.9
1310.82 39.4
1312.38 47.4
1313.06 45.6
1313.85 27.7
1315.88 62.0
1318.90 31.7
1319.62 29.1
1323.41 50.8
1330.55 126.9
1331.77 249.5
1332.92 42.5
1334.12 43.3
1339.98 56.1
1347.59 44.8
1348.71 281.0
1352.60 46.4
1353.47 71.8
1354.40 223.2
1355.80 44.1
1358.70 65.9
1360.18 29.5
1361.01 57.1
1376.59 50.7
1377.54 22.7
1378.23 48.3
1378.96 52.0
1380.40 57.8
1383.35 23.7
1384.56 20.8
1386.58 62.4
1394.75 21.3
1396.06 81.0
1396.97 97.5
1397.72 14.4
1401.63 119.0
1403.27 140.6
1403.97 75.3
1404.65 142.2
1405.44 38.1
1420.09 315.4
1420.75 795.6
1421.76 1157.9
1422.95 53.6
1424.50 31.0
1428.84 42.8
1429.85 17.2
1434.86 24.7
1437.98 68.8
1438.74 97.5
1444.21 65.8
1447.56 27.0
1449.85 15.7
1456.67 33.8
1465.51 33.0
1466.34 51.1
1467.75 42.9
1468.54 62.9
1481.91 119.7
1484.04 36.5
1484.83 66.5
1489.87 47.9
1492.71 47.7
1494.86 97.1
1499.62 44.5
1505.76 21.1
1508.04 37.3
1508.71 44.4
1509.84 61.8
1510.80 50.3
1514.13 27.3
1523.12 131.6
1531.72 267.1
1532.90 143.6
1535.03 27.8
1541.45 26.9
1548.26 21.5
1549.73 121.1
1550.76 38.9
1554.27 37.3
1558.09 48.6
1562.94 59.4
1563.75 48.6
1566.90 28.3
1579.10 108.8
1579.85 89.1
1580.79 74.1
1582.51 30.2
1583.91 21.2
1591.76 88.7
1592.89 22.0
1604.74 25.0
1618.01 45.5
1622.15 33.2
1624.82 148.7
1627.13 14.2
1630.08 17.2
1636.91 57.5
1637.92 73.5
1652.70 30.8
1654.03 66.3
1660.11 42.1
1661.83 105.5
1662.90 20.3
1664.14 38.2
1665.70 28.5
1678.61 58.2
1679.48 30.0
1693.85 106.2
1695.66 81.4
1697.26 35.6
1723.11 61.2
1729.98 34.9
1767.17 99.9
1775.00 46.8
1786.96 27.4
1790.74 13.4
1791.90 29.7
1811.09 65.4
1840.09 47.7
