1434.772130000001 3
136.22 6.0
137.21 2.8
141.08 2.6
144.08 2.1
146.28 3.9
147.32 2.3
148.24 1.5
149.12 2.4
151.03 2.0
153.12 3.5
157.15 4.2
162.13 4.5
162.82 2.3
165.11 4.5
170.56 5.7
174.22 8.1
175.15 41.4
176.13 2.1
178.21 6.2
181.11 2.0
183.24 6.9
184.09 13.0
185.24 11.6
186.16 5.0
187.13 3.5
189.29 2.4
191.17 3.8
194.48 2.5
196.24 10.5
197.32 4.4
198.28 7.8
199.27 7.4
202.24 10.5
203.18 3.3
205.37 4.5
207.46 1.7
209.24 3.7
210.16 3.2
211.17 10.7
212.15 19.6
215.13 24.4
216.14 10.7
217.20 2.9
218.14 6.4
219.06 1.3
220.20 22.9
222.07 1.4
223.13 4.2
225.20 16.6
226.17 11.3
227.22 7.1
228.09 3.1
232.21 7.1
233.21 6.5
234.14 15.0
235.05 12.7
236.61 6.9
237.32 2.2
238.16 6.1
239.20 3.7
241.07 1.9
242.22 29.4
243.22 46.6
244.16 43.2
245.26 22.1
246.20 6.9
247.17 3.3
248.25 1.5
249.39 5.8
250.88 6.2
252.62 25.9
253.25 22.0
256.64 8.9
257.24 26.1
258.40 4.2
261.07 9.4
262.27 16.8
263.19 9.2
264.42 6.2
265.14 4.6
266.30 106.5
267.24 22.1
268.12 24.1
269.16 4.7
270.32 86.6
271.80 8.9
272.48 5.6
274.02 1.6
275.27 426.4
276.21 19.9
277.32 1.5
279.19 373.9
280.26 11.0
281.19 25.7
282.23 6.1
284.23 406.1
285.22 5.4
286.28 9.4
287.13 6.4
288.31 10.7
289.18 6.8
290.31 7.1
291.30 2.7
292.44 2.3
293.20 1.7
294.16 4.3
295.33 17.2
297.42 4.4
298.06 20.8
299.17 3.1
300.23 5.3
301.03 4.4
302.25 7.4
303.33 7.7
304.81 7.9
305.46 1.5
306.41 7.3
308.29 6.9
309.22 6.0
310.32 11.6
312.04 20.9
313.18 18.0
313.98 78.1
314.86 17.2
316.22 5.9
318.12 423.4
319.19 4.4
320.02 6.3
320.86 13.6
321.53 4.8
322.25 13.1
323.27 16.3
325.36 5.5
328.28 3.4
329.30 35.1
330.17 16.2
331.90 286.1
332.78 4.8
334.01 13.8
335.01 11.7
337.43 6.6
338.32 274.7
339.34 30.1
340.85 358.5
341.94 1.3
343.04 7.0
344.22 23.6
345.04 8.1
346.21 11.5
347.23 27.3
348.14 13.6
349.45 15.5
351.78 7.1
353.31 24.3
354.30 6.7
355.11 10.2
356.04 29.5
357.28 94.5
358.26 22.0
359.28 1.6
360.47 32.8
361.38 15.4
362.25 1.8
364.19 23.3
364.89 68.2
365.94 3.7
367.18 20.8
368.14 7.0
369.60 255.5
370.34 77.0
371.31 26.0
372.11 29.8
373.10 17.2
374.23 5.5
375.26 1.3
376.45 33.1
378.34 805.2
379.60 9.6
380.33 3.3
381.43 15.6
383.17 21.1
383.98 3.5
384.99 55.0
386.20 23.2
387.55 42.9
388.37 25.6
389.48 7.6
390.16 30.2
391.26 16.6
392.34 1.7
393.32 29.9
394.25 2.2
395.45 9.7
396.19 76.8
397.23 30.3
398.36 16.6
399.18 26.7
400.29 16.7
401.35 9.3
402.96 52.2
404.11 21.9
405.44 10.9
406.20 12.9
407.60 4.4
408.54 6.8
409.79 5.0
412.09 556.6
412.84 17.0
414.12 8.8
415.40 1.3
416.06 1.5
417.32 166.8
418.31 20.9
419.39 21.0
420.90 1598.5
422.04 29.3
423.20 20.8
424.20 28.5
426.16 1031.2
426.96 253.5
428.71 23.6
429.39 7.6
430.11 6.8
431.22 3.4
432.32 23.3
433.62 76.7
434.90 4575.1
436.14 60.0
437.24 28.2
438.25 37.4
439.27 1129.3
440.26 142.1
441.28 25.6
442.30 55.0
443.04 47.5
444.24 12.3
445.24 3.0
446.29 14.5
447.29 10.1
448.42 75.4
449.36 293.5
450.29 3.6
451.35 5.4
452.97 28.7
453.93 28.6
454.94 5.7
455.75 10.3
456.46 35.2
457.29 135.7
458.72 20.1
460.24 289.6
461.32 336.6
462.17 106.7
463.02 10.7
463.63 8.1
464.53 72.2
465.36 38.7
467.44 1751.4
468.37 44.1
469.55 477.5
470.40 455.6
471.38 2.5
472.18 2.0
474.67 1.2
476.18 2.7
484.65 19.5
485.55 15.4
486.60 7.0
487.24 1.3
488.36 2.3
490.28 182.7
490.95 40.2
493.33 8.5
494.44 17.0
495.32 1.8
496.35 2.2
499.02 333.9
502.61 4.3
503.42 4.3
510.47 1.2
511.20 2.3
512.45 123.4
513.35 63.5
514.20 16.7
518.19 36.9
520.25 8.5
522.82 2.7
526.58 12.8
527.45 3.1
529.44 13.5
530.34 1.6
531.36 37.6
532.26 76.6
533.41 22.7
534.26 1.8
535.90 23.4
539.40 4.3
540.52 107.4
541.40 17.0
542.18 1.8
544.94 4.4
549.33 1497.3
550.34 368.3
551.55 28.1
553.41 4.1
556.22 1.7
557.13 1.2
558.04 1.7
559.72 2.2
562.89 1.8
564.45 6.4
565.46 4.9
567.30 4839.6
568.41 997.9
569.37 5.2
571.43 42.7
572.52 9.5
574.51 27.4
576.40 23.7
577.40 8.7
578.46 4.2
579.22 6.5
580.96 10.1
581.63 2.5
583.31 10.3
584.05 18.9
585.53 10.4
587.26 17.6
591.50 9.8
593.59 9.9
595.92 3.2
596.86 13.5
597.63 20.5
599.34 29.5
600.50 40.0
601.62 3.2
604.37 2.2
607.52 23.8
608.33 13.8
609.43 21.9
610.77 5.9
611.49 5.7
613.82 4.8
617.39 2.1
618.46 11.0
619.23 7.5
622.10 48.4
623.06 15.4
624.05 13.5
625.28 72.6
626.44 141.7
627.37 74.1
628.34 3.6
631.05 21.2
635.42 17.0
637.73 17.1
638.58 10.4
640.64 6.5
642.33 24.6
643.41 4.9
644.42 2.6
645.75 21.2
646.57 3.3
647.68 1.3
649.53 8.2
652.57 15.5
653.53 6.5
654.76 17.8
657.49 6.3
658.20 1.7
660.77 3.5
662.40 101.5
663.53 25.7
664.32 1.3
666.67 24.4
667.58 13.2
668.53 2.5
669.58 5.4
670.38 15.9
672.40 34.7
680.40 257.7
681.46 79.1
682.53 2.9
684.45 2.2
685.92 11.7
686.88 5.1
692.46 1.7
693.39 1.9
696.59 2.3
699.41 7.3
703.59 1.8
708.74 1.5
709.43 2.1
710.66 6.5
713.33 55.0
714.34 32.5
715.38 3.8
716.49 6.8
718.27 2.7
720.44 35.2
721.53 3.9
722.52 5.6
723.81 1.6
726.88 6.3
727.54 40.5
728.62 8.7
729.34 4.1
730.47 36.8
731.73 4.4
734.97 3.7
735.60 3.7
736.52 14.2
737.60 60.7
738.54 125.3
739.53 15.5
740.52 4.2
743.86 10.8
744.58 4.3
745.33 2.5
751.78 5.3
753.61 5.1
755.43 2168.1
756.46 567.9
757.37 16.5
764.34 1.7
766.39 6.6
769.05 1.9
769.66 3.2
771.53 21.1
772.63 30.5
774.45 3.4
778.45 3.2
779.31 7.9
783.42 10.9
788.38 1.7
790.56 6.9
791.38 12.0
792.63 1.9
797.22 5.8
801.51 2.7
809.31 31.4
811.78 4.3
814.61 1.4
817.53 5.6
820.62 4.8
821.51 9.8
823.52 12.9
824.52 6.3
825.49 3.1
826.52 2.9
827.64 6.4
831.77 1.7
832.82 9.4
839.25 1.9
842.42 32.4
843.53 36.0
844.50 18.6
849.54 3.2
851.57 24.2
854.66 3.6
855.69 2.0
856.52 4.6
866.38 27.7
867.28 7.3
868.47 268.0
869.60 138.6
871.49 1.9
873.42 5.4
876.95 3.7
883.60 38.8
884.58 15.7
885.57 2.8
887.39 1.5
891.68 2.3
895.71 1.6
911.36 1.5
917.70 5.3
918.54 3.4
924.43 2.7
968.52 12.7
969.76 2.5
979.61 5.7
983.38 2.7
985.73 1.7
996.86 1.7
1079.59 1.6
