856.5269599999999 2
122.30 19.8
128.04 13.7
129.42 9.1
130.23 66.0
144.04 20.6
147.24 15.8
155.54 8.5
157.20 610.5
158.17 30.8
159.94 50.8
165.52 70.0
171.24 12.3
173.15 450.0
174.25 52.8
175.13 79.2
181.29 12.6
185.09 3244.5
186.19 95.4
187.05 19.0
188.46 23.1
189.28 13.3
194.95 8.5
200.48 29.8
201.18 128.2
203.17 62.8
204.18 56.8
206.08 10.3
207.30 10.5
211.24 40.7
212.48 12.6
213.16 47.4
214.28 26.5
226.25 47.5
228.02 25.8
229.24 12.5
230.17 15.5
232.31 13.8
236.14 19.6
240.23 48.4
242.24 342.7
243.25 118.5
243.99 26.6
247.11 33.0
251.20 33.2
252.28 47.7
254.19 91.3
255.23 209.1
258.27 17.2
259.22 41.3
260.11 12.0
265.58 9.0
268.28 656.2
269.74 95.4
270.42 39.6
272.19 1780.4
273.18 51.4
278.12 26.6
280.32 28.9
282.24 39.1
283.98 21.6
286.26 1993.9
287.21 257.9
288.16 45.0
289.15 75.5
296.39 461.5
298.32 16.0
302.57 21.0
306.53 13.3
309.42 42.1
313.12 83.5
314.29 33.9
319.05 177.5
325.36 24.4
327.20 37.1
327.98 559.6
335.01 11.8
336.74 75.8
337.40 98.7
338.35 40.8
339.31 1181.4
340.27 224.8
341.11 1515.0
342.11 20.7
342.82 27.5
343.82 54.8
348.21 11.7
349.30 75.0
351.38 37.9
354.63 27.8
355.27 89.6
357.30 1149.9
358.20 136.4
363.38 402.7
366.17 20.6
367.23 3609.7
368.28 299.8
369.34 35.1
375.99 24.0
377.42 66.6
378.87 38.7
381.22 29.8
382.48 63.9
383.72 47.4
385.26 4387.5
386.43 236.3
388.84 48.9
392.30 25.8
393.19 87.7
396.63 31.2
398.48 323.0
400.29 51.9
402.42 35.9
404.81 50.0
405.84 67.0
406.76 129.6
407.42 103.0
409.08 31.3
410.28 553.8
410.95 607.0
412.32 36.1
414.01 16.5
419.93 78128.2
420.98 282.5
422.24 224.8
423.09 95.3
423.82 23.4
425.16 10.9
436.41 113.5
437.27 24.8
443.47 13.6
444.18 17.9
454.25 904.7
455.44 51.2
464.28 24.6
467.95 10.5
472.33 15453.4
473.46 1448.5
501.31 13.3
503.28 9.2
521.56 30.5
538.55 30.8
544.36 18.8
548.90 54.0
549.53 71.1
551.57 14.2
553.18 24.5
554.76 40.1
557.57 72.8
564.50 12.9
567.34 370.7
568.39 94.1
571.38 5751.2
572.49 939.4
579.21 16.7
581.20 13.2
585.48 161.6
596.39 21.0
628.50 60.6
629.56 56.6
637.50 22.3
638.58 33.1
654.49 154.2
655.53 77.6
658.77 18.0
664.61 47.6
665.61 50.6
669.55 11.9
672.47 28442.8
673.45 4880.4
682.51 66.1
699.26 13.3
699.88 17.0
700.60 32.2
707.60 30.1
709.45 12.0
714.41 14.7
725.44 3027.7
726.53 601.6
727.69 98.1
728.71 49.1
729.47 31.9
743.51 14628.4
744.57 2882.7
752.30 19.3
753.46 52.9
754.69 26.8
771.33 92.8
774.59 16.7
835.83 51.0
