1082.49443 2
156.14 3.3
161.01 1.4
164.87 1.7
171.14 1.1
174.89 4.6
175.52 1.8
176.20 9.3
178.28 7.1
181.16 4.5
182.23 5.7
186.07 9.3
187.07 16.7
190.16 6.1
190.93 4.6
192.07 1.3
193.34 9.2
195.12 5.0
196.24 2.9
197.23 2.9
199.94 5.1
201.02 2.4
203.23 2.5
204.18 68.7
208.04 3.3
209.23 3.6
210.66 4.5
212.11 1.9
214.03 6.5
215.21 6.7
215.97 8.0
222.97 6.8
224.17 3.1
226.61 6.7
228.25 2.4
229.37 1.9
230.24 11.4
231.04 4.4
232.32 6.1
233.43 10.1
235.16 6.0
238.44 10.0
241.24 1.9
242.37 24.6
243.22 6.5
244.23 3.3
248.33 1.4
249.16 11.2
254.15 23.2
256.22 10.4
257.30 5.1
258.04 2.8
260.29 6.1
262.25 9.9
263.24 1.7
265.22 3.0
266.20 5.4
269.55 7.0
270.27 48.4
271.21 8.6
272.09 4.1
274.00 3.0
275.24 16.0
276.13 4.3
277.16 10.9
278.28 5.1
280.67 25.9
283.32 18.8
284.19 8.3
286.24 8.0
288.26 37.8
290.93 12.0
293.02 7.5
296.42 2.2
297.23 5.7
298.19 12.2
300.19 7.5
301.31 11.9
302.90 12.3
304.20 3.2
305.14 2.5
306.50 7.8
307.19 2.2
308.15 1.9
309.57 7.8
310.40 2.1
311.80 1.9
312.54 4.7
314.02 3.9
317.24 2.8
320.19 4.0
321.49 10.5
322.16 8.7
324.39 6.3
325.85 2.2
327.10 22.8
328.17 5.2
329.07 6.8
330.21 5.2
331.32 3.2
332.36 8.9
333.19 3.5
334.07 7.3
337.44 4.4
338.62 2.9
339.60 4.0
341.01 3.2
342.31 5.3
343.57 3.6
344.50 10.3
345.15 8.0
347.90 14.8
348.96 5.9
350.10 69.9
352.26 9.2
356.34 6.4
357.54 8.8
358.92 7.4
360.33 4.6
361.44 3.7
363.14 6.0
364.19 8.1
365.04 3.6
366.10 24.8
367.36 2.9
368.64 7.3
371.63 17.2
372.84 9.3
374.20 4.8
376.15 1.6
378.41 1.2
379.55 7.3
380.31 9.8
382.29 7.2
383.12 8.3
384.25 30.9
385.55 10.8
386.21 9.4
388.24 2.0
390.21 6.4
391.31 12.6
392.24 22.4
393.06 32.7
394.65 103.8
395.34 19.0
396.28 12.4
397.33 14.1
398.08 9.2
399.24 5.2
401.05 2.0
402.38 17.3
403.48 9.3
404.32 20.2
405.51 17.4
406.40 5.8
407.37 5.1
408.17 11.4
409.18 1.2
410.19 22.1
411.41 4.4
412.42 5.1
413.03 14.4
414.05 29.8
414.81 1.1
417.69 15.0
418.32 13.5
420.02 47.9
421.10 18.1
422.05 10.5
423.72 12.5
424.42 27.6
425.39 14.7
426.15 11.9
427.12 52.6
427.99 30.3
429.35 23.1
430.76 10.3
431.57 19.6
432.67 9.4
433.47 3.3
434.99 74.7
436.04 103.9
436.97 12.7
438.17 23.3
439.64 37.5
440.29 116.0
441.27 13.1
443.20 17.1
444.05 5.7
445.34 12.4
446.49 4.8
447.90 1.5
449.33 17.3
450.59 9.3
451.20 2.5
452.38 20.7
454.05 9.7
454.71 5.3
456.06 6.4
457.29 1.3
459.15 11.5
461.62 10.2
463.24 61.1
464.36 8.0
465.69 4.1
466.80 17.6
467.73 12.4
468.39 10.7
469.37 8.3
470.26 3.8
472.33 2.1
473.11 13.5
473.98 4.7
475.72 306.7
477.21 10.2
477.82 7.7
478.45 14.8
480.39 40.4
481.14 139.2
482.21 47.3
483.22 21.3
484.11 66.3
484.72 17.0
485.46 15.4
486.53 11.7
487.76 13.2
488.85 12.2
490.38 47.6
491.28 5.9
492.21 4.3
493.34 4.2
496.30 14.7
497.22 59.4
498.16 27.9
499.80 23.0
500.75 14.4
502.24 48.5
503.23 3.3
504.74 16.1
505.50 45.2
506.46 37.8
507.95 41.7
509.23 18.1
510.08 36.9
511.18 88.5
512.29 17.5
513.22 9.5
514.72 24.2
515.92 8.2
517.51 14.1
518.30 46.7
519.43 98.6
520.29 116.5
520.96 38.4
521.94 17.4
523.24 191.5
524.18 307.1
525.13 105.9
526.09 144.7
527.34 47.7
528.13 6.4
529.53 34.4
530.61 37.4
532.55 370.8
533.53 69.7
536.25 2.6
543.11 1.2
547.21 8.9
548.34 1.4
553.95 10.4
554.74 10.7
555.42 19.0
557.29 1.4
563.52 1.3
564.27 3.9
565.34 5.3
566.21 5.6
567.41 4.6
570.72 5.4
571.43 1.3
573.12 4.2
575.27 1.4
576.63 3.3
580.43 1.1
590.65 11.9
591.42 6.1
593.41 6.8
594.42 6.0
597.07 3.5
599.50 1.3
602.33 3.9
603.21 2.1
603.89 12.1
604.62 5.9
606.39 4.9
607.05 1.6
609.37 1.4
610.49 4.2
613.36 8.1
619.05 5.5
620.54 3.3
621.54 5.4
623.83 8.5
624.54 2.4
625.39 2.9
626.52 1.2
630.34 7.8
631.34 11.2
632.06 4.9
635.08 7.9
636.34 1.4
637.37 1.6
639.21 1.1
640.70 2.5
641.64 11.1
644.31 3.0
646.49 5.0
648.21 66.6
649.35 10.1
651.63 2.7
653.33 8.8
653.99 39.3
656.30 7.0
659.29 34.2
660.51 10.9
661.49 10.0
663.36 1.2
666.53 6.6
667.50 6.3
670.62 2.3
676.11 5.7
677.43 4.8
678.64 4.7
679.42 2.6
680.97 9.9
681.60 11.3
683.07 14.0
688.79 13.3
689.67 9.0
692.18 3.6
693.69 11.7
695.57 6.9
699.29 6.3
700.33 12.1
703.73 9.7
704.37 5.0
705.44 12.5
706.57 1.7
708.61 6.8
710.91 9.4
712.14 3.0
715.57 8.9
716.17 5.2
717.13 19.8
721.70 8.1
724.41 2.6
725.58 8.2
727.55 2.6
729.97 8.8
730.75 4.7
731.59 9.2
733.70 4.4
735.51 1.6
738.36 13.1
739.10 25.6
740.32 6.7
742.44 5.7
743.48 2.0
744.49 3.3
746.00 4.1
747.76 16.8
749.47 1.4
751.37 8.9
753.65 3.4
754.59 6.3
756.33 25.3
757.44 2.2
758.61 2.5
761.30 4.9
763.50 10.3
764.29 4.7
766.57 7.1
767.19 4.7
771.32 1.1
772.20 8.6
775.37 3.1
776.21 1.7
777.20 6.4
780.50 21.2
781.43 5.0
787.64 1.6
788.37 17.1
790.24 15.4
792.21 5.8
793.73 6.3
794.35 4.6
795.31 38.4
796.06 5.2
796.71 3.1
804.02 5.3
805.33 9.0
806.50 30.2
807.62 23.3
808.42 102.6
809.28 5.1
810.37 4.7
811.34 3.6
812.55 11.6
813.40 38.7
814.03 1.2
814.72 4.1
818.42 1.2
819.48 6.2
820.40 8.4
821.65 7.2
822.62 7.3
824.42 3.6
826.67 4.3
828.24 2.6
830.06 2.8
834.60 4.6
839.01 3.8
841.32 14.9
842.39 4.0
844.30 4.0
849.32 5.3
850.44 1.6
852.27 13.1
855.58 4.4
859.55 1.9
860.43 2.2
862.32 45.4
865.47 5.9
866.56 3.8
867.65 13.4
868.54 24.6
870.37 3.3
875.40 2.0
876.72 1.4
879.38 260.9
880.39 7.7
882.77 1.9
885.48 7.3
886.36 5.7
888.47 6.4
889.39 3.1
890.36 1.7
891.40 5.3
892.23 2.5
893.36 24.1
894.16 5.1
903.42 1.5
905.38 6.1
908.68 2.3
909.67 4.3
910.63 2.5
912.47 2.2
914.51 3.2
919.43 2.5
922.37 10.2
925.95 6.7
927.67 3.2
931.28 1.1
932.54 70.3
933.55 77.8
936.53 11.4
946.52 6.7
950.41 964.2
951.36 64.6
953.78 1.0
962.13 1.3
964.64 1.7
972.89 1.3
976.01 1.4
977.65 3.3
979.62 1.4
982.20 8.6
983.75 1.4
990.52 4.0
994.58 1.7
1044.51 1.4
1046.03 4.3
1047.88 2.9
1061.72 4.5
