1361.69426 2
198.01 2.0
199.27 9.2
201.22 15.3
202.46 1.6
204.25 12.9
205.19 4.1
206.35 3.0
208.21 1.1
209.27 1.1
211.16 13.5
214.24 1.8
216.13 6.5
226.12 2.7
229.20 24.7
237.38 1.1
238.10 1.3
243.39 8.3
244.30 2.0
252.06 2.2
253.56 4.4
254.23 9.8
255.42 1.3
262.09 13.6
263.17 1.8
266.35 3.0
267.16 2.7
268.19 2.2
269.12 14.0
273.11 28.5
275.32 2.4
279.22 3.6
281.03 6.9
282.23 29.6
284.16 1.5
285.25 4.7
286.15 2.4
287.32 11.2
289.23 3.5
291.24 349.5
292.24 15.4
293.27 1.3
295.19 5.8
300.21 19.2
301.29 4.1
303.25 9.7
307.18 1.7
308.09 1.6
309.38 1.6
309.99 3.5
312.42 5.9
313.24 3.9
314.29 1.5
317.87 1.2
321.22 3.0
322.41 6.0
324.62 1.7
325.35 5.5
326.96 5.1
329.44 10.7
330.35 8.1
332.27 1.3
332.98 2.3
338.17 123.0
339.31 32.0
340.34 7.0
347.21 1.6
348.42 2.5
349.42 2.3
351.14 5.1
354.10 2.9
355.36 2.1
357.23 9.1
363.50 2.3
365.16 69.2
366.39 6.1
368.11 6.2
369.26 2.2
370.16 3.2
373.66 11.9
375.55 5.2
376.21 3.4
377.32 6.2
379.05 1.2
381.33 3.6
382.63 23.8
383.34 116.5
384.19 42.7
386.44 2.0
391.16 2.0
393.70 6.2
397.33 6.4
398.44 3.3
401.23 144.4
402.29 167.9
403.18 8.2
406.35 1.5
407.31 1.1
408.31 1.5
410.28 1.3
411.22 2.1
413.10 8.4
414.20 9.9
415.24 11.1
417.39 4.6
419.29 569.1
420.46 42.5
423.29 3.9
426.97 1.3
429.11 9.5
432.33 4.2
438.39 7.2
439.84 2.9
442.24 11.0
444.20 8.2
445.72 5.2
446.36 6.0
450.31 1.3
451.26 1.8
452.69 9.6
453.39 12.4
454.50 10.6
457.78 5.8
460.92 4.9
461.53 1.8
462.27 12.0
463.31 1.3
467.12 1.3
468.34 4.8
469.82 9.5
470.58 7.3
471.27 5.0
472.58 7.9
474.23 1.2
475.38 1.3
478.47 6.8
479.32 100.3
480.19 48.3
481.54 3.4
483.56 2.8
485.05 14.5
486.46 3.8
487.51 1.5
488.27 2.4
489.49 4.8
491.20 1.9
494.39 4.4
497.22 106.4
498.28 9.6
500.52 3.6
501.47 8.4
502.51 2.3
503.28 15.0
504.84 25.3
505.53 3.7
507.37 5.4
509.49 2.0
510.55 2.7
514.61 22.4
515.48 28.5
516.37 1.9
517.18 4.6
518.36 376.8
519.40 46.1
523.16 197.9
523.94 10.9
524.68 4.5
525.87 4.0
527.22 7.6
528.19 5.9
531.87 104.7
532.80 7.8
533.52 1.3
535.36 2.6
536.22 4.6
538.40 4.1
540.11 12.4
541.46 4.2
542.38 10.9
543.12 3.7
544.81 70.3
546.06 2.2
547.48 4.6
548.17 4.6
549.67 38.4
550.43 11.7
553.28 3.2
555.24 1.5
556.77 7.0
558.24 151.9
558.89 127.1
559.51 18.1
561.05 5.9
563.00 1.3
564.24 1.6
566.55 39.6
567.51 237.6
570.89 3.8
572.35 10.0
574.42 1.0
576.11 2.4
577.00 7.6
577.86 8.1
580.28 3.8
581.34 5.7
582.34 2.3
584.30 162.1
585.42 26.2
586.38 4.4
589.01 4.4
590.27 4.6
590.95 1.1
592.14 5.2
593.55 1.6
594.31 5.5
595.39 3.7
597.24 2.4
598.06 7.5
599.04 13.4
602.43 8.3
603.29 3.4
605.03 1.0
606.88 15.3
608.12 17.4
609.03 8.2
610.35 4.9
611.03 6.6
613.61 10.5
614.92 7.3
616.19 42.2
617.03 17.6
617.79 2.2
618.95 18.0
619.80 41.1
620.44 6.3
621.66 3.4
623.54 9.8
625.49 6.4
627.54 1899.9
628.45 3535.2
629.54 19.4
630.23 3.6
631.42 389.3
632.40 78.2
633.29 8.4
634.20 3.4
635.41 11.9
636.62 21.3
637.42 9.0
638.55 18.4
639.70 7.2
640.88 39.3
641.61 2.5
642.23 9.0
643.24 10.8
644.36 19.5
645.64 21.3
646.40 25.3
648.49 1.1
649.20 7.5
649.90 17.7
650.71 17.5
651.41 26.0
653.42 5.5
654.35 110.2
654.97 210.8
658.06 4.4
658.82 19.1
659.83 10.1
660.56 1.0
661.25 1.2
663.45 1053.1
664.06 732.4
665.07 7.0
666.96 6.1
669.98 28.0
671.27 2.9
671.90 7.2
673.03 4.5
695.20 99.2
696.20 34.3
697.47 19.6
698.41 20.8
699.04 1.8
699.76 2.5
709.50 2.2
710.60 1.7
713.23 42.2
714.19 22.2
715.33 59.9
716.38 9.6
719.39 4.7
728.45 4.9
729.26 4.0
732.81 10.6
742.47 16.6
743.41 21.3
745.59 4.1
746.36 4.8
755.50 1.9
758.27 14.8
760.45 248.8
761.48 54.3
762.18 3.3
763.44 2.0
764.40 4.9
765.35 2.5
768.74 3.4
769.43 1.2
771.14 9.1
772.64 2.1
773.27 8.3
776.49 3.0
780.49 2.6
783.38 4.7
784.44 2.5
791.32 8.2
792.18 5.1
793.47 7.3
794.46 3.0
797.61 1.7
799.51 6.1
802.62 4.8
804.48 5.3
808.37 73.9
809.45 84.7
810.71 7.1
811.63 3.6
812.40 3.7
813.52 4.5
814.57 1.8
815.58 2.8
816.30 7.0
816.99 4.6
824.69 7.9
825.80 55.1
826.45 190.5
827.41 85.0
828.45 18.2
829.47 49.2
830.59 26.1
831.73 1.9
842.38 7.8
843.17 11.2
844.48 58.0
845.45 8.6
847.49 409.9
848.61 147.7
856.34 9.8
858.65 6.1
859.54 10.3
863.49 2.9
865.24 2.2
867.08 2.5
872.44 3.2
876.75 3.9
880.57 6.5
881.56 4.8
882.68 1.5
889.40 3.5
890.39 13.4
891.50 3.4
893.35 2.4
895.59 7.4
897.28 19.8
898.55 6.6
899.79 4.1
905.58 4.3
907.50 66.2
908.37 76.5
909.50 21.0
911.69 5.2
912.35 4.6
913.38 18.9
913.99 1.1
915.37 11.7
916.44 31.0
917.35 46.2
918.53 48.8
919.48 5.9
922.82 2.7
925.41 325.3
926.39 167.3
927.31 39.2
930.65 7.0
931.42 10.1
934.40 1.9
943.51 133.2
944.55 96.7
945.51 25.4
947.50 3.5
948.79 1.3
952.56 9.0
954.52 4.4
961.52 410.4
962.67 97.5
972.48 3.3
985.55 2.7
992.86 8.1
1001.65 6.3
1003.98 2.3
1006.36 12.4
1007.50 8.3
1008.48 6.3
1009.74 3.1
1010.82 4.0
1012.36 2.0
1013.45 1.5
1018.89 1.1
1021.86 1.8
1023.38 2.2
1026.71 4.9
1031.54 3.4
1035.43 4.3
1036.52 17.1
1037.38 7.3
1039.45 2.8
1040.45 7.8
1044.61 16.7
1045.59 41.5
1046.65 6.4
1053.42 39.0
1054.35 41.7
1055.56 7.1
1057.36 8.6
1058.58 3.9
1059.54 3.2
1062.58 252.0
1063.69 94.3
1071.44 75.3
1072.64 8.4
1076.60 1.6
1082.24 1.8
1091.16 4.1
1092.14 1.7
1095.71 2.8
1096.45 4.2
1099.60 1.5
1100.49 5.2
1104.74 4.7
1115.71 14.8
1116.55 8.2
1117.83 1.4
1122.52 6.0
1123.61 4.9
1124.58 2.0
1126.70 3.9
1127.66 1.5
1129.51 1.2
1130.90 2.5
1133.62 340.3
1134.63 76.7
1139.20 1.5
1140.60 60.9
1141.59 34.3
1142.76 4.6
1144.99 3.4
1146.66 2.1
1147.60 7.1
1151.67 3.3
1158.60 39.2
1159.45 11.5
1162.40 1.3
1166.35 1.2
1168.54 1.1
1170.48 3.8
1179.17 9.8
1180.83 1.1
1193.39 1.4
1197.36 4.9
1198.40 5.7
1213.32 5.4
1214.73 4.0
1215.68 14.1
1216.37 3.4
1243.38 1.2
1259.83 1.9
