726.3540499999999 2
113.88 4.1
115.18 2.0
122.26 2.8
126.22 2.0
128.09 20.3
129.25 5.7
130.29 2.6
132.20 1.3
136.74 1.9
138.95 6.6
143.24 4.0
147.31 11.0
149.12 34.4
151.43 3.1
153.17 7.0
154.31 2.4
155.14 5.8
156.00 2.2
157.25 1.1
158.15 6.2
159.14 10.5
161.28 2.3
162.95 3.3
165.35 1.8
166.18 1.5
167.01 3.6
168.02 1.7
172.07 3.6
173.19 2.0
175.33 3.4
178.48 6.1
183.45 3.0
184.09 4.4
185.01 8.8
187.26 12.5
195.02 3.4
197.04 5.0
200.14 2.4
201.11 4.9
205.41 2.6
206.26 2.6
207.50 2.2
209.18 3.3
210.29 2.3
211.21 7.8
212.24 2.5
213.15 1.5
215.22 1.8
222.88 14.0
223.59 5.1
225.20 11.4
227.18 5.3
228.24 5.7
229.14 2.1
230.25 1.1
231.12 7.2
232.07 2.1
234.35 1.5
237.06 2.8
238.25 2.8
239.20 1.2
242.21 4.0
245.04 2.5
246.24 3.9
247.11 15.2
249.39 13.5
250.16 8.1
251.21 62.4
252.10 3.5
253.14 4.1
254.19 2.4
255.28 5.6
257.88 12.0
258.87 13.2
260.25 8.2
261.39 5.3
263.22 10.4
264.30 3.6
265.59 20.8
267.06 1.3
267.86 2.5
269.34 16.6
270.11 17.8
270.76 3.1
272.15 4.5
273.47 11.4
274.51 2.1
275.43 9.4
277.20 9.5
278.13 4.0
279.32 10.2
280.28 6.0
282.81 7.4
283.76 5.9
286.10 5.1
287.40 6.3
288.55 2.3
289.41 11.3
290.42 4.1
291.45 4.2
292.26 9.6
295.40 1.1
298.50 2.4
302.39 2.7
303.29 21.4
304.25 2.6
305.16 7.9
305.94 11.1
307.12 14.8
308.79 5.2
310.64 8.3
312.18 3.3
313.14 4.8
315.00 9.9
315.64 6.2
317.18 18.2
318.41 10.3
319.22 13.6
320.09 5.6
321.85 37.5
322.96 99.2
323.89 46.2
324.95 9.9
326.05 15.3
326.68 8.7
327.38 19.4
328.19 11.8
328.86 1.6
329.49 12.4
330.20 8.9
332.68 344.5
333.36 357.4
334.53 10.2
335.44 28.7
336.45 7.3
337.58 3.4
340.02 6.1
341.82 1268.1
342.86 4.0
343.91 3.2
345.37 174.4
346.33 184.8
347.43 14.6
349.74 10.0
351.40 5.5
354.93 845.6
355.85 28.6
363.32 2.1
369.85 8.0
374.55 4.8
375.35 2.8
380.22 11.6
381.13 3.9
392.15 2.4
396.41 3.9
397.42 5.0
403.44 3.7
404.47 1.1
425.43 7.3
426.24 1.9
427.23 2.7
428.40 4.2
435.26 9.3
437.41 2.4
439.39 8.1
445.11 4.3
446.45 6.1
451.30 1.2
456.61 2.2
457.29 1.4
461.00 3.9
463.35 2.5
466.87 2.2
468.52 7.0
472.28 6.9
475.38 2.0
481.04 2.6
488.34 7.2
492.44 3.1
494.35 13.1
495.24 5.8
498.36 4.4
499.12 4.4
512.24 31.4
513.37 11.5
515.27 4.8
518.43 4.7
523.28 6.2
524.80 5.5
526.61 7.1
536.49 26.3
542.14 4.6
547.24 5.0
551.39 4.7
553.60 4.6
554.59 3.6
555.56 4.0
562.65 2.4
566.52 7.9
569.47 3.6
578.97 3.0
580.44 4.9
581.18 1.2
594.44 3.2
597.21 3.3
598.47 11.5
608.37 5.9
613.23 12.7
628.13 2.4
640.24 4.8
645.51 1.1
654.51 1.8
655.52 6.8
661.59 2.2
682.45 2.1
683.43 4.6
704.60 3.1
705.23 3.4
