1264.56389 2
185.14 7.7
187.14 1.5
190.18 6.8
199.29 5.7
201.19 3.9
203.19 1.8
207.14 1.3
208.97 3.3
211.08 3.2
213.20 2.5
216.23 3.5
218.09 5.5
223.30 8.9
224.56 4.2
225.22 5.7
226.05 5.4
227.27 4.9
228.12 2.2
229.32 2.1
232.16 1.8
234.15 15.9
240.30 3.7
243.37 2.3
244.24 11.5
245.14 3.8
246.15 2.2
251.30 1.7
253.17 12.8
256.10 4.2
258.28 2.3
262.06 1.4
263.26 1.0
264.30 3.0
266.26 1.9
266.92 1.8
272.39 5.6
276.07 2.4
279.10 2.8
282.23 4.4
283.10 2.3
285.23 2.3
287.84 2.8
294.16 2.3
297.22 2.6
298.48 1.3
300.16 4.7
303.45 15.1
304.66 8.4
305.30 7.4
306.96 5.8
308.39 7.5
309.97 3.1
313.06 3.8
320.15 7.4
321.23 8.9
322.32 5.6
323.23 2.9
324.39 7.3
325.39 2.4
327.28 8.2
328.38 3.7
329.39 3.9
330.51 16.8
331.15 2.0
332.20 3.7
333.08 5.4
334.46 2.5
335.56 1.4
337.36 3.0
338.44 12.2
339.40 5.6
340.84 2.5
342.16 13.2
347.27 5.5
348.45 7.9
349.29 6.4
350.01 1.6
350.98 5.2
353.40 1.9
354.11 6.0
355.17 3.4
356.24 1.4
357.79 3.4
358.42 5.7
359.32 7.6
360.28 6.2
361.80 10.0
367.05 1.0
369.19 3.1
370.19 7.0
371.39 2.0
372.25 6.2
373.09 6.3
374.02 3.2
376.26 10.8
378.16 11.8
379.47 2.6
380.14 2.0
382.14 3.4
385.16 1.6
385.79 3.7
388.15 14.1
389.35 11.7
390.22 16.7
391.11 1.1
392.20 2.0
393.11 5.1
394.09 7.3
396.01 4.2
397.07 1.4
398.34 8.3
399.24 12.3
400.25 7.6
402.02 1.6
404.36 5.8
406.30 8.4
409.09 9.0
413.26 29.1
414.20 13.7
415.96 37.0
416.65 9.3
419.94 1.6
422.01 47.0
424.25 61.1
425.95 5.9
427.02 2.8
428.13 3.9
429.18 1.2
430.22 13.0
431.28 2.3
432.41 15.3
433.27 9.8
434.18 3.2
435.31 8.1
436.41 5.4
437.26 11.6
438.62 37.7
439.38 38.2
440.29 6.7
441.17 13.4
442.17 4.6
443.44 6.3
444.31 27.7
445.26 27.9
447.63 8.2
451.26 7.5
452.27 1.3
454.38 9.9
455.46 10.2
456.27 25.5
457.09 6.7
458.28 5.1
460.23 7.3
461.36 7.9
462.38 4.5
463.21 2.0
466.61 9.2
467.55 4.4
468.51 14.1
469.41 3.8
470.48 8.9
471.17 4.0
472.22 2.2
473.21 32.5
475.16 10.4
476.14 2.5
479.55 1.9
480.40 2.5
481.36 3.9
482.36 18.5
483.36 15.8
484.24 14.9
485.25 8.5
486.39 14.6
487.46 2.5
488.35 16.1
489.88 16.6
490.62 3.4
491.47 5.5
492.37 10.1
493.46 4.6
495.53 5.7
497.14 17.1
498.24 5.7
499.08 1.1
500.35 16.9
501.28 36.9
502.30 13.0
503.21 1.8
504.23 4.9
505.14 11.2
506.42 6.6
507.47 15.1
508.85 7.5
510.25 73.2
511.21 5.5
512.22 22.0
513.18 15.1
514.10 8.1
515.39 4.3
516.20 3.0
517.26 2.7
518.31 12.1
519.28 17.1
520.22 39.8
521.21 4.2
522.37 1.5
523.35 14.9
524.19 9.3
525.95 24.9
527.62 6.8
528.71 10.6
529.52 4.8
531.53 33.2
532.33 39.1
533.41 6.8
534.35 4.9
535.49 7.6
538.87 14.0
540.49 33.0
541.39 22.5
542.43 15.9
543.14 5.7
544.83 14.3
545.75 9.7
546.79 21.3
547.53 7.2
549.26 2.1
550.19 3.8
551.55 18.1
552.93 11.2
553.83 3.7
556.44 4.2
557.20 11.3
558.34 3.4
559.74 25.8
561.10 31.3
562.27 9.6
564.44 2.0
566.45 5.1
567.37 9.8
568.25 7.7
569.79 16.5
570.50 12.9
571.38 14.5
572.27 19.3
573.26 15.5
574.35 24.4
575.13 6.5
577.12 4.2
580.22 3.7
581.32 13.8
584.33 6.5
585.25 7.3
587.36 9.0
588.32 34.5
589.37 10.5
590.17 10.2
591.22 7.2
591.85 1.7
593.13 11.5
596.28 40.4
597.37 44.1
598.48 24.3
599.35 2.2
600.23 13.1
601.67 13.2
602.49 15.6
603.31 18.1
604.48 35.6
605.13 41.9
606.14 3.9
607.43 16.2
608.32 5.7
609.07 3.2
610.17 17.6
611.30 13.9
614.27 190.9
615.30 227.1
616.35 65.7
619.40 17.4
620.86 36.4
621.62 5.5
622.39 11.0
623.49 51.9
624.32 15.3
632.59 1.8
641.45 4.0
648.43 2.0
654.57 11.3
655.38 2.2
657.49 3.3
664.54 2.3
673.64 4.1
681.24 20.5
686.22 1.1
690.48 23.4
693.25 2.6
696.49 1.0
699.54 1.2
701.61 6.2
707.11 4.5
710.35 4.5
711.03 26.1
712.30 10.2
713.46 1.5
717.51 3.3
719.36 46.0
720.44 6.4
722.85 1.3
723.75 4.2
726.97 3.9
731.29 5.4
734.32 5.5
736.28 18.2
742.69 2.0
745.54 41.5
746.22 12.3
747.52 2.1
748.99 14.3
750.51 7.5
751.41 2.1
752.39 75.3
753.32 6.3
754.57 26.2
756.25 87.3
756.91 8.2
762.20 127.2
762.87 4.9
774.87 11.0
776.80 2.6
777.69 2.3
778.55 1.5
783.73 2.9
785.67 10.4
787.33 2.7
792.53 6.2
793.92 5.4
797.40 5.4
798.47 2.6
799.48 11.8
803.23 11.8
806.00 26.3
809.18 86.9
809.94 6.5
811.48 3.3
818.43 3.9
825.55 16.8
826.22 3.6
827.63 11.1
831.53 29.6
832.59 22.2
833.48 5.0
840.33 3.6
841.07 6.2
850.52 27.8
851.55 44.1
852.28 10.2
856.45 5.4
860.10 2.9
860.99 3.3
865.92 6.6
868.31 2.8
869.53 1.2
870.41 3.1
871.69 13.3
873.94 1.6
875.13 16.8
876.01 2.3
879.50 3.7
883.18 1.9
889.32 5.7
893.50 4.1
896.69 6.2
899.55 1.3
902.54 2.8
908.50 14.5
914.99 3.8
926.74 11.5
932.53 4.6
935.46 12.2
938.64 3.0
947.52 1.0
949.37 5.0
950.87 3.5
951.64 2.3
953.57 4.7
963.41 3.8
964.64 2.1
966.54 28.8
967.49 16.9
968.54 3.1
979.38 4.0
983.90 2.1
987.57 2.2
988.44 3.6
998.54 1.8
1001.60 4.8
1015.29 6.1
1017.27 2.1
1025.90 1.3
1039.41 3.0
1045.50 3.7
1046.58 6.5
1049.41 2.0
1050.72 6.7
1055.68 4.0
1061.58 5.6
1067.36 2.0
1073.76 4.0
1075.53 11.6
1076.45 9.7
1079.48 37.1
1082.88 4.3
1090.80 2.9
1092.73 6.7
1103.62 5.0
1118.57 2.5
1132.63 10.6
1136.75 4.2
1150.52 6.6
1165.54 2.3
1226.41 3.4
1242.04 1.7
