1011.52104 2
146.82 2.8
148.19 6.7
149.06 1.7
157.16 3.8
158.12 7.7
163.13 1.7
171.20 1.4
173.38 4.1
175.16 102.4
176.21 9.9
177.18 3.4
178.45 7.9
179.09 3.3
180.24 3.0
184.29 1.3
185.23 1.7
191.32 1.8
194.06 1.5
197.23 12.2
198.37 1.8
199.01 1.5
200.53 6.8
202.10 3.7
206.55 9.6
209.14 1.7
213.21 3.8
215.02 1.3
216.19 9.3
219.32 2.8
222.07 4.3
223.21 7.2
224.27 2.3
225.31 2.5
226.27 5.2
227.06 6.9
228.37 3.0
232.30 1.3
234.27 8.6
235.42 6.6
238.17 8.5
239.28 6.8
240.47 7.6
242.33 13.4
243.30 1.8
244.34 1.1
245.10 2.6
246.45 3.3
248.52 7.5
249.39 4.9
250.36 3.3
252.19 1.9
256.18 1.8
257.07 1.5
258.27 5.2
259.02 1.3
259.98 3.4
261.34 2.2
262.25 3.4
264.14 2.6
265.10 18.8
266.86 11.2
268.40 2.6
269.09 1.4
270.12 6.2
272.34 1.8
273.20 2.0
276.05 7.6
280.33 1.5
281.18 34.5
282.23 49.1
283.09 39.6
284.13 31.8
286.05 5.4
288.25 6.5
289.17 3.3
290.29 8.6
293.42 1.4
294.26 9.2
299.11 12.3
300.14 5.7
301.12 5.1
302.19 4.9
304.24 4.3
305.26 1.8
307.11 4.1
309.08 11.6
311.08 14.3
312.08 3.1
313.34 10.0
315.45 4.9
316.32 4.9
320.22 1.2
320.89 3.0
324.15 2.4
328.97 4.8
330.27 17.6
332.18 8.8
333.36 1.3
338.11 2.7
341.91 15.3
343.26 9.8
344.19 5.6
345.35 4.7
347.41 5.4
350.17 5.4
352.46 3.1
353.26 5.6
354.18 2.3
355.46 2.6
357.09 6.8
357.95 5.3
359.29 5.6
360.05 4.0
362.05 1.0
365.30 14.5
366.46 3.8
367.49 1.9
368.35 53.7
369.35 8.9
370.29 1.8
371.09 8.0
372.01 9.7
373.08 2.3
375.41 3.8
376.29 3.4
378.32 1.4
379.20 4.9
380.47 2.3
381.20 3.5
382.24 4.6
383.47 12.6
384.30 7.7
385.03 5.8
386.07 8.2
387.33 4.9
388.40 2.9
389.40 110.8
390.32 15.8
392.39 37.9
393.18 7.6
394.16 4.3
395.45 3.0
396.67 7.1
398.46 257.1
401.10 9.0
402.43 11.9
403.35 16.1
404.66 7.3
406.15 1.2
406.83 3.8
408.27 6.3
410.67 8.7
411.46 17.3
412.89 3.9
414.61 16.8
415.98 19.6
417.13 21.6
418.11 39.6
418.76 11.9
419.74 5.4
420.48 1.2
424.77 4.4
425.46 5.4
426.29 20.2
427.57 25.1
428.25 35.3
428.88 18.5
430.07 8.3
431.42 8.3
432.37 33.5
434.26 12.3
435.39 6.9
437.43 13.4
438.17 1.6
439.21 6.7
440.38 6.2
441.82 13.7
442.80 25.7
443.93 13.2
444.58 14.7
445.58 17.5
446.38 5.3
447.27 6.3
448.54 6.8
449.97 108.2
450.70 4.5
452.28 14.3
453.23 2.6
454.37 8.5
455.26 6.1
458.69 28.2
459.98 3.6
461.49 32.3
462.31 17.2
463.46 49.8
464.19 7.8
465.14 6.2
466.14 14.8
467.48 120.3
468.39 10.5
470.09 28.4
471.26 25.4
472.12 6.3
473.17 24.2
474.04 18.1
475.23 20.3
476.48 731.4
477.47 46.4
479.10 50.9
480.13 31.4
481.36 4.1
482.33 57.2
483.06 53.9
483.90 42.7
484.78 44.7
486.28 25.6
488.46 418.5
489.72 121.3
491.24 136.7
491.91 77.4
494.10 48.6
495.03 25.1
495.92 4.5
497.44 1763.3
498.40 68.8
505.80 6.8
512.38 4.6
523.24 6.8
524.46 3.5
527.53 3.5
528.35 13.9
529.43 3.0
531.96 2.3
533.65 3.5
535.86 1.6
537.09 1.9
538.33 8.3
539.88 9.4
541.38 7.0
543.52 1.0
545.66 9.5
550.46 3.8
551.61 1.7
554.27 3.9
556.28 1.3
560.27 4.2
564.07 3.9
568.45 69.1
569.41 14.5
570.28 6.4
573.46 1.7
574.56 8.8
575.24 6.9
578.42 4.8
579.41 17.6
580.72 3.1
582.62 9.5
591.62 6.2
592.54 3.4
595.16 12.6
596.68 9.8
598.44 2.5
599.48 16.6
600.51 4.2
602.60 7.8
606.45 4.4
607.44 4.7
608.65 4.4
610.29 2.9
611.51 1.1
612.56 1.9
614.92 3.7
618.45 3.2
621.44 16.4
622.45 6.1
623.60 22.7
625.03 16.9
628.91 11.6
630.69 23.7
631.51 8.1
632.96 21.0
634.21 9.8
636.26 1.8
639.66 2.1
641.16 33.8
641.79 38.4
642.68 21.5
643.40 4.7
645.73 1.3
648.43 1.4
650.06 2.1
650.84 71.6
651.76 64.5
652.42 14.1
653.73 3.8
654.57 5.6
656.45 3.2
658.54 1.5
660.67 3.2
665.04 10.6
667.99 8.3
669.20 5.9
671.21 1.6
672.23 8.9
672.93 2.1
674.60 7.5
676.30 3.6
679.55 4.0
681.47 1.9
682.54 6.4
683.70 16.8
684.60 3.1
685.98 4.1
691.46 1.6
693.05 9.7
695.53 12.1
696.27 4.3
697.89 11.3
698.57 8.5
699.39 6.3
705.08 4.2
706.73 5.6
709.04 21.1
710.53 4.2
712.65 8.2
713.54 8.7
714.60 2.4
715.68 12.2
718.24 11.1
718.85 6.2
719.74 2.5
721.44 7.4
723.39 3.6
724.81 7.4
725.94 2.3
728.60 3.3
731.51 1.9
733.66 4.9
736.35 8.9
737.55 6.4
738.86 9.1
739.60 2.9
742.28 4.6
745.53 4.7
747.58 7.4
748.57 9.3
749.59 2.0
750.90 1.9
752.43 32.8
753.32 6.0
755.62 6.7
756.39 4.8
757.63 1.6
759.67 1.1
761.70 7.5
764.17 1.2
766.47 2.3
769.76 12.8
770.39 219.0
771.50 50.2
772.62 1.1
773.60 2.9
776.80 2.8
777.55 6.0
778.47 6.7
779.74 3.9
780.54 2.3
782.34 1.1
784.11 5.8
785.12 1.2
785.92 5.5
787.99 10.7
790.56 2.4
794.39 6.2
795.54 78.0
796.51 24.9
798.39 11.0
799.55 5.2
800.45 32.0
804.23 3.2
807.49 6.3
810.45 2.1
813.30 4.5
815.45 10.8
816.69 8.8
817.71 7.1
819.42 9.8
820.55 10.4
821.39 19.8
824.24 4.7
825.74 3.6
830.34 4.1
834.51 6.0
835.32 12.6
837.46 255.9
838.46 41.2
839.50 6.4
840.49 5.1
842.39 8.1
846.72 1.2
847.52 3.5
848.50 3.0
855.47 23.9
856.80 11.5
858.45 1.9
865.44 7.9
866.60 4.1
867.50 2.8
869.31 3.5
878.78 1.3
881.75 5.9
882.59 2.6
883.29 8.7
884.55 1.4
893.95 12.1
894.68 1.4
898.53 9.2
899.42 14.5
900.56 1.2
926.63 1.8
931.13 3.7
936.82 4.8
952.81 2.0
972.76 11.7
973.55 3.2
974.48 7.9
989.42 5.8
990.17 6.0
