2864.340609999999 3
267.97 2.6
272.11 2.9
278.20 2.9
279.33 3.4
280.12 3.2
283.26 4.6
285.09 3.5
286.26 5.1
287.29 9.8
291.16 2.2
294.48 3.9
296.07 2.2
297.30 7.6
298.40 5.0
304.23 2.8
305.46 3.4
307.61 5.6
308.32 3.5
310.09 3.3
312.02 23.2
313.31 11.8
314.22 1.1
315.19 7.2
316.28 1.3
317.39 2.2
319.81 12.6
323.21 13.7
324.24 5.6
330.21 15.2
331.37 5.7
332.14 5.5
334.37 3.0
336.20 2.0
337.21 3.4
339.34 17.6
340.97 19.9
342.15 1.6
346.14 2.6
349.54 2.7
350.42 1.8
351.21 20.8
352.36 2.3
354.41 1.7
355.36 1.8
356.28 4.0
357.22 4.2
359.29 1.3
366.15 12.1
367.31 7.8
369.23 20.3
370.10 2.8
373.21 8.9
374.28 1.1
376.19 1.6
379.17 1.0
380.47 4.9
382.99 5.8
384.02 4.2
385.49 13.8
386.32 2.4
390.25 2.4
392.22 1.5
392.99 2.9
394.36 5.5
396.57 5.2
398.47 9.3
400.07 4.1
402.23 5.5
403.40 3.2
404.74 8.1
407.21 13.3
409.99 3.7
411.40 4.0
414.16 3.1
417.33 1.2
419.36 6.5
421.38 11.0
422.23 6.5
424.32 4.4
426.38 2.6
428.52 9.8
429.21 3.0
431.51 1.1
433.01 1.2
434.45 3.0
435.36 3.1
436.36 3.1
438.76 8.5
440.48 4.7
441.60 2.8
443.15 7.6
444.19 12.4
446.09 3.5
447.44 2.2
448.24 1.0
450.19 2.1
451.46 7.2
453.02 12.0
454.25 1.4
456.16 2.7
458.38 18.2
459.21 5.2
459.90 3.5
463.23 4.6
464.18 2.5
465.10 2.5
466.33 9.3
469.22 1.2
470.42 3.0
471.27 4.6
472.32 2.5
474.45 1.4
475.23 8.0
476.38 1.1
480.61 4.1
481.94 4.8
483.36 8.8
484.30 5.1
485.49 6.0
487.37 6.4
488.32 16.7
489.43 5.6
491.14 1.3
492.15 1.3
493.46 3.7
494.36 8.3
495.46 3.7
496.30 9.7
497.62 11.8
498.46 12.9
499.37 18.8
500.23 5.8
501.40 12.3
502.40 5.9
504.20 1.9
506.22 3.3
507.19 3.5
509.04 14.3
512.22 4.8
513.37 9.1
514.42 1.0
516.31 105.0
517.30 8.5
523.10 1.5
525.47 1.2
526.89 5.0
527.97 3.5
528.82 11.5
534.44 1.4
535.12 1.8
536.37 18.0
538.28 1.9
540.43 1.1
543.40 4.8
551.25 3.2
552.43 5.4
553.47 11.2
554.37 15.8
555.57 17.9
556.40 7.6
558.02 1.8
559.66 8.5
561.71 2.5
562.40 2.2
564.37 2.2
565.40 2.6
567.27 10.5
569.25 17.7
570.63 48.4
571.57 5.0
572.54 7.5
573.73 6.1
578.76 12.3
580.03 9.5
580.69 1.9
581.37 7.9
582.32 29.3
583.35 13.5
584.66 14.1
585.43 20.2
586.33 3.4
587.25 29.7
588.38 17.2
589.62 2.3
591.39 3.0
593.42 2.6
594.50 1.2
596.43 3.9
597.55 16.3
598.44 9.5
600.39 4.9
601.31 5.8
604.07 5.0
604.70 7.1
605.34 7.9
608.70 15.0
610.52 1.8
611.57 8.6
612.21 3.4
614.40 1.8
615.21 4.1
616.42 3.7
619.48 9.5
620.52 21.6
623.51 2.2
624.56 4.6
626.62 10.8
629.42 6.7
631.34 2.9
636.38 25.1
637.43 16.4
638.74 2.7
639.42 3.3
640.61 2.8
641.40 2.2
642.50 1.7
643.55 5.2
646.64 1.3
649.40 15.2
650.33 5.1
651.27 13.4
652.30 7.5
654.33 2.0
656.25 4.8
657.64 1.0
658.42 2.1
659.37 1.9
663.06 2.8
665.32 3.4
666.42 7.3
667.52 3.9
669.70 20.8
670.36 5.9
672.42 1.8
673.50 3.4
675.46 4.4
678.48 3.0
679.39 2.2
680.37 6.8
681.02 1.2
682.51 1.8
683.44 11.5
686.43 4.8
687.14 5.6
688.44 1.2
690.44 1.8
691.61 10.2
693.65 4.3
694.42 1.6
696.42 10.8
697.44 12.1
698.40 8.4
702.51 11.8
705.60 2.5
706.60 6.6
707.60 15.4
708.50 12.4
709.81 2.1
710.75 9.3
711.93 34.7
713.85 7.4
715.50 1.4
717.00 4.1
717.97 25.4
719.03 5.1
720.62 10.0
721.79 11.0
722.66 5.1
724.53 7.0
725.30 14.2
726.06 7.1
726.94 10.1
729.46 26.6
730.21 12.7
731.57 6.1
732.35 26.6
734.21 5.1
735.76 19.8
737.88 9.0
738.62 2.2
739.24 6.8
740.42 6.2
741.42 16.0
742.20 12.1
743.51 4.6
744.84 23.1
746.69 7.9
747.82 31.1
751.82 37.3
752.62 8.1
753.64 5.4
754.61 16.2
755.87 17.6
756.54 22.4
757.40 14.9
758.45 4.9
759.08 8.9
761.80 22.9
762.72 10.1
763.61 11.9
765.08 22.4
766.03 4.6
768.43 1.7
769.63 2.2
770.58 17.5
771.96 4.5
774.71 56.1
775.62 38.7
779.42 30.7
781.43 15.8
782.48 10.4
783.45 51.2
784.48 63.2
785.64 31.9
786.54 3.4
788.23 40.3
789.35 13.5
790.12 37.5
790.88 67.8
791.94 15.6
793.73 61.2
794.96 19.7
796.11 32.8
796.96 32.5
798.55 87.3
799.44 28.0
800.53 38.1
801.52 68.8
802.68 44.6
803.70 16.1
804.73 17.3
805.40 13.5
806.05 1.6
806.97 72.7
807.87 14.6
808.72 25.0
809.49 11.8
810.33 5.1
811.80 57.8
812.60 47.3
813.43 73.6
814.27 46.5
815.52 67.1
816.34 41.7
817.72 69.9
818.57 74.0
819.48 25.4
820.13 3.2
821.64 156.6
822.44 131.7
823.39 46.0
824.30 68.0
825.57 17.3
826.73 49.8
827.58 203.9
828.41 145.0
829.90 29.7
831.16 62.3
832.02 19.8
833.26 49.8
833.99 51.6
834.69 23.1
836.09 112.8
837.19 192.6
838.29 73.8
839.31 70.2
840.19 107.0
841.02 81.8
841.96 45.1
842.97 28.5
843.74 30.4
845.19 103.7
846.43 238.0
847.59 30.0
848.90 47.8
849.54 55.8
850.61 36.4
851.44 81.0
852.22 9.0
853.67 42.4
854.74 266.3
855.64 126.7
856.51 51.2
857.31 35.5
858.26 18.7
859.33 57.4
860.97 347.3
862.47 40.0
863.15 66.7
864.22 72.9
865.20 34.2
866.27 53.3
866.94 69.2
867.59 35.1
868.50 131.1
869.33 54.1
870.31 199.8
871.33 71.0
872.38 79.5
873.01 154.9
873.84 217.5
874.72 179.1
875.46 180.1
876.54 36.9
877.49 60.1
878.50 367.2
879.21 341.7
880.16 251.3
881.07 192.1
882.48 109.9
883.60 396.4
884.41 326.4
885.60 40.0
886.75 69.9
887.65 117.0
888.48 203.2
889.57 416.6
890.31 260.6
891.07 63.9
892.21 71.3
893.34 163.5
893.99 205.9
894.71 118.0
895.79 53.8
896.71 178.4
897.89 167.6
899.58 43.3
900.93 111.0
901.79 227.7
902.41 365.1
903.30 254.6
904.35 56.6
905.55 244.0
906.51 257.0
907.42 234.3
908.08 403.8
908.77 252.8
909.83 222.8
910.57 197.2
911.22 154.9
912.11 185.5
912.94 417.0
913.86 280.3
915.08 42.0
915.75 263.6
916.42 211.0
917.24 605.7
918.11 147.8
918.90 367.6
920.44 177.5
921.62 399.7
922.79 1233.2
923.66 330.3
924.57 60.2
926.10 234.7
927.07 236.3
928.08 101.1
928.78 220.8
929.85 238.1
930.99 82.4
932.20 154.3
933.03 122.2
934.03 103.3
934.72 227.2
935.69 274.7
936.87 63.2
938.01 528.2
938.64 408.4
939.45 182.2
940.32 396.1
941.15 545.4
942.47 28.0
943.58 90.3
944.29 765.7
947.71 3.3
949.62 1.8
962.38 4.0
964.88 6.7
965.53 2.9
967.60 12.7
969.79 9.9
970.61 9.6
972.02 4.2
974.55 4.2
975.74 21.5
976.82 24.2
978.53 3.5
979.17 1.2
981.64 16.4
982.66 13.5
983.43 13.8
984.15 21.9
985.57 7.9
986.88 10.0
987.48 11.1
988.97 25.9
991.62 5.4
993.74 15.6
994.74 8.1
995.47 9.0
997.41 47.7
998.13 11.9
999.16 16.1
1000.63 9.7
1001.63 16.5
1003.55 25.4
1004.46 35.5
1005.79 34.7
1006.49 3.9
1007.26 6.6
1010.61 49.7
1011.48 21.7
1012.38 11.9
1013.53 2.3
1014.58 24.6
1015.68 11.6
1016.49 4.6
1017.70 37.1
1018.43 28.6
1019.35 62.4
1020.39 17.7
1021.36 20.1
1022.50 4.4
1023.35 15.9
1024.58 33.5
1025.57 4.4
1027.68 10.0
1030.03 6.7
1030.68 8.3
1031.47 1.4
1032.42 12.4
1033.58 29.0
1034.18 14.2
1034.99 4.0
1036.89 13.2
1037.81 16.6
1039.66 5.0
1040.80 11.4
1041.68 8.9
1043.05 8.4
1044.89 32.6
1046.49 32.5
1047.72 5.6
1048.65 23.4
1049.60 12.7
1050.36 22.5
1051.07 16.9
1052.93 46.7
1053.82 71.3
1054.89 57.0
1055.95 28.7
1056.65 3.2
1058.02 40.4
1058.78 10.5
1059.48 16.1
1060.28 43.8
1061.10 48.0
1062.34 77.1
1063.17 56.8
1064.55 5.2
1066.98 21.3
1067.92 51.5
1068.93 56.6
1069.71 57.6
1070.65 24.8
1071.66 11.2
1072.44 16.8
1073.05 2.5
1073.73 5.9
1074.34 27.1
1075.17 27.2
1076.33 125.7
1077.20 59.5
1077.95 16.2
1078.86 5.1
1079.63 5.3
1080.61 5.5
1081.24 11.5
1082.24 13.5
1083.35 24.1
1084.22 15.6
1085.39 25.8
1086.66 22.5
1087.66 11.5
1088.80 24.1
1089.98 65.0
1091.05 23.8
1093.55 4.4
1094.24 5.4
1095.37 17.9
1096.29 16.4
1097.12 19.1
1097.93 10.1
1099.10 6.0
1099.71 3.1
1101.14 6.7
1101.91 7.3
1102.84 28.0
1103.93 31.4
1105.00 84.7
1106.63 8.8
1108.06 40.2
1109.38 41.3
1110.52 29.0
1111.86 124.4
1112.85 25.7
1113.51 6.9
1114.90 20.2
1115.77 36.8
1116.89 62.2
1117.95 43.7
1118.97 56.3
1119.81 29.1
1120.73 31.5
1121.52 3.0
1122.64 31.8
1124.45 69.1
1125.52 210.5
1126.13 178.1
1126.87 105.2
1127.70 20.7
1128.93 13.3
1131.69 55.9
1133.16 132.1
1134.25 118.4
1135.14 10.3
1135.98 21.6
1136.63 5.4
1137.48 21.0
1138.42 9.0
1139.72 16.8
1141.05 187.7
1142.02 36.9
1142.72 40.3
1143.70 10.2
1144.50 13.3
1145.77 66.4
1146.72 42.2
1147.72 32.2
1148.55 8.2
1149.80 20.4
1150.99 8.9
1151.75 8.0
1152.67 12.6
1153.44 36.2
1154.35 35.4
1156.15 27.3
1157.08 8.7
1158.38 34.3
1159.58 33.2
1161.20 117.5
1162.08 40.2
1162.81 47.2
1164.82 25.7
1165.65 16.4
1166.87 166.3
1167.61 75.8
1168.29 90.4
1169.50 26.6
1170.15 23.7
1171.00 6.6
1171.61 7.3
1172.65 12.4
1173.43 8.8
1174.98 234.0
1175.87 515.7
1176.94 201.0
1178.37 12.3
1179.74 6.5
1180.84 45.2
1181.74 23.1
1182.90 140.4
1183.76 82.1
1185.12 39.2
1185.91 19.9
1186.76 18.4
1188.73 75.4
1189.61 25.8
1190.44 17.9
1191.52 13.7
1192.61 9.4
1193.99 23.6
1195.00 14.3
1195.93 44.3
1196.81 41.4
1197.65 93.1
1198.47 45.5
1199.12 14.9
1200.36 21.6
1201.37 18.6
1202.31 17.2
1203.54 81.9
1204.58 20.3
1206.58 18.7
1208.36 11.2
1209.26 23.8
1210.07 23.3
1210.77 24.4
1211.84 49.1
1212.58 63.8
1213.43 11.0
1214.10 8.3
1214.75 28.4
1216.24 20.2
1217.39 65.2
1218.38 84.4
1219.49 51.6
1220.19 62.1
1220.93 24.4
1221.62 7.1
1222.56 16.4
1223.51 41.0
1224.22 22.5
1225.55 47.8
1226.51 71.4
1227.32 6.6
1227.94 5.5
1229.09 12.2
1229.97 4.4
1231.16 56.0
1232.06 72.0
1232.80 134.5
1233.81 81.5
1235.07 60.3
1236.35 3.9
1238.31 31.9
1239.46 23.4
1240.36 177.3
1241.35 236.1
1242.16 62.1
1242.91 8.8
1244.12 28.9
1245.38 28.2
1246.60 63.0
1247.58 31.9
1248.90 372.8
1249.78 281.3
1250.84 33.6
1252.15 36.9
1254.07 58.0
1255.16 69.0
1256.17 38.6
1257.65 10.9
1258.50 15.6
1259.47 41.5
1260.32 14.7
1261.64 2.8
1263.32 18.4
1263.94 2.7
1264.99 23.5
1266.62 40.0
1267.41 71.0
1268.58 245.4
1269.24 103.8
1270.43 17.3
1271.88 7.3
1272.86 18.3
1273.66 35.7
1274.41 5.9
1275.58 54.2
1276.38 50.8
1277.01 27.9
1277.81 39.0
1278.74 10.6
1280.15 33.0
1281.47 113.8
1282.48 80.8
1283.38 24.5
1284.75 30.5
1286.00 41.8
1287.08 11.0
1288.19 32.3
1288.86 15.4
1290.11 58.4
1290.89 236.5
1291.89 56.9
1292.69 1.4
1293.60 21.0
1294.28 6.5
1295.25 38.3
1296.47 8.8
1297.34 16.7
1298.25 7.2
1299.41 10.9
1300.68 29.5
1302.13 65.3
1303.16 66.7
1304.15 40.4
1304.99 14.9
1305.60 16.5
1306.45 23.0
1308.36 27.4
1309.53 36.8
1310.44 34.9
1311.60 81.2
1312.48 19.2
1314.01 3.8
1314.76 18.4
1315.91 19.3
1316.89 68.6
1317.87 119.5
1319.01 119.7
1319.85 47.5
1320.73 8.4
1321.91 22.2
1322.87 29.2
1323.72 24.8
1324.60 28.9
1325.44 160.0
1326.28 49.2
1327.30 32.0
1328.74 46.0
1329.96 11.1
1331.07 35.5
1332.06 33.4
1332.96 47.6
1334.00 64.4
1334.69 5.5
1335.56 38.6
1336.65 29.8
1337.58 23.1
1338.69 43.0
1340.06 74.7
1340.87 115.2
1341.75 16.3
1342.93 3.6
1343.79 8.0
1345.34 13.3
1346.21 30.3
1347.01 36.8
1348.03 14.5
1349.24 5.4
1350.84 20.7
1351.99 25.5
1353.05 16.0
1354.63 119.5
1355.59 32.8
1356.26 77.0
1357.24 10.1
1359.80 44.3
1360.80 26.6
1361.59 1.3
1363.00 2.8
1364.53 148.5
1365.40 65.4
1366.75 9.5
1367.77 7.7
1368.88 60.9
1370.32 26.2
1371.45 2.8
1372.96 41.8
1374.08 14.3
1375.06 8.2
1376.09 19.9
1376.74 18.5
1377.69 5.0
1380.08 3.1
1381.85 32.3
1383.07 35.5
1383.72 55.6
1384.40 26.7
1390.40 8.1
1391.25 6.2
1391.92 4.5
1395.13 1.3
1396.36 4.0
1397.62 15.3
1403.70 1.4
1407.77 7.9
1413.77 3.9
1414.85 3.0
1425.74 2.0
1428.88 5.3
1433.04 2.6
1440.99 4.8
1442.75 1.8
1443.81 1.2
1457.68 3.4
1458.73 4.8
1463.42 1.5
1465.03 2.2
1468.35 8.5
1480.60 5.8
1484.03 1.6
1490.22 1.0
1504.85 12.8
1508.02 1.3
1520.84 1.7
1524.68 2.8
1525.79 2.3
1535.01 1.7
1536.79 7.0
1538.22 2.6
1543.64 4.7
1548.74 1.2
1550.13 2.3
1553.86 2.2
1558.53 1.6
1568.72 3.7
1569.90 3.0
1576.70 1.5
1577.80 1.6
1583.18 1.5
1588.58 2.6
1589.95 2.7
1592.03 2.0
1593.72 4.8
1596.87 1.9
1605.03 3.4
1608.84 4.7
1609.76 7.6
1610.89 4.4
1613.75 1.8
1614.85 2.2
1619.07 3.0
1626.85 5.2
1628.98 4.8
1630.06 3.3
1630.74 5.5
1640.88 2.7
1641.69 3.0
1642.62 2.6
1665.82 3.6
1674.47 3.1
1682.97 4.9
1683.97 2.3
1684.78 1.6
1690.94 1.5
1692.62 15.2
1693.60 1.2
1695.04 4.9
1705.11 3.6
1707.75 1.9
1708.82 1.3
1721.86 1.9
1725.67 5.3
1729.81 1.5
1743.62 2.4
1750.71 2.0
1758.64 1.6
1771.85 4.3
1787.08 3.1
1795.13 6.0
1802.99 2.3
1804.32 3.2
1806.82 4.7
1818.98 1.3
1821.08 1.4
1835.77 1.6
1862.23 2.8
1867.76 3.9
1874.18 1.7
1876.15 4.8
1877.33 1.7
1880.04 1.8
1892.08 3.0
1901.38 1.5
1902.49 2.1
1917.16 11.1
1923.00 2.6
1951.34 6.3
1955.15 3.2
1990.28 4.3
1993.11 1.7
