3394.79258000001 3
313.35 2.1
316.50 2.2
318.40 2.2
319.01 1.8
325.36 1.2
329.43 5.2
331.40 7.8
332.23 3.1
334.29 9.3
335.99 3.8
338.10 3.9
339.29 2.3
341.13 1.6
352.27 4.7
354.26 2.4
358.16 1.6
359.71 3.9
362.30 24.8
363.77 2.3
370.15 3.8
371.88 2.2
374.29 2.0
379.61 10.4
380.28 17.5
392.34 1.8
393.50 3.5
394.22 2.7
396.70 1.6
400.29 1.1
402.39 3.0
407.55 1.1
408.16 1.4
412.29 6.8
413.43 3.7
414.18 2.7
415.49 1.4
419.45 29.1
420.43 5.5
426.54 3.4
427.30 2.0
430.31 2.8
434.57 2.7
437.32 53.4
438.44 15.2
441.12 1.8
447.32 33.0
448.27 2.3
449.31 4.1
450.65 3.7
451.34 2.6
452.40 9.2
454.01 2.5
455.49 8.7
461.47 1.4
463.12 1.6
464.16 6.1
465.41 60.1
467.37 4.6
469.69 3.6
472.35 3.8
473.19 1.1
475.42 11.1
477.35 6.5
479.35 2.3
481.26 1.5
488.25 1.2
489.40 9.2
490.24 6.3
494.51 3.2
495.97 8.1
497.23 3.4
499.31 4.4
500.48 2.3
504.26 3.8
509.01 2.6
512.14 3.0
513.31 9.0
514.32 5.9
515.12 5.7
515.97 3.9
516.68 1.8
517.55 1.6
518.52 2.0
521.41 2.5
522.15 1.4
523.57 6.8
530.57 4.0
534.29 7.6
538.18 8.8
540.54 9.4
541.56 4.0
542.36 4.9
544.41 8.2
546.49 4.0
547.28 7.4
548.29 1.3
549.22 2.4
550.39 2.4
551.49 2.2
554.57 11.8
555.35 10.4
557.69 6.0
562.28 8.2
563.54 1.6
565.14 3.3
566.31 1.5
567.89 7.6
570.35 2.2
578.06 1.9
578.94 6.4
585.37 1.9
587.93 2.4
589.08 2.7
590.36 10.0
591.32 3.1
592.47 3.8
593.36 5.1
597.38 1.8
599.52 5.1
601.46 8.3
602.34 17.1
603.51 20.6
605.24 3.8
606.49 3.2
608.60 2.1
610.00 6.5
611.09 17.0
613.39 2.3
616.54 1.1
622.24 7.8
623.68 1.9
625.24 6.4
626.06 5.9
627.41 9.6
628.63 1.3
629.77 8.5
632.59 2.8
633.37 1.6
634.01 1.4
636.23 1.4
637.38 4.4
644.26 9.7
645.49 1.6
646.32 3.5
647.63 3.1
648.30 2.9
650.38 2.0
651.20 3.8
651.83 3.6
653.64 5.3
655.32 6.4
658.50 18.0
659.85 2.9
660.52 1.1
661.40 7.9
662.62 2.5
663.76 2.3
665.55 6.7
666.65 4.8
669.07 3.9
670.07 7.4
671.37 1.8
673.30 2.8
676.51 17.6
677.51 5.3
679.22 2.3
680.65 7.0
681.45 1.5
683.25 1.8
684.44 14.6
687.25 17.1
689.58 1.7
690.75 5.4
692.32 5.3
693.30 19.1
694.74 3.2
695.81 5.2
697.35 10.7
698.44 3.4
699.68 3.4
700.82 4.2
701.47 2.9
704.03 7.5
705.39 4.6
706.57 6.8
710.35 25.1
711.33 8.2
712.52 8.1
713.43 2.4
714.52 9.2
715.31 5.5
719.56 8.7
721.52 1.1
725.26 5.2
727.61 5.4
728.47 13.5
729.48 5.3
730.68 3.8
732.33 7.4
733.20 11.5
734.80 6.1
736.46 2.3
738.41 2.4
740.45 8.2
742.38 11.5
743.21 12.1
744.29 17.7
745.48 4.5
746.63 5.9
747.45 2.1
749.81 10.5
750.50 8.7
758.42 62.8
759.52 22.9
760.87 2.5
762.77 2.4
763.63 11.7
764.52 11.4
765.17 1.3
766.76 10.0
767.37 1.8
768.34 3.0
769.28 5.5
772.64 2.3
774.64 8.5
775.36 9.2
776.61 1.1
777.46 6.9
778.40 2.9
779.61 12.2
780.63 9.7
781.47 4.8
782.52 7.4
783.48 9.6
785.05 16.5
785.93 8.6
787.60 4.6
788.56 8.7
789.39 3.3
790.52 11.5
791.46 2.0
795.46 6.2
796.56 7.1
797.64 2.0
798.46 21.3
800.41 1.6
802.29 2.2
803.16 2.2
804.82 3.0
805.56 4.4
806.70 4.7
808.66 40.6
810.83 17.7
812.38 3.7
813.01 3.7
814.21 36.7
815.72 9.7
817.24 10.1
821.41 3.6
823.48 36.8
824.52 10.3
825.54 20.4
826.50 12.8
827.71 3.0
828.59 5.0
829.29 2.9
830.41 3.1
831.52 10.3
833.87 11.3
834.78 13.2
835.68 3.3
836.60 15.5
837.79 19.5
839.93 19.3
841.49 21.8
842.45 20.0
843.25 1.1
844.00 2.8
845.52 100.6
846.63 24.0
847.41 1.6
850.50 6.6
851.82 9.9
852.58 2.8
855.18 2.7
856.50 35.0
858.54 11.4
859.24 6.2
859.88 15.3
861.67 3.0
863.65 5.2
865.32 537.9
866.22 80.5
868.20 15.1
868.89 2.1
869.60 6.5
870.75 7.3
871.44 5.1
872.37 1.1
876.48 3.2
877.14 7.1
878.70 14.7
879.47 1.5
880.55 11.1
881.98 13.0
883.16 16.9
885.05 7.0
888.47 6.8
889.39 1.5
890.90 19.6
893.30 4.6
894.87 9.6
896.24 16.9
897.46 12.6
898.87 3.9
900.32 3.0
902.55 8.4
903.57 16.6
904.68 3.5
906.10 10.7
907.65 10.8
909.52 24.8
910.48 9.6
911.61 3.7
912.46 3.8
913.87 20.7
914.53 13.5
915.31 3.9
916.32 15.0
919.78 17.3
920.54 5.9
921.29 8.6
922.77 44.8
923.65 19.8
924.77 4.7
926.19 8.2
927.15 12.6
928.56 19.5
929.43 24.8
930.60 10.1
932.45 101.5
933.53 30.8
934.34 1.6
937.70 73.1
938.61 52.7
939.53 23.6
940.48 17.1
941.50 9.0
942.61 16.1
943.59 40.5
944.35 8.3
946.54 4.4
947.57 9.0
948.68 37.9
950.04 2.5
951.32 32.9
952.23 13.1
954.61 57.6
955.52 14.3
956.34 16.9
957.64 15.1
958.46 5.4
960.06 9.8
960.83 10.2
962.25 10.9
963.66 6.9
964.96 29.5
965.98 19.9
966.77 10.4
967.99 1.2
968.76 3.8
970.91 79.6
972.00 295.3
973.22 117.8
974.26 11.8
975.23 14.7
976.64 4.4
977.89 486.8
978.93 35.7
979.84 998.3
980.83 181.0
983.36 58.9
984.41 27.8
986.50 19.4
987.15 4.0
990.27 4.6
991.72 8.1
992.66 2.2
994.49 17.3
995.43 4.3
997.47 16.5
998.87 15.1
1001.31 11.8
1002.51 2.8
1003.60 2.3
1004.63 18.9
1005.96 6.9
1006.74 15.4
1009.04 14.4
1010.85 9.1
1011.56 65.6
1012.27 129.2
1013.45 3.1
1017.35 209.7
1018.08 214.0
1020.09 11.5
1020.83 6.4
1022.39 22.5
1023.43 153.7
1024.28 16.9
1025.65 1.3
1026.54 10.8
1028.00 16.8
1028.97 16.8
1029.71 6.9
1031.60 13.1
1033.69 34.2
1035.47 1.2
1037.11 100.5
1037.75 100.0
1038.44 34.1
1039.58 14.8
1041.03 13.9
1042.09 1.6
1042.69 10.4
1043.89 33.3
1044.99 118.2
1045.76 91.0
1046.64 73.8
1047.70 14.7
1048.79 9.5
1050.28 8.0
1051.28 75.3
1052.01 34.4
1053.26 1.8
1055.62 58.5
1057.35 370.7
1058.17 29.5
1059.56 12.9
1060.97 16.0
1061.69 16.9
1062.81 11.1
1063.56 3.6
1064.45 6.9
1065.71 13.2
1067.83 8.2
1068.47 4.1
1069.26 16.0
1070.60 10.5
1071.36 1.5
1072.41 19.7
1073.05 9.1
1075.17 15.3
1077.22 20.9
1077.91 17.3
1078.97 20.5
1079.93 4.9
1080.54 4.2
1081.35 8.9
1082.11 24.9
1082.74 18.2
1084.31 25.3
1085.46 22.1
1086.76 25.0
1088.20 21.7
1089.29 32.7
1091.74 22.0
1092.39 33.0
1093.50 114.3
1094.54 114.0
1095.37 11.5
1097.53 424.3
1098.77 267.0
1099.43 9.1
1100.41 28.7
1101.20 17.6
1102.69 3.4
1103.76 14.0
1104.84 18.7
1105.93 63.3
1106.80 30.2
1107.66 19.3
1108.68 19.7
1109.65 31.6
1110.67 44.0
1111.40 114.4
1112.03 89.0
1112.71 10.8
1113.55 1.6
1114.85 80.5
1115.76 96.5
1116.84 3.1
1118.27 64.4
1119.17 3.1
1122.83 4.6
1133.15 10.0
1136.66 2.3
1139.65 16.5
1140.62 6.0
1142.93 2.1
1144.41 44.5
1145.20 29.1
1146.03 4.2
1148.15 6.9
1149.21 5.2
1150.61 11.8
1151.65 3.9
1154.90 4.8
1156.66 27.9
1157.77 16.8
1158.62 4.4
1162.17 15.0
1163.41 1.7
1166.86 4.9
1167.60 13.7
1168.80 12.2
1169.49 6.2
1172.75 28.2
1174.70 2.1
1175.58 18.9
1176.21 24.5
1178.02 11.2
1179.15 6.5
1180.43 5.7
1181.69 3.9
1183.96 20.3
1185.02 88.8
1186.26 10.6
1186.96 3.3
1188.12 3.9
1191.63 12.3
1192.96 36.0
1193.66 27.2
1194.44 2.9
1195.06 2.9
1196.79 2.0
1199.13 13.6
1201.37 63.4
1202.21 112.4
1202.90 23.6
1203.83 29.7
1204.54 4.4
1205.85 8.5
1206.78 2.0
1208.12 1.8
1210.02 10.9
1211.81 11.9
1212.78 7.4
1213.39 3.2
1214.46 1.5
1215.66 7.9
1216.45 8.0
1218.91 42.4
1221.35 67.0
1222.38 8.8
1223.08 1.4
1225.05 24.3
1226.90 8.3
1227.84 2.6
1229.59 107.4
1230.26 202.5
1231.10 16.1
1232.46 16.2
1233.67 4.6
1234.71 2.0
1236.20 12.0
1239.43 4.7
1241.01 1.6
1242.22 16.5
1243.16 2.4
1244.68 22.3
1245.74 14.4
1246.84 4.7
1247.94 2.6
1250.26 2.4
1250.87 2.9
1252.56 10.4
1253.66 8.8
1255.67 3.4
1259.25 15.2
1260.51 14.8
1261.34 3.7
1262.98 8.2
1266.84 4.9
1267.55 5.2
1268.45 9.7
1269.89 72.7
1270.73 23.7
1271.77 4.0
1273.68 3.0
1276.70 14.4
1277.95 32.5
1278.75 31.9
1279.43 25.3
1280.60 8.5
1281.69 10.5
1282.75 5.3
1287.06 161.7
1287.97 124.0
1288.83 6.8
1289.48 4.3
1292.52 5.7
1293.29 7.1
1295.05 4.0
1295.70 4.1
1296.97 22.9
1297.78 6.9
1298.78 17.2
1299.55 1.7
1300.70 4.5
1302.13 11.9
1305.75 19.3
1307.07 12.5
1309.73 10.1
1310.76 56.5
1311.65 17.8
1313.37 5.5
1315.03 8.3
1315.65 3.3
1316.99 14.2
1317.72 7.1
1319.28 26.8
1319.96 11.5
1321.69 2.3
1322.58 17.0
1323.87 17.3
1324.65 3.3
1328.38 3.8
1329.98 5.2
1332.29 7.5
1333.78 6.4
1334.45 3.6
1337.94 9.1
1338.84 4.3
1340.39 5.0
1343.65 5.3
1344.36 2.8
1347.46 6.1
1348.77 3.6
1350.99 3.1
1352.03 115.3
1352.98 31.7
1354.41 10.1
1355.84 3.8
1356.57 4.6
1357.66 3.2
1360.01 38.2
1360.70 175.0
1361.40 111.0
1362.70 5.4
1366.10 3.8
1367.20 12.9
1367.92 3.4
1369.07 8.7
1370.32 6.1
1371.88 2.5
1374.70 4.4
1377.61 2.9
1378.73 12.7
1379.49 2.7
1381.81 21.2
1382.94 15.1
1383.95 10.3
1384.77 6.7
1385.71 7.7
1387.06 9.7
1388.05 10.3
1389.01 7.1
1390.01 17.3
1391.93 19.2
1392.57 2.7
1394.81 15.5
1395.75 5.3
1396.85 13.5
1397.72 29.3
1399.24 10.9
1400.47 41.2
1401.52 17.7
1402.26 2.6
1403.00 4.5
1403.97 11.8
1404.83 9.1
1406.22 19.2
1407.53 18.6
1408.64 52.7
1409.63 118.7
1410.45 11.9
1411.86 6.1
1412.60 5.4
1413.65 14.6
1414.78 24.2
1415.45 26.0
1416.10 1.4
1417.52 208.0
1418.22 92.7
1418.90 19.8
1419.74 20.7
1420.80 34.5
1421.78 17.4
1422.65 49.6
1423.40 39.2
1424.32 5.3
1425.68 8.5
1426.72 24.0
1427.93 23.8
1428.76 21.5
1429.68 30.1
1430.65 8.2
1431.81 67.5
1432.68 17.1
1433.46 3.3
1435.25 19.3
1435.99 7.8
1437.25 40.1
1437.90 136.3
1438.73 45.8
1439.68 47.2
1440.34 12.1
1440.95 17.0
1441.92 26.8
1443.03 11.9
1444.15 23.5
1445.10 30.0
1446.00 19.6
1448.22 56.1
1448.92 120.5
1449.60 106.7
1451.89 22.2
1453.95 19.8
1455.26 4.1
1457.19 443.3
1457.97 815.0
1459.23 4.0
1466.10 2492.3
1466.96 1165.5
1467.93 1.3
1468.66 2.8
1470.92 17.7
1472.58 4.0
1475.19 8.8
1479.55 7.3
1480.28 8.1
1483.13 3.8
1484.88 2.5
1486.87 3.7
1487.89 14.0
1490.55 4.4
1494.81 7.7
1495.60 7.6
1497.02 12.4
1498.01 9.1
1499.50 5.4
1501.75 9.6
1504.97 1.6
1507.66 4.6
1508.49 12.2
1510.08 2.6
1510.86 3.7
1511.73 7.1
1512.80 5.4
1513.59 7.9
1514.34 26.9
1515.24 12.9
1516.01 2.9
1517.84 3.4
1518.77 6.9
1520.95 1.9
1523.06 6.3
1524.33 19.6
1525.46 8.8
1526.63 12.6
1528.44 7.1
1534.73 38.6
1535.44 8.6
1536.94 1.4
1538.14 2.1
1540.92 9.6
1542.81 2.5
1544.96 3.4
1547.05 2.7
1552.47 9.0
1554.01 5.5
1554.87 2.5
1555.85 17.8
1557.05 4.3
1558.43 17.8
1559.88 12.1
1562.26 4.6
1565.09 1.2
1567.58 39.1
1568.51 11.3
1570.91 7.7
1572.23 1.5
1572.95 11.8
1573.98 1.8
1574.79 10.0
1577.18 15.8
1577.87 3.4
1583.30 7.0
1584.87 10.3
1585.69 53.1
1586.76 12.4
1589.29 11.7
1594.24 14.9
1595.04 5.5
1598.44 1.3
1600.81 1.9
1601.87 7.7
1606.02 3.5
1607.04 5.3
1607.84 5.1
1609.23 4.1
1611.45 6.7
1613.69 1.1
1617.12 8.0
1618.00 1.3
1620.29 9.5
1623.83 10.5
1625.88 10.6
1626.99 6.9
1627.92 14.1
1632.86 16.3
1638.72 7.1
1642.48 4.3
1643.87 7.0
1644.87 2.1
1647.50 5.1
1648.69 2.4
1650.27 15.2
1651.03 2.2
1652.07 4.4
1653.13 1.7
1655.96 1.8
1656.86 1.3
1657.69 16.9
1659.27 4.5
1660.95 7.0
1666.87 50.2
1667.91 33.1
1669.01 24.5
1669.69 1.2
1670.38 5.4
1671.15 3.2
1671.97 4.2
1673.06 15.5
1676.39 1.1
1678.98 9.9
1686.19 2.0
1691.59 3.2
1692.95 1.4
1693.76 1.2
1696.81 1.1
1698.05 4.5
1706.24 4.3
1707.03 6.2
1708.09 3.6
1710.68 1.4
1712.02 5.5
1716.38 2.3
1723.78 5.1
1724.84 5.2
1729.10 58.5
1730.11 46.3
1731.05 26.1
1732.29 5.0
1736.14 9.9
1736.98 1.3
1743.32 1.4
1747.71 2.0
1749.83 1.1
1756.83 5.0
1757.47 4.8
1763.81 10.3
1764.88 1.3
1767.09 2.6
1767.71 1.9
1769.08 4.0
1770.23 2.5
1772.30 1.4
1774.48 5.1
1780.07 2.4
1781.11 4.9
1784.12 3.4
1785.23 5.7
1786.12 9.4
1787.65 7.1
1789.00 2.9
1789.83 4.6
1792.89 4.8
1799.18 1.7
1802.29 6.8
1803.51 3.6
1804.40 8.2
1813.85 2.6
1815.20 4.8
1816.81 2.1
1819.21 3.4
1826.42 1.7
1827.13 8.9
1828.79 2.7
1830.03 6.9
1835.18 3.0
1845.68 1.7
1849.06 1.4
1849.97 3.1
1854.02 6.8
1856.24 9.1
1857.16 16.6
1858.01 1.8
1863.06 5.0
1868.06 3.3
1868.96 9.3
1874.94 4.4
1876.13 1.8
1879.93 1.6
1886.16 3.4
1888.05 7.3
1893.92 2.2
1895.02 3.9
1898.01 13.5
1901.39 4.4
1902.42 3.1
1912.28 7.8
1914.08 6.1
1925.10 6.5
1940.12 4.2
1941.57 15.7
1942.48 9.4
1944.54 2.6
1951.89 6.3
1952.58 2.4
1954.16 2.4
1958.31 24.4
1959.25 40.0
1960.36 9.3
1963.65 2.5
1968.31 2.7
1969.08 3.9
1971.12 7.4
1972.48 10.4
1974.20 2.2
1976.18 19.8
1983.27 5.0
1987.15 3.2
1990.19 3.7
1996.41 2.4
1999.36 3.5
