1042.51897 2
154.12 6.4
155.16 2.6
156.16 1.8
162.16 4.6
163.22 5.4
173.22 7.2
176.13 7.0
178.19 3.4
187.04 2.2
191.25 2.1
192.35 1.1
193.16 1.6
195.15 4.1
200.06 6.3
201.12 5.2
202.40 7.8
205.86 4.4
207.30 3.3
208.29 2.8
210.05 3.7
213.97 1.7
215.35 3.9
216.36 3.0
223.12 2.3
225.09 1.4
227.33 3.2
229.06 1.8
232.19 1.1
236.29 6.1
238.12 3.1
240.27 5.5
243.10 1.3
246.22 3.5
247.98 2.9
251.39 2.2
254.11 2.0
257.28 11.2
258.42 4.4
262.25 3.0
263.34 1.0
264.22 5.0
265.09 3.0
266.15 6.1
267.64 7.1
269.45 9.1
273.24 4.4
274.07 9.2
276.21 13.2
277.94 3.8
279.13 5.4
281.06 5.5
283.12 20.4
285.43 1.4
287.07 9.8
289.33 3.8
290.05 2.9
291.40 6.5
293.17 10.2
296.33 2.3
296.93 2.9
298.29 5.2
301.14 15.5
302.12 3.4
305.26 141.9
306.27 5.6
307.20 1.0
308.43 2.8
309.13 1.0
310.38 1.5
311.59 3.1
313.36 4.2
314.19 1.4
317.30 4.2
318.09 2.9
319.22 8.6
320.33 3.3
321.28 1.4
322.40 3.3
324.03 6.0
326.98 8.3
328.08 5.8
329.11 2.7
329.85 5.2
334.19 2.9
337.13 6.8
339.64 4.6
340.97 17.9
342.04 9.7
343.30 1.4
345.19 38.9
346.34 2.0
347.18 7.6
348.36 1.6
351.08 5.1
353.18 4.6
353.96 1.9
356.32 4.2
357.27 5.2
358.42 2.2
360.54 3.7
361.22 4.9
361.94 2.7
363.24 321.6
364.15 10.8
365.22 8.8
370.71 6.6
372.20 5.2
375.13 16.7
376.28 75.8
378.41 3.4
383.58 1.1
385.39 7.8
386.31 13.5
387.25 2.2
388.06 1.5
391.32 8.3
393.35 9.8
394.47 20.2
395.30 27.3
399.32 8.1
401.35 8.6
402.24 1.4
403.66 2.6
405.40 3.7
406.01 3.4
407.17 2.1
407.97 7.4
409.23 5.2
413.32 15.2
417.43 3.9
419.44 3.3
421.75 119.5
422.68 23.2
423.52 3.7
426.49 3.2
427.41 4.9
430.08 17.3
431.21 13.3
433.33 3.2
435.39 1.4
436.26 3.6
439.15 7.8
440.42 4.8
441.66 4.7
442.29 2.4
445.36 55.0
446.36 10.2
447.45 3.2
448.63 22.5
449.55 1.7
451.47 5.7
452.25 4.8
455.73 12.1
457.29 6.3
459.30 35.9
460.51 7.7
461.25 9.1
463.22 654.9
464.34 40.0
465.29 2.3
469.31 4.5
470.24 8.6
471.36 24.7
472.97 20.3
474.18 8.4
475.22 22.9
476.21 24.1
477.13 15.1
478.16 14.2
480.44 4.9
485.57 13.9
486.38 1.4
489.42 5.2
490.53 6.4
492.16 8.0
493.32 9.8
494.34 8.6
498.49 6.4
501.39 2.1
503.24 536.2
504.25 137.9
505.17 83.8
512.46 30.9
513.44 54.2
571.57 1.6
582.61 6.7
598.09 2.1
612.70 1.4
660.56 4.1
662.76 4.3
671.39 7.1
674.28 2.9
698.43 2.6
720.31 5.8
746.52 3.0
842.10 11.2
842.74 18.9
843.66 10.0
882.76 1.4
