801.51738 2
113.96 1.3
115.10 4.6
116.27 2.5
117.16 5.1
119.33 7.5
121.05 10.5
122.11 4.0
123.23 6.7
124.29 1.9
125.42 1.5
128.04 470.3
129.07 48.0
130.10 36.2
131.14 6.7
132.28 5.3
133.16 46.9
134.18 10.8
135.03 21.5
136.03 8.3
137.18 15.4
138.16 1.8
139.19 14.3
141.03 3.3
141.95 6.7
143.19 16.5
144.25 3.7
145.28 16.5
146.23 2.9
147.08 2.9
148.19 8.8
149.21 24.6
150.21 4.5
151.16 9.8
152.04 3.7
153.20 15.5
154.05 1.3
155.19 21.0
156.21 7.1
157.26 22.4
158.12 5.1
159.15 25.8
160.21 33.5
161.14 21.1
162.07 161.7
163.15 34.0
164.19 23.5
165.11 21.8
166.14 6.1
167.23 18.8
168.10 11.9
169.26 10.9
170.29 5.5
171.21 10.6
172.15 1.5
173.08 12.9
174.21 1.3
175.16 27.6
176.19 17.5
177.15 53.2
178.16 52.5
179.19 20.5
179.94 10.1
181.15 17.2
182.10 3.8
183.08 10.7
184.07 13.5
185.08 20.4
186.02 3.8
187.33 18.5
188.17 6.0
189.19 7.9
190.29 3.0
191.19 6.5
192.13 1.5
193.21 10.2
194.26 1.0
195.22 14.9
196.53 15.1
197.56 19.5
198.31 3.7
199.19 9.9
200.11 13.9
201.21 8.7
202.14 11.1
203.20 32.1
204.04 6.9
205.22 27.8
206.15 10.3
207.22 17.9
207.85 28.0
209.32 20.8
210.39 22.0
211.28 34.7
212.12 15.5
213.23 7.9
214.18 6.9
215.06 6.5
216.12 13.8
217.32 11.7
218.05 4.0
219.10 8.2
221.07 52.0
222.13 38.8
223.17 39.6
224.28 9.3
225.19 5.9
226.17 15.4
227.23 22.8
228.24 24.1
229.52 87.0
230.25 14.5
231.17 16.1
232.19 8.4
233.18 21.3
234.04 6.1
235.12 5.9
236.29 6.7
237.12 31.0
238.30 17.8
239.28 46.3
240.24 50.2
241.27 31.3
242.38 33.2
243.17 70.3
243.99 15.3
245.07 42.7
246.29 11.9
247.19 14.2
248.49 6.5
249.17 10.5
250.18 16.4
251.56 164.3
252.26 13.8
253.23 26.7
254.40 7.5
255.06 41.6
256.13 26.1
257.25 25.7
258.22 5.3
259.21 40.1
260.12 76.5
261.26 10.3
262.04 6.1
263.22 3.6
264.09 5.5
265.51 38.3
266.37 22.9
267.09 60.2
268.13 22.5
269.22 23.1
270.28 25.3
271.11 17.1
272.19 25.2
273.47 94.9
274.15 24.5
275.11 32.1
276.16 9.7
277.17 7.8
278.74 12.5
279.93 26.2
281.19 41.9
282.22 14.0
283.28 36.6
284.31 23.7
285.26 28.1
286.17 13.9
287.17 50.3
288.21 27.7
289.13 16.3
290.19 26.6
291.25 25.8
293.03 16.0
294.13 7.0
294.99 21.2
295.63 153.7
296.59 2.8
297.26 33.6
298.17 26.2
299.20 21.3
300.30 18.8
301.18 32.5
302.25 15.9
303.17 7.1
304.21 9.9
305.26 10.5
306.24 7.4
307.13 43.2
308.18 24.6
309.17 20.5
310.09 21.0
311.24 21.7
312.18 22.2
313.19 44.8
314.26 58.3
315.29 177.8
316.30 234.6
317.47 44.1
318.32 21.4
319.26 25.5
320.04 3.2
321.20 27.2
322.18 11.7
323.18 13.7
324.23 13.7
325.29 21.2
327.27 93.8
328.29 282.1
329.10 39.1
330.22 12.7
331.23 23.4
332.51 9.3
333.32 11.1
334.67 9.1
335.37 6.9
336.32 17.2
337.25 61.1
338.26 88.5
339.33 57.8
340.32 58.3
341.24 36.7
342.25 72.5
343.20 87.4
344.35 24.2
345.16 32.2
345.99 22.0
347.22 26.9
348.74 52.3
349.50 10.9
350.16 12.3
351.29 16.0
352.30 22.1
353.28 75.3
354.22 13.8
355.17 277.8
356.20 323.4
357.22 109.0
358.20 134.5
359.15 30.9
360.20 17.6
361.39 8.9
362.29 11.7
365.29 100.0
366.22 45.8
367.33 19.5
368.18 13.7
370.71 67.6
371.36 17.2
372.21 16.4
373.27 52.2
374.34 37.7
375.18 4.2
379.41 30.2
381.42 9.8
383.22 1133.9
384.24 4997.8
384.91 621.6
386.08 49.5
387.05 25.2
388.24 12.3
392.73 4326.2
393.90 7.5
394.69 2.6
395.46 3.1
396.29 1.3
399.17 6.9
400.07 1.6
400.85 2.6
402.88 8.4
404.08 1.9
405.55 3.1
408.15 2.0
416.16 3.6
429.43 1.2
432.55 3.8
437.15 1.9
440.93 3.7
453.51 6.5
459.16 4.1
466.50 1.6
470.32 5.3
475.58 4.4
476.53 9.7
477.37 4.0
491.91 3.3
492.51 4.8
499.20 1.7
503.27 19.8
504.72 1.2
513.32 2.8
520.36 56.0
521.42 2.6
525.36 8.7
536.34 4.6
538.08 16.0
541.55 9.9
547.32 6.9
556.50 2.6
564.43 103.7
565.47 9.6
570.13 2.7
574.48 6.1
580.25 2.5
589.41 16.2
591.45 15.6
592.57 1.7
602.39 3.5
604.45 6.8
608.37 59.0
609.57 2.1
616.87 1.7
623.18 1.4
627.68 1.1
629.73 3.2
632.66 6.1
635.44 4.6
636.62 2.8
652.55 15.1
653.33 8.5
657.43 2.8
669.78 2.2
673.72 2.8
679.66 1.1
697.62 2.8
715.60 7.5
763.13 7.5
778.48 2.8
792.23 3.3
