751.44768 2
112.24 4.4
119.77 7.5
128.05 1.8
128.99 9.1
130.34 2.5
131.25 2.2
136.44 1.8
147.10 10.9
157.27 3.2
158.18 5.7
159.06 2.3
162.09 1.2
163.10 1.3
167.13 1.2
169.03 3.1
170.19 2.1
171.24 2.7
172.16 3.2
173.18 2.1
175.26 5.1
176.22 2.7
178.15 2.4
180.21 2.5
181.10 1.6
183.28 29.4
184.29 1.1
186.13 4.0
189.10 2.4
191.11 4.4
195.23 3.7
196.05 1.5
197.07 7.8
198.13 5.3
199.21 11.8
201.03 3.3
202.26 1.3
203.13 2.6
211.17 33.3
211.96 5.4
213.19 3.0
216.91 4.7
218.07 3.7
222.40 3.7
223.12 1.1
225.96 1.7
227.10 5.0
228.62 3.4
229.23 1.3
232.10 2.4
235.39 2.3
239.26 3.5
240.24 17.9
242.12 1.5
244.14 9.6
245.16 1.3
246.21 8.5
249.00 1.5
249.77 1.1
251.37 10.0
253.04 2.1
254.95 12.9
256.31 11.3
256.99 1.7
258.13 1.4
260.40 2.1
262.19 11.0
263.19 4.5
264.59 2.6
266.24 4.7
269.07 4.5
271.29 25.8
272.30 1.3
276.24 2.2
277.18 2.2
282.07 13.7
283.12 11.9
284.30 4.1
285.22 6.2
288.33 4.2
290.01 20.2
291.20 3.8
295.13 1.8
297.06 3.8
298.07 2.7
298.89 2.7
301.71 13.2
302.52 7.9
303.49 7.6
304.16 1.1
305.07 3.6
306.15 3.3
307.14 9.7
309.18 4.1
310.71 119.3
311.39 46.7
313.53 2.3
314.82 4.9
316.05 17.0
317.08 17.0
318.37 2.3
319.70 209.2
320.30 77.8
321.10 7.1
321.76 1.1
324.27 13.1
325.40 1.3
326.59 5.0
328.03 9.6
328.97 4.2
329.83 12.6
331.11 3.5
332.39 12.7
334.41 7.1
335.12 17.9
336.79 9.0
338.19 2.8
339.77 5.3
341.16 42.9
343.14 5.1
344.22 7.9
345.77 3.1
347.61 4.1
348.21 2.1
350.00 1.3
351.12 5.7
353.23 2.8
354.03 10.2
354.85 13.4
355.67 27.7
358.08 62.6
359.02 72.9
360.26 48.2
361.33 10.9
362.19 7.2
362.84 12.0
364.24 16.8
365.43 2.9
367.37 651.3
368.32 24.7
369.17 4.4
387.97 2.8
391.24 11.8
393.17 2.8
394.66 3.9
396.60 3.1
403.36 9.2
410.37 18.7
411.42 3.8
413.38 2.3
421.23 2.0
423.44 2.3
427.24 17.8
428.33 63.6
434.32 3.8
436.52 1.8
437.42 1.8
445.86 7.6
451.19 2.6
452.36 2.4
455.10 2.8
456.52 4.7
461.40 4.0
464.70 7.0
465.32 5.4
469.31 11.7
470.96 10.1
474.41 6.2
475.26 4.1
476.85 3.2
483.53 7.3
484.29 3.5
485.51 4.8
490.35 2.2
491.48 8.6
492.48 3.3
493.29 12.9
494.27 11.9
497.92 3.3
504.44 6.5
506.35 1.1
507.49 1.8
508.40 2.6
513.86 8.1
515.22 4.3
516.48 7.4
518.46 2.2
523.38 45.7
525.22 55.0
526.36 20.7
537.25 3.0
541.42 117.2
542.44 21.9
549.20 2.6
551.37 7.5
554.28 4.3
558.42 3.4
562.11 5.7
564.21 7.6
569.63 1.3
580.72 3.5
581.44 1.8
586.36 3.4
588.45 4.4
589.97 2.3
596.54 19.0
605.43 33.5
606.46 4.0
617.49 2.4
620.39 17.4
621.67 4.7
623.34 25.1
624.40 4.6
637.33 2.3
638.48 43.7
639.47 30.8
663.44 3.5
668.61 2.6
673.39 1.9
680.06 2.4
682.31 3.9
711.33 3.4
730.91 5.3
