2895.39785 4
211.21 1.8
213.87 3.5
231.07 5.1
241.33 3.6
242.00 2.4
243.22 2.9
245.40 1.9
248.29 4.9
251.45 1.1
252.38 7.5
257.74 4.1
258.39 2.0
260.27 2.2
262.17 6.3
264.30 3.7
269.22 1.3
270.19 1.2
272.02 7.6
278.23 2.5
280.02 1.8
283.28 19.6
284.13 2.1
286.06 3.0
290.22 1.2
292.23 2.1
295.80 1.3
298.32 2.3
298.92 1.1
300.22 3.6
301.30 200.3
302.35 17.5
303.43 1.9
310.33 3.5
313.44 1.5
316.23 3.8
317.20 2.4
319.23 1.3
323.15 3.0
329.40 1.4
332.20 2.4
334.68 1.1
337.51 4.2
338.81 7.8
339.53 1.7
342.15 1.1
343.06 4.4
349.82 4.3
350.94 5.4
353.00 1.4
354.13 13.7
355.15 2.6
356.83 1.6
358.28 4.4
360.25 10.9
361.06 1.1
362.34 2.8
364.22 3.6
365.33 3.4
366.40 1.1
369.25 1.6
370.54 2.6
372.31 84.5
373.40 30.8
374.09 3.5
375.73 7.7
377.93 1.3
380.41 2.1
381.97 4.6
383.87 1.1
385.53 5.1
388.37 2.4
389.21 1.1
393.66 8.8
394.38 3.0
395.23 3.5
402.39 5.8
403.97 4.7
405.37 5.0
406.35 4.2
407.89 1.7
416.36 3.7
419.37 5.9
421.10 1.4
422.14 2.9
426.36 14.2
430.30 1.8
434.40 6.8
435.38 4.0
436.32 4.6
437.46 4.3
438.25 2.6
439.51 5.0
440.14 2.1
444.41 2.7
445.33 3.4
446.33 3.3
452.29 1.9
452.99 2.9
454.31 5.4
455.43 8.1
457.55 8.8
459.45 1.3
460.30 4.1
461.40 2.7
462.70 15.4
464.16 12.8
466.68 3.7
470.04 4.7
471.44 19.1
472.36 8.7
474.27 5.5
475.08 7.0
478.33 10.1
479.50 5.7
480.37 4.4
481.05 2.7
482.79 8.6
484.22 11.9
485.33 10.6
487.07 2.4
489.56 4.4
490.34 6.1
492.37 1.3
496.34 2.3
497.20 10.0
498.37 13.7
500.55 10.2
501.62 7.4
502.75 12.4
504.28 4.0
508.40 4.2
510.08 3.0
511.91 5.7
513.19 11.3
514.23 36.7
515.30 10.3
516.30 5.8
517.42 11.1
518.15 2.6
520.27 1.3
521.22 7.6
523.00 12.2
525.48 2.5
526.31 4.5
527.40 5.9
529.28 3.6
531.02 1.9
532.47 1.4
533.33 1.8
535.24 6.2
538.12 9.7
539.36 5.5
540.98 8.4
544.35 2.5
545.37 2.3
546.69 1.4
547.37 1.6
549.38 51.2
550.28 9.7
552.12 2.9
553.39 2.3
556.38 1.4
557.66 2.5
558.41 4.2
560.57 3.0
561.76 5.3
563.38 9.8
564.69 6.6
568.54 6.3
569.34 2.7
570.42 8.0
571.60 24.3
572.45 7.2
573.86 37.5
575.39 5.2
576.36 2.2
578.98 3.4
580.34 24.1
582.81 5.8
583.56 1.7
584.26 2.8
585.45 48.5
586.45 18.8
587.23 7.5
588.34 2.5
589.43 3.0
591.22 38.0
592.23 8.1
593.50 2.3
594.39 12.5
595.61 24.3
596.49 22.3
597.43 9.0
598.52 13.1
599.86 29.4
602.38 10.6
603.44 2.2
604.98 18.7
606.35 12.4
607.81 4.3
608.78 25.1
610.58 23.8
611.34 17.7
612.62 5.9
613.68 16.4
614.68 8.1
615.44 8.1
616.55 3.6
617.45 15.0
618.35 17.0
619.50 62.0
620.20 2.1
621.39 15.7
622.03 3.8
624.29 1.5
625.13 1.5
627.14 4.2
628.72 13.2
629.33 2.6
630.32 6.8
631.06 8.3
633.52 8.1
634.77 7.6
635.45 19.2
636.29 5.5
638.66 16.2
639.45 18.0
642.35 10.2
643.26 4.1
645.39 10.9
646.17 7.2
647.59 7.6
648.37 1.9
649.63 3.7
650.50 7.0
651.68 13.1
652.37 19.0
653.16 6.3
657.47 8.3
658.09 33.9
659.15 13.3
660.24 6.9
661.02 10.9
662.34 15.0
663.89 6.5
664.58 16.5
666.62 7.0
667.25 7.5
668.42 9.1
669.76 1.5
670.45 11.2
674.37 7.7
678.90 8.1
680.01 47.8
681.30 39.9
682.84 31.5
684.70 85.9
685.69 32.7
686.40 3.2
689.24 22.1
690.53 206.4
691.22 123.0
692.41 57.3
693.63 66.1
694.61 16.8
695.43 18.8
696.03 7.9
696.85 2.8
698.42 87.6
699.43 35.1
700.66 1.2
702.96 43.1
703.72 13.4
706.36 41.5
707.56 99.7
708.39 11.5
713.40 31.9
714.19 6.5
715.61 38.8
716.50 12.3
732.36 9.0
733.90 6.8
740.61 1.8
745.66 4.9
749.72 10.4
751.05 1.2
752.15 4.1
754.48 2.4
761.47 1.2
763.35 3.9
765.05 5.6
766.00 6.9
767.61 6.4
768.43 3.0
769.48 7.1
771.37 73.3
772.30 12.9
773.41 2.7
775.22 5.5
777.11 10.7
777.76 2.0
780.43 3.8
782.47 1.6
785.34 6.9
786.32 8.2
788.53 3.4
789.71 13.0
790.63 1.6
791.55 5.8
792.96 11.2
794.22 8.4
794.83 4.9
795.54 8.6
796.15 3.4
798.46 33.6
803.62 18.6
804.73 9.1
806.73 2.6
807.39 1.6
809.33 156.3
810.38 12.3
812.79 2.8
816.49 2.9
818.01 6.9
818.71 1.5
820.79 9.4
821.75 43.4
822.64 11.4
824.85 8.5
826.23 1.9
827.52 119.0
828.75 60.0
829.76 3.1
830.74 14.5
831.62 14.8
833.18 17.4
833.83 5.2
834.81 13.4
836.46 160.7
837.29 7.6
838.12 1.3
839.45 14.1
840.41 15.4
841.17 10.3
842.05 266.5
842.68 714.5
844.14 2.2
845.23 23.0
846.87 11.7
847.77 10.0
849.06 16.9
849.72 4.1
850.64 1.6
851.32 3.7
854.18 29.3
854.80 15.5
856.10 28.7
857.05 38.6
858.50 2.6
860.19 285.8
860.89 98.7
862.15 4.8
865.97 726.2
866.63 414.6
867.54 18.3
868.58 2.6
869.40 1.7
870.69 19.6
871.41 5.8
872.63 6.4
873.45 1.3
874.52 2.6
875.65 8.3
876.73 11.3
877.75 3.2
878.90 58.4
879.73 54.6
880.43 13.7
883.51 3.3
888.92 3.3
891.82 12.1
892.48 1.1
893.30 9.9
898.29 19.3
898.93 9.1
900.48 16.7
902.76 1.6
906.59 1.2
908.50 2.0
909.41 4.3
910.40 2.9
911.57 2.5
912.64 6.4
914.69 20.6
917.52 17.3
918.20 8.9
920.69 5.8
921.93 2.7
922.97 5.5
926.62 18.6
928.74 63.0
929.57 26.7
931.13 1.0
933.29 7.2
934.66 7.2
937.57 6.8
938.23 3.5
940.47 5.5
941.61 5.2
944.55 5.1
946.15 3.3
948.09 14.5
948.71 2.2
951.55 1.0
953.78 5.8
954.58 3.3
955.23 2.3
956.59 1.3
958.11 6.2
958.74 1.2
959.67 7.7
960.77 3.9
963.30 1.7
964.89 4.8
965.54 3.1
967.08 8.0
968.61 11.3
969.34 11.0
970.27 1.4
972.39 10.6
974.48 3.1
975.47 2.5
976.63 9.4
977.52 8.3
978.68 3.6
979.33 3.8
981.65 2.7
983.75 10.1
985.47 72.6
986.32 89.4
991.05 4.7
992.61 4.8
993.36 9.6
994.97 9.4
999.61 1.0
1000.48 6.9
1001.46 3.3
1004.56 3.9
1008.47 1.3
1010.35 2.6
1013.60 2.5
1016.66 4.7
1018.30 6.1
1023.54 5.1
1024.48 2.2
1035.15 61.7
1035.92 21.7
1038.61 3.0
1040.65 19.4
1041.76 14.1
1042.77 12.6
1051.65 1.1
1052.62 10.5
1059.47 2.3
1060.88 3.1
1063.60 1.4
1066.43 2.9
1067.47 1.6
1068.70 3.1
1069.59 2.1
1070.66 3.5
1071.47 3.1
1078.02 6.6
1079.56 4.8
1082.37 2.4
1089.41 14.0
1090.04 1.9
1091.36 25.3
1092.11 5.7
1096.57 3.4
1099.56 69.2
1100.44 16.5
1101.43 8.0
1105.24 11.9
1106.75 1.0
1114.89 2.3
1117.53 6.4
1120.67 1.2
1126.63 6.1
1127.71 3.0
1129.64 3.6
1130.80 3.9
1141.64 2.3
1144.28 6.9
1147.68 3.3
1149.27 6.7
1151.94 2.6
1156.39 16.6
1157.09 9.6
1159.79 1.3
1161.59 1.9
1162.92 1.3
1168.38 3.6
1169.24 3.1
1170.65 2.1
1172.84 5.6
1174.64 2.1
1177.86 5.8
1179.74 4.1
1181.38 6.4
1183.63 4.4
1189.72 12.4
1191.06 1.4
1192.87 2.4
1203.13 2.4
1204.99 11.5
1205.84 12.6
1206.73 6.3
1207.63 1.1
1209.91 5.2
1213.41 137.7
1214.29 43.8
1215.50 1.6
1224.71 1.5
1230.79 1.3
1233.75 19.7
1240.09 3.2
1241.83 14.0
1242.61 7.2
1248.44 1.3
1249.31 4.3
1254.13 3.3
1257.58 1.6
1263.00 4.8
1263.98 2.8
1295.43 3.7
1299.27 11.9
1300.82 3.8
1301.83 2.6
1302.72 5.1
1311.56 5.4
1328.85 3.2
1362.51 2.1
1370.00 2.7
1373.47 3.7
1380.77 2.1
1386.81 1.5
1388.80 2.0
1402.97 2.9
1410.88 5.4
1412.69 4.9
1424.82 2.6
1427.64 9.5
1455.62 3.0
1479.36 3.1
1482.91 4.9
1494.58 5.5
1498.49 1.9
1577.60 5.3
1581.60 1.3
1604.88 1.8
1607.55 1.3
1752.98 1.1
1753.65 1.3
1794.54 3.3
1874.54 1.1
1913.00 6.2
