945.51256 2
136.13 5.5
138.20 14.9
139.07 1.0
140.23 8.5
141.19 4.3
142.28 4.9
145.08 1.1
149.07 2.5
152.14 14.5
153.38 2.1
155.05 29.1
156.23 56.5
157.16 34.4
158.19 116.9
159.23 10.1
169.22 13.6
172.18 20.6
173.13 5.6
175.17 310.3
176.22 29.7
177.22 3.0
178.14 35.2
180.15 31.6
181.32 7.3
182.47 2.7
183.21 12.6
184.19 2.0
185.33 1.6
187.61 2.0
192.37 3.6
193.21 1.9
196.63 8.7
197.23 123.4
198.09 3.9
199.11 1.0
200.27 3.4
201.01 1.6
205.37 1.1
207.15 2.6
208.10 42.0
209.32 9.7
210.25 7.7
211.50 7.4
212.44 1.8
213.41 15.5
214.18 82.1
215.16 10.2
217.16 11.9
218.20 1.3
223.33 15.7
225.22 5.5
226.28 19.8
228.19 59.1
229.27 45.9
230.18 5.5
232.25 3.7
233.09 1.7
235.75 6.9
236.48 3.1
237.11 7.3
239.18 1.8
242.21 3.7
243.05 6.1
246.14 10.7
249.23 3.2
252.11 4.3
253.29 81.0
254.22 15.7
256.60 5.1
257.90 7.3
259.05 2.7
260.21 5.3
261.80 10.7
264.50 2.2
265.47 4.3
267.32 4.7
268.44 3.4
270.21 72.4
271.20 190.7
272.26 23.1
273.17 4.6
276.14 3.9
278.38 7.6
279.22 5.6
280.14 4.6
282.25 7.8
283.81 2.8
285.37 9.4
288.23 3830.9
289.18 487.4
289.99 5.3
292.24 6.0
293.24 20.2
294.19 1.8
296.30 8.1
298.01 14.1
299.54 10.0
300.18 3.0
301.00 2.6
302.78 4.4
304.73 16.2
307.21 1.9
309.29 4.3
310.19 24.8
311.27 10.0
312.02 34.8
312.80 9.4
315.21 1.3
316.40 6.4
318.95 5.3
320.82 13.0
322.38 5.0
323.25 5.9
326.54 5.8
327.27 30.3
328.61 16.3
329.80 12.8
332.19 2.5
335.47 2.5
336.30 5.8
337.19 7.9
338.34 6.7
339.20 13.5
339.93 2.7
344.48 35.0
345.42 31.9
346.23 6.3
347.16 1.4
347.84 2.2
348.94 1.6
350.90 12.7
352.10 2.1
353.43 6.6
354.42 11.4
355.49 12.4
357.57 13.1
359.11 19.2
359.94 9.4
360.74 6.5
363.87 21.9
364.64 1.1
366.84 7.7
368.48 13.7
369.37 1.1
370.38 72.7
371.37 34.3
372.19 8.3
373.35 21.4
374.38 2.5
375.27 5.0
376.25 1.3
377.56 20.8
378.50 12.4
379.25 2.7
381.07 8.4
382.44 7.3
383.34 9.2
384.79 8.4
386.27 21.9
387.45 126.2
388.32 8.3
389.26 1.3
390.93 1.3
391.92 7.2
393.57 3.2
394.67 9.0
395.82 5.3
399.18 22.7
400.27 10.3
401.29 4.5
401.98 4.9
403.68 4.6
405.47 1.5
407.37 24.5
408.43 13.3
409.89 6.4
411.12 5.6
411.81 5.6
413.25 23.9
414.61 6.9
415.36 14.2
417.30 41.5
418.52 7.8
419.82 2.3
421.60 9.1
422.29 4.9
423.80 16.7
425.39 47.3
426.45 90.9
427.37 42.7
428.28 20.7
429.37 21.9
430.36 1.8
431.00 6.9
431.92 5.1
433.39 14.1
434.15 3.9
434.88 9.2
436.43 92.4
437.46 26.4
438.40 34.7
439.32 16.8
440.59 3.7
442.29 1505.9
443.35 349.8
444.28 29.3
445.12 28.9
447.05 16.9
447.84 5.8
450.59 27.2
451.54 49.4
452.59 18.5
455.68 403.1
456.46 242.0
457.29 2.4
458.57 61.8
459.24 14.8
460.87 45.1
461.67 13.3
462.62 1.9
464.22 360.7
464.92 360.8
465.83 6.1
467.11 1.0
472.64 3.8
478.17 2.9
479.55 1.8
482.14 3.5
483.80 12.1
484.67 3.2
485.27 1.9
486.38 28.2
487.36 26.4
488.17 2.2
490.10 4.3
491.42 4.8
494.31 8.7
495.22 14.2
497.51 1.9
499.23 5.8
500.35 1.7
501.51 7.3
504.35 1098.4
505.44 283.0
508.48 9.4
509.75 11.1
511.37 43.3
512.32 12.8
513.33 5.2
516.89 8.1
518.80 24.2
520.11 5.9
526.32 2.3
527.46 6.5
529.35 227.1
530.41 29.2
531.53 1.2
535.24 2.6
536.29 13.4
538.36 4.6
540.47 8.3
542.48 2.6
543.32 6.5
544.44 2.4
545.22 2.0
547.35 8.7
549.21 8.7
552.34 1.6
553.26 18.8
555.50 1.8
557.34 2.5
561.33 2.3
562.33 4.1
564.42 7.3
565.49 2.6
566.65 3.3
567.28 6.1
568.22 8.5
569.32 4.9
570.32 1.9
572.59 3.6
573.35 4.3
577.13 5.2
577.94 4.9
580.53 7.7
581.16 5.0
582.16 2.7
583.38 1.3
584.34 24.5
585.46 5.9
586.39 6.7
587.30 6.9
588.20 19.2
590.23 1.5
592.51 1.7
593.70 17.2
594.43 3.7
595.39 18.6
596.68 6.5
598.07 4.9
599.74 8.0
600.50 8.9
601.31 34.1
602.35 26.6
603.40 19.4
604.93 4.0
606.33 9.6
607.02 1.8
610.10 3.6
612.41 16.6
613.34 25.4
614.74 11.8
616.27 2.9
617.87 3.5
619.33 212.2
620.53 65.3
622.41 4.7
623.44 47.3
624.27 25.6
625.20 2.7
626.50 4.7
628.39 69.0
630.33 362.9
631.43 84.8
632.94 4.1
634.57 1.6
638.53 4.7
640.32 212.0
641.46 94.7
642.41 15.0
643.58 20.0
647.33 6.1
648.02 1.5
652.37 5.0
656.34 2.0
657.20 9.7
658.38 3688.8
659.44 910.5
660.65 1.7
664.39 5.1
667.68 1.7
676.37 11.4
677.23 3.8
679.67 1.8
683.06 1.8
683.70 7.6
686.15 1.5
692.54 3.8
694.73 1.9
696.46 3.2
697.47 1.6
699.49 4.9
703.38 7.1
704.04 3.5
709.52 3.6
712.62 2.4
714.34 22.3
715.48 16.4
718.28 2.7
723.50 1.0
724.55 3.6
725.37 1.2
726.64 1.8
728.15 7.1
732.40 343.0
733.54 113.3
735.57 7.9
736.47 11.2
737.57 8.0
741.53 8.7
742.42 14.2
743.46 132.6
744.47 40.8
745.33 6.6
752.66 2.5
753.61 28.2
754.62 16.2
755.69 7.4
756.44 6.4
758.50 2.4
759.25 1.2
762.28 1.0
771.40 447.0
772.46 145.3
773.49 6.9
775.42 3.9
781.35 1.8
783.35 2.3
784.40 3.2
788.45 6.3
789.59 70.9
790.56 24.2
792.69 2.5
798.51 1.7
799.67 1.1
800.50 1.9
806.57 2.5
813.85 7.0
814.58 4.8
823.31 1.9
829.80 10.9
831.62 9.5
847.74 2.0
851.51 4.7
852.46 10.3
869.70 1.1
884.77 2.9
886.63 4.1
906.67 3.2
915.65 2.6
