1232.5269 2
175.10 2.2
177.94 2.5
179.97 1.4
185.16 1.5
186.52 3.7
188.20 1.0
197.09 10.1
200.02 2.5
202.22 6.1
207.10 1.2
210.36 1.9
211.19 2.7
214.99 4.2
217.19 2.8
226.32 2.1
228.29 1.1
232.46 2.7
234.20 1.4
242.25 5.1
244.87 7.6
248.36 1.4
249.26 3.3
256.37 2.5
260.31 1.7
264.22 3.9
270.09 2.1
272.24 1.4
276.32 5.9
280.30 1.9
283.07 3.2
285.37 9.4
287.50 1.6
291.41 3.9
292.87 10.9
299.24 4.4
301.11 4.4
301.72 7.4
303.31 18.2
309.31 3.0
312.40 2.6
315.09 2.3
316.10 15.2
318.65 4.8
319.28 5.2
325.00 6.5
329.53 2.0
331.81 3.4
335.04 6.9
337.07 2.0
340.58 7.4
341.59 12.6
348.24 1.9
349.94 6.6
354.13 3.0
358.35 15.1
359.14 2.2
360.27 8.0
361.98 2.1
366.24 2.0
368.68 1.1
370.41 6.2
373.32 4.1
374.39 5.1
376.16 12.1
376.98 10.3
378.14 6.6
380.33 4.9
381.30 2.2
382.28 2.6
384.40 18.0
385.52 7.7
386.62 2.5
387.29 6.4
388.31 4.2
392.97 5.2
394.34 1.0
397.50 22.2
400.36 4.1
401.70 4.0
402.57 3.3
404.25 23.9
405.25 15.3
406.22 24.8
407.10 8.8
408.20 7.0
409.13 7.1
410.84 7.2
412.01 1.2
414.35 3.6
422.00 2.8
422.89 1.5
424.28 7.0
426.56 2.8
427.29 2.7
429.28 1.2
430.40 4.4
431.12 4.6
434.37 4.2
436.30 1.4
437.12 8.5
437.90 3.3
440.07 29.3
440.89 8.6
444.70 7.5
446.37 3.2
447.27 25.7
448.72 37.1
449.42 61.2
453.26 6.9
454.39 3.5
456.32 5.8
457.13 5.4
458.21 5.5
462.34 30.6
466.34 2.1
467.34 5.6
468.30 2.4
469.47 9.8
471.34 12.8
472.42 4.7
473.56 13.5
475.87 5.5
476.86 2.5
478.76 11.3
481.34 12.1
483.23 2.9
484.15 2.7
485.31 14.2
486.08 3.8
489.20 13.7
490.86 4.1
492.31 5.1
494.78 6.2
497.12 13.7
498.18 1.2
499.83 7.3
503.10 17.6
504.37 4.7
506.71 3.2
507.42 4.8
510.22 2.8
511.36 6.1
512.12 3.6
513.76 13.5
514.86 14.8
516.30 1.7
517.43 10.8
519.22 16.7
521.91 6.4
525.29 17.6
526.27 25.1
526.95 6.0
529.06 10.3
529.78 5.4
532.42 13.3
533.34 10.4
535.03 6.9
536.07 13.3
537.21 5.2
538.15 13.9
541.13 23.9
541.79 38.4
542.52 11.6
543.43 2.9
545.01 4.3
546.26 5.3
547.43 5.4
550.31 11.6
551.31 20.2
552.22 13.8
552.85 17.3
554.21 5.8
555.03 11.6
555.76 6.1
556.79 21.5
557.46 10.8
558.92 47.9
559.70 6.4
560.34 5.6
561.48 9.3
563.27 2.7
563.95 15.3
564.83 61.7
565.70 34.5
566.38 1.1
567.76 30.6
568.77 37.6
569.47 4.7
572.53 16.3
573.43 19.3
574.14 18.3
577.20 152.3
577.90 69.9
578.79 18.9
580.15 5.1
581.22 17.3
582.20 26.6
584.47 1.4
586.06 410.5
586.95 80.4
587.63 10.7
588.97 1.8
590.79 84.4
591.76 3.1
592.87 2.5
593.85 3.8
594.82 846.9
595.42 1097.2
596.34 3.3
598.20 6.9
598.83 73.2
599.68 464.6
601.37 8.3
602.26 6.2
603.23 1.2
605.38 11.0
606.50 5.2
608.09 251.0
608.91 54.0
610.53 1.7
633.56 13.9
634.43 11.5
637.53 4.1
643.13 1.0
649.02 3.1
654.30 5.4
655.39 2.2
666.04 1.4
670.22 1.4
678.24 8.3
679.01 3.2
680.16 2.8
681.37 3.4
689.42 9.0
696.39 1.8
701.28 10.2
702.29 13.5
704.47 2.1
708.69 2.3
714.48 4.9
716.06 8.8
716.87 2.7
717.65 18.5
718.43 3.3
724.51 1.3
727.37 3.2
738.36 2.8
740.46 4.1
743.04 2.9
745.55 10.2
746.81 5.4
749.75 2.5
750.72 5.7
751.52 5.8
756.24 2.7
766.38 4.7
767.42 1.7
775.40 5.0
776.41 8.7
777.81 7.2
784.90 4.3
789.14 7.5
793.72 1.6
794.40 3.7
802.38 5.0
803.53 1.6
810.24 3.3
812.16 1.9
812.77 1.5
817.26 3.2
817.89 6.2
819.47 6.9
828.61 3.3
829.33 3.0
830.37 36.1
831.09 8.4
834.44 2.3
846.31 1.4
847.44 5.6
850.52 1.4
858.35 10.1
859.76 1.9
860.45 5.3
872.97 3.8
880.47 2.4
886.44 7.1
897.46 8.7
900.00 3.8
913.11 7.5
931.26 1.4
940.70 4.8
941.62 2.2
942.26 2.5
947.65 1.9
958.50 6.7
972.65 1.1
983.78 3.3
984.57 4.3
988.67 2.1
991.57 4.9
993.57 77.7
998.39 1.6
1005.04 1.7
1015.76 2.4
1016.40 2.4
1017.17 4.5
1032.62 2.7
1033.39 1.7
1034.54 6.3
1043.47 2.7
1045.31 1.8
1056.35 1.4
1059.33 4.1
1070.63 3.5
1074.10 2.7
1076.66 1.3
1084.56 1.5
1086.63 5.5
1102.43 3.8
1113.43 1.4
1172.87 3.0
1212.24 1.9
1217.79 1.1
