1186.57329 2
173.18 47.2
175.23 2.1
187.07 2.2
189.06 7.3
189.99 1.7
193.09 3.0
195.08 2.8
198.26 5.1
199.14 2.6
201.21 51.1
201.95 5.4
205.14 1.5
207.91 4.8
209.52 1.8
210.31 2.7
218.18 1.3
219.22 3.1
221.19 2.0
230.34 12.6
233.21 14.2
245.20 5.2
246.26 12.6
248.28 4.7
249.39 3.2
250.07 5.2
257.22 13.3
259.21 2.5
260.18 2.2
261.09 7.8
262.40 3.7
263.05 3.0
266.31 3.3
267.08 1.4
270.10 3.6
271.47 2.5
273.33 1.0
274.14 4.4
275.24 4.0
276.25 2.6
277.13 2.4
280.35 1.4
282.21 1.5
287.21 1.9
292.95 2.4
294.24 4.8
295.28 6.1
295.97 2.2
298.40 1.5
299.14 26.6
300.06 11.2
303.34 2.8
305.25 6.7
310.03 9.7
311.56 3.7
316.30 4.3
319.12 1.5
320.05 5.9
321.29 4.0
324.15 10.5
326.41 1.3
328.27 2.3
329.42 4.1
330.32 5.6
331.14 2.4
332.24 4.4
334.19 2.1
337.34 7.8
338.16 5.8
341.86 5.2
345.29 6.0
349.35 5.6
352.30 4.0
353.14 5.1
355.08 6.1
356.18 2.1
359.00 2.3
364.32 4.6
366.11 16.0
367.20 4.0
368.22 1.5
370.12 8.8
372.33 3.9
373.13 1.5
377.11 5.3
378.43 1.8
381.33 4.8
382.17 24.8
383.20 4.4
383.89 1.1
387.25 1.0
388.16 1.2
389.20 20.1
390.31 21.7
392.51 1.9
395.47 3.8
396.54 4.5
397.54 3.5
399.23 6.1
400.42 3.5
402.42 2.1
403.47 1.8
404.36 8.0
405.18 1.8
407.30 12.9
408.31 14.1
409.06 5.0
410.43 3.8
411.82 21.0
412.77 22.3
413.44 9.5
414.43 5.2
417.06 4.9
418.54 3.8
419.57 3.1
423.09 2.0
427.15 5.3
428.27 1.3
432.23 7.7
433.49 40.0
435.02 3.1
437.18 11.6
438.15 5.9
439.47 5.4
440.64 1.0
442.42 17.8
443.21 3.9
444.37 10.3
445.28 10.0
447.47 27.6
449.77 2.9
450.44 9.3
452.34 1.4
453.27 8.8
454.07 6.1
455.41 6.4
456.41 15.1
457.56 11.2
458.68 9.2
459.35 2.6
460.28 3.6
461.45 13.6
462.21 5.7
463.81 7.3
464.52 3.8
465.30 3.6
466.20 5.4
467.31 1.6
469.21 8.9
470.41 16.7
471.33 5.8
473.29 7.4
475.80 19.8
476.58 33.1
477.60 21.4
479.19 32.3
480.20 19.0
481.15 10.7
483.28 8.3
485.05 229.7
485.79 11.7
487.07 5.3
487.71 4.7
488.32 3.6
489.34 2.4
490.19 18.4
491.23 7.3
492.40 7.5
493.84 3292.2
494.82 3.2
495.81 17.4
496.68 12.7
497.93 14.1
498.74 13.3
499.35 70.4
500.20 4.1
501.45 5.3
502.42 10.3
504.09 36.9
505.60 12.8
506.45 7.0
507.05 1.1
508.32 1.4
509.22 3.3
509.92 3.8
511.22 7.9
512.68 43.7
513.46 42.9
514.34 1.6
516.34 3.4
517.56 5.8
518.46 10.3
519.41 7.2
520.32 8.4
521.66 20.2
522.26 1.3
523.39 8.0
524.90 2.5
529.17 11.6
529.79 4.8
531.42 3.8
532.94 20.2
534.01 10.4
535.03 15.5
539.03 41.0
540.40 5.8
541.80 3.3
542.58 47.6
543.50 6.8
544.57 10.3
545.32 4.9
545.99 6.0
547.31 32.2
547.92 45.2
548.64 9.0
549.27 10.0
550.11 2.6
550.97 19.0
552.93 14.4
553.92 3.6
554.79 3.7
555.48 4.5
556.40 43.5
557.42 13.1
558.32 17.0
560.14 10.1
562.37 7.0
564.01 12.2
564.98 5.5
565.82 18.4
567.21 72.0
568.41 3.7
569.95 19.1
571.02 23.7
571.92 20.9
573.91 11.5
575.31 142.3
576.18 189.0
576.96 70.8
578.21 28.1
579.21 24.4
580.47 3.1
581.74 16.6
584.72 81.6
585.44 36.7
586.05 20.2
598.40 7.4
599.29 2.4
603.45 2.3
607.20 3.0
611.34 1.6
613.41 4.3
618.61 1.9
620.45 4.1
621.33 7.7
628.56 3.0
634.00 2.9
635.22 2.0
641.72 2.3
642.51 7.2
644.64 11.8
645.38 3.1
646.48 7.9
650.81 1.1
651.46 2.4
653.56 3.4
655.27 1.5
657.32 4.9
660.98 1.7
666.35 1.7
667.59 1.6
670.34 19.0
672.51 6.3
675.40 2.9
676.54 5.1
684.54 7.4
688.44 14.3
690.36 4.2
693.55 2.5
700.15 5.6
701.57 4.5
704.56 2.0
709.44 6.0
710.48 11.8
711.10 2.0
717.81 3.8
718.99 7.2
719.86 2.5
720.62 8.8
722.78 6.9
724.88 17.2
726.50 48.8
727.32 5.9
729.00 1.7
731.64 1.6
738.96 1.0
741.44 3.7
744.66 2.6
746.64 1.8
747.57 2.1
749.44 3.5
752.60 4.7
754.49 2.3
757.36 21.8
775.45 7.6
776.47 1.1
780.55 1.8
785.34 1.6
788.80 9.3
790.30 6.2
792.41 2.5
798.52 3.9
799.55 1.2
801.49 1.5
802.61 6.1
810.56 2.3
816.83 6.3
817.47 4.1
824.67 7.6
825.52 1.3
837.44 3.1
852.12 3.3
852.77 1.9
853.80 1.6
854.76 2.4
857.28 2.8
861.39 1.3
871.83 4.2
872.49 4.9
882.82 2.0
886.96 3.4
888.38 6.2
889.47 27.6
890.48 7.2
894.57 5.5
897.73 6.5
898.63 2.3
899.82 2.4
910.62 14.6
934.15 5.2
951.32 2.9
956.17 3.1
960.50 1.4
963.36 4.9
968.54 23.1
969.56 11.2
970.24 1.4
983.72 2.8
986.50 568.2
987.62 104.5
996.48 2.8
1000.69 2.1
1002.63 1.3
1023.59 2.3
1024.61 23.7
1025.60 5.9
1029.46 4.1
1035.33 2.5
