1015.48332 2
153.05 1.4
154.29 1.1
156.30 11.7
157.15 4.2
158.33 20.8
159.40 7.2
162.03 1.0
169.29 3.6
170.19 2.8
171.22 4.2
173.07 7.1
175.22 177.4
176.17 4.3
177.19 1.0
177.90 2.5
179.15 6.5
180.15 15.2
182.64 3.8
183.77 2.3
185.40 2.4
187.04 9.8
188.14 3.6
190.35 1.0
192.11 1.4
196.25 5.0
197.21 28.7
199.26 4.7
200.42 1.9
202.17 52.0
203.21 1.8
210.06 1.9
210.79 2.1
212.36 2.4
213.41 7.1
215.11 6.0
221.16 5.1
223.18 2.2
225.69 1.6
227.19 3.8
228.14 4.2
229.29 7.7
231.47 3.8
233.05 4.7
237.10 1.9
238.02 13.1
241.14 3.8
242.34 2.9
243.99 10.7
247.42 1.8
248.10 1.8
248.99 1.1
250.02 1.5
251.31 2.3
252.18 2.1
253.21 3.5
256.48 3.2
258.24 1.8
260.16 3.1
261.36 6.1
262.61 6.0
263.30 5.0
265.21 83.5
266.27 28.2
267.44 1.7
270.36 3.4
271.54 1.2
272.70 1.3
274.21 7.6
276.20 3.4
279.13 2.5
280.31 4.3
282.24 3.2
283.30 6.4
284.23 1.3
285.23 3.8
286.38 3.5
288.14 17.0
291.30 2.7
292.02 1.1
293.20 45.5
294.17 10.2
295.35 3.0
296.38 6.9
297.34 5.6
298.11 57.8
299.11 6.7
302.19 4.7
306.31 7.7
308.22 2.5
310.31 6.6
311.07 6.7
315.12 67.0
316.10 9.7
317.32 2.7
318.17 2.9
320.34 2.2
321.15 8.3
323.14 34.8
324.10 3.6
325.22 4.5
327.23 1.3
328.23 5.2
332.17 34.7
332.94 13.1
333.91 9.2
335.55 1.3
336.27 13.2
338.35 1.8
339.76 4.9
340.49 8.9
341.39 2.3
342.25 3.0
343.38 7.8
344.37 8.3
345.26 3.6
350.16 3.2
353.27 16.2
353.89 24.6
355.17 48.6
356.15 3.9
357.03 8.6
359.30 82.0
360.33 13.2
361.13 1.9
362.34 384.5
363.37 4.3
364.40 9.4
366.22 5.3
367.32 8.5
367.94 1.5
369.19 4.4
371.16 1.5
372.40 2.5
373.55 6.6
377.18 2.5
378.61 13.3
379.33 7.1
380.35 4.8
381.18 11.1
382.46 3.5
385.49 6.7
386.16 4.5
387.36 7.3
389.74 13.3
390.60 2.2
391.26 6.7
393.78 41.4
394.38 4.7
395.17 17.2
397.25 1.3
398.32 12.1
399.73 6.7
401.48 18.9
402.36 4.1
403.41 2.1
406.25 4.2
407.11 4.7
407.82 7.0
409.43 19.7
410.34 5.5
411.73 13.8
412.67 7.4
413.98 26.7
415.18 14.5
416.37 2.6
417.72 19.3
418.35 16.7
419.29 10.5
420.33 29.6
422.39 1.2
423.36 3.7
424.49 2.3
426.96 38.5
427.90 15.5
429.25 43.9
430.23 22.8
432.22 20.7
432.96 17.5
434.33 10.0
435.44 19.7
436.36 7.6
437.45 10.8
439.39 1.6
440.19 5.3
445.20 5.0
446.35 15.1
447.36 23.7
448.54 11.7
449.25 4.6
450.00 11.7
451.57 42.1
452.45 2.8
454.45 11.6
455.39 11.6
456.29 3.3
457.04 6.6
458.35 217.7
459.53 61.2
460.42 36.0
461.77 38.1
462.73 6.7
463.40 18.5
464.42 31.4
465.37 2.7
466.11 4.5
467.09 14.5
468.81 77.8
469.42 28.8
470.42 8.2
472.46 10.7
473.19 7.3
474.79 5.0
475.88 23.8
478.48 144.6
479.31 109.5
480.25 5.7
481.24 14.8
482.09 72.5
485.18 23.6
486.28 35.1
487.28 41.0
490.51 439.3
491.33 84.6
492.12 19.0
492.93 17.0
493.58 8.6
494.55 12.7
495.89 7.9
496.98 15.3
499.22 415.1
499.92 313.3
500.79 6.6
501.52 4.3
508.08 1.8
513.22 2.3
514.41 3.6
516.14 3.0
521.28 3.4
523.28 2.3
524.26 6.5
526.78 4.6
530.23 93.3
531.07 15.5
531.75 3.8
532.70 2.6
536.80 11.0
538.52 5.4
539.35 4.5
540.24 5.4
541.24 4.5
545.25 7.4
546.00 4.4
547.98 1.3
549.48 20.2
550.35 3.1
554.22 11.9
554.87 4.0
556.36 1.6
558.13 151.3
559.19 44.2
559.95 11.3
561.36 4.1
566.29 3.5
567.26 9.9
568.75 19.7
569.59 8.1
570.56 18.3
571.61 2.7
573.17 4.9
573.83 1.5
576.51 4.3
577.13 4.0
578.40 1.1
579.40 2.2
585.48 5.6
586.31 3.1
587.34 33.9
588.28 9.9
589.43 2.3
590.33 4.5
591.47 29.4
592.75 13.8
594.74 2.8
595.49 2.1
597.05 2.1
598.25 5.4
599.35 1.4
600.52 2.9
603.23 5.5
604.56 15.3
607.18 7.2
608.00 1.8
612.35 4.3
618.32 3.4
619.81 30.4
620.45 13.1
621.62 6.3
622.26 1.8
623.36 6.5
624.94 3.5
628.65 7.5
629.41 3.6
630.19 4.9
630.91 4.9
632.33 4.0
636.65 10.1
638.03 3.7
640.23 10.3
640.86 2.8
644.05 4.6
646.29 10.8
647.05 6.6
649.50 2.4
650.41 1.8
651.97 1.9
654.92 3.9
656.95 23.9
657.56 30.2
658.27 26.8
659.08 4.0
660.13 11.1
661.64 3.5
663.35 93.1
664.51 10.7
666.79 3.0
668.52 3.1
669.64 5.2
670.94 7.0
672.54 3.7
678.59 2.6
681.10 5.0
683.71 14.0
684.46 45.1
685.42 11.3
686.59 2.5
688.30 7.0
689.38 22.7
690.25 4.2
692.67 1.1
696.33 3.0
701.41 365.5
702.48 85.4
703.88 5.3
705.28 14.2
706.39 118.5
707.36 47.8
709.53 3.1
714.07 2.8
717.34 2.6
718.43 6.5
723.52 8.4
724.58 11.2
727.44 7.4
728.33 34.9
729.37 17.0
732.19 8.2
737.53 3.2
739.45 1.1
741.41 6.0
742.21 1.3
744.30 3.0
746.12 22.0
747.69 7.2
749.32 2.7
753.36 5.2
754.65 4.4
757.77 13.2
758.55 3.6
759.49 4.2
769.73 4.1
773.44 7.8
775.59 10.6
776.61 3.3
777.33 2.1
778.58 1.2
780.76 7.4
782.14 3.0
783.57 6.9
785.64 5.9
787.46 4.9
792.37 20.3
793.01 2.2
793.70 1.6
797.20 5.0
798.47 14.0
799.58 5.8
800.51 2.4
801.42 16.6
802.72 13.0
803.77 18.8
804.39 4.9
806.40 1.8
810.48 5.0
812.02 2.6
813.41 221.1
814.39 76.1
815.54 3.9
816.60 2.6
817.59 4.7
818.56 5.6
819.21 5.8
820.31 6.7
823.45 20.7
824.48 6.0
829.44 1.3
834.67 9.1
835.61 28.9
836.55 8.0
841.41 257.0
842.52 89.7
843.54 13.3
844.58 3.6
846.35 11.1
847.45 4.7
850.47 1.7
852.72 3.5
853.45 2.3
854.65 3.0
855.39 4.1
858.58 26.6
859.40 57.2
860.40 15.5
862.41 4.7
863.62 7.6
864.59 4.1
865.71 2.0
868.50 7.2
869.30 2.5
881.85 3.7
882.70 3.8
887.84 1.7
890.28 3.5
897.70 2.2
924.39 3.6
933.73 2.5
940.65 5.5
942.31 4.2
947.80 1.0
954.55 2.6
958.09 12.5
958.69 1.6
975.39 8.2
976.34 25.0
977.39 16.9
993.56 478.8
994.62 257.6
995.50 9.9
