1214.61431 2
175.33 13.6
186.80 2.0
193.81 7.6
197.22 2.8
199.31 3.7
202.28 5.2
207.84 2.0
216.33 1.1
220.19 3.8
226.07 39.1
228.91 4.0
230.42 6.2
232.17 1.8
234.31 1.8
235.21 2.2
240.33 2.7
248.54 5.3
252.16 20.2
253.21 3.5
259.33 2.6
260.20 1.5
261.99 2.4
264.25 2.1
266.34 2.0
269.18 3.0
273.34 2.9
278.36 3.2
279.35 15.6
280.18 9.2
282.33 2.9
284.48 9.2
285.31 6.3
288.31 21.1
297.16 101.6
298.34 2.0
301.22 3.6
306.55 1.6
307.86 2.8
310.38 1.6
311.38 4.6
315.25 4.7
316.96 2.5
324.34 9.3
325.20 64.9
326.20 3.3
327.97 1.1
329.17 7.5
330.05 1.9
331.87 1.1
335.75 1.3
339.48 4.5
342.32 3.9
345.30 44.6
346.22 7.3
347.28 3.5
349.39 2.6
350.25 2.5
351.03 1.5
355.38 1.4
356.07 5.5
357.28 3.2
359.32 3.2
362.08 2.0
364.33 4.8
367.18 2.0
372.22 8.4
373.37 2.4
376.16 20.0
379.81 2.4
380.44 2.4
384.21 1.8
388.35 5.4
390.22 2.5
391.14 1.8
394.11 3.3
395.15 15.6
396.11 8.1
397.56 9.6
405.22 1.9
406.21 4.7
407.79 13.7
410.50 1.0
412.11 1.5
415.12 14.2
416.10 3.5
419.29 6.3
421.27 3.3
422.26 17.1
423.31 11.8
424.38 2.1
426.48 1.1
428.22 2.6
430.98 1.6
434.11 6.5
436.20 3.9
437.66 6.4
438.43 5.4
440.23 73.5
441.01 1.5
442.33 6.1
443.11 1.6
445.11 12.6
446.33 7.5
449.21 1.6
450.65 3.0
454.35 1.5
456.13 7.6
457.52 8.4
458.38 1.5
459.37 143.6
460.14 26.2
461.30 16.6
462.33 10.8
465.34 7.5
466.25 14.4
468.18 1.3
473.38 3.2
475.42 6.9
476.58 1.9
477.79 5.7
479.37 8.7
480.37 1.8
483.24 3.2
485.14 2.8
486.98 17.8
488.45 3.3
490.22 8.9
491.50 11.7
492.49 5.7
493.17 13.8
494.08 15.3
495.22 2.7
496.38 5.7
499.32 7.0
501.62 16.7
503.13 3.7
505.08 9.0
507.36 8.5
510.58 13.8
511.22 58.0
512.13 6.8
514.68 20.6
515.80 6.9
516.94 10.8
518.31 1.7
519.57 7.0
521.36 6.3
523.19 2.0
525.31 10.0
526.29 8.3
534.71 10.9
536.27 2.7
537.20 14.3
539.58 20.2
540.89 24.2
541.83 11.1
543.36 6.3
544.45 3.9
546.49 1.2
547.68 5.8
548.62 19.2
550.02 1.2
550.85 11.8
551.90 1.7
553.37 6.5
554.60 8.1
555.35 5.9
557.08 5.0
558.24 4.2
561.05 4.2
562.91 12.9
563.58 3.4
564.31 6.0
565.65 8.9
566.28 3.8
568.03 12.3
569.16 23.8
570.33 2.4
571.76 24.6
572.45 78.1
573.65 13.3
575.44 6.1
576.13 7.1
577.02 9.4
577.94 8.0
578.81 11.0
579.60 7.4
580.70 12.4
581.33 1.9
581.95 21.8
585.28 12.5
586.07 14.0
589.59 126.1
590.46 410.1
591.49 28.9
593.19 8.5
594.29 1.6
595.98 24.3
598.31 46.2
598.93 482.6
599.85 4.4
623.36 2.9
625.28 14.9
626.18 34.8
627.39 5.9
643.71 1.2
646.47 1.3
648.09 8.6
650.43 14.1
651.17 1.4
653.30 4.8
653.92 1.2
659.67 4.0
663.26 1.6
668.59 11.2
669.48 5.4
670.52 9.1
674.33 2.5
676.41 8.5
683.56 5.0
687.50 135.3
688.48 4.2
689.81 6.6
691.35 3.4
692.12 1.5
694.35 8.1
698.46 3.5
708.58 3.2
709.41 5.9
710.42 1.5
717.27 2.0
721.82 2.1
722.48 10.4
726.62 2.5
736.29 1.7
738.42 2.1
739.27 52.5
740.49 14.0
741.71 6.5
742.40 12.6
743.37 10.6
744.61 2.0
751.07 4.4
752.75 7.2
755.39 5.6
756.66 6.2
758.58 117.2
759.57 6.8
761.65 7.4
763.46 1.0
768.93 2.5
777.19 10.5
789.57 33.5
790.37 4.5
796.82 4.8
797.93 25.8
798.62 3.8
799.45 2.2
801.10 5.0
806.73 1.3
807.78 1.7
809.70 4.7
813.60 4.8
814.63 2.0
815.99 5.9
816.99 1.3
817.64 6.8
819.65 3.3
822.38 5.7
824.82 1.3
830.62 2.7
836.35 4.7
838.42 13.2
843.52 1.8
845.73 6.0
851.50 6.6
853.26 6.7
855.65 16.4
856.60 35.5
857.41 3.2
863.44 3.4
865.46 8.1
868.95 6.4
873.57 388.1
874.59 15.7
876.47 2.7
878.15 1.1
882.70 2.2
883.64 3.6
890.35 4.2
893.39 10.8
894.53 1.7
910.34 41.1
911.83 4.9
914.78 3.6
931.70 1.2
939.60 2.6
942.09 2.7
950.19 2.1
959.87 4.6
968.64 1.1
972.53 11.3
973.63 1.7
975.07 3.0
978.74 5.6
987.58 1.0
995.65 3.6
1003.32 4.5
1006.17 6.4
1011.82 1.9
1013.61 1.8
1023.30 34.6
1024.23 2.2
1028.14 1.0
1029.67 7.2
1032.05 1.8
1032.73 4.2
1034.57 6.6
1039.44 7.7
1040.37 3.8
1042.52 1.6
1053.76 2.4
1057.60 1.3
1058.74 5.3
1059.89 1.0
1069.61 2.4
1077.74 8.6
1085.40 1.3
1086.66 5.5
1191.75 1.4
