1528.71086 2
226.43 4.0
230.28 2.4
233.31 3.5
234.66 5.6
242.23 2.3
243.18 1.9
244.43 1.6
246.27 1.7
248.36 5.1
249.30 1.9
261.09 5.1
263.27 3.4
274.24 2.7
282.32 3.4
292.98 2.6
296.31 1.9
297.97 2.0
299.10 1.9
301.78 3.3
304.25 3.7
305.16 2.2
314.73 1.6
315.43 5.7
317.36 5.5
318.26 2.6
322.41 6.1
324.62 2.0
329.07 1.5
332.26 6.3
334.22 3.5
340.29 6.6
341.12 6.8
342.29 1.3
343.31 5.2
351.18 1.9
352.50 2.2
353.14 2.6
358.33 17.1
361.84 5.5
362.55 9.0
365.24 6.1
366.01 4.2
376.27 4.0
377.56 1.5
378.31 4.3
379.22 1.6
381.32 4.1
382.22 4.2
383.42 3.7
386.18 6.2
391.17 1.9
395.13 2.3
399.34 1.9
405.25 8.8
406.10 3.4
406.87 3.3
410.87 4.3
415.89 4.5
420.03 3.1
422.40 6.4
423.19 3.0
425.17 7.6
428.13 9.6
431.28 5.6
438.41 4.6
440.27 4.0
445.15 15.4
446.69 7.8
447.83 2.0
451.09 4.9
453.38 7.6
454.88 16.5
456.75 5.7
457.78 8.8
458.48 2.8
463.63 5.4
465.36 2.7
467.57 3.1
468.27 1.8
470.05 3.4
471.26 14.3
475.52 18.1
476.44 8.2
477.46 2.5
478.99 5.2
481.45 2.5
485.28 1.3
486.40 2.0
489.06 27.8
490.56 6.8
492.10 3.8
493.82 2.4
495.15 6.6
497.66 8.2
502.31 4.0
502.99 4.7
504.37 3.3
506.51 9.8
507.35 4.9
508.87 9.4
511.35 2.2
512.22 3.4
513.11 17.2
513.84 4.3
515.23 14.8
517.35 5.2
521.47 5.0
522.31 15.7
524.30 1.9
526.17 1.2
529.14 17.4
530.32 25.7
531.23 2.2
536.17 8.1
537.54 1.1
539.67 52.3
540.45 12.7
543.07 5.6
544.00 36.3
545.30 6.7
546.52 9.4
547.26 3.2
548.63 22.2
549.42 9.7
552.99 69.8
554.22 14.8
555.19 20.8
559.59 2.1
561.88 45.7
563.10 20.1
563.72 3.3
564.39 2.8
565.91 6.7
569.12 9.3
570.63 62.4
571.28 19.2
572.27 39.3
573.24 10.6
574.24 1.6
575.96 5.4
577.75 44.0
580.30 4.1
581.12 3.2
581.93 9.5
584.47 10.3
586.35 12.1
588.35 26.0
589.44 6.0
590.25 1.5
595.58 16.7
596.30 9.6
599.20 5.1
600.77 7.8
602.00 10.6
604.63 19.9
605.41 6.3
607.58 5.8
609.35 4.2
610.77 22.1
613.56 5.3
615.99 1.9
617.14 49.9
617.84 24.0
619.34 10.6
622.57 3.3
624.79 7.0
626.04 10.7
627.16 18.4
627.84 4.2
628.98 11.5
629.69 3.8
632.02 9.6
632.85 32.5
633.97 7.4
635.30 5.7
636.19 5.1
641.59 117.3
642.42 43.0
643.62 23.4
645.00 5.2
645.91 3.0
646.74 3.3
647.61 10.2
648.96 3.5
650.32 50.5
651.06 40.9
651.97 8.3
653.37 7.2
655.26 19.6
657.42 18.9
658.05 2.6
659.08 2.1
661.04 29.6
661.71 8.2
662.40 2.1
663.51 4.0
665.38 5.1
666.73 31.4
667.43 5.9
668.33 3.0
670.26 151.9
670.88 44.9
672.37 44.9
674.14 6.7
675.04 40.7
676.58 15.0
678.92 49.3
679.99 7.0
681.47 2.7
683.15 153.9
683.88 78.5
684.84 7.9
687.76 3.7
688.81 16.4
689.53 16.8
691.27 55.6
692.14 146.9
692.94 54.2
693.60 4.4
694.29 8.5
696.94 2.5
698.37 18.3
699.24 50.6
699.99 21.7
701.12 66.5
701.81 23.4
703.22 4.5
704.39 1.2
705.55 51.2
706.25 154.6
707.32 17.9
708.28 14.9
710.38 10.3
711.33 6.1
712.46 42.7
713.34 24.0
714.54 16.1
715.84 16.2
716.48 16.6
717.29 42.1
718.14 3.7
718.96 1.6
721.17 90.9
721.93 5.5
722.96 1.5
725.54 103.2
726.53 52.8
727.74 10.0
729.34 26.8
730.17 9.8
731.27 4.5
733.90 253.2
734.59 490.0
735.49 33.8
736.22 13.1
738.23 51.2
739.06 70.7
739.79 16.1
741.54 4.7
743.18 1815.0
743.95 345.6
745.28 2.1
747.29 765.5
747.98 460.7
748.90 13.9
749.97 20.5
750.70 6.5
756.08 151.4
757.11 1.8
759.83 1.3
769.31 9.2
770.33 2.2
779.13 3.4
785.35 3.1
787.03 2.9
790.77 3.0
792.44 4.1
794.37 2.9
795.77 10.5
797.78 2.3
798.42 3.7
799.31 2.1
806.39 8.5
812.24 6.2
813.29 40.7
814.47 44.2
815.30 22.1
820.65 6.3
821.55 1.7
822.49 4.7
830.39 14.1
832.65 7.2
834.01 6.2
840.46 1.8
848.14 5.3
850.36 4.1
857.58 1.7
861.38 3.5
865.41 2.0
868.50 1.4
869.64 14.1
874.42 3.2
876.29 1.2
878.59 2.6
879.55 3.4
884.52 5.4
896.60 1.9
905.49 1.8
906.79 4.5
913.72 2.5
915.60 8.0
917.00 6.3
920.69 12.4
922.71 2.3
924.64 6.8
925.27 3.1
929.39 2.2
932.70 2.0
939.56 1.4
940.96 6.3
941.96 29.8
942.61 18.3
943.70 3.7
952.91 3.6
958.41 1.7
960.72 3.0
962.33 2.3
963.56 3.0
967.69 2.9
968.36 8.2
971.03 4.7
974.60 1.8
975.49 5.3
977.39 5.2
978.81 10.7
979.68 8.3
986.39 2.3
991.24 2.2
993.34 2.5
995.40 5.9
1001.02 4.4
1006.45 7.2
1012.44 13.2
1013.41 3.9
1014.71 5.7
1021.43 3.9
1023.67 11.5
1024.65 3.3
1039.34 3.2
1040.54 9.5
1041.52 27.4
1042.44 22.7
1044.06 3.8
1046.93 7.6
1048.78 6.8
1049.65 1.8
1053.48 3.6
1059.47 2.0
1060.55 1.6
1062.55 5.6
1081.07 10.5
1084.74 4.6
1088.70 3.8
1090.74 2.5
1095.48 1.9
1105.38 4.3
1136.73 8.0
1137.70 2.4
1138.73 8.9
1140.57 3.3
1142.61 4.0
1149.59 1.8
1153.43 20.8
1154.54 61.7
1155.61 29.8
1156.79 8.2
1157.56 1.3
1164.75 4.5
1169.75 7.3
1171.26 4.3
1172.67 4.6
1189.17 3.8
1198.40 2.8
1200.61 1.3
1224.44 2.4
1225.83 2.4
1226.60 1.5
1247.50 2.1
1252.80 2.6
1255.94 2.6
1263.32 5.1
1264.78 6.2
1265.77 7.4
1272.60 2.3
1281.87 15.6
1282.58 28.9
1283.48 14.5
1298.43 3.2
1299.30 8.8
1300.62 1.8
1303.65 4.5
1304.58 1.2
1305.25 4.6
1320.85 2.2
1322.05 4.2
1322.65 7.1
1332.60 5.4
1339.79 7.9
1343.57 1.9
1355.79 5.0
1357.81 11.6
1365.72 10.3
1382.83 10.4
1383.53 29.8
1384.52 9.5
1385.12 3.3
1399.37 3.0
1401.05 8.5
1401.84 3.3
1402.90 5.1
1473.56 1.7
1492.57 2.1
