2808.29897 4
202.23 2.8
211.37 1.1
212.31 4.8
213.43 1.3
215.09 1.3
216.32 5.3
220.13 3.8
227.03 3.7
231.96 3.1
234.11 13.5
241.13 5.8
242.70 2.7
243.48 4.7
244.13 3.2
252.25 1.8
254.37 1.8
255.09 1.0
258.06 8.1
260.03 32.6
262.19 6.6
269.18 5.9
270.12 4.8
271.41 3.4
279.07 1.0
280.27 3.4
284.19 2.7
286.37 6.4
287.22 4.1
288.12 1.8
289.49 2.7
292.24 1.6
295.02 5.2
296.23 6.7
297.13 3.5
298.48 9.7
299.91 1.2
300.92 14.1
302.06 4.2
306.26 8.5
308.99 1.5
311.26 2.6
312.26 4.7
313.24 20.2
314.17 4.3
315.34 5.5
316.14 10.1
317.56 2.0
323.22 4.1
329.10 1.3
330.34 4.9
332.12 46.1
333.19 12.6
334.17 36.2
335.88 4.5
339.39 9.8
340.39 1.5
342.22 4.6
346.18 1.3
347.09 2.9
349.25 2.2
350.12 7.2
351.37 1.7
352.20 1.5
354.12 1.2
356.21 4.1
357.15 1.1
358.21 4.4
360.17 2.5
364.19 8.0
365.06 15.0
366.27 5.1
367.02 2.7
368.10 8.9
369.13 8.6
370.55 2.8
372.46 3.4
376.32 1.6
377.34 2.6
378.95 5.5
380.36 2.7
382.72 1.3
384.44 5.2
385.32 1.5
386.14 8.1
389.36 3.3
392.21 2.0
393.06 2.5
394.10 7.9
396.28 8.9
397.23 3.9
399.92 1.9
400.95 6.5
402.29 25.5
403.53 3.2
404.21 2.5
410.19 4.4
410.90 3.2
416.06 3.4
424.17 3.0
426.14 3.7
428.89 9.7
430.13 2.3
431.10 5.4
432.24 1.3
433.09 4.9
434.17 17.2
436.24 6.9
437.21 4.8
438.36 6.0
439.34 5.6
443.23 8.5
444.10 5.6
446.34 3.3
449.95 9.8
450.90 1.2
452.24 6.4
454.20 12.7
455.03 11.7
456.22 9.8
458.12 2.3
463.01 1.9
464.36 5.2
465.16 3.7
467.13 4.0
468.52 4.2
469.20 6.4
471.81 2.8
473.45 3.9
475.07 4.0
477.64 2.8
482.27 6.2
483.41 6.5
484.29 20.6
489.65 7.9
490.27 3.9
491.37 1.8
492.34 6.6
493.21 120.1
495.16 111.9
497.01 9.5
498.32 1.7
499.33 11.5
500.27 10.8
501.27 7.5
502.68 6.5
503.77 7.1
504.71 1.4
508.33 4.3
509.05 5.8
510.09 4.9
513.52 3.0
515.19 28.2
516.42 8.8
517.14 18.4
518.22 2.8
522.17 3.1
523.06 3.0
524.52 7.4
525.90 4.2
527.10 57.2
528.30 1.7
530.32 7.5
536.03 1.5
537.30 3.0
538.96 6.4
540.49 7.2
541.36 2.9
543.11 147.7
544.10 10.7
545.47 1.4
546.60 7.6
553.67 6.6
554.73 5.6
555.56 8.9
556.90 9.1
558.39 20.1
563.02 2.1
564.18 9.0
566.63 6.7
567.76 5.2
569.29 52.5
570.41 10.1
571.17 4.6
572.20 16.5
574.26 39.7
575.29 15.6
575.95 2.4
576.83 2.8
580.26 7.0
581.34 15.5
582.24 7.2
583.41 1.0
584.61 7.5
585.23 3.4
586.06 5.5
587.03 12.4
588.81 37.5
590.02 11.6
591.43 2.4
592.60 9.8
593.82 8.5
595.45 21.1
597.24 32.1
598.42 12.0
599.54 30.1
602.28 13.9
603.40 3.7
605.92 3.2
606.67 1.9
607.79 34.9
608.50 7.2
609.58 21.0
610.50 1.2
611.49 1.8
612.85 14.3
613.57 14.7
614.48 10.0
615.29 15.4
616.46 10.9
617.26 15.8
620.00 66.9
621.53 6.1
622.63 2.7
624.51 56.4
626.03 20.9
628.54 1.4
629.50 4.3
632.23 24.8
633.41 6.5
637.18 29.9
638.40 31.7
639.19 1.6
640.57 9.8
641.50 36.6
642.71 27.1
643.43 5.5
644.05 28.2
645.19 123.6
646.32 17.7
648.07 103.8
649.09 52.2
649.79 33.0
650.68 9.7
652.00 48.5
652.81 36.7
653.70 97.5
654.69 3.1
655.94 15.1
657.13 37.7
658.41 50.3
659.58 13.5
660.44 11.0
662.17 16.3
663.04 48.6
664.36 16.9
665.57 28.7
666.65 153.3
667.92 83.8
669.01 1.3
669.98 114.3
670.85 66.9
671.78 19.7
672.45 52.2
673.32 22.0
673.99 113.0
674.88 49.8
676.14 120.5
677.02 45.4
678.07 116.4
678.89 36.6
680.55 150.2
681.48 32.7
682.40 62.2
683.60 25.8
684.60 92.3
685.41 68.5
686.04 67.9
687.29 256.4
688.52 23.4
689.41 31.2
690.11 207.8
691.42 108.8
692.13 85.8
693.19 30.0
693.95 28.1
694.82 6.3
711.48 12.0
712.18 2.1
713.64 7.8
715.24 7.6
716.62 5.7
718.48 12.0
721.09 4.3
721.77 13.9
722.94 16.8
724.94 7.1
725.68 1.3
727.53 9.2
729.00 5.7
731.65 91.6
732.49 47.9
734.00 5.3
736.29 17.0
737.14 15.0
737.77 24.5
740.41 1.2
742.82 11.3
743.53 1.2
744.56 10.4
745.57 12.9
746.84 11.6
748.08 6.1
749.68 20.8
750.86 6.1
752.24 8.0
753.45 11.3
754.48 13.8
755.52 49.3
756.31 21.3
759.04 5.3
760.52 12.0
762.33 2.9
764.34 39.1
765.08 195.4
766.13 54.4
767.26 4.6
770.00 101.2
770.78 34.0
772.50 17.8
774.47 20.4
775.41 4.1
778.13 11.0
779.11 9.2
780.40 11.0
781.44 16.0
782.30 3.0
783.39 21.0
784.11 16.2
785.89 9.6
786.59 3.4
787.68 18.4
788.35 11.6
789.10 56.6
789.74 12.1
791.88 16.9
793.03 14.0
794.04 17.5
794.73 6.9
796.14 4.8
797.43 31.0
798.48 23.6
799.79 16.6
801.59 17.2
803.24 195.1
804.13 11.4
805.22 56.1
806.05 5.3
806.98 6.6
808.76 113.5
809.43 59.7
810.54 3.8
811.46 10.2
812.60 27.1
813.62 13.5
815.55 21.5
816.34 17.3
816.95 4.4
817.78 129.6
818.55 43.9
819.72 40.1
821.14 64.8
822.29 12.7
823.39 7.0
824.50 3.8
825.99 66.1
827.08 350.2
828.07 40.7
828.90 4.1
830.50 38.3
831.39 15.6
832.29 94.3
833.21 48.6
833.86 29.7
835.57 83.0
836.39 108.8
837.00 17.6
837.66 1.0
838.30 2.5
838.98 9.7
839.79 10.7
841.09 61.9
842.12 423.4
842.94 9.8
844.22 19.9
844.92 7.6
846.52 20.0
847.60 4.7
848.62 16.9
849.62 19.2
850.53 35.9
851.59 48.5
852.55 8.6
853.71 13.2
855.34 89.3
856.01 49.1
856.68 20.8
858.92 31.3
859.60 102.3
860.56 87.6
861.42 65.8
862.25 15.0
863.77 68.3
864.97 515.7
865.91 356.7
867.11 16.1
868.83 75.6
869.64 137.8
870.60 112.8
871.45 195.8
872.46 3.4
873.48 16.0
874.78 179.5
875.51 347.5
876.58 11.8
878.45 25.5
879.51 37.7
880.70 6.9
882.32 32.4
883.30 33.1
884.21 50.0
885.01 8.7
887.06 40.8
887.87 71.2
888.68 165.7
889.56 73.0
890.30 10.9
891.18 1.4
892.96 76.4
893.67 159.4
894.53 208.9
895.49 46.8
896.92 35.5
898.11 122.9
899.20 246.2
900.04 98.3
901.71 24.1
902.47 54.1
903.79 358.5
904.61 310.7
906.85 12.2
908.17 50.4
908.86 3.8
909.63 2.4
911.73 12.3
912.61 7.4
919.02 4.4
920.15 4.9
922.06 7.4
923.48 9.7
924.86 1.5
927.78 17.1
929.67 3.6
931.92 9.5
933.02 9.0
933.76 21.1
934.98 14.3
937.46 1.6
938.12 3.5
938.85 5.7
940.68 1.7
942.54 1.0
943.91 15.5
948.52 3.8
952.31 6.5
954.96 6.3
955.63 5.6
956.29 5.5
958.25 22.8
960.58 9.2
961.54 2.3
970.86 10.0
972.54 5.7
973.42 1.5
974.20 2.9
976.11 11.2
977.11 4.9
981.29 4.8
982.34 2.0
985.12 5.4
990.00 11.7
990.74 7.7
991.82 36.7
994.37 1.3
998.20 1.7
1010.81 10.0
1012.83 5.5
1016.55 4.6
1019.51 1.4
1021.24 4.3
1024.67 8.4
1026.96 19.1
1030.35 4.3
1032.07 9.2
1033.32 10.8
1034.03 7.2
1037.67 4.9
1040.57 28.2
1041.64 5.1
1044.97 5.9
1045.94 2.0
1048.34 2.2
1049.70 1.0
1052.03 1.9
1053.46 6.0
1055.16 9.9
1055.82 2.8
1057.23 5.1
1060.25 6.8
1061.69 12.3
1064.19 5.3
1067.09 7.7
1068.57 11.0
1071.00 1.2
1072.13 2.8
1073.43 3.9
1074.08 4.0
1076.89 2.0
1078.57 6.0
1082.13 3.2
1084.69 1.4
1085.66 10.6
1089.92 20.3
1090.97 11.2
1092.56 1.2
1094.31 2.3
1097.55 23.3
1098.40 21.5
1103.33 1.5
1104.85 8.8
1105.93 35.7
1106.75 10.9
1109.84 15.2
1111.74 3.6
1113.59 1.5
1114.41 10.0
1116.95 4.2
1119.77 3.9
1120.81 1.5
1122.68 5.0
1126.26 2.1
1128.59 3.2
1131.81 12.0
1137.61 10.6
1139.32 8.4
1140.08 1.4
1143.64 8.7
1145.98 6.1
1146.69 16.8
1147.39 21.0
1148.56 17.3
1149.31 1.7
1154.72 23.4
1155.94 16.0
1156.97 2.1
1158.01 8.3
1158.78 4.0
1161.88 8.0
1163.03 4.9
1166.96 10.2
1169.61 14.1
1174.71 14.9
1175.41 2.8
1178.80 2.2
1181.70 9.7
1184.31 11.6
1186.20 2.8
1189.36 4.6
1193.36 2.3
1196.06 1.6
1199.25 2.7
1201.35 4.8
1202.39 3.4
1203.22 3.7
1204.03 6.3
1204.99 8.2
1208.18 5.8
1210.62 2.5
1211.56 3.9
1212.85 7.9
1213.99 4.4
1218.70 9.1
1219.37 7.5
1234.18 3.9
1235.34 6.0
1239.07 4.8
1247.42 3.3
1250.66 1.1
1258.79 1.1
1263.05 13.9
1264.31 3.9
1286.51 3.2
1288.28 2.3
1291.24 6.1
1312.35 2.4
1339.05 2.3
1357.54 5.5
1366.84 2.6
1383.11 3.3
1388.99 2.2
1406.88 1.3
1408.97 2.7
1431.47 7.4
1468.65 5.2
1526.52 3.0
1538.04 1.9
1695.12 3.8
1738.91 2.2
1862.32 1.3
