1409.6104 2
210.28 2.9
212.13 1.5
218.08 2.5
219.29 6.0
234.33 2.7
238.17 2.7
240.15 2.3
244.29 3.1
245.12 3.4
251.23 3.0
254.14 12.2
255.13 2.7
256.20 3.9
257.21 1.6
260.13 16.1
261.34 14.2
266.14 3.4
272.19 8.6
278.39 2.5
280.16 2.8
283.31 4.7
284.09 8.1
285.17 3.5
286.50 1.4
293.35 4.2
294.22 16.7
298.30 2.1
299.29 2.1
302.49 3.2
303.41 1.3
306.18 1.2
312.27 3.1
313.31 4.4
314.25 2.5
315.04 2.0
316.26 2.9
324.13 1.5
335.14 7.7
339.11 5.5
340.31 1.7
343.30 1.3
344.38 1.3
349.29 1.1
357.37 4.5
358.34 3.3
361.31 5.5
362.05 4.6
363.20 1.1
367.17 1.1
375.40 5.1
379.12 23.8
380.32 18.5
383.22 6.7
385.36 1.7
386.29 2.3
391.21 1.4
392.33 8.1
393.20 1.1
395.21 10.8
398.32 4.2
399.35 2.3
400.32 15.7
401.29 18.7
404.23 12.6
405.27 9.9
406.14 8.5
410.18 6.7
411.08 3.9
412.12 3.7
412.82 3.4
416.11 3.1
417.33 7.9
418.20 6.5
419.42 4.2
420.47 3.0
421.41 31.0
422.35 48.3
423.20 1.7
424.19 2.5
425.22 5.2
426.41 2.1
427.18 5.0
428.25 7.5
431.76 6.3
439.44 18.8
440.44 2.8
442.35 6.1
445.26 10.9
446.29 15.7
451.52 4.9
452.36 3.5
455.23 2.0
456.09 3.1
459.29 4.5
461.56 1.2
464.23 2.5
468.50 3.2
469.22 8.8
472.60 4.3
473.31 2.9
475.41 8.1
476.33 16.0
477.27 24.2
480.04 4.3
485.99 6.5
487.27 5.0
490.38 11.3
491.21 4.2
493.30 4.0
494.41 3.6
497.39 7.8
500.14 5.0
501.74 21.2
502.42 30.9
503.25 4.8
504.52 3.7
505.55 19.7
507.81 8.9
511.26 9.0
512.39 11.1
513.40 9.5
514.66 10.4
515.40 5.6
516.21 3.1
520.48 4.7
524.40 1.2
528.15 7.9
530.29 184.0
531.34 29.8
532.68 10.2
540.07 2.5
541.22 2.9
542.03 3.3
543.34 2.6
546.11 7.3
550.39 56.3
551.38 9.5
554.48 2.0
558.41 7.2
559.35 8.7
560.39 4.2
561.57 16.0
562.28 8.0
562.97 4.9
566.34 5.9
567.97 17.4
568.90 4.2
569.99 19.4
570.69 11.8
575.36 10.9
577.02 4.6
579.28 2.7
580.13 24.8
583.19 9.5
583.86 3.7
588.68 5.5
589.50 17.1
590.83 22.2
591.48 4.4
592.26 1.5
593.29 4.1
595.44 1.2
596.30 13.9
597.74 20.4
598.38 5.7
599.33 3.3
600.57 1.7
602.29 3.4
603.76 11.6
604.92 16.6
606.76 2.3
610.00 28.2
612.45 8.8
614.32 3.8
615.25 1.2
616.43 1.4
618.67 250.1
619.41 99.9
621.09 5.0
622.04 15.7
623.59 1.9
624.98 4.7
625.70 2.3
626.89 52.0
627.57 305.9
628.45 11.0
630.06 2.0
631.47 17.8
633.13 3.6
633.86 6.2
636.12 13.4
638.66 4.1
639.98 24.1
640.86 1.6
641.97 2.1
644.49 17.4
645.46 3.1
646.44 2.0
647.39 4.9
648.32 11.1
648.99 13.3
650.15 5.0
651.73 7.9
652.50 8.9
653.56 12.1
655.81 11.2
657.20 29.9
658.28 35.8
659.20 5.0
660.40 19.3
661.24 11.0
662.11 4.3
662.84 13.0
664.18 11.3
664.98 7.2
666.25 92.5
667.12 212.6
667.92 29.4
669.21 47.7
670.26 37.5
671.38 17.0
672.93 35.6
674.16 17.5
675.56 1299.2
676.49 52.2
678.60 43.4
679.54 56.0
681.13 30.2
681.95 57.9
682.86 27.0
683.55 16.4
684.95 5.0
687.21 259.9
687.88 537.9
688.61 490.9
690.57 59.8
691.38 2.4
692.55 2.6
694.20 23.6
696.72 1116.3
697.43 157.5
717.15 1.5
724.61 2.3
725.32 1.8
728.41 4.0
731.43 5.0
735.47 10.6
736.29 1.4
742.36 3.4
743.38 19.8
744.55 2.4
746.47 3.0
749.48 8.5
750.59 2.2
751.24 4.2
752.65 4.6
756.50 1.4
759.23 3.5
770.78 3.2
771.54 4.3
772.27 1.3
784.64 3.7
788.58 11.1
794.25 4.1
796.39 3.2
797.14 1.3
802.40 6.2
804.63 4.3
805.35 3.5
806.42 1.9
811.51 2.8
813.70 1.9
820.76 7.5
821.64 5.8
824.62 18.2
825.61 3.1
826.25 2.8
828.27 3.9
834.37 2.4
835.68 3.1
839.28 2.7
842.41 42.7
843.59 6.7
844.85 5.6
845.48 5.8
846.46 16.4
847.28 10.9
860.15 12.4
862.43 18.3
863.49 56.6
864.49 48.7
865.29 1.3
874.35 1.5
875.67 2.2
880.46 26.5
881.79 6.5
882.47 2.3
883.49 1.7
885.63 1.4
887.09 1.2
895.71 5.5
913.42 4.4
940.50 1.1
943.63 8.8
945.08 8.9
948.06 10.1
951.14 5.7
953.62 4.5
954.25 2.9
956.36 1.6
958.63 2.6
971.43 178.9
972.48 66.9
973.58 9.2
975.22 2.4
988.09 2.0
989.24 4.2
991.65 9.2
992.93 11.8
993.67 6.8
994.68 13.1
1006.38 3.2
1009.43 4.8
1016.73 3.6
1019.73 1.6
1035.55 2.6
1039.38 1.8
1062.51 3.6
1067.44 3.5
1080.72 2.4
1088.43 1.8
1090.50 2.9
1091.86 7.2
1099.58 12.3
1103.57 8.0
1109.56 1.4
1110.66 4.7
1113.98 10.0
1116.65 8.6
1120.30 4.3
1121.39 5.8
1124.61 2.7
1138.58 40.3
1139.68 9.3
1148.00 2.6
1151.48 1.3
1152.80 6.4
1165.69 2.5
1182.49 1.1
1185.94 1.3
1189.79 6.3
1191.94 1.4
1197.70 1.5
1205.76 1.6
1213.72 8.4
1214.69 4.6
1215.29 5.5
1219.29 4.9
1220.23 2.7
1224.04 2.4
1231.64 2.3
1234.87 1.4
1235.61 51.0
1236.56 25.9
1237.45 11.8
1238.61 3.0
1253.43 43.4
1254.63 23.9
1262.51 4.9
1263.67 3.0
1316.52 1.4
1351.86 1.6
1371.04 1.1
