2713.278050000001 3
252.89 2.2
254.05 1.7
262.28 13.8
264.13 1.2
273.49 2.1
280.09 3.9
282.15 1.2
295.16 2.7
297.24 2.6
302.21 1.3
303.19 4.0
315.28 2.6
319.30 1.2
320.13 2.7
325.31 1.2
329.35 1.8
330.20 2.2
331.19 4.0
337.28 2.3
339.38 2.2
340.39 1.1
352.30 2.5
355.16 3.7
357.29 2.3
361.32 2.6
364.13 1.7
365.05 1.3
367.29 1.1
368.29 6.4
370.39 1.2
371.38 17.8
372.52 2.3
376.32 4.4
382.36 13.5
384.50 3.0
385.82 3.5
392.35 1.0
394.41 12.1
395.25 2.6
396.38 1.4
397.98 8.7
400.28 26.1
401.37 12.1
402.25 4.8
403.11 2.3
405.36 5.1
406.42 5.6
407.42 2.1
414.25 1.8
418.31 22.6
419.11 1.5
428.54 2.0
430.72 8.7
438.46 5.8
439.45 5.6
440.36 1.5
441.28 1.6
444.26 7.8
447.45 7.6
449.24 2.0
450.43 3.0
454.28 5.0
460.56 1.3
461.32 4.9
462.99 1.8
463.61 1.6
464.44 1.7
465.39 1.2
466.13 6.7
469.31 6.7
474.19 1.4
476.29 10.6
480.46 2.6
481.37 4.4
484.29 1.1
491.22 3.7
493.54 4.9
494.25 9.5
495.55 3.9
497.11 6.3
499.82 6.0
501.26 1.3
502.60 1.1
504.39 4.3
506.35 5.0
508.83 5.3
510.44 1.4
514.31 6.5
515.81 11.0
516.46 1.2
520.21 6.4
521.36 1.6
522.49 2.7
525.82 2.1
527.17 5.3
528.38 4.6
531.91 7.5
535.33 1.0
537.39 10.5
538.23 2.9
541.98 6.8
542.64 9.3
543.32 2.4
544.22 2.6
546.35 8.4
547.52 4.6
548.33 2.7
551.25 2.9
555.01 4.0
557.37 2.0
558.50 7.9
560.89 11.1
563.24 15.1
564.45 2.5
565.44 5.9
567.08 10.4
568.26 2.4
570.26 4.6
572.57 2.9
574.46 3.4
575.26 2.6
581.48 80.6
582.54 19.3
583.17 3.7
585.36 4.1
587.41 8.5
590.57 20.6
591.82 3.5
592.79 5.6
594.31 7.5
595.32 3.5
596.34 5.9
598.56 6.8
599.35 2.3
600.44 2.6
601.32 2.6
602.55 2.1
603.52 2.3
608.37 8.6
609.61 2.0
615.36 6.0
616.69 9.3
619.53 2.6
620.30 3.0
622.25 9.7
622.98 2.6
624.29 10.6
625.05 18.4
625.93 8.4
627.28 2.4
629.12 3.4
631.18 7.8
631.88 9.4
633.47 18.2
634.51 4.2
636.71 1.5
637.73 4.3
639.47 1.5
640.50 4.8
641.26 16.2
643.28 1.7
647.57 1.7
649.37 6.8
650.43 78.0
651.48 30.2
652.55 7.5
655.29 2.7
656.33 7.3
657.47 18.3
658.46 2.9
659.17 2.3
660.50 4.5
661.15 1.5
664.44 6.9
670.57 10.1
671.21 8.7
673.78 4.8
674.59 3.1
675.55 2.6
677.06 2.5
680.33 8.2
682.55 14.0
683.38 3.6
684.71 2.1
685.69 4.3
689.43 2.8
691.37 7.3
692.21 4.3
693.41 21.7
694.75 11.7
696.38 6.1
698.36 11.1
699.32 1.1
700.78 32.2
701.54 14.0
703.05 13.7
704.33 10.3
705.51 8.6
707.02 7.5
708.20 23.2
709.19 7.6
710.13 4.8
710.82 2.9
711.54 4.1
712.76 22.9
713.46 5.6
714.73 10.7
716.49 8.6
717.35 8.4
718.62 24.3
719.55 19.4
720.46 4.9
724.83 22.5
725.52 9.0
726.13 7.0
727.44 2.8
728.20 4.7
728.97 14.9
730.30 21.2
733.56 9.1
734.50 32.1
735.32 7.1
736.93 2.4
737.91 11.0
738.91 18.6
741.50 3.0
742.28 11.1
743.99 4.8
744.75 10.2
748.32 46.0
749.42 17.2
750.34 31.6
750.96 5.0
751.78 8.7
753.55 34.2
754.61 6.4
755.56 6.0
756.63 33.4
757.45 16.1
758.49 25.5
759.37 15.7
760.15 4.7
763.02 48.1
763.74 8.7
764.56 11.3
767.58 37.9
768.36 34.5
769.30 4.1
769.93 1.7
771.36 70.7
772.31 3.6
773.63 22.3
774.52 11.1
775.69 21.9
776.31 2.0
777.42 157.2
778.51 19.4
779.65 26.0
780.89 38.9
781.77 20.2
782.48 2.7
783.66 37.7
784.69 10.7
785.39 10.1
786.14 24.1
787.47 22.1
788.69 3.2
789.66 20.3
790.74 50.1
791.77 35.7
792.55 24.6
793.57 7.3
794.22 6.4
794.91 29.5
795.74 40.4
796.54 30.0
797.52 28.3
798.57 36.3
800.17 59.6
800.82 46.3
801.46 36.7
802.53 34.2
804.36 97.8
805.03 6.1
805.91 28.2
806.96 46.4
808.04 12.6
810.20 164.7
810.88 46.3
811.70 5.4
812.58 32.2
814.01 31.4
814.76 15.2
815.80 48.2
817.36 33.9
818.41 88.6
819.44 85.4
821.17 137.6
821.83 67.6
822.76 20.3
824.01 127.8
825.13 31.2
826.24 27.2
827.36 82.5
828.29 39.5
829.44 121.1
830.45 75.3
831.55 104.0
832.68 27.0
833.35 88.8
834.51 64.2
835.65 7.6
837.30 104.1
838.17 43.3
839.46 180.6
840.37 66.7
841.42 46.1
842.26 44.5
843.29 189.6
843.97 91.2
845.22 38.9
845.85 16.7
847.00 160.4
847.93 46.7
848.56 12.7
849.92 60.4
850.88 50.0
851.69 118.9
852.67 146.1
853.60 104.9
854.52 35.0
855.24 26.3
856.30 63.6
857.35 205.8
858.29 158.0
859.22 21.5
860.39 115.5
861.32 138.1
862.02 108.8
862.75 259.6
863.53 193.8
864.61 70.8
866.14 266.2
866.95 178.4
868.12 142.8
869.24 138.1
870.28 90.1
871.56 118.5
872.34 365.6
873.04 228.0
874.17 163.7
875.46 269.3
876.10 194.3
876.97 23.8
878.27 419.1
879.18 570.8
880.02 147.3
880.79 50.6
881.64 121.6
883.45 195.3
884.50 1040.0
885.39 354.6
886.11 388.1
886.96 16.4
887.59 260.6
888.30 158.4
889.39 661.4
890.07 919.2
890.91 166.7
892.19 12.2
892.85 26.0
893.49 686.4
894.15 173.4
895.33 418.5
896.09 38.6
898.41 2.9
904.43 1.9
905.48 14.6
909.07 1.4
911.14 2.1
912.73 1.7
913.65 5.5
914.62 1.7
916.69 3.1
918.72 8.8
919.76 19.4
921.66 16.3
923.08 2.6
924.31 8.3
927.46 1.9
928.25 2.6
929.55 9.5
930.64 11.6
931.67 8.2
933.21 9.8
934.52 5.0
935.31 7.1
936.84 34.2
937.66 6.1
938.54 8.2
939.30 3.5
940.25 20.0
941.12 6.4
943.49 11.0
944.10 4.9
947.70 2.5
948.80 12.9
949.84 12.5
950.67 24.9
951.59 4.0
954.95 16.8
955.81 3.1
957.83 5.1
958.54 3.3
960.34 3.2
962.33 3.7
963.30 7.5
964.23 22.3
964.93 5.1
966.08 12.3
966.81 5.4
967.79 5.4
968.97 1.0
969.61 6.7
971.58 8.9
972.61 6.4
973.51 9.8
975.39 2.8
977.69 5.0
978.52 6.4
979.95 26.8
980.71 16.0
981.74 6.9
982.92 11.5
984.39 4.9
985.44 24.3
988.03 1.9
989.17 9.6
990.17 9.2
991.20 3.6
992.90 14.8
993.63 2.2
995.07 7.7
995.92 15.2
996.69 2.0
997.40 3.5
998.60 4.9
999.71 20.6
1000.73 20.3
1002.16 6.4
1003.51 18.1
1004.47 6.6
1005.46 16.4
1006.49 13.0
1007.26 4.9
1008.34 13.9
1009.40 5.7
1010.70 8.0
1011.87 4.5
1014.30 17.6
1015.90 26.9
1016.64 32.2
1017.40 24.3
1018.01 7.9
1018.69 57.1
1019.56 7.8
1020.60 2.9
1021.64 8.2
1022.80 20.7
1023.56 9.2
1024.52 2.5
1025.54 27.0
1027.41 10.5
1028.12 1.6
1029.52 19.5
1030.65 5.4
1032.08 16.2
1032.97 14.9
1033.71 23.8
1034.57 9.4
1036.02 21.1
1036.84 4.1
1039.15 7.5
1040.65 16.1
1042.02 5.9
1042.74 7.7
1043.60 29.9
1045.12 7.3
1045.76 14.8
1046.60 10.6
1048.54 18.0
1049.83 17.2
1050.64 28.2
1051.75 14.3
1052.79 26.9
1053.76 7.7
1055.07 9.6
1055.72 16.5
1057.64 16.5
1058.63 26.7
1059.46 12.2
1060.34 15.2
1061.38 25.6
1062.24 3.9
1063.62 1.8
1064.67 12.9
1065.77 14.7
1066.76 66.9
1067.95 33.9
1068.98 8.8
1069.70 7.7
1070.96 18.4
1072.08 12.6
1074.42 22.3
1076.30 16.9
1077.73 59.7
1078.76 21.4
1079.59 16.7
1080.47 15.6
1081.44 3.5
1082.34 21.5
1083.26 29.6
1084.63 39.5
1085.87 40.1
1086.64 68.3
1087.59 11.2
1088.63 5.9
1089.24 3.5
1090.15 8.1
1090.97 21.1
1091.74 9.5
1092.96 12.1
1094.03 29.6
1095.39 16.7
1096.13 7.1
1097.47 29.2
1098.33 5.7
1099.67 20.8
1100.63 9.1
1101.88 25.2
1102.55 20.7
1103.64 26.3
1104.64 13.7
1105.60 16.0
1106.36 37.0
1107.43 39.3
1108.50 42.6
1109.10 1.7
1110.07 12.4
1110.82 11.9
1111.73 17.6
1112.75 34.5
1113.54 3.3
1114.75 35.1
1115.46 34.5
1116.63 16.2
1117.63 17.3
1118.62 17.6
1119.39 4.9
1120.23 18.1
1120.85 2.1
1121.96 16.8
1122.97 28.4
1123.68 71.8
1124.76 40.5
1125.71 7.5
1126.56 32.5
1127.99 51.5
1128.91 46.2
1129.54 14.0
1130.67 6.7
1131.58 5.1
1132.21 30.5
1132.99 10.1
1133.73 5.3
1134.69 45.1
1135.99 62.4
1136.99 29.6
1138.27 2.5
1139.24 29.5
1140.43 63.4
1141.41 99.0
1142.32 30.4
1143.08 12.3
1143.76 12.9
1144.93 25.7
1145.81 20.8
1146.89 18.3
1147.84 35.1
1148.96 177.1
1149.90 59.4
1150.75 28.6
1151.73 14.7
1153.24 36.3
1154.37 30.8
1156.42 31.6
1157.52 185.2
1158.35 423.4
1159.26 53.8
1160.02 9.9
1161.84 24.7
1163.09 29.0
1164.05 13.9
1165.03 66.3
1165.75 83.0
1166.54 11.8
1168.35 11.5
1169.41 16.4
1170.42 22.2
1171.65 21.6
1172.80 19.2
1173.62 3.7
1174.70 3.4
1176.27 12.2
1176.99 16.5
1178.36 44.2
1179.27 11.8
1180.59 5.1
1181.64 33.6
1182.49 21.9
1183.31 49.6
1184.39 11.8
1185.23 30.6
1186.10 25.4
1187.27 11.2
1188.48 13.5
1189.42 4.6
1190.42 8.0
1191.21 35.0
1192.47 70.8
1193.82 32.1
1194.73 29.4
1195.89 19.1
1196.82 17.3
1197.91 14.9
1198.83 43.1
1199.89 15.6
1200.67 34.0
1201.54 62.5
1202.26 16.5
1203.57 37.5
1204.54 47.8
1205.55 66.2
1206.48 33.4
1207.71 43.3
1208.86 6.4
1209.51 16.9
1210.13 3.9
1210.84 3.4
1211.87 66.0
1213.00 96.7
1213.80 63.9
1214.84 123.0
1215.70 43.5
1216.88 32.6
1217.96 40.8
1218.58 15.5
1219.28 22.0
1220.42 66.9
1221.22 60.0
1222.51 180.9
1223.15 89.8
1223.81 44.5
1224.70 27.6
1225.44 4.3
1226.81 123.1
1227.94 47.1
1229.11 45.7
1231.32 1000.1
1232.40 417.3
1233.85 13.2
1234.47 28.1
1235.42 91.7
1236.54 70.8
1237.33 8.7
1238.09 13.5
1239.22 24.2
1239.94 38.7
1241.04 38.2
1241.75 13.1
1243.02 39.0
1244.12 45.4
1245.00 35.0
1246.49 44.3
1247.87 68.2
1248.91 43.4
1249.90 135.7
1251.09 59.2
1251.82 12.6
1252.53 51.8
1253.17 16.3
1253.98 29.8
1255.21 38.0
1255.94 50.6
1257.07 56.9
1258.08 38.5
1258.82 36.8
1259.91 20.4
1261.31 178.1
1262.25 118.4
1264.02 70.7
1264.82 101.2
1265.75 9.1
1266.91 13.6
1268.51 17.7
1269.48 51.4
1270.61 275.7
1271.71 45.6
1272.63 6.7
1273.86 34.8
1274.72 14.0
1275.48 17.4
1276.30 30.7
1277.78 76.2
1279.03 116.4
1279.82 260.9
1280.67 46.8
1281.87 65.3
1282.93 71.1
1283.80 33.9
1285.01 32.3
1286.03 21.5
1286.64 35.9
1287.77 15.9
1288.85 29.4
1289.92 45.5
1290.98 191.5
1291.89 250.6
1292.87 42.1
1293.69 29.3
1294.73 24.1
1295.38 9.4
1297.32 4.4
1299.62 697.1
1300.39 1145.0
1301.32 152.5
1302.89 4.8
1303.86 1.8
1304.55 17.9
1305.29 28.0
1306.28 6.8
1307.95 123.6
1308.74 49.4
1309.35 3.0
1311.17 22.5
1313.09 73.3
1314.24 93.9
1315.11 13.5
1318.51 6.1
1319.94 122.3
1320.82 70.5
1321.73 8.1
1325.55 8.6
1326.65 5.3
1328.52 22.8
1329.65 5.8
1331.79 2.5
1339.25 16.9
1342.89 7.3
1344.48 1.4
1347.76 6.3
1351.47 5.4
1352.61 2.5
1359.89 2.2
1362.17 2.1
1373.95 3.8
1376.47 1.5
1379.79 1.3
1380.40 4.8
1381.79 3.2
1384.76 2.1
1386.79 2.3
1387.75 2.2
1390.64 6.5
1392.77 1.2
1394.72 2.9
1397.72 2.8
1400.67 2.2
1401.36 1.3
1402.16 1.5
1402.86 2.0
1406.66 1.4
1411.91 5.9
1417.54 2.0
1418.71 2.4
1423.09 8.6
1423.81 3.1
1428.11 2.8
1434.16 7.6
1435.30 10.7
1438.86 3.3
1439.51 4.7
1441.82 9.4
1444.94 6.4
1445.81 3.3
1449.61 9.4
1450.40 1.4
1451.75 1.8
1465.66 2.3
1466.85 9.7
1467.81 2.4
1469.49 3.4
1470.67 1.5
1471.48 2.8
1477.72 1.2
1478.70 3.3
1483.03 1.5
1483.89 4.9
1484.76 2.7
1485.71 4.9
1490.12 1.7
1490.89 5.7
1500.10 3.3
1501.05 2.8
1502.61 7.2
1503.86 4.2
1507.46 2.4
1514.04 2.0
1516.48 6.5
1517.75 11.7
1522.49 4.5
1524.66 3.5
1526.73 6.6
1527.39 1.6
1528.65 4.7
1529.65 1.5
1534.64 3.3
1535.25 3.9
1536.44 1.0
1538.24 1.8
1544.96 2.9
1546.58 1.1
1547.71 2.8
1548.91 5.1
1552.11 4.8
1555.97 1.7
1560.53 1.3
1565.98 5.1
1567.68 4.2
1569.06 2.7
1570.72 6.1
1577.91 9.1
1583.75 3.3
1590.82 5.3
1594.10 5.0
1595.89 2.3
1598.69 5.4
1599.78 6.6
1600.90 2.5
1604.31 6.4
1610.28 1.2
1612.78 1.9
1616.52 5.5
1617.63 1.6
1621.56 1.3
1626.95 1.3
1627.84 1.7
1630.01 3.0
1631.70 5.2
1632.69 1.8
1639.15 1.4
1647.58 3.0
1648.28 4.3
1648.93 3.1
1650.52 2.8
1653.02 3.1
1655.95 3.7
1656.69 3.6
1661.48 6.1
1664.46 1.8
1666.87 3.2
1672.81 2.1
1676.83 13.6
1681.35 1.5
1682.63 3.0
1699.04 8.3
1699.88 1.6
1701.93 4.2
1702.98 2.8
1705.56 1.0
1711.69 1.9
1714.06 3.0
1715.91 2.6
1716.66 10.6
1724.84 3.9
1733.98 4.7
1734.84 1.3
1737.40 1.2
1760.97 3.3
1765.09 4.3
1779.85 2.9
1780.69 4.8
1781.39 3.8
1784.75 2.3
1795.76 1.1
1797.88 4.4
1806.05 1.9
1810.36 5.7
1811.91 2.3
1813.16 1.4
1819.41 3.0
1820.66 1.8
1831.34 7.4
1832.06 2.5
1837.94 4.0
1845.12 2.8
1855.57 4.1
1856.94 2.8
1863.97 2.8
1866.23 1.9
1872.27 6.3
1878.38 6.2
1880.80 3.2
1885.86 1.0
1886.82 8.3
1894.87 1.3
1897.09 1.5
1898.19 2.4
1899.19 1.6
1900.03 5.6
1926.88 20.5
1928.15 5.0
1939.58 2.3
1949.17 9.1
1959.95 1.0
1966.37 5.5
1968.06 1.8
1975.67 8.0
1978.10 1.8
