697.4865599999999 2
100.13 101.0
101.07 5.6
105.23 3.1
106.14 2.6
107.06 4.1
109.15 11.7
110.49 12.5
111.09 18.3
112.95 8.7
114.09 3.9
115.14 8.6
116.20 10.1
117.18 5.8
118.15 7.8
119.13 18.8
120.15 1.4
121.15 3.9
122.18 7.0
123.15 6.0
125.07 12.5
126.17 5.2
127.25 17.1
128.13 120.5
129.05 29.5
130.17 17.3
131.24 2.8
133.09 29.3
134.32 4.7
135.20 9.3
135.89 6.1
137.10 15.4
138.20 1.5
139.23 12.6
141.20 18.6
142.23 2.5
143.21 18.8
144.48 3.3
145.19 9.3
146.03 7.8
147.05 22.2
149.12 17.8
150.30 3.6
151.09 5.3
152.16 3.2
153.19 11.7
155.17 17.5
156.66 8.0
157.30 6.3
159.05 22.9
160.16 24.6
161.21 29.9
162.12 53.0
163.17 27.9
164.14 15.3
165.13 16.1
166.30 1.0
167.14 31.3
168.09 5.4
169.04 14.2
170.06 6.6
171.18 33.8
172.24 2.9
173.01 12.1
174.28 21.5
175.23 10.1
175.85 4.8
176.62 7.9
177.37 12.2
178.24 9.0
179.14 13.9
180.19 12.2
181.13 14.0
182.23 13.9
183.10 6.6
185.25 11.6
186.21 7.7
187.11 11.3
188.26 10.4
189.11 46.9
190.29 13.9
191.18 22.4
192.11 12.3
193.15 42.8
194.44 17.1
195.35 19.5
196.32 17.9
197.16 24.0
198.22 11.6
199.22 15.8
199.96 1.2
201.24 11.2
202.28 6.5
203.26 9.7
204.17 9.3
205.14 41.5
206.44 4.7
207.28 43.5
208.14 10.6
209.29 41.0
210.21 67.1
211.22 25.3
212.24 3.7
213.30 6.3
214.25 9.6
215.17 28.5
216.23 14.8
217.18 8.4
218.45 34.8
219.20 68.3
220.15 5.0
221.11 28.2
222.23 28.7
223.23 13.6
224.39 8.3
225.20 14.4
226.30 27.4
227.33 140.3
228.22 103.7
229.29 58.6
230.32 11.6
231.34 10.0
233.17 52.1
234.05 6.5
235.19 40.0
236.08 21.4
237.15 14.8
238.48 1.7
239.16 12.5
240.21 4.3
241.27 16.0
242.28 5.2
243.22 17.2
244.25 51.1
245.31 43.1
246.17 14.1
247.18 57.6
248.24 15.1
249.10 19.4
250.39 12.3
251.21 38.0
252.27 3.6
253.13 24.9
254.43 6.5
255.25 45.6
256.25 6.2
257.35 6.0
258.17 13.1
259.22 23.3
260.15 18.6
261.26 34.1
262.16 11.6
263.20 26.6
264.17 11.6
265.27 54.6
266.18 18.1
267.30 19.5
268.39 16.5
269.17 18.9
270.08 2.5
271.20 11.8
273.21 62.9
274.28 6.5
275.18 78.2
276.41 78.5
277.32 401.3
278.49 18.8
279.20 48.6
280.25 5.6
282.31 1313.6
283.37 25.8
284.24 5.0
285.84 206.5
287.18 55.0
288.25 29.7
289.17 56.7
291.00 1477.8
291.82 163.6
292.65 19.5
293.31 80.3
294.17 12.9
295.14 17.7
296.20 8.0
297.45 12.3
298.27 19.0
299.38 8.8
301.34 60.9
302.40 32.7
303.31 73.8
304.24 33.0
305.27 75.5
306.26 41.0
307.27 43.6
308.23 9.4
309.11 2.9
313.20 94.0
314.18 60.9
315.18 21.3
316.15 26.0
317.33 5.4
318.69 21.4
319.41 33.8
320.55 17.3
321.20 42.9
322.28 21.4
323.30 12.0
324.08 4.1
326.36 21.3
327.06 10.6
327.86 17.4
329.10 6.4
331.22 1284.9
332.17 643.8
333.21 37.8
334.31 23.0
335.34 7.2
336.24 17.8
337.34 76.5
338.34 12.3
340.66 4327.5
341.39 810.3
342.71 4.6
343.64 13.1
344.44 46.2
345.47 4.2
347.70 3.1
349.06 2.5
354.29 6.8
355.22 17.6
356.20 1.7
356.97 2.3
357.64 9.1
358.35 5.1
360.54 2.0
379.26 2.2
382.29 2.4
389.31 5.2
398.31 3.3
399.03 1.1
399.90 1.5
413.11 6.2
415.81 4.5
424.56 3.6
433.41 1.4
435.36 14.4
436.50 7.8
437.49 6.3
440.28 8.2
441.34 2.1
453.28 225.6
454.42 72.9
455.47 10.4
457.49 24.6
459.20 5.9
465.40 3.1
467.66 2.1
468.56 2.9
470.45 238.6
471.51 56.6
472.33 21.0
477.36 2.9
478.45 1.1
481.45 11.6
484.43 9.3
485.53 3.5
506.57 5.7
515.46 12.7
521.66 1.9
534.47 1.7
536.69 1.7
547.39 3.7
548.80 1.4
549.62 6.3
552.60 5.4
556.18 3.9
563.37 93.7
564.56 31.1
566.38 3.3
567.46 2.6
570.50 76.3
571.54 11.4
579.95 12.0
580.82 60.1
581.44 398.9
582.47 112.6
583.58 1.6
585.45 3.6
632.49 1.7
674.56 3.1
680.53 5.7
