1265.63872 2
180.98 3.5
185.11 1.2
186.19 3.2
198.14 5.2
199.37 4.0
203.24 3.1
205.17 6.6
209.13 1.6
210.07 1.8
211.15 2.9
213.21 6.7
216.27 23.4
217.23 2.3
224.13 1.8
225.31 2.7
228.16 4.1
234.12 3.5
244.23 3.3
245.11 1.6
246.37 2.4
253.12 1.3
256.14 1.2
260.30 9.8
262.16 2.9
264.07 3.4
268.16 10.5
269.25 14.8
270.28 11.3
271.12 2.7
272.13 1.1
274.51 1.7
276.29 3.8
279.05 2.0
280.23 4.3
285.55 2.8
287.11 18.2
288.21 18.2
292.30 1.6
296.28 1.9
297.37 2.3
298.03 1.7
300.02 3.6
301.40 1.5
302.32 1.0
308.32 3.4
310.97 1.2
313.22 1.0
315.38 3.1
320.25 7.6
323.22 8.5
323.92 3.1
327.28 2.5
331.35 2.0
332.21 2.6
333.27 1.3
334.19 1.5
338.87 8.1
342.17 3.3
343.71 7.8
344.64 1.3
345.43 2.2
346.39 5.6
353.16 13.3
356.56 8.8
359.30 1.6
361.32 89.0
362.42 5.9
363.13 1.6
364.11 2.6
366.35 5.7
367.15 7.6
368.15 2.7
370.25 7.5
371.18 16.7
374.18 3.9
374.97 6.0
376.27 7.4
380.07 11.3
381.18 15.3
385.41 1.3
388.19 5.4
389.01 9.2
390.17 8.4
392.29 4.1
393.18 7.1
397.89 3.3
399.07 39.0
404.14 1.8
406.36 6.8
411.02 5.8
413.95 1.9
415.14 5.2
416.21 34.3
417.48 9.4
418.27 2.1
421.02 3.3
422.14 14.9
423.11 9.7
424.04 7.9
426.17 6.0
429.57 1.8
430.97 4.1
432.41 2.6
433.27 7.1
434.24 5.3
438.89 9.3
441.28 5.2
441.93 2.0
444.40 18.2
445.26 3.7
447.43 2.0
449.63 8.9
450.27 1.1
452.35 4.5
453.01 1.7
455.52 6.3
456.32 4.3
457.10 10.4
459.19 6.2
460.26 38.7
461.45 8.3
462.22 3.5
463.75 14.3
466.27 7.4
467.49 2.5
468.40 2.2
470.25 5.9
472.10 4.4
473.32 9.1
474.28 2.4
475.87 6.5
477.47 1.2
479.37 57.6
481.34 2.2
482.09 5.0
485.52 2.3
486.33 1.8
487.44 4.9
489.95 14.9
491.37 1.3
495.17 1.2
496.12 3.6
497.26 136.7
497.88 5.5
498.48 2.4
501.31 38.2
502.28 6.3
503.30 5.9
504.39 2.8
505.63 1.3
507.31 2.1
508.39 2.5
509.54 11.9
510.86 2.9
511.99 5.2
513.22 13.1
514.49 3.9
515.33 6.0
516.70 12.8
518.77 17.1
519.41 10.3
520.20 1.7
521.28 3.7
522.24 2.4
524.54 7.3
525.77 23.1
527.59 2.9
528.42 2.1
529.22 2.4
530.42 16.5
531.56 20.9
532.40 19.7
533.22 6.6
534.41 7.9
535.37 2.6
539.40 22.8
540.08 288.7
541.01 11.6
541.70 3.9
543.15 6.6
544.55 12.2
545.43 8.6
547.38 4.2
548.68 10.6
551.22 19.8
552.10 1.3
553.05 1.9
553.99 4.2
555.30 1.5
557.06 11.5
558.24 4.3
559.17 11.1
560.09 7.2
561.64 1.9
562.30 5.4
563.74 1.5
564.54 9.0
565.57 16.8
566.55 2.5
569.28 19.4
570.37 4.5
571.38 6.4
572.25 19.3
573.13 7.2
574.59 8.4
575.27 2.3
576.52 17.8
578.66 2.4
579.37 3.4
580.39 6.3
581.50 12.5
582.20 4.8
583.08 15.4
583.93 1.2
584.67 10.7
585.44 5.0
587.60 15.4
589.27 30.9
590.20 11.1
591.64 6.4
593.13 8.2
594.91 3.5
595.69 10.6
597.09 6.6
598.38 8.8
600.77 10.1
602.36 10.0
603.42 6.7
604.33 11.7
605.41 8.6
606.82 55.1
607.50 68.9
608.34 8.9
610.77 16.5
611.48 1.6
613.03 4.8
613.77 8.3
614.54 6.5
615.15 177.9
616.15 122.9
617.16 7.2
619.12 7.3
621.22 18.4
621.89 8.7
624.16 85.6
625.00 2.0
640.47 3.1
648.43 2.0
650.27 6.9
655.99 5.4
659.32 5.6
660.57 10.4
665.37 3.2
666.15 2.9
668.24 4.0
674.39 4.6
675.26 1.1
680.09 2.4
684.43 4.3
686.45 3.0
688.44 1.1
690.06 12.5
690.86 1.1
693.55 19.3
699.76 3.7
701.40 2.6
704.31 3.3
705.12 4.4
706.42 7.8
711.47 1.0
712.58 2.2
715.55 1.5
718.39 7.2
719.43 4.2
720.54 1.9
724.50 3.6
726.32 1.9
736.47 27.0
737.66 4.5
743.44 3.6
744.39 4.4
745.34 16.2
747.73 3.3
756.48 3.3
758.72 3.8
759.61 4.5
765.41 7.0
767.16 4.3
769.26 3.3
772.01 6.4
773.51 3.7
775.56 4.6
776.53 8.9
779.10 6.4
780.44 1.2
784.71 2.2
787.33 4.6
788.25 5.3
789.33 16.6
790.45 2.6
791.30 1.7
796.75 11.8
797.99 3.4
800.62 4.3
801.74 6.1
804.01 6.7
806.35 10.4
807.38 2.8
809.29 13.1
811.00 2.4
812.45 2.9
815.83 6.8
817.57 1.2
818.67 3.2
819.50 5.0
822.95 6.9
828.83 1.1
833.56 3.0
836.52 2.0
839.10 10.8
841.48 1.2
842.29 13.6
847.07 3.6
848.53 1.0
850.00 30.1
850.63 108.0
851.55 37.4
852.42 3.5
853.31 15.3
854.57 3.6
856.28 1.5
860.54 1.2
865.46 5.4
867.39 2.8
870.49 11.8
871.63 18.8
872.47 3.5
874.70 7.4
875.32 1.9
880.91 4.4
882.36 2.1
885.26 2.7
887.95 20.5
888.59 19.3
889.28 9.6
891.41 3.0
893.86 2.3
895.36 5.9
897.91 3.5
901.80 5.5
903.39 1.8
904.65 10.9
905.50 25.9
909.85 1.9
912.53 2.0
919.33 15.2
922.46 8.1
923.57 6.8
928.02 2.0
932.66 2.2
939.63 2.7
942.74 2.4
944.70 2.6
950.60 2.0
953.28 6.6
954.33 1.2
959.41 1.3
961.55 5.6
962.53 9.0
968.59 1.7
971.41 1.2
972.39 5.4
973.57 5.9
975.36 3.8
977.47 4.2
978.50 10.1
979.51 99.1
980.55 36.3
981.44 4.5
983.66 5.6
985.17 8.0
988.65 11.2
989.63 3.8
990.51 4.7
994.65 12.2
996.49 1.6
1001.48 4.5
1006.62 1.2
1007.49 2.1
1013.87 2.6
1017.57 4.6
1029.65 1.1
1032.96 11.9
1034.97 4.9
1037.80 2.1
1046.27 1.0
1050.00 32.8
1050.69 155.0
1051.60 41.5
1052.40 1.1
1053.53 4.6
1064.23 2.0
1066.77 2.8
1074.64 1.5
1076.95 6.7
1078.66 14.6
1084.40 26.1
1091.78 2.0
1092.56 1.8
1101.31 15.5
1102.66 11.6
1103.65 4.7
1110.37 2.2
1115.59 9.1
1118.69 5.5
1119.46 13.2
1120.64 5.6
1130.54 1.3
1134.56 3.7
1137.64 3.3
1168.82 2.7
1175.56 4.6
1176.56 4.5
