853.56407 2
121.07 1.0
128.29 1.2
129.04 1.3
134.18 1.3
136.26 2.6
143.25 4.1
145.16 2.9
147.17 3.6
148.97 1.4
158.30 1.8
161.88 5.8
175.21 18.1
179.15 3.2
183.19 1.4
184.18 2.8
185.18 85.4
186.11 9.5
191.62 4.5
196.17 7.7
198.24 4.1
200.24 1.7
202.91 3.1
205.06 1.8
207.14 6.7
209.19 4.1
211.14 4.5
211.84 4.4
213.22 70.9
214.39 7.2
219.16 3.5
223.97 3.5
228.26 10.5
230.00 1.0
231.22 5.6
237.86 2.3
239.16 3.7
242.09 19.2
243.05 1.0
244.02 1.2
248.67 9.0
252.13 2.9
254.28 16.0
255.20 12.9
256.27 8.3
257.61 1.3
258.35 4.6
262.61 3.8
263.72 3.0
265.89 7.5
267.25 3.6
268.17 1.7
269.21 21.6
270.32 9.9
271.10 1.9
272.22 87.7
273.35 8.4
275.25 5.5
276.07 5.2
277.35 3.5
278.19 6.2
279.46 1.2
281.53 8.9
282.26 2.0
283.34 2.3
283.95 2.2
288.32 2.1
291.09 338.4
292.64 9.3
295.36 14.2
296.21 6.6
297.22 13.8
298.90 5.0
300.02 4.7
303.32 11.9
304.02 4.6
304.67 1.4
305.94 1.6
307.18 11.2
308.53 9.8
309.20 4.3
312.47 654.7
313.34 130.5
314.27 1.9
315.28 17.3
316.22 1.3
317.89 12.6
320.07 2.9
321.29 113.1
322.05 22.4
324.19 1.6
326.40 4.5
328.21 5.2
331.09 5.4
332.98 25.3
334.28 1.2
335.14 7.9
336.32 4.6
338.00 10.4
339.23 7.7
341.09 72.6
342.24 8.8
344.33 12.2
345.02 3.6
346.09 5.4
347.30 16.2
349.72 27.3
350.75 9.9
352.36 19.4
353.26 5.2
353.99 4.2
355.35 16.8
356.62 5.6
360.01 14.1
361.45 10.9
363.56 3.0
366.02 7.9
366.65 2.6
368.29 12.7
369.44 16.0
370.74 126.3
371.54 37.0
373.31 18.9
374.16 1.1
374.86 7.9
376.55 14.7
377.16 5.8
378.40 9.4
382.45 28.2
383.32 6.9
386.17 25.8
386.89 17.7
387.92 6.0
389.07 7.0
391.39 15.5
392.20 8.3
393.38 2.3
395.68 3.2
396.93 5.2
398.04 17.6
400.33 123.4
401.46 38.1
403.05 8.1
405.17 15.7
406.67 1.4
409.14 55.1
409.85 60.4
410.96 11.8
411.86 11.4
412.60 19.3
414.90 10.4
415.93 23.9
418.01 98.6
418.80 52.7
420.28 12.9
425.47 3.3
426.90 1.5
436.68 2.9
439.13 3.0
444.21 2.2
449.56 9.0
451.15 3.7
454.44 32.7
455.34 4.5
457.15 3.5
460.36 4.5
462.68 2.0
463.85 15.9
466.14 4.6
475.44 4.2
476.18 14.1
480.32 16.0
481.55 4.9
483.98 2.1
485.57 5.2
492.24 1.5
501.34 2.8
502.06 6.1
502.71 12.2
510.35 1.6
513.39 234.1
514.48 64.9
515.36 2.2
519.34 2.0
525.66 5.7
526.42 2.0
527.90 5.7
530.51 5.4
535.38 12.8
536.18 11.3
537.23 4.0
539.70 8.3
541.47 30.3
546.51 2.3
551.18 13.5
551.88 1.3
554.52 2.1
560.06 3.0
570.30 1.6
574.47 1.3
575.17 2.7
581.55 8.2
582.72 8.2
583.51 10.2
586.47 1.2
588.31 1.3
589.78 5.1
591.43 3.2
592.36 9.2
598.31 6.8
602.43 6.6
609.55 2.2
618.34 1.9
620.26 2.8
623.57 17.6
624.66 34.1
625.56 5.5
627.56 1.8
634.69 1.2
635.48 1.2
636.41 1.0
640.39 107.0
641.47 319.4
642.55 77.2
652.76 1.3
656.49 2.4
658.19 3.4
660.47 1.5
666.24 3.1
669.72 1.7
673.28 1.0
675.53 2.8
676.52 1.3
678.58 2.1
680.48 9.4
681.59 2.2
683.53 4.6
684.58 4.3
693.50 6.8
696.22 4.5
697.77 3.8
698.41 7.4
719.66 3.6
723.57 2.1
724.45 2.0
729.50 1.8
730.50 4.7
737.55 5.4
739.51 5.4
740.68 3.1
748.26 3.9
751.57 2.5
755.23 2.9
761.82 2.7
765.03 1.6
771.49 1.0
830.27 1.8
832.47 1.2
