909.45561 2
130.42 1.9
131.15 1.5
140.17 9.6
141.23 4.0
143.04 2.1
145.21 2.7
157.23 2.5
158.14 17.0
159.17 7.5
161.17 4.8
165.08 3.3
167.12 2.1
171.00 1.6
175.19 43.5
181.23 1.8
182.19 7.3
184.17 9.6
185.17 3.0
187.20 7.2
189.04 9.2
190.17 7.2
193.70 6.0
195.14 3.2
196.06 4.6
198.25 5.4
199.16 3.0
202.27 1.6
202.98 6.2
204.17 1.0
206.36 4.1
207.78 8.8
209.06 5.2
210.33 2.8
214.22 2.2
215.30 7.7
217.10 3.9
218.92 3.0
220.20 4.6
223.28 1.1
224.16 2.1
226.11 5.5
226.95 11.3
228.24 4.4
229.22 1.0
230.07 1.9
231.22 2.1
232.00 3.0
233.31 2.9
237.17 2.2
239.07 3.6
240.09 12.0
241.13 3.8
243.06 1.5
244.25 22.3
245.03 12.8
245.75 1.0
248.25 1.9
251.43 1.7
252.40 1.7
253.30 2.2
254.31 1.1
256.23 1.1
258.21 11.4
262.25 30.9
265.71 6.5
268.30 52.7
269.23 3.8
270.29 3.2
271.22 4.3
272.36 19.3
273.09 5.2
275.35 10.0
276.36 3.0
278.40 1.5
279.25 3.2
283.58 8.0
284.29 11.9
286.22 39.4
287.33 2.6
288.71 8.5
291.38 2.3
293.47 1.0
296.22 7.9
297.17 18.8
300.81 1.5
302.42 3.8
303.88 14.9
306.85 8.7
308.83 4.8
311.94 1.6
312.76 5.6
314.26 4.8
315.15 5.7
315.76 5.5
319.38 8.8
320.36 2.2
323.24 2.0
324.14 5.6
327.19 1.8
330.48 6.6
331.24 14.4
332.28 9.9
333.86 19.3
334.77 4.1
336.41 2.8
338.24 4.2
339.11 1.0
340.89 38.2
341.49 9.2
342.15 1.6
343.27 8.7
343.96 1.5
346.38 1.9
349.34 72.9
350.21 2.6
351.17 2.3
354.23 4.8
356.12 8.4
360.74 47.4
361.90 2.5
363.20 2.0
364.61 5.3
367.27 5.0
367.99 9.5
369.26 6.6
370.29 3.0
370.91 1.7
372.23 4.3
373.20 5.1
373.84 37.7
374.87 36.9
375.75 5.9
376.90 17.1
378.46 6.5
379.59 22.5
380.33 5.5
381.57 10.8
382.44 105.2
383.80 21.6
385.35 6.7
386.79 20.2
388.14 5.1
390.98 25.3
393.29 1.3
394.86 8.3
395.93 17.5
397.10 16.2
398.37 25.5
399.46 16.2
400.26 2.6
402.75 9.7
403.44 2.9
405.27 10.5
406.14 8.4
408.12 31.6
409.39 7.1
410.65 2.6
411.31 4.3
412.33 2.4
413.23 13.8
414.20 25.9
415.40 8.5
416.84 25.4
417.65 4.7
418.92 29.2
419.94 20.1
420.85 1.5
422.18 26.5
422.99 34.7
424.03 11.5
425.10 15.2
426.16 16.8
427.58 10.0
428.22 5.1
429.30 20.3
431.49 248.9
433.04 20.3
434.07 17.3
435.60 19.0
436.65 167.7
437.56 216.3
438.92 4.9
440.25 77.0
441.05 5.0
443.07 16.9
443.76 14.1
444.66 7.0
446.09 543.8
446.86 379.0
454.86 6.9
459.45 4.9
464.14 3.0
465.29 2.2
467.39 3.9
473.38 3.1
475.69 7.8
476.46 6.2
477.26 19.1
478.22 12.9
479.25 7.3
480.40 3.9
482.20 4.8
484.37 6.0
485.44 6.8
496.38 89.7
497.41 20.4
498.17 3.5
499.45 10.3
502.28 13.9
503.40 2.4
506.37 7.5
507.67 1.5
509.16 2.2
510.68 1.3
519.44 8.1
520.80 8.1
522.45 5.7
524.30 6.5
525.28 2.7
526.17 2.4
533.32 28.8
534.30 8.5
534.94 5.4
538.38 1.5
543.52 6.0
544.21 16.1
545.41 2.0
549.38 1.5
554.48 1.3
557.07 2.3
558.42 4.6
561.37 67.0
562.33 30.5
564.23 2.4
565.35 6.4
570.45 4.5
573.41 3.0
575.81 2.9
576.58 2.5
580.42 4.1
582.30 2.9
584.94 4.3
588.84 5.4
589.49 8.8
590.29 3.5
591.52 4.2
595.99 12.9
597.15 2.4
599.48 7.5
603.20 6.4
603.98 6.0
605.34 7.4
606.39 29.6
607.46 101.1
608.33 11.1
609.21 2.2
614.96 9.5
618.38 14.9
619.15 3.5
620.50 12.2
621.33 25.1
622.36 16.8
624.38 93.6
625.50 11.4
630.37 24.5
631.49 12.2
632.45 4.4
634.13 8.5
637.06 7.2
645.31 3.6
648.46 57.1
649.64 18.2
650.45 7.3
651.36 2.9
653.40 15.7
655.43 4.0
658.12 1.2
659.58 5.5
660.49 3.5
662.56 4.0
664.58 15.6
665.38 5.0
666.78 6.5
669.13 6.6
670.39 5.8
672.30 2.0
674.59 1.3
675.34 1.8
679.25 8.3
680.25 2.7
683.29 1.7
686.14 3.3
687.79 7.0
688.57 1.8
690.55 1.2
693.30 2.2
694.40 8.8
695.49 3.6
696.46 1.3
697.21 1.5
699.55 1.1
700.44 4.9
701.27 7.4
705.35 24.5
707.29 6.5
708.40 1.6
712.32 6.2
716.47 2.6
717.38 46.5
718.44 31.1
719.69 17.3
720.55 40.4
721.49 10.3
722.35 1.8
723.58 3.4
735.39 43.2
736.65 12.2
739.35 1.5
744.84 5.4
746.66 7.6
747.37 5.1
752.49 11.5
753.48 52.3
754.53 7.2
760.65 5.2
763.32 22.7
763.94 2.9
766.69 6.5
779.53 1.0
781.69 3.4
796.42 3.7
802.25 1.6
805.50 3.2
815.93 4.7
837.51 2.4
850.16 5.6
851.43 3.6
886.36 1.3
892.66 1.3
