1305.676730000001 3
129.19 9.8
130.14 7.4
131.14 2.4
136.15 1.3
147.20 6.0
157.11 3.4
158.08 3.6
158.85 5.4
169.65 4.5
171.19 179.6
172.27 8.0
175.14 2.7
176.49 2.0
177.20 1.1
179.21 1.0
182.18 2.1
183.17 2.1
186.19 1.7
194.00 5.4
197.18 6.8
199.17 150.4
200.27 6.6
203.34 3.9
208.12 1.3
209.29 2.8
210.18 2.7
212.31 2.8
213.31 2.9
216.24 3.1
217.01 2.3
218.14 8.6
220.18 6.2
223.08 1.7
226.11 6.8
229.15 1.9
231.22 1.9
232.17 3.8
234.79 2.6
236.06 3.2
238.26 6.8
239.02 5.9
240.08 1.5
241.02 3.0
247.54 4.2
251.20 4.2
253.34 1.8
254.37 5.3
256.19 8.1
257.33 1.6
258.04 2.9
260.38 2.5
262.04 18.6
266.85 8.9
268.24 13.1
269.33 6.9
272.27 8.4
274.15 4.4
276.32 1.2
277.22 4.1
279.16 1.9
281.40 1.8
282.81 3.4
286.10 13.0
287.18 3.8
288.24 4.9
291.94 24.7
294.35 2.8
297.51 10.3
298.40 3.0
300.46 12.0
301.36 4.5
303.77 2.5
309.04 4.7
310.22 2.5
311.44 5.5
313.50 9.5
314.16 1.3
315.26 12.4
321.99 47.2
322.95 4.4
324.00 6.4
328.47 4.8
329.21 14.1
331.17 7.5
332.46 3.4
333.37 1.4
335.13 1.1
336.56 5.6
338.21 17.4
339.26 12.1
340.97 12.5
342.10 15.5
342.79 2.1
346.31 5.6
347.17 3.5
348.28 3.8
351.48 5.3
352.25 5.4
354.00 4.4
354.87 12.9
357.38 6.3
358.42 1.3
361.63 6.7
364.10 191.7
365.20 5.3
368.41 4.6
370.06 431.2
371.31 12.0
373.39 3.8
375.27 4.2
377.36 4.6
379.26 1.8
381.09 7.5
382.70 6.3
385.07 1.5
386.89 4.7
389.77 6.7
390.66 5.0
392.23 1.3
393.62 2.5
394.35 8.6
394.98 2.2
395.76 3.1
396.97 33.4
398.29 16.6
399.38 23.6
400.19 21.2
400.95 9.2
401.81 3.1
403.06 84.7
404.20 14.2
405.23 25.8
407.34 10.3
408.35 19.3
410.41 2.6
411.14 3.1
411.95 5.6
412.93 13.0
414.14 28.4
414.85 3.6
416.50 12.3
417.26 12.0
417.98 28.4
418.62 26.3
419.35 20.4
420.59 16.5
421.39 14.6
422.39 5.3
424.16 129.0
425.14 24.4
426.61 80.9
427.48 43.3
428.35 18.0
430.04 8.8
436.22 1.1
440.87 7.1
443.18 2.8
456.20 5.7
457.62 12.7
458.30 5.5
459.60 2.6
461.57 2.7
465.22 1.8
466.32 3.2
469.23 7.9
472.49 11.3
473.55 1.4
474.32 2.7
475.25 88.7
475.98 30.8
481.06 6.1
486.64 1.9
487.40 4.1
493.79 6.1
497.49 6.2
500.08 4.7
503.67 2.3
506.93 2.4
508.71 17.3
509.83 10.4
511.03 178.6
511.92 7.5
514.36 1.5
516.91 7.7
517.82 10.5
519.42 1.3
520.27 5.3
526.50 3.1
527.79 2.4
529.41 5.5
530.14 21.5
530.99 11.1
533.45 2.0
536.35 17.0
536.96 1.5
538.10 45.1
539.03 6.4
543.58 2.8
545.55 65.8
546.49 14.3
547.12 3.9
548.45 2.6
550.36 1.2
551.00 1.9
554.50 4303.3
555.36 274.3
556.32 3.1
557.83 3.7
559.42 3.3
562.41 11.2
564.91 15.8
565.69 10.3
566.43 9.5
567.32 1.8
573.08 1.1
574.36 3.1
575.28 3.3
576.39 3.5
581.31 4.1
582.66 15.8
584.72 12.3
587.39 1.4
588.57 3.7
589.70 2.3
593.70 2.4
594.81 64.8
595.62 26.2
596.80 3.6
599.85 13.8
600.57 7.9
602.76 3.4
603.86 166.4
604.53 126.1
609.55 6.8
611.23 2.1
613.58 1.8
627.54 7.6
628.44 9.0
635.58 2.1
636.33 6.8
638.24 3.4
642.48 8.6
648.55 6.9
653.37 33.7
654.42 12.4
659.19 8.0
661.53 1.3
666.24 3.0
672.29 2.5
679.46 2.8
681.36 4.4
684.34 7.7
685.39 10.5
687.77 7.3
688.45 2.7
689.50 4.1
690.50 2.6
691.52 4.6
694.27 1.1
696.61 1.6
697.67 2.8
701.81 2.6
707.38 3.9
722.53 7.6
723.64 16.3
724.63 4.6
725.33 5.8
741.45 7.3
742.63 3.0
743.68 16.7
744.39 2.1
746.03 1.9
748.99 4.4
759.17 5.8
765.61 2.1
766.76 3.0
781.46 1.1
784.36 2.2
810.54 4.2
847.32 5.7
859.60 3.4
898.12 5.8
922.30 2.8
933.76 1.8
951.60 6.6
1034.57 3.7
