2717.093049999999 3
266.98 2.9
288.98 3.5
289.71 3.4
298.80 1.6
302.26 3.8
305.11 1.2
318.05 1.7
323.19 2.5
325.29 2.4
337.21 3.2
341.16 5.5
342.28 3.2
347.12 6.8
351.13 2.9
365.19 2.2
371.33 1.7
377.47 1.0
379.28 1.5
382.28 3.0
385.06 2.4
387.14 1.3
388.92 2.7
390.19 1.8
394.27 6.8
395.41 5.7
398.04 2.4
399.05 11.3
404.37 7.4
406.49 2.1
407.27 9.4
411.14 1.7
416.33 1.1
418.52 1.5
429.49 1.6
434.34 6.5
438.35 1.3
451.00 1.1
452.34 14.5
453.12 4.8
456.09 4.6
473.25 19.7
474.15 6.5
475.44 2.9
482.47 2.1
485.34 1.0
489.37 2.1
491.39 5.3
494.80 1.9
496.41 1.6
501.32 5.7
503.44 2.2
504.23 2.5
505.03 1.1
510.45 1.1
520.14 1.4
521.19 2.2
528.21 2.4
530.51 3.6
531.30 3.8
539.17 11.5
541.07 1.5
548.33 19.7
549.41 2.7
551.15 3.0
565.11 2.0
566.25 5.4
572.33 1.6
582.28 4.6
587.38 1.3
588.30 3.3
592.45 1.2
605.47 6.8
606.27 4.8
626.86 4.2
627.59 6.3
630.16 3.1
634.89 6.2
639.40 4.4
641.34 1.9
644.26 1.5
648.71 5.0
653.38 1.6
656.41 2.7
664.55 3.8
666.76 2.8
668.00 9.4
674.19 9.1
675.37 11.2
677.50 1.7
679.79 8.7
688.24 8.8
690.79 5.5
692.21 14.5
693.31 6.2
694.66 6.7
695.50 2.1
709.08 7.0
709.85 12.4
711.43 1.2
712.48 3.9
713.41 9.1
714.45 2.4
715.71 6.4
718.22 1.1
720.73 4.0
722.76 7.6
724.00 1.2
730.25 2.5
731.18 11.8
732.67 3.2
737.13 1.5
738.36 2.7
738.98 5.6
739.97 4.9
741.37 1.3
742.46 2.7
748.09 1.6
749.38 18.2
752.43 3.7
756.63 12.3
758.06 5.1
763.38 7.7
765.39 9.1
768.28 1.4
770.45 23.2
771.61 11.2
775.77 2.2
777.87 7.2
778.49 9.4
779.86 4.0
785.62 19.1
787.54 1.2
790.23 1.8
792.40 25.3
794.50 19.5
795.18 14.7
798.28 72.2
799.27 4.2
800.25 2.4
802.29 1.9
804.44 48.7
805.21 9.3
810.10 1.9
811.30 3.3
812.35 4.3
813.10 13.2
817.03 2.6
818.33 3.2
818.96 4.7
819.70 6.5
820.69 2.8
822.44 41.7
823.48 15.4
824.37 8.0
826.92 1.1
828.88 17.6
830.07 10.9
831.79 5.6
837.46 13.3
838.15 2.9
841.11 7.8
843.01 2.4
844.74 4.4
846.87 23.3
847.76 10.7
849.96 8.5
850.99 74.5
851.92 12.8
853.05 64.9
855.39 16.8
856.70 12.7
857.51 9.3
858.61 88.2
859.33 18.8
862.09 12.1
868.11 3.8
869.99 6.2
870.60 5.1
871.93 2.2
873.49 4.1
874.51 1.9
875.44 5.2
876.43 18.8
877.95 5.4
879.13 6.4
882.67 25.4
883.50 1.9
885.15 42.3
885.84 87.2
886.92 137.9
888.60 80.9
889.32 11.0
890.02 5.8
891.00 20.8
892.40 4.3
893.49 34.2
894.47 92.4
895.27 33.0
912.81 7.1
914.41 2.1
915.44 11.4
916.12 1.5
923.25 65.3
924.04 22.9
924.71 8.6
927.52 6.1
930.41 2.0
931.52 8.9
934.02 10.3
938.64 3.0
945.94 1.2
948.24 5.0
953.64 1.4
956.68 11.5
963.29 3.2
964.42 1.3
966.02 10.5
969.38 5.9
974.46 4.1
975.94 3.2
981.47 6.5
986.61 7.5
988.35 1.2
994.11 4.9
996.01 12.7
996.62 6.2
999.54 9.0
1003.47 7.4
1004.73 80.0
1005.50 40.3
1006.21 7.7
1014.88 5.3
1017.80 2.0
1020.67 8.3
1021.67 4.7
1030.60 7.2
1034.54 5.3
1036.84 4.4
1037.53 1.5
1039.62 1.9
1046.60 8.3
1047.98 10.2
1049.19 9.0
1050.78 5.7
1056.31 2.9
1058.04 2.7
1059.44 2.4
1067.52 2.5
1068.46 8.2
1069.33 2.3
1076.63 184.4
1077.52 82.7
1078.72 12.3
1081.60 4.4
1087.07 6.0
1088.57 4.0
1094.53 4.0
1095.77 7.9
1096.81 21.5
1097.53 8.2
1101.71 2.7
1105.22 146.5
1106.19 55.1
1109.67 11.1
1113.46 11.0
1115.70 12.2
1116.32 4.6
1120.03 3.0
1124.65 49.9
1125.76 27.0
1133.71 146.1
1134.51 40.9
1135.12 7.7
1145.41 2.0
1146.15 2.7
1147.07 9.3
1151.58 2.2
1159.69 4.6
1164.86 3.4
1166.18 2.4
1168.15 35.5
1168.97 5.0
1171.61 3.8
1177.33 128.0
1178.13 45.4
1180.36 8.3
1181.31 5.1
1187.61 8.5
1188.33 12.4
1189.56 1.2
1192.43 5.3
1195.79 4.3
1196.86 14.7
1197.54 14.4
1205.82 112.6
1206.71 42.2
1208.67 2.7
1212.83 2.9
1214.18 7.0
1220.64 1.6
1221.57 28.7
1222.61 13.2
1227.49 2.5
1231.86 1.1
1239.65 2.5
1243.72 1.4
1246.81 3.2
1259.84 3.5
1269.33 9.8
1273.33 5.5
1277.74 2.8
1278.73 8.2
1287.25 11.6
1287.88 22.6
1324.62 1.8
1333.58 2.0
1341.36 2.1
1352.51 1.2
1358.98 2.2
1381.77 3.4
1442.51 1.0
1462.57 4.4
1474.02 1.9
1496.80 7.1
1576.98 2.1
1586.85 4.9
1588.58 1.0
1591.90 7.8
1641.94 1.1
1643.84 2.7
1670.34 2.8
1671.88 3.0
1682.75 2.1
1701.56 5.7
1741.00 3.2
1778.30 1.1
1874.32 1.5
1961.23 4.2
1978.09 7.6
