842.51238 2
129.47 3.4
143.16 26.5
144.21 1.2
148.26 1.3
150.16 4.3
155.10 4.0
159.23 4.0
162.12 1.3
171.15 47.5
172.00 3.4
173.15 21.6
175.22 3.8
179.09 1.6
183.05 4.0
185.41 1.9
187.05 1.7
192.95 2.6
197.08 1.5
201.22 27.2
202.17 4.9
209.12 1.2
210.94 4.7
217.32 5.6
225.20 2.8
226.15 1.3
227.14 5.2
233.03 5.6
239.04 2.6
240.10 1.2
246.47 3.6
254.07 7.9
255.27 14.8
259.16 2.3
260.35 3.1
264.12 1.5
268.05 5.6
272.18 145.5
273.30 6.5
273.99 1.6
275.09 2.1
276.55 3.2
279.12 2.8
285.22 1.1
286.06 1.3
291.27 3.3
294.19 2.1
295.14 3.4
297.29 1.2
298.08 3.3
300.10 18.5
301.16 2.6
305.34 6.0
307.01 1303.7
308.05 187.6
309.88 3.4
315.24 1.8
321.22 1.4
323.09 6.3
324.00 1.4
325.27 25.0
326.08 16.7
327.71 274.0
328.35 94.4
329.06 3.0
330.16 1.1
334.26 3.2
336.76 98.4
337.37 13.7
338.46 4.1
339.28 2.5
341.08 5.5
343.23 25.6
348.06 5.7
353.24 117.9
354.26 7.4
355.36 2.0
356.53 2.6
359.48 3.2
360.34 7.9
361.05 2.5
362.33 2.0
363.18 1.9
363.81 6.5
365.18 3.6
369.30 2.7
371.24 65.6
372.57 18.1
375.11 3.9
376.09 3.9
376.95 6.3
379.02 1.9
380.00 1.3
380.92 8.0
383.27 2.3
385.33 162.1
386.56 5.0
390.96 7.3
395.18 2.1
398.98 1.1
403.37 30.7
404.03 80.4
404.94 9.9
407.29 5.7
412.92 4673.2
413.89 16.5
414.83 1.6
415.48 5.9
417.54 2.4
421.32 2.1
438.04 4.7
440.22 43.8
458.24 24.2
472.41 485.6
473.43 39.5
516.38 6.2
535.24 19.7
543.36 4.5
553.28 19.4
554.33 13.7
571.40 129.6
572.31 22.1
573.00 9.6
637.69 3.1
650.41 3.6
672.42 417.4
673.55 70.0
708.51 1.1
723.47 11.0
725.70 11.0
743.43 24.7
744.59 5.5
842.71 1.8
