1362.65459 2
193.31 1.0
195.19 3.8
198.36 7.7
199.16 23.5
200.19 1.5
201.17 3.3
205.18 6.4
206.22 3.4
208.24 3.4
210.08 8.2
211.26 1.2
216.24 69.5
217.32 6.2
220.62 2.2
222.04 4.6
223.39 1.3
224.23 3.0
228.19 3.9
234.09 39.9
236.27 1.9
237.44 6.2
238.16 18.1
239.16 9.1
240.39 5.0
242.22 4.1
251.23 7.1
252.38 15.3
253.40 1.0
254.25 9.7
256.09 15.8
258.25 3.1
265.30 2.9
267.28 5.6
268.11 7.5
269.22 32.7
270.31 15.8
272.39 7.4
281.15 1.3
282.47 3.1
284.10 1.8
286.03 3.2
287.18 39.4
288.12 4.2
292.11 6.4
293.17 5.3
294.19 2.2
295.22 4.1
296.18 6.0
299.19 2.6
302.27 2.8
307.41 1.5
309.21 7.7
310.29 1.5
311.02 2.3
312.38 6.4
313.49 3.1
314.31 5.5
321.26 2.6
323.62 7.0
326.28 21.7
327.20 2.3
329.44 2.6
330.28 4.0
331.15 1.6
332.17 2.3
333.34 4.2
334.10 5.3
336.16 1.9
338.33 13.0
339.26 4.7
341.25 3.1
343.28 1.7
344.33 31.0
345.29 26.5
346.33 3.5
348.21 8.8
355.38 4.1
357.08 9.9
358.29 1.4
362.33 17.3
363.18 3.9
365.28 2.6
366.31 20.8
368.40 2.9
369.22 5.9
370.46 5.6
372.01 1.4
379.44 6.1
380.34 2.5
381.40 8.3
383.18 3.2
384.34 29.5
385.39 3.3
388.55 5.1
391.29 2.0
398.33 31.4
399.40 5.3
400.54 11.0
401.19 4.9
402.25 4.5
404.23 3.3
405.56 7.5
406.63 3.2
410.33 3.8
411.32 4.7
413.42 3.4
415.40 4.2
416.30 31.5
417.34 5.2
419.26 26.5
420.29 7.1
423.55 3.9
424.29 1.5
425.32 1.4
427.36 4.9
428.31 5.1
429.26 1.4
433.37 1.0
435.44 1.9
437.49 8.2
438.34 25.9
439.14 3.5
442.32 1.7
445.36 3.7
449.46 3.1
450.53 5.3
451.28 13.4
452.48 8.2
453.92 5.0
459.17 2.6
461.23 4.6
462.52 3.8
463.48 1.5
464.54 8.8
465.23 8.4
465.97 2.7
466.96 3.9
469.40 28.5
470.38 6.7
472.40 4.2
474.42 18.2
475.24 4.7
477.69 4.3
481.58 2.8
483.74 5.4
487.46 51.4
488.34 3.3
489.21 4.7
491.40 10.1
492.27 4.2
494.14 1.3
495.48 2.9
496.89 1.0
502.37 2.4
505.43 8.6
507.25 3.7
508.34 4.7
509.53 45.1
510.39 5.2
511.23 3.9
513.16 3.7
515.35 5.5
519.41 1.8
521.63 7.6
525.25 35.4
526.37 12.1
527.42 17.7
529.30 23.7
530.47 13.6
531.44 3.3
532.42 1.8
533.52 3.7
534.49 9.5
535.48 3.2
536.93 8.0
537.54 1.9
539.25 13.8
540.38 5.4
543.50 21.8
544.50 3.4
545.61 23.0
546.35 1.0
547.29 78.2
548.41 11.6
550.28 3.4
551.24 2.0
552.21 6.1
553.24 16.3
554.42 7.8
555.24 2.2
556.67 56.3
557.43 12.5
558.76 2.1
559.63 6.6
560.94 62.8
561.67 3.7
562.50 6.9
565.21 52.8
566.04 38.8
567.02 4.0
568.11 19.8
569.86 20.2
571.01 6.5
574.23 157.0
574.84 67.3
575.86 6.2
576.74 7.2
577.41 12.6
578.36 3.2
580.03 24.4
580.88 2.2
582.44 18.5
583.57 18.4
584.88 7.9
585.96 6.8
587.03 27.7
587.71 1.5
588.34 7.2
589.62 1.6
591.02 13.9
591.93 3.1
594.18 10.3
595.24 16.1
595.93 10.9
596.53 5.9
597.41 7.8
598.38 19.3
600.08 37.6
601.24 13.3
602.54 3.2
603.33 2.2
605.54 1.5
606.52 4.5
609.05 180.9
610.02 27.2
611.08 5.8
612.06 9.9
615.00 15.0
616.25 32.1
617.90 126.1
618.52 28.2
619.45 33.7
620.55 40.8
621.38 45.3
622.54 1.5
623.50 4.6
624.96 16.9
629.75 28.3
630.70 23.1
632.43 25.1
633.53 3.0
634.69 6.3
637.23 24.6
638.41 179.6
639.39 32.5
641.07 65.0
641.95 20.7
643.05 9.4
644.28 8.9
645.49 1.2
646.21 4.5
646.90 26.2
647.54 1.5
648.38 5.0
649.34 22.0
650.34 26.6
651.33 9.3
652.29 10.6
653.43 6.3
655.14 78.4
656.14 37.6
658.03 35.6
658.76 17.8
660.25 40.1
661.37 24.4
664.11 545.8
664.91 91.9
665.69 1.2
666.86 45.3
667.48 29.7
668.48 4.2
673.00 276.2
674.00 19.0
689.49 4.9
692.42 1.8
697.44 10.7
699.18 7.3
703.45 7.3
707.60 17.3
712.12 24.5
714.20 2.1
720.21 2.5
721.73 2.9
724.46 6.1
725.44 63.1
726.73 5.8
729.44 44.6
730.65 19.4
732.46 1.6
743.32 4.8
746.42 2.0
747.36 139.5
748.39 67.8
749.22 3.0
750.68 10.1
753.57 7.2
758.22 26.3
764.08 7.4
764.75 1.4
766.27 2.7
768.61 4.3
774.62 9.0
778.48 11.2
779.94 10.3
780.59 8.3
781.74 5.7
782.36 4.5
783.37 25.0
786.44 3.6
789.97 4.7
794.73 1.9
799.40 4.7
800.44 1.6
801.57 3.4
803.43 13.0
805.58 3.2
808.49 1.6
809.56 4.4
810.27 16.3
812.08 13.2
813.91 5.6
815.97 4.8
816.57 41.0
817.60 8.6
819.28 63.0
820.60 22.3
822.44 4.0
824.46 1.4
828.66 2.1
838.50 44.3
839.58 4.7
842.09 4.4
842.75 3.1
843.37 12.7
844.39 6.4
848.89 2.3
855.49 10.6
856.34 3.5
857.93 14.6
858.69 46.9
859.68 26.1
860.75 2.1
861.76 1.2
862.55 2.9
866.50 3.0
873.53 8.7
876.44 135.4
877.51 31.2
879.47 1.4
887.64 9.4
889.55 2.7
891.03 4.6
891.76 2.1
893.52 6.0
896.57 2.1
901.69 7.1
903.81 6.2
906.43 3.4
907.52 4.7
908.66 3.1
909.41 4.6
911.53 3.1
914.23 15.3
915.71 7.5
919.44 10.0
921.80 2.6
922.61 2.1
925.47 30.5
926.49 7.9
929.39 66.4
930.43 49.9
931.61 4.7
932.60 9.9
934.60 1.9
935.59 4.0
937.60 1.1
938.73 3.2
939.58 2.9
940.74 1.6
942.33 3.5
945.26 3.4
947.50 213.5
948.54 124.1
949.64 12.0
953.23 2.4
959.49 3.4
961.73 15.9
962.68 2.8
963.63 1.6
964.45 5.7
966.48 2.8
967.76 4.5
969.55 1.1
973.55 36.9
974.59 15.6
979.42 19.0
980.60 13.9
981.62 2.1
983.54 12.6
984.46 9.9
985.77 5.8
986.57 1.7
989.71 2.7
992.63 2.0
994.47 1.6
999.51 4.2
1001.52 120.3
1002.50 31.2
1003.75 6.6
1007.51 1.5
1016.62 6.0
1017.93 2.1
1019.37 143.8
1020.38 25.6
1021.47 1.2
1024.83 2.6
1029.28 1.3
1037.36 3.9
1040.42 15.2
1041.50 10.0
1044.69 4.3
1047.84 3.6
1052.56 4.4
1053.56 5.0
1058.62 62.7
1059.70 55.8
1060.66 4.5
1061.62 1.2
1067.64 4.8
1068.47 2.8
1071.61 4.9
1076.52 141.0
1077.55 66.0
1078.59 1.8
1082.25 2.1
1083.50 3.5
1085.75 9.3
1086.78 3.3
1087.63 2.7
1089.81 13.7
1093.69 2.1
1099.77 6.6
1101.48 12.0
1102.29 6.5
1102.92 9.9
1107.73 5.9
1108.76 4.8
1109.64 3.2
1111.53 25.5
1112.52 20.0
1113.50 19.6
1124.95 2.4
1125.61 16.4
1126.92 5.2
1129.57 380.3
1130.55 225.5
1131.73 28.9
1132.54 1.3
1145.79 6.0
1147.54 512.8
1148.68 194.6
1149.58 3.8
1155.10 1.1
1157.02 4.3
1158.66 8.9
1163.62 6.7
1168.64 5.3
1171.28 2.0
1172.85 6.3
1173.80 4.3
1177.58 3.0
1180.85 10.7
1181.74 4.9
1186.36 1.5
1187.60 1.2
1188.74 17.7
1189.76 1.2
1195.62 1.2
1198.01 8.6
1198.64 86.0
1199.75 24.1
1200.42 3.7
1204.46 2.2
1212.49 4.9
1213.95 1.7
1214.87 5.9
1216.57 93.7
1217.64 50.1
1218.84 2.3
1226.52 8.2
1228.30 3.0
1234.52 95.3
1235.71 61.5
1236.71 13.5
1240.41 3.7
1341.84 2.6
