1122.66509 2
166.27 1.0
185.10 2.6
186.27 1.5
187.34 5.3
192.40 2.0
208.19 16.6
209.23 8.5
210.20 1.9
214.30 2.3
221.12 1.0
224.25 4.9
225.25 34.0
226.21 4.6
228.15 13.1
236.44 1.9
237.21 11.7
242.24 70.4
243.28 11.9
248.98 3.2
255.13 2.4
256.50 1.4
257.30 19.0
258.52 1.6
275.34 24.6
281.42 3.1
282.20 4.4
285.24 8.1
299.47 1.4
300.13 11.3
304.30 4.0
308.19 8.5
309.18 4.5
312.32 1.3
315.15 2.8
316.16 4.2
322.22 1.1
327.35 1.3
338.81 6.9
343.16 1.1
348.32 4.1
349.07 6.1
352.04 10.3
356.34 3.6
358.98 1.4
362.82 2.8
365.33 3.0
366.83 5.0
368.41 5.5
371.45 4.4
374.37 33.6
375.37 1.0
376.25 5.2
381.24 2.8
383.10 5.4
384.23 5.6
385.08 3.6
389.09 2.1
391.33 2.1
393.20 14.4
395.23 8.4
400.31 2.8
401.54 11.6
404.35 8.4
407.72 6.9
408.33 3.3
410.22 9.3
411.30 18.3
412.30 3.1
413.32 4.4
418.36 2.2
420.53 6.8
421.25 4.7
423.40 6.7
426.08 9.2
428.17 13.7
429.38 2.3
430.21 4.9
431.29 8.5
432.24 19.0
434.24 4.4
435.93 11.6
436.61 2.3
439.27 4.2
441.39 30.2
443.73 2.0
446.90 2.0
447.99 16.0
450.40 3.7
454.38 9.6
455.47 4.7
456.51 6.1
461.42 8.9
462.30 5.4
465.73 3.8
467.98 9.1
471.36 11.6
472.00 2.7
475.24 3.3
476.21 1.1
477.71 6.7
478.48 3.3
479.72 17.0
480.57 12.4
481.22 4.0
482.37 15.1
483.31 1.5
484.33 5.1
485.74 1.4
486.90 5.1
487.86 14.6
488.93 25.2
489.70 6.5
490.86 5.2
492.56 7.8
493.57 6.0
494.77 2.0
496.67 161.0
497.56 62.7
498.27 2.8
499.24 2.2
502.50 2.3
505.61 40.0
506.56 4.8
507.50 2.2
510.19 8.6
511.32 43.0
512.64 13.0
513.53 6.9
514.38 3.1
515.29 5.0
517.35 1.5
520.81 8.9
521.76 2.5
522.98 4.6
523.64 4.0
524.38 1.7
525.45 1.0
527.10 2.4
528.51 6.7
529.63 4.7
535.76 87.5
536.53 7.0
538.56 2.2
539.59 7.2
541.33 28.3
542.28 4.1
544.27 337.2
544.99 87.2
547.31 5.6
547.99 2.4
549.50 10.6
551.34 1.9
552.86 106.0
553.47 21.8
554.12 3.1
574.25 1.9
576.58 2.7
578.64 2.6
582.36 69.9
583.30 4.5
588.75 8.8
596.50 1.3
607.32 47.9
608.99 3.8
628.30 3.0
640.94 5.2
646.25 2.3
653.15 1.6
659.29 3.9
663.01 11.1
663.61 4.4
677.58 5.4
678.51 3.7
685.23 1.3
687.20 2.3
695.59 89.5
696.60 17.2
715.31 1.9
717.59 2.0
718.55 9.4
733.09 2.2
735.44 44.5
736.45 4.7
737.56 2.4
749.42 40.1
750.56 3.4
753.63 9.0
754.43 8.8
757.46 1.8
788.18 2.1
797.28 4.2
803.64 5.0
807.14 5.4
814.22 13.6
820.59 7.5
821.25 2.2
824.46 11.7
825.58 9.3
830.61 5.3
831.49 17.9
844.54 1.9
845.58 2.5
846.80 3.5
848.51 111.3
849.54 43.6
860.83 1.2
863.60 50.8
864.56 16.1
881.56 441.1
882.60 159.5
924.62 4.7
941.81 7.3
959.41 5.9
973.23 1.0
975.36 1.4
976.60 111.8
977.63 23.1
992.61 4.5
994.62 14.2
995.58 4.5
1010.19 8.2
1010.81 1.8
1020.46 1.3
1021.07 3.3
1065.55 2.0
1083.22 1.2
