812.50139 2
129.21 396.6
130.12 99.8
131.20 1.5
133.39 1.4
135.14 1.1
141.17 16.9
144.11 4.4
147.15 141.6
147.97 4.7
151.09 3.7
155.19 1.7
158.94 3.3
160.16 1.2
168.14 24.5
169.15 81.9
170.40 5.3
171.31 10.9
172.16 3.7
173.32 1.0
175.29 3.7
176.01 1.6
178.38 1.5
186.14 59.7
187.22 4.4
192.79 1.3
194.05 5.3
196.43 3.3
197.18 6.6
198.19 6.4
199.30 3.0
200.47 3.1
207.65 3.6
208.49 3.4
213.35 4.8
217.20 1.6
218.30 4.1
222.15 29.0
223.09 1.5
224.43 4.0
225.03 6.8
226.21 6.6
228.44 4.4
230.27 1.1
230.98 1.5
237.85 1.6
239.26 41.3
240.20 59.9
241.28 11.7
242.24 13.3
242.99 5.1
247.24 2.1
248.34 2.2
249.30 1.2
250.47 1.4
252.04 3.3
254.36 1.3
256.10 9.9
257.21 32.0
258.11 86.4
259.26 24.3
260.34 21.4
261.45 2.8
262.19 5.6
265.04 16.9
266.12 3.6
268.24 3.6
269.38 16.3
270.13 2.3
271.05 7.0
272.31 8.7
275.25 58.1
276.22 2.8
277.90 1.9
279.17 2.9
287.17 2.9
288.67 9.6
290.12 2.0
291.25 7.2
292.35 27.6
293.09 45.8
294.25 5.1
295.07 3.2
296.12 2.6
297.16 21.6
298.25 5.3
299.22 3.3
300.01 3.6
301.26 18.7
308.18 9.2
309.33 11.5
310.29 2.1
311.71 22.4
312.66 20.8
313.37 17.5
314.41 301.0
315.38 3.8
316.54 14.5
320.19 8.9
320.99 11.3
323.12 11.6
325.18 13.2
328.38 3.0
329.65 2.7
330.73 5.9
334.39 8.3
335.52 8.5
336.38 4.3
337.25 18.9
338.46 2.6
340.46 2.3
342.94 24.6
343.63 10.9
346.53 2.5
347.22 2.3
348.21 3.7
349.09 2.3
350.13 8.2
351.33 6.6
352.33 1.3
353.26 25.9
354.28 12.7
355.25 5.6
360.25 2.1
361.62 2.0
363.16 12.5
364.40 15.2
365.26 16.9
366.32 20.7
367.11 8.8
369.83 14.5
370.55 4.7
371.32 38.7
377.06 9.8
378.24 1.6
379.58 9.8
380.55 15.0
382.30 19.1
383.51 1.6
384.42 1.8
385.80 10.5
386.81 3.6
388.46 108.2
389.48 136.8
390.39 34.7
391.44 5.7
392.57 16.0
393.19 2.7
394.21 18.6
394.87 10.5
396.00 7.1
398.37 2749.6
399.27 4.9
400.01 10.6
401.79 2.3
404.99 1.5
405.94 1.8
406.90 3.4
409.13 2.7
410.98 3.5
418.83 3.0
422.34 3.0
424.13 1.4
425.31 114.9
426.15 33.5
427.35 1.6
435.32 4.7
438.26 4.1
442.15 6.6
453.42 2.5
459.29 76.8
460.31 9.6
464.31 5.4
466.34 1.1
467.15 17.3
476.21 6.3
481.17 24.0
481.88 1.0
482.49 7.1
487.01 11.7
489.38 6.7
490.23 3.5
493.03 9.5
494.51 9.8
495.60 1.6
496.83 6.3
499.55 6.2
502.34 5.6
503.38 10.9
505.29 3.2
507.28 4.8
510.32 9.9
511.54 8.4
513.34 7.3
514.92 6.1
515.84 6.6
519.69 17.4
520.50 17.7
521.55 49.7
522.45 10.8
523.36 8.4
524.15 8.9
526.26 4.7
528.07 17.9
529.24 1.5
530.45 37.5
531.52 7.9
533.22 1.5
535.25 8.0
536.48 28.2
538.39 240.8
539.51 49.3
541.44 1.6
542.19 1.6
546.08 5.5
548.05 5.5
550.59 5.8
553.26 15.1
554.39 3.8
555.31 12.2
556.47 38.0
557.33 1.1
559.79 3.3
567.46 3.8
572.14 4.1
575.47 2.7
576.19 2.2
577.95 7.9
580.02 5.7
581.46 5.6
588.48 1.5
592.48 5.9
598.16 1.1
599.35 2.5
603.71 11.2
604.42 5.5
606.18 3.3
609.30 4.6
610.37 14.7
621.54 16.7
623.61 2.2
627.41 434.2
628.43 153.8
631.27 3.6
632.40 9.3
638.38 10.2
639.67 3.7
641.48 8.7
642.41 1.6
643.50 5.6
648.47 74.6
649.47 154.9
650.44 55.1
651.57 1.4
666.43 427.4
667.43 167.0
668.38 16.6
675.49 2.1
676.27 4.4
684.42 1887.4
685.49 562.1
686.49 1.3
694.34 20.1
695.52 14.7
712.62 4.2
730.81 1.7
731.68 4.9
