856.52635 2
128.14 60.5
130.21 7.9
135.23 3.9
137.18 17.3
138.25 12.8
140.12 4.7
145.23 13.1
147.18 30.8
149.06 6.0
153.33 4.8
154.99 19.9
157.18 365.0
158.25 7.2
159.32 12.6
160.05 14.2
162.10 4.4
163.30 9.8
164.94 4.4
170.86 15.4
173.21 226.6
175.16 67.6
178.11 10.0
182.20 4.6
183.17 43.1
185.09 1691.2
185.70 26.8
186.31 37.7
188.32 25.7
190.01 12.9
194.38 7.1
195.21 11.3
198.03 9.2
200.30 11.1
201.22 106.2
202.08 22.4
205.32 12.6
209.18 18.2
211.41 17.7
213.35 5.8
214.28 4.8
215.34 7.3
216.29 4.9
224.24 5.1
232.32 7.6
236.28 6.5
240.20 3.4
241.27 29.1
242.27 210.1
243.18 6.6
248.13 3.5
251.41 3.2
254.25 55.3
255.19 53.2
256.25 22.2
256.92 5.4
261.24 5.4
263.22 5.7
267.32 24.1
268.21 476.1
269.52 23.4
270.25 4.7
272.24 768.6
273.19 100.6
275.14 13.1
278.41 22.9
279.22 5.4
283.27 12.4
284.53 8.6
286.20 1436.4
287.03 43.4
288.28 3.7
289.26 8.6
291.19 12.8
295.40 22.1
296.37 87.2
297.31 12.6
300.17 10.4
304.24 11.6
306.10 11.8
307.39 10.0
309.10 8.4
310.35 9.7
313.28 52.0
314.55 41.8
315.95 6.3
318.95 129.3
320.58 21.3
321.29 5.5
322.06 15.7
323.39 13.8
325.26 43.7
326.23 8.0
327.16 16.5
327.82 147.4
329.35 8.2
330.11 28.7
333.08 5.6
334.14 11.8
335.06 16.9
336.67 97.4
337.38 42.2
339.25 532.3
341.03 2304.9
342.40 12.7
343.14 17.7
346.14 3.7
348.22 22.4
349.12 7.1
351.62 25.7
354.39 31.3
355.25 22.4
357.28 430.4
358.46 167.3
359.24 78.3
362.20 4.8
363.67 124.1
367.22 1633.3
368.43 95.3
369.25 10.7
370.27 4.5
371.34 18.9
372.18 23.6
373.23 6.0
375.31 8.7
377.69 19.9
379.31 19.3
380.30 17.5
382.25 15.2
383.30 28.5
385.28 2225.9
386.42 152.6
391.35 66.3
392.53 50.1
393.26 9.4
394.34 20.7
397.00 39.2
398.34 470.2
399.24 108.4
400.24 6.6
401.25 17.7
406.78 66.8
408.10 32.3
409.17 4.6
410.17 153.4
411.10 479.6
412.36 56.2
413.68 60.6
414.32 17.9
419.93 38451.0
421.09 203.2
422.12 81.7
423.02 45.8
423.63 50.9
424.31 24.7
425.79 18.4
426.65 15.2
435.90 19.3
436.50 41.8
437.37 19.3
442.27 3.5
444.36 9.0
445.34 3.5
454.37 531.5
455.54 65.0
456.36 7.9
464.16 8.5
467.23 4.9
472.32 7117.5
473.43 901.2
474.40 8.7
486.95 23.4
498.44 5.0
539.48 12.4
542.43 11.4
549.35 162.6
550.27 11.8
553.43 6.1
567.33 158.5
571.43 2908.4
572.41 567.6
573.01 5.3
583.75 15.8
584.63 3.8
585.47 40.6
600.66 6.0
614.54 10.8
623.52 9.8
626.66 10.6
628.55 3.8
637.44 4.2
638.51 5.8
647.60 14.8
651.57 7.3
654.51 88.8
655.61 39.8
656.61 12.4
664.58 22.5
669.26 33.6
672.44 13347.2
673.48 2214.2
674.09 10.0
677.73 6.8
682.30 33.2
699.45 16.0
707.70 16.1
708.52 37.1
709.36 6.9
714.75 4.3
724.37 4.4
725.47 1382.1
726.47 412.9
728.39 37.3
730.02 12.3
743.49 6883.6
744.54 1635.4
753.48 65.4
754.41 38.6
756.52 4.7
757.82 8.4
771.36 34.5
772.49 5.1
774.61 19.4
775.46 9.2
790.22 7.4
817.55 14.6
834.90 6.3
