1265.63982 2
180.13 7.0
181.15 13.3
184.43 2.1
186.10 5.0
187.17 12.0
190.11 2.1
195.20 4.8
198.22 7.1
199.14 44.7
200.15 7.3
201.19 11.4
205.94 9.0
208.20 3.8
209.30 1.7
210.88 2.5
213.12 1.4
214.21 1.8
216.14 338.4
217.08 7.1
219.54 10.5
222.26 1.3
224.20 4.8
225.25 18.7
226.21 13.8
231.40 1.7
232.24 3.3
234.14 13.5
235.66 1.7
236.27 2.0
241.28 6.0
242.25 21.2
243.44 8.9
244.19 24.1
246.32 1.7
247.39 2.1
248.29 3.4
249.26 2.9
252.36 18.4
253.20 3.0
258.23 1.6
260.20 81.6
261.31 9.5
262.19 2.2
264.42 3.1
265.07 8.4
265.98 2.0
267.12 3.3
269.18 74.4
270.19 101.0
271.10 3.6
277.96 1.1
279.15 1.4
280.02 5.1
282.31 8.5
286.10 5.1
287.19 162.3
288.10 20.4
290.14 12.4
291.39 2.5
297.13 3.5
300.13 2.6
303.79 3.4
305.27 1.9
308.12 10.9
309.18 2.1
311.27 3.3
315.36 17.3
316.27 7.2
317.47 11.3
318.08 2.0
318.76 2.7
320.37 5.0
323.11 13.9
325.09 2.8
327.01 9.9
328.14 1.6
331.19 9.8
334.12 10.0
335.07 1.5
336.17 13.5
337.40 8.3
338.25 2.6
339.24 5.2
343.03 2.5
344.31 1.3
345.00 2.1
346.08 5.1
350.86 1.0
352.47 9.2
353.25 16.1
354.28 16.9
355.28 3.3
356.07 1.2
357.08 4.6
361.25 1016.4
362.34 68.5
363.29 12.5
365.40 1.1
366.22 1.5
371.17 91.2
372.39 3.1
373.30 4.2
375.09 2.3
376.28 2.8
377.50 10.5
379.24 2.5
380.23 12.5
381.08 9.3
382.31 10.8
384.15 9.5
386.02 1.5
388.10 13.9
390.19 7.1
391.27 13.2
396.16 2.6
398.25 61.2
399.27 208.6
400.34 16.0
402.23 4.5
403.08 3.1
405.24 5.4
406.33 4.8
409.00 1.2
409.83 8.4
411.12 3.1
412.15 3.3
416.17 128.0
416.99 11.4
418.56 2.0
419.17 3.6
420.36 7.2
421.65 14.0
422.40 16.9
423.19 3.7
424.16 9.8
424.85 1.5
426.09 15.0
427.21 2.2
429.40 6.0
430.20 3.6
432.40 7.8
433.25 9.5
436.03 4.0
437.91 1.3
439.29 1.4
440.82 3.0
442.52 18.8
443.29 7.9
444.33 18.7
447.90 5.8
449.37 6.4
450.33 6.5
451.27 13.8
452.18 4.4
453.03 4.5
454.01 1.0
455.17 3.8
457.19 7.7
457.82 2.5
459.27 7.4
460.36 331.4
461.43 47.0
463.18 4.3
464.51 4.0
465.47 4.7
466.53 5.5
467.23 3.1
468.22 12.8
469.44 12.2
470.31 3.4
472.18 9.9
473.37 7.6
475.82 1.1
477.20 5.3
478.17 34.1
479.28 15.1
482.42 8.3
483.63 5.7
484.36 15.5
485.48 2.7
488.16 2.9
490.64 4.9
491.46 8.1
492.55 2.0
495.12 36.1
496.29 43.3
497.24 55.0
498.38 8.9
499.25 7.1
501.17 17.9
502.32 7.0
503.67 6.9
504.53 1.8
505.29 1.7
506.00 2.8
508.27 8.9
509.87 3.3
512.32 24.7
513.24 82.1
514.25 12.2
515.44 5.4
516.88 27.0
517.85 17.0
518.95 17.8
519.83 3.6
520.52 7.2
522.95 4.2
524.65 6.2
525.96 136.5
527.31 10.9
528.14 12.9
529.17 3.1
530.33 59.2
531.29 4.6
532.55 33.6
533.26 3.3
534.86 12.4
536.77 7.6
537.53 1.0
539.65 68.3
540.55 29.7
541.55 13.1
542.69 12.8
543.83 3.1
544.92 17.1
545.55 3.3
546.34 2.3
547.15 8.9
551.10 6.1
551.96 2.7
553.17 11.2
555.17 2.4
556.57 15.8
557.36 22.6
558.37 8.6
559.51 6.3
560.41 8.0
561.44 5.6
562.20 1.9
563.48 11.7
565.23 26.2
565.91 9.9
567.55 2.4
568.60 4.1
569.98 5.8
571.26 14.8
572.07 3.6
573.27 13.9
574.27 29.8
575.23 8.8
579.06 10.3
580.38 9.7
582.92 93.0
587.24 10.7
588.19 16.5
589.34 40.8
590.23 37.9
591.28 10.8
591.91 4.6
592.70 11.5
593.89 19.0
594.50 16.7
595.87 15.3
597.19 26.2
598.37 53.2
599.24 4.1
601.73 14.8
602.64 24.5
603.48 22.0
604.61 2.2
607.31 822.4
608.45 164.7
609.27 3.0
611.26 41.6
611.94 10.0
613.87 5.8
615.28 154.1
616.09 454.8
616.88 25.8
620.28 1.2
621.12 3.3
624.25 184.6
625.08 29.3
641.39 29.0
642.34 99.4
643.43 25.3
655.33 10.9
657.34 1.3
659.44 65.1
660.40 14.4
667.49 3.1
673.23 7.0
674.69 8.0
675.41 7.0
676.52 7.5
681.35 2.6
687.86 10.5
690.39 17.5
694.45 4.2
702.22 2.1
705.05 6.9
708.13 4.0
710.36 3.7
714.23 1.5
717.32 3.3
718.58 9.1
719.66 4.6
722.43 4.8
724.56 2.5
726.37 2.6
727.22 1.3
730.42 1.9
731.18 1.2
733.13 7.5
736.47 291.4
737.52 94.7
741.33 11.4
742.21 4.3
743.49 6.3
744.37 20.6
745.49 8.7
747.35 2.6
753.73 31.9
754.43 24.7
755.27 8.1
756.03 2.2
759.54 4.3
761.28 8.8
762.47 5.5
767.80 9.7
769.30 6.6
771.21 52.7
772.29 72.4
773.34 29.7
774.39 1.8
776.46 9.3
777.41 3.5
780.64 4.0
784.43 5.2
788.19 45.5
789.36 165.0
790.26 18.3
792.08 4.0
795.51 2.6
799.23 5.2
800.57 2.1
805.62 5.7
806.38 55.6
807.48 8.1
814.49 1.1
815.49 3.5
816.26 2.8
817.89 8.6
819.96 10.4
821.45 8.1
822.48 4.1
824.46 6.7
825.43 9.1
826.43 10.0
832.46 15.8
833.42 26.5
834.99 14.1
835.91 2.7
837.69 5.6
838.43 3.5
839.62 1.6
842.19 17.4
843.18 8.0
843.80 1.5
848.24 4.7
850.50 1010.5
851.48 303.2
852.72 23.1
853.38 39.4
854.32 9.7
856.81 18.9
857.57 5.1
859.57 6.8
860.31 18.9
861.47 5.5
862.50 1.8
864.25 2.2
867.42 2.1
870.37 148.5
871.41 214.8
872.48 40.2
875.55 2.8
877.29 2.0
878.43 4.1
880.47 5.2
882.08 2.0
886.61 10.5
887.53 86.4
888.39 336.9
889.39 142.9
890.01 1.4
893.65 2.0
894.45 5.8
901.64 1.9
904.07 3.7
905.43 251.8
906.50 60.7
909.45 1.4
929.37 2.0
933.62 2.4
942.60 3.3
944.53 4.8
945.45 6.6
946.43 8.5
950.35 4.1
953.29 9.2
954.45 14.6
955.50 4.6
957.38 3.2
961.58 48.3
962.65 37.8
964.66 17.2
969.01 1.8
970.52 11.7
971.31 55.3
972.40 60.5
973.24 2.3
979.54 778.4
980.53 252.8
983.44 5.5
985.49 11.6
986.54 9.5
987.44 2.7
988.43 34.8
989.45 73.9
990.43 14.6
994.79 3.6
995.85 7.7
996.75 4.8
1000.45 2.4
1001.42 9.3
1002.70 17.5
1003.53 16.6
1005.44 3.9
1006.58 52.3
1007.60 3.0
1011.47 2.1
1013.14 2.0
1014.88 10.6
1015.88 26.4
1016.64 3.0
1018.55 5.7
1019.83 5.1
1022.69 3.2
1031.40 1.9
1032.57 49.9
1033.51 39.0
1034.60 19.3
1036.87 1.4
1037.70 5.1
1038.30 3.1
1041.74 1.1
1043.48 3.5
1050.54 1333.5
1051.55 501.4
1052.17 3.6
1053.42 5.3
1054.51 3.5
1056.28 3.8
1058.63 1.2
1059.58 10.2
1062.75 5.6
1063.47 2.6
1064.62 4.6
1066.41 21.4
1067.47 28.7
1068.49 12.0
1069.72 1.1
1082.90 13.0
1083.57 11.6
1084.45 108.5
1085.44 68.0
1086.50 6.0
1091.49 6.3
1092.79 6.0
1101.52 124.4
1102.58 156.7
1103.55 60.2
1115.77 1.7
1119.55 98.3
1120.43 44.1
1121.58 3.4
1122.48 1.6
1129.50 7.1
1130.46 6.5
1137.46 2.5
1147.38 4.0
1148.13 2.8
1157.58 3.8
1158.62 1.3
1160.78 1.6
1164.57 4.8
1165.72 1.9
1174.62 3.5
1175.69 61.8
1176.64 18.9
1227.61 3.7
1230.64 1.4
1243.12 5.9
