1234.6801 2
175.20 67.7
176.19 13.4
183.38 1.5
184.13 3.8
185.25 4.0
191.10 6.0
195.30 4.4
196.09 14.2
197.26 297.9
198.33 30.1
202.02 14.4
204.49 4.2
207.19 21.8
208.19 8.4
210.24 5.0
212.14 3.2
213.14 3.3
217.10 6.0
218.26 3.3
220.43 17.0
223.17 5.0
224.27 16.1
225.23 113.6
226.14 33.9
228.35 8.5
229.15 7.4
231.53 4.3
232.20 6.1
233.03 2.9
234.33 14.3
236.47 4.3
238.38 2.9
240.29 8.8
242.27 895.0
243.22 111.0
244.16 26.9
245.12 17.7
246.31 10.0
247.34 26.5
248.16 5.1
249.52 1.6
251.18 1.5
252.39 4.9
253.29 5.8
254.26 13.3
257.15 5.9
258.55 8.8
259.28 6.1
262.06 2.9
264.24 16.8
265.14 43.0
266.21 4.4
267.32 1.4
268.26 22.7
269.25 1.3
271.19 59.5
272.20 1.9
273.11 16.7
274.30 86.1
275.20 20.1
276.22 5.0
277.37 3.4
280.49 4.0
282.34 4.6
283.15 27.6
284.28 8.7
286.19 1.6
287.19 4.2
288.32 202.4
289.42 24.5
290.67 7.0
291.28 31.0
292.13 29.8
293.15 93.7
294.38 10.6
296.32 2.6
298.40 1.7
299.21 3.7
300.24 7.4
301.20 19.8
302.26 96.5
303.27 45.7
304.14 14.7
305.18 6.2
306.22 2.6
307.91 2.0
309.26 8.8
309.91 1.6
311.17 1.9
314.23 4.5
316.14 81.5
318.07 1.8
320.17 204.0
321.21 14.1
323.17 4.6
324.29 24.1
325.24 13.4
326.36 11.6
335.27 2.7
336.18 4.9
337.14 2.0
338.41 10.0
339.18 10.4
340.28 20.3
341.14 8.0
342.30 30.6
343.37 13.5
347.32 6.7
349.45 1.3
350.11 4.4
353.32 53.8
354.24 1.8
357.21 14.7
358.82 60.2
359.42 647.2
360.33 85.6
361.23 6.7
367.16 1.7
370.24 55.6
371.32 39.9
372.33 18.0
373.46 11.3
374.30 6.1
375.36 7.0
376.12 6.4
377.19 16.3
378.36 17.7
381.41 13.0
385.31 16.3
386.08 12.2
387.34 285.0
388.19 65.1
389.32 10.7
391.51 2.4
393.53 4.2
394.38 7.3
395.07 29.2
398.24 6.8
400.22 15.2
401.20 1.3
402.49 5.7
403.23 63.6
405.29 780.3
406.44 186.0
407.20 85.7
408.25 13.6
409.19 48.0
410.47 2.9
412.16 62.3
413.24 21.3
414.66 9.2
417.38 210.1
418.33 12.7
420.31 27.7
421.30 66.2
422.34 13.3
423.25 6.9
424.40 17.9
426.28 5.8
427.28 12.6
429.31 13.1
430.29 27.0
431.44 64.5
432.27 28.0
433.13 19.8
434.18 1.5
437.28 8.8
439.33 4.4
441.49 22.8
443.27 4.6
449.31 311.2
450.25 60.1
451.32 20.5
452.27 11.5
454.40 7.6
455.33 24.3
456.14 10.9
456.96 9.2
458.37 971.7
459.40 208.6
460.27 1.4
463.41 10.0
467.36 10.9
468.34 32.4
469.46 2.1
471.31 43.3
472.38 7.9
473.34 28.1
474.45 19.2
475.27 5.6
476.30 8.9
477.54 6.1
478.27 4.0
480.17 13.9
481.42 14.2
482.41 7.7
483.37 4.1
484.41 7.1
485.45 7.4
487.08 4.8
487.99 43.5
488.89 14.9
490.19 41.9
491.32 8.5
492.24 6.5
495.43 7.9
496.34 6.5
497.53 59.0
498.48 25.6
499.35 14.3
500.35 8.8
502.04 31.7
503.35 9.7
504.45 13.4
505.34 25.4
506.36 16.5
507.47 3.9
508.32 7.7
509.19 2.2
512.43 1.9
513.35 3.9
516.34 348.5
517.28 136.6
518.36 40.0
519.45 41.7
520.44 20.0
522.25 36.3
523.24 31.7
524.59 34.7
525.70 30.9
526.70 13.1
528.38 11.4
530.50 183.1
531.56 27.3
532.91 16.2
533.71 23.3
534.42 282.1
535.53 99.5
536.64 23.5
537.50 2.0
538.95 2.3
540.19 59.9
541.42 14.0
542.42 1.3
543.50 28.2
544.36 46.8
545.15 19.1
546.23 17.8
547.24 16.6
548.31 2.9
549.49 17.5
550.35 4.6
551.46 18.8
552.68 181.9
553.37 124.6
554.48 21.6
555.96 7.2
556.87 2.4
557.49 28.0
558.61 36.3
559.43 22.2
560.27 6.9
561.57 3091.8
562.39 23.0
563.50 13.3
564.71 13.5
566.06 896.4
566.90 210.5
568.05 9.0
569.47 35.2
570.47 25.0
571.24 2.8
572.44 14.6
573.70 8.0
574.49 3.1
576.53 9.7
577.36 18.0
579.35 16.8
580.53 7.4
581.53 12.9
582.37 10.9
583.06 17.0
584.24 5.4
585.40 15.2
586.38 57.3
587.38 631.7
588.50 124.6
589.54 2.9
590.33 5.6
591.32 62.1
592.28 119.9
594.80 10.5
595.48 55.2
596.16 8.4
597.29 12.1
600.36 689.2
601.11 347.6
601.93 3.9
603.23 19.7
604.14 9.7
605.54 6.7
607.27 18.2
609.08 520.6
610.09 27.2
618.04 2.9
623.38 3.6
625.49 1.4
628.28 4.5
630.50 18.5
631.28 45.0
632.40 16.5
633.43 5.7
635.44 22.5
636.42 5.8
638.58 1.4
641.15 4.8
644.27 11.2
645.51 8.9
646.29 7.1
647.26 24.3
648.36 137.7
649.47 43.4
653.23 4.4
654.21 2.7
655.44 6.7
657.40 7.3
658.11 9.4
659.03 16.2
660.65 22.8
661.47 5.7
663.72 7.0
664.48 14.7
665.30 9.5
666.34 15.6
667.33 11.4
669.49 30.7
670.50 30.9
671.25 6.7
672.50 2.3
673.41 7.5
674.41 1.9
675.21 10.5
676.56 3.4
677.39 191.7
678.37 58.6
679.14 7.5
681.53 3.3
682.27 4.1
683.33 11.6
684.50 69.8
685.53 20.1
687.32 116.7
688.31 18.2
689.42 4.1
690.70 3.9
692.37 17.9
693.59 4.9
696.44 32.2
697.34 5.9
698.18 2.5
701.44 2307.0
702.52 612.6
703.90 15.2
705.49 1.9
706.48 12.0
707.60 2.6
712.52 4.9
714.30 33.0
715.40 30.0
716.57 8.7
717.76 1.8
719.79 18.7
720.86 8.2
724.49 6.2
725.48 6.5
726.65 2.4
729.48 7.0
730.85 6.4
731.47 11.8
732.46 52.3
733.56 6.8
735.54 18.3
739.18 2.1
741.78 15.2
742.56 49.4
743.48 32.7
744.67 18.2
745.64 18.3
746.47 22.7
747.79 13.8
749.26 15.3
750.50 2.4
755.40 8.9
756.33 10.5
757.49 2.1
759.39 60.3
760.46 167.7
761.46 29.3
762.51 5.4
763.65 70.3
764.39 3.2
765.27 4.0
766.29 5.6
767.81 2.1
769.56 2.8
773.70 17.8
774.37 12.8
775.41 3.2
777.43 173.2
778.58 98.9
779.42 5.1
782.48 9.6
783.33 8.3
784.49 7.1
786.49 3.2
788.74 3.2
791.24 6.6
791.86 3.6
794.42 2.2
795.59 24.2
796.34 4.8
797.43 4.7
798.44 5.3
799.48 14.7
800.38 41.2
801.62 31.0
802.56 12.5
803.66 13.0
805.53 125.2
806.43 25.1
812.52 292.8
813.49 114.4
814.53 22.3
815.44 15.4
816.64 2.9
817.57 23.0
818.55 7.3
819.25 19.5
820.63 3.7
823.25 1.6
827.66 8.7
830.46 2413.6
831.53 1081.4
832.38 8.7
833.82 9.2
834.87 8.0
836.37 5.6
837.57 8.4
838.43 1.3
840.37 7.8
841.44 60.5
842.60 16.9
845.38 7.4
848.47 7.0
851.49 3.5
858.45 69.6
859.35 111.9
860.35 32.4
862.46 9.1
872.58 2.8
876.40 277.4
877.53 61.7
879.89 12.2
885.38 4.1
890.65 21.7
894.72 6.5
897.20 20.9
899.68 2.9
900.55 4.9
902.58 3.2
912.42 12.8
913.51 20.9
914.40 13.1
915.51 16.5
916.76 6.1
917.57 10.4
920.72 3.7
922.72 2.6
924.84 7.8
925.67 9.3
926.52 6.6
927.73 9.2
929.52 28.4
930.48 68.9
931.54 15.9
932.60 8.1
933.67 8.8
934.87 13.6
935.73 3.6
941.37 13.2
943.31 15.1
944.69 14.1
945.69 5.9
947.48 188.6
948.55 114.7
949.88 1.4
951.66 10.3
954.86 2.6
957.53 90.8
958.65 67.2
959.53 2.1
965.53 3.0
968.46 9.6
973.47 2.7
975.64 106.3
976.58 184.7
977.62 84.0
981.68 6.6
985.72 10.0
986.73 5.0
989.44 7.6
993.57 10814.5
994.56 4967.3
995.25 7.5
996.06 3.3
997.52 3.0
998.64 3.1
1001.68 4.6
1002.86 2.6
1003.57 15.3
1004.88 5.1
1009.41 3.7
1014.56 11.2
1015.50 21.0
1016.69 1.4
1020.56 3.0
1025.30 9.6
1026.30 1.6
1026.95 4.4
1032.60 20.2
1039.11 4.7
1041.45 1.7
1042.66 21.8
1043.66 62.2
1044.62 35.3
1052.58 9.0
1053.66 3.4
1056.17 16.1
1057.44 27.8
1059.67 11.3
1060.61 370.0
1061.64 197.2
1064.91 12.0
1065.78 4.9
1070.11 8.6
1074.78 5.9
1077.56 5.6
1078.67 13.9
1079.70 7.6
1086.60 19.5
1088.53 10.2
1089.63 16.9
1090.80 7.5
1097.15 2.4
1102.76 25.2
1104.62 35.8
1105.46 27.0
1114.55 4.3
1116.61 12.0
1117.79 16.0
1121.49 45.7
1122.66 3.8
1130.68 9.9
1131.84 22.2
1132.79 44.6
1133.66 58.6
1211.69 2.8
