847.3882299999999 2
122.11 7.5
123.84 1.7
128.43 5.8
129.21 70.4
130.19 53.7
131.01 4.8
134.19 1.4
136.14 3.1
137.22 1.6
139.01 3.5
139.99 1.6
142.12 5.1
144.12 3.8
147.17 141.4
148.29 6.3
150.92 2.1
152.12 3.3
153.04 2.7
156.23 8.4
159.04 11.2
162.14 2.2
167.20 2.3
168.16 8.9
170.06 1.5
171.12 1.6
172.45 1.5
173.28 1.6
174.40 1.1
175.21 1.9
176.10 5.0
180.16 5.3
181.44 7.9
183.22 3.2
184.23 7.5
185.25 5.5
187.47 3.1
189.26 2.6
190.05 2.0
192.03 10.4
193.17 6.0
194.10 1.3
195.07 2.5
198.09 9.6
199.02 9.2
201.04 3.4
203.13 8.6
205.19 1.9
207.15 5.2
209.15 12.0
210.07 1.3
211.31 7.5
212.24 3.2
215.29 1.9
216.10 1.8
217.15 8.6
218.34 8.8
222.33 2.8
224.27 2.6
225.19 10.4
226.19 20.7
227.17 13.1
228.07 6.8
229.29 10.5
230.22 1.9
231.51 4.8
233.25 5.8
234.27 5.6
237.06 1.9
239.14 1.5
241.06 2.6
242.23 1.0
243.27 3.4
244.10 12.4
245.11 10.6
246.08 1.1
247.67 6.9
248.56 4.0
249.49 2.3
250.50 17.2
251.74 15.4
253.38 3.4
254.74 1.0
255.35 2.6
256.19 7.3
257.99 15.3
262.24 15.8
263.07 7.3
264.34 4.2
266.10 9.8
269.36 4.6
270.28 5.1
272.26 15.1
274.21 10.3
275.11 2.0
277.39 1.4
279.65 8.1
280.29 4.2
281.12 1.2
281.97 3.1
283.25 1.9
284.21 1.7
287.30 5.4
288.27 9.1
289.08 9.1
290.31 3.0
291.43 4.7
292.17 11.1
293.17 3.1
294.00 15.1
295.38 14.5
296.07 22.0
297.21 1.3
298.16 2.2
299.12 4.4
301.12 1.8
302.29 135.0
303.33 17.4
305.17 3.2
307.68 3.4
308.34 1.6
309.93 56.4
310.87 12.6
311.96 11.1
314.27 8.3
315.39 202.2
316.58 1.8
317.80 10.1
318.91 14.4
320.31 5.5
321.85 4.3
323.37 13.2
325.07 12.2
326.84 21.6
328.19 4.0
330.10 13.6
331.38 5.1
332.16 26.6
333.21 14.2
333.94 16.5
335.02 3.6
336.31 10.5
337.50 5.0
338.30 5.7
340.07 24.9
342.19 41.6
343.04 6.8
344.19 7.1
345.21 3.2
346.72 7.5
347.46 3.6
348.36 13.1
349.11 2.0
350.05 19.9
351.29 3571.8
352.19 5.2
353.17 2.8
354.07 5.5
355.00 3.7
357.89 21.7
358.67 43.3
359.33 17.3
360.21 40.8
360.84 31.6
362.31 1.7
363.40 7.2
364.16 2.8
365.40 19.2
366.67 4.0
367.49 23.5
368.13 13.7
369.68 21.1
371.44 3.6
372.11 3.1
373.25 6.4
376.15 8.7
377.26 5.0
378.30 12.3
379.24 13.8
380.25 48.7
381.46 20.4
382.74 14.9
384.14 12.8
385.38 1.6
388.17 72.1
388.92 18.0
389.55 1.0
391.48 47.6
392.26 14.3
393.62 22.2
394.55 19.4
395.44 7.8
396.61 38.7
397.72 99.9
398.35 47.1
399.26 2.0
400.28 59.0
400.99 38.8
401.89 42.7
402.68 25.8
403.36 1.9
406.59 2691.1
407.30 435.1
408.13 1.8
409.33 96.8
410.00 16.1
411.99 4.6
412.99 5.6
415.41 16479.7
416.25 441.2
417.33 2.0
419.30 1.7
423.88 1.7
427.70 3.6
442.27 1.5
443.28 4.6
445.89 4.2
448.80 3.7
450.37 3.0
452.82 5.3
453.64 4.5
460.29 7.0
461.52 4.0
462.37 6.5
464.49 2.4
470.22 3.2
471.47 2.0
473.27 10.5
474.08 5.4
475.46 6.3
478.32 2.7
484.33 2.7
486.52 3.0
488.80 25.5
489.89 14.0
490.77 2.4
492.30 1.3
494.88 3.3
496.43 7.2
497.52 5.0
499.86 5.4
501.47 1.5
502.26 12.3
512.29 5.0
515.35 11.9
517.34 3.9
518.18 24.2
519.15 1.6
520.33 3.1
522.38 3.5
523.01 5.0
528.43 10.8
532.47 7.1
533.44 2.0
534.55 6.0
535.86 4.4
536.53 1.4
537.37 3.0
538.53 1.7
545.31 1.0
547.63 9.5
548.73 4.3
552.83 3.3
555.90 7.8
561.59 3.4
563.95 3.0
568.67 2.6
570.31 10.2
573.28 31.0
574.36 3.8
575.60 3.1
576.37 10.0
577.92 6.1
579.30 2.2
581.24 2.1
582.29 2.8
584.16 2.0
585.34 16.3
586.37 5.1
587.33 19.2
590.43 4.4
591.35 18.2
592.53 8.0
596.43 4.1
599.32 106.8
600.39 22.8
601.11 5.8
602.15 1.6
604.37 65.6
605.43 22.1
607.23 3.4
608.63 1.4
609.93 6.1
610.62 2.9
611.68 1.6
615.40 6.9
616.26 1.1
617.16 3.7
619.22 2.2
620.37 9.9
627.60 15.0
628.23 2.4
629.21 4.8
630.50 5.1
631.47 11.4
632.37 2.6
637.76 8.0
643.52 3.6
645.63 4.5
646.49 4.0
647.56 3.6
648.47 1.1
651.64 2.1
655.40 5.2
656.57 2.4
657.57 1.1
662.17 11.4
663.45 5.6
665.38 1.3
670.76 3.1
671.46 18.7
672.28 19.5
673.50 3.0
675.58 17.9
676.56 6.2
679.36 1.5
683.26 25.8
684.52 5.1
688.60 2.9
689.31 15.0
690.35 5.1
691.75 1.1
701.28 535.9
702.37 138.8
704.46 1.8
712.43 2.3
716.43 5.6
717.29 1.2
719.30 457.5
720.38 113.1
728.26 1.8
731.53 2.6
735.24 2.4
736.66 7.0
746.64 2.5
772.55 4.0
788.65 1.4
807.39 2.3
809.71 7.5
