2247.10398 3
210.07 2.9
212.12 1.9
217.99 4.2
219.23 6.9
220.26 3.7
221.21 32.5
222.20 4.5
222.89 4.8
223.99 2.6
225.36 8.7
226.22 5.9
227.13 4.3
230.17 6.1
232.31 44.4
233.20 3.2
234.13 9.3
235.11 10.2
236.29 38.1
238.15 2.2
239.37 3.9
240.34 21.4
242.96 22.3
243.95 11.0
245.17 8.7
246.42 7.6
249.10 157.5
250.16 6.6
251.33 9.2
252.19 69.2
253.12 15.0
254.17 11.2
255.30 2.6
256.35 4.5
257.13 13.9
258.24 13.8
260.63 31.5
261.33 6.1
262.47 7.5
263.25 29.4
264.24 41.0
265.27 3.2
266.23 9.7
267.13 62.7
268.09 2.6
268.96 3.5
271.32 7.1
273.22 8.4
274.17 6.1
275.45 4.5
276.11 2.9
277.21 6.1
279.21 11.3
280.43 15.4
282.28 33.4
284.10 2.2
285.34 9.9
288.20 18.3
289.51 2.3
290.44 15.5
291.47 11.8
294.08 9.8
296.05 4.9
297.24 16.9
299.24 4.1
300.26 33.8
301.24 26.5
302.25 12.5
303.23 71.9
304.04 22.1
305.11 6.0
306.14 56.8
307.22 8.0
309.03 5.3
310.42 3.4
311.30 2.1
312.41 4.1
315.47 6.8
316.21 9.8
318.11 1.8
320.06 9.0
322.38 19.1
323.14 24.7
324.16 90.3
325.24 44.0
326.27 8.3
327.27 8.7
328.35 3.3
329.33 9.0
330.42 2.2
331.04 12.3
333.26 2.6
334.36 22.5
335.23 6.9
336.24 3.6
337.29 8.6
339.38 18.7
340.19 9.0
341.47 11.9
342.33 5.2
343.25 17.6
344.37 6.1
345.23 16.3
347.24 87.5
348.30 12.7
349.40 6.1
350.74 31.3
352.18 23.8
353.37 10.6
354.30 13.7
354.99 9.4
356.31 19.7
358.11 8.5
359.33 14.7
362.20 21.9
363.21 71.4
364.29 32.6
365.21 55.7
366.16 3.7
367.85 6.4
370.19 12.0
371.35 26.7
372.43 10.6
373.35 9.4
374.04 4.8
375.50 21.6
376.33 14.4
377.26 2.2
378.08 4.2
379.29 11.1
380.33 2.0
381.09 43.7
382.32 23.0
383.35 12.0
384.12 4.9
385.28 34.9
386.29 11.4
387.32 12.2
388.32 35.3
389.22 6.7
390.02 8.1
391.20 14.6
392.46 57.4
393.21 19.7
394.57 98.2
395.43 8.3
396.53 22.6
397.49 17.7
399.05 3.9
400.30 86.7
401.31 73.4
402.30 17.1
403.38 13.5
404.18 2.0
405.30 17.2
406.57 8.3
408.18 3.6
409.35 123.5
410.33 33.9
411.23 7.9
412.14 11.6
414.34 4.0
415.19 14.4
417.36 233.2
418.36 44.8
419.27 83.1
420.29 35.7
421.39 57.2
422.02 3.3
423.00 2.1
424.09 5.3
425.22 7.6
426.41 3.2
427.15 4.3
428.39 10.8
429.53 19.7
430.25 15.2
431.22 42.4
432.29 22.7
433.16 11.4
435.42 27.3
436.30 65.3
437.26 292.9
438.25 101.0
439.36 44.9
440.32 7.0
441.66 8.2
442.75 19.2
443.46 10.8
444.52 4.4
445.15 7.9
446.52 23.9
447.29 8.4
448.33 65.4
449.34 7.4
450.64 50.5
451.37 51.2
452.20 37.8
453.55 17.8
454.43 56.3
455.37 24.5
456.11 6.8
457.12 28.1
458.59 18.5
459.28 28.9
460.18 5.5
460.99 35.2
462.33 24.2
463.26 21.2
464.42 11.9
465.95 36.9
466.75 4.5
467.57 2.1
468.71 13.2
469.75 67.9
470.45 46.8
471.29 19.7
472.21 14.3
473.80 22.6
474.54 2.7
476.32 47.6
477.16 14.0
478.17 39.8
479.23 49.2
480.28 154.8
481.37 10.4
482.46 26.4
483.65 16.4
484.44 3.1
485.53 12.6
486.64 5.2
488.26 22.4
489.40 35.9
490.50 4.1
491.17 5.3
492.26 23.8
493.58 20.5
494.24 12.4
495.91 23.8
497.11 257.5
498.47 77.4
499.42 41.5
500.11 14.6
501.38 57.4
502.34 18.2
503.43 5.2
504.29 2.8
506.20 141.3
507.26 67.6
507.97 70.3
508.88 21.2
509.62 10.9
511.11 13.7
511.88 20.9
513.32 36.1
514.10 8.8
515.42 82.5
516.21 76.8
517.40 10.5
518.57 57.4
519.52 19.1
520.37 12.6
522.34 16.1
523.39 30.3
524.24 30.3
525.28 39.9
526.05 26.5
526.78 14.2
527.70 20.5
528.74 20.1
530.32 382.9
531.33 125.5
532.34 24.9
534.22 264.1
535.37 63.3
536.27 57.3
537.03 25.5
538.30 26.4
539.39 111.8
540.45 26.8
541.41 32.8
542.20 9.8
543.02 19.6
544.14 67.6
544.90 6.9
545.65 3.4
546.67 20.5
547.50 11.4
548.48 27.6
549.37 15.4
550.27 18.0
551.27 343.7
552.35 107.4
553.38 94.4
554.66 30.3
556.01 297.7
557.07 67.0
558.23 62.9
559.32 38.6
561.43 11.0
562.90 100.1
564.31 1101.0
565.04 961.3
565.97 34.7
567.19 60.2
568.09 17.0
570.56 31.5
572.05 322.4
573.02 47.0
574.60 18.7
577.15 4.5
578.66 46.7
579.63 60.4
580.41 59.4
581.51 18.1
582.50 42.3
583.47 70.9
584.36 19.7
585.81 25.9
586.45 8.0
587.70 18.2
589.37 1.8
590.32 3.7
591.43 116.6
592.47 63.1
593.32 21.0
594.31 21.3
595.38 24.4
596.41 16.6
597.05 23.4
597.95 15.0
598.92 18.5
600.29 41.5
601.10 110.5
602.20 43.7
603.32 36.4
604.71 16.4
605.39 36.5
606.34 38.4
607.20 6.3
608.03 63.6
608.78 36.2
609.84 14.0
610.56 48.9
611.59 66.2
612.41 28.7
613.60 71.5
614.39 31.9
615.27 30.1
616.66 18.6
617.27 35.6
618.48 43.4
619.50 142.8
620.49 185.3
621.51 36.5
622.27 11.4
623.23 23.8
624.43 35.2
625.38 18.5
626.21 18.4
627.30 23.1
628.73 303.0
629.45 234.6
630.74 48.7
631.55 25.6
632.46 13.8
633.38 19.2
634.14 12.3
635.37 52.3
636.41 213.6
637.39 20.9
638.68 57.9
639.45 90.7
640.25 20.9
641.74 14.8
642.37 32.4
644.46 817.5
645.15 322.5
646.50 62.7
647.39 230.2
648.50 162.1
649.41 122.3
650.24 3667.4
650.85 1563.0
651.93 24.2
652.72 20.3
653.50 115.3
654.48 129.7
655.66 31.5
657.57 603.6
658.60 124.8
659.43 3.9
660.59 21.1
661.35 14.5
663.17 71.8
664.39 509.2
665.29 185.5
666.07 89.6
666.69 63.4
667.41 53.1
668.23 57.9
669.26 23.7
670.05 38.4
670.77 26.0
672.14 65.2
673.04 71.0
674.08 67.4
675.08 33.7
676.09 131.5
677.42 748.2
678.52 258.6
679.60 123.2
680.37 4.2
681.48 536.7
682.13 238.1
682.84 54.8
684.04 28.6
685.63 539.5
687.17 744.6
687.90 510.7
688.71 29.5
689.59 49.5
690.20 96.6
691.10 86.7
692.41 99.7
693.43 218.6
694.99 142.1
695.86 103.8
697.09 39.6
698.29 22.9
699.74 96.5
700.77 499.8
701.81 168.8
702.87 30.7
703.80 30.2
704.60 73.6
705.41 48.1
706.27 302.4
706.94 481.0
707.95 537.8
708.89 53.7
710.20 125.1
710.90 23.2
712.27 2042.2
712.97 854.9
713.92 182.2
714.58 74.9
715.53 108.3
716.32 19.4
717.45 85.1
718.48 34.1
719.18 18.2
720.19 13.1
721.83 510.1
722.55 444.2
723.48 62.4
724.64 38.2
726.33 353.0
727.12 294.9
728.16 153.9
729.73 186.5
730.82 81.3
731.62 70.8
732.53 375.3
733.29 223.7
735.17 3528.1
735.98 491.7
736.62 105.8
738.21 1659.7
738.91 966.9
739.90 57.6
740.92 62.7
750.21 8.5
758.00 12.5
759.79 27.9
761.50 52.3
762.35 115.0
763.36 52.8
764.55 18.1
765.76 61.9
766.79 9.4
767.87 15.3
768.82 136.0
769.73 4.2
770.50 8.1
771.37 12.4
772.19 35.3
773.22 26.2
774.48 24.6
775.62 38.2
776.70 28.4
777.64 172.2
778.34 11.8
779.43 652.5
780.43 201.1
781.65 25.9
783.81 257.6
784.70 343.3
785.92 274.9
786.78 252.6
788.32 327.8
789.53 85.6
790.48 11.3
791.57 43.1
792.70 2265.1
793.56 574.3
794.69 53.4
795.48 23.2
796.65 31.6
797.66 23.2
798.70 41.9
799.62 22.4
800.48 17.0
801.41 78.7
802.14 41.0
802.76 21.3
803.44 74.9
804.80 34.8
805.52 563.9
806.50 194.7
807.53 60.2
808.39 5.8
809.37 12.9
810.14 14.5
810.74 7.4
811.73 15.8
812.58 17.6
813.67 7.0
814.48 10.1
815.52 35.2
816.38 12.2
817.73 12.8
818.54 35.6
819.64 9.3
820.84 6.3
821.48 38.4
822.51 5.8
823.94 43.6
824.88 27.4
825.58 22.9
827.02 50.7
828.62 21.9
829.84 15.2
830.97 61.7
831.79 24.7
832.51 22.0
833.72 29.9
834.48 49.7
835.71 19.7
836.72 82.2
838.02 39.1
839.32 9.0
840.40 158.7
841.11 156.8
842.01 77.7
843.05 111.0
844.58 33.3
845.69 130.1
846.53 29.8
849.20 1820.8
850.19 720.8
851.34 133.6
852.18 23.0
853.29 51.3
854.07 55.3
855.12 40.3
856.83 6.5
857.53 24.2
859.55 412.8
860.64 69.0
861.63 77.4
862.73 11.6
863.56 15.8
865.45 25.2
867.50 94.6
869.82 2.6
871.56 12.3
872.61 14.1
873.55 20.1
875.45 24.5
877.52 52.0
878.54 305.5
879.53 114.3
880.76 47.2
881.68 11.3
882.81 16.7
883.65 9.4
884.65 14.3
885.72 13.9
886.49 35.2
887.40 9.1
888.84 156.2
889.80 149.9
890.57 6.3
891.44 25.2
892.66 100.3
893.55 54.3
894.66 83.8
895.45 25.8
897.35 622.7
898.28 1083.7
899.97 88.7
900.86 92.9
901.54 39.2
902.31 56.3
903.32 17.6
904.18 73.2
906.28 4681.1
907.20 1320.2
908.31 38.5
909.01 12.3
909.73 18.7
910.48 31.2
911.41 104.9
912.19 85.2
913.56 3.8
915.02 87.3
915.99 144.7
916.67 202.5
917.59 137.8
918.45 47.8
920.39 24.2
921.59 28.4
922.78 24.6
923.56 35.4
924.84 56.0
925.75 38.7
926.64 5.2
927.73 17.8
928.73 35.8
929.63 27.8
931.28 20.5
932.51 21.4
933.51 30.8
934.57 203.7
935.53 105.5
936.48 11.6
937.36 40.0
938.29 57.4
939.38 28.7
940.51 24.0
941.58 2.6
942.80 19.7
943.57 13.8
944.58 40.0
945.29 20.0
946.51 36.2
949.73 10.3
950.59 6.4
951.72 20.6
952.47 9.6
953.65 20.9
954.81 28.4
955.79 60.9
956.86 24.0
958.11 88.4
959.54 28.1
960.68 8.1
961.59 13.3
962.46 14.5
963.61 71.5
964.75 66.1
965.92 189.6
966.78 388.2
967.62 75.4
968.58 79.3
969.71 5.0
970.97 35.9
972.29 67.7
973.37 175.3
974.55 811.4
975.22 1168.7
976.19 112.4
977.29 3.3
978.53 29.7
979.80 76.7
980.89 99.6
981.92 12.7
982.63 16.5
983.53 6.8
985.78 82.2
986.75 48.3
987.65 48.6
988.91 20.4
989.61 10.7
991.52 223.5
992.62 47.7
993.94 46.3
994.77 65.2
995.55 43.9
996.61 48.2
997.45 15.5
998.61 12.6
999.78 81.1
1000.49 98.6
1001.65 31.5
1002.48 37.5
1003.51 5.6
1004.34 31.5
1004.94 38.6
1006.27 60.4
1007.52 70.7
1008.76 352.5
1009.80 112.1
1010.68 2.9
1011.63 34.3
1012.75 28.5
1013.61 112.5
1014.46 74.5
1015.36 39.3
1016.61 109.8
1017.26 25.0
1018.54 9.1
1020.56 21.2
1021.36 34.0
1022.15 89.8
1023.22 3.2
1025.01 9.8
1026.29 23.1
1027.58 47.9
1028.32 21.6
1029.09 64.5
1030.30 214.4
1031.32 173.8
1032.01 2.3
1032.76 12.0
1033.39 9.8
1034.44 42.3
1035.24 128.6
1036.11 170.6
1037.02 48.3
1037.90 13.7
1039.28 207.4
1040.23 156.2
1041.71 19.5
1042.50 10.1
1043.29 62.4
1044.33 512.5
1045.09 184.0
1045.75 40.7
1046.90 11.2
1047.86 29.6
1048.52 67.5
1049.44 51.8
1050.45 61.1
1052.21 301.4
1053.43 115.9
1054.32 53.5
1055.58 15.8
1056.90 17.8
1057.84 5.4
1059.03 99.7
1060.08 15.5
1061.21 96.9
1064.36 6.3
1066.42 15.2
1067.63 184.7
1068.42 238.1
1069.38 50.0
1070.69 24.5
1071.82 8.4
1072.70 36.7
1073.66 51.0
1075.58 6.1
1076.95 10.0
1078.40 2.2
1080.29 15.6
1081.94 18.1
1083.18 4.2
1085.67 4.3
1086.33 11.0
1087.55 35.1
1088.60 44.6
1089.55 2.1
1091.48 58.0
1092.79 32.7
1093.64 18.4
1094.33 19.4
1096.84 9.5
1097.72 20.9
1098.59 25.3
1101.40 2.4
1102.64 22.5
1103.59 68.7
1104.83 31.6
1105.63 303.3
1106.59 254.1
1107.56 52.5
1108.60 29.8
1109.69 13.1
1110.63 11.4
1111.81 17.4
1113.75 13.3
1115.58 25.5
1116.54 6.6
1117.66 13.2
1118.54 2.8
1120.61 327.0
1121.48 97.4
1122.10 19.6
1122.72 74.1
1123.51 3.0
1124.22 17.1
1125.72 22.8
1126.39 6.0
1127.88 19.0
1128.58 22.3
1129.57 13.4
1130.53 2.0
1134.46 29.7
1135.54 13.8
1136.59 12.1
1139.53 3.5
1140.51 14.1
1142.55 117.7
1143.56 104.2
1144.94 22.7
1147.70 19.3
1148.65 10.4
1150.41 8.7
1151.98 11.0
1152.61 2.3
1154.50 16.3
1157.82 7.9
1158.76 18.1
1159.64 3.5
1160.86 6.9
1161.49 7.0
1162.80 3.3
1165.58 3.7
1166.60 10.8
1167.73 22.0
1168.65 4.5
1175.55 6.3
1177.57 11.6
1179.00 14.5
1180.01 16.7
1181.52 24.7
1182.55 10.7
1184.32 3.6
1185.52 7.3
1189.09 2.6
1191.68 2.5
1192.57 8.6
1194.51 2.6
1195.53 5.4
1199.54 91.0
1200.61 24.7
1201.68 17.6
1202.73 10.3
1208.24 2.7
1209.71 11.5
1210.60 3.4
1211.46 7.6
1212.80 21.8
1216.91 2.9
1217.70 19.6
1218.70 20.9
1219.59 3.6
1220.65 5.1
1221.55 18.9
1222.69 4.4
1225.26 6.3
1230.58 3.5
1234.15 22.0
1234.76 25.6
1235.68 57.6
1237.00 18.8
1237.63 4.5
1238.38 23.0
1239.65 24.4
1240.77 12.3
1242.88 3.6
1246.80 2.7
1249.43 3.8
1250.78 12.8
1251.65 6.2
1253.48 2.6
1254.87 12.5
1256.97 22.9
1257.85 23.3
1258.92 14.3
1264.76 4.7
1265.91 4.9
1268.40 6.0
1270.72 16.0
1271.67 5.2
1272.53 2.5
1273.78 11.9
1275.04 3.2
1276.31 3.6
1277.67 6.8
1280.70 24.6
1281.88 29.4
1282.91 6.2
1283.68 17.0
1285.78 17.8
1288.48 10.6
1291.85 31.7
1292.72 26.5
1293.72 18.2
1294.52 7.8
1295.76 11.1
1296.73 7.6
1297.93 14.8
1300.88 9.9
1308.75 54.1
1309.81 8.0
1310.83 8.4
1313.18 15.2
1313.80 46.2
1315.93 18.5
1318.69 6.8
1322.55 11.4
1323.80 4.9
1324.54 9.8
1326.12 7.9
1326.79 4.6
1327.81 20.0
1329.07 13.7
1330.51 10.8
1331.68 2.9
1333.88 4.7
1334.75 23.1
1335.73 14.2
1336.63 11.0
1337.74 13.5
1342.57 7.8
1346.62 8.8
1347.82 9.2
1348.60 2.4
1351.62 7.0
1352.69 36.5
1354.26 13.3
1355.04 2.8
1356.50 6.3
1359.50 6.6
1364.95 7.8
1366.78 4.8
1369.56 31.6
1371.04 9.0
1371.75 21.5
1377.41 9.8
1379.85 9.1
1382.97 5.6
1385.03 3.5
1391.14 2.0
1394.95 21.8
1395.77 20.7
1396.54 17.2
1400.12 6.2
1402.45 3.1
1405.69 5.4
1408.89 19.7
1412.66 3.4
1414.86 7.4
1415.56 6.6
1419.83 2.2
1420.66 3.0
1421.87 19.3
1422.78 4.0
1423.83 19.4
1424.68 42.2
1426.01 7.9
1426.87 2.3
1431.80 5.8
1432.45 4.7
1433.62 4.7
1435.59 3.9
1437.01 2.2
1441.60 19.3
1442.73 50.6
1443.74 7.6
1446.78 28.0
1447.58 5.0
1448.61 35.7
1449.61 5.1
1451.99 9.5
1452.77 11.4
1466.95 16.5
1469.08 6.2
1471.09 10.3
1474.88 3.6
1476.27 3.3
1476.89 4.5
1480.78 21.0
1482.46 3.3
1488.93 2.3
1496.04 12.9
1503.86 3.1
1509.68 9.3
1510.65 6.5
1516.82 6.2
1533.09 9.6
1536.03 17.3
1537.48 16.0
1538.45 8.5
1547.81 7.0
1549.01 16.5
1550.75 5.7
1552.13 10.1
1553.76 4.8
1554.98 8.1
1567.00 22.8
1567.85 6.2
1570.69 8.4
1571.72 16.1
1572.74 4.1
1573.62 14.6
1579.72 7.6
1581.10 4.0
1583.74 12.0
1584.96 6.3
1586.01 5.8
1598.80 8.4
1623.01 2.7
1631.01 5.3
1634.65 16.2
1636.06 17.6
1645.81 6.9
1646.96 1.9
1650.89 24.7
1652.06 17.0
1652.88 4.7
1653.96 6.6
1660.88 4.7
1662.90 3.9
1668.77 11.0
1669.91 13.3
1671.32 4.9
1676.24 5.1
1678.66 4.1
1680.85 9.0
1689.97 6.5
1693.41 10.7
1700.46 3.0
1723.25 5.6
1789.87 7.3
1802.26 7.7
1823.13 3.4
1832.36 15.6
1847.32 4.8
1866.35 2.8
1934.18 3.7
1977.10 7.2
