1063.53923 2
151.00 1.3
155.21 2.0
156.13 2.3
159.31 2.1
169.18 34.9
175.06 11.2
178.08 2.6
180.07 1.5
184.95 3.3
187.25 13.5
188.19 5.5
196.21 5.3
198.18 8.3
199.16 15.0
200.09 2.2
201.12 7.3
203.20 1.9
212.91 1.5
215.16 36.4
220.18 2.7
227.19 82.1
228.27 3.7
229.18 2.0
231.11 2.4
236.22 2.0
237.19 25.8
243.13 5.9
244.41 13.2
245.34 1.3
246.30 1.9
249.38 4.1
250.21 2.3
253.33 8.4
254.22 4.5
255.38 6.9
256.09 5.5
257.56 3.1
259.86 1.1
262.24 1.4
264.20 2.3
269.03 6.1
270.17 1.4
271.32 15.2
272.28 1.7
278.03 1.4
283.58 6.4
288.29 246.9
289.42 4.9
291.30 1.8
294.29 1.0
296.30 1.9
299.41 2.0
300.18 2.3
303.24 11.1
306.19 3.9
307.32 1.1
308.04 1.3
310.31 2.9
312.26 1.3
313.44 1.2
314.97 2.5
317.28 2.5
318.28 8.6
320.26 5.3
320.94 1.2
326.28 2.0
329.12 1.9
330.30 1.5
332.19 1.8
334.06 4.3
337.04 2.5
338.22 18.6
339.14 6.4
340.29 23.3
342.33 5.6
343.21 14.4
344.31 3.6
346.41 4.4
349.45 3.5
351.03 3.5
353.19 6.1
356.24 2.1
360.17 5.2
361.30 27.5
361.92 5.8
365.18 5.8
366.30 1.8
367.28 1.0
370.93 1.0
377.01 14.9
378.22 6.6
379.43 2.8
382.36 29.7
383.24 8.8
384.52 4.7
387.13 3.3
390.34 5.0
392.91 2.7
393.69 2.8
395.50 5.0
396.44 2.3
398.33 15.7
400.38 5.1
403.38 7.7
406.29 3.5
407.41 77.8
408.59 5.8
410.75 17.9
413.12 2.4
416.47 413.6
417.54 18.9
418.46 4.1
419.50 1.1
422.38 3.0
423.06 10.3
423.99 1.4
425.42 5418.3
426.83 3.5
428.09 11.4
429.24 1.7
430.54 4.6
432.03 21.0
432.76 8.6
435.47 1.3
436.22 9.3
437.20 19.0
439.07 5.7
441.85 8.6
444.52 4.1
445.32 65.6
446.26 4.6
450.81 9.0
453.55 2.2
454.28 2.0
456.13 3.7
457.28 10.3
459.43 4.0
460.34 2.3
463.27 10.2
464.53 6.3
465.63 3.0
466.81 8.1
468.45 23.8
470.42 1.2
471.06 1.5
472.06 16.7
473.28 5.0
474.29 27.4
475.22 20.5
475.85 2.3
476.45 1.7
477.56 15.4
478.37 2.6
481.96 5.0
482.94 221.7
483.79 1.2
485.05 1.0
486.20 2.5
487.29 3.7
488.32 2.9
489.36 4.9
490.67 42.4
491.28 2.4
491.98 14.6
493.53 2.4
494.63 5.7
495.31 29.6
496.67 14.2
497.35 8.1
498.08 1.6
501.72 8.1
502.33 4.4
503.26 4.9
504.52 15.2
505.63 23.3
507.71 31.3
508.61 20.0
510.37 49.2
511.65 19.8
514.27 97.9
515.39 55.1
516.91 106.3
520.39 2.9
521.99 2.7
523.22 236.3
524.01 39.9
526.89 3.0
531.53 1.7
554.09 5.5
560.45 2.4
561.15 3.8
562.43 1.1
568.37 1.2
576.28 7.1
577.43 4.5
578.21 1.7
582.62 2.6
588.62 7.4
591.45 2.6
601.45 30.0
602.55 7.5
604.22 17.9
605.45 26.2
606.41 9.1
607.74 3.4
614.49 1.2
621.51 3.4
622.27 1.2
623.38 194.7
624.42 40.6
625.19 1.9
634.42 5.1
635.43 5.8
638.10 4.2
644.18 4.0
650.41 1.4
659.30 2.0
664.45 14.0
666.61 2.4
668.24 3.7
669.32 5.0
675.51 17.5
676.44 4.0
681.54 5.4
682.54 5.9
683.56 2.7
685.45 2.0
686.64 1.8
687.66 6.5
691.31 4.0
693.84 3.7
696.80 19.3
699.24 19.9
700.20 4.3
703.38 67.7
704.38 22.4
705.32 7.8
707.39 1.2
708.61 6.9
721.35 108.6
722.51 22.2
733.06 7.7
734.50 21.2
735.35 7.1
740.27 1.7
741.43 4.4
743.32 6.8
744.62 3.5
747.52 2.6
752.52 81.1
753.52 37.4
770.18 2.0
784.48 2.4
790.40 3.5
791.52 11.6
793.60 1.5
796.38 5.8
802.63 3.1
811.78 2.9
813.48 2.4
814.65 2.8
818.39 39.7
819.37 22.6
820.52 1.1
827.44 148.7
828.51 35.6
831.52 15.8
832.46 15.5
838.60 1.4
847.30 1.9
849.56 236.3
850.58 68.3
851.55 4.2
862.57 4.8
869.15 3.5
870.41 2.5
876.42 3.3
887.48 2.3
889.44 41.5
890.37 12.0
890.99 3.4
899.62 3.4
917.50 61.6
918.37 48.1
918.98 3.8
932.82 3.2
934.84 8.1
935.61 19.9
936.29 7.0
940.57 2.0
946.61 1.0
947.65 5.1
964.62 26.5
965.43 6.6
974.59 1.6
1041.83 2.6
1042.58 2.1
