954.46269 2
139.27 1.2
141.20 4.2
147.26 11.0
150.11 4.2
158.26 1.4
159.21 3.8
167.43 4.0
169.24 8.6
173.40 5.1
175.17 66.3
176.05 1.9
179.25 2.6
180.13 1.1
181.38 2.4
182.27 1.2
183.34 5.5
185.14 5.4
188.71 2.9
191.24 3.5
201.38 2.2
209.14 5.1
211.13 2.1
216.11 2.9
221.13 5.0
226.30 16.9
227.22 2.3
240.14 1.7
244.20 7.8
245.41 2.0
247.13 3.0
249.22 1.2
250.12 2.6
252.26 3.7
254.37 2.8
255.09 1.3
256.25 1.5
260.19 1.5
262.26 13.9
267.17 3.2
271.38 2.2
280.26 1.8
280.91 2.1
283.38 1.6
284.87 8.7
288.37 65.5
289.24 17.6
290.33 4.9
292.09 1.7
293.16 1.3
302.98 6.0
307.11 1.0
308.28 5.3
312.28 4.0
321.31 1.5
323.44 2.9
325.19 4.0
331.17 5.0
332.30 20.2
336.21 1.1
337.02 2.3
340.02 4.0
342.13 5.8
342.99 6.0
347.01 2.5
349.38 2.5
352.19 10.7
356.95 6.3
359.21 8.4
360.64 45.0
362.90 14.7
364.20 16.3
365.22 16.2
366.18 5.4
369.21 7.3
370.27 2.7
373.34 24.9
376.31 6.9
380.37 4.2
381.59 19.5
382.42 89.3
383.74 16.5
386.31 4.6
387.28 10.8
387.88 6.9
390.91 277.9
391.92 14.0
392.85 1.0
395.10 7.4
397.14 7.0
398.26 1.1
400.86 18.6
403.30 20.7
404.14 7.1
408.82 4.9
410.33 1.7
411.94 8.3
413.28 1.9
414.55 1.8
415.26 10.0
416.30 8.9
417.10 7.5
419.29 1.2
420.70 39.6
421.40 13.9
425.51 158.2
428.02 8.5
429.99 9.5
432.07 29.2
433.18 6.8
434.34 54.9
435.23 2.3
436.92 22.9
438.46 5.8
439.11 2.3
441.02 107.3
442.37 6.9
444.95 37.0
446.09 9.5
447.00 51.4
447.95 26.2
449.24 7.0
451.55 38.6
452.50 21.2
453.20 5.7
453.80 169.2
454.43 30.4
455.96 310.2
457.23 5.8
459.88 281.4
460.96 33.9
462.75 332.1
463.40 107.2
466.11 66.4
468.98 748.1
469.91 34.2
471.18 2.1
477.85 12.7
490.36 2.6
493.15 3.8
494.44 3.5
499.18 11.9
502.30 2.0
504.39 11.5
505.77 4.8
508.12 9.1
509.22 3.1
517.24 1.1
519.78 5.3
520.60 7.4
522.46 1.6
523.44 2.1
525.53 14.6
527.39 8.1
532.60 20.7
533.31 3.5
535.51 5.0
538.19 1.1
549.29 1.9
551.10 6.9
552.33 24.4
553.43 6.0
554.59 8.4
555.61 19.7
557.50 1.5
561.36 1.3
562.93 53.5
564.09 29.4
565.80 2.3
571.62 58.6
572.40 56.9
574.16 4.0
577.58 8.1
578.41 3.9
579.57 2.4
580.22 1.4
581.81 4.2
590.37 4.3
591.28 2.6
592.28 1.1
594.51 10.5
595.39 54.7
596.33 24.4
602.27 4.4
605.42 9.2
606.46 3.0
616.38 3.5
619.24 6.6
621.46 8.2
623.45 70.8
624.45 32.8
630.30 9.9
631.03 2.1
634.14 4.0
635.33 3.2
637.44 1.8
639.66 4.7
641.40 2.0
642.88 15.1
645.89 6.5
648.55 1.7
649.39 5.6
651.60 78.0
652.47 3.1
658.03 13.7
664.92 16.8
666.45 45.9
667.25 8.1
671.45 3.9
675.52 6.0
676.42 3.2
678.35 4.0
681.23 2.0
682.77 6.0
684.38 1.0
685.74 1.1
689.42 14.0
690.33 9.5
692.32 2.1
693.46 7.7
694.61 2.9
695.29 3.9
698.65 9.7
702.61 8.7
706.44 4.9
708.54 1.0
709.76 2.0
711.25 25.7
715.51 1.7
717.61 4.1
718.24 1.6
720.41 51.7
721.38 21.7
722.44 1.7
723.50 5.8
725.38 3.5
729.63 11.5
732.32 5.1
734.46 2.0
735.60 2.9
736.86 2.2
738.73 2.8
740.30 2.2
741.46 13.6
745.46 7.2
746.26 15.6
747.50 2.8
749.30 3.8
750.45 3.1
751.45 3.8
752.47 37.4
753.53 23.9
754.42 5.3
758.58 13.4
759.63 15.3
762.37 13.6
763.43 51.2
764.48 9.1
765.47 3.6
768.45 9.0
769.24 1.3
775.61 2.9
780.28 63.7
781.33 20.1
782.42 2.2
791.42 4.7
797.46 3.0
798.59 94.3
799.57 15.5
808.75 9.0
827.62 10.5
828.84 4.1
840.33 1.8
845.34 6.3
850.12 11.0
859.34 1.4
877.38 3.9
882.62 3.0
895.73 2.0
897.75 1.2
900.43 1.8
902.39 6.7
904.15 3.4
914.52 9.7
915.59 5.1
921.58 1.6
932.57 113.7
933.64 27.0
934.65 1.8
937.19 3.4
