1494.72783 2
209.32 1.4
210.18 5.4
214.20 18.9
215.23 2.0
217.41 1.2
218.39 1.8
225.56 6.9
226.40 3.0
227.00 3.8
232.25 11.8
233.11 3.0
237.04 1.4
237.96 4.1
239.12 2.0
241.11 6.8
245.11 7.5
246.31 1.1
248.12 1.6
249.19 1.3
250.26 3.4
252.13 1.6
253.16 7.8
257.11 4.3
258.01 3.9
260.39 2.5
263.37 3.3
266.17 2.9
272.45 5.7
273.37 1.1
274.20 4.7
275.18 4.7
278.27 1.8
282.67 6.6
283.31 5.8
284.11 4.6
284.89 8.4
286.04 2.0
289.38 10.0
290.24 2.2
292.54 1.1
293.48 6.7
294.42 2.1
298.57 3.6
300.07 3.0
301.19 15.1
302.25 5.3
303.15 12.3
307.13 1.3
310.49 1.2
312.23 1.5
314.14 2.3
315.12 1.8
316.05 2.5
317.34 5.1
319.31 4.7
320.20 6.0
324.18 2.9
325.76 3.7
329.24 12.9
330.25 1.1
331.25 7.5
332.18 8.2
335.15 26.2
336.79 5.1
338.34 4.5
340.33 5.6
342.31 1.7
343.73 8.2
344.42 3.8
345.28 5.0
347.02 9.4
348.17 1.1
349.27 2.9
350.24 21.3
352.15 34.6
353.19 25.8
355.00 1.6
359.14 3.5
360.32 6.2
361.31 3.8
362.23 3.1
363.10 1.8
365.05 1.5
367.20 4.7
369.20 6.6
370.15 19.0
371.26 8.1
372.32 6.1
374.19 1.8
376.62 7.7
377.32 5.8
381.38 3.5
382.21 2.6
383.29 2.1
384.20 2.9
385.51 10.4
386.29 1.1
387.32 13.2
388.36 39.9
389.33 5.6
391.18 13.1
392.11 4.3
393.21 5.2
394.49 9.0
395.23 13.3
396.24 17.6
397.94 4.9
401.38 5.4
402.05 4.1
403.28 61.9
404.38 15.9
405.12 1.9
406.37 21.4
407.21 5.2
408.77 5.9
409.64 2.3
411.22 8.1
412.21 12.9
414.34 4.5
415.35 5.5
416.50 3.7
417.16 9.3
418.40 2.8
419.38 14.2
420.94 2.9
422.20 11.4
424.13 1.4
428.39 11.3
429.39 4.9
431.14 84.7
432.51 12.5
435.49 1.8
436.44 10.2
437.41 1.4
438.15 4.4
439.38 11.8
440.22 1.8
441.38 7.7
442.38 5.4
444.35 5.3
445.18 1.8
446.11 36.4
447.17 6.6
448.05 3.1
449.36 5.9
450.22 3.5
451.27 1.3
452.36 4.7
453.16 7.5
454.25 9.5
455.19 2.3
455.88 3.0
456.79 8.5
457.50 18.6
459.27 5.5
460.48 2.6
464.02 14.8
465.18 11.4
467.11 5.8
469.31 2.0
470.26 20.5
471.15 8.2
472.61 4.7
474.52 6.2
475.22 4.4
476.46 5.2
477.27 9.8
480.40 8.5
482.24 26.2
483.06 1.7
483.83 8.9
485.16 1.4
486.29 5.2
487.24 19.6
488.21 21.1
490.42 4.6
491.39 4.1
493.25 1.1
494.14 4.2
494.99 11.2
495.69 7.6
497.18 44.2
498.32 40.7
499.29 14.5
500.67 7.9
501.62 1.8
502.40 1.2
503.03 1.4
504.62 17.8
505.35 31.2
506.27 16.0
507.41 9.8
508.49 1.3
510.67 16.9
511.31 2.3
511.94 4.2
512.81 3.5
515.18 178.0
516.30 134.5
517.56 22.0
518.43 13.8
519.26 5.4
523.22 16.5
524.13 8.6
525.39 2.1
526.22 4.4
527.43 2.6
528.61 6.3
529.31 9.4
530.19 16.2
531.00 1.2
533.17 351.1
534.29 64.6
535.32 22.7
536.30 11.5
537.30 16.4
538.21 24.0
539.24 18.9
541.22 18.5
542.23 3.8
542.83 8.4
543.60 18.2
544.46 71.9
545.39 59.6
546.28 25.6
547.09 31.3
547.84 11.0
548.52 2.7
549.40 4.5
551.27 206.9
552.22 10.3
555.13 7.5
556.13 2.5
558.65 15.1
559.58 11.9
560.69 16.1
561.42 7.5
562.43 10.4
565.09 11.4
566.47 2.4
567.30 2.2
569.24 122.9
570.47 35.3
573.55 2.6
574.42 2.4
575.23 15.2
575.94 7.2
577.06 11.0
579.74 23.1
580.38 13.9
581.23 17.4
581.98 2.5
582.80 3.0
583.40 12.7
584.41 1.9
586.46 2.0
587.44 16.8
588.75 4.3
589.94 13.9
590.96 2.4
592.02 7.6
593.32 2.9
595.27 2.8
597.24 11.3
597.90 16.0
599.06 36.9
599.96 1.8
601.87 16.2
602.59 10.8
603.21 8.9
603.84 7.5
604.49 9.5
606.44 7.8
608.33 3.4
610.89 13.5
612.21 17.9
613.16 18.8
614.40 2.9
615.55 9.4
616.31 27.4
617.41 11.7
618.39 7.5
619.39 44.1
620.47 33.6
621.66 6.4
622.62 5.2
623.32 5.6
624.66 16.7
625.30 1.7
625.91 4.5
627.81 4.9
629.40 80.5
630.45 30.4
631.51 6.0
633.27 62.7
634.65 24.5
635.44 5.1
636.84 29.6
637.68 12.8
639.05 16.5
640.31 19.6
640.92 3.6
643.09 26.2
644.36 8.3
645.60 18.0
646.46 10.0
647.15 3.2
648.23 19.4
649.13 1.8
650.12 1.8
652.06 58.5
652.79 8.7
654.11 18.0
655.35 12.0
656.35 6.6
657.93 4.0
658.89 12.4
659.58 1.7
660.66 28.1
661.31 11.2
662.00 4.5
663.51 42.4
664.56 36.8
665.68 13.8
666.34 11.4
667.76 24.9
668.46 2.3
669.95 15.8
670.90 10.1
671.51 33.2
672.15 19.1
673.08 15.0
674.02 49.6
675.33 17.6
676.24 14.9
677.38 10.6
678.17 3.5
679.32 6.3
680.12 3.8
681.33 47.9
682.08 15.7
683.01 11.2
683.70 6.7
685.30 26.7
686.24 8.0
687.09 37.8
688.24 101.9
689.16 3.6
691.57 101.6
692.42 33.5
693.37 27.2
694.47 5.7
695.71 36.5
696.77 5.8
698.38 15.6
699.28 8.8
700.41 10.5
702.08 38.2
703.01 13.6
703.78 17.4
704.47 13.9
705.18 3.7
706.45 9.5
707.35 4.3
709.49 28.9
711.15 134.9
712.16 29.1
712.95 7.2
714.73 2.2
715.51 17.5
716.34 18.1
717.23 33.9
718.43 42.5
719.28 4.1
721.09 113.2
723.46 10.8
724.91 72.2
725.65 29.8
729.97 461.6
731.29 52.6
731.99 6.1
733.10 25.6
733.94 5.1
735.77 137.9
736.56 7.9
737.67 4.7
738.36 11.0
748.78 4.0
758.06 17.4
758.91 3.8
761.78 10.2
762.53 2.4
764.20 1.3
765.90 11.6
766.67 33.6
767.45 17.6
768.08 7.3
769.55 6.9
770.97 10.1
773.41 3.3
774.32 6.6
775.07 32.4
776.12 13.6
777.36 2.2
779.47 7.9
780.26 10.6
780.93 33.3
784.00 7.8
785.92 4.3
786.65 2.3
787.55 2.3
788.88 13.0
789.78 9.5
791.57 36.3
792.42 7.2
793.44 6.7
794.29 4.6
795.17 4.0
796.55 1.6
799.77 2.1
800.44 7.1
801.46 11.0
802.69 11.0
803.89 11.9
804.83 10.3
805.64 1.1
806.27 1.5
807.57 11.7
808.81 18.4
811.46 5.2
812.53 10.7
814.53 1.5
817.37 1.6
818.41 12.6
819.57 48.6
820.63 24.1
821.51 15.6
822.70 16.0
825.04 5.4
826.18 2.1
827.51 5.2
829.46 51.6
830.37 49.8
831.18 20.6
831.83 1.6
833.00 3.0
835.21 9.6
836.68 7.7
838.74 2.5
840.09 63.8
841.11 2.3
842.61 17.6
845.65 5.4
846.84 1.1
847.90 21.8
848.62 50.5
849.50 31.4
850.59 2.7
851.60 3.2
853.70 13.4
855.08 3.7
859.36 10.6
860.58 1.4
861.64 13.1
862.77 75.0
863.62 31.0
866.64 4.1
867.59 41.5
868.34 17.3
874.05 2.0
876.03 9.6
877.68 3.2
878.45 35.1
879.64 20.2
880.91 16.6
882.54 7.0
883.53 10.0
884.80 5.2
887.65 10.5
889.65 5.0
890.71 1.8
891.36 6.0
895.91 8.5
896.97 26.6
898.55 4.6
900.50 2.9
903.64 4.0
904.30 2.8
905.21 30.3
906.47 58.1
907.61 40.7
908.50 35.3
909.44 21.6
910.07 4.5
910.96 10.0
911.99 4.7
913.24 4.5
914.51 1.2
915.50 7.8
916.27 3.2
919.04 30.9
920.31 11.6
921.57 8.4
924.70 9.2
926.52 1629.6
927.62 220.9
928.54 7.2
929.64 2.6
930.56 4.2
931.21 3.8
932.53 19.6
933.51 10.3
939.36 3.0
943.06 9.7
944.05 4.8
945.78 2.8
947.57 5.3
948.33 23.4
949.15 12.9
950.62 8.4
951.34 4.3
952.25 5.9
953.80 4.7
954.44 6.7
955.73 13.0
959.50 1.2
961.47 30.9
962.61 18.8
968.44 20.6
969.49 9.9
970.45 2.4
972.30 5.3
976.04 29.2
978.66 13.3
979.70 42.0
980.82 3.1
982.50 3.6
985.55 1.9
986.41 20.1
987.56 9.9
989.51 11.3
990.96 11.0
991.66 27.2
992.59 16.9
995.21 6.7
996.33 5.1
997.79 19.6
1000.36 5.1
1003.07 33.8
1004.28 3.3
1005.21 8.9
1005.87 4.5
1007.22 4.9
1009.04 6.7
1011.59 62.3
1012.67 47.1
1013.58 9.8
1016.64 11.0
1017.60 4.0
1019.39 23.4
1020.38 12.0
1021.32 5.1
1024.47 16.5
1025.18 1.3
1026.61 7.4
1029.40 2.2
1030.52 2.3
1033.12 9.4
1034.40 15.4
1035.53 6.1
1036.50 4.9
1038.81 26.6
1039.90 3.6
1041.96 7.5
1043.76 5.6
1045.68 1.1
1046.56 22.6
1047.48 40.6
1048.29 14.4
1049.48 9.7
1052.73 4.1
1053.85 10.7
1055.82 4.4
1057.65 3.3
1058.93 8.2
1061.45 1.1
1064.43 7.4
1067.79 1.1
1069.30 5.8
1071.52 23.8
1074.71 5.4
1075.75 7.9
1076.77 3.9
1077.47 3.4
1079.71 1.6
1083.52 1.5
1085.72 7.9
1089.61 221.7
1090.54 52.6
1091.47 14.6
1092.76 10.0
1094.57 6.3
1097.36 2.1
1099.92 3.7
1102.62 16.8
1103.69 7.6
1104.70 3.8
1107.55 6.5
1111.53 3.2
1113.80 3.7
1115.84 9.8
1117.56 2.9
1119.13 10.2
1120.08 5.5
1120.74 23.3
1121.56 28.7
1122.75 6.9
1130.72 2.3
1132.76 5.8
1136.77 4.6
1137.71 1.1
1138.58 2.5
1139.69 2.5
1142.52 1.2
1145.75 2.0
1146.51 6.2
1148.54 38.6
1149.68 33.2
1150.86 4.6
1158.70 2.2
1159.73 2.4
1163.75 6.9
1164.47 2.5
1174.36 2.1
1175.55 4.1
1176.73 134.0
1177.68 37.0
1180.03 1.4
1182.72 1.1
1186.48 1.3
1187.16 5.1
1189.06 1.1
1199.72 4.9
1202.91 4.6
1203.69 4.6
1205.00 5.7
1206.14 9.3
1207.07 1.6
1208.34 12.6
1210.63 1.1
1215.48 17.2
1220.52 2.7
1221.54 13.4
1222.71 5.1
1227.91 10.5
1228.62 3.0
1231.46 1.3
1233.67 2.6
1235.17 7.1
1236.37 4.3
1246.74 5.9
1248.89 3.8
1249.59 7.7
1250.85 2.8
1252.85 1.1
1253.71 1.3
1260.76 3.0
1261.85 3.8
1262.62 3.8
1263.85 31.8
1264.73 2.5
1265.54 1.1
1267.59 2.1
1271.64 11.6
1272.81 8.7
1273.84 4.0
1279.94 2.8
1280.62 3.7
1285.72 1.1
1287.86 3.9
1289.75 4.5
1302.35 2.7
1306.08 4.7
1319.56 7.1
1320.68 17.9
1330.55 4.5
1331.67 4.0
1343.93 5.0
1345.29 4.5
1347.71 3.1
1349.86 7.4
1362.07 2.8
1365.91 2.0
1379.82 1.2
1381.77 1.3
1384.27 4.0
1417.71 9.1
1422.76 3.1
1448.86 2.7
1449.55 1.8
1466.68 1.7
1467.29 1.4
1473.21 6.3
