1794.82085 2
258.40 2.7
276.22 10.7
279.10 2.5
284.31 2.4
296.53 1.8
298.28 1.9
299.07 3.7
300.27 7.6
311.17 4.0
312.66 1.7
322.13 6.5
323.26 1.5
342.14 3.5
344.30 3.9
350.32 1.9
351.54 1.8
360.38 1.7
367.94 3.8
372.33 6.7
373.45 3.2
375.71 6.4
379.88 10.4
382.37 1.3
386.39 3.3
387.19 3.3
389.11 5.5
390.43 6.9
392.16 1.3
393.23 3.8
395.29 7.6
396.22 4.1
400.27 5.5
405.50 3.9
408.21 1.1
410.34 5.0
412.34 8.6
413.02 2.0
414.46 2.1
415.13 1.6
424.30 2.4
426.27 4.6
428.18 2.9
429.13 18.8
430.54 10.6
431.37 1.1
433.54 2.7
434.16 1.0
438.20 1.6
441.23 3.7
442.96 2.1
447.31 190.6
448.26 21.7
449.33 3.3
458.21 1.6
460.10 1.7
466.28 2.8
474.11 1.8
475.51 13.6
476.33 3.0
477.29 1.3
478.84 1.0
482.35 2.3
485.50 5.6
487.83 5.6
488.95 4.2
493.65 5.2
494.55 2.6
499.58 3.0
500.47 1.8
505.48 9.4
512.14 5.4
513.31 2.2
514.36 4.3
515.51 5.0
516.38 2.4
517.07 5.2
517.81 1.8
519.27 1.7
520.42 6.7
523.46 2.0
524.50 2.1
526.45 5.2
527.16 6.1
528.04 3.1
530.48 8.0
536.30 5.2
538.19 7.2
541.93 1.0
545.21 10.9
547.23 11.2
548.34 1.3
551.01 1.4
553.47 3.2
556.22 7.9
557.38 6.5
558.47 12.8
559.11 1.1
560.09 2.4
562.39 2.9
563.36 7.3
565.35 7.1
567.48 5.5
568.36 3.4
570.25 12.8
573.25 3.7
576.13 6.6
580.34 4.7
581.26 7.2
582.42 1.3
583.52 3.8
585.12 1.9
586.23 10.5
587.28 5.5
589.16 16.3
590.12 5.7
590.92 6.8
591.53 7.1
592.27 2.6
594.62 2.4
597.26 2.5
597.98 1.4
599.23 9.1
600.00 4.1
603.39 2.6
604.37 1.9
607.38 1.2
610.28 2.5
612.20 1.8
613.66 9.7
614.31 1.7
617.47 4.0
618.21 8.2
619.12 5.0
620.65 7.4
624.61 1.9
626.38 3.4
627.42 2.7
628.33 4.0
629.40 1.2
633.40 95.8
634.57 22.3
637.32 15.6
638.17 2.1
639.49 3.1
643.27 2.1
644.48 6.7
646.49 8.0
647.18 9.0
649.29 9.0
650.26 1.7
653.21 1.9
655.28 6.0
656.54 10.2
657.31 1.7
658.44 3.2
659.39 3.2
660.24 6.8
661.25 2.8
662.15 8.2
664.17 1.5
665.29 8.2
667.27 7.6
668.50 1.4
669.35 2.3
670.42 9.8
671.47 3.8
672.39 5.8
673.39 9.4
674.39 3.3
675.18 7.0
676.41 6.0
678.66 3.9
681.37 10.6
684.10 4.8
685.38 1.1
686.21 7.7
687.13 16.7
688.55 11.6
690.39 300.1
691.50 74.7
695.60 2.0
696.91 1.2
698.48 12.9
699.47 7.0
700.39 2.0
702.16 4.3
705.40 2.1
706.15 3.6
709.46 10.3
710.32 2.2
711.44 3.4
712.06 2.9
714.74 13.3
715.66 3.1
716.48 1.9
717.27 4.4
718.22 6.0
720.62 6.1
721.68 1.4
722.42 5.6
724.15 4.2
725.54 5.4
726.26 2.8
727.35 2.1
728.53 7.6
729.55 13.3
731.21 29.9
733.29 6.0
734.47 4.4
736.29 1.4
736.99 1.8
738.32 9.3
740.14 1.4
741.41 6.4
743.01 2.4
743.66 13.3
745.59 6.8
746.26 7.0
747.16 8.5
749.00 1.5
749.61 7.6
750.25 6.2
751.55 9.0
753.35 1.7
754.57 3.7
755.46 13.8
756.37 19.4
757.48 8.9
758.29 20.3
759.46 59.9
760.35 53.1
761.64 12.2
762.41 11.2
763.75 14.3
764.63 4.1
765.67 5.1
766.56 11.0
767.60 13.9
768.44 7.3
769.56 16.1
771.42 15.3
772.45 2.3
773.45 11.1
774.43 49.0
775.32 19.5
775.96 7.6
777.40 874.0
778.47 225.0
780.33 5.1
781.36 1.3
782.62 7.8
784.56 88.5
785.50 7.5
786.24 4.1
787.22 2.4
788.41 3.7
789.28 6.8
790.14 9.3
791.33 7.5
792.29 12.0
793.26 2.5
796.13 2.9
797.30 15.5
798.31 2.4
799.50 16.7
800.37 12.5
801.47 2.6
802.94 3.5
804.12 6.9
805.58 3.9
806.65 1.0
809.09 12.5
809.76 15.9
810.44 4.4
811.93 1.6
812.73 15.8
814.09 10.8
815.93 39.9
816.81 7.6
817.62 6.4
818.86 11.1
819.54 5.5
820.23 10.1
821.01 24.2
822.99 16.4
824.30 9.5
824.94 2.6
825.90 14.0
826.71 5.7
827.31 1.9
828.30 1.6
829.71 36.7
830.77 32.8
831.64 23.6
832.49 14.8
834.35 7.5
835.35 9.3
836.45 20.2
837.27 10.2
838.50 4.5
839.40 9.9
840.60 6.0
841.67 14.3
842.60 15.9
843.71 20.1
844.64 18.2
845.53 17.0
846.73 2.0
847.37 2.1
848.48 13.2
850.41 32.5
851.54 30.0
852.41 16.5
853.75 26.0
854.55 12.0
855.59 10.9
856.45 23.3
857.70 23.9
859.06 53.3
859.99 34.9
861.09 16.9
862.40 35.4
863.30 4.9
864.68 11.4
865.53 28.1
867.16 38.0
869.53 86.0
870.60 31.4
871.60 47.0
872.53 103.7
873.46 22.2
874.36 25.0
875.35 33.2
876.46 42.2
877.51 71.6
878.47 27.6
879.77 196.9
880.65 241.4
881.95 36.5
882.86 19.4
883.93 25.0
884.70 1.1
886.26 41.3
887.36 10.9
888.77 3.2
890.58 2.2
897.67 2.6
898.84 1.6
905.33 5.7
906.39 8.7
911.08 5.0
912.47 1.6
913.43 4.1
915.44 3.5
918.90 5.0
919.70 5.5
925.86 1.1
928.00 5.4
928.61 1.1
929.28 7.1
930.21 10.8
930.84 2.3
932.37 13.7
933.56 5.3
934.41 7.0
938.49 7.0
939.48 5.7
942.96 7.0
945.59 6.6
947.25 1.1
948.26 5.3
948.90 7.4
952.86 26.2
955.38 16.9
956.19 18.2
957.33 5.9
963.70 3.7
964.51 5.7
966.43 2.4
967.42 6.2
968.60 2.6
972.37 6.9
973.51 19.2
974.36 19.4
976.34 5.5
981.41 5.9
982.56 46.6
983.34 9.0
984.67 17.9
986.44 15.7
988.14 12.4
988.78 10.0
990.46 33.4
992.40 12.3
993.50 2.7
996.24 3.7
997.18 4.5
998.50 4.4
1000.38 294.8
1001.51 70.6
1003.64 94.4
1004.66 28.1
1005.31 13.3
1006.25 1.6
1009.78 13.6
1011.47 3.0
1012.55 3.5
1013.42 4.3
1015.16 3.8
1015.86 2.7
1018.37 118.7
1019.38 30.6
1020.66 5.7
1022.52 6.8
1023.93 16.1
1025.45 16.9
1028.49 3.0
1029.16 23.2
1030.61 12.1
1031.22 17.2
1032.65 6.3
1033.53 15.1
1034.47 2.9
1035.58 8.8
1036.45 3.1
1037.07 9.3
1038.24 4.8
1040.28 4.2
1041.16 6.3
1043.63 2.9
1046.57 3.4
1047.47 26.9
1050.71 21.7
1051.55 3.3
1052.43 9.6
1053.13 3.1
1054.61 1.4
1055.57 1.8
1056.53 1.6
1057.44 2.2
1059.67 2.0
1060.94 26.3
1061.72 1.7
1064.70 9.4
1069.27 20.9
1070.20 12.6
1077.81 1.6
1087.49 51.9
1088.59 12.6
1089.55 3.6
1091.57 1.7
1095.67 1.4
1098.45 1.8
1099.10 9.8
1100.06 10.8
1100.84 1.0
1101.71 2.4
1103.21 2.5
1105.54 45.7
1106.36 11.5
1108.30 6.2
1109.62 3.6
1111.07 10.7
1112.00 11.1
1113.18 3.9
1115.23 8.6
1117.39 3.8
1118.78 5.7
1119.81 2.8
1121.71 1.3
1122.82 6.0
1124.95 1.9
1126.53 11.7
1133.59 10.1
1136.66 2.1
1138.43 7.6
1139.27 10.9
1140.22 3.6
1144.56 41.3
1145.97 51.9
1146.91 27.1
1148.40 2.7
1150.49 1.5
1152.83 8.6
1158.49 2.8
1159.57 3.2
1160.74 7.2
1162.66 13.7
1163.62 1.9
1165.89 4.4
1168.73 2.8
1170.93 7.2
1172.09 5.7
1172.79 11.1
1173.63 7.3
1177.37 1.2
1183.72 2.1
1190.83 7.6
1192.94 6.2
1193.98 7.2
1194.71 11.1
1200.90 5.3
1201.62 10.9
1202.44 15.0
1203.54 10.0
1204.92 6.2
1206.33 5.3
1209.02 2.6
1211.41 23.7
1212.58 9.3
1213.76 4.2
1215.64 8.8
1216.27 3.6
1217.31 6.6
1220.17 3.3
1220.98 49.2
1222.55 1.3
1228.37 3.6
1229.46 2.8
1230.54 3.8
1232.26 7.9
1233.32 2.7
1238.87 10.4
1239.67 6.3
1242.62 8.1
1244.21 1.9
1244.84 11.2
1248.19 5.4
1254.60 6.8
1259.27 2.7
1261.86 9.8
1267.40 4.9
1268.55 5.9
1269.22 1.8
1273.53 11.2
1277.56 4.9
1279.33 7.3
1280.24 5.6
1281.20 5.9
1284.87 1.1
1289.18 32.4
1289.87 17.8
1292.47 1.8
1294.15 6.5
1294.83 3.3
1297.22 17.0
1298.06 4.6
1300.83 4.9
1302.11 1.7
1303.88 2.7
1305.50 2.0
1308.41 5.2
1312.68 32.2
1313.42 1.0
1318.23 8.9
1318.90 1.4
1320.52 5.8
1321.43 2.1
1330.49 115.6
1331.52 40.4
1344.26 4.0
1348.48 56.0
1349.63 43.6
1372.16 2.6
1376.78 4.1
1377.66 1.5
1387.65 4.2
1388.46 4.9
1404.74 4.0
1405.72 12.0
1411.55 1.7
1413.95 5.4
1432.52 2.7
1446.81 5.5
1457.68 1.9
1466.00 1.7
1489.44 5.8
1494.64 1.8
1502.65 9.8
1503.90 2.9
1510.52 2.8
1519.66 11.5
1522.82 4.2
1531.25 4.0
1535.54 1.4
1537.14 2.4
1549.06 3.6
1551.77 7.0
1559.05 1.9
1562.93 3.2
1567.99 11.3
1584.81 6.0
1590.92 1.7
1600.50 1.4
1602.78 8.1
1620.85 17.4
1621.68 7.4
1623.58 1.5
1626.75 1.7
1636.45 6.0
1639.53 2.2
1679.83 5.5
1693.28 1.6
1797.25 2.9
