824.50127 2
118.25 1.2
119.12 2.5
121.16 2.6
123.17 4.6
124.19 2.5
125.95 4.5
128.16 161.5
129.14 7.2
130.07 8.3
131.10 6.3
133.25 3.7
134.13 1.5
135.00 4.3
136.31 10.5
137.00 4.1
138.21 3.7
140.59 5.4
141.28 5.5
143.24 9.0
144.13 3.6
145.23 23.3
146.16 19.0
146.97 9.1
147.81 4.8
149.14 6.2
151.17 4.1
153.17 6.9
155.28 19.7
156.24 67.4
157.18 58.9
158.21 16.0
159.98 10.9
160.79 2.4
162.11 19.4
163.13 3.3
164.23 1.3
165.09 2.8
166.15 2.2
167.16 5.4
168.03 2.4
171.01 67.0
171.88 1.9
173.03 12.6
174.12 3.6
175.20 28.6
176.20 10.6
177.12 12.3
178.10 4.4
179.06 2.5
180.09 5.1
181.31 7.2
183.33 31.4
184.24 136.7
185.23 18.3
186.13 20.2
187.20 7.6
189.12 74.1
189.93 5.0
191.14 10.1
193.17 5.3
193.92 5.0
195.16 3.4
196.20 5.1
197.16 4.2
197.96 6.8
199.19 31.3
200.05 18.6
201.09 10.6
202.30 7.1
203.06 12.4
204.07 3.4
205.31 6.0
206.20 6.2
207.12 3.2
208.13 16.6
209.08 14.5
210.14 559.8
211.26 43.7
212.21 26.9
213.30 9.4
214.05 3.8
215.13 28.9
216.28 2.6
217.22 22.3
218.18 2.7
219.31 11.8
220.10 5.0
221.20 2.0
222.00 5.2
223.08 1.8
224.31 1.2
225.24 17.7
226.14 20.3
227.13 6.2
228.16 6.4
229.94 14.3
231.15 17.9
232.08 31.4
233.14 49.0
234.10 65.5
235.09 54.1
236.23 46.2
237.27 33.2
238.26 11.6
239.29 25.3
240.17 18.4
241.93 14.5
243.23 2.2
244.14 1.2
245.07 8.0
246.30 8.8
247.22 10.4
248.18 4.1
249.38 12.9
250.25 19.6
251.28 23.4
252.17 13.8
254.20 371.4
255.17 58.3
256.16 15.1
258.37 10.1
259.08 11.6
260.15 5.7
262.09 6.7
263.14 10.7
264.19 13.8
265.41 10.3
266.06 32.1
267.18 30.4
268.07 67.9
269.15 26.8
270.00 36.0
270.98 8.3
272.18 119.1
273.12 12.7
274.19 9.5
275.10 3.4
276.02 17.0
277.10 25.7
277.97 9.1
279.03 8.8
279.94 4.8
281.22 8.1
282.22 3.3
283.27 18.0
284.09 25.5
285.15 8.8
286.23 38.0
287.14 67.6
288.20 47.6
289.17 64.7
290.18 17.0
291.21 3.7
292.15 11.0
293.38 11.3
294.14 7.4
295.12 14.8
296.01 6.9
297.07 17.3
298.02 35.9
299.18 29.8
300.10 17.3
301.23 412.1
302.30 5.4
303.28 15.1
304.95 15.5
306.32 153.7
308.24 11.3
309.14 24.6
310.13 27.8
311.25 31.3
312.27 32.9
313.31 5.7
314.21 8.6
315.20 5.6
316.14 14.2
317.49 9.2
318.15 9.6
318.91 60.7
320.10 31.1
321.17 66.7
322.17 49.9
323.07 51.4
324.05 48.2
325.18 142.6
326.09 14.8
327.82 1960.8
329.37 18.5
330.23 12.1
331.46 9.8
332.37 16.6
333.45 13.1
334.33 1.7
335.27 11.6
336.27 19.9
337.47 15.1
338.26 12.9
339.25 22.2
340.30 20.0
341.54 21.8
342.48 1.9
343.15 12.2
344.08 11.5
346.81 9.3
347.68 3.7
348.40 5.5
349.38 11.7
350.32 14.5
351.15 39.0
351.99 10.4
353.16 136.2
354.18 76.6
355.16 30.5
356.42 21.6
357.32 21.8
357.99 60.6
359.21 149.3
360.41 20.5
361.23 4.1
362.29 25.2
363.43 405.7
364.48 8.2
365.13 1.5
366.23 22.5
367.26 38.1
368.16 41.3
369.21 26.8
370.22 62.4
371.17 25.8
372.03 11.0
374.97 1.7
376.42 33.0
377.34 54.8
378.17 41.6
379.42 20.8
380.38 9.5
381.38 24.8
382.61 14.6
383.31 13.7
384.22 28.2
385.34 70.9
386.33 11.6
388.31 10.2
389.36 59.3
391.34 498.9
392.27 4.6
394.18 359.5
395.18 402.1
396.27 77.0
397.22 2.9
398.73 10.5
399.62 2.9
400.74 11.9
403.65 133.5
404.38 77.4
412.55 8.8
421.34 1.6
422.01 4.0
424.61 5.5
425.29 1.9
427.88 6.0
430.15 28.7
432.21 1.9
437.32 4.0
438.75 8.6
440.13 29.8
441.23 1.3
450.31 1.0
454.19 9.0
458.49 26.6
459.23 2.9
465.72 6.0
467.82 4.8
470.62 2.3
472.32 476.9
473.41 96.7
474.35 4.4
480.73 2.0
482.27 17.8
484.72 5.3
486.32 4.6
487.47 10.3
488.60 9.0
495.88 2.1
498.30 4.5
499.30 3.4
506.31 3.4
507.40 10.9
508.30 4.0
509.37 1.7
516.62 1.5
517.40 7.2
518.84 3.9
525.43 7.9
526.52 3.8
534.97 1.3
535.66 12.3
537.54 5.6
542.27 3.3
544.93 6.9
545.94 5.9
547.41 8.6
548.34 8.3
549.16 3.2
550.73 2.6
553.38 63.3
554.32 23.2
555.29 3.0
558.25 7.4
560.27 2.9
561.82 15.8
565.49 1.3
566.20 1.8
571.42 845.7
572.42 183.6
580.06 2.9
581.35 8.5
583.15 1.7
590.54 1.8
594.44 2.1
597.63 8.9
601.40 4.2
603.29 4.6
604.47 1.3
605.33 3.6
606.58 1.2
607.73 6.8
611.45 42.6
612.12 10.4
613.56 2.6
619.20 1.3
622.19 2.7
627.20 1.1
632.53 2.2
633.38 4.1
635.40 2.9
638.24 1.6
643.59 1.7
650.17 2.1
652.83 4.3
654.41 5.1
657.95 3.5
664.30 4.1
667.24 5.0
677.25 3.0
681.39 5.1
682.47 18.6
683.45 3.9
684.60 3.5
685.57 7.8
691.47 1.7
693.34 3.8
696.20 3.8
697.65 19.2
698.57 13.9
710.45 3.2
712.79 1.5
713.50 2.0
722.17 4.6
725.60 40.4
726.56 16.1
729.37 3.1
740.22 1.2
741.46 1.1
748.32 2.0
753.35 4.4
754.50 3.1
760.40 4.8
761.72 2.2
768.66 2.6
777.39 15.5
782.26 3.5
831.71 2.4
834.30 6.0
