695.5078599999999 2
99.28 2.2
100.43 3.2
103.37 2.6
104.56 2.6
105.23 11.2
106.96 4.7
108.20 3.0
109.14 4.8
110.23 20.0
111.22 24.7
112.23 13.8
113.01 4.0
114.11 43.7
115.48 15.8
116.23 25.4
117.15 2.6
118.30 2.0
119.20 18.5
120.01 8.8
121.14 13.8
122.25 6.9
123.26 5.8
124.11 1.5
125.07 15.1
126.11 3.7
128.08 535.4
129.20 67.1
130.09 363.2
131.19 11.4
132.15 15.9
133.16 22.3
134.12 15.8
135.09 10.4
136.08 4.7
137.16 3.6
138.23 15.7
139.12 5.8
140.05 4.3
141.26 4.9
142.19 4.0
143.14 6.3
144.18 8.8
145.24 2.6
146.10 26.2
147.27 5.5
148.19 5.3
149.39 4.9
150.35 7.5
151.23 12.6
152.34 7.9
153.27 11.7
154.12 12.6
155.11 8.1
156.22 91.9
157.21 16.7
158.20 3.4
159.23 7.4
160.25 43.2
161.21 85.8
162.11 93.0
163.08 9.2
164.08 37.3
165.13 16.8
166.19 11.9
167.22 14.2
168.09 9.7
169.07 6.6
170.24 5.3
171.12 4.5
172.05 4.6
173.08 14.4
174.17 644.1
175.27 29.3
176.19 12.7
177.26 2.8
178.20 22.4
179.22 27.0
179.90 5.9
181.22 2.7
182.26 14.0
183.11 1.8
184.18 3.4
185.02 12.0
186.48 8.5
187.30 15.6
188.21 11.0
189.21 16.7
190.35 18.4
191.14 15.2
192.20 70.7
193.33 12.9
194.11 19.9
195.13 16.8
196.19 24.4
197.21 22.6
198.28 29.6
199.29 10.6
200.21 9.8
201.13 15.0
202.13 25.1
203.15 19.4
204.37 11.2
205.36 12.8
206.12 13.7
207.24 34.4
208.29 27.2
209.16 50.0
210.21 157.4
211.14 28.0
212.23 29.9
213.22 15.5
214.16 23.1
215.19 181.3
216.15 6.6
217.23 15.1
218.52 62.6
219.43 4.4
220.14 11.2
221.15 25.8
222.03 11.3
223.22 8.9
224.32 27.9
226.15 364.3
227.25 284.4
228.24 241.8
229.22 325.2
230.20 13.9
231.14 20.5
232.21 13.0
233.21 11.8
234.11 36.2
235.32 22.8
236.15 28.9
237.28 5.2
238.49 11.5
239.27 5.8
241.15 18.4
242.29 23.6
243.21 57.8
244.30 63.8
245.31 29.2
246.21 35.3
247.20 7.5
248.21 20.3
249.12 17.0
250.18 38.0
251.16 9.3
252.48 10.5
253.60 16.5
254.53 2.2
255.21 13.9
257.24 9.2
258.25 12.4
259.02 17.2
260.24 40.4
261.98 55.4
263.28 62.4
264.26 35.5
265.20 15.7
266.35 37.9
267.26 56.3
268.18 44.7
270.20 44.4
271.11 22.3
272.05 25.8
272.98 33.0
274.23 31.1
275.19 32.0
276.25 540.9
276.95 78.3
278.21 31.7
279.06 1.1
280.35 34.8
282.15 619.4
282.87 98.4
284.65 217.7
285.54 33.8
286.27 32.6
287.51 41.3
288.25 172.4
289.34 35.9
290.78 1006.9
292.23 51.4
293.17 7.3
294.22 33.2
295.29 14.6
296.69 17.0
297.32 6.6
298.35 1.5
299.84 35.1
301.13 7.5
302.23 78.2
303.33 40.7
304.32 49.9
305.37 46.2
306.30 35.2
307.19 17.3
308.08 9.3
309.11 1.2
310.40 2.0
311.08 4.6
312.19 175.8
313.16 130.3
314.08 15.9
315.07 21.4
316.40 91.4
318.02 44.5
319.17 20.9
320.31 97.0
321.23 14.7
322.43 1.4
324.37 147.5
325.40 30.1
326.27 8.7
327.03 7.1
328.10 1.0
329.01 2.1
330.19 2725.2
331.03 1306.8
332.24 37.8
333.30 65.7
334.25 11.9
336.33 38.7
337.32 184.0
339.66 7301.7
340.34 553.1
341.18 14.7
342.28 44.0
343.45 17.1
344.35 6.5
348.04 4.1
352.04 1.0
354.83 12.0
355.52 2.4
358.41 14.8
359.50 8.0
364.37 4.1
376.66 5.5
383.47 1.9
391.71 8.5
395.55 1.3
396.17 4.7
397.36 1.2
399.27 3.9
410.08 9.3
417.94 9.9
424.14 3.3
433.36 18.6
434.38 11.7
436.30 45.3
437.55 5.9
438.37 4.6
440.34 1.5
441.66 4.1
444.30 2.6
451.34 239.1
452.41 117.9
453.40 205.1
454.49 22.0
455.12 2.2
458.28 1.9
459.44 2.4
461.16 2.5
463.60 1.3
464.41 1.2
467.40 29.8
468.33 34.1
469.57 31.2
470.41 426.0
471.43 28.8
480.31 3.7
484.22 3.6
484.82 4.6
489.14 18.0
490.32 10.5
497.35 3.7
501.27 2.2
504.26 1.2
517.54 3.6
518.52 4.1
519.37 18.0
520.49 15.3
534.29 1.4
536.24 2.8
544.24 1.1
545.40 3.0
549.24 6.0
550.35 8.2
562.69 43.1
563.38 387.8
564.46 45.1
565.31 5.5
568.60 54.6
569.40 5.8
572.28 5.8
577.02 3.0
578.45 1.8
580.42 1026.9
581.57 100.4
582.55 8.0
593.35 2.5
595.24 1.8
672.61 3.4
674.53 3.0
