914.50524 2
136.27 7.6
137.09 6.6
137.99 2.5
139.13 2.2
140.09 10.9
141.25 7.9
143.02 4.9
144.20 6.5
151.09 6.5
152.13 7.9
157.08 51.3
158.20 24.9
159.16 2.0
160.22 5.2
161.92 5.4
166.10 7.7
167.19 12.7
169.07 5.5
171.16 6.5
172.43 17.1
173.13 2.7
174.15 5.6
175.18 61.2
177.14 2.0
178.13 7.4
179.24 23.3
180.37 8.7
181.24 6.7
182.06 2.7
185.19 36.3
186.40 5.9
187.16 2.3
191.32 2.7
192.17 1.9
194.81 8.1
196.25 10.5
197.19 7.1
198.19 4.3
199.12 6.0
201.28 8.2
203.16 14.7
204.24 2.4
205.35 5.2
206.45 3.4
207.10 6.3
209.13 26.4
210.03 2.9
212.18 11.4
213.31 5.1
215.13 12.7
218.90 2.2
221.32 56.2
225.15 7.8
226.30 12.0
227.19 6.9
229.03 14.5
231.21 39.5
232.12 27.9
233.24 2.6
234.08 4.1
236.98 7.3
238.74 5.6
240.14 2.8
243.23 10.6
244.25 2.9
246.20 10.8
247.30 16.1
249.19 505.6
250.14 87.7
251.13 24.9
251.87 22.9
253.46 15.8
254.35 3.5
255.17 3.1
256.37 5.6
257.19 1.7
258.23 9.0
259.23 2.8
260.27 4.9
261.17 7.5
262.22 7.9
263.86 37.0
265.41 5.4
266.31 5.2
269.64 15.0
270.36 12.8
271.10 4.6
272.21 29.9
275.08 9.3
276.05 3.8
278.92 7.7
280.08 19.3
281.34 3.5
287.93 16.2
289.08 5.0
290.11 15.8
292.36 1.8
294.20 33.0
295.43 6.8
296.24 15.8
297.23 11.0
298.24 8.5
299.35 12.8
300.20 14.0
301.43 3.0
303.33 6.6
304.10 14.9
305.11 11.3
306.10 2.6
308.19 12.0
310.48 2.2
311.16 8.4
312.39 9.5
314.23 5.2
315.23 9.5
316.30 17.0
317.03 2.5
318.27 19.1
319.48 7.3
320.10 1.7
322.24 2419.7
323.26 436.1
324.32 28.6
325.20 2.8
326.23 28.8
327.23 8.8
328.38 15.5
329.32 4.0
330.27 3.0
331.18 2.1
333.42 11.9
334.53 17.0
336.24 5.9
336.87 13.9
340.27 21.3
342.36 8.8
343.52 33.5
344.26 60.0
345.32 17.2
346.25 29.0
347.37 12.4
348.04 2.8
349.96 15.9
351.19 1.7
352.44 19.4
353.24 8.3
354.52 12.4
355.94 8.1
358.66 10.8
360.18 2.2
362.28 180.5
363.59 34.9
364.98 54.4
365.99 25.5
367.48 16.9
368.24 33.9
369.24 38.8
370.33 25.5
371.29 10.7
372.23 11.4
374.81 77.5
375.56 30.8
376.46 19.7
377.16 3.8
378.45 3.2
379.37 12.4
379.99 25.1
381.09 40.9
383.90 4.6
384.61 55.2
385.33 54.7
386.23 25.7
388.79 101.0
390.02 13.9
391.13 16.7
393.73 84.9
394.65 30.3
395.37 23.0
396.37 45.2
397.68 14.4
398.56 13.7
399.42 16.1
400.28 10.1
400.95 2.3
402.52 269.8
403.45 51.2
404.88 47.4
405.94 175.4
407.17 38.5
408.28 28.6
410.02 20.0
411.47 12.1
413.14 80.0
414.53 28.1
415.36 10.2
416.44 174.7
418.97 360.4
420.13 13.4
421.12 91.7
422.34 15.2
425.41 625.5
426.65 417.7
427.92 3007.3
428.85 158.1
430.18 21.9
431.19 49.4
432.56 4.9
433.91 79.5
435.03 275.5
435.97 1633.2
437.28 330.8
438.40 66.3
439.59 773.8
440.34 377.0
441.04 54.9
442.83 379.3
443.44 120.8
448.58 11474.6
449.40 2032.7
450.63 44.1
452.61 11.9
454.37 13.9
464.28 1.7
465.29 6.1
467.38 1.7
472.24 26.0
472.86 3.2
477.27 56.1
478.55 11.0
479.49 17.0
480.76 7.6
483.05 32.0
484.12 6.2
486.74 3.1
494.39 7.6
501.78 11.2
503.14 3.9
508.33 33.3
509.15 20.3
510.33 20.9
512.17 5.7
515.93 6.2
519.36 4.6
520.23 8.9
521.24 2.9
525.89 3.1
528.35 51.9
529.59 20.0
530.45 1.7
531.08 4.2
534.21 19.6
535.21 2.7
536.94 4.2
538.44 5.0
546.11 4.3
547.31 13.1
549.31 5.3
552.27 787.6
553.28 266.1
554.39 35.1
556.33 12.4
557.34 15.2
558.01 1.9
564.45 7.4
569.58 3.9
571.49 38.7
572.74 5.1
574.23 702.9
575.28 290.1
576.29 58.2
582.93 12.6
585.33 1.8
587.03 3.8
592.25 1109.9
593.30 253.4
594.41 91.1
600.68 19.3
601.41 4.1
603.39 14.9
605.47 3.7
607.50 4.9
612.58 10.8
615.19 7.6
621.43 15.9
622.65 26.6
624.97 5.1
626.33 3.6
630.21 25.1
641.36 6.4
643.44 14.6
648.44 3.8
657.27 5.9
658.56 2.0
660.59 6.3
663.55 4.2
665.31 902.0
666.40 314.8
667.46 34.3
668.79 4.2
669.50 3.4
672.52 43.9
675.65 8.0
676.44 10.6
677.56 2.6
681.81 8.1
682.51 3.4
683.19 5.9
685.63 3.3
686.34 4.5
691.46 5.3
692.57 10.0
693.32 15.2
694.36 9.4
700.42 5.1
702.79 12.7
710.23 3.1
711.23 2.0
713.61 9.0
714.52 7.9
718.51 8.8
719.63 8.4
720.51 11.0
721.48 16.8
722.64 12.2
725.43 4.8
729.44 14.9
732.56 5.9
736.53 123.8
737.61 43.4
739.40 6.3
740.46 40.4
741.86 11.7
743.50 1.8
748.42 18.5
749.40 21.7
750.47 3.2
751.78 4.5
753.69 11.1
757.51 7.1
758.49 91.1
759.40 17.5
761.35 8.8
766.59 63.3
767.61 10.8
769.64 2.7
770.64 7.3
771.72 6.4
772.73 6.2
776.47 105.3
777.48 55.0
778.42 23.0
782.63 6.5
784.70 2.6
787.12 8.3
788.63 28.9
789.72 52.1
790.45 7.2
796.41 3.1
798.37 3.8
802.86 3.3
803.53 8.5
805.40 4.5
806.35 16.2
812.59 7.7
814.50 28.8
830.58 14.4
831.76 92.5
832.51 264.9
833.59 216.0
834.52 38.5
848.51 26.4
849.69 1.9
850.50 9.8
851.75 5.1
857.39 22.1
858.53 14.5
863.11 12.5
863.73 2.9
874.50 146.6
875.58 228.8
876.82 61.1
877.88 2.6
892.62 109.7
893.68 68.2
