1241.51824 2
175.02 2.9
183.15 2.6
215.93 2.0
223.91 1.2
230.14 2.4
247.83 1.6
249.26 1.1
254.41 9.4
261.34 3.4
272.17 3.2
281.21 2.0
287.28 5.8
288.17 9.8
299.25 4.3
307.32 1.7
309.00 4.4
310.26 1.1
320.44 3.2
324.26 7.1
327.23 1.6
328.43 2.4
339.45 5.6
340.30 3.6
343.31 1.1
357.50 1.8
375.28 1.6
376.19 3.3
390.48 1.9
392.30 5.6
392.97 1.1
405.84 5.4
406.95 1.1
409.25 1.9
432.28 2.5
435.01 2.4
438.55 4.5
439.46 2.5
441.15 1.7
446.03 5.1
450.57 3.1
470.48 2.5
471.58 1.1
477.34 2.1
483.66 5.9
484.98 20.3
485.84 3.7
487.38 1.4
490.45 13.0
493.29 5.5
500.13 3.9
501.41 3.4
503.19 6.8
505.89 9.7
507.00 1.7
509.09 1.3
510.73 7.8
512.21 3.0
514.66 5.6
521.54 5.7
523.71 18.5
524.48 6.2
525.91 7.6
526.77 4.9
527.42 7.8
528.74 14.8
529.69 20.1
533.49 18.6
537.16 5.7
538.79 15.3
539.90 13.2
540.64 3.3
542.29 22.2
542.92 7.3
547.35 15.3
548.35 101.5
549.11 3.7
552.11 7.9
554.97 39.2
557.41 1437.8
558.40 17.3
560.69 6.7
561.91 5.4
563.25 13.9
563.90 14.2
567.22 2.4
568.92 27.9
572.55 5.1
580.26 6.6
582.45 6.1
587.25 7.9
588.13 29.1
588.77 2.1
590.81 3.9
592.83 6.5
594.33 21.4
595.01 3.7
595.85 12.6
597.19 52.9
599.23 19.7
599.96 13.8
600.78 8.0
603.23 125.6
603.97 16.3
604.61 13.3
605.31 1.1
606.44 11.7
608.75 17.7
610.27 4.0
611.08 6.7
612.20 217.3
613.05 12.9
613.67 6.1
633.21 2.9
663.29 6.4
674.10 12.9
682.63 3.0
692.39 1.1
696.77 2.4
700.29 3.9
709.38 4.3
713.25 2.4
714.49 13.3
715.52 5.5
734.37 1.7
738.23 3.7
739.56 5.8
740.57 7.0
741.52 9.6
747.59 5.7
752.13 9.8
754.30 1.8
755.73 4.9
756.62 1.4
759.50 1.9
785.40 4.8
786.97 4.1
791.66 2.9
797.07 3.3
807.54 4.2
815.35 1.6
819.73 1.3
830.62 2.2
833.43 15.9
837.51 5.7
840.06 2.1
847.65 2.8
852.46 2.3
853.49 4.7
856.18 1.6
866.60 4.5
875.29 2.6
890.37 11.5
905.45 2.7
909.32 3.6
917.24 6.8
918.56 2.0
920.58 7.1
934.71 1.4
935.70 3.9
936.32 4.6
937.33 7.4
938.66 9.2
967.18 1.9
975.53 2.1
977.72 2.8
980.16 4.0
981.42 2.5
991.47 1.8
999.79 2.7
1014.76 1.4
1015.57 2.8
1025.74 1.4
1056.73 3.5
1057.62 2.3
1074.63 1.6
1083.20 1.9
1091.47 39.4
1092.52 22.2
1093.43 2.3
1170.34 2.7
1202.96 15.7
1219.27 2.1
1219.90 2.8
1220.53 2.3
