1235.53166 2
175.36 7.3
185.30 1.7
189.06 17.4
197.37 5.1
198.05 1.3
201.98 7.0
203.29 2.4
207.26 122.0
208.35 1.1
209.10 1.2
210.22 3.0
214.25 5.5
215.16 1.5
216.28 3.8
217.09 52.3
218.15 7.4
219.03 2.5
221.85 4.2
224.23 2.4
226.22 21.9
228.14 7.1
228.98 4.2
235.15 112.7
236.19 8.4
238.22 2.4
241.09 1.8
242.11 2.3
244.21 27.9
245.09 1.5
245.84 1.1
246.59 2.6
247.36 2.2
248.99 1.9
250.33 5.8
251.36 1.9
252.15 5.3
253.51 8.6
254.12 1.3
256.18 15.5
257.13 1.6
259.21 21.0
260.24 6.5
262.24 84.1
262.99 11.8
265.06 10.2
268.95 9.0
272.17 5.1
273.27 1.6
274.12 9.2
277.23 4.8
278.10 7.2
282.32 1.2
283.13 2.5
284.12 4.0
286.11 56.2
287.06 34.8
288.05 3.8
290.13 21.9
291.35 1.9
292.42 2.3
295.11 1.0
296.37 1.4
301.23 4.8
302.33 4.2
304.23 97.4
305.21 13.3
306.26 2.8
307.96 11.8
311.44 3.7
312.13 2.2
313.18 8.8
314.16 5.4
315.28 5.8
316.35 7.3
317.34 6.4
319.28 10.0
322.06 16.0
323.01 3.2
324.12 1.7
325.23 1.3
326.34 1.6
327.33 1.5
328.33 3.1
329.20 1.7
331.50 1.6
332.22 5.7
333.14 5.4
335.11 5.0
337.49 5.4
338.53 11.4
339.15 3.6
341.29 3.8
342.31 9.3
344.30 2.8
345.11 5.8
346.23 8.9
347.46 1.4
349.22 53.3
350.33 7.0
353.29 11.3
355.29 10.5
356.26 5.3
359.49 3.1
361.35 9.4
363.06 49.6
364.23 10.2
365.13 3.0
366.13 1.9
368.17 1.9
370.31 4.6
371.27 5.7
373.27 47.9
374.46 11.5
375.17 7.0
376.84 7.2
379.19 9.3
380.32 3.7
381.32 8.1
386.36 3.4
387.53 6.4
388.30 14.3
389.25 3.1
390.04 7.5
391.26 108.6
392.27 9.7
393.54 4.3
394.83 5.6
395.51 3.3
396.48 4.7
397.12 5.0
397.88 1.9
400.28 4.5
403.15 5.8
404.00 2.7
405.42 145.1
406.22 134.9
407.09 49.6
407.69 4.9
409.31 19.5
410.14 4.7
412.30 2.5
414.19 26.4
415.13 24.8
416.34 6.1
417.25 2.5
418.27 7.1
419.24 21.7
420.44 12.3
422.33 8.6
424.00 10.5
425.17 64.6
426.23 17.2
428.16 3.1
429.27 2.6
430.21 9.9
431.33 2.0
432.47 20.1
433.43 15.6
434.39 2.7
436.12 5.3
438.13 2.3
439.91 1.0
440.58 2.7
442.11 90.7
443.10 39.1
444.38 7.7
445.30 10.0
446.24 37.5
447.17 15.6
449.02 37.5
449.99 10.2
450.65 13.6
451.40 9.7
454.29 14.2
454.95 1.2
457.51 22.8
458.37 10.2
460.27 128.7
461.30 26.7
463.25 345.2
464.34 66.6
465.62 11.3
467.88 1.7
468.84 16.6
471.33 11.0
472.25 11.1
473.29 6.1
474.20 89.8
474.89 41.3
478.07 139.7
479.25 27.6
481.38 6.0
482.24 50.5
483.42 1037.3
484.39 6.0
485.22 7.5
487.15 4.5
489.19 18.5
490.32 13.4
491.24 9.0
492.39 720.7
493.31 5.3
494.30 2.6
496.25 30.8
497.23 11.6
498.15 13.0
499.36 32.7
500.23 39.6
501.42 291.6
502.61 18.8
503.36 6.1
503.97 17.7
506.30 20.1
507.22 23.7
508.21 3.4
509.41 1.4
511.07 1.2
513.08 14.0
514.22 6.3
515.24 23.4
516.46 12.4
517.31 74.8
518.30 44.5
520.29 1463.9
521.38 255.9
522.07 7.9
522.75 1.3
523.97 32.0
525.49 19.7
526.72 32.7
527.40 33.3
528.53 4.1
532.19 4.9
533.07 16.4
534.29 13.4
535.39 55.7
536.26 27.5
537.33 2.9
538.50 7.9
539.32 1.4
540.68 12.9
542.21 21.6
543.55 1.1
544.93 119.2
549.81 28.1
551.30 24.3
552.30 24.5
553.30 22.2
554.35 11.7
556.46 2.9
559.74 19.1
560.44 14.4
561.78 3.0
563.29 1.2
565.63 19.9
566.55 3.2
567.72 4.5
569.06 17.0
572.76 15.0
573.98 17.1
575.07 10.2
576.59 3.8
577.32 1.9
578.05 10.9
579.01 9.5
579.99 18.2
581.44 7.8
582.39 77.9
583.24 21.2
584.52 6.1
586.04 27.3
587.04 20.1
588.39 13.8
590.05 4.9
591.48 399.2
592.32 6.2
593.39 30.6
594.38 38.7
595.05 36.2
596.26 7.8
598.76 4.8
600.48 1843.3
601.31 72.2
602.70 1.9
605.48 5.8
606.98 3.0
608.29 3.5
609.37 257.8
629.54 6.3
632.44 6.6
634.28 6.5
635.30 13.3
636.21 7.4
637.91 4.9
640.32 4.7
641.34 6.2
644.29 30.1
645.34 20.5
646.26 1.4
647.35 7.7
651.44 9.3
652.40 8.9
653.27 12.4
657.23 5.2
662.17 73.8
663.40 39.3
664.25 4.9
665.47 4.0
666.54 1.3
668.31 4.9
670.58 11.3
671.39 13.3
680.22 229.6
681.41 82.3
683.29 515.1
684.40 120.9
685.64 5.1
686.45 1.3
688.44 15.1
692.32 4.8
695.42 2.3
696.37 1.2
698.29 138.1
699.32 43.4
701.26 1.3
702.45 10.1
704.54 14.0
705.38 13.8
706.52 2.8
709.56 4.3
710.39 5.0
716.31 91.7
717.23 19.2
719.39 14.2
720.57 13.0
722.28 21.7
723.30 13.9
725.53 1.8
737.29 78.3
738.38 24.6
740.37 1189.8
741.40 364.2
742.00 1.2
745.68 5.0
747.46 2.6
753.71 1.2
755.41 38.5
756.49 28.7
758.47 3.9
759.28 6.8
759.97 6.7
764.07 3.0
773.32 38.7
774.35 1.2
776.01 9.3
777.14 3.0
778.01 2.2
778.64 2.1
780.53 9.1
782.16 3.3
784.61 8.0
790.58 2.4
792.53 5.6
794.34 28.8
795.44 7.9
796.05 2.4
798.43 2.5
800.52 2.5
803.32 2.4
804.64 3.7
809.46 62.0
810.52 12.7
812.44 13.1
813.41 10.9
815.34 2.8
817.47 2.1
819.13 1.2
827.43 594.3
828.43 241.5
829.33 3.7
830.29 7.5
831.41 8.8
833.98 5.5
837.46 44.2
838.55 18.8
841.21 5.9
848.26 1.8
851.03 5.1
852.26 10.7
860.39 16.2
861.48 8.0
864.54 1.6
869.21 21.2
870.49 3.8
874.76 4.4
878.54 64.9
879.35 37.7
880.57 2.3
884.52 1.7
887.56 17.6
895.43 2.5
896.26 24.3
897.18 8.6
899.28 5.4
904.59 2.3
912.18 1.9
914.42 361.3
915.48 97.7
920.15 5.2
920.82 5.5
921.46 1.5
926.42 15.1
930.50 1.4
931.63 1.8
932.49 4.9
933.31 3.9
935.63 2.6
938.52 13.5
939.53 6.8
947.65 9.8
948.72 4.0
951.22 1.1
956.39 31.0
957.58 9.1
965.53 64.5
966.45 20.3
972.36 2.0
974.43 5.9
975.52 6.0
983.41 35.6
984.53 11.3
987.77 1.1
989.38 4.3
992.49 1.2
1001.45 472.0
1002.51 189.4
1005.41 3.3
1007.39 5.1
1008.66 1.7
1011.60 22.4
1012.52 16.1
1014.60 2.3
1015.44 3.8
1017.52 4.2
1025.37 5.5
1026.05 1.7
1027.83 4.2
1034.45 2.6
1038.66 2.7
1043.43 28.8
1044.43 12.5
1045.64 1.6
1052.49 1.8
1053.47 7.5
1054.65 1.2
1059.49 6.9
1061.36 22.3
1062.35 7.9
1070.26 5.3
1071.76 7.5
1080.84 5.7
1082.01 6.5
1088.61 80.4
1089.50 14.2
1090.11 1.9
1098.51 49.9
1099.59 12.6
1106.98 1.1
1113.65 2.9
