809.44182 2
116.07 2.2
118.02 1.8
118.92 1.1
128.15 38.2
129.14 16.6
130.05 18.4
131.25 2.3
132.15 2.0
133.11 24.0
136.29 4.3
138.17 1.0
139.20 3.2
140.08 3.3
141.24 5.7
147.23 39.5
148.33 3.9
149.12 2.7
151.07 1.5
152.35 1.8
153.34 1.4
154.36 6.6
155.19 3.1
157.21 453.9
158.09 28.7
159.36 17.8
160.21 4.3
161.10 3.7
162.14 7.0
163.16 5.6
163.99 3.0
165.17 1.4
167.17 3.3
168.03 1.5
169.28 1.3
172.30 1.8
173.07 1.0
175.03 11.0
176.15 3.0
177.30 2.8
178.07 17.9
179.17 3.3
182.27 2.1
183.27 3.3
185.11 759.6
186.20 89.8
190.39 4.1
191.52 5.9
193.08 2.7
194.40 2.2
195.15 3.1
196.28 1.5
199.11 18.3
199.76 1.9
200.46 1.5
203.40 3.7
205.09 3.3
208.32 11.2
209.21 4.6
210.05 6.2
212.01 14.0
213.02 1.5
214.18 5.6
216.24 1.7
217.15 6.7
219.13 2.9
221.08 1.3
222.28 1.6
223.19 5.8
225.78 1.4
226.38 17.3
227.26 19.4
228.18 4.4
229.22 5.5
231.10 6.4
232.32 2.8
232.99 2.3
234.30 2.6
235.08 6.9
236.12 2.2
237.60 4.8
238.24 5.6
239.08 9.7
240.13 8.4
241.55 6.3
242.29 1.4
244.13 4.7
245.18 3.4
246.35 8.6
247.24 1.2
248.29 9.9
249.16 9.1
251.14 9.3
253.22 1.0
254.53 5.4
255.15 8.1
256.16 16.5
257.30 4.5
258.26 4.5
259.24 1.9
260.18 4.7
261.41 13.8
262.23 89.0
263.28 12.1
264.28 5.7
265.60 13.9
268.69 23.0
270.36 3.3
271.17 4.6
272.23 73.2
273.11 13.0
273.87 4.2
275.17 2.9
276.00 6.9
277.11 11.6
278.25 3.3
279.33 22.4
282.19 1.7
283.22 9.0
284.08 18.6
286.11 9.8
287.29 9.3
288.31 3.8
289.82 29.2
291.05 152.8
292.18 10.6
293.53 209.8
294.24 39.5
295.61 4.3
297.11 5.3
298.15 4.3
299.24 5.2
300.21 10.6
301.21 21.1
302.24 22.9
303.22 14.6
304.29 206.3
305.18 3.7
306.26 2.1
307.24 12.6
308.03 9.2
311.04 19.9
312.02 24.9
313.35 112.4
314.36 24.7
315.44 81.1
316.33 26.2
317.26 5.1
318.16 6.3
319.07 3.6
320.32 11.2
322.16 59.2
323.28 21.6
324.50 86.5
325.43 26.0
326.52 9.9
327.52 10.0
328.31 10.4
329.25 2.8
331.20 30.7
334.34 13.9
337.32 8.6
338.42 13.7
339.41 11.3
340.36 1.4
341.37 6.4
342.13 10.4
343.35 6.6
344.25 6.8
345.29 20.2
346.29 30.8
347.55 27.2
348.55 22.7
349.50 4.4
350.15 4.2
350.92 12.7
351.57 10.0
352.58 9.1
354.52 5.1
356.32 5.7
357.19 7.6
359.11 132.6
360.01 71.0
361.27 27.5
362.01 3.2
364.51 14.9
365.29 9.6
366.27 6.2
367.32 1.3
369.18 247.7
370.52 12.3
371.39 17.0
372.32 1.4
373.35 4.8
375.04 202.5
376.28 25.4
377.45 19.8
378.32 19.1
381.33 6.5
382.66 130.3
384.40 9.3
385.21 16.6
387.18 975.4
388.12 223.4
389.06 44.7
390.44 19.6
392.76 1.8
394.73 82.7
396.39 5216.1
397.49 21.2
398.77 20.4
400.27 4.7
404.76 4.8
405.96 2.3
416.22 4.2
417.23 24.2
418.49 14.7
421.16 2.2
422.38 20.3
423.29 1.6
426.50 2.9
429.23 3.0
436.26 1.2
437.32 4.6
438.42 18.1
445.33 1.3
447.89 7.6
449.37 6.6
450.61 8.0
453.08 1.9
459.41 4.0
460.57 3.7
461.23 12.1
464.43 3.4
465.44 4.6
466.25 7.7
467.52 9.1
468.23 6.5
469.50 8.1
473.42 3.5
479.29 14.3
482.35 6.0
484.30 2.6
486.25 14.2
487.26 21.1
489.69 5.0
490.37 40.2
491.82 4.2
493.99 159.2
494.95 23.0
495.76 17.6
496.57 9.5
497.69 2.9
503.34 3.6
511.70 1.2
512.58 5.1
513.51 3.3
514.37 8.5
516.66 6.9
517.63 8.8
520.60 8.1
521.40 5.7
522.88 7.0
526.51 2.5
528.60 7.9
530.60 23.9
531.69 15.9
532.30 1.4
533.56 8.9
534.38 4.4
536.21 2.5
537.40 4.8
538.32 185.2
539.42 41.4
541.41 5.9
546.37 3.4
548.47 34.6
549.35 4.1
550.50 50.0
551.27 1.3
552.18 15.5
553.33 14.9
554.36 3.7
555.38 5.4
557.59 1.6
563.23 3.6
566.31 5.5
569.62 2.0
574.68 5.2
582.49 9.0
583.60 20.8
585.76 8.8
590.44 9.2
596.32 3.7
597.20 4.9
599.98 9.3
601.51 2.6
603.30 32.2
604.26 74.4
605.40 11.6
607.34 169.4
608.39 79.6
616.53 1.8
617.38 4.2
618.40 4.1
619.29 3.2
623.37 82.5
624.50 390.3
625.35 3335.1
626.43 1034.0
627.65 3.5
628.46 5.2
632.20 1.7
634.16 5.7
635.68 9.6
645.35 36.0
646.40 19.4
652.46 1.9
656.51 3.0
660.45 11.4
661.59 6.6
663.27 44.8
664.39 33.6
665.55 2.7
666.22 1.2
666.85 3.5
671.10 6.9
677.66 12.1
678.46 91.0
679.48 35.6
680.35 3.2
681.51 8.3
693.39 4.3
694.54 8.2
695.64 53.4
696.39 518.8
697.44 219.9
706.41 26.8
707.39 4.3
710.41 1.5
741.41 2.2
748.33 11.6
749.19 5.3
750.05 5.5
759.70 2.5
783.90 2.7
787.51 1.6
792.08 2.7
