2401.279880000001 3
232.33 2.0
238.19 3.9
248.07 3.2
253.35 4.9
255.08 11.1
256.14 15.7
272.42 5.0
273.19 30.0
274.31 2.1
275.25 2.1
277.18 5.2
280.08 1.3
283.11 6.8
287.35 5.3
288.24 3.1
289.90 3.4
293.97 1.2
295.43 3.7
296.30 7.1
298.91 1.3
302.16 4.8
307.13 1.6
309.11 3.1
312.10 18.3
316.29 4.6
319.47 1.6
321.32 2.7
321.96 3.5
323.25 7.6
324.57 12.3
328.70 2.2
330.23 3.3
331.78 7.0
338.44 2.7
340.24 23.4
341.23 12.7
342.34 10.6
350.27 8.8
351.45 2.2
352.08 11.3
354.17 1.4
358.14 16.6
359.40 3.1
361.24 3.6
364.03 1.8
368.24 41.6
369.32 12.7
370.74 5.6
371.42 9.6
376.36 6.1
377.30 6.0
379.78 79.2
380.50 14.7
383.30 11.6
384.17 2.6
386.21 15.1
401.39 2.5
402.71 9.4
406.52 1.4
407.39 2.7
408.30 4.1
411.68 8.7
412.36 5.0
414.42 1.6
416.93 2.2
421.13 4.6
422.35 2.6
423.28 39.7
425.15 7.6
426.11 14.2
427.20 11.0
431.19 1.1
432.45 5.2
437.19 3.4
438.35 17.9
439.23 5.9
441.41 5.1
442.32 2.4
444.64 3.8
446.30 1.9
447.42 2.7
454.18 3.9
455.35 4.2
456.46 7.9
457.10 3.6
460.04 3.0
462.31 1.9
465.28 2.5
466.10 3.6
466.98 24.0
468.34 8.1
470.10 7.9
471.17 1.4
471.89 13.6
472.55 5.7
473.38 1.1
479.29 2.4
481.05 10.6
482.45 1.5
483.34 30.0
484.16 19.8
485.35 9.1
489.44 29.6
490.30 12.5
495.61 3.1
500.97 3.3
502.24 4.7
503.18 2.3
506.63 1.9
507.32 4.8
510.33 3.5
514.52 13.1
515.56 3.6
518.99 10.1
519.89 8.2
520.75 5.1
523.17 16.1
523.95 7.3
525.29 3.1
526.30 1.1
527.85 9.7
528.86 6.7
533.32 1.4
534.39 5.7
535.42 4.1
536.54 6.6
537.25 2.5
539.52 3.1
541.33 12.6
542.34 14.7
543.44 1.5
544.27 2.4
546.52 10.0
549.04 2.0
554.33 12.9
555.12 4.9
555.82 3.3
557.26 1.2
559.60 4.2
560.72 6.7
562.44 4.5
563.21 1.4
568.52 1.1
570.14 8.8
572.22 1.5
573.33 9.9
575.25 9.5
576.08 15.0
577.15 1.6
578.09 1.6
580.27 2.4
581.19 5.2
582.58 3.1
583.45 26.7
584.47 57.8
585.46 13.3
586.87 2.8
588.40 5.0
589.17 1.7
590.39 64.2
591.50 8.7
593.13 18.3
593.97 9.0
596.27 12.3
597.31 15.1
598.33 10.5
599.15 12.9
599.86 8.6
601.52 323.6
602.54 19.7
603.97 32.7
604.97 25.2
609.40 5.6
610.23 4.7
611.24 3.6
612.33 3.6
613.68 44.3
614.42 8.7
615.27 4.9
616.36 5.0
621.10 6.6
621.97 13.2
622.60 21.3
626.41 11.4
627.32 27.7
627.98 6.6
629.76 5.7
630.45 5.2
631.10 6.3
632.53 8.6
634.09 1.6
636.34 2.0
637.36 4.6
638.14 4.1
639.64 20.9
641.07 99.0
642.01 11.6
643.59 11.6
645.34 6.0
647.13 14.9
649.56 29.0
650.57 4.5
652.15 5.7
652.81 6.1
653.64 25.6
654.57 2.6
655.32 14.4
656.83 27.9
658.21 123.3
659.40 6.5
661.28 138.8
661.97 59.8
662.60 2.9
663.38 7.2
664.93 16.3
668.36 5.4
670.24 303.5
671.12 26.0
672.36 14.6
673.47 11.4
675.59 34.8
677.90 5.6
679.02 313.6
680.13 25.3
681.29 5.4
684.64 35.1
685.92 5.2
687.27 33.8
688.24 23.5
690.58 2.9
691.50 2.4
693.91 20.3
695.34 28.0
696.51 34.7
697.53 7.0
698.38 4.5
699.43 5.2
700.78 5.2
701.46 5.1
702.49 22.8
704.79 26.8
705.53 4.4
706.58 10.0
707.44 5.0
709.33 24.4
710.39 13.2
711.40 3.1
712.21 25.9
713.32 81.9
714.45 111.0
715.07 67.4
715.89 4.1
716.52 9.0
717.79 123.2
718.69 52.9
719.46 13.9
720.55 6.3
721.73 18.4
722.76 30.7
723.89 5.4
724.87 4.8
726.31 164.3
727.05 180.6
728.17 28.1
729.18 2.0
729.82 2.8
730.43 25.7
731.32 13.2
732.30 78.1
733.05 9.4
735.44 210.6
736.13 77.9
737.21 13.7
738.46 618.2
739.97 60.6
740.75 15.8
741.76 10.7
742.86 12.2
744.09 61.1
744.70 17.4
745.73 14.5
746.52 4.3
747.93 28.8
752.39 13.7
753.43 11.1
754.81 9.4
756.46 14.7
757.29 24.4
758.48 649.2
759.54 138.8
760.93 31.7
761.88 56.7
763.19 9.8
764.52 2.1
765.40 18.8
766.24 11.2
768.19 7.9
769.37 27.9
770.32 94.3
771.07 34.4
771.75 9.3
773.51 12.5
774.63 16.9
775.26 11.5
776.23 11.9
777.69 118.3
778.38 10.9
779.27 126.7
780.02 197.3
780.77 243.6
783.30 367.9
783.95 192.4
784.61 29.9
785.29 13.5
786.70 43.7
787.52 4.2
789.43 259.5
790.41 11.8
792.60 5.5
800.62 1.6
801.83 7.3
802.70 1.1
804.60 3.2
808.17 18.1
808.82 19.3
809.44 7.8
813.81 19.0
815.19 3.7
816.69 3.1
818.97 15.6
819.69 6.9
822.34 18.3
822.96 15.3
824.10 7.6
825.78 15.0
826.62 20.5
827.67 23.2
828.73 8.3
829.63 13.8
830.33 1.4
836.57 158.5
837.24 83.5
839.56 2.1
841.72 1.9
842.65 1.1
843.28 2.0
845.49 374.9
846.44 62.2
847.47 20.6
853.55 14.0
856.12 7.2
857.49 4.7
859.69 2.5
863.40 2.3
864.23 4.6
866.79 3.7
870.93 7.1
872.60 2.5
874.40 3.2
875.89 19.4
878.57 1.4
880.33 10.9
883.50 4.7
885.65 3.0
886.52 2.0
889.12 14.3
894.23 124.5
895.01 10.7
896.50 41.0
897.53 13.5
898.33 4.1
899.64 5.1
901.65 9.6
902.42 2.4
906.64 23.9
908.64 1.5
909.88 5.6
910.97 6.8
911.82 1.3
912.43 1.6
913.82 3.9
914.55 9.2
915.79 12.6
918.48 23.3
920.70 1.1
922.72 7.2
925.60 2.6
926.42 2.7
932.50 555.7
933.57 144.5
934.56 6.3
936.10 6.8
939.47 22.8
940.40 2.0
942.26 27.4
943.11 6.5
943.73 2.7
944.52 1.4
948.18 9.7
948.82 3.9
951.27 499.4
952.26 12.0
953.40 4.6
954.51 1.1
955.72 1.1
956.52 1.3
957.54 26.7
959.63 5.0
960.72 7.2
961.45 4.9
967.96 1.4
969.52 13.7
971.47 44.6
972.66 12.4
974.35 22.2
978.93 5.3
982.47 4.9
983.54 3.5
985.94 4.1
986.78 4.5
987.75 8.3
988.38 3.5
989.23 2.7
990.56 29.5
991.17 42.6
992.04 7.6
995.85 3.9
999.74 41.0
1000.39 49.2
1001.02 10.9
1001.63 1.9
1004.72 16.2
1005.83 1.5
1006.59 1.9
1008.82 1466.6
1010.03 11.8
1010.93 14.9
1011.58 6.5
1013.62 9.9
1014.63 8.1
1017.46 2.9
1020.49 1.8
1022.68 1.4
1024.85 2.8
1025.64 5.6
1027.81 6.3
1029.06 3.1
1029.76 2.4
1035.79 2.2
1039.78 1.6
1041.75 2.0
1042.38 2.3
1045.59 377.3
1046.60 110.2
1047.50 15.2
1048.15 2.6
1053.00 8.1
1056.58 39.2
1058.73 3.2
1065.40 818.4
1066.17 43.2
1066.96 8.7
1069.48 22.0
1070.64 15.3
1071.68 1.9
1076.36 1.8
1077.66 3.9
1078.79 4.1
1081.49 3.0
1084.62 32.4
1085.70 9.4
1088.36 10.5
1093.41 3.8
1094.43 9.5
1095.79 4.1
1096.51 3.5
1098.26 4.5
1098.96 3.9
1102.81 1.7
1106.73 23.7
1107.64 23.9
1112.90 6.4
1113.90 10.6
1114.66 3.7
1115.86 166.0
1116.80 15.3
1120.68 1.5
1122.55 3.8
1126.75 6.4
1127.69 12.0
1128.30 3.2
1130.63 11.3
1131.89 6.0
1135.56 3.3
1148.61 5.7
1149.53 3.0
1153.41 2.3
1156.20 8.0
1157.67 3.9
1164.62 2.3
1165.51 17.5
1166.52 6.5
1167.70 11.8
1168.70 6.6
1171.76 2.6
1181.61 2.2
1182.54 16.4
1183.45 44.3
1184.07 2.2
1184.79 4.7
1185.47 4.8
1186.79 2.6
1189.96 7.2
1195.72 1.9
1197.72 6.8
1200.57 35.6
1201.70 15.1
1211.01 1.7
1215.90 4.0
1220.88 1.1
1223.05 2.3
1224.92 4.4
1228.73 3.7
1233.63 1.7
1238.50 1.5
1240.84 1.2
1241.65 2.6
1243.99 4.7
1244.89 3.4
1245.84 3.5
1254.82 9.8
1258.58 4.8
1260.92 2.7
1267.53 1.6
1270.02 1.9
1273.49 4.2
1280.93 4.0
1281.98 1.6
1282.62 2.3
1284.67 6.8
1286.22 8.0
1298.40 3.3
1304.99 1.6
1322.02 5.9
1323.02 2.3
1324.29 2.6
1345.15 2.9
1353.94 2.4
1356.57 1.8
1361.15 3.7
1368.02 3.2
1385.22 5.0
1385.91 1.6
1386.64 1.3
1398.09 2.9
1409.81 2.0
1435.94 1.3
1436.91 4.0
1437.88 2.7
1438.91 1.3
1453.72 6.4
1455.15 9.0
1456.06 1.5
1472.11 1.1
1473.16 6.9
1474.38 4.2
1499.83 1.5
1504.42 5.8
1514.62 4.5
1522.03 6.8
1539.95 1.4
1553.05 2.4
1556.92 7.9
1558.08 1.9
1608.69 1.1
1610.00 3.9
1625.80 1.9
1626.78 7.4
1644.06 15.0
1644.93 1.8
1670.12 1.9
