1429.63091 2
211.18 2.8
223.12 1.6
240.83 6.2
242.38 1.3
246.05 2.3
248.99 3.0
257.38 1.1
259.21 2.0
268.16 1.7
288.98 4.4
291.23 2.9
295.25 1.1
310.30 1.9
312.13 1.5
325.39 2.9
327.08 15.6
343.17 2.8
345.48 6.9
346.17 1.9
350.23 6.6
353.29 4.4
354.52 3.2
361.28 9.2
370.27 2.9
373.30 2.1
383.29 1.3
406.41 5.9
410.62 4.8
414.96 10.0
432.29 1.1
435.78 3.5
439.16 3.5
442.73 4.0
453.17 3.5
457.15 1.8
465.99 1.4
469.93 3.7
473.47 1.1
474.16 4.9
475.27 1.5
479.47 2.9
482.56 7.1
483.27 1.1
485.19 4.3
487.68 3.8
490.58 1.5
495.42 4.6
497.32 6.2
501.22 2.1
508.17 5.4
512.85 4.0
513.94 10.8
516.03 7.6
517.41 2.9
519.13 2.9
524.52 5.2
525.45 3.1
527.58 1.1
528.88 3.8
530.38 7.0
534.74 49.7
539.49 44.2
544.66 1.3
550.99 1.0
553.29 2.1
559.01 2.8
561.16 1.7
563.39 9.2
564.23 1.2
565.32 6.3
568.41 4.1
569.87 5.7
572.17 1.1
575.82 1.5
576.96 10.5
579.68 15.5
582.01 12.4
583.36 6.4
584.66 26.7
585.45 4.8
587.22 2.9
590.08 39.9
590.88 3.3
593.21 4.1
597.91 11.2
598.79 98.8
599.43 68.0
600.06 8.9
600.92 8.6
605.38 25.0
607.64 90.9
608.41 34.2
611.16 21.0
612.05 10.9
615.43 13.0
617.25 1.7
618.24 11.8
619.29 6.0
620.40 100.9
621.06 29.6
622.30 2.3
625.49 6.9
627.42 20.6
628.44 6.1
633.34 15.1
634.13 13.1
634.94 5.2
636.45 21.1
637.62 3.2
639.30 5.8
640.46 7.0
642.53 213.3
646.13 3.1
647.34 4.3
651.36 171.1
651.99 98.4
654.30 3.7
656.00 3.6
658.11 11.6
661.45 1.1
663.26 16.1
665.39 1.5
666.03 7.0
669.84 6.8
670.56 2.4
671.74 4.6
672.50 1.7
673.95 4.3
674.73 19.1
676.62 2.9
679.25 5.0
680.01 3.6
681.49 4.5
682.31 3.5
683.01 10.6
684.55 5.5
685.81 3.2
688.60 25.3
691.51 35.8
692.68 17.6
693.68 3.1
694.54 4.8
697.53 405.1
698.42 21.2
700.52 45.3
701.54 2.9
706.53 401.4
707.27 4.1
723.64 6.6
726.32 10.5
733.62 4.7
739.34 3.1
741.06 3.0
755.78 2.5
756.65 14.0
767.11 2.1
777.81 2.3
782.32 5.4
783.26 3.7
784.62 1.6
785.91 1.7
789.34 1.2
793.90 2.6
809.43 6.8
813.44 11.1
817.12 15.6
821.54 12.7
824.74 4.5
827.23 2.8
828.62 3.3
831.70 19.8
837.30 2.4
849.81 7.5
851.57 14.1
864.58 1.9
870.48 3.3
877.42 3.5
879.56 1.7
885.58 7.3
892.42 5.0
896.55 6.9
897.40 2.7
898.52 1.6
914.68 1.1
917.59 1.3
920.31 7.5
935.58 2.3
937.56 1.4
938.65 15.8
939.30 15.4
956.50 7.2
957.57 4.2
963.68 2.7
968.23 3.3
974.61 1.5
980.54 11.7
981.36 2.3
983.96 4.2
1007.32 1.2
1009.08 4.1
1026.71 2.5
1031.97 1.2
1054.67 2.2
1057.88 3.7
1059.31 5.2
1067.57 36.9
1068.46 10.9
1069.58 3.8
1085.41 2.3
1086.40 1.8
1123.43 8.7
1124.33 18.0
1125.61 3.3
1178.54 2.0
1181.06 1.8
1196.60 7.8
1197.81 3.9
1214.84 3.3
1257.02 3.5
1263.65 1.1
1274.45 1.0
1283.56 4.2
1294.73 3.3
1301.72 5.4
1302.70 5.9
1373.81 4.6
1391.80 19.8
1392.84 24.9
