1396.64934 2
208.28 2.7
210.11 1.6
219.17 1.6
223.19 3.6
226.01 1.4
228.12 1.1
242.20 1.6
245.30 1.2
250.93 4.2
254.97 2.6
256.07 3.0
261.22 2.7
262.28 5.1
263.31 12.9
264.35 3.4
264.96 1.7
270.27 4.7
271.23 1.6
276.56 3.1
277.94 1.0
279.08 2.0
289.55 2.5
295.20 2.9
302.27 1.8
304.26 3.6
305.37 4.0
305.99 7.2
308.24 1.6
316.08 4.6
324.12 7.8
327.32 7.5
328.12 5.7
331.24 2.2
333.44 2.1
334.20 4.2
337.14 2.9
339.20 12.2
340.49 1.2
342.48 4.9
345.60 2.6
347.53 1.6
357.65 1.5
358.42 1.7
363.36 1.6
364.46 1.9
368.72 2.3
371.27 1.7
374.19 3.9
375.32 5.4
376.46 5.9
377.45 7.1
382.13 3.6
387.48 2.2
388.39 1.9
389.13 3.4
391.07 1.9
392.13 9.8
393.01 13.2
394.16 10.0
395.12 1.5
400.41 2.6
406.02 1.7
409.44 3.4
416.44 1.5
418.14 7.6
420.34 9.1
421.25 10.9
427.46 3.6
434.26 3.3
437.05 3.1
439.37 4.3
440.93 2.2
444.27 5.5
446.20 3.7
455.26 1.8
456.17 1.8
460.28 5.7
461.43 1.8
462.63 8.0
465.46 5.3
466.52 4.6
469.47 1.6
470.13 1.2
471.19 8.5
472.24 3.3
473.23 1.7
478.20 4.4
479.33 2.8
481.06 15.8
481.82 4.3
482.57 3.8
484.14 2.6
485.24 4.3
488.22 2.1
489.51 6.2
490.60 13.7
491.41 9.1
494.60 3.7
498.47 2.8
501.51 13.7
502.40 10.7
503.17 7.0
507.14 3.2
514.29 8.4
516.22 5.7
520.37 1.6
521.53 2.6
523.42 2.1
524.50 15.3
525.17 2.3
526.58 1.6
531.15 14.3
534.24 6.9
538.36 8.1
539.54 13.4
540.60 9.3
541.32 4.0
542.38 2.9
546.46 9.1
548.16 1.9
549.34 7.6
551.01 1.5
552.26 24.7
554.31 5.3
555.46 10.8
560.41 3.1
562.33 10.1
563.03 6.3
563.70 3.0
565.23 2.2
566.31 5.1
567.31 5.3
568.47 2.6
569.60 5.1
573.11 6.8
573.98 6.2
576.29 1.6
577.02 4.7
581.28 4.6
583.28 5.7
584.38 15.1
585.04 3.2
587.76 4.5
590.15 8.2
591.19 12.3
592.33 2.0
594.37 3.2
598.43 9.1
601.23 5.4
604.21 2.6
605.80 2.5
611.74 4.1
613.33 8.6
614.47 3.2
616.46 3.6
617.34 1.1
619.21 6.4
620.34 7.0
623.24 1.1
625.99 10.8
627.27 7.3
628.69 5.0
629.30 5.3
630.59 6.4
632.26 6.6
633.33 6.4
634.31 7.2
636.49 6.5
637.20 4.2
638.16 1.1
639.35 4.1
640.38 3.7
641.50 11.6
643.05 11.1
645.86 7.5
646.74 3.9
648.07 3.4
648.75 3.9
650.16 3.2
655.66 10.7
658.84 3.4
660.40 9.6
662.42 16.6
663.60 21.9
664.28 1.4
665.44 4.0
668.37 10.9
672.16 58.4
672.80 2.9
675.37 17.1
676.27 13.3
677.05 16.7
680.66 167.1
681.48 311.0
682.50 6.9
683.64 1.8
686.79 21.2
689.49 33.5
690.40 5.9
712.58 1.9
716.58 5.6
729.38 3.1
735.46 2.6
736.45 11.4
747.31 4.2
748.54 1.3
757.49 3.0
764.37 1.6
774.32 2.3
775.56 8.8
781.18 1.6
785.59 2.5
786.53 2.0
790.58 1.6
804.38 1.2
809.67 1.1
823.41 1.2
825.70 4.4
834.41 11.8
836.37 1.6
836.98 12.5
840.30 1.3
842.37 3.5
847.68 1.9
848.55 6.0
851.83 2.8
856.33 1.1
857.05 2.8
862.09 4.6
864.38 5.6
865.49 38.3
867.73 3.3
870.55 4.7
872.39 2.1
878.39 9.6
879.18 5.5
888.67 3.5
889.58 5.4
890.54 1.6
896.51 12.7
900.30 1.3
903.58 2.9
907.29 8.4
911.69 1.8
916.99 2.1
920.21 5.3
926.56 3.9
930.92 3.4
933.80 4.5
945.60 3.9
949.13 3.0
952.39 1.7
953.68 2.5
962.25 1.9
975.74 1.1
979.80 3.1
980.71 39.6
981.65 6.7
982.62 2.9
983.57 14.5
993.60 1.4
1002.37 1.7
1003.32 4.3
1007.93 4.3
1009.53 1.4
1013.56 2.0
1016.91 1.8
1034.70 5.5
1052.48 2.3
1073.49 3.1
1084.23 3.3
1086.72 2.3
1091.69 2.2
1094.68 7.8
1103.78 3.1
1105.08 2.9
1109.06 17.7
1154.51 2.4
1162.83 1.8
1164.06 3.4
1166.91 2.5
1175.34 3.4
1179.44 2.2
1180.55 13.4
1181.60 4.8
1195.81 1.6
1204.54 2.6
1206.75 3.1
1249.23 7.4
1251.58 3.7
1267.66 2.5
1280.80 1.8
1339.70 1.9
1358.61 2.6
