2247.103610000001 3
211.33 1.6
216.03 2.1
217.44 7.9
222.27 8.6
223.21 7.8
224.20 4.6
225.28 3.2
226.33 1.9
228.34 2.1
229.37 4.0
231.18 4.4
232.28 15.4
234.19 5.0
235.34 7.5
236.33 4.1
237.09 2.8
239.20 10.6
240.31 1.2
241.27 1.0
244.26 2.5
249.26 47.0
250.14 1.6
252.19 20.1
253.17 2.9
254.24 10.3
257.30 4.5
260.04 5.5
261.18 5.2
262.23 4.8
263.14 15.5
264.27 13.8
265.00 8.1
265.93 2.8
267.18 20.8
268.99 3.2
270.31 3.6
277.34 4.6
280.00 2.0
282.17 15.0
283.16 4.3
284.27 2.0
288.42 3.2
289.23 4.9
290.12 5.7
293.15 3.4
295.21 4.7
296.97 3.5
298.00 3.2
299.29 3.2
300.01 5.7
301.52 3.1
303.34 25.6
305.16 2.1
306.26 12.2
307.27 6.6
310.11 2.1
315.22 1.3
319.19 3.7
320.23 20.8
322.14 2.3
323.28 9.8
324.24 23.5
325.17 13.8
326.28 5.8
327.27 3.4
329.36 4.1
334.39 1.4
334.99 2.2
336.19 4.6
337.21 1.9
338.13 13.6
339.09 2.7
342.19 1.0
343.39 3.4
345.10 1.5
347.28 29.2
348.23 2.9
352.32 12.5
356.30 2.4
357.24 4.6
358.35 2.9
359.90 2.1
363.28 27.2
364.30 18.5
365.37 20.9
369.31 3.8
370.25 6.5
371.07 2.0
372.39 2.9
374.55 2.4
375.67 8.2
376.50 2.1
377.41 1.5
379.28 1.4
381.12 7.6
382.47 3.6
384.39 3.3
386.20 3.9
387.24 7.4
391.81 2.4
392.42 15.0
393.35 13.1
394.44 25.4
395.33 3.2
398.45 5.5
400.48 13.9
401.63 23.3
402.66 8.4
403.34 14.5
404.37 5.6
406.82 10.9
408.50 12.3
409.37 36.0
411.46 5.9
415.44 9.3
417.30 51.8
418.30 10.1
419.34 7.5
420.10 14.3
421.24 5.1
422.27 11.9
426.27 4.3
428.12 9.9
431.42 14.8
432.85 11.6
433.54 2.2
434.34 1.2
435.57 1.6
436.22 3.8
437.22 71.0
438.11 24.4
440.45 4.6
441.23 8.1
443.62 6.2
445.73 6.2
447.26 3.2
448.18 19.7
449.39 7.8
451.25 17.9
452.15 6.4
453.38 3.0
454.14 2.5
456.28 2.1
457.08 5.3
457.86 1.0
462.08 13.7
463.32 6.9
464.18 3.3
465.51 1.1
466.25 3.6
468.45 2.1
469.27 4.3
470.05 12.4
470.93 5.3
471.83 12.4
473.30 6.4
475.42 2.8
476.39 13.6
477.40 12.4
479.00 54.1
480.37 28.8
481.31 3.8
482.38 10.6
483.24 6.7
484.15 4.7
487.00 9.3
488.70 11.2
490.59 5.8
492.38 2.9
493.35 9.5
494.17 7.2
495.65 7.4
497.21 51.2
498.41 12.6
499.31 2.9
500.25 3.5
501.34 11.0
502.14 2.8
505.52 11.9
506.40 23.9
507.39 20.6
508.54 22.1
510.63 7.3
512.25 2.7
513.34 3.5
514.45 4.5
516.32 25.1
517.50 8.8
518.52 10.1
520.27 8.1
520.87 1.5
522.46 11.5
523.52 4.2
524.76 11.9
526.36 1.3
527.51 20.7
528.62 8.8
530.30 87.3
531.30 15.2
533.53 12.1
534.35 82.2
535.31 15.3
536.22 14.2
536.94 21.9
537.66 3.5
538.72 12.2
539.51 11.0
541.01 21.2
543.38 4.4
544.12 2.7
545.36 17.5
546.51 10.5
547.84 27.1
549.82 1.9
551.31 87.5
552.38 52.6
553.47 3.3
555.94 75.2
556.76 6.4
557.37 12.6
558.48 16.9
559.10 4.4
560.60 3.5
561.25 4.8
562.69 7.0
564.35 331.6
565.15 99.0
566.57 4.4
567.47 2.6
568.67 4.5
569.55 1.3
570.16 1.2
571.30 9.0
572.16 20.2
573.21 25.3
574.51 6.1
575.26 6.4
576.02 6.4
577.25 16.9
579.56 18.3
581.38 3.6
583.17 11.3
584.54 9.8
585.47 4.9
586.34 2.8
587.29 1.8
588.43 9.7
589.33 4.1
590.22 1.7
591.31 15.5
592.04 2.5
592.74 17.6
596.82 4.2
597.48 4.3
598.46 2.4
599.86 9.5
600.95 44.4
602.73 8.6
603.54 2.8
604.30 3.3
605.23 7.5
606.09 11.6
609.49 17.8
610.62 24.5
611.45 3.2
613.56 41.2
616.47 16.0
617.54 22.9
618.50 39.8
619.62 63.2
620.35 10.2
621.04 6.2
622.50 2.4
626.15 10.1
627.05 1.4
628.21 3.7
629.21 115.2
630.41 12.1
631.58 16.8
632.50 16.3
633.74 7.9
635.20 55.5
636.32 64.1
637.32 6.6
639.00 50.3
639.73 5.7
641.91 20.6
643.40 23.8
644.59 223.8
645.43 9.1
646.40 23.8
647.49 39.2
648.73 57.7
650.33 996.1
651.45 6.9
652.51 21.4
653.28 2.7
653.90 26.7
654.56 9.4
656.76 13.0
657.65 112.6
658.52 42.3
659.82 16.8
660.45 11.2
662.47 3.7
663.40 3.9
664.37 95.3
665.49 73.4
666.35 15.3
667.35 10.4
668.64 13.7
669.97 40.9
672.47 48.2
673.64 9.3
675.01 40.1
675.82 65.5
677.39 272.3
678.36 64.5
679.65 11.3
681.63 225.8
682.62 22.2
683.59 16.0
684.54 17.4
685.64 148.9
686.89 113.4
687.52 232.0
688.80 25.0
690.08 76.8
691.41 20.5
692.24 32.6
693.23 37.1
694.60 23.7
695.21 16.6
696.65 16.9
697.57 14.9
698.50 6.3
700.53 85.6
701.99 39.8
704.17 20.5
705.16 13.2
706.46 167.2
707.16 37.4
707.81 57.3
709.01 8.7
711.19 13.5
712.24 445.6
712.95 142.8
713.77 20.6
715.92 86.4
717.06 22.1
717.93 14.3
719.02 26.7
720.03 8.5
720.85 9.4
722.14 228.3
722.96 27.2
725.54 21.9
726.57 141.2
727.40 31.9
728.25 15.5
729.23 9.9
729.97 28.2
730.76 33.9
731.50 61.3
732.38 128.9
733.23 16.0
734.01 8.8
735.18 859.2
735.98 170.2
736.74 18.9
738.04 207.2
738.65 325.5
740.42 18.6
741.38 4.3
745.97 4.1
752.61 1.5
760.59 5.2
761.52 7.8
762.49 32.7
763.57 12.9
764.36 7.9
766.51 9.6
767.35 10.7
768.16 23.1
768.89 10.5
769.88 1.7
771.11 2.8
773.67 1.3
774.97 6.8
775.62 9.1
776.83 27.4
777.77 33.3
779.38 162.4
780.46 58.0
781.43 3.9
783.29 27.2
784.35 76.3
784.98 3.0
786.12 134.4
787.05 30.5
787.79 36.9
788.59 74.2
789.50 14.1
790.24 1.4
791.47 1.5
792.71 648.7
793.45 107.9
795.11 26.9
796.37 1.9
797.52 6.9
799.82 1.1
801.41 13.3
802.75 14.9
803.39 7.2
805.61 141.8
806.52 29.5
807.62 6.7
808.83 4.7
809.46 4.9
810.38 4.7
812.42 3.3
813.48 3.1
815.45 7.9
816.66 19.2
818.53 3.4
819.58 6.2
820.36 8.0
821.37 16.0
822.34 15.1
823.61 25.4
824.58 11.2
825.68 23.3
826.61 9.6
827.74 7.2
829.50 6.8
831.38 9.1
832.55 7.6
833.69 2.6
834.48 1.3
836.32 8.4
836.98 12.8
837.72 12.9
839.11 9.4
840.35 60.1
841.23 26.5
842.23 9.2
843.03 10.6
843.66 1.1
844.56 5.1
845.86 27.8
846.64 12.3
847.61 4.6
849.22 551.5
850.15 113.0
850.98 33.6
851.59 20.2
854.15 22.6
856.43 2.7
857.11 4.7
859.47 43.8
860.27 62.8
861.03 5.4
861.65 7.0
862.75 4.6
863.38 2.8
864.13 5.3
865.34 11.2
866.55 2.3
867.60 17.7
868.44 13.0
869.97 1.9
871.36 5.5
872.87 6.9
873.69 1.9
875.54 10.3
877.46 5.7
878.48 43.1
879.37 32.7
880.58 16.7
881.75 20.0
882.46 1.8
883.52 5.5
884.59 2.1
885.86 2.6
887.58 9.0
888.48 11.0
889.43 51.7
890.62 5.9
892.21 1.7
893.43 17.2
894.38 27.3
895.54 3.6
896.15 9.1
897.71 325.5
898.62 85.6
899.33 15.2
900.45 20.9
901.45 18.9
902.67 19.5
903.62 2.7
906.29 1298.5
907.10 251.1
908.45 22.5
909.15 15.6
911.63 48.5
913.48 6.9
915.12 20.4
916.36 151.8
917.42 39.4
918.46 3.5
919.39 2.4
920.36 3.0
923.46 11.8
924.21 6.5
925.19 1.6
926.78 12.2
927.91 10.1
928.56 10.2
930.42 3.2
933.60 9.9
934.62 73.9
935.62 34.1
938.38 5.1
939.51 6.3
940.75 3.4
942.45 16.7
943.69 8.7
945.02 8.7
945.66 9.1
946.44 2.7
948.46 4.6
949.42 3.4
950.58 11.0
952.67 10.9
953.40 6.6
954.48 14.0
955.29 18.9
956.29 35.5
958.12 28.4
959.07 2.7
961.85 3.2
962.66 5.9
963.57 20.4
964.76 49.2
965.82 53.2
966.57 86.2
967.54 27.8
970.66 4.5
972.96 29.3
973.78 32.4
974.87 423.8
975.76 24.6
979.19 21.8
980.03 8.4
981.08 5.9
981.89 2.9
985.37 4.3
986.59 20.4
987.31 7.0
988.30 31.0
989.45 5.6
990.05 2.1
991.45 39.7
992.61 19.4
993.93 10.9
995.04 18.6
995.86 18.0
997.52 7.4
998.97 6.7
999.85 17.5
1000.66 2.0
1001.27 3.5
1004.91 16.9
1006.62 16.1
1007.49 19.1
1008.65 45.3
1009.39 37.0
1011.13 2.8
1012.33 14.2
1013.40 38.3
1014.39 24.8
1015.67 12.4
1016.42 13.5
1019.43 1.8
1020.83 11.3
1021.49 19.8
1022.09 23.6
1022.72 9.9
1023.56 7.9
1024.87 1.4
1025.71 3.1
1026.48 8.3
1027.09 13.5
1027.70 13.9
1030.07 11.9
1030.91 26.8
1031.71 6.3
1032.76 1.0
1034.51 2.0
1035.68 62.8
1036.55 7.0
1038.94 41.8
1039.89 48.7
1043.18 14.4
1044.30 106.0
1045.21 23.3
1046.67 8.7
1047.58 10.9
1048.55 20.1
1049.37 2.8
1050.44 2.2
1051.30 3.3
1052.02 12.8
1053.14 33.2
1054.13 30.6
1055.79 3.3
1058.13 7.4
1059.34 22.3
1060.09 11.4
1060.99 6.0
1061.68 4.8
1064.85 7.9
1067.45 32.4
1068.12 58.5
1068.89 28.0
1070.79 4.3
1072.86 15.9
1073.93 16.2
1075.40 4.5
1076.17 3.3
1079.56 4.2
1080.62 10.4
1081.31 3.2
1082.74 7.6
1085.53 1.4
1086.80 1.7
1087.66 1.2
1088.53 8.6
1089.90 7.2
1091.54 4.9
1092.30 5.9
1093.74 11.2
1094.36 5.6
1096.09 10.1
1099.73 12.8
1100.57 6.9
1102.67 22.4
1103.69 26.5
1105.53 91.7
1106.40 40.3
1107.18 16.9
1107.80 10.0
1109.57 6.2
1110.66 17.4
1111.87 11.1
1114.14 1.8
1114.94 5.4
1115.65 2.6
1117.74 8.9
1118.61 3.4
1119.47 3.8
1120.52 71.8
1121.60 20.3
1122.54 17.9
1123.91 1.1
1124.77 2.9
1125.84 1.3
1127.66 8.2
1128.78 5.4
1129.68 2.3
1134.20 5.8
1134.91 1.5
1135.83 1.2
1139.66 8.8
1140.87 5.2
1142.56 19.3
1143.69 16.2
1144.73 8.7
1151.79 4.7
1157.26 1.7
1165.58 3.1
1166.84 15.1
1167.64 2.3
1168.50 3.4
1173.70 3.6
1177.71 2.8
1179.11 2.3
1179.94 5.3
1181.71 5.2
1183.05 4.5
1183.87 2.3
1184.76 1.1
1192.06 5.7
1199.65 14.7
1200.61 5.5
1201.64 1.0
1202.79 9.7
1205.68 3.1
1210.48 7.7
1211.42 3.4
1212.63 2.6
1214.03 2.4
1215.52 2.3
1216.60 11.8
1217.70 11.3
1218.62 15.3
1224.64 1.8
1227.68 10.1
1228.76 5.1
1232.38 1.4
1234.49 18.3
1235.90 4.9
1236.94 2.5
1237.97 1.0
1239.70 4.4
1240.77 2.5
1243.59 2.1
1245.64 4.0
1248.82 5.5
1250.79 10.7
1254.56 7.4
1256.66 18.1
1257.55 8.1
1265.64 4.6
1271.76 1.2
1272.46 3.6
1275.26 5.4
1277.66 3.0
1278.77 3.4
1280.93 5.3
1281.90 16.8
1285.78 1.0
1293.47 5.4
1295.93 3.4
1296.73 6.9
1308.19 5.4
1308.95 11.0
1309.99 11.5
1310.81 11.0
1313.70 11.9
1314.79 10.7
1318.04 2.7
1322.64 3.7
1323.63 5.8
1324.97 1.4
1326.64 6.9
1329.36 10.0
1335.74 1.6
1340.45 3.3
1342.99 9.7
1348.78 6.0
1352.79 2.0
1354.11 1.3
1357.08 2.8
1357.93 3.0
1359.79 5.7
1360.73 3.0
1366.76 3.8
1370.08 7.3
1376.86 3.1
1392.50 1.7
1395.32 2.9
1396.70 1.6
1399.94 7.9
1400.92 2.6
1402.84 5.1
1407.66 5.0
1420.77 4.7
1421.70 4.3
1422.78 2.6
1423.61 9.8
1424.76 6.1
1425.54 2.2
1434.89 2.2
1437.98 1.3
1441.61 14.4
1442.97 14.4
1444.42 5.9
1451.95 2.5
1458.56 2.8
1459.94 3.6
1460.94 1.2
1466.45 2.5
1494.79 5.6
1509.15 2.4
1509.91 2.7
1510.79 1.5
1535.95 2.1
1538.01 6.8
1538.99 3.8
1543.72 3.4
1553.74 2.5
1555.13 2.3
1557.06 1.5
1567.02 1.7
1567.88 4.6
1579.77 9.2
1583.32 1.3
1584.05 2.3
1598.85 2.0
1617.80 3.1
1632.63 6.2
1645.71 2.7
1651.58 26.3
1652.69 2.3
1661.91 5.1
1664.05 3.1
1669.12 1.4
1670.89 6.7
1675.17 2.4
1681.13 5.6
1701.68 7.1
1717.76 1.9
1752.99 2.4
1788.04 1.1
1793.14 1.2
1809.79 3.1
1831.32 4.2
1898.98 2.5
1933.15 3.8
