1045.56621 2
153.23 1.5
155.26 2.6
157.23 11.6
158.18 2.4
160.14 3.0
162.37 1.5
163.20 1.6
166.24 4.7
167.89 5.3
169.43 3.3
172.22 1.2
173.16 20.6
175.33 6.9
177.08 3.4
178.19 19.0
179.21 2.0
180.26 3.9
181.29 6.9
182.14 2.3
183.17 15.1
185.12 4.2
186.09 3.1
187.20 3.5
189.19 1.9
191.39 4.0
192.21 1.6
195.21 3.5
197.22 2.4
199.18 1.7
200.59 2.6
201.28 40.8
202.34 4.7
204.16 1.0
205.07 1.6
209.18 2.5
210.14 10.6
211.90 16.3
213.80 4.5
222.09 2.5
223.17 11.3
224.24 3.8
225.30 19.9
227.38 15.9
229.09 4.6
230.13 1.4
231.27 2.4
232.24 3.0
233.22 2.4
234.10 4.2
238.19 203.8
239.19 12.2
240.24 8.2
242.12 5.9
242.82 9.4
244.21 1.7
245.19 6.7
246.29 2.5
247.47 2.0
250.16 2.5
252.27 10.7
253.28 7.3
256.13 4.4
257.14 8.5
258.09 28.7
262.29 34.8
263.06 16.6
263.94 11.5
265.23 6.0
266.17 2.4
268.00 4.4
270.24 112.0
271.24 2.3
272.11 6.1
272.95 2.9
275.22 7.8
276.19 5.7
276.88 2.5
278.14 2.7
279.32 3.9
280.23 6.6
281.21 7.9
282.15 10.4
282.96 34.6
284.05 8.8
285.06 29.1
286.25 7.8
287.34 1.3
288.01 24.0
289.19 2.2
290.34 1.6
291.37 7.8
292.00 2.7
295.35 2.5
297.14 1.5
298.28 2.2
300.20 3.7
301.06 4.9
302.39 2.9
303.26 4.4
304.05 4.2
306.35 1.1
310.17 82.2
311.48 18.5
312.24 17.1
313.14 5.9
314.16 30.0
315.13 3.0
316.36 2.1
318.06 2.9
319.13 4.2
321.26 10.7
322.17 12.6
323.41 1.8
325.11 4.3
326.35 9.8
327.41 7.0
328.18 2.8
329.18 3.1
330.19 22.1
331.08 4.4
333.01 8.8
337.89 12.6
338.98 12.5
340.24 7.8
340.95 4.6
342.32 1.5
343.02 1.7
344.22 11.4
346.07 7.7
347.23 7.2
348.30 11.1
349.07 4.8
355.17 2.4
356.14 3.6
356.90 4.6
357.98 1.2
359.88 6.6
361.33 10.8
362.31 3.9
364.96 7.7
365.99 7.2
367.30 11.0
368.17 1.8
369.47 7.9
370.93 54.4
374.18 25.3
375.15 6.1
376.24 112.3
377.26 12.8
378.17 8.5
379.76 395.4
380.38 118.0
383.37 4.1
384.74 39.2
386.00 4.1
387.02 4.9
388.11 12.2
389.17 7.7
390.46 1.1
391.25 16.9
392.15 6.5
393.23 8.1
394.37 11.7
395.22 17.1
396.18 5.2
397.14 2.4
399.46 3.0
400.90 13.8
402.17 7.6
403.26 3.8
405.61 213.9
406.38 28.4
407.08 4.7
409.08 269.7
409.91 5.9
411.29 3.8
412.32 2.5
414.38 2915.4
415.49 26.7
416.24 6.1
417.07 7.9
419.14 19.0
420.24 10.4
420.86 4.6
421.54 3.5
422.37 11.6
423.35 856.1
424.48 27.9
425.59 20.3
426.30 16.0
427.29 14.7
428.34 19.1
429.17 28.3
430.13 5.0
431.06 1.7
432.12 2.8
433.40 5.8
434.41 5.2
435.64 14.4
436.31 5.1
437.05 11.2
438.12 11.2
438.90 3.0
439.99 6.1
441.34 53.8
442.39 35.6
443.32 16.3
444.28 9.0
446.56 8.2
447.22 4.1
448.54 6.2
449.20 22.9
450.92 11.4
452.18 7.0
454.80 14.0
456.23 6.3
457.69 9.8
458.34 12.4
459.50 9.3
460.80 18.3
461.57 2.7
463.11 125.9
464.17 41.8
465.21 14.5
466.55 16.6
469.37 5.1
470.35 9.2
471.95 53.6
473.30 9.1
474.97 4.9
476.31 8.4
477.24 12.8
478.16 9.9
479.04 15.7
480.25 12.1
481.69 34.2
482.48 8.7
484.90 5.9
485.91 13.5
487.15 19.1
488.05 13.2
489.40 106.4
490.61 17.1
491.32 5.7
492.13 4.7
493.78 63.8
494.60 17.2
495.54 9.6
496.52 78.1
497.43 13.6
499.39 12.2
500.31 5.9
501.41 9.5
502.40 12.8
503.66 15.6
505.20 746.1
506.01 419.1
507.11 26.1
508.82 6.2
511.74 49.2
514.19 267.1
514.91 63.1
523.02 1.6
532.14 2.8
536.45 5.4
539.05 13.7
540.40 8.2
546.48 2.2
548.12 3.9
549.44 5.1
551.42 2.7
554.59 1.5
556.56 8.7
557.44 15.7
558.15 2.8
560.81 8.4
565.04 5.2
567.45 3.4
569.47 2.5
572.53 2.5
573.45 3.6
574.95 2.3
576.31 5.2
578.03 1.5
581.34 4.1
585.72 7.1
586.36 77.6
587.41 29.6
588.70 3.3
590.35 334.7
591.49 48.5
593.60 3.9
601.38 2.7
602.42 3.9
604.28 40.5
605.35 8.5
607.55 1.7
609.42 3.1
616.50 5.1
618.19 2.6
619.18 2.3
622.02 5.9
630.02 1.8
632.46 4.8
634.47 9.7
635.39 17.3
636.52 7.7
642.36 1.3
644.74 3.6
646.24 7.4
652.53 10.9
653.28 2.2
661.34 71.4
662.54 27.9
667.80 8.4
670.12 9.4
670.92 10.4
671.66 2.8
673.64 7.7
674.62 3.8
676.89 13.5
685.26 4.6
687.37 55.9
688.44 13.1
689.45 3.4
692.59 1.9
696.92 13.2
698.53 5.4
701.83 12.9
708.22 2.1
710.77 5.5
711.76 25.9
712.39 1.1
717.28 47.4
718.29 19.3
724.87 1.2
729.44 2.0
731.19 10.1
735.27 5.9
739.91 5.1
740.64 15.8
741.53 3.5
742.67 3.0
743.67 12.1
749.81 6.4
754.52 2.6
755.56 8.1
758.42 512.1
759.47 105.0
766.51 8.1
767.61 12.0
769.71 3.4
771.62 3.8
777.69 3.3
780.70 1.7
785.14 3.7
798.74 2.0
799.41 2.6
807.51 3.2
809.34 6.7
820.49 1.8
822.16 4.2
827.30 12.5
828.50 1.5
829.45 2.1
830.72 6.2
835.57 4.1
841.74 5.1
845.46 230.9
846.48 60.1
855.48 6.0
856.52 1.2
860.69 3.6
871.40 1.3
877.66 5.8
880.34 38.0
881.31 23.9
896.38 2.2
899.80 1.6
912.55 1.8
914.39 5.9
915.42 8.0
924.47 1.4
932.60 25.0
933.59 4.7
942.70 21.1
943.51 11.6
974.82 1.0
991.59 3.4
999.01 2.6
1008.64 1.5
