2314.99326 3
225.21 2.3
228.03 1.4
234.96 1.7
240.36 6.0
241.16 6.6
246.37 8.1
259.37 3.3
265.28 1.6
271.17 5.7
277.25 1.2
290.28 1.1
295.19 2.2
298.42 2.6
302.24 3.3
303.18 1.3
307.53 1.4
309.11 2.0
310.37 4.3
312.27 6.2
315.12 4.9
329.35 2.7
333.32 78.1
334.57 2.3
336.39 10.1
338.14 5.7
340.74 6.2
341.41 3.2
343.29 5.4
346.75 1.2
349.14 2.6
350.32 2.6
355.04 3.2
359.18 1.1
360.31 2.5
363.25 5.1
364.06 1.3
366.90 11.5
369.04 5.8
371.02 3.5
372.34 3.0
376.37 9.0
377.31 2.0
379.56 2.7
384.46 3.7
385.64 1.2
391.13 2.4
392.18 1.9
393.11 10.2
394.66 14.3
395.29 3.7
398.42 1.3
400.31 2.3
402.68 6.0
403.74 4.3
404.48 2.9
405.20 3.8
408.31 3.0
411.60 2.2
412.82 10.2
416.28 10.6
420.35 33.3
421.25 7.5
422.37 9.2
426.25 10.0
427.18 6.8
431.36 24.5
432.11 3.1
436.42 2.8
437.25 1.0
443.31 13.7
445.34 7.3
446.08 1.5
447.40 13.0
449.99 1.2
450.73 7.2
454.25 8.4
456.11 14.0
461.42 2.5
464.74 24.1
465.51 14.6
468.40 4.1
469.30 3.7
473.85 5.0
476.51 4.9
477.38 2.2
481.95 13.9
482.62 8.0
483.34 6.3
484.42 3.6
485.59 3.6
486.33 3.4
490.67 22.7
491.63 5.6
493.51 9.0
494.42 8.0
495.12 4.1
496.21 3.0
497.50 3.4
498.24 2.2
499.22 10.1
501.17 9.6
502.09 3.5
503.32 3.2
504.35 10.9
505.41 5.3
507.33 59.7
508.46 13.3
509.42 5.2
511.42 4.4
512.86 19.7
513.81 3.4
514.58 3.0
515.57 6.0
516.28 4.3
517.28 8.7
519.52 9.7
520.18 2.0
522.01 19.0
523.01 9.1
523.87 5.4
525.01 16.4
525.87 4.0
527.47 3.9
529.43 12.1
530.12 7.8
531.45 13.3
532.31 16.0
534.25 57.0
534.94 11.2
536.94 7.3
537.61 1.6
538.45 6.2
540.13 14.4
541.35 28.0
542.62 13.2
543.35 22.4
544.70 6.8
545.47 5.4
547.59 5.1
548.61 14.4
549.94 21.5
550.71 11.2
551.36 10.4
552.18 5.2
554.05 16.4
558.95 22.5
559.85 6.3
560.95 13.3
561.64 1.2
562.57 34.5
563.70 11.4
564.40 48.8
565.57 10.2
566.67 18.6
567.95 3.7
569.55 10.1
570.40 27.0
571.51 23.7
575.29 8.1
576.36 1.0
578.99 49.0
580.15 24.7
580.92 10.2
582.23 2.9
582.96 5.4
585.73 6.2
587.26 1.4
588.26 2.1
589.59 14.0
591.62 7.8
592.41 6.5
593.22 9.8
593.95 5.8
595.76 20.5
596.97 4.8
598.19 30.8
600.54 48.6
601.36 1.5
601.97 9.5
603.33 3.3
605.24 2.5
607.36 89.7
608.55 23.1
609.87 2.5
610.90 27.3
611.57 4.4
613.42 6.3
614.62 4.7
616.25 11.1
617.44 8.9
619.42 87.5
620.39 8.4
621.40 78.9
622.27 20.2
623.04 7.4
625.03 12.8
627.19 6.0
628.39 23.1
629.24 7.4
629.87 2.2
630.52 2.3
632.26 14.9
635.76 2.8
637.53 81.4
638.27 2.4
641.18 2.7
642.18 22.1
643.24 19.3
646.05 8.4
649.18 11.1
650.73 45.0
651.42 32.8
652.05 2.2
652.86 1.5
654.91 18.6
657.60 16.7
658.54 6.7
660.29 13.4
662.53 4.3
664.88 4.3
666.58 13.6
667.24 9.9
668.52 4.7
669.92 9.2
671.92 9.5
673.45 4.9
674.73 9.3
676.40 4.2
677.06 7.5
678.40 174.9
679.40 30.5
680.48 10.4
681.70 20.7
683.43 42.1
684.49 38.6
685.59 25.1
686.48 6.5
687.39 28.9
688.43 6.2
689.14 1.6
691.73 18.7
692.53 62.7
693.21 4.0
694.32 27.6
695.02 10.8
696.02 26.2
697.23 79.1
698.16 58.4
701.18 304.2
701.90 29.9
702.60 10.7
703.35 7.7
704.80 13.0
705.50 29.1
707.00 17.5
709.02 16.5
710.34 527.3
711.23 48.3
716.00 8.2
717.25 37.4
719.00 488.9
720.07 66.6
721.08 49.6
722.12 19.2
723.19 12.1
724.15 2.9
725.49 5.3
726.36 8.8
727.48 77.2
728.42 23.7
729.52 60.4
730.42 34.2
731.29 3.1
732.84 24.5
733.50 7.8
734.19 1.6
735.39 292.6
736.40 94.8
737.32 27.7
738.33 54.3
739.08 78.9
740.13 11.0
741.37 6.2
742.45 9.4
743.44 10.1
745.07 5.3
745.82 93.7
746.71 116.9
747.67 179.3
748.51 172.0
749.48 246.8
751.48 122.9
752.47 333.8
753.93 452.3
754.79 693.9
756.19 287.0
757.55 46.8
758.38 247.7
760.23 131.5
760.90 309.9
763.84 12.1
780.42 12.9
781.56 2.4
782.55 7.5
783.75 21.5
784.42 10.0
785.82 27.1
786.58 14.1
787.49 1.3
788.56 9.7
789.35 7.5
790.12 15.4
791.18 38.6
792.56 23.5
793.33 8.6
794.00 1.6
795.19 53.3
796.03 6.3
797.92 20.8
799.53 12.9
800.67 2.0
801.79 43.6
804.37 12.8
805.31 5.0
808.89 11.2
810.27 64.7
811.00 49.9
813.01 3.5
817.48 2.1
818.52 3.4
819.72 118.9
820.62 5.7
821.61 39.8
822.44 145.5
823.44 48.8
824.42 30.5
825.49 4.1
826.59 9.2
827.42 8.9
830.34 45.9
833.21 9.6
836.35 3.2
837.16 13.8
839.10 38.4
840.06 14.0
841.52 42.1
843.48 13.1
844.54 13.2
845.48 8.6
846.21 9.6
848.10 98.2
849.10 21.1
849.96 2.7
850.64 10.2
851.43 4.1
853.48 1.7
854.38 8.3
855.64 2.1
856.51 9.9
858.71 31.1
861.40 76.6
862.49 17.8
863.39 4.6
864.64 3.3
865.60 2.3
867.70 27.2
868.53 26.1
872.83 1.3
873.57 32.2
874.41 2.3
875.32 12.1
876.45 66.0
877.33 27.1
878.06 9.4
879.43 486.4
880.46 204.7
881.32 26.3
882.49 1.3
883.57 11.2
885.18 8.5
886.02 6.1
887.24 10.8
887.98 4.8
893.40 7.9
896.19 37.8
896.88 15.9
899.15 16.3
902.46 4.5
904.89 67.7
905.50 13.7
906.19 5.1
909.29 10.8
910.35 8.9
911.52 13.9
913.00 4.3
913.80 11.3
915.13 4.8
916.63 2.0
919.14 1.9
921.87 2.7
924.27 1.7
926.87 16.6
928.54 40.0
929.49 15.5
930.88 51.0
932.53 3.8
936.70 11.0
937.50 1.4
939.59 128.0
940.47 12.9
945.33 15.5
946.47 2.5
948.64 129.9
949.48 18.8
950.51 1.9
951.54 1.3
952.43 9.4
953.40 1.1
956.03 3.5
956.68 1.6
957.56 3.6
963.27 5.2
964.91 9.4
965.85 20.2
969.58 4.0
970.66 8.2
972.40 2.3
974.45 104.4
975.39 2.8
976.68 1.3
980.32 10.7
981.29 2.4
983.07 63.4
983.96 40.4
984.63 5.9
987.42 6.4
992.16 110.8
993.00 17.3
993.74 12.4
994.65 4.6
997.38 5.5
998.68 4.1
1002.74 26.5
1003.69 1.4
1004.54 3.4
1006.98 5.2
1008.56 11.5
1009.54 8.2
1011.46 5.1
1014.30 2.1
1015.42 40.6
1016.59 6.7
1017.53 37.7
1018.72 12.5
1020.08 5.5
1023.67 2.0
1024.57 7.0
1025.36 6.1
1026.49 75.1
1027.40 10.4
1028.45 8.1
1029.40 5.5
1031.14 5.1
1032.09 6.1
1035.66 50.2
1036.43 11.6
1037.31 21.4
1038.03 1.4
1040.60 11.4
1041.73 5.4
1042.48 32.0
1043.41 25.7
1044.75 19.2
1045.41 11.4
1046.59 9.6
1048.63 3.5
1049.46 8.0
1050.83 4.0
1052.55 1.4
1054.21 7.9
1055.12 6.8
1056.89 2.4
1058.51 90.1
1059.30 10.4
1060.51 4.6
1063.53 10.4
1064.67 12.0
1067.37 54.2
1068.25 24.8
1069.59 3.6
1071.45 3.6
1072.17 2.6
1076.25 245.9
1077.05 39.6
1079.73 10.0
1081.04 5.5
1082.34 10.3
1083.70 10.9
1085.23 284.3
1085.98 85.9
1089.58 9.8
1093.86 5.7
1099.54 33.4
1100.78 12.7
1101.64 2.0
1102.57 42.8
1103.58 9.3
1105.21 5.7
1107.57 3.5
1117.50 2.7
1120.70 12.6
1121.56 2.9
1127.72 1.5
1130.15 2.7
1131.57 3.6
1134.57 1.8
1136.64 3.8
1138.69 10.9
1139.67 4.5
1140.61 2.5
1141.79 13.0
1142.54 3.0
1143.32 2.1
1147.38 2.5
1156.64 27.6
1157.51 26.6
1158.40 11.6
1159.77 36.8
1166.50 3.0
1170.61 8.4
1177.23 5.9
1178.43 3.0
1180.05 3.9
1182.12 4.4
1187.61 4.4
1188.52 2.5
1195.49 7.9
1196.83 3.4
1198.86 4.3
1199.61 6.2
1213.58 78.8
1214.58 20.7
1215.46 5.5
1216.61 14.9
1217.47 22.0
1223.61 4.7
1227.69 2.5
1230.45 5.9
1235.79 11.7
1236.71 2.6
1243.64 2.8
1249.38 5.1
1251.74 1.8
1255.76 1.9
1256.71 9.6
1257.46 2.2
1269.64 7.5
1270.41 2.8
1273.54 41.0
1274.68 18.2
1275.64 2.7
1279.72 2.0
1282.60 11.2
1284.72 2.5
1295.69 4.0
1300.72 11.3
1301.67 4.5
1302.46 1.9
1334.60 7.7
1335.74 4.3
1339.47 3.1
1344.66 1.6
1352.46 4.3
1354.83 3.9
1370.03 1.5
1383.72 2.5
1385.06 4.8
1385.79 3.3
1387.74 11.0
1388.74 4.3
1400.97 5.4
1436.83 20.1
1437.81 10.3
1452.35 2.7
1458.60 2.0
1474.79 3.3
1475.69 5.5
1532.84 8.9
1553.66 1.1
1557.65 1.7
1570.91 1.9
1572.02 5.4
1582.85 4.7
1589.17 2.8
1590.14 2.7
1637.52 2.0
1638.90 4.4
1701.62 1.1
1945.06 1.6
