679.34996 2
98.35 1.1
99.05 8.1
100.22 10.6
101.95 2.1
104.03 8.4
105.05 5.6
106.25 4.1
107.28 1.3
108.99 8.0
110.88 13.9
113.11 3.9
114.12 50.7
115.03 6.5
116.12 1.5
117.14 2.6
118.07 8.8
119.17 7.8
120.12 7.3
121.06 9.0
122.07 21.5
122.85 4.6
124.34 9.6
125.21 4.9
126.15 6.5
128.07 374.4
129.11 12.9
130.16 23.4
131.15 10.8
132.09 9.8
133.18 60.1
134.08 6.6
135.09 17.3
135.74 4.6
136.34 5.8
137.19 13.6
138.12 5.7
139.13 6.9
141.81 10.9
142.90 4.2
144.10 14.6
145.15 31.4
146.03 6.5
147.14 7.1
147.98 5.2
149.14 18.3
150.09 2.9
151.23 9.0
152.12 8.4
153.16 9.5
154.12 5.3
155.16 52.7
155.89 5.3
157.90 13.0
159.12 12.2
160.06 68.0
161.15 23.2
162.10 104.9
163.16 22.1
164.13 8.5
165.15 20.5
166.11 9.4
167.32 11.3
168.16 17.5
169.30 11.2
170.26 3.9
171.21 21.8
172.13 26.0
173.15 20.2
174.13 6.3
175.17 21.3
176.17 2.6
177.19 55.9
178.17 10.1
179.17 36.1
180.12 14.4
181.27 3.4
182.21 15.9
183.19 4.4
184.32 7.9
185.44 13.7
186.06 115.2
187.21 5.3
188.25 12.5
189.27 3.7
190.22 5.0
191.23 18.8
192.21 8.2
193.21 14.1
194.17 14.8
195.21 36.7
196.15 34.8
197.14 6.8
199.08 126.0
200.17 9.0
201.22 8.6
202.09 33.5
203.29 10.1
203.94 2.5
205.07 13.1
206.17 35.6
207.21 7.5
208.19 19.2
209.36 40.0
210.24 187.8
211.12 23.7
212.23 31.3
213.04 25.5
214.20 24.5
215.10 15.8
216.26 8.9
217.10 11.4
218.19 76.1
219.20 974.8
221.08 27.0
222.23 10.6
223.23 21.0
224.21 28.5
225.26 23.5
226.16 66.1
227.19 108.0
228.12 50.8
229.11 43.8
230.03 8.5
231.20 1.1
233.03 20.9
234.28 19.5
235.21 8.9
236.24 21.8
237.54 30.6
238.44 3.7
239.20 31.5
240.28 32.5
241.21 148.2
242.12 17.6
243.24 38.7
244.25 29.2
245.34 10.2
246.04 31.4
247.07 45.5
248.06 31.3
249.26 22.3
250.22 22.3
251.22 25.7
252.21 35.8
253.26 26.3
254.42 23.4
255.10 36.2
256.08 17.3
257.05 10.2
258.18 16.7
259.12 15.3
260.15 11.6
261.21 12.6
262.13 9.2
263.32 12.8
264.42 29.3
265.35 31.3
266.14 22.4
267.13 32.3
268.20 52.0
269.18 17.8
270.29 9.7
271.19 9.8
272.25 7.8
274.17 6.5
276.19 61.0
276.95 31.0
278.37 17.6
279.13 5.2
280.25 104.1
281.25 91.2
282.32 74.4
283.37 28.4
284.19 80.4
285.19 10.8
286.42 16.7
287.16 26.2
288.32 8.1
289.24 9.9
290.63 45.9
291.38 6.3
292.18 17.5
294.09 310.0
295.11 31.1
296.17 96.8
297.14 40.3
298.15 23.5
299.07 48.9
300.24 3.0
303.16 3.4
304.20 135.8
305.21 77.1
306.19 67.7
307.29 17.0
308.32 2.7
309.53 16.4
310.82 31.9
312.13 96.0
313.14 213.7
314.10 5.8
317.23 24.6
318.17 46.9
319.18 9.0
322.20 1203.2
323.19 377.0
325.00 1380.5
326.08 32.1
327.33 1.6
328.66 4.9
331.11 223.2
331.83 205.9
332.46 52.2
333.97 14.1
340.20 5.8
342.65 8.1
343.97 4.2
350.20 3.6
355.32 1.1
359.07 9.5
368.07 1.1
371.27 3.5
383.24 1.4
393.23 4.3
397.07 3.5
415.30 28.0
416.50 2.6
417.38 2.8
418.82 7.5
426.87 5.3
434.55 1.0
435.48 13.7
436.35 5.5
437.23 8.6
438.45 1.2
452.39 12.6
453.47 11.6
459.29 42.9
460.34 2.4
462.74 9.2
464.14 1.4
470.58 5.2
480.84 1.6
482.88 2.8
498.37 2.0
501.22 1.9
503.13 27.0
505.63 4.6
510.28 4.2
515.57 2.2
520.47 1.5
521.10 3.5
522.47 4.3
525.37 3.1
534.01 2.8
546.11 2.8
547.35 9.7
548.52 2.9
552.58 5.3
562.47 2.4
563.64 2.2
570.51 1.4
576.47 2.4
580.32 8.5
596.49 1.5
601.78 1.8
613.59 4.8
657.41 4516.4
658.42 1486.9
659.34 61.1
