1185.57793 2
169.19 8.1
174.14 1.1
175.15 6.1
175.86 2.0
177.09 3.0
178.17 13.9
179.07 2.0
182.25 1.4
185.21 1.2
186.07 1.6
197.33 2.2
200.12 42.9
200.88 5.1
203.10 7.2
205.17 6.4
210.01 2.8
210.90 1.5
214.06 4.5
216.08 24.4
222.21 1.0
224.01 2.2
225.15 1.9
229.13 10.6
230.13 9.6
234.13 15.9
235.23 1.2
236.97 2.7
242.13 2.2
243.97 4.2
246.30 3.1
247.06 5.4
248.26 3.5
251.81 7.7
253.38 3.1
258.19 6.2
259.32 2.3
260.19 4.3
261.14 1.9
263.15 8.6
264.29 9.2
265.89 2.7
267.20 17.9
268.29 6.3
268.93 2.9
270.20 1.6
271.11 2.0
276.12 5.2
277.87 1.7
280.16 12.0
281.14 2.1
284.30 1.6
285.84 4.8
286.55 2.6
288.27 17.2
289.24 1.1
290.37 4.4
291.19 3.2
292.42 2.9
294.15 4.1
295.10 6.8
297.49 7.3
298.27 33.2
299.36 6.9
300.22 7.4
302.03 18.7
304.13 36.5
305.20 2.1
307.18 1.6
311.08 3.2
313.08 1.9
315.42 2.4
316.28 14.9
319.11 6.1
321.24 8.3
322.14 1.4
326.99 1.7
330.45 1.1
335.99 18.9
339.32 2.9
340.21 2.1
343.24 3.8
344.35 9.8
345.41 18.1
348.13 4.6
349.37 11.2
352.21 2.7
353.30 11.6
354.23 6.3
355.18 46.5
356.45 2.3
357.35 4.3
358.97 1.9
364.22 7.7
365.46 6.3
366.27 6.0
368.37 1.7
369.42 1.3
370.07 1.5
371.16 7.9
372.06 2.4
373.26 1.3
375.22 3.1
378.22 3.9
380.45 2.8
381.31 16.7
382.32 15.2
384.11 18.3
385.07 8.7
388.12 1.7
390.33 7.3
391.31 13.9
393.20 30.0
394.23 1.2
397.35 9.1
398.92 4.9
400.33 1.6
402.02 12.9
405.36 2.5
406.97 1.6
409.36 2.4
410.21 1.0
410.96 4.6
412.43 3.8
414.56 3.2
416.09 11.8
418.29 2.1
418.99 1.7
421.15 1.8
425.11 8.0
426.19 4.2
427.04 60.7
427.68 2.0
429.41 2.1
431.38 2.7
433.34 6.2
435.15 7.5
437.23 5.0
437.94 6.7
441.33 13.6
442.30 47.9
443.18 5.6
445.06 16.9
447.33 14.1
450.03 1.8
452.40 9.4
454.18 1.3
456.11 6.3
457.20 14.4
459.64 79.6
460.42 327.7
461.45 21.6
463.00 7.6
465.20 3.7
468.51 1.3
469.25 2.5
470.32 19.6
472.80 10.2
473.50 1.6
475.43 4.5
476.34 1.4
478.19 5.2
478.97 14.1
480.08 17.1
481.38 2.3
482.55 11.3
484.04 6.0
485.21 13.6
485.82 6.9
486.74 2.9
488.39 4.9
491.12 30.2
492.23 6.6
494.42 17.2
498.19 80.4
499.05 4.1
499.98 9.2
503.17 1.6
504.13 9.4
505.22 8.4
509.16 6.2
510.98 3.0
512.44 7.4
513.06 4.6
514.16 3.8
515.40 2.8
516.15 4.8
518.16 34.4
519.93 11.6
521.15 2.7
522.71 4.9
523.75 1.1
525.26 3.4
526.26 7.1
527.25 33.5
528.34 7.6
529.24 68.2
530.14 6.8
533.47 16.0
534.12 14.6
535.48 10.4
536.13 1.6
539.26 10.9
540.29 3.0
541.29 5.3
543.30 1.7
544.45 3.4
545.36 2.1
548.05 8.3
549.22 12.4
550.32 1.5
551.07 4.9
552.23 8.3
553.18 3.0
554.32 10.7
555.34 10.1
556.24 14.6
557.37 46.8
558.44 20.0
559.43 1.8
560.24 10.7
561.40 7.0
562.61 44.1
563.50 17.5
565.12 3.0
565.72 1.6
567.55 8.6
569.47 19.9
570.83 20.3
571.88 12.4
573.46 140.6
575.33 187.7
576.36 53.1
577.60 9.7
578.22 21.2
578.91 2.6
579.81 3.1
581.04 6.1
581.85 5.4
584.12 152.4
584.92 50.5
588.02 2.9
603.97 1.7
607.35 1.3
610.39 2.5
612.55 8.6
613.25 89.5
614.38 4.3
616.55 1.0
620.55 1.9
624.54 5.0
626.15 3.3
628.31 2.7
630.64 3.8
632.62 4.5
633.50 3.8
637.17 1.5
652.73 2.6
656.31 4.9
662.38 3.7
664.39 1.9
665.38 3.6
667.31 6.5
670.46 17.4
671.46 1.6
673.47 14.6
674.50 15.1
675.51 2.8
678.57 3.0
679.71 2.0
681.53 5.5
688.35 201.7
689.67 1.6
690.45 1.2
696.53 1.6
698.44 16.3
699.46 26.4
703.96 2.2
708.25 7.9
709.10 1.8
711.28 2.5
712.41 3.0
717.00 1.3
717.65 5.8
719.68 5.5
726.25 315.4
727.34 5.3
729.40 5.7
730.43 1.6
735.77 4.8
741.46 20.9
742.54 1.9
743.68 9.1
744.65 12.0
753.72 2.8
754.80 2.3
756.62 2.7
758.33 7.4
759.43 116.5
760.42 7.3
769.27 8.0
769.97 8.2
771.46 5.4
772.37 3.7
781.41 5.4
786.11 3.8
789.30 6.5
790.48 3.0
795.46 5.6
797.37 2.4
802.31 6.2
803.69 18.8
804.54 23.8
805.38 8.3
806.10 1.7
812.43 3.4
825.68 1.6
839.34 1.3
840.31 4.9
842.50 4.3
843.75 16.4
846.37 34.8
849.77 6.1
856.72 3.3
858.50 3.5
859.67 1.2
867.53 2.0
870.34 11.4
871.31 4.3
873.47 12.0
874.67 6.5
875.72 1.7
880.28 2.2
881.50 1.2
882.69 1.2
883.39 1.7
887.49 2.1
888.53 14.7
890.34 1.5
893.49 1.5
897.45 6.8
898.26 28.9
899.68 6.8
904.53 2.6
906.17 4.6
916.38 16.7
917.37 32.5
918.41 9.3
919.98 3.6
922.65 3.3
928.60 3.1
934.66 1.1
938.81 2.5
940.12 1.8
941.10 1.3
948.55 1.2
955.67 2.6
959.47 1.3
965.47 3.0
972.54 1.8
981.58 2.6
983.56 2.5
985.48 2.0
993.45 7.3
994.24 2.5
995.69 2.3
998.86 2.9
1002.59 2.7
1004.23 2.3
1010.85 29.3
1011.53 129.6
1012.47 6.4
1014.58 6.6
1016.25 17.1
1017.27 9.3
1018.58 11.2
1032.92 2.2
1038.15 1.3
1038.96 1.7
1039.67 3.6
1056.35 1.5
1066.75 2.4
1081.43 1.0
1162.89 1.5
