676.38988 2
100.06 4.3
101.20 16.2
102.15 12.9
105.19 1.1
107.98 1.7
108.94 1.4
111.24 4.7
112.20 5.7
116.04 1.4
124.98 3.2
128.41 17.5
129.08 197.1
130.14 70.4
135.31 2.2
136.15 6.1
137.18 7.6
138.19 2.1
142.19 1.5
145.12 4.9
147.09 401.5
148.16 29.3
149.31 1.3
151.08 4.6
153.14 2.2
154.19 1.1
155.40 3.0
156.44 8.8
157.19 20.2
158.07 15.9
160.65 6.7
161.27 5.0
162.29 2.3
164.24 3.2
167.27 3.7
169.33 1.1
170.08 2.2
171.22 2.5
172.05 2.8
175.07 667.5
176.23 24.8
177.14 7.5
178.73 8.8
181.22 12.7
182.27 3.1
183.07 2.6
187.60 3.5
191.29 9.7
192.13 1.2
193.10 3.7
196.36 7.8
197.25 2.8
198.32 2.6
199.24 14.7
203.15 1.9
205.16 4.1
205.98 14.8
207.23 8.1
207.96 1.6
209.20 3.7
211.28 2.2
212.84 2.1
213.56 1.1
215.19 4.3
216.18 10.2
217.05 2.6
219.28 3.3
220.21 9.0
221.97 1.3
223.13 10.6
224.13 21.5
225.15 20.3
226.71 8.8
227.37 4.8
228.12 1.5
229.31 7.7
230.15 1.1
232.10 4.0
233.27 13.5
234.24 3.1
235.34 7.9
236.22 6.4
237.10 2.2
239.57 2.4
240.42 6.3
241.89 25.5
243.05 40.5
244.01 4.8
245.18 27.1
247.17 6.0
248.03 12.4
249.58 12.0
251.77 156.3
253.26 6.1
254.14 6.0
255.26 9.9
256.59 10.4
258.25 80.9
259.11 4.1
259.74 1.2
260.46 7.3
261.23 3.0
262.33 6.7
263.64 7.2
268.68 5.1
269.51 33.5
270.13 275.2
271.18 17.9
273.39 6.2
274.90 10.4
276.17 160.5
277.43 2.3
278.38 7.8
279.24 10.9
280.24 14.4
281.32 17.7
282.44 15.1
283.13 10.2
284.58 3.6
285.86 18.2
286.53 5.2
288.11 81.3
289.42 10.7
290.39 8.1
292.30 3.3
294.01 5.7
295.16 12.6
296.11 3.6
297.12 38.2
297.92 6.5
300.36 1.7
301.06 7.2
302.48 18.8
303.43 12.6
305.00 1.0
306.47 1.5
307.18 5.6
310.26 11.4
311.03 8.8
312.20 10.0
313.07 5.6
314.91 26.4
315.92 25.3
320.56 307.5
321.22 114.7
322.09 57.1
323.00 15.0
326.36 17.3
327.42 8.1
329.82 4298.6
331.14 14.0
332.14 5.7
332.92 1.2
338.77 2.6
353.47 3.7
356.09 10.5
362.11 1.3
365.43 9.0
366.07 2.8
367.27 1.3
371.18 14.4
372.25 8.1
373.31 15.3
374.17 6.1
376.22 1.5
377.31 1.6
378.26 4.1
382.06 2.7
383.38 11.9
389.33 761.8
390.29 87.7
393.77 2.8
398.97 17.4
401.18 80.2
402.07 3.5
403.23 3.0
407.66 5.5
416.17 3.5
417.31 9.6
424.45 4.0
425.19 1.1
429.27 1.5
439.30 3.5
439.95 5.9
441.10 9.8
442.28 12.5
444.01 2.3
446.55 8.9
447.30 2.7
448.45 1.3
450.02 119.6
450.98 17.9
454.78 7.4
458.43 10.1
459.55 7.1
460.29 4.5
461.42 6.0
464.10 1.4
471.38 6.7
475.12 9.0
482.38 2.3
483.86 10.3
484.51 11.2
490.79 2.1
494.12 19.2
495.26 10.9
502.38 2013.5
503.33 235.9
504.28 1.6
509.43 1.8
512.39 48.3
513.32 13.6
514.30 2.3
515.91 16.2
519.52 1.3
521.25 3.6
525.36 3.1
527.32 3.2
528.16 1.7
530.42 69.5
531.37 19.7
539.34 6.5
545.46 6.6
548.52 6.1
554.59 4.0
564.09 2.9
567.27 1.4
571.54 53.9
572.34 8.5
573.39 2.3
576.44 3.2
577.59 4.7
580.80 1.1
589.54 158.1
590.52 15.2
599.38 75.6
600.59 19.6
611.53 1.7
642.44 5.2
655.68 8.4
659.06 1.1
660.21 2.6
