1060.65386 2
151.27 3.4
155.21 7.9
163.14 3.1
164.21 1.7
171.04 2.9
173.06 2.2
175.28 3.9
184.94 1.4
186.07 5.3
187.49 4.9
192.30 2.3
196.39 1.8
208.34 8.3
209.14 10.9
210.71 9.9
211.43 8.1
212.17 2.1
213.19 3.1
219.16 12.4
222.28 2.9
225.18 7.8
226.02 1.5
230.37 6.7
234.21 1.1
237.18 16.9
238.25 1.1
240.13 2.0
242.06 9.5
243.26 2.9
244.16 2.6
246.89 5.6
248.52 7.2
251.12 1.3
252.11 2.4
253.10 2.6
254.17 217.3
255.20 27.6
260.25 7.7
270.24 2.4
271.28 12.5
273.48 3.9
276.09 1.1
277.39 2.0
286.29 2.1
287.25 1.6
288.27 8.6
292.11 2.6
294.17 14.6
295.09 8.7
300.13 1.6
303.39 7.6
307.21 1.0
311.25 6.4
312.26 2.0
316.35 2.6
321.23 2.2
324.35 1.9
330.25 1.2
332.54 4.6
334.39 6.4
335.21 8.3
337.36 1.2
350.83 4.4
352.17 13.7
359.29 3.9
368.41 7.7
369.22 4.9
372.33 5.7
372.98 1.0
374.51 1.1
375.39 2.0
380.53 8.0
384.81 8.8
385.53 4.6
386.93 6.4
387.92 4.2
389.40 6.9
393.28 5.1
394.72 1.3
396.11 21.6
397.26 3.2
400.14 2.2
402.37 2.5
404.23 3.4
405.12 2.4
406.62 33.3
409.18 3.4
413.22 18.6
416.23 15.3
417.00 29.5
418.64 4.8
419.64 1.3
422.26 29.7
423.07 2.4
424.26 16.3
429.05 19.3
430.14 1.7
431.29 8.4
433.46 9.8
434.55 2.7
435.69 5.8
436.92 25.9
438.59 10.6
441.19 13.8
442.39 23.6
443.37 4.5
445.78 3.1
450.83 71.6
451.51 10.7
453.31 1.0
454.01 5.2
455.67 5.3
457.08 14.4
458.63 33.5
459.45 16.1
461.26 1.5
462.28 5.7
463.81 28.8
464.77 22.4
465.50 6.8
466.44 69.7
467.32 16.9
469.50 8.9
470.30 6.6
471.43 4.3
473.07 264.2
474.40 5.6
476.65 17.6
477.55 3.7
478.69 15.0
479.37 14.9
480.70 18.1
481.30 1.5
481.93 4.8
485.25 9.7
486.56 18.8
487.53 4.6
488.46 4.4
489.65 86.9
490.35 3.1
490.99 8.6
492.11 11.0
493.81 1.6
495.43 2.0
496.40 5.2
497.02 1.1
498.54 227.7
499.44 35.8
500.22 19.8
501.41 3.3
503.38 11.2
504.54 6.2
506.07 9.7
508.30 51.6
509.02 52.6
510.14 1.4
512.44 149.2
513.48 174.1
514.44 6.4
516.17 18.3
517.01 6.5
518.39 4.2
519.51 15.7
520.25 3.5
521.52 328.4
522.54 433.2
523.42 11.9
524.35 11.5
557.43 9.5
572.32 12.7
573.43 2.7
580.02 3.1
581.66 2.4
588.65 1.8
590.21 4.4
591.48 1.9
594.45 4.3
598.64 3.6
602.86 2.9
604.47 4.3
606.47 4.5
615.51 4.6
619.55 3.0
624.83 1.1
626.29 6.7
628.35 1.8
631.52 5.5
635.63 3.1
636.61 8.6
638.61 1.9
644.59 1.5
646.16 3.8
649.53 3.1
651.92 4.4
656.96 9.5
659.64 3.6
671.03 2.2
671.76 1.5
674.45 21.1
675.55 5.8
681.45 1.5
684.56 1.7
685.34 3.1
686.48 4.8
687.51 3.2
688.41 9.1
690.16 2.5
692.48 3.1
693.73 8.0
699.75 1.8
701.54 6.6
702.96 6.9
704.56 5.4
706.43 3.9
707.57 1.7
708.52 13.9
713.61 3.6
714.58 7.4
717.74 1.1
718.40 3.7
719.60 1.4
725.57 8.2
726.55 2.3
729.42 3.6
731.96 9.6
733.44 11.6
737.17 11.9
745.49 9.3
746.39 12.3
754.91 1.1
755.57 2.8
756.62 11.3
770.65 3.8
772.39 4.0
773.60 33.8
774.63 16.1
776.35 7.7
777.77 7.3
778.61 3.4
788.41 6.7
790.54 286.9
791.66 109.4
795.46 9.1
798.53 2.1
803.77 4.1
808.60 4.5
812.09 12.6
813.34 59.4
814.25 12.7
815.59 3.6
819.55 34.6
820.64 4.2
823.61 2.1
827.18 1.6
828.24 7.0
829.51 1.9
830.26 7.7
843.53 2.1
845.47 17.5
846.35 11.7
850.49 3.0
852.41 6.3
858.76 3.8
859.84 5.3
862.51 1.2
869.52 2.9
876.47 4.7
881.87 1.1
887.09 3.9
891.52 3.8
893.38 2.5
903.56 6.3
907.30 1.7
909.43 59.8
910.43 25.7
911.48 16.2
916.48 1.9
927.71 3.6
931.43 4.5
933.08 2.5
973.57 15.4
990.00 4.2
1013.43 4.1
1037.72 16.2
1038.66 11.5
1040.41 3.2
