1095.48345 2
167.21 1.5
169.16 12.4
176.25 1.6
185.22 4.5
194.14 1.8
195.17 1.7
196.23 1.1
197.22 10.8
198.13 1.1
199.32 2.7
211.13 1.9
213.14 8.0
221.22 1.1
222.35 1.9
226.00 6.4
228.26 2.9
236.41 3.0
240.36 1.5
243.14 7.7
246.44 1.5
250.08 5.8
258.43 3.7
261.98 1.8
267.37 7.4
268.26 29.1
269.26 2.6
274.86 1.6
276.02 4.1
282.36 1.7
288.24 1.5
295.06 2.6
299.41 3.7
300.19 1.0
301.32 5.8
304.31 4.5
306.39 2.0
310.17 16.1
316.36 7.5
320.05 2.3
321.51 6.8
334.98 4.7
336.33 6.0
337.09 5.4
337.72 4.8
339.29 1.2
340.50 5.0
341.22 2.0
350.21 1.9
353.22 48.4
354.63 10.8
355.43 3.6
356.47 10.8
359.44 4.2
372.55 1.0
379.59 2.4
381.26 41.2
382.33 11.9
390.27 1.6
391.37 3.2
395.05 1.1
401.99 5.5
403.18 6.5
405.64 10.8
409.14 6.6
410.54 3.8
412.03 2.1
413.87 4.2
418.34 1.5
423.22 2.1
424.40 1.8
426.03 30.9
426.85 6.2
428.19 1.9
432.45 8.8
433.05 1.9
433.76 9.6
434.67 7.1
435.33 6.7
440.46 9.3
443.46 2.4
448.70 1.0
449.41 1.2
450.38 8.1
451.30 6.9
452.36 6.4
453.90 5.9
455.12 25.9
456.07 15.7
460.58 6.6
461.25 16.0
462.70 2.9
464.27 18.4
465.34 5.0
466.36 2.5
467.33 7.1
468.58 13.8
474.05 3.4
474.84 1.4
475.63 12.1
476.67 2.7
477.33 5.4
479.81 1.5
482.97 16.8
484.53 13.1
486.87 5.6
487.59 3.6
489.33 1.0
489.97 17.7
490.94 3.7
492.32 8.4
493.55 2.6
494.93 16.1
497.72 4.2
499.82 6.5
504.39 22.0
505.44 10.7
506.81 6.1
507.71 11.3
509.17 4.6
509.80 4.1
513.08 192.9
514.34 15.8
517.62 4.2
518.44 7.5
521.26 7.7
522.85 4.8
524.39 7.7
527.72 17.8
530.00 31.1
530.99 43.0
532.21 23.8
533.31 3.6
535.99 7.0
539.39 42.9
540.00 32.7
557.36 1.5
573.49 1.5
583.35 17.0
592.66 2.2
599.12 2.8
600.09 1.1
600.87 2.1
604.47 2.9
606.09 15.4
610.65 4.0
612.67 3.4
627.48 2.4
628.37 59.1
629.29 9.8
640.39 2.2
646.55 3.7
650.37 1.0
651.40 3.1
667.77 6.2
670.48 1.8
675.09 4.7
680.45 2.0
683.32 5.5
685.44 1.7
687.69 2.0
691.40 12.4
695.57 1.2
697.14 9.3
700.02 10.2
702.11 1.2
709.08 5.4
713.25 7.0
714.43 18.5
715.27 277.3
716.36 112.4
716.98 5.5
722.08 2.3
723.21 1.5
726.93 3.3
733.50 1.3
739.04 5.4
748.92 1.2
750.48 7.0
754.62 1.8
755.49 5.6
781.99 5.5
791.44 1.6
804.56 6.6
808.29 1.3
809.08 2.4
810.90 2.5
827.16 3.8
828.31 203.9
829.39 77.8
830.67 1.0
834.31 4.9
852.23 9.2
853.82 7.7
854.59 1.9
880.75 3.0
909.43 5.5
910.58 3.3
921.52 5.7
927.51 89.2
928.55 20.1
931.32 3.6
944.45 2.3
949.42 3.0
950.36 2.0
964.58 3.0
967.37 2.0
1024.65 5.5
1025.31 3.2
