1241.51604 2
199.47 7.8
202.18 1.6
287.31 3.0
291.18 4.2
349.16 1.2
355.19 2.0
379.10 2.0
401.33 1.9
418.91 1.1
449.44 6.9
453.29 3.2
471.15 1.9
485.04 11.1
490.41 4.6
491.34 7.3
500.04 1.9
501.28 8.1
503.92 1.6
507.10 12.8
510.95 5.9
514.27 11.0
519.29 4.1
520.03 7.3
521.30 3.5
522.05 1.8
523.26 7.2
526.29 6.8
527.66 4.9
529.41 3.8
530.41 1.7
534.56 8.2
540.00 5.1
541.44 10.5
542.44 15.0
545.71 1.1
548.63 50.1
549.49 3.9
555.35 4.4
557.42 520.1
558.24 5.3
559.12 2.2
561.02 3.1
561.69 3.1
564.71 16.4
574.98 4.7
580.86 5.0
582.85 17.2
585.75 6.0
589.93 2.1
593.45 3.2
594.15 6.0
595.19 6.6
597.51 14.0
598.73 7.1
600.05 3.3
600.74 5.4
602.91 14.8
604.00 31.8
606.67 20.3
609.22 14.3
612.35 43.4
613.00 8.9
641.65 1.8
647.59 1.8
651.32 2.4
656.30 3.2
658.36 6.4
734.55 9.7
759.41 2.1
761.20 1.4
766.52 3.2
769.42 2.4
783.61 1.1
815.31 3.8
824.66 1.9
832.15 5.3
838.33 1.5
843.46 1.4
864.20 6.5
871.53 3.7
872.22 4.2
887.36 2.4
905.40 1.5
927.11 2.2
944.20 1.7
1006.20 3.4
1007.57 6.8
1017.31 2.8
1018.88 8.0
1043.52 7.1
1048.28 4.1
1062.56 1.7
1073.32 3.5
1084.65 1.8
1091.53 5.9
1092.73 5.1
1097.76 1.2
1104.45 4.6
1105.61 3.8
1112.58 6.2
1219.86 2.7
