1830.911840000001 3
173.32 3.4
175.28 11.4
178.14 3.7
179.90 1.5
184.20 7.5
185.07 3.0
186.96 1.5
193.20 4.0
194.30 8.1
197.04 8.5
200.31 14.3
202.18 188.2
203.18 18.7
204.45 1.4
206.29 3.2
207.06 1.4
208.05 4.8
209.28 1.6
210.23 6.8
212.33 1.4
214.47 5.0
215.18 1.7
217.31 2.4
218.29 18.5
219.42 14.1
220.22 24.7
221.25 15.5
222.11 11.6
225.20 12.8
226.30 7.1
227.24 5.7
227.96 1.3
231.23 2.6
232.19 3.6
234.29 1.1
235.27 6.3
238.10 3.7
239.49 2.9
241.27 7.8
242.33 10.8
243.18 3.7
244.10 16.0
246.10 2.2
247.11 13.2
248.09 14.7
249.22 4.6
249.93 1.0
250.96 12.7
252.05 11.8
253.28 1.4
258.28 7.6
259.16 6.0
260.32 6.8
262.14 3.4
265.11 358.3
266.22 63.9
267.05 78.4
268.08 53.7
269.55 2.6
270.22 11.6
272.17 9.0
274.53 4.1
276.11 14.5
277.37 3.9
278.24 1.3
279.29 3.9
280.24 4.7
281.11 29.2
282.20 6.4
283.20 8.4
284.21 11.1
285.06 12.9
286.01 7.2
287.17 4.1
288.34 9.7
289.24 21.9
290.33 9.4
293.12 304.4
294.15 27.6
295.00 15.0
296.07 6.8
298.24 7.3
300.22 1.6
301.28 9.2
302.09 1.0
304.13 2.2
305.88 3.7
308.21 4.2
309.16 3.3
310.28 2.3
314.87 1.8
316.29 3.1
321.31 2.3
322.52 5.3
323.86 5.3
325.37 3.6
326.42 4.5
327.30 1.9
328.06 8.2
329.35 17.6
330.21 1.4
332.29 4.9
335.85 23.0
336.52 1.0
337.16 5.4
338.33 1.2
340.44 5.9
341.09 2.5
341.98 4.9
343.39 15.0
344.31 3.2
345.95 5.6
349.01 7.0
351.40 4.1
352.56 12.3
353.35 21.4
354.53 32.1
355.18 151.8
356.21 269.6
357.15 2.7
358.35 3.1
361.29 352.1
362.33 42.9
363.48 13.9
365.24 8.1
366.24 3.1
367.21 6.5
368.45 1.7
371.12 21.0
372.18 34.8
373.28 7.0
374.08 5.6
376.35 21.1
377.31 4.0
378.22 16.7
379.33 10.1
380.29 10.9
381.14 10.3
382.33 11.6
383.96 9.9
384.77 3.5
386.35 17.0
387.43 3.4
388.07 2.3
388.77 3.2
390.46 7.1
391.13 2.8
392.41 15.2
394.13 19.2
395.04 8.9
397.18 10.5
398.05 16.4
399.04 5.7
400.20 32.0
401.55 15.0
402.42 10.8
403.40 114.4
404.25 28.3
405.24 10.6
406.34 4.9
407.33 6.0
408.19 2.6
409.48 4.2
410.19 2.2
411.24 5.2
412.21 38.9
413.73 43.5
414.40 8.2
415.86 14.7
417.46 1.9
420.11 4.9
421.29 13.2
422.28 183.3
423.26 52.2
424.91 7.8
426.46 1.0
427.43 13.1
429.35 2.6
430.29 5.5
431.33 7.1
432.07 6.4
433.31 14.8
434.03 6.3
435.04 6.1
435.84 2.2
436.47 1.7
437.51 7.8
438.41 1.4
439.54 1.1
440.32 3.8
441.36 1.3
442.50 233.3
443.57 16.3
445.28 3.9
446.19 4.2
447.39 3.4
448.38 2.1
449.29 8.2
450.52 7.3
451.61 3.4
453.29 1.6
454.15 15.9
455.45 6.0
456.25 11.6
458.36 11.7
459.13 14.8
462.52 7.0
464.39 20.6
466.18 14.7
467.08 5.0
467.72 1.7
468.59 8.7
469.38 5.2
470.03 1.4
471.48 8.1
472.25 4.9
473.13 2.3
474.17 11.2
475.39 4.2
476.36 17.5
477.82 194.3
478.56 71.5
479.40 6.8
480.72 5.8
482.04 4.5
483.36 1.6
484.07 22.8
484.68 14.7
488.06 17.1
489.13 3.9
490.21 17.9
491.43 11.3
492.32 41.2
493.52 5.7
494.21 2.8
495.35 12.7
496.47 10.6
497.25 46.2
498.44 6.3
499.29 11.0
500.27 12.2
501.43 10.2
502.20 29.5
503.74 23.7
504.54 3.9
505.47 3.0
506.44 22.4
507.56 161.0
508.22 161.3
509.32 5.4
510.22 15.6
511.08 20.2
512.40 11.9
513.85 146.9
514.82 7.2
516.37 104.3
517.59 75.2
518.34 38.1
519.44 60.7
520.26 15.2
521.15 11.2
522.33 17.3
523.28 23.3
524.35 18.2
525.62 10.5
526.41 7.5
528.54 844.8
529.46 51.4
530.10 17.0
531.06 8.8
532.21 24.8
533.31 59.0
534.48 29.8
535.31 79.1
536.30 22.6
537.45 21.8
538.24 2.2
539.40 65.7
540.24 49.8
541.35 39.8
543.57 20.3
545.65 49.0
547.30 20.4
548.31 16.4
549.45 11.9
550.69 35.9
551.49 45.0
552.43 3.1
553.51 17.3
555.18 6.4
557.18 33.7
557.89 1.3
558.87 3.8
559.70 8.1
561.33 18.5
562.55 2.1
563.73 9.8
564.44 5.0
565.63 10.3
566.33 6.9
567.36 59.1
568.20 15.8
569.92 25.4
572.10 38.1
573.00 29.5
573.96 3.6
575.28 18.8
576.20 63.0
577.44 23.7
578.27 8.7
579.47 51.5
581.49 24.9
582.30 13.9
583.60 14.3
584.85 707.0
585.56 392.6
586.40 9.1
587.85 13.4
588.88 29.0
589.52 18.2
590.45 30.1
591.28 5.5
592.09 21.0
593.16 313.5
594.21 159.2
595.30 126.9
596.45 24.9
597.67 31.2
599.31 524.3
600.23 98.2
600.95 6.7
601.99 41.0
602.88 11.6
617.00 5.1
618.59 6.3
619.69 1.1
623.69 11.9
627.53 8.0
629.00 8.0
631.72 9.8
633.21 5.8
635.55 21.1
636.35 10.9
637.28 3.9
638.33 1.1
640.51 376.2
641.57 30.2
642.42 16.1
645.65 13.6
646.55 13.6
647.57 4.4
648.95 706.8
649.59 552.7
650.59 79.3
652.15 2.3
653.33 9.9
654.49 3.6
657.35 2.2
659.09 3.8
660.40 13.5
663.39 148.4
664.41 21.8
665.33 4.4
666.16 9.7
667.53 10.3
668.22 3.8
669.24 7.8
670.40 112.1
671.33 51.4
672.32 13.4
673.12 1.3
674.54 13.6
675.55 1.7
676.41 10.3
677.49 1.5
678.65 28.5
679.95 12.3
685.22 2.2
687.32 96.4
688.27 69.0
689.35 34.5
694.39 3.5
695.35 34.0
696.40 36.9
697.16 41.0
698.34 19.3
701.96 1.2
703.20 5.4
705.66 1101.7
706.61 136.5
707.29 3.3
709.40 7.9
712.54 5.3
713.39 4.5
714.57 2.0
716.41 4.2
717.26 1.9
718.04 20.5
725.52 6.1
727.11 12.2
728.31 9.7
729.40 5.3
730.70 9.8
731.59 16.2
732.51 2.4
736.18 79.5
736.87 42.1
739.31 1.6
740.26 26.4
742.69 3.5
744.18 1.6
746.13 3.9
748.02 15.3
749.35 8.9
750.56 2.9
752.17 8.3
752.90 15.2
753.52 2.3
755.69 8.3
756.37 3.7
757.98 4.1
758.67 3.2
759.39 11.7
761.27 441.8
761.99 98.0
762.64 15.9
764.71 15.2
765.80 23.5
766.51 1.4
770.19 3786.7
771.14 553.8
772.11 2.6
772.74 1.6
773.68 7.2
774.49 17.5
776.40 61.1
777.41 48.8
778.36 3.0
779.42 1.1
781.64 11.2
783.30 4.3
784.34 7.9
785.47 12.8
786.56 8.4
787.49 4.3
788.87 11.0
791.48 44.6
792.45 37.8
793.35 8.3
794.52 1.8
796.50 5.3
797.14 5.3
798.69 6.5
800.34 41.5
801.49 24.4
802.45 3.1
803.41 16.2
804.59 5.5
805.72 13.3
807.14 8.0
808.43 24.2
809.67 8.1
812.81 14.9
814.24 3.9
815.17 4.4
816.40 17.4
817.01 31.6
818.06 16.0
819.49 12.9
820.51 19.9
821.40 1.6
825.44 71.0
826.26 84.4
828.93 7.4
829.53 10.8
830.45 1.1
834.68 514.9
835.74 130.2
838.01 25.9
839.52 12.2
840.46 17.2
848.78 7.2
849.77 8.0
851.55 5.5
852.52 11.0
854.74 1.7
859.05 1.3
859.93 5.8
860.82 3.3
863.06 4.5
864.57 7.7
865.59 2.8
866.62 1.4
868.60 6.6
869.67 9.6
870.62 8.0
871.70 5.3
877.46 21.3
879.57 11.7
881.31 5.0
885.74 8.3
887.39 1.2
889.43 2.0
893.44 5.0
897.61 10.2
898.25 2.4
898.93 1.5
900.50 10.4
901.56 1.8
902.21 4.1
903.83 12.3
907.54 1.0
912.67 4.8
915.63 9.1
918.15 7.5
919.77 5.2
920.47 2.3
921.44 3.7
925.24 1.0
930.42 16.4
931.73 10.1
932.58 5.6
933.49 1.9
935.98 21.0
936.71 56.7
937.63 14.7
944.31 2.0
945.33 5.7
948.46 7.3
949.38 4.7
950.18 4.1
953.51 20.3
954.54 1.8
955.33 3.9
958.65 2.2
962.72 1.6
963.47 3.9
966.31 4.7
968.49 9.6
969.32 5.6
970.33 6.4
972.52 3.1
974.61 3.6
978.35 2.6
979.12 3.7
985.37 26.9
986.50 17.6
987.60 13.7
988.65 2.1
992.64 3.5
997.23 2.3
998.68 2.8
1003.52 4.7
1004.25 1.4
1006.56 7.6
1007.96 5.3
1015.96 12.9
1016.62 6.0
1018.51 5.2
1019.42 5.1
1020.65 2.1
1021.63 3.0
1024.57 9.6
1033.29 5.4
1034.53 3.2
1035.66 10.3
1039.09 2.0
1040.18 7.4
1040.88 1.6
1046.48 5.0
1047.55 3.7
1049.84 18.2
1050.95 11.8
1051.69 9.5
1053.61 2.9
1056.42 13.4
1057.47 16.9
1058.70 9.4
1064.28 4.2
1074.59 10.7
1075.69 1.5
1076.66 12.6
1082.72 2.8
1086.80 1.4
1090.94 5.4
1097.55 1.8
1105.81 2.0
1122.42 3.6
1123.68 1.4
1152.32 6.1
1160.69 13.2
1161.66 12.9
1162.54 9.1
1163.60 3.7
1176.30 1.1
1178.76 74.5
1179.64 33.9
1180.63 17.2
1181.45 1.1
1183.06 3.1
1184.98 3.4
1200.83 3.9
1235.69 17.4
1236.76 2.5
1249.14 4.5
1254.90 2.3
1267.36 1.4
1307.69 22.5
1308.86 6.7
1309.74 2.9
1321.69 4.5
1341.03 3.2
1364.95 10.9
1382.36 1.6
