1073.59661 2
153.22 1.3
157.36 1.3
171.29 3.5
173.29 1.8
175.28 2.5
179.94 1.1
183.21 6.9
186.01 9.8
187.06 1.5
198.21 8.0
199.20 6.0
209.13 1.6
211.25 12.1
212.96 1.8
214.32 4.8
217.33 5.9
220.04 3.2
221.38 13.1
222.33 6.2
223.15 7.3
224.91 3.0
226.34 3.6
227.07 1.9
228.29 13.2
229.26 13.2
230.17 5.2
234.99 1.5
238.13 5.8
241.52 3.5
242.33 1.2
244.25 11.6
245.00 10.6
246.26 32.3
247.32 1.7
251.21 2.8
253.28 61.7
254.20 11.5
260.44 2.9
262.70 2.4
265.23 8.3
265.99 19.5
267.29 3.7
268.21 10.3
270.22 43.2
271.60 6.8
272.37 1.1
277.23 2.0
277.98 4.4
281.16 327.7
282.09 497.5
283.46 5.8
284.16 4.0
286.32 6.4
287.19 1.2
288.07 5.4
290.00 2.2
292.19 6.2
293.35 5.5
295.09 3.6
296.37 2.5
297.07 6.1
298.15 12.3
299.01 32.8
299.93 14.5
304.09 2.6
306.36 4.5
307.44 7.5
308.17 7.6
309.23 7.6
310.39 3.6
311.28 1.7
312.26 5.8
313.11 2.6
314.43 1.8
316.01 2.5
320.34 4.9
322.18 1.3
324.13 2.4
325.37 6.5
326.28 5.8
330.13 3.7
331.28 4.6
334.76 2.3
338.71 7.2
339.82 7.7
340.99 30.3
342.04 18.9
343.38 50.9
344.37 1.4
346.22 2.1
348.40 1.7
351.13 1.4
354.37 2.9
354.99 8.0
358.10 11.6
359.21 10.0
360.24 184.3
361.29 19.5
365.55 1.1
368.63 9.8
369.44 3.3
371.71 5.6
373.21 1.2
374.52 4.3
375.44 1.2
376.42 2.4
377.34 1.5
380.21 1.4
381.42 12.4
383.33 4.0
388.26 5.7
394.46 2.8
395.07 3.4
396.39 1.9
397.12 3.7
399.16 5.1
401.24 2.9
402.01 1.4
403.03 1.2
405.42 16.9
406.26 17.6
407.09 5.1
408.26 9.0
410.10 2.4
414.91 49.5
415.92 31.5
417.74 5.4
419.73 2.7
423.09 20.6
424.43 9.0
425.42 7.6
427.14 6.9
427.80 10.4
429.72 25.2
431.05 11.8
431.67 6.3
432.74 23.9
434.15 1.6
434.86 7.7
438.08 1.1
439.50 3.6
440.63 9.8
441.87 34.1
443.45 7.1
444.34 25.5
446.25 3.8
447.27 1.2
448.45 1.2
449.20 2.1
450.66 12.0
451.70 4.7
452.53 22.8
453.20 3.6
454.75 13.7
456.03 16.2
457.26 3.1
458.32 14.1
459.24 16.8
460.04 1.3
461.80 6.1
463.10 7.4
464.29 30.1
465.03 7.1
469.13 9.4
470.95 6.0
472.25 7.6
473.35 11.0
474.40 2.9
475.33 25.9
476.34 14.5
477.39 27.3
478.32 3.6
479.35 30.8
480.11 16.3
481.19 25.0
483.02 17.9
484.23 9.2
485.20 10.6
486.38 86.8
487.41 9.2
488.17 3.2
488.92 7.4
489.70 8.5
491.23 8.4
492.44 3.6
493.05 1.2
494.78 5.9
496.08 10.6
497.34 19.0
499.02 11.6
501.39 43.6
502.15 9.8
503.49 80.0
504.16 273.0
504.94 1.8
505.89 8.5
506.86 7.3
508.17 7.2
509.48 29.2
511.15 23.5
511.92 1.8
513.09 12.2
514.01 14.1
515.03 60.0
516.76 12.2
519.17 193.0
520.01 575.4
520.97 36.9
521.81 43.2
523.33 49.4
524.97 23.4
525.62 7.0
526.35 3.1
528.15 259.0
528.96 201.4
553.43 4.7
554.22 1.5
556.21 3.2
558.34 7.9
562.23 2.4
570.35 6.9
573.24 6.6
582.34 6.4
584.33 2.3
588.42 36.9
589.62 2.1
597.39 2.3
598.41 1.0
599.41 81.8
600.61 12.6
601.36 1.4
603.39 1.6
612.47 3.0
614.30 4.5
615.51 1.5
617.55 7.2
628.29 8.5
629.49 5.4
631.36 2.5
634.32 2.0
635.96 2.9
637.09 9.2
641.40 9.3
642.49 1.6
643.39 6.8
644.36 5.4
646.35 3.1
647.82 1.5
650.21 3.7
655.52 1.8
656.39 5.5
658.56 10.4
659.48 4.7
666.54 2.3
668.95 3.2
672.61 3.5
675.05 5.6
679.28 4.8
680.11 1.9
681.00 6.7
686.31 1.0
687.40 6.9
688.03 1.9
688.72 11.6
689.42 1.2
692.32 1.1
694.48 1.5
696.44 7.4
697.61 23.6
698.44 11.9
699.38 14.4
703.64 3.0
706.01 15.9
711.39 2.0
712.53 2.4
713.85 17.5
714.46 390.2
715.38 153.4
716.11 2.0
717.49 8.5
728.53 2.5
730.79 2.8
731.41 9.1
732.57 7.5
740.54 2.3
741.59 4.3
742.42 5.1
743.51 1.8
745.39 6.5
747.41 1.1
753.68 1.2
756.75 3.6
758.69 3.5
760.48 3.9
767.67 5.2
768.51 5.3
769.54 9.7
774.23 1.1
776.54 7.2
778.39 8.0
779.23 1.0
786.65 7.7
787.41 3.8
788.25 1.4
789.34 2.1
795.00 2.9
797.65 9.3
798.38 1.4
799.76 3.6
800.81 8.3
801.93 18.6
802.65 2.5
804.50 63.4
805.51 17.3
810.55 12.8
811.49 22.1
812.23 1.9
814.61 19.7
815.74 7.5
823.72 6.4
828.51 231.0
829.48 67.0
832.56 10.8
833.52 4.2
840.33 2.6
841.40 3.7
842.73 4.4
843.76 2.1
845.58 1.5
846.77 2.1
850.41 2.0
856.54 2.2
857.64 3.9
858.43 4.7
860.35 5.0
862.12 4.6
868.49 4.4
870.35 6.2
875.46 1.1
880.10 1.7
881.65 2.5
883.61 4.6
884.64 1.9
885.73 12.5
886.73 5.2
892.28 4.9
893.55 9.0
899.53 128.3
900.54 43.4
902.47 5.2
904.81 4.0
905.58 2.8
909.65 28.3
910.44 12.9
911.19 7.4
924.86 3.3
927.50 213.5
928.54 107.3
929.64 7.7
932.66 2.4
944.80 17.1
945.59 28.7
946.54 15.1
953.21 3.2
958.64 5.4
960.83 2.8
986.39 3.1
1013.36 2.9
1015.63 2.0
1017.58 1.9
1028.74 1.9
1035.11 9.6
1053.24 9.1
