1027.55388 2
147.90 2.4
157.26 3.1
158.34 2.4
159.00 3.7
160.11 2.7
161.38 5.0
161.99 2.6
163.02 3.3
167.15 3.5
169.02 10.3
173.22 4.3
175.23 20.2
177.36 3.3
179.24 6.8
180.85 8.6
183.14 2.8
184.21 1.2
185.22 4.7
186.28 6.6
187.08 2.8
188.25 2.3
189.95 1.7
193.30 5.0
197.24 9.4
197.97 2.0
199.19 2.6
200.21 4.0
201.41 6.0
202.25 8.4
203.21 1.4
207.21 1.8
208.13 2.6
209.06 2.9
210.04 7.4
211.18 2.3
212.24 3.3
213.09 1.1
214.15 6.1
215.32 10.2
215.97 1.0
219.03 1.3
221.22 2.1
223.18 5.3
224.38 1.3
225.09 3.2
226.03 3.4
227.14 2.4
228.21 6.6
229.13 1.6
231.04 8.6
232.04 15.7
233.22 2.5
235.33 1.5
237.15 9.7
238.17 13.0
239.25 3.9
240.11 3.6
241.15 6.6
242.20 9.4
243.17 3.5
244.19 11.4
246.28 1.5
247.17 11.2
249.30 3.0
250.34 1.3
251.38 4.0
252.23 2.9
253.48 4.3
254.29 5.1
255.41 3.4
256.49 4.6
257.26 5.8
258.90 1.5
260.80 6.8
261.44 1.5
262.09 2.3
263.06 4.1
265.00 2.4
267.09 6.0
268.18 4.0
270.15 15.9
271.11 14.6
272.11 15.1
274.14 15.8
275.23 2.6
276.43 1.1
277.19 2.6
279.05 19.9
282.64 10.0
285.23 3.6
286.20 6.2
287.35 6.4
288.28 98.6
290.48 4.3
292.51 1.6
293.21 4.9
294.28 7.1
295.33 1.8
298.24 25.6
299.25 2.0
300.26 6.6
301.26 4.1
303.18 5.3
304.55 2.5
305.23 3.1
307.49 2.8
310.17 6.3
311.33 1.6
314.19 2.0
315.25 6.0
317.13 6.5
318.37 9.7
319.45 10.5
321.09 8.9
323.00 6.4
324.43 1.5
326.17 1.8
327.08 7.0
328.48 6.7
329.25 1.3
333.20 18.9
334.49 14.9
335.09 8.9
336.53 14.2
337.91 23.5
339.33 7.4
340.43 2.9
341.15 11.9
343.39 3.7
344.30 3.5
345.95 7.2
348.00 8.1
349.02 4.3
350.20 4.7
351.17 5.2
353.10 9.5
353.76 9.8
355.23 30.0
356.12 6.9
357.28 4.9
358.19 8.6
359.29 3.3
360.26 2.8
361.30 9.4
362.17 12.2
364.23 13.5
365.33 13.8
366.20 17.1
367.23 2.4
368.39 1.4
369.82 15.5
371.10 11.9
372.31 3.5
373.44 3.7
374.37 2.1
375.93 10.3
377.07 9.9
378.15 60.6
378.75 1.7
380.23 12.3
382.14 10.5
383.47 109.3
384.48 13.2
385.27 4.7
386.29 3.7
387.47 1.7
388.29 3.3
389.41 2.0
391.94 18.6
393.24 17.6
395.44 8.5
396.49 23.7
397.52 12.4
398.36 7.5
399.21 3.7
400.11 47.4
401.42 255.7
402.63 5.3
404.44 23.5
405.66 48.0
407.40 9.7
408.14 1.8
409.34 9.8
410.17 1.4
412.04 7.8
413.20 10.8
414.17 36.3
414.87 30.5
416.14 7.2
417.63 21.2
418.39 32.3
419.28 3.3
420.33 14.1
421.01 10.7
422.34 6.9
423.28 16.4
424.12 12.9
425.46 6.3
426.23 18.1
427.24 54.5
428.10 27.6
429.26 10.7
430.61 19.0
431.71 12.5
432.82 19.5
433.46 4.5
434.21 3.1
435.19 7.4
436.03 2.8
437.13 4.8
439.99 50.1
441.36 30.9
442.62 18.1
443.65 6.2
444.51 1.9
445.30 3.5
448.75 66.9
450.66 4.8
451.74 12.0
452.46 20.2
453.39 7.4
454.17 27.7
455.13 8.2
456.41 32.6
457.48 61.5
458.20 13.2
459.56 4.7
460.90 26.2
461.70 2.2
464.44 5.1
465.30 25.9
466.57 11.9
467.67 30.3
468.94 35.5
469.85 15.1
470.99 77.9
472.46 15.9
473.95 5.5
475.08 6.2
476.02 7.7
477.35 8.2
478.72 48.2
479.40 47.4
480.41 3.6
481.53 15.7
482.67 32.0
483.77 28.0
484.66 4.6
485.44 10.8
486.25 8.2
487.30 65.0
488.04 86.9
490.33 13.1
491.55 91.3
492.38 26.2
493.10 13.6
493.88 5.6
496.26 960.0
497.02 476.5
498.44 49.4
499.66 31.0
500.42 65.3
502.32 15.7
503.20 3.5
505.29 513.0
505.92 101.7
512.53 3.4
514.96 1.1
520.08 2.3
525.38 2.9
529.44 5.0
531.59 6.2
534.59 4.7
537.14 2.5
539.28 9.6
540.28 8.5
541.61 13.2
543.67 1.2
544.62 2.3
548.60 4.3
553.08 7.1
554.22 5.9
555.92 14.3
558.42 20.7
559.36 13.9
560.68 4.8
561.39 8.0
562.39 5.0
565.27 5.8
566.21 1.4
567.44 5.8
569.98 13.7
570.60 2.7
572.44 8.1
573.30 3.7
574.40 10.4
575.49 7.0
576.57 10.2
578.38 1.2
579.03 1.5
580.53 1.4
581.36 3.9
584.51 21.2
588.59 9.4
590.32 2.0
592.30 2.6
593.08 2.7
599.02 7.3
600.18 3.4
601.40 9.1
603.92 7.3
605.45 9.2
609.77 7.3
612.35 3.3
615.08 2.0
621.57 2.3
623.72 10.4
624.67 10.7
625.65 2.9
628.44 8.5
630.69 9.7
632.87 2.0
634.47 7.7
637.55 3.3
639.54 13.0
640.52 1.4
641.36 1.8
642.27 3.1
645.53 8.2
646.32 1.0
646.98 4.5
648.16 5.1
653.70 6.5
654.56 4.7
655.40 4.9
656.58 8.3
658.57 7.0
662.43 9.8
663.95 2.6
664.79 3.3
665.68 1.2
666.84 6.8
668.86 2.6
670.25 3.2
671.58 22.3
672.68 12.8
673.58 9.8
674.37 5.1
675.68 2.6
676.35 1.3
679.42 1.4
680.65 2.4
681.52 1.6
683.38 6.3
684.52 1.4
685.46 12.4
690.61 1.0
692.33 3.3
697.38 6.6
699.54 6.1
700.50 5.4
702.13 2.4
703.05 1.8
704.41 2.1
705.88 5.4
711.38 3.0
714.45 4.6
715.63 4.1
717.28 1.7
718.49 9.4
721.06 8.1
723.36 4.0
724.55 1.6
725.60 2.8
726.22 2.6
728.27 8.3
729.60 2.1
730.71 3.5
735.85 2.5
736.51 5.2
740.39 7.8
741.22 6.0
742.25 2.4
743.61 5.2
744.66 8.6
745.41 2.0
746.41 2.0
751.33 13.6
752.36 6.9
753.59 2.2
754.40 4.6
756.48 5.7
757.62 11.0
758.45 5.3
759.47 1.4
764.41 4.0
765.12 1.3
766.39 2.6
770.29 1.7
772.42 4.1
773.56 3.7
774.36 1.0
778.73 2.6
780.36 5.5
782.41 5.5
783.62 1.8
785.42 12.1
793.65 4.6
795.31 1.8
800.19 9.5
801.72 2.9
808.39 1.2
812.95 1.4
813.88 11.6
814.49 4.9
815.59 3.9
816.73 4.9
823.58 4.0
826.55 9.1
827.71 5.0
830.56 3.2
837.57 5.1
841.45 2.3
842.43 10.6
843.57 14.1
844.46 4.4
846.35 1.8
847.39 1.2
849.50 2.2
850.53 2.1
851.59 2.4
853.71 11.4
856.30 1.2
859.63 10.3
860.64 2.6
861.68 2.3
878.39 21.7
879.49 33.4
880.42 6.3
881.76 1.2
883.68 1.2
884.62 2.0
885.52 7.3
891.29 5.2
894.44 4.6
895.58 6.0
896.49 54.3
897.74 9.2
907.16 4.0
911.76 1.0
912.60 1.2
914.48 36.7
915.48 1.8
929.56 3.9
931.34 1.9
940.76 3.3
1026.49 1.9
