1083.51177 2
157.03 2.1
159.14 1.3
168.30 1.1
170.16 1.6
175.19 18.6
181.22 4.1
186.30 2.9
190.31 1.1
193.30 2.7
196.32 1.6
197.30 2.3
198.90 2.3
202.05 1.3
209.10 3.1
210.12 10.3
212.18 7.8
213.10 1.5
217.97 1.9
226.14 39.5
227.30 8.3
228.30 2.2
234.46 3.4
240.22 3.7
242.19 6.0
244.32 27.7
245.19 2.4
247.04 1.2
248.22 1.5
249.21 30.9
250.57 1.6
254.21 3.9
256.11 2.0
261.95 6.5
263.19 6.9
270.47 1.2
273.35 1.8
274.11 6.3
275.15 1.1
277.17 9.6
278.21 15.9
279.07 9.5
284.06 2.0
285.06 5.6
286.59 2.5
288.22 10.8
289.40 5.9
290.36 3.4
296.21 1.6
296.91 1.9
300.29 8.1
301.43 3.4
302.45 6.6
304.38 1.7
305.46 8.7
306.16 2.3
307.54 2.8
310.09 2.3
312.30 8.3
315.33 1.8
316.35 2.2
317.22 2.0
319.08 8.1
322.53 5.3
323.19 7.8
324.00 5.0
325.38 1.4
326.18 1.7
328.23 4.3
329.12 10.7
330.12 2.0
331.99 9.0
335.33 1.8
336.26 1.7
337.96 16.7
341.41 6.3
342.24 6.9
343.24 2.5
344.24 1.9
347.36 3.1
348.24 2.4
350.03 2.5
351.69 4.1
354.18 1.6
355.20 14.0
356.77 13.1
358.28 2.1
359.33 37.9
360.19 18.8
361.57 12.8
362.97 4.7
365.22 3.5
366.11 9.7
367.23 2.3
368.20 2.6
369.09 3.7
370.39 3.1
371.63 14.2
374.39 1.4
375.37 2.4
376.16 4.4
377.14 19.9
378.32 7.8
379.32 12.5
379.93 1.3
381.24 23.1
382.26 2.4
383.21 6.1
385.44 2.7
386.41 3.7
387.32 2.7
388.18 1.1
389.27 4.3
391.78 4.4
395.51 10.9
396.22 9.6
398.60 27.7
399.52 4.9
400.18 4.5
402.52 26.9
403.63 39.6
404.40 29.9
405.46 16.0
406.11 2.6
408.01 21.4
409.70 5.6
410.64 10.8
411.49 75.0
414.63 6.0
415.29 7.9
415.92 2.9
417.42 1.2
420.26 24.3
420.90 11.1
422.44 20.4
424.29 11.3
424.91 16.3
427.17 4.8
428.02 17.7
429.16 16.1
430.58 1.2
432.25 12.7
433.64 42.4
434.38 1.2
436.45 7.3
437.38 7.5
438.24 2.4
439.98 28.3
441.19 3.6
442.60 29.2
443.38 1.7
444.82 9.5
445.85 13.3
447.11 5.2
447.82 30.8
449.04 11.3
450.37 8.1
451.54 6.4
453.02 9.6
453.95 9.8
454.83 49.3
455.54 2.0
457.41 7.2
458.69 9.4
459.55 14.3
460.33 6.5
461.78 1.7
463.38 5.5
464.28 8.7
465.41 14.1
466.48 24.1
467.60 23.0
468.58 20.9
469.60 4.8
470.38 7.1
471.27 5.0
472.66 35.9
473.42 5.3
474.70 4.8
475.37 16.0
476.72 49.7
477.43 1.3
478.42 5.1
479.07 9.0
480.32 13.2
481.32 86.8
482.08 43.5
483.59 21.7
484.46 12.0
485.66 17.8
487.59 79.7
488.98 39.1
490.50 297.6
491.43 18.3
493.87 36.8
494.99 19.6
496.46 526.3
497.44 36.8
499.10 9.5
500.28 36.6
500.93 45.2
502.18 124.7
503.13 217.1
503.80 110.7
505.46 1416.6
506.58 23.3
507.35 8.8
508.41 38.4
509.62 108.8
511.42 1317.8
512.31 283.4
513.08 95.2
513.96 10.6
515.17 26.7
515.77 36.0
516.67 26.5
518.50 708.9
520.45 4597.3
521.57 43.2
522.61 5.0
524.24 450.8
524.95 318.1
526.13 24.9
527.29 772.8
527.93 328.3
529.83 45.7
530.79 6.2
531.39 5.9
533.44 2273.7
534.44 8.8
537.18 1.9
542.15 6.0
554.45 10.0
563.00 19.0
563.88 3.1
565.41 1.0
567.48 4.4
570.24 3.2
571.18 3.6
572.50 18.3
573.48 3.5
576.22 3.0
577.29 3.2
578.12 2.7
581.11 17.8
582.13 9.2
583.18 1.9
584.32 1.5
586.21 1.3
588.16 2.1
595.28 9.4
602.49 5.7
606.52 4.1
607.72 9.5
611.65 2.7
613.92 8.8
615.64 4.8
617.44 7.0
618.43 2.0
619.12 2.8
621.51 37.3
622.34 6.2
624.31 24.9
627.71 1.7
631.33 1.7
633.41 1.4
634.32 10.6
636.46 2.9
637.86 4.1
639.45 3.9
640.66 8.8
642.52 3.1
643.45 4.7
647.45 3.5
649.75 3.0
656.68 4.8
657.67 1.2
659.24 26.7
660.46 5.2
664.42 5.0
668.12 3.7
670.54 4.4
678.65 1.6
680.95 7.5
682.60 5.2
684.51 9.4
685.56 1.2
686.48 2.7
688.21 2.9
689.22 12.6
689.95 4.2
691.59 4.3
692.19 6.9
693.67 6.3
694.70 1.1
696.39 5.8
697.70 9.9
698.53 1.2
700.62 3.7
702.31 9.3
704.44 17.9
706.41 8.9
707.01 3.1
708.68 2.2
710.38 2.6
711.42 4.2
713.38 3.5
714.33 1.0
715.09 4.8
717.86 8.0
720.54 13.7
721.34 2.3
725.25 4.5
728.01 1.9
729.56 5.1
730.68 18.9
736.44 3.2
737.12 1.4
738.96 3.7
742.30 16.0
743.66 3.7
744.56 6.2
745.46 4.9
746.34 3.1
748.24 19.8
749.32 5.5
751.18 2.3
754.23 2.3
758.51 7.0
759.16 2.2
760.26 2.7
765.03 3.8
766.46 5.2
767.35 5.5
771.54 3.9
773.27 1.6
774.33 3.7
776.75 4.3
777.59 2.6
778.49 2.2
784.09 2.1
787.27 1.8
789.28 2.6
790.19 1.9
792.26 3.3
793.74 2.8
796.11 11.1
797.51 10.3
801.50 1.7
805.24 6.9
806.42 43.3
807.39 13.1
808.72 1.6
811.53 1.7
816.35 1.7
817.34 2.1
818.53 2.2
820.31 4.6
822.21 3.1
823.83 1.1
825.48 6.4
826.87 1.5
833.62 9.3
834.81 5.3
835.63 5.1
836.37 5.4
837.34 2.0
840.44 6.8
841.38 2.7
843.36 4.8
844.45 4.2
848.18 2.5
850.27 4.5
854.59 1.4
858.25 1.3
865.51 3.6
866.45 3.9
868.54 2.9
870.07 3.9
874.44 1.9
877.72 4.0
881.58 1.3
885.52 1.4
888.47 2.7
892.13 1.3
893.64 1.4
897.71 2.7
898.69 3.2
900.28 6.4
906.20 1.7
909.04 10.7
909.77 2.5
920.05 1.3
925.35 2.6
933.52 4.1
935.42 2.8
936.36 1.0
938.77 3.3
939.45 2.9
950.30 2.4
951.18 2.6
952.37 3.3
953.38 2.7
955.96 6.8
959.66 3.8
963.57 1.1
970.82 2.8
979.43 2.2
1026.64 4.0
1027.56 4.5
1045.59 218.3
1046.52 90.0
1063.33 2.2
1073.81 1.7
