1027.45134 2
150.27 1.0
155.38 2.2
157.22 1.5
158.12 6.6
159.19 1.9
160.00 2.3
162.19 3.3
165.14 2.1
166.39 1.3
169.31 4.6
175.22 65.7
176.13 12.5
179.04 1.8
180.13 2.3
183.27 6.4
185.11 61.8
186.46 10.5
192.25 2.6
196.18 4.4
199.15 79.8
200.29 5.8
203.22 7.3
209.37 1.1
210.02 7.8
212.00 2.3
213.25 63.3
214.29 5.3
216.48 1.4
222.07 1.9
223.45 3.1
225.04 3.2
227.15 31.3
228.31 10.0
230.17 8.1
233.06 1.6
234.12 24.4
237.18 1.6
241.29 4.5
242.06 7.9
243.50 10.5
244.22 11.7
248.15 7.1
249.29 2.8
257.28 2.0
258.37 7.9
259.08 1.8
261.26 2.8
262.23 1.9
270.39 5.2
273.23 1.6
274.31 2.1
276.11 9.2
277.22 6.0
283.23 6.3
284.24 24.5
285.18 6.5
288.36 1.1
289.33 1.6
290.40 2.2
291.02 3.7
293.22 14.6
297.10 2.3
299.20 2.8
300.31 8.9
301.11 2.7
302.01 3.3
304.16 47.7
306.15 2.8
308.36 3.8
310.35 12.5
317.58 13.1
318.28 41.3
319.30 7.9
322.41 6.4
326.57 5.7
327.83 12.7
328.49 6.0
329.09 1.6
330.20 3.7
331.13 4.0
335.16 772.5
336.24 128.2
337.41 6.7
338.22 6.9
339.10 7.8
340.51 6.4
341.29 1.3
343.24 3.3
346.88 13.6
348.70 9.7
349.34 2.3
350.37 60.6
351.39 6.6
353.87 4.6
356.09 9.2
356.96 4.9
358.21 2.7
359.31 5.5
360.36 12.0
361.25 5.4
363.37 3.9
366.24 13.0
367.20 4.0
368.15 2.2
371.09 7.2
373.38 2.8
374.39 5.0
375.72 2.6
377.20 1.7
378.27 148.4
379.25 64.8
380.21 8.5
381.32 4.1
383.04 9.9
384.91 7.4
386.46 3.8
391.17 10.1
392.19 14.5
394.01 3.5
396.42 1.6
398.21 22.3
399.24 41.2
400.11 11.7
401.30 46.7
401.99 20.2
405.97 10.6
407.84 35.4
409.63 5.0
410.36 4.4
412.36 13.1
413.32 6.3
415.05 4.1
417.28 2.9
418.43 24.2
419.27 8.6
419.89 4.3
421.30 19.5
423.89 2.2
425.34 8.0
426.36 10.6
427.34 9.4
428.30 18.3
429.23 9.0
430.29 7.1
431.31 4.7
432.14 2.5
433.26 1.6
434.41 13.5
435.34 32.4
436.38 43.3
437.30 4.9
437.90 4.8
439.05 18.5
439.89 6.6
440.64 12.5
441.86 6.6
443.71 17.3
445.02 3.8
446.29 141.8
447.45 48.8
448.31 6.7
450.69 11.4
451.41 8.2
452.13 3.4
453.40 30.7
454.66 9.6
455.83 15.7
457.21 96.1
458.06 54.3
459.96 41.1
462.25 12.0
463.23 10.7
464.24 171.4
465.44 12.6
466.16 4.6
467.22 16.0
468.34 18.1
469.00 263.3
470.22 12.8
471.09 8.5
472.96 33.2
473.89 13.3
474.58 11.6
475.55 17.5
476.35 5.4
480.46 4.5
481.25 2.9
482.75 11.8
483.76 11.7
484.60 59.2
485.68 23.1
486.38 4.5
487.52 21.9
488.30 4.2
490.21 59.7
491.30 48.9
492.38 20.1
493.60 11.6
495.25 22.4
496.47 280.3
497.32 48.7
498.48 23.1
499.70 17.0
501.75 2.1
502.42 1.9
505.20 364.9
505.81 151.0
506.45 7.0
513.75 1.6
514.93 2.5
518.41 4.3
522.45 2.9
530.53 2.3
531.87 4.0
536.31 90.1
537.43 111.5
538.43 24.0
539.40 4.6
543.93 9.8
545.08 3.4
546.38 11.2
547.33 2.9
554.19 9.6
555.17 1.8
556.47 4.1
557.26 8.3
559.49 7.3
561.46 3.6
564.31 350.8
565.39 99.9
566.60 6.1
569.22 1.1
573.36 3.2
574.62 15.3
575.45 7.5
576.50 1.7
577.27 7.7
580.37 5.4
581.42 12.3
582.37 29.5
583.25 3.1
589.38 4.4
591.29 9.0
593.31 13.4
594.38 4.2
595.27 4.2
597.27 11.9
598.44 4.5
599.56 1.1
603.24 8.3
606.40 8.9
607.29 5.2
608.39 4.2
610.65 2.6
612.16 34.5
613.02 6.3
614.58 9.4
615.43 4.3
616.55 2.1
626.44 2.2
627.35 14.2
628.53 2.1
633.27 4.2
634.58 2.9
636.95 4.4
638.29 2.5
639.49 5.0
640.86 20.0
645.67 1.2
646.39 5.4
648.80 5.8
650.39 306.6
651.43 55.3
652.51 5.7
653.25 6.9
654.72 16.0
655.43 31.8
657.54 16.9
658.34 4.0
659.39 1.1
661.50 6.3
663.92 2.9
665.36 159.8
666.27 39.4
666.92 2.7
668.78 3.7
670.15 1.3
671.67 10.8
672.38 20.4
675.39 10.7
676.16 2.3
677.45 5.0
680.14 2.8
684.73 5.1
687.11 1.8
688.34 9.4
693.38 814.1
694.40 144.4
695.41 10.6
700.31 52.6
701.51 15.9
702.30 19.4
705.50 2.3
706.65 9.8
707.43 3.7
708.90 4.4
710.75 22.3
711.67 12.0
720.24 3.9
723.33 26.0
724.27 24.4
725.22 6.0
728.41 1.1
732.49 1.9
735.52 2.8
736.59 8.3
738.21 2.7
739.64 4.3
741.29 67.1
742.26 22.6
743.28 3.5
744.35 8.0
746.37 1.4
749.45 4.0
750.56 2.9
752.07 1.7
754.62 3.0
757.38 28.1
758.21 11.4
759.43 9.5
761.34 8.7
762.47 35.3
763.40 22.2
765.37 5.2
766.33 14.3
767.41 16.4
768.29 11.2
770.43 3.5
776.39 2.0
779.34 19.3
780.54 10.4
781.37 3.2
783.62 22.1
784.31 126.6
785.30 44.7
786.47 9.4
789.70 1.4
794.49 4.6
795.51 8.2
796.51 6.1
797.51 6.6
798.44 2.8
800.69 6.1
801.50 11.3
802.63 2.1
806.44 5.1
808.37 4.7
811.23 3.6
814.41 560.6
815.40 232.0
816.32 47.3
816.94 5.0
820.41 2.1
824.27 1.6
825.27 18.5
826.63 6.6
831.99 2.8
833.51 4.6
835.52 3.6
836.48 8.0
837.32 2.4
838.23 3.0
841.00 3.9
851.80 2.8
852.65 9.4
853.41 54.8
854.52 43.2
855.51 5.5
856.52 3.7
857.36 11.9
859.22 4.3
867.73 5.3
871.33 188.7
872.39 64.0
873.34 3.5
875.24 1.9
878.68 2.8
880.57 3.2
882.35 1.8
892.47 8.4
893.68 26.1
894.56 41.6
895.43 4.7
896.96 25.9
897.61 2.8
898.56 2.1
899.58 3.1
907.42 2.5
913.66 15.5
914.49 8.5
915.58 4.3
923.44 1.3
924.49 2.9
940.36 3.1
945.59 3.1
954.14 1.4
962.61 1.3
967.73 2.6
981.07 3.7
988.60 1.2
989.51 12.8
1005.46 150.5
1006.54 72.4
1010.61 1.4
1028.05 1.5
