671.4341899999999 2
97.12 1.5
102.08 2.7
104.12 4.2
112.21 38.1
113.28 9.5
114.34 1.9
115.31 21.5
116.30 24.0
125.98 2.8
128.23 1.1
130.03 17.4
137.17 1.7
138.30 1.2
140.06 5.9
142.26 11.9
149.57 4.0
150.24 6.2
157.31 25.6
158.26 104.0
159.26 8.2
163.24 1.8
168.19 4.6
170.40 3.5
171.39 2.7
175.23 336.2
176.25 28.2
183.21 28.1
184.41 5.1
186.11 4.4
189.25 2.7
190.34 5.6
195.83 9.6
199.77 10.5
206.41 1.4
208.17 1.5
210.16 9.1
211.13 10.7
213.39 16.8
214.27 2.2
216.20 5.0
217.12 1.0
218.14 7.1
219.23 1.4
220.23 6.5
221.20 4.9
222.27 15.5
223.28 10.8
225.11 28.2
225.72 1.9
226.69 4.0
229.08 5.4
230.29 3.6
231.38 4.4
234.10 7.7
236.29 13.1
242.07 40.6
243.08 5.0
247.20 1.9
248.05 5.8
249.34 6.8
250.39 8.7
251.20 7.8
252.26 1.9
253.25 19.4
254.30 2.4
257.15 16.0
258.30 11.4
262.20 4.0
263.28 1.0
264.04 1.1
265.31 17.5
267.12 1.8
268.96 8.1
270.38 12.6
271.33 4.6
273.20 2.2
274.22 35.0
275.23 7.1
276.27 6.0
277.15 6.0
277.82 8.9
279.59 4.8
281.49 8.2
282.78 4.9
289.45 8.2
290.27 1.6
291.41 20.3
292.30 7.0
295.01 57.7
295.69 7.7
296.66 27.0
297.70 16.0
298.42 12.4
299.18 2.1
300.27 2.2
305.29 7.0
306.68 127.8
307.37 37.7
309.95 16.6
310.82 3.5
313.65 20.6
314.43 16.4
315.46 43.0
318.03 38.1
319.12 106.2
319.97 3.5
321.10 6.3
323.95 5.3
325.29 7.1
327.89 1263.7
329.56 7.3
331.93 1.7
351.20 1.4
354.26 6.2
363.38 1.2
367.17 1.9
368.35 7.0
369.31 5.4
370.41 8.6
372.90 6.5
380.25 7.6
381.37 22.7
382.29 4.3
384.40 23.8
385.26 9.8
386.12 1.4
390.22 6.0
398.31 124.0
399.52 32.6
402.39 150.8
403.37 26.0
406.30 2.3
410.09 12.0
414.13 1.5
421.32 1.6
425.53 26.8
426.46 5.2
431.65 1.5
434.78 2.1
438.30 4.6
440.26 1.4
444.60 3.6
446.20 2.0
451.44 8.6
452.48 45.0
453.53 14.5
455.47 3.4
462.24 2.0
463.43 2.6
464.38 11.5
465.40 2.0
466.99 1.1
469.32 229.5
470.38 53.5
471.65 5.2
475.52 6.1
478.10 2.1
479.45 13.5
480.44 77.8
481.32 24.0
482.35 3.2
497.32 354.3
498.39 116.3
499.43 1.7
513.82 4.8
514.53 32.0
515.46 184.7
516.44 57.7
522.61 3.1
524.21 1.1
525.33 14.1
526.54 7.6
533.53 5.1
539.93 1.2
543.33 1.1
552.55 2.3
564.99 6.0
569.35 2.4
578.23 4.0
581.52 4.0
582.44 6.1
594.73 4.9
595.70 16.3
596.54 3.7
611.86 11.4
612.55 162.3
613.47 30.0
621.58 4.7
626.63 2.5
653.87 1.5
678.80 1.4
