1679.79607 2
267.19 1.7
279.18 1.5
305.16 2.1
307.37 1.8
334.21 1.3
341.18 1.5
343.31 5.3
383.57 1.8
388.90 1.7
401.61 2.8
404.45 2.9
411.98 1.4
425.98 4.3
427.16 1.3
436.29 2.1
438.56 5.3
443.56 3.0
461.55 1.4
472.11 3.5
488.41 4.2
508.40 5.6
518.35 2.7
520.39 2.3
526.37 1.0
528.32 3.1
529.77 2.1
541.35 1.2
550.47 1.2
612.46 1.1
621.35 3.3
625.31 4.3
629.46 2.0
632.83 4.7
642.58 4.4
643.30 2.1
647.57 1.8
651.28 2.7
661.57 5.6
667.69 3.8
675.58 2.1
682.59 2.5
686.57 2.2
687.35 2.4
695.47 1.1
700.70 1.3
704.51 1.7
708.59 4.2
709.60 1.8
710.55 3.6
711.45 3.7
714.73 2.0
715.35 7.2
716.57 1.8
719.06 4.8
725.88 2.1
726.70 18.0
728.84 5.7
732.73 1.3
739.66 1.1
744.09 4.7
758.81 5.0
770.70 4.6
772.56 1.7
774.68 5.7
775.99 4.1
776.78 2.6
780.64 4.1
782.96 3.5
783.82 2.8
795.24 6.6
796.59 7.4
812.78 2.5
815.38 5.4
821.72 10.5
822.55 14.9
823.31 6.0
841.27 2.0
857.63 1.6
942.97 2.7
1145.85 2.2
1293.80 2.0
1304.05 3.4
1553.70 4.5
