1121.634309999999 3
108.13 3.6
109.15 1.2
111.16 1.9
112.35 1.2
113.02 6.2
117.41 1.6
122.31 1.9
123.21 2.1
125.06 3.6
126.50 1.9
128.05 196.8
129.06 22.7
130.09 12.3
131.15 6.5
132.18 7.0
133.15 17.1
134.19 6.3
135.20 7.7
135.98 6.3
137.12 15.9
141.11 1.3
142.28 1.3
143.12 4.6
145.15 2.7
146.20 7.3
147.25 18.9
149.10 16.4
149.89 3.5
151.23 8.1
152.16 2.6
153.08 3.1
154.19 2.4
156.10 2.9
157.18 97.0
158.24 10.9
159.25 8.4
160.09 16.0
161.35 15.9
162.16 110.2
162.95 14.7
164.08 15.5
166.26 2.8
167.16 5.0
169.11 3.4
170.13 8.9
171.12 4.7
172.20 11.1
173.37 12.7
174.28 1.9
175.17 12.8
176.32 2.7
177.11 20.6
178.19 11.5
179.14 11.3
180.07 2.0
181.28 8.9
182.19 2.0
183.18 2.4
184.62 5.0
185.23 74.0
186.35 6.9
187.17 6.5
188.16 8.8
190.88 2.0
192.18 2.6
193.34 5.1
194.17 5.2
195.15 10.9
196.27 13.0
196.99 5.8
198.20 3.9
199.22 5.8
200.56 3.5
201.26 12.6
202.10 8.4
203.47 7.9
204.30 1.2
205.33 6.0
207.82 6.4
209.17 4.1
210.12 4.2
211.10 3.1
212.16 8.1
213.08 7.9
214.15 8.3
215.15 17.3
216.26 3.1
217.00 1.0
218.38 4.6
220.35 1.1
221.02 5.8
222.25 3.0
223.36 32.9
224.32 4.2
225.06 6.7
226.13 48.0
227.21 7.3
228.31 16.7
229.01 8.4
230.13 26.5
231.17 16.3
232.06 8.8
233.09 9.1
235.38 2.5
236.17 5.0
238.35 9.5
239.14 2.1
240.30 1.6
241.74 3.7
242.36 1.5
243.18 7.7
244.13 6.7
245.35 13.6
246.30 8.0
247.13 13.9
248.19 1.4
250.25 1.9
251.47 12.0
253.31 31.1
254.30 40.7
255.16 38.7
256.09 11.0
256.70 1.1
258.10 6.7
259.28 9.1
259.99 15.3
261.29 18.5
262.21 10.0
263.26 1.6
263.98 4.1
265.04 4.8
266.33 1.5
267.30 6.0
268.09 3.6
269.30 14.7
270.26 32.7
271.33 9.7
272.28 3.8
273.35 8.4
274.24 12.1
275.23 1.8
277.14 1.3
278.42 11.0
279.40 1.2
280.25 6.7
281.16 57.0
282.31 9.8
283.35 10.5
284.17 9.3
285.35 18.4
286.19 6.0
287.23 27.9
288.14 26.3
289.45 13.5
290.25 12.8
292.47 15.5
293.65 5.9
294.35 5.7
295.15 2.0
296.38 7.0
297.47 9.7
298.21 8.8
299.50 7.3
300.23 6.5
301.42 1.7
302.16 12.6
303.49 15.4
304.31 8.2
305.27 3.6
307.50 42.0
310.22 11.2
311.25 6.2
312.28 14.5
313.23 24.2
315.07 219.5
316.03 26.4
317.03 14.9
318.35 14.6
319.33 13.1
320.17 6.9
320.99 17.4
322.23 4.7
323.19 3.2
324.06 21.4
325.19 13.0
326.33 31.9
327.20 5.7
328.32 23.3
329.30 25.1
330.28 53.6
331.08 3.7
332.23 16.5
333.15 18.0
334.16 2.1
335.71 1.6
338.48 36.8
339.36 46.4
340.41 18.8
342.11 4.3
342.94 11.5
344.44 87.5
345.81 28.0
346.51 7.0
347.46 3.4
349.47 3.1
350.61 7.0
351.22 6.6
352.45 19.0
353.42 19.7
354.32 82.6
355.01 12.9
356.19 537.6
357.20 908.3
358.16 146.1
359.14 10.3
361.14 6.4
362.48 31.9
363.17 33.9
365.04 96.0
365.77 35.8
366.77 58.7
368.70 7.5
380.99 3.0
398.26 9.0
405.84 5.7
416.51 14.2
417.38 3.3
420.37 4.5
422.79 7.5
423.61 4.7
424.21 8.2
425.96 40.9
429.81 6.4
430.93 8.2
432.52 11.6
433.45 2.6
438.36 14.1
439.86 3.5
442.06 7.4
444.44 1.1
445.79 7.5
446.76 5.3
451.75 24.7
454.04 1.9
454.96 11.0
456.76 4.3
459.45 15.1
460.48 93.6
461.45 2.9
465.63 13.4
469.33 1087.8
469.94 341.9
471.02 5.7
473.11 15.6
474.36 22.5
475.38 7.1
476.28 8.5
479.39 8.5
487.53 22.5
489.00 11.4
496.00 354.0
496.79 6.5
497.80 8.6
499.59 1.9
500.87 8.8
501.78 3.6
503.29 2.2
504.87 381.9
505.49 105.0
508.24 5.9
509.87 8.9
513.50 1.1
516.41 3.8
518.39 7.2
521.99 3.1
530.76 35.5
531.62 19.3
532.52 14.9
533.48 8.1
534.58 2.2
535.30 4.0
543.10 3.1
545.44 6.3
546.40 16.9
547.53 12.0
548.22 2.3
550.44 5.8
551.55 1.2
554.51 1.7
555.19 3.2
567.40 1.6
571.35 2.7
574.35 27.1
575.58 1.4
577.49 6.0
597.26 2.5
601.32 1.1
617.37 6.0
628.45 2.3
630.57 8.5
631.58 7.6
632.51 1.2
633.41 2.7
634.42 8.1
645.47 1.4
648.66 14.2
651.28 2.1
663.25 1.6
664.65 3.8
687.43 29.2
688.62 1.2
689.44 1.5
697.50 1.9
763.45 2.8
801.35 2.0
816.78 1.0
947.61 2.5
