2212.08945 3
207.16 1.0
210.16 2.2
212.19 4.6
213.15 3.5
214.28 2.7
215.15 8.5
217.10 3.2
218.28 47.0
219.22 1.1
221.33 1.5
223.34 3.9
227.34 1.2
229.21 1.1
230.21 4.0
231.22 2.0
233.23 7.7
234.16 3.6
236.14 2.8
239.22 1.7
240.29 5.6
241.14 5.8
242.16 3.1
243.22 15.3
244.35 2.7
245.31 8.2
248.32 29.9
251.05 6.3
252.28 4.3
255.33 2.4
256.13 1.9
257.29 6.5
258.23 14.1
259.64 1.2
261.00 13.4
263.33 1.3
269.61 1.8
272.23 1.3
273.99 2.6
275.36 1.2
276.49 5.7
277.40 2.0
278.21 4.6
279.32 12.8
280.34 4.3
282.23 2.3
283.01 12.4
284.21 6.5
285.03 4.1
286.08 7.2
289.15 48.7
290.18 5.0
293.13 4.7
295.26 2.4
299.33 7.7
300.37 8.8
301.20 11.1
302.38 3.8
304.23 1.2
309.15 2.6
310.44 6.0
311.24 1.3
312.46 3.5
313.32 5.5
314.26 2.1
316.28 1.4
318.19 6.7
319.17 1.7
321.15 1.1
322.52 1.3
326.24 3.2
328.17 7.1
332.68 4.5
337.15 7.5
338.30 4.6
340.38 4.1
341.37 3.2
342.25 5.3
343.54 3.7
346.14 2.7
347.22 4.0
350.21 3.0
351.16 3.9
353.02 8.3
354.14 1.1
358.30 21.7
359.31 28.1
362.22 2.1
365.31 8.4
368.19 4.5
369.21 12.0
371.00 10.3
372.29 12.2
373.01 1.7
376.34 54.1
379.11 3.4
380.96 4.1
381.72 6.5
384.38 3.6
385.32 4.5
386.19 34.7
387.29 35.7
388.13 12.8
389.28 3.5
390.42 10.3
391.14 11.5
394.76 18.4
396.93 30.5
403.38 77.6
404.30 586.0
405.34 100.4
406.17 10.2
407.42 5.7
409.19 5.4
410.28 1.9
411.60 7.2
412.23 4.8
413.68 10.3
414.51 2.6
415.22 5.0
416.47 12.1
418.23 4.5
420.18 4.4
422.36 3.3
424.49 13.5
425.77 29.1
426.42 15.4
427.16 7.2
428.10 3.7
429.18 19.4
430.13 9.8
430.87 1.4
436.53 8.6
437.47 8.3
438.34 6.4
439.44 35.3
440.09 64.8
441.82 4.8
442.46 2.3
444.03 1.9
445.49 1.8
446.80 18.6
448.02 14.0
449.36 1.9
450.95 6.3
452.10 6.6
453.27 3.5
454.65 15.9
456.24 5.9
457.42 9.5
458.34 4.1
461.26 11.2
462.05 1.1
464.44 21.3
465.11 1.2
468.65 7.0
470.39 8.9
471.30 15.8
472.51 9.2
473.36 17.5
474.13 14.5
477.21 3.9
478.97 5.8
480.32 10.5
481.22 10.7
482.37 114.1
483.21 26.0
484.49 10.1
485.22 6.2
486.13 2.3
487.28 29.3
488.27 20.8
489.35 65.4
490.41 20.0
492.18 8.8
493.16 1.8
495.53 34.4
496.53 106.1
497.41 8.1
499.30 19.8
500.18 41.3
501.22 18.0
502.44 3.7
503.26 19.6
504.44 15.7
505.25 1.7
506.39 3.5
507.21 1.8
508.34 8.0
509.65 28.0
510.55 7.4
511.40 10.0
512.51 6.4
513.76 5.3
514.42 6.2
515.35 8.3
516.39 29.8
517.38 325.6
518.27 152.5
518.88 32.7
519.58 13.0
520.24 3.7
521.38 2.7
523.29 15.0
524.03 17.8
525.06 26.2
526.20 8.4
527.34 19.9
528.26 3.5
529.35 24.1
530.12 2.9
531.49 7.4
532.76 6.8
534.83 31.5
535.44 5.8
536.37 5.0
537.83 52.3
538.44 78.8
539.62 19.3
540.55 2.1
541.27 4.0
543.44 16.2
544.43 19.4
545.91 32.5
546.85 168.7
547.51 65.6
550.52 13.3
551.58 85.7
552.58 45.9
554.38 1.4
555.55 6.8
556.26 8.5
557.24 5.1
558.31 17.3
559.21 4.3
560.98 278.9
561.90 18.0
563.52 10.7
564.65 6.0
565.37 7.5
566.27 6.7
567.24 17.5
568.39 16.6
569.66 6.2
570.49 10.8
571.24 4.3
572.34 10.9
573.78 1.7
575.18 11.1
576.14 4.6
577.11 13.1
578.10 4.6
579.39 2.0
580.09 7.2
581.03 52.7
582.97 2.9
584.36 15.1
585.45 10.1
586.27 7.0
588.34 34.7
589.55 143.3
590.46 50.7
591.26 33.3
593.21 4.4
593.88 29.0
594.67 7.0
597.23 15.6
598.08 7.1
599.32 3.4
600.40 22.5
601.63 17.6
602.63 91.6
603.42 16.9
605.22 23.5
606.18 2.9
607.21 9.9
608.67 31.9
609.36 2.3
611.12 112.0
612.07 45.2
614.43 4.5
615.48 2.4
616.53 12.7
617.57 3.0
618.48 8.6
619.33 1.3
622.46 3.5
623.98 67.3
624.88 7.9
625.66 1.6
626.84 20.6
628.31 37.3
629.08 19.3
629.78 2.1
630.49 9.9
631.23 16.6
632.60 24.4
633.56 6.7
635.34 6.6
636.35 20.5
637.26 21.6
638.19 61.2
639.28 16.1
640.32 12.4
641.48 14.4
643.60 4.3
644.58 3.3
645.23 9.0
646.55 197.2
647.50 36.2
648.46 4.3
649.28 15.8
650.39 19.0
651.52 27.0
652.40 17.9
653.52 17.1
654.46 32.2
655.72 14.5
656.40 4.2
657.39 14.8
658.75 40.8
659.67 75.6
660.54 37.2
661.80 27.7
663.49 92.2
664.44 371.4
665.35 144.7
666.43 105.4
667.85 151.8
668.95 36.3
669.83 36.8
670.57 14.7
671.29 23.0
672.27 4.0
673.45 11.3
674.26 4.3
675.20 16.3
676.16 28.4
677.33 8.9
678.15 12.6
679.46 4.5
680.56 22.6
682.47 29.7
684.58 32.6
685.84 14.3
686.49 4.0
687.36 19.6
688.49 17.1
689.47 15.7
690.40 8.7
692.20 27.5
693.52 16.1
694.39 32.7
695.10 31.5
696.19 16.6
697.04 62.9
698.27 7.2
699.16 8.4
700.01 25.5
702.09 199.1
702.91 67.7
703.70 13.8
704.37 1.8
705.67 28.8
706.61 28.8
707.38 14.1
708.65 88.7
709.51 65.7
711.10 586.4
712.08 42.6
712.85 13.9
713.76 1.9
714.56 12.5
715.83 25.2
716.88 85.9
717.85 66.2
718.99 25.6
720.37 154.9
721.27 113.2
722.14 11.3
723.17 48.3
723.91 8.6
724.92 7.1
726.55 405.1
727.23 102.8
728.83 34.9
729.49 16.3
733.76 2.3
738.69 9.0
739.81 1.1
745.52 3.4
746.39 4.8
747.83 9.0
749.28 8.1
752.58 4.0
754.24 20.3
755.60 28.7
757.61 99.6
758.37 46.4
759.26 6.9
760.63 4.6
761.49 21.0
762.18 1.0
763.48 4.9
765.20 36.9
766.48 378.9
767.52 42.0
768.32 8.0
769.61 2.3
770.48 4.7
772.31 2.9
773.33 21.5
774.81 172.4
775.53 206.8
776.52 18.4
777.26 5.7
779.47 100.7
780.52 31.3
781.63 10.0
782.54 37.3
783.44 16.5
784.17 23.6
786.03 7.0
787.41 4.6
789.56 6.0
790.54 13.7
792.32 392.9
793.39 90.9
794.53 22.0
795.34 6.5
796.08 13.1
797.63 4.3
798.29 6.2
799.27 15.9
800.39 20.2
801.68 37.9
802.49 12.3
803.33 9.2
804.42 15.7
806.43 2.3
809.25 14.9
811.04 14.7
812.43 2.5
813.12 4.2
813.76 1.7
814.77 10.0
816.86 23.3
817.63 36.3
818.56 4.6
820.02 3.5
821.53 6.5
822.74 35.5
824.06 17.0
825.76 31.2
826.60 8.5
827.43 1.8
828.52 3.6
829.44 4.9
830.67 66.3
831.63 73.8
832.41 6.2
833.50 9.7
835.06 18.0
835.67 8.0
836.39 3.6
837.87 21.2
840.02 310.1
841.09 79.6
842.35 9.2
843.27 7.0
844.04 2.7
847.31 18.5
848.67 413.4
849.57 54.9
850.62 14.8
851.33 10.4
852.56 2.9
853.50 10.7
854.80 18.5
855.60 4.8
856.20 11.7
857.74 16.3
858.47 2.4
859.28 3.6
860.39 52.2
861.55 29.2
862.49 6.3
864.50 2.1
865.44 11.7
866.27 5.1
867.42 25.8
868.30 24.9
869.71 22.0
870.81 12.4
871.54 27.0
872.62 3.4
873.79 6.5
874.53 29.1
875.48 17.9
876.59 5.8
878.42 353.7
879.43 133.3
880.32 18.4
882.16 48.9
883.09 24.4
884.32 11.3
885.24 10.3
886.64 21.9
887.71 117.6
888.69 39.9
889.51 6.3
891.03 105.8
892.28 49.5
893.29 5.4
894.40 8.5
896.30 419.5
897.04 256.6
897.86 34.7
898.56 7.7
899.60 3.0
900.27 4.6
901.61 15.9
902.95 13.0
903.62 66.8
904.99 422.8
905.60 405.1
906.57 20.8
907.37 3.0
908.45 26.2
909.63 3.1
910.58 15.0
911.68 13.5
913.38 2.9
914.45 17.4
916.19 17.8
917.22 17.5
918.55 16.0
919.90 8.6
920.56 41.7
921.52 86.1
922.63 51.5
923.67 28.1
925.12 9.4
926.37 4.9
927.01 3.7
927.64 11.8
929.26 1.6
930.34 4.3
931.52 20.0
932.86 38.1
933.63 4.4
935.13 10.0
936.54 18.4
938.80 9.5
939.52 4.8
940.70 19.5
941.87 32.0
942.89 7.0
943.77 5.5
944.61 12.4
945.96 21.1
947.58 6.6
948.52 21.8
950.44 5.4
951.48 6.5
953.27 48.8
954.25 74.3
955.40 12.5
956.87 6.3
957.54 2.1
958.62 61.2
959.75 25.2
960.90 8.1
962.32 96.1
963.08 29.7
964.82 4.3
966.25 11.3
967.67 10.3
968.66 13.4
969.54 7.6
970.48 21.6
971.37 11.4
972.23 5.3
973.49 29.4
974.30 17.8
975.54 18.7
976.71 49.4
977.63 30.6
979.76 26.9
980.82 82.1
981.55 32.4
982.38 6.3
983.89 15.2
984.70 13.5
985.49 10.1
987.59 25.2
989.29 384.3
990.18 262.4
991.54 259.8
992.57 85.2
993.63 25.1
995.90 7.7
998.22 732.9
999.04 153.1
1000.18 10.4
1001.44 29.9
1002.46 3.5
1003.47 13.9
1007.52 118.3
1008.62 29.4
1009.45 7.7
1010.95 19.3
1013.51 7.5
1014.71 5.2
1016.32 45.1
1017.01 14.0
1017.93 16.2
1018.64 23.7
1019.45 16.6
1020.56 3.5
1021.60 12.5
1022.81 4.2
1024.37 47.8
1025.34 267.1
1026.12 14.4
1027.04 3.4
1028.28 4.0
1029.34 3.8
1030.66 18.1
1031.83 4.4
1033.42 315.4
1034.24 347.6
1035.46 116.0
1036.67 67.7
1037.64 14.7
1039.43 4.9
1040.26 6.3
1041.63 6.7
1042.76 19.8
1047.59 13.9
1048.97 17.3
1051.78 8.6
1052.53 8.9
1054.56 12.5
1055.99 3.5
1056.83 12.2
1057.67 63.7
1058.32 20.8
1059.69 5.0
1060.49 2.4
1061.87 3.0
1063.42 7.7
1064.44 10.8
1065.50 16.1
1066.55 3.5
1067.57 3.4
1069.45 23.7
1071.49 4.9
1073.61 2.4
1074.52 32.0
1075.54 147.2
1076.55 79.2
1077.71 5.2
1078.32 4.6
1081.99 4.4
1083.47 18.1
1084.38 8.3
1086.74 38.7
1087.62 14.1
1088.90 4.9
1091.54 45.4
1092.57 214.4
1093.65 90.7
1094.43 9.0
1099.27 8.1
1100.59 27.0
1101.72 9.9
1102.71 6.8
1104.96 4.7
1105.63 4.0
1107.50 2.9
1112.95 1.3
1116.52 2.1
1117.81 1.4
1118.56 14.4
1120.51 191.6
1121.61 114.9
1122.66 11.2
1129.54 4.7
1130.47 4.9
1131.75 1.2
1132.57 1.7
1133.91 8.0
1135.23 11.6
1136.61 5.7
1139.27 6.9
1139.88 1.2
1140.69 10.4
1143.86 2.5
1145.67 9.5
1146.83 2.4
1147.67 3.3
1148.85 5.2
1153.72 12.6
1154.89 6.0
1155.88 3.2
1157.14 9.9
1160.52 9.9
1161.76 6.4
1164.64 2.4
1166.79 1.7
1170.89 6.9
1171.79 2.2
1172.78 10.2
1173.59 3.1
1174.61 1.5
1175.97 4.5
1176.96 9.5
1177.67 60.5
1178.64 64.6
1179.63 11.1
1180.52 6.0
1183.69 1.3
1185.71 5.5
1186.55 24.0
1187.54 10.6
1188.32 5.6
1189.52 5.6
1190.64 6.1
1191.32 4.5
1192.67 5.5
1193.35 7.7
1194.10 1.8
1195.34 18.6
1196.64 38.1
1197.59 5.4
1199.01 11.3
1202.47 6.7
1203.56 26.2
1204.51 63.4
1205.70 18.2
1206.76 6.8
1207.75 6.5
1210.66 16.4
1211.86 12.3
1212.84 5.0
1215.56 23.6
1216.66 15.7
1218.42 1.3
1220.47 6.3
1221.63 79.0
1222.62 38.9
1223.63 7.6
1224.88 3.6
1228.19 9.9
1228.80 28.7
1229.66 12.0
1230.88 2.3
1233.26 11.3
1233.95 2.6
1235.67 1.3
1239.36 1.7
1242.34 4.1
1246.72 8.6
1249.88 1.2
1253.81 1.4
1254.78 3.6
1255.62 1.2
1261.44 10.5
1264.80 6.0
1265.59 6.2
1268.01 6.4
1269.66 2.4
1275.61 8.2
1276.88 4.7
1279.74 1.7
1281.85 2.4
1282.66 6.7
1283.81 3.6
1288.50 2.7
1289.77 3.2
1290.90 11.1
1291.64 23.7
1292.61 12.8
1293.40 3.0
1295.43 4.2
1296.63 2.1
1299.66 7.5
1306.74 6.4
1307.66 10.3
1311.77 1.7
1315.26 2.4
1316.66 5.7
1317.71 5.5
1319.64 1.3
1324.59 4.6
1326.81 3.0
1327.54 1.9
1328.63 1.3
1329.94 11.1
1330.86 9.5
1332.75 2.8
1334.71 14.0
1336.72 7.5
1339.07 5.4
1345.66 7.6
1348.43 5.3
1351.43 1.0
1352.89 1.4
1354.97 1.1
1361.39 1.4
1368.12 2.2
1368.77 2.3
1369.65 2.9
1378.66 5.1
1380.97 3.7
1382.66 8.7
1387.15 3.5
1396.77 3.2
1397.58 3.6
1403.96 7.1
1414.48 2.8
1416.04 2.2
1418.62 5.5
1420.88 19.6
1421.78 30.5
1423.73 8.1
1427.85 1.6
1429.74 2.3
1433.81 6.1
1434.83 6.4
1436.41 1.5
1437.80 7.6
1439.64 2.1
1446.95 1.5
1461.80 1.3
1469.17 2.7
1470.58 5.7
1477.75 2.6
1490.81 7.2
1493.60 2.8
1507.97 3.2
1511.31 2.2
1531.88 20.9
1533.81 2.0
1540.68 5.9
1544.56 3.6
1549.99 4.7
1563.86 4.6
1566.90 3.8
1594.09 2.0
1611.71 4.3
1619.83 3.0
1632.68 6.0
1644.67 5.8
1652.94 5.0
1653.78 6.5
1661.15 1.3
1663.24 5.6
1676.87 1.7
1678.89 19.3
1680.03 5.8
1680.69 2.2
1696.57 5.5
1736.17 5.4
1736.91 7.0
1747.32 10.0
1749.44 4.4
1756.20 2.5
1765.92 2.7
1773.85 6.6
1792.98 4.6
1804.56 2.8
1848.74 2.2
