1526.75359 2
213.80 6.3
219.03 2.5
223.22 11.3
224.04 4.3
226.00 11.3
227.16 10.6
228.19 10.8
229.19 10.9
230.12 3.2
231.24 2.1
232.19 11.6
233.20 7.5
234.36 10.9
237.24 3.5
238.15 24.5
239.30 6.8
242.28 6.1
243.48 3.2
244.19 18.0
245.06 2.7
246.23 13.3
247.28 13.3
248.04 17.8
249.15 6.9
250.21 9.3
251.24 7.6
253.13 7.1
255.64 22.5
256.34 19.2
257.26 40.0
259.37 3.1
260.31 28.9
262.14 9.7
263.22 9.0
265.28 11.8
266.13 17.5
268.06 3.0
270.03 2.9
271.19 3.9
272.04 7.6
273.20 13.9
274.23 28.7
275.26 26.6
276.17 3.0
277.06 5.4
278.30 8.3
279.30 19.9
280.03 12.3
282.10 2.5
283.19 44.6
284.06 34.2
285.14 18.9
286.23 15.6
287.29 3.4
288.33 4.4
289.08 7.7
290.16 4.9
291.15 10.5
292.32 9.6
293.26 34.3
294.19 2.8
295.17 9.2
296.16 23.1
297.42 5.0
298.17 18.1
300.28 17.1
301.06 65.7
302.20 42.8
303.15 96.1
304.13 9.0
305.40 6.8
306.36 17.0
307.27 23.8
308.32 2.3
309.99 11.0
311.11 15.3
312.40 8.4
314.24 6.2
315.23 15.1
316.20 5.1
317.42 31.2
319.16 92.8
320.23 41.2
320.91 8.6
323.33 20.1
324.20 20.2
325.21 33.3
326.47 8.0
327.39 7.6
329.05 7.0
331.20 40.2
332.21 20.3
333.18 1.8
334.44 25.3
335.21 124.1
336.22 8.0
337.19 2.1
338.10 16.9
340.08 9.1
341.12 12.3
342.12 11.3
343.17 18.9
344.25 43.3
348.24 5.9
349.34 40.3
350.28 21.0
352.14 178.2
353.16 124.5
354.27 50.3
355.26 11.3
359.28 34.2
360.03 27.4
361.08 3.4
362.05 24.9
363.39 5.3
365.39 9.5
366.26 3.1
367.31 17.0
368.11 3.2
370.18 227.7
371.15 33.7
372.22 37.9
373.39 5.0
374.45 4.5
376.31 9.6
377.14 54.7
378.33 17.9
380.97 10.0
382.16 7.1
383.37 23.1
384.30 18.3
385.24 27.5
387.44 21.2
388.28 147.9
389.42 47.3
390.29 22.3
391.18 13.3
392.22 2.2
393.62 6.1
395.11 7.0
396.39 17.3
397.24 10.3
398.13 5.4
399.18 17.9
400.58 21.6
401.43 23.3
402.31 43.2
403.53 22.7
404.34 8.5
406.22 76.4
407.35 26.2
408.17 6.4
409.09 6.6
410.26 2.2
411.07 22.5
412.25 7.9
413.14 6.0
414.29 3.1
415.41 8.5
416.28 39.3
417.19 4.2
419.32 25.5
420.27 350.8
421.29 57.4
422.21 7.7
423.23 15.1
424.33 4.7
426.20 17.9
427.21 6.5
428.13 16.5
429.15 61.3
431.43 14.5
432.29 7.3
433.33 45.7
434.37 11.9
436.30 32.3
437.22 54.0
438.34 13.1
439.39 13.4
440.15 10.0
441.19 25.5
442.87 11.0
444.25 14.3
446.22 107.0
447.18 35.1
448.89 14.6
450.20 4.6
451.44 5.8
452.13 26.4
453.27 3.3
454.25 6.0
455.22 8.0
456.36 8.6
458.78 2.8
460.12 4.7
462.59 13.7
463.29 23.1
464.24 46.6
465.25 20.4
466.34 9.7
467.19 4.9
468.27 15.7
470.09 164.0
471.04 58.7
472.71 22.0
474.27 3.4
476.34 11.3
477.39 21.4
478.26 8.1
480.01 269.3
481.33 20.5
482.17 14.7
483.21 16.9
484.13 2.1
485.55 12.8
486.36 11.0
487.31 134.4
488.29 151.3
489.41 37.0
490.46 9.1
491.43 7.7
493.34 16.6
494.68 15.0
497.18 176.0
498.19 302.3
499.25 55.3
500.16 9.6
502.33 6.2
503.44 1.9
504.51 31.2
505.24 169.3
506.29 135.4
507.05 5.4
507.71 9.7
511.44 14.8
512.24 20.9
513.82 15.1
515.20 636.8
516.18 433.6
517.18 48.9
518.30 6.2
520.34 7.9
521.30 15.7
521.99 3.1
523.38 42.6
524.27 46.4
525.10 3.0
526.28 11.2
530.35 213.6
531.34 197.3
533.23 1635.2
534.31 350.8
535.27 13.2
536.13 5.3
537.99 34.2
539.40 16.4
540.28 30.2
541.27 94.3
542.43 28.5
543.22 2.8
544.56 18.1
546.02 6.6
548.36 654.0
549.48 59.6
551.24 1265.2
552.39 176.5
553.64 38.7
554.29 4.2
556.69 14.3
557.42 4.6
558.86 9.2
560.38 2.2
561.43 191.1
562.29 20.1
563.58 3.0
564.54 15.3
565.43 2.0
566.17 15.6
567.64 33.2
569.24 647.7
570.22 98.7
571.53 12.3
572.24 10.0
573.28 18.6
574.28 7.7
575.54 25.8
577.24 11.1
578.29 1.9
579.26 24.3
580.21 6.6
581.32 44.4
582.32 3.4
583.50 8.1
584.76 17.4
586.27 29.0
587.20 4.5
588.17 20.2
591.27 7.1
592.54 2.3
593.28 3.9
594.63 24.8
596.01 72.4
596.67 13.7
597.53 21.2
598.86 16.5
600.20 32.5
601.47 46.4
602.34 14.1
603.31 7.1
604.43 2.5
605.03 4.3
605.64 13.2
606.46 13.7
607.49 3.6
608.67 4.2
609.46 15.3
610.65 10.1
612.33 31.3
613.18 2.5
614.18 5.0
615.14 6.2
616.39 15.4
617.70 5.1
619.28 30.6
620.38 19.9
621.27 7.0
622.09 14.3
622.98 5.2
625.23 19.5
627.47 16.0
628.16 21.1
630.24 82.4
631.41 20.9
632.08 7.9
633.14 9.1
634.33 15.5
635.34 2.3
636.73 17.0
637.75 21.0
639.35 23.1
641.83 9.6
643.30 13.1
644.54 9.0
646.31 14.0
647.34 15.8
648.53 173.6
649.62 25.7
650.67 29.8
651.88 5.0
652.87 26.9
654.40 4.2
655.32 26.6
656.54 19.4
657.76 24.6
659.19 44.0
661.38 877.8
662.40 196.4
663.48 9.3
664.43 10.3
665.30 13.8
666.38 86.8
667.71 50.8
668.53 18.7
669.51 8.8
670.59 26.1
671.55 4.8
672.71 39.4
673.43 65.3
674.46 26.8
675.29 10.1
677.04 393.0
678.31 21.8
679.08 5.5
681.25 32.3
682.12 17.6
683.09 1.9
684.42 11.8
685.77 14.3
686.43 4.9
689.36 20.3
690.37 10.9
691.34 35.4
692.34 8.3
693.60 20.6
694.56 2.1
695.81 20.6
697.98 3.3
699.21 30.5
700.07 56.1
700.69 3.4
701.59 7.7
702.57 36.4
703.51 6.9
704.20 22.6
704.84 11.7
705.58 10.4
707.27 45.1
708.42 3.4
710.57 29.5
711.46 52.1
712.25 9.6
713.57 27.9
714.25 6.9
715.74 31.3
717.38 51.6
718.33 77.3
719.81 166.5
720.65 12.7
721.63 31.7
722.73 68.4
723.35 1483.9
724.44 36.5
725.41 27.7
726.56 6.1
727.99 174.2
728.63 528.3
729.34 134.2
730.23 13.3
730.91 44.3
731.97 40.0
732.68 23.0
733.44 14.1
734.28 7.7
735.22 79.5
736.62 111.4
737.62 133.7
740.18 86.8
741.28 62.6
742.14 124.2
742.93 46.9
743.59 14.2
745.80 1128.9
746.45 682.0
747.34 39.8
748.72 34.6
749.60 8.4
751.45 35.1
752.95 24.0
753.70 9.6
755.23 15.9
759.31 4.9
770.98 12.3
771.71 3.6
774.41 22.4
775.64 3.9
776.34 2.8
777.65 17.6
779.45 13.7
780.34 3.8
781.42 5.1
784.16 24.8
785.55 14.8
786.21 8.6
787.42 10.0
794.48 3.4
795.27 11.0
796.47 15.1
798.68 9.1
799.44 26.0
800.59 11.7
802.61 10.5
803.48 8.5
804.50 7.3
805.31 36.3
806.17 14.1
808.75 6.8
809.54 6.7
812.26 126.8
813.25 37.2
814.75 2.1
818.76 10.3
820.60 6.4
823.72 8.9
826.71 3.1
830.36 173.1
831.50 52.1
833.04 13.5
834.61 17.6
836.56 11.1
838.21 2.4
838.88 3.2
840.66 7.6
841.85 17.8
843.48 19.1
844.50 14.4
845.47 9.4
846.41 4.2
848.45 227.4
849.47 55.6
850.69 22.6
851.63 10.3
852.55 15.5
854.13 8.4
856.56 4.0
858.24 21.7
859.50 30.3
861.45 300.3
862.48 103.8
863.65 2.7
866.46 142.2
867.57 45.5
868.65 2.3
871.93 4.2
874.71 10.2
875.34 4.1
876.48 7.4
878.86 15.1
879.53 11.0
880.19 21.5
880.89 2.4
881.89 6.9
884.57 8.5
887.85 2.3
889.69 2.7
891.39 2.3
892.57 5.0
894.40 15.5
895.45 18.2
899.24 94.3
900.23 19.3
903.71 1688.1
904.42 1126.3
907.40 58.0
908.28 57.6
908.93 32.5
909.54 5.9
910.92 31.3
911.66 5.3
913.15 44.5
914.17 15.3
915.16 11.7
916.72 11.4
919.24 24.1
923.43 8.5
925.39 63.6
926.50 45.3
927.65 16.3
928.46 9.9
930.85 9.9
933.02 34.8
933.72 17.9
934.38 21.7
935.28 17.9
937.12 19.8
938.18 86.7
940.70 169.0
941.67 81.5
942.68 22.7
943.47 161.2
944.59 91.8
945.85 4.2
946.48 5.5
947.45 5.6
951.64 28.0
953.15 10.4
958.55 9469.7
959.59 2478.3
960.46 11.8
961.41 243.1
962.45 43.7
966.69 2.2
967.77 22.9
968.43 15.6
969.58 15.3
974.24 6.5
974.99 14.1
976.25 9.4
976.95 11.8
978.46 11.3
979.45 159.6
980.48 76.9
983.56 8.1
984.70 17.7
985.61 13.7
986.75 3.0
992.30 2.6
992.96 7.9
995.22 2.4
996.79 11.7
999.08 5.9
1000.87 17.5
1002.82 5.6
1006.29 7.6
1009.24 4.5
1010.57 3.7
1013.82 9.4
1017.59 11.7
1018.68 5.3
1020.75 4.9
1021.97 10.4
1022.64 11.1
1024.48 3.6
1025.09 5.6
1032.31 2.2
1034.55 11.9
1035.44 15.7
1037.04 13.6
1037.71 3.5
1038.35 3.7
1041.74 31.3
1042.69 12.3
1045.78 4.8
1046.53 12.5
1047.33 7.3
1049.44 3.7
1052.62 1.9
1053.80 2.0
1055.93 2.8
1058.42 4.2
1059.93 7.3
1063.38 3.0
1064.18 13.6
1066.77 16.5
1067.55 3.3
1070.76 35.6
1071.54 57.9
1072.75 29.3
1075.37 58.4
1076.58 4.1
1080.01 11.6
1084.59 11.7
1085.45 10.2
1086.57 10.6
1089.49 150.1
1090.64 65.9
1091.86 3.9
1092.57 4.5
1093.45 14.4
1094.63 1.8
1095.57 19.1
1098.65 30.6
1099.50 29.3
1103.64 15.7
1104.66 37.9
1105.74 9.3
1107.52 137.5
1108.54 92.8
1111.98 8.7
1113.59 3.5
1118.41 55.1
1119.09 12.6
1119.83 4.8
1121.61 948.7
1122.59 451.6
1123.31 14.6
1124.94 14.6
1125.71 2.7
1131.29 9.1
1133.54 3.6
1134.16 10.1
1141.41 8.6
1143.71 4.1
1147.70 1.7
1151.69 4.7
1160.87 2.7
1164.85 5.3
1166.74 3.0
1170.91 4.9
1183.92 4.7
1185.53 8.9
1189.23 3.7
1190.57 27.8
1191.38 22.4
1192.00 5.2
1193.14 3.5
1194.81 18.3
1201.00 4.5
1201.84 6.0
1206.47 7.5
1208.61 473.0
1209.66 182.4
1211.60 7.6
1212.65 11.2
1214.51 17.5
1218.97 9.0
1219.60 2.3
1224.54 2.0
1226.64 3.4
1229.59 4.4
1231.69 3.7
1232.53 9.6
1239.61 1.8
1242.72 27.7
1243.86 12.5
1247.79 15.6
1249.62 25.3
1250.69 9.9
1254.74 11.3
1259.71 17.1
1260.96 12.4
1267.57 61.5
1268.63 13.1
1278.65 1.9
1279.42 14.9
1281.76 12.3
1282.67 4.9
1287.99 2.5
1292.26 8.2
1293.87 8.5
1295.66 45.5
1296.68 33.9
1299.70 3.6
1300.67 5.7
1307.79 3.2
1308.86 8.9
1311.80 3.4
1312.82 2.9
1315.76 3.7
1316.75 8.6
1318.15 3.7
1326.40 9.5
1327.89 13.5
1334.98 5.9
1335.67 6.7
1344.55 51.1
1345.49 70.6
1352.69 45.1
1353.72 26.8
1362.73 81.6
1363.79 60.5
1380.64 201.7
1381.64 98.0
1394.60 3.2
1395.25 1.7
1399.52 2.6
1414.27 4.5
1449.68 4.0
1486.81 2.2
1489.53 6.9
1519.25 14.8
