1208.61882 2
173.07 2.7
174.28 2.0
181.24 1.5
183.22 2.6
184.05 1.8
184.92 5.3
187.13 1.6
189.34 1.5
194.23 3.1
197.42 3.7
198.05 2.8
201.34 8.7
202.16 3.8
203.25 6.6
207.28 1.2
209.24 2.3
210.17 1.2
210.98 1.8
215.17 3.2
217.05 4.4
218.05 4.0
219.13 1.5
220.30 1.2
221.33 1.1
225.23 5.7
226.21 1.6
227.44 9.1
228.31 7.2
229.42 1.9
232.16 4.8
233.14 3.1
234.04 3.5
235.15 4.6
241.14 5.3
242.37 4.5
243.34 5.8
244.21 11.2
246.14 7.4
247.30 7.4
248.16 4.5
249.12 6.8
251.09 1.2
256.46 1.1
258.00 2.0
260.22 51.7
261.19 5.6
263.04 1.0
264.08 2.3
267.32 3.8
268.25 3.2
270.07 1.6
271.05 9.4
272.27 3.5
273.03 1.7
274.37 11.2
278.15 1.6
280.06 5.3
281.29 2.8
283.30 2.1
284.41 3.4
290.05 1.5
291.10 2.9
294.21 6.4
295.15 1.1
296.18 1.3
299.78 7.7
301.32 8.1
302.29 2.0
303.25 4.7
304.24 22.3
305.28 2.1
306.34 1.6
307.25 1.0
308.79 17.9
310.13 3.0
313.17 2.4
314.23 5.7
315.36 2.7
317.28 23.4
318.42 1.2
319.30 1.0
320.71 4.8
322.35 4.6
323.46 1.7
324.75 9.5
327.34 1.3
329.17 8.5
330.15 5.9
331.95 2.0
336.21 1.5
337.65 3.3
339.09 4.4
340.23 1.1
342.26 1.5
343.15 1.8
345.47 25.6
346.47 6.3
349.05 1.9
350.46 6.6
351.07 5.0
352.10 5.1
353.12 3.4
355.21 2.1
357.18 9.8
359.36 61.6
360.21 7.3
361.33 34.3
362.31 14.8
367.22 4.5
369.80 1.0
373.21 7.7
376.36 1.4
377.12 2.7
380.11 2.9
381.43 1.9
383.42 2.9
384.48 5.7
386.33 7.0
387.12 3.7
388.18 3.8
389.40 12.7
390.21 18.3
392.25 33.1
393.26 16.5
394.38 11.6
395.34 16.9
396.08 3.6
401.24 2.5
402.71 3.0
404.43 8.0
406.28 3.0
407.19 10.2
409.06 3.7
410.39 2.8
415.64 10.3
417.21 1.9
418.17 7.9
420.28 2.9
421.20 13.3
423.38 2.4
424.29 3.6
426.28 9.4
427.69 2.0
428.34 6.6
429.20 1.9
432.22 15.6
435.30 4.5
437.26 3.3
439.36 1.4
440.40 2.0
442.56 17.7
444.01 4.4
445.54 12.2
446.23 8.8
447.29 60.2
448.28 13.9
449.32 5.3
450.46 1.0
451.54 9.1
452.38 2.6
453.12 7.9
454.29 7.4
455.21 4.9
457.04 6.0
458.35 7.9
459.98 2.3
460.65 4.1
461.51 3.2
465.12 10.6
467.71 7.8
469.19 7.1
470.02 18.2
471.22 19.4
472.19 3.8
473.20 16.6
474.18 9.0
475.55 5.3
476.50 3.0
477.40 4.2
481.39 1.0
482.54 34.9
483.31 3.4
484.30 1.1
485.31 2.5
486.30 3.2
488.48 10.3
489.46 15.9
491.29 69.3
492.22 9.1
495.57 3.0
496.42 10.8
498.04 1.7
499.36 2.4
500.77 9.0
501.38 2.1
502.16 22.0
502.97 11.6
503.61 1.2
504.56 32.8
505.61 22.4
507.33 10.0
509.64 4.2
510.60 13.8
512.12 3.4
513.29 9.3
514.25 5.9
515.02 8.6
516.94 203.3
517.82 7.3
518.99 47.6
519.94 1.8
521.12 1.8
523.43 13.2
524.39 33.3
526.12 87.3
527.51 11.4
528.18 1.8
529.79 10.6
530.62 8.3
531.59 13.0
532.78 18.3
533.72 10.4
535.44 1.3
536.31 9.1
537.22 9.9
538.56 39.8
539.75 16.6
540.36 13.8
541.36 28.4
542.25 14.0
543.46 9.0
544.44 8.1
545.31 15.1
546.14 16.9
547.42 33.8
548.57 13.1
549.66 1.9
550.50 12.1
551.39 6.6
553.35 23.1
554.88 24.0
555.68 12.5
556.49 27.2
557.35 6.0
558.48 12.3
559.23 22.0
560.09 19.1
561.48 25.0
562.37 3.0
563.29 1.1
564.10 3.8
565.52 32.0
566.38 12.1
567.36 9.4
568.32 13.5
569.09 21.0
570.32 10.5
572.34 11.0
573.42 29.9
574.41 13.6
575.21 7.4
576.06 5.4
577.17 7.4
578.24 10.8
578.99 12.4
580.85 18.3
581.58 12.7
582.59 46.4
583.34 22.2
584.42 20.8
586.29 86.7
587.10 220.6
588.12 66.9
589.29 24.0
590.10 14.2
591.41 6.1
592.80 44.4
593.42 11.1
595.39 148.0
596.02 983.0
597.08 28.4
598.31 3.5
600.54 3.0
618.13 6.8
620.49 1.4
622.12 5.7
626.44 4.3
627.25 2.8
628.19 9.1
630.30 5.4
631.38 1.2
633.44 12.8
634.45 6.3
635.72 6.2
636.39 3.0
637.56 3.9
641.63 1.3
642.36 1.3
643.40 2.1
645.84 8.0
646.99 15.2
648.14 4.2
650.54 5.4
651.46 2.5
652.65 26.9
653.69 9.8
657.37 3.1
662.84 7.7
664.01 12.4
668.28 1.4
669.90 8.5
670.59 2.4
672.44 1.6
673.96 20.3
674.64 34.0
675.47 14.7
676.36 5.2
677.59 5.3
679.40 9.5
680.22 3.9
681.80 2.6
682.63 10.8
683.92 13.7
685.95 7.3
686.84 1.5
689.46 4.1
690.49 26.5
691.60 12.3
692.33 7.7
693.49 2.1
694.41 5.1
695.35 4.6
696.12 3.1
698.33 1.1
700.91 6.1
706.27 3.5
707.21 9.2
709.53 2.2
711.41 2.6
712.43 3.8
713.42 4.2
715.41 4.7
716.03 6.9
719.30 2.5
720.44 28.4
721.54 23.7
722.51 6.8
725.41 1.6
727.02 4.2
729.35 5.5
731.62 3.2
732.42 6.9
733.35 20.9
734.32 9.0
735.32 2.0
736.25 1.8
740.88 1.9
742.50 3.0
744.40 2.1
747.33 20.6
750.21 1.9
750.88 1.9
751.73 3.0
754.38 2.1
755.70 3.8
756.89 6.3
759.27 5.1
760.98 4.1
763.46 2.8
764.79 2.7
765.59 2.6
773.53 8.1
774.36 1.3
777.39 33.8
782.03 8.3
783.55 4.1
784.25 2.6
787.33 2.3
788.58 7.5
789.68 4.7
791.37 5.7
793.30 5.5
793.96 4.5
794.66 2.7
800.46 4.8
805.30 1.1
806.25 2.5
807.23 17.3
808.27 7.4
809.08 9.0
810.71 1.0
812.43 5.3
814.31 5.0
815.40 20.7
816.56 5.3
817.73 8.2
819.29 4.3
822.40 4.7
824.50 10.0
825.58 16.6
826.87 20.8
828.69 8.9
829.64 2.7
830.50 2.4
831.49 4.4
832.52 17.3
833.60 17.3
834.52 105.3
835.61 73.4
836.45 52.3
837.48 27.5
841.14 2.9
844.09 5.5
848.34 12.9
849.50 6.0
850.58 14.0
851.93 14.6
852.63 7.4
853.57 8.0
854.59 9.6
860.54 1.4
862.31 6.6
863.64 16.9
869.63 6.1
872.61 1.2
876.55 2.5
877.42 1.4
878.74 2.5
879.41 1.5
885.55 1.2
886.56 3.8
888.71 2.7
890.47 4.0
894.26 3.6
906.48 2.1
908.61 4.7
913.74 13.4
914.83 5.0
921.32 1.9
923.45 5.6
924.67 3.6
928.66 1.8
931.39 9.5
932.47 27.1
933.37 1.6
938.74 2.7
942.51 1.2
944.60 1.3
945.42 5.1
946.40 13.2
948.59 3.3
949.58 22.3
950.47 6.7
960.75 1.8
962.26 4.9
963.48 56.2
964.66 30.8
965.67 15.8
966.54 15.3
971.62 8.9
976.35 1.5
980.73 2.5
981.54 8.1
987.63 3.2
992.78 2.7
993.88 1.2
996.35 2.7
998.58 4.9
1009.70 4.5
1015.65 9.8
1017.03 3.7
1017.97 3.0
1018.67 11.9
1019.69 2.5
1020.91 3.1
1025.52 5.4
1027.45 12.8
1032.73 11.0
1033.35 1.1
1034.72 5.1
1036.48 76.9
1037.61 36.7
1041.42 1.8
1044.73 17.4
1045.61 6.1
1046.70 4.8
1050.73 28.3
1051.66 13.9
1062.53 29.6
1063.44 8.9
1067.48 1.9
1069.49 2.8
1081.74 1.7
1085.57 2.3
1090.48 3.7
1099.74 4.7
1106.37 2.0
1107.23 7.9
1108.71 5.6
1111.70 1.7
1146.50 6.9
1162.62 4.5
1165.64 2.2
1168.99 5.9
1185.52 1.8
