870.5427099999999 2
128.04 2.1
136.17 4.6
153.36 1.3
155.58 1.2
156.38 1.2
157.22 3.0
159.01 1.7
160.05 3.3
162.16 1.6
165.33 2.0
166.05 1.9
170.09 5.5
171.15 3.9
173.46 5.3
174.58 7.0
175.33 7.5
179.00 1.8
180.20 2.1
181.15 5.7
183.05 2.5
184.08 3.8
185.47 7.3
186.28 6.3
189.01 4.1
191.24 9.6
194.17 1.4
195.05 7.8
197.36 1.0
199.16 3.2
202.28 4.2
203.21 9.2
207.37 11.4
209.37 8.9
210.11 1.7
211.36 3.7
213.10 1.1
215.60 4.4
218.20 5.8
225.27 7.1
227.22 6.8
228.21 7.7
229.15 3.5
232.07 7.2
235.29 1.5
239.23 7.9
242.12 5.0
244.25 4.3
245.60 1.3
247.52 6.9
248.25 8.9
248.95 1.2
250.17 12.6
251.17 2.9
253.50 3.3
254.49 2.4
255.38 1.0
256.27 1.5
257.16 1.1
265.07 3.4
266.80 2.1
272.32 10.8
273.11 1.0
274.32 14.4
275.16 3.7
278.27 1.5
281.92 3.6
288.24 5.4
289.78 1.0
296.23 1.2
298.56 4.3
300.13 3.2
302.20 6.8
303.55 11.8
304.27 7.9
305.15 4.6
307.15 1.0
308.30 12.1
312.05 1.6
314.27 45.8
315.22 19.3
316.06 2.6
319.03 2.6
321.16 928.5
322.22 158.9
324.52 12.5
325.27 8.2
326.06 1.3
327.09 5.2
329.16 2.0
329.99 2.5
332.32 5.7
333.47 3.1
334.31 7.3
337.02 5.4
338.32 1.8
339.48 7.4
340.45 3.5
341.81 26.8
343.38 34.6
344.37 17.8
345.19 2.7
346.23 3.6
347.38 13.1
348.41 1.5
350.28 2.3
354.13 8.6
355.31 6.5
356.49 2.1
358.70 6.5
360.65 5.1
361.45 1.4
362.26 2.5
364.34 4.0
365.18 3.6
368.21 5.6
369.48 2.1
371.43 23.3
374.14 4.4
375.05 4.1
376.19 13.7
377.99 13.3
379.23 6.6
379.93 10.3
380.97 10.5
382.09 6.7
383.28 3.1
385.38 4.9
386.86 5.2
388.44 8.4
389.27 19.7
391.09 21.1
391.70 5.0
392.61 6.6
394.94 13.7
398.31 5.0
399.17 24.5
400.43 24.7
401.39 9.2
402.50 4.5
403.32 9.5
404.37 5.0
405.45 2.2
406.34 16.5
407.22 7.3
408.25 9.5
409.01 14.8
409.85 5.5
413.02 19.5
414.12 11.2
414.81 13.5
417.18 141.0
418.14 156.3
419.08 32.2
419.82 7.7
421.18 13.1
421.80 2.6
423.41 16.3
424.35 13.9
426.81 854.2
427.42 91.3
430.98 1.7
435.09 1.8
444.33 5.1
448.45 2.2
458.34 2.5
459.74 3.5
467.72 6.8
468.43 6.5
472.36 10.4
473.48 6.0
474.30 5.1
476.84 10.1
477.64 5.9
480.79 6.9
482.45 1.9
483.45 2.6
485.90 7.2
494.37 2.3
495.49 7.1
496.63 2.1
499.18 2.5
501.38 2.5
502.52 6.7
504.03 4.8
507.90 7.8
515.63 1.5
518.74 5.3
519.50 4.2
521.12 2.5
522.47 4.4
524.51 6.6
531.16 15.7
540.12 4.6
546.41 1.7
547.82 1.1
553.72 1.6
554.70 14.0
563.58 4.0
565.10 1.0
566.98 6.4
568.92 1.6
570.39 3.4
571.46 14.7
576.66 3.8
580.09 3.9
581.24 8.3
583.29 3.9
585.75 1.1
586.92 5.4
588.21 6.3
597.22 3.6
598.38 1.2
600.25 2.4
601.33 1.3
603.81 2.2
608.08 1.5
609.16 5.1
616.43 2.4
618.50 5.2
620.45 6.4
622.30 3.9
623.35 1.8
624.51 2.4
626.20 3.0
628.64 2.9
629.49 1.7
631.46 14.6
635.57 2.2
641.33 1.5
642.61 2.0
651.65 1.7
653.89 6.3
654.53 5.9
655.44 13.5
664.50 3.1
666.70 2.6
670.35 6.6
672.43 57.3
673.56 3.8
678.42 2.0
684.05 2.6
686.55 1.9
713.30 6.2
714.54 3.3
720.64 4.7
725.55 34.8
726.50 5.4
727.55 1.9
738.87 1.5
743.47 243.2
744.58 70.4
755.51 3.8
758.58 1.6
771.42 11.2
772.39 4.4
776.46 1.9
831.69 3.0
872.36 2.3
