1028.50322 2
146.88 5.3
153.20 1.2
154.10 4.2
155.11 5.7
157.11 7.1
158.15 43.8
159.11 126.6
160.20 3.9
161.01 1.8
161.98 9.3
163.21 7.7
166.19 1.9
168.09 2.1
169.24 13.2
171.25 2.4
172.39 3.5
173.20 5.3
174.15 3.4
175.13 136.4
176.27 5.8
177.00 5.2
178.08 3.8
178.97 3.8
180.04 2.1
180.91 1.2
182.22 10.1
183.25 7.1
184.33 2.1
185.23 30.8
187.15 165.5
188.19 6.6
188.99 4.4
190.14 1.6
191.25 1.6
195.13 1.8
196.39 8.9
197.07 2.1
198.25 2.1
200.12 8.0
201.08 2.4
202.15 2.0
203.18 7.4
205.08 1.2
207.04 6.5
208.18 3.6
210.31 13.2
211.23 6.7
213.15 40.4
214.19 9.3
215.22 5.4
216.12 5.2
217.30 5.0
218.06 2.1
219.27 2.6
220.18 9.1
221.42 4.6
223.12 3.6
224.03 3.8
225.23 28.6
227.22 4.4
228.17 3.7
229.07 13.2
231.38 1.6
232.45 5.9
233.13 20.1
234.05 8.5
235.35 9.0
236.01 4.8
238.28 7.9
239.30 2.4
240.52 13.6
241.14 63.5
242.24 107.1
243.21 5.9
244.28 5.6
245.09 6.7
246.19 22.8
247.30 2.1
248.08 2.2
249.34 10.7
251.12 4.5
252.50 10.5
253.37 6.9
254.66 8.9
255.71 17.0
256.32 5.4
257.26 94.5
258.23 6.0
259.19 7.0
260.08 8.3
261.14 21.3
262.26 8.9
265.04 7.4
266.03 4.8
267.18 2.7
268.27 11.2
270.40 10.1
271.18 29.5
272.18 89.7
273.15 7.1
274.24 34.2
275.09 11.8
276.26 3.1
277.18 5.8
278.49 24.2
279.39 3.6
280.17 1.8
281.43 7.3
282.23 4.3
283.09 8.4
284.67 7.3
286.11 17.6
287.26 3.7
289.25 6.1
290.47 9.0
291.15 10.4
292.06 2.1
293.21 9.6
294.09 4.4
295.20 6.4
296.18 7.4
298.43 4.9
299.18 4.9
300.21 5.5
301.27 9.0
302.23 7.9
303.27 20.9
304.14 24.9
305.20 3.5
306.20 5.8
307.23 8.4
309.39 3.1
311.24 6.4
312.21 55.4
313.04 8.4
314.33 4.7
315.38 3.7
316.40 5.2
317.29 18.8
318.30 10.0
319.24 2.9
320.63 3.8
322.21 13.6
323.23 16.6
324.35 19.0
325.42 20.1
326.24 5.6
327.22 4.2
328.25 15.2
329.07 2.5
330.25 11.8
333.36 9.4
334.22 10.8
335.06 13.2
336.32 8.1
337.12 9.7
338.15 48.7
339.26 18.7
340.21 34.2
341.25 30.9
342.34 2.6
343.31 5.2
344.30 1.1
345.27 2.5
349.27 3.3
352.11 36.3
353.23 8.3
354.32 19.9
355.23 41.6
356.40 5.8
357.23 20.6
358.22 34.8
359.30 42.7
360.16 2.8
361.30 1.1
362.16 1.2
364.09 6.5
365.25 2.8
366.04 1.3
367.18 43.3
368.22 37.8
369.06 12.3
370.17 13.0
371.30 10.4
372.36 14.6
373.49 2.3
374.28 4.2
375.25 14.2
376.47 3.1
377.63 6.1
378.98 13.6
380.18 8.0
382.08 34.1
383.04 7.7
384.50 8.4
385.25 44.1
386.15 4.3
387.36 15.6
389.06 10.5
391.36 4.9
392.25 77.7
393.16 4.9
394.20 15.5
395.17 19.3
396.23 3.7
397.33 2.0
398.18 4.8
399.19 12.2
400.10 34.1
401.17 21.9
402.29 9.4
404.10 18.8
405.23 15.8
407.36 1.6
408.36 4.0
409.19 6.1
410.10 7.9
411.57 24.3
413.17 173.2
414.11 15.4
415.33 9.9
416.24 3.1
417.62 5.2
419.99 81.2
421.80 6915.7
423.03 53.5
424.15 19.0
425.08 12.7
426.24 44.9
427.22 38.3
428.47 7.1
429.16 7.9
430.60 2.9
431.20 10.9
432.11 8.3
433.24 22.8
434.69 188.4
435.45 24.0
436.31 5.8
437.51 14.3
438.26 2.7
439.58 15.4
440.44 18.2
441.35 13.5
442.30 6.6
443.21 14.7
444.30 18.1
445.25 1.4
447.00 22.9
448.72 44.8
449.37 24.9
450.20 3.1
451.08 10.5
452.02 16.8
452.64 8.0
453.39 36.8
454.25 53.2
455.27 38.5
456.41 59.0
457.58 79.0
458.46 14.7
459.29 4.5
460.38 111.9
461.59 22.7
462.49 4.2
463.43 6.7
464.71 16.9
465.44 39.3
466.51 31.7
467.33 40.3
468.26 19.6
469.25 41.4
470.50 317.4
471.47 17.6
472.39 15.2
473.56 16.5
475.64 12.7
478.15 67.1
479.21 94.4
480.41 72.8
481.43 95.4
482.26 11.9
483.22 6.6
484.23 15.4
485.59 24.9
486.44 10.6
487.12 7.4
488.52 16.6
489.36 6.8
491.08 25.3
492.23 71.6
492.97 28.2
496.29 283.0
497.41 782.6
498.41 269.1
500.38 16.1
501.39 10.2
502.11 13.5
505.66 209.7
506.45 1641.3
508.63 2.3
524.42 1.6
525.47 6.8
530.35 2.3
534.29 1.1
535.21 1.4
538.52 1.3
542.56 4.9
547.40 4.9
550.43 4.6
552.39 3.6
564.48 2.9
565.33 12.6
566.39 4.9
570.29 29.4
572.73 9.1
573.41 50.6
575.37 19.8
577.36 1.8
579.21 2.8
582.46 65.4
583.33 3.7
584.42 4.4
585.31 6.5
588.84 8.6
593.16 2.6
594.60 9.8
597.43 2.1
603.89 3.5
606.55 1.5
612.71 6.0
613.33 3.1
615.53 3.6
616.55 1.5
618.12 3.3
622.55 3.9
623.48 5.5
627.49 12.9
636.30 3.1
637.22 2.4
638.39 5.9
641.57 4.9
645.06 10.2
646.62 4.6
650.55 7.2
653.25 3.3
656.41 66.1
661.53 1.6
668.92 2.4
671.40 12.9
672.54 1.9
674.36 25.6
676.49 3.1
679.38 3.0
680.40 3.0
686.32 9.9
694.60 1.7
696.43 14.3
697.47 2.8
698.68 6.5
701.95 10.2
702.66 39.2
703.96 7.7
707.05 1.3
707.69 2.9
714.42 6.3
715.38 1.2
720.09 6.3
723.17 1.1
725.05 4.7
728.37 10.3
730.79 3.5
740.63 1.5
742.61 2.3
743.41 3.9
745.48 45.9
748.23 1.8
751.50 7.4
756.44 2.3
761.49 2.9
765.45 13.1
766.36 14.3
783.48 32.4
784.48 8.0
799.38 44.6
808.64 2.4
817.54 221.6
820.21 16.0
820.88 10.0
824.40 6.7
825.27 2.6
826.66 3.6
827.62 2.0
837.28 2.9
837.91 9.0
839.18 1.5
842.44 1428.2
843.48 92.8
850.09 1.0
855.56 3.1
858.42 3.2
869.65 3.3
874.49 1.8
877.30 2.2
881.26 4.5
884.77 1.6
896.70 10.8
898.67 1.6
899.46 3.7
904.28 1.4
912.66 1.3
914.53 1.1
915.53 4.2
917.16 3.5
930.61 9.6
1007.20 4.6
1007.97 1.2
