5671.937719999999 7
240.25 9.5
241.70 6.5
243.20 6.0
245.33 7.8
261.23 20.8
262.15 23.2
278.32 7.2
280.97 3.3
282.34 3.7
283.02 27.6
284.15 22.2
290.23 3.4
300.21 14.3
301.36 3.4
310.28 3.1
311.51 4.6
318.97 50.0
321.12 8.0
324.03 16.7
325.19 7.0
327.81 20.9
337.28 3.6
340.18 2.8
342.32 14.4
344.29 14.1
347.91 7.1
352.65 4.6
359.95 7.6
367.76 8.6
370.79 8.7
372.78 27.4
377.52 3.7
378.32 5.9
380.44 10.8
390.35 76.6
391.20 9.2
392.27 24.2
395.68 7.3
396.42 3.9
397.32 4.8
403.87 11.2
405.28 14.9
409.26 5.1
412.57 9.2
413.43 38.1
417.26 16.0
418.78 45.5
419.43 6.6
424.15 27.2
426.03 52.2
426.94 24.5
428.10 7.2
429.96 9.2
431.15 46.8
431.77 3.1
437.86 44.9
440.27 164.0
442.19 11.7
445.54 5.2
447.06 19.6
448.30 12.8
453.63 15.1
454.82 10.8
455.44 8.5
456.16 5.1
458.47 15.5
459.52 21.8
460.39 7.5
461.28 5.1
462.54 18.2
464.41 11.8
465.42 12.4
466.63 9.9
468.28 103.9
469.82 25.1
471.06 3.2
472.34 5.3
473.52 65.9
474.25 6.6
475.09 18.1
476.39 6.4
478.20 7.7
479.42 6.3
480.20 11.5
481.02 4.5
482.41 296.5
483.32 55.7
484.29 6.7
486.37 5.4
487.51 112.6
488.64 18.4
489.41 5.1
491.07 17.9
494.54 20.3
496.31 292.1
496.97 261.9
498.81 6.9
502.45 10.9
503.54 33.7
504.49 53.8
505.72 42.3
506.45 6.5
510.31 6.8
511.26 32.4
511.93 11.0
512.94 18.7
514.48 5.9
515.16 12.4
516.37 16.0
517.01 5.1
518.61 16.2
523.69 18.2
524.89 113.3
526.12 43.1
527.30 8.4
528.48 7.9
530.71 4.0
532.80 56.1
534.05 25.4
535.39 3.0
538.09 22.6
538.78 23.9
539.78 52.9
540.59 29.6
542.55 67.8
543.58 45.2
546.92 203.2
548.08 17.2
551.57 139.2
552.28 55.0
552.99 30.4
556.32 16.1
558.22 3.9
560.85 757.4
561.60 271.3
562.58 9.0
564.79 10.4
566.44 7.3
567.55 22.0
568.27 2.9
568.91 11.8
571.01 21.1
571.83 18.8
575.82 47.0
577.56 5.6
579.44 23.1
580.77 39.5
581.41 19.3
583.87 13.5
585.36 16.1
586.97 21.6
588.18 13.5
589.52 544.1
590.61 90.0
592.47 36.1
593.28 2.8
594.85 34.5
595.58 10.1
596.55 17.1
598.13 19.0
599.01 24.4
600.25 10.4
601.53 38.1
603.50 11.4
604.19 9.1
605.11 29.0
607.21 34.8
607.99 21.9
609.33 4.5
610.94 23.7
612.36 54.5
618.04 120.7
619.03 15.2
620.41 3.4
622.57 55.8
623.79 11.8
624.87 24.1
627.19 3.5
628.03 15.7
630.69 18.2
631.54 15.4
632.25 29.4
632.97 40.6
634.89 18.5
636.50 15.1
637.77 83.8
638.54 26.8
640.89 27.6
641.58 33.5
645.20 3.7
646.61 217.3
647.61 134.4
648.70 30.7
650.74 9.5
652.18 20.4
652.88 9.5
654.15 17.3
655.96 8.7
657.21 127.1
657.86 6.6
658.51 2.5
659.32 3.6
661.33 28.7
662.45 27.2
664.07 33.7
664.77 38.3
665.56 22.1
666.32 58.7
667.51 9.3
668.57 6.5
670.57 59.8
671.72 46.2
673.25 13.8
675.02 44.6
676.31 185.1
677.63 5.5
679.32 5.5
680.53 7.1
683.37 15.1
684.07 21.1
684.90 51.6
685.62 9.2
687.51 12.3
688.76 24.9
689.59 95.5
690.45 23.0
692.39 33.3
693.53 6.2
694.58 99.5
695.45 38.9
697.24 65.0
698.38 36.0
700.83 22.3
702.07 123.1
702.88 35.9
703.61 6.0
704.51 137.5
706.14 27.1
707.61 332.0
708.49 57.6
709.66 2.7
710.86 391.5
711.50 229.3
712.13 90.9
713.18 19.8
714.15 266.4
714.87 4.0
715.91 138.8
717.24 35.5
718.87 44.0
719.63 29.5
720.43 12.8
721.92 220.9
722.76 60.2
723.79 26.8
726.05 19.1
727.05 91.7
728.22 99.4
729.08 30.8
729.99 185.9
730.70 55.9
731.50 5.3
733.01 290.6
733.93 32.4
734.68 53.7
735.45 16.7
736.56 57.4
737.62 54.3
739.35 289.2
740.13 56.2
741.37 113.0
742.29 176.1
743.57 58.0
744.29 87.1
745.89 51.2
746.77 33.2
747.89 149.5
749.06 166.4
749.89 24.6
751.41 16.8
753.11 404.9
754.42 40.0
755.34 11.6
756.37 84.0
757.86 226.0
759.09 94.4
760.30 161.2
761.26 417.4
762.34 35.8
764.02 1042.9
765.41 148.6
766.59 183.9
767.65 50.4
768.40 64.3
769.08 31.3
770.59 155.4
771.56 113.5
772.60 52.7
773.48 176.4
775.09 237.0
775.77 1618.2
777.04 259.8
778.61 48.9
779.49 368.1
780.24 628.5
781.38 167.7
782.85 955.1
784.45 103.0
785.07 56.8
785.96 86.5
787.16 67.7
789.22 423.0
791.59 3170.0
792.76 303.6
794.13 32178.4
796.61 37203.6
798.26 991.8
799.13 739.8
800.02 262.0
801.08 217.0
801.99 127.9
802.70 154.1
803.80 108.9
804.84 74.8
805.74 74.9
807.09 39.0
807.97 16.0
809.15 41.9
810.15 16.1
811.30 13.2
811.93 7.7
812.75 15.5
814.01 25.0
814.74 15.7
815.85 55.9
817.11 17.6
819.22 295.8
820.07 39.8
820.96 27.5
821.65 14.9
822.57 3.8
823.58 102.2
824.24 72.2
826.02 35.6
827.03 269.9
827.67 177.5
828.28 9.3
829.35 15.0
830.67 2292.8
831.35 63.0
832.26 75.6
833.08 73.3
834.21 82.0
834.89 37.0
836.43 87.1
837.31 60.7
838.28 56.4
839.43 90.9
840.73 109.6
841.67 178.1
842.70 36.8
843.61 60.2
844.98 172.4
845.79 18.7
847.11 134.2
848.08 122.6
849.22 342.3
850.32 90.4
851.71 149.2
852.70 557.7
853.70 48.8
854.84 12.7
856.59 1244.3
858.25 125.9
859.08 123.6
860.45 137.5
861.49 94.2
862.48 35.6
863.54 55.6
864.48 77.0
867.60 263.4
868.39 111.4
869.42 43.3
870.18 93.2
871.42 41.5
872.51 296.4
873.38 61.1
874.43 39.3
875.90 1462.6
876.86 84.9
878.54 1004.7
879.36 2814.4
880.61 145.4
881.78 56.1
882.64 88.3
883.99 202.5
885.33 56.6
886.09 24.4
887.31 2772.9
888.27 85.7
889.52 48.0
890.76 6129.2
891.57 117.3
892.33 119.8
893.17 17.3
894.09 12.6
895.74 43.1
896.79 19.0
898.07 127.9
898.97 37.0
900.00 131.7
900.82 58.0
901.49 443.9
902.30 43.7
903.49 32.4
905.16 974.2
906.43 28.0
907.31 118.3
907.97 150.2
909.38 236.0
910.08 145.6
911.27 191.6
911.98 39.9
913.13 2734.8
914.38 62.6
915.17 131.0
915.87 73.8
916.55 5727.2
917.48 97.5
918.35 76.7
918.99 80.0
920.01 91.9
920.64 135.1
921.28 4.4
922.12 16.5
923.00 36.3
923.92 27.4
924.53 132.7
925.93 45.1
927.65 383.2
928.72 110.6
929.82 22.7
930.47 10.4
932.24 58.4
933.04 23.2
934.19 67.1
935.62 602.7
936.49 134.1
937.27 179.7
938.01 60.8
939.10 1039.4
940.22 40.8
941.46 132.6
942.34 27.6
943.54 65.5
944.47 24.7
945.68 8.4
947.42 88.2
948.03 43.1
948.66 27.0
951.74 80.6
952.64 60.7
953.26 7.9
953.97 10.5
954.89 32.6
955.77 238.4
956.47 53.3
958.98 290.2
959.83 48.2
960.46 20.9
961.38 40.4
962.22 33.4
963.37 56.2
965.69 20.4
966.96 36.8
967.59 98.1
968.72 29.4
969.74 43.6
970.59 96.3
972.08 35.5
973.69 36.6
974.76 62.8
975.73 52.7
976.73 25.2
977.56 6.8
978.74 42.7
979.48 18.3
980.46 10.4
982.44 63.5
984.41 235.9
985.41 175.2
986.64 19.0
987.29 41.4
988.84 39.6
989.79 69.1
991.47 395.8
992.67 209.5
993.63 36.3
994.80 11.6
997.26 59.2
998.11 30.0
999.05 27.4
1001.68 32.7
1002.50 6.9
1003.58 26.5
1004.64 8.8
1005.45 14.2
1006.37 45.7
1007.59 105.8
1008.67 30.5
1009.34 17.1
1013.35 217.4
1014.56 75.9
1015.55 24.5
1016.24 12.2
1017.18 42.5
1018.26 22.0
1019.57 38.1
1020.43 20.7
1021.46 39.2
1022.10 13.4
1022.78 9.2
1023.93 11.9
1026.58 26.9
1027.91 14.7
1029.73 28.9
1030.58 5.8
1032.02 7.6
1033.28 26.3
1033.99 52.2
1036.15 24.3
1036.82 14.4
1037.70 10.9
1039.58 16.4
1040.87 67.3
1041.83 45.4
1042.68 5.7
1043.72 11.7
1045.75 45.0
1046.62 20.5
1047.59 29.3
1048.71 60.8
1049.86 28.6
1050.92 20.7
1052.99 22.5
1053.86 57.7
1054.54 10.2
1055.69 30.1
1056.39 9.6
1057.29 26.3
1059.67 107.4
1061.76 2.6
1064.54 40.6
1065.79 4.1
1067.50 31.0
1069.94 79.7
1070.68 7.9
1072.72 78.3
1073.71 19.7
1074.77 9.5
1075.75 24.8
1079.31 23.3
1080.44 19.1
1084.05 33.0
1086.09 18.0
1088.68 31.1
1090.67 10.9
1091.80 16.2
1092.81 3.9
1093.43 3.4
1094.59 40.2
1096.66 19.8
1098.07 2.6
1100.61 6.1
1103.66 14.2
1104.96 48.2
1105.94 17.6
1106.56 5.1
1108.39 15.4
1110.46 34.2
1111.38 46.6
1113.10 29.7
1116.57 9.0
1117.79 5.0
1118.87 9.1
1120.59 116.2
1121.67 113.0
1122.64 14.9
1123.57 25.6
1124.37 18.9
1130.14 35.5
1130.83 29.7
1132.14 20.2
1133.79 36.9
1135.25 22.3
1137.84 8.3
1139.39 57.5
1140.60 29.0
1141.44 21.0
1142.56 36.6
1144.61 40.3
1146.76 70.3
1148.61 39.2
1149.65 9.5
1151.82 6.8
1155.50 19.1
1156.29 32.4
1157.10 14.1
1157.93 42.4
1158.74 20.1
1159.70 22.1
1161.09 26.9
1162.23 15.4
1163.11 39.3
1166.97 6.2
1168.20 12.9
1169.17 21.3
1171.47 20.5
1173.23 4.5
1175.03 15.3
1177.61 181.0
1178.56 21.6
1179.82 4.6
1183.94 32.7
1184.76 16.9
1186.22 33.1
1187.50 11.0
1188.22 11.9
1189.91 5.8
1192.41 23.5
1194.76 11.2
1196.17 35.1
1197.08 22.6
1199.07 5.2
1199.83 5.5
1201.86 149.3
1202.95 48.6
1204.13 16.7
1205.03 13.2
1205.65 7.7
1206.79 30.1
1207.83 4.3
1211.55 13.1
1214.69 11.1
1216.41 14.8
1217.94 16.8
1218.69 9.0
1220.04 5.8
1223.70 2.8
1224.54 11.1
1225.69 7.7
1226.62 21.9
1230.84 20.8
1232.37 36.8
1233.70 24.5
1235.47 4.1
1238.78 6.2
1239.49 7.5
1241.07 7.3
1244.81 28.9
1245.84 7.2
1248.68 4.7
1249.71 5.0
1250.97 4.7
1254.09 10.9
1254.71 21.3
1257.93 9.7
1263.36 30.4
1264.89 6.0
1265.76 21.4
1267.73 22.5
1280.15 12.4
1283.69 5.5
1291.46 49.0
1292.65 12.3
1294.59 53.6
1298.71 29.7
1300.75 7.8
1305.62 22.9
1307.78 22.4
1312.41 3.1
1315.14 17.8
1323.64 11.4
1324.81 8.7
1325.58 22.9
1327.01 2.7
1331.88 4.0
1333.71 3.6
1336.73 16.6
1337.72 9.8
1344.76 3.9
1345.74 15.3
1348.84 7.7
1349.84 4.6
1354.18 10.9
1355.10 7.9
1357.71 5.1
1358.83 22.9
1366.95 16.6
1369.63 6.2
1374.76 7.6
1375.65 9.8
1379.64 9.8
1391.82 7.2
1394.09 9.4
1394.87 3.4
1395.86 12.6
1396.93 3.8
1398.80 9.1
1405.37 25.8
1411.82 9.5
1414.06 6.2
1420.00 14.9
1420.72 4.0
1423.15 15.3
1427.96 28.6
1433.61 3.1
1439.76 5.0
1441.67 3.4
1445.79 6.7
1449.03 35.6
1451.05 2.9
1452.80 4.9
1459.19 13.9
1462.64 3.6
1466.97 13.9
1470.04 6.0
1478.77 19.2
1487.47 13.1
1490.61 4.4
1491.93 2.5
1494.99 13.9
1495.71 26.7
1503.95 4.8
1508.29 9.8
1515.17 5.5
1518.08 13.8
1523.00 10.0
1535.59 3.3
1547.74 5.1
1549.19 2.6
1550.82 22.7
1561.23 14.6
1566.95 13.6
1568.03 4.8
1570.34 13.9
1579.17 2.9
1582.63 9.7
1589.82 5.9
1599.29 7.6
1605.67 14.4
1607.09 26.2
1607.99 3.3
1618.75 3.5
1622.78 14.2
1623.99 11.6
1625.17 3.9
1626.12 18.8
1635.97 5.7
1636.78 8.4
1647.77 4.2
1659.95 8.1
1661.13 5.7
1665.14 26.6
1666.40 5.5
1673.21 14.6
1677.93 19.4
1683.80 7.2
1691.55 8.2
1694.99 15.6
1703.80 9.9
1726.98 4.4
1732.84 5.6
1734.18 3.8
1735.02 21.1
1749.57 4.3
1764.37 3.3
1777.22 2.8
1779.92 11.4
1784.80 10.9
1830.19 6.0
1845.55 11.0
1854.45 7.4
1882.12 5.8
1886.36 10.1
1889.06 15.7
1891.64 5.7
1908.87 2.5
1939.71 4.2
1965.37 3.5
1967.97 5.9
1973.93 7.8
1979.33 8.0
1985.59 4.7
1986.30 5.7
