824.4640999999999 2
119.11 2.7
124.96 1.2
128.05 7.4
129.18 134.2
130.13 73.6
140.12 4.9
143.26 2.0
144.15 3.4
147.25 71.7
154.23 2.2
155.10 3.7
157.19 6.5
159.05 2.3
159.96 1.2
166.23 8.9
169.19 2.9
170.49 13.4
171.16 49.9
172.98 3.2
175.13 20.6
178.20 5.3
181.17 1.0
185.33 5.7
187.20 5.4
188.98 49.6
194.05 1.1
195.86 1.2
197.22 43.9
198.29 9.1
203.88 2.9
208.35 4.2
209.05 5.6
213.12 5.0
213.99 1.7
215.16 1.3
217.07 3.9
219.21 3.1
220.17 2.3
222.73 3.5
223.36 7.8
225.15 11.5
226.09 4.2
231.16 3.0
232.31 5.4
233.54 2.4
234.17 7.0
235.27 3.9
236.19 3.5
237.11 3.5
239.73 4.5
240.33 28.1
241.26 10.3
242.20 98.5
243.19 24.8
246.04 3.5
247.38 7.4
248.20 4.8
250.19 1.9
251.25 11.3
252.42 6.5
253.34 1.4
254.40 1.1
255.87 2.5
257.19 14.1
258.27 1.5
260.27 529.9
261.30 50.2
262.15 6.4
262.98 8.1
268.19 129.3
269.16 17.1
270.29 8.2
271.28 2.2
272.45 7.0
273.07 2.2
274.33 5.7
275.26 1.4
276.39 2.0
277.10 19.8
278.00 1.3
279.37 18.9
281.11 6.8
284.38 2.0
288.18 1.0
289.08 2.9
290.35 3.3
291.90 3.0
293.33 2.2
294.61 4.5
295.25 2.4
296.11 2.9
298.06 49.1
299.15 50.2
301.22 566.5
304.64 4.4
305.79 6.5
311.04 27.1
312.33 10.3
313.30 11.8
316.07 2.5
317.19 5.4
317.94 16.5
318.91 17.8
320.67 23.9
321.27 3.4
321.98 1.2
322.99 5.7
324.27 1.0
325.24 27.3
326.08 3.6
327.73 99.1
328.43 21.1
329.26 58.6
330.40 4.8
333.87 9.9
334.79 2.4
335.55 1.4
336.23 1.5
338.19 2.0
338.95 1.4
340.09 7.9
341.27 10.4
343.37 1.7
345.26 6.8
348.08 33.9
348.88 3.6
350.12 1.0
351.58 6.8
352.29 9.7
353.63 18.6
354.36 1.8
355.28 28.8
356.31 6.6
357.14 7.8
358.34 3.3
359.92 9.0
361.11 11.1
363.55 46.3
364.42 6.7
366.63 5.2
368.31 1.8
369.55 17.2
370.38 58.7
371.26 17.0
372.05 6.7
374.20 10.4
376.06 1.4
377.20 35.9
378.08 11.2
379.30 1.7
380.98 36.5
381.85 7.4
382.52 4.7
383.16 9.4
384.41 9.1
386.40 33.9
387.41 3.1
388.37 19.4
389.56 30.1
390.46 65.7
391.51 44.3
393.54 6.5
394.87 191.1
396.09 39.2
397.33 3.8
398.21 13.6
399.90 13.4
400.95 17.2
402.12 16.9
403.67 156.9
404.43 93.0
405.29 7.6
412.91 1.5
413.81 1.1
418.45 5.5
419.43 10.7
421.18 1.1
423.33 1.1
425.30 6.1
427.36 4.2
432.37 7.1
436.19 44.7
437.37 10.8
440.40 3.3
441.87 4.4
448.00 14.5
451.15 1.1
453.50 1.6
454.34 3.7
455.64 10.5
460.38 7.9
462.22 4.4
463.26 2.2
468.77 6.5
472.29 15.1
473.59 3.5
478.10 2.9
478.79 8.5
487.71 2.5
488.81 3.4
490.78 4.5
492.12 3.5
496.80 10.2
502.54 4.2
503.90 7.6
508.55 9.2
509.28 3.8
512.82 4.0
513.52 3.3
517.35 5.2
519.34 1.4
520.45 5.2
522.47 1.4
523.40 8.1
525.44 1.7
526.06 2.7
528.11 1.8
529.02 3.7
532.31 1.9
534.33 5.8
537.37 57.7
538.14 12.4
538.90 6.7
539.68 4.5
541.28 2.7
543.51 5.1
545.35 3.9
546.38 9.7
547.13 3.3
548.57 4.2
549.38 1.5
553.25 2.2
554.82 8.7
557.42 97.6
558.41 27.0
562.45 8.4
565.32 1342.7
566.35 354.6
567.45 11.4
570.02 8.0
572.58 6.2
573.18 2.1
574.54 4.4
578.41 2.8
579.51 2.2
582.27 14.1
583.40 12.4
586.34 2.6
589.69 3.1
590.52 9.2
593.15 2.4
594.63 4.0
596.26 1.1
597.88 2.4
606.38 1.2
610.50 4.9
611.12 2.3
612.37 21.0
613.60 2.5
620.52 2.2
622.51 2.5
624.16 1.5
625.61 2.2
631.20 2.2
634.28 2.3
637.33 1.2
639.47 18.3
640.34 2.1
641.41 4.7
647.37 1.3
648.24 1.7
649.37 3.5
650.46 15.7
651.35 4.0
653.26 4.8
654.45 5.7
655.49 1.6
656.52 1.3
660.82 3.8
661.55 2.6
666.24 3.1
667.36 9.0
668.57 3.6
677.20 3.5
678.34 209.6
679.47 96.6
680.36 5.3
681.64 4.8
691.23 6.7
693.50 16.1
694.41 3.2
695.54 9.7
696.24 29.7
696.87 5.6
697.62 7.8
699.50 2.2
705.21 1.9
708.30 1.2
711.51 6.1
712.68 1.1
725.46 2.4
727.75 1.3
730.45 4.6
766.51 2.3
784.05 1.8
785.55 1.2
786.56 1.7
802.81 1.8
803.53 3.0
804.52 1.7
