905.4359 2
141.16 7.2
152.39 1.5
159.33 4.6
160.24 1.7
166.11 1.3
170.12 2.5
175.15 8.5
178.09 1.9
187.13 29.0
188.10 5.9
198.01 1.8
207.95 2.8
209.21 4.2
209.96 6.3
213.00 8.4
217.31 1.9
225.05 5.8
226.12 3.5
227.06 2.4
229.32 3.5
237.21 1.5
240.28 4.0
258.13 13.0
260.27 1.9
262.27 14.4
263.19 1.9
265.09 3.1
266.27 1.0
270.47 8.0
274.28 7.2
278.37 1.2
297.09 1.4
298.35 2.3
299.45 3.7
301.26 1.8
304.23 6.1
309.51 2.6
311.38 1.5
312.60 1.4
314.21 1.6
315.68 2.9
316.33 8.5
317.17 3.3
318.00 3.4
321.31 16.8
325.15 1.5
327.12 1.9
331.03 5.7
332.14 16.7
333.35 40.7
334.14 2.8
334.88 2.7
336.55 6.1
338.95 20.4
339.79 3.4
341.20 10.4
348.83 6.6
351.51 8.7
355.14 4.3
357.24 6.8
357.84 1.9
359.11 51.7
360.25 10.5
364.23 14.7
366.42 5.0
369.01 2.3
371.64 1.7
377.19 5.7
379.38 7.2
381.02 5.0
386.06 1.7
386.80 2.3
388.27 5.2
390.14 3.6
393.41 4.3
395.90 9.9
399.52 11.3
400.24 9.1
401.21 3.0
403.10 3.7
409.25 4.5
411.31 12.5
411.94 11.8
413.82 4.3
414.61 4.7
416.40 7.3
418.23 13.2
421.90 13.2
423.67 4.5
425.19 24.0
430.48 7.6
432.30 29.3
433.10 19.2
435.21 48.4
436.13 23.7
436.91 16.1
438.62 8.7
440.89 8.1
441.86 13.6
443.62 51.3
444.28 262.5
444.89 80.6
470.76 7.3
485.95 2.1
518.11 2.1
523.27 1.3
526.22 1.1
531.47 2.9
547.44 47.5
548.64 5.7
555.31 23.4
556.93 13.0
573.22 17.2
574.32 3.6
584.48 2.6
587.09 2.8
587.71 5.5
599.00 4.9
607.35 2.9
612.82 2.6
614.48 3.2
616.44 3.6
618.34 7.9
626.36 1.8
627.47 1.7
629.32 9.7
631.71 2.4
637.54 1.5
641.32 2.1
642.50 3.5
644.43 16.1
646.95 2.9
648.44 52.8
649.37 24.0
659.22 4.8
664.47 44.5
665.28 2.1
668.54 3.7
676.28 3.0
692.82 2.5
697.54 3.8
702.22 7.7
705.16 2.8
713.35 3.4
719.52 59.3
720.40 14.0
730.92 2.5
731.62 2.9
741.13 2.3
748.62 1.8
761.39 1.6
817.49 4.8
818.34 1.8
