1204.57854 2
212.91 2.0
244.38 2.0
247.23 1.8
270.33 2.6
281.22 8.6
288.72 4.1
289.36 3.7
296.42 3.2
305.28 3.0
317.36 1.5
321.40 1.8
327.80 3.6
344.23 1.8
363.39 2.0
369.35 1.4
385.13 1.8
391.99 7.9
403.58 5.2
405.41 2.2
421.75 3.4
424.82 8.4
448.47 2.5
450.68 2.3
464.81 11.3
465.77 2.4
467.00 14.9
472.85 3.2
481.14 8.3
482.86 1.1
484.01 1.2
486.41 2.0
487.07 7.9
489.12 9.6
496.94 9.7
500.02 4.5
529.14 9.7
530.64 13.0
532.92 7.6
536.32 5.5
538.33 3.0
541.30 55.3
541.96 16.4
543.74 8.3
544.81 3.9
545.56 4.1
550.31 970.2
550.98 67.4
552.43 6.0
553.68 9.9
566.78 3.4
570.46 7.5
576.61 13.3
581.72 2.4
582.49 4.3
584.28 22.2
585.28 4.4
586.36 3.8
588.42 4.9
590.42 2.6
591.43 19.8
593.90 14.2
594.57 7.7
622.24 1.6
634.29 3.1
641.22 8.4
662.00 6.1
677.84 7.5
689.62 6.8
696.20 1.4
704.07 9.0
708.40 2.3
710.82 5.3
732.72 3.9
734.37 5.0
741.00 3.0
742.34 3.3
743.47 8.7
749.18 2.1
757.68 6.4
760.47 2.6
766.37 5.8
768.42 3.2
769.38 2.1
770.00 2.1
774.64 3.4
780.68 1.3
784.59 1.4
786.60 5.4
788.26 3.5
796.54 3.3
802.03 2.0
803.47 6.5
805.52 2.3
811.56 9.6
833.55 1.3
840.59 4.0
858.67 1.3
862.32 3.5
878.22 4.0
898.51 2.0
916.56 1.9
917.61 2.4
932.56 1.1
936.53 4.5
943.73 1.5
945.77 1.9
949.06 2.6
958.71 5.6
1018.80 2.8
1047.38 1.5
1055.55 5.2
1057.65 3.1
1075.54 1.1
1122.63 12.6
