896.4275399999999 2
128.21 16.5
129.26 2.2
129.88 6.3
131.32 1.5
134.00 2.0
136.45 1.9
139.29 3.3
140.42 4.4
141.08 9.2
142.04 7.0
143.07 1.7
145.26 2.2
147.11 2.2
150.25 3.3
151.08 1.2
152.12 3.0
154.21 1.4
155.25 8.2
156.22 2.5
157.29 5.7
158.12 5.2
159.02 1.1
160.12 4.6
161.38 3.4
162.18 5.7
163.09 5.6
164.05 2.0
165.17 1.1
166.02 5.9
167.11 6.5
169.14 2.1
170.29 2.7
173.37 1.4
174.25 14.6
175.65 4.7
177.16 4.3
178.18 1.9
179.21 2.2
182.21 1.8
183.21 4.4
185.19 3.8
187.34 8.0
190.09 1.0
191.21 10.5
195.16 2.9
198.28 1.5
199.27 2.2
202.36 3.6
202.97 1.8
204.37 2.5
208.02 3.9
210.38 3.4
211.04 2.2
212.23 4.0
214.24 4.7
215.15 9.5
216.70 5.9
217.42 2.7
218.20 6.5
219.18 2.2
220.27 1.1
222.22 2.0
222.85 2.5
226.10 1.4
227.56 6.4
228.24 3.4
230.60 6.7
233.26 1.2
234.15 3.7
235.41 9.2
237.28 5.7
238.31 3.7
240.61 5.0
242.32 2.8
243.22 3.5
244.35 17.0
245.26 12.9
249.18 8.3
250.32 1.5
251.20 6.3
252.88 5.4
255.24 2.7
256.35 13.3
258.31 9.5
259.25 5.9
260.38 2.1
262.15 6.6
263.11 5.3
267.10 5.0
268.31 7.5
269.02 2.3
270.15 2.1
271.17 3.1
272.29 13.9
273.26 7.0
274.07 3.7
275.40 3.6
276.17 6.8
277.17 7.0
278.40 3.5
280.15 1.5
284.28 1.3
285.02 6.3
286.24 2.0
287.41 3.8
288.34 10.8
289.36 7.9
290.33 7.7
291.11 7.0
295.48 6.7
296.18 5.5
297.41 4.5
298.20 2.9
299.10 9.6
300.38 1.1
302.11 12.5
303.01 6.1
304.11 1.9
305.28 1.4
306.00 1.4
307.09 6.9
308.21 1.9
309.40 8.3
310.34 4.4
312.17 2.0
313.25 8.4
315.09 5.9
317.41 12.6
319.41 16.6
320.39 5.5
321.38 3.9
323.43 3.9
324.66 3.3
325.44 1.5
326.25 13.5
327.19 9.0
329.28 3.0
330.33 1.7
331.46 18.8
332.61 16.0
333.32 6.0
334.15 5.8
335.17 119.5
337.97 7.8
339.69 6.9
341.27 70.3
342.18 13.3
343.04 54.5
344.11 50.0
345.02 37.9
345.95 3.2
347.38 26.5
348.30 16.2
349.22 29.9
350.33 1.6
351.44 4.6
352.33 2.3
353.03 1.2
353.89 10.2
355.01 40.5
356.11 11.5
357.18 12.2
358.20 15.4
359.80 3.0
361.01 12.9
361.65 1.9
363.73 23.1
364.44 3.0
365.54 9.1
366.38 6.5
367.87 10.4
368.79 5.5
371.26 3.3
373.18 3.9
374.07 9.5
375.11 7.7
376.29 3.6
377.64 7.2
381.71 33.3
382.88 15.9
384.17 17.3
385.48 2.8
386.50 1.0
387.11 6.4
388.23 14.0
389.12 30.3
389.99 53.3
391.02 12.5
391.80 3.6
392.64 9.4
393.53 16.7
394.26 5.0
395.46 13.9
396.41 26.2
397.30 11.8
398.35 25.5
399.58 18.0
400.34 40.3
401.58 8.5
403.00 47.6
404.35 32.1
405.38 8.2
406.49 9.6
407.77 32.2
408.97 18.9
410.37 16.0
411.37 260.7
412.36 53.1
413.33 14.1
414.13 3.8
415.50 2.7
417.02 54.5
417.97 223.9
418.88 24.9
419.83 9.6
420.46 5.8
423.04 11.2
424.58 99.4
426.52 853.7
427.35 72.9
428.29 11.7
430.22 211.3
431.10 364.2
432.08 531.4
433.07 180.5
433.90 280.9
435.28 7.7
436.47 16.1
439.69 786.4
440.35 183.2
442.41 1.6
454.32 4.1
460.27 6.6
466.22 1.1
467.02 9.2
468.34 1.6
471.79 1.4
473.22 2.5
474.40 7.7
476.32 1.9
483.43 3.2
503.13 1.1
504.36 1.8
505.29 1.1
506.58 13.2
507.30 5.5
508.08 1.4
512.50 3.3
516.39 1.6
518.71 1.5
521.00 6.4
524.29 1.4
525.61 3.2
526.30 6.0
530.21 10.5
531.56 7.8
533.99 3.9
534.94 15.6
537.38 2.5
540.76 3.5
542.54 3.4
544.12 5.0
550.29 10.0
551.17 3.5
552.83 48.2
554.30 3.4
555.29 4.5
556.37 6.1
557.96 8.1
562.44 3.5
563.53 2.6
564.24 6.0
565.43 14.8
566.40 16.6
567.34 13.9
568.30 1.9
569.53 1.7
575.25 4.0
580.08 5.3
581.34 7.0
582.29 4.0
585.66 9.4
588.30 6.0
589.60 5.2
592.63 5.0
597.32 1.1
600.50 1.2
601.46 1.2
604.24 8.5
606.26 8.9
607.13 4.9
608.09 2.2
609.37 7.9
611.56 2.5
614.33 3.0
616.45 3.0
617.62 11.1
621.47 3.4
622.59 8.1
623.92 2.0
624.53 3.7
625.44 4.3
630.15 7.2
634.58 1.7
635.64 4.0
636.36 2.8
639.50 6.7
640.32 9.8
650.06 3.2
652.55 5.5
654.46 1.6
656.49 3.4
657.25 1.9
661.55 6.6
663.98 1.3
668.55 3.2
669.24 22.0
670.40 16.5
677.22 1.6
678.71 2.3
680.20 1.6
682.74 4.0
683.54 15.1
685.07 1.6
694.56 4.8
696.11 1.7
697.54 1.9
711.38 3.7
722.50 4.1
730.26 1.4
734.32 2.5
737.82 3.1
739.48 3.0
740.36 1.1
747.56 4.7
750.58 3.6
751.44 2.2
754.42 8.4
767.73 2.1
768.77 3.9
780.40 7.3
781.54 3.3
782.55 1.6
791.18 2.3
794.21 3.9
797.72 5.5
812.43 2.0
815.61 1.9
856.79 4.4
857.74 3.3
858.65 2.4
874.33 1.4
909.44 5.3
