978.45488 2
141.42 2.4
142.05 1.2
147.05 2.8
151.14 8.0
152.30 4.3
158.08 1.0
169.36 9.3
170.27 2.4
173.12 9.6
174.03 4.8
175.30 3.1
178.10 1.5
187.18 149.7
188.18 10.4
198.15 2.9
201.42 2.4
208.23 9.1
209.18 4.7
211.21 2.6
213.56 2.5
215.13 64.5
216.16 6.1
222.14 1.3
223.31 2.5
223.93 2.3
226.32 2.9
227.28 1.8
228.40 1.4
230.23 1.6
231.29 4.6
232.02 2.8
234.30 5.8
235.16 3.5
238.18 5.7
239.18 5.0
240.17 5.5
241.64 7.1
243.23 2.3
244.14 12.4
246.39 6.6
247.23 12.6
248.11 8.3
249.88 1.5
254.12 16.8
256.12 4.2
258.18 8.8
261.24 28.8
263.28 3.5
265.18 4.2
268.28 5.4
271.20 1.1
272.15 1.9
274.11 4.5
275.38 3.2
276.12 1.7
277.58 7.3
281.85 1.6
288.73 5.5
292.24 1.0
293.07 1.9
296.07 1.3
299.38 3.6
301.96 5.1
303.28 1.9
305.29 4.3
308.17 2.8
309.28 4.8
310.08 3.1
311.88 4.8
313.37 2.1
314.40 5.7
315.42 5.8
316.19 2.1
317.26 10.8
325.43 4.9
326.38 1.7
327.37 24.3
328.39 7.5
330.22 42.5
331.31 6.7
335.65 6.6
336.95 1.0
337.58 3.3
339.97 2.0
341.21 1.8
342.46 2.9
343.63 2.9
344.27 12.6
350.83 2.5
352.15 4.6
353.21 1.2
353.95 5.3
356.14 9.1
357.21 3.8
358.50 1.3
360.20 5.5
361.10 2.4
365.35 3.7
367.82 14.2
369.09 6.9
371.34 1.0
373.30 9.0
374.40 16.3
375.75 17.4
376.79 8.3
378.33 6.4
379.29 5.0
381.53 16.3
382.58 40.4
383.19 5.5
383.86 4.0
386.29 1.0
388.60 4.0
393.05 3.0
394.63 21.9
395.50 27.5
396.36 10.8
399.28 1.3
401.03 260.8
402.11 107.2
403.81 32.3
405.36 4.6
405.98 4.9
407.50 2.5
408.33 6.2
409.21 8.3
411.86 16.2
414.96 4.6
416.17 60.7
416.92 27.2
418.65 13.6
419.76 45.3
420.45 5.2
421.10 10.6
423.33 4.3
424.82 20.1
425.75 17.9
426.51 78.8
427.48 3.3
429.42 2.4
430.90 21.9
432.45 43.8
433.56 14.3
436.50 8.7
437.44 15.3
438.14 3.9
439.57 17.7
441.90 12.9
443.52 15.1
444.15 8.9
445.30 7.8
447.12 3.9
448.71 20.8
452.49 5.5
454.05 54.5
454.77 5.2
456.42 12.5
457.22 31.8
458.16 22.9
458.87 14.7
460.10 27.1
462.62 17.1
463.39 16.8
464.51 2.3
465.30 1.7
466.02 9.9
467.17 48.2
468.50 36.7
469.17 3.8
470.11 1.2
471.45 54.4
472.27 165.7
473.22 39.4
474.11 16.4
477.67 26.4
478.46 19.4
479.53 62.3
480.50 338.1
481.36 78.8
481.97 2.9
483.86 2.3
494.51 1.5
502.46 4.4
507.45 33.1
508.48 3.1
510.66 5.0
511.37 10.0
512.53 2.5
514.47 16.5
515.52 9.8
519.38 1.3
520.43 2.1
521.45 3.3
522.58 3.5
524.49 8.3
529.11 2.0
532.19 1.2
533.23 2.1
546.43 2.2
548.85 7.3
552.60 2.9
556.76 2.7
560.54 1.1
561.32 9.4
566.19 5.6
568.34 15.6
569.20 5.9
572.12 3.1
578.30 151.9
579.28 23.3
580.50 5.9
581.54 3.0
582.60 1.4
584.61 2.9
587.42 1.6
588.53 4.2
590.70 2.9
593.73 6.0
595.48 1.9
597.45 31.1
598.59 9.9
602.58 4.4
605.31 4.3
606.51 4.1
607.13 11.3
609.45 10.5
610.44 3.2
612.41 2.3
618.32 2.2
619.02 3.1
621.34 4.0
624.10 2.7
626.60 3.4
631.48 5.6
632.98 3.2
635.19 15.5
641.40 3.4
642.37 6.5
648.11 76.9
649.37 72.6
650.42 27.7
651.62 5.3
652.90 2.4
667.37 10.8
673.52 3.2
674.56 5.0
675.32 4.2
677.38 10.5
678.29 2.2
679.46 12.1
681.23 5.5
683.01 1.6
689.38 2.3
693.61 11.4
699.41 8.1
701.19 1.5
702.30 4.4
703.55 5.5
704.94 5.0
706.28 1.9
707.65 4.1
714.47 4.0
715.39 15.9
716.68 3.8
719.34 3.0
721.55 4.5
722.66 3.5
726.33 1.8
729.43 4.1
730.72 2.7
735.60 26.4
736.39 5.9
738.88 9.4
739.48 2.4
740.39 5.7
746.25 24.4
747.34 42.3
748.68 11.1
751.35 3.2
752.53 10.9
753.25 9.4
758.59 1.5
764.37 339.4
765.45 109.5
770.41 5.4
771.47 2.3
777.30 3.7
778.60 4.8
782.34 3.8
785.40 6.8
787.46 1.2
789.42 4.7
790.61 4.5
791.96 2.8
792.63 4.8
803.26 1.8
804.34 5.8
805.52 1.8
806.69 8.1
808.52 6.4
809.54 18.7
810.53 10.5
814.54 2.0
815.29 1.5
816.48 5.1
821.73 5.9
827.45 65.9
828.33 7.0
830.38 4.6
831.42 6.0
832.76 12.2
833.54 5.7
834.31 5.3
841.73 3.6
844.45 8.3
849.54 1.8
850.47 5.0
851.54 3.7
878.52 2.7
904.50 3.4
907.82 6.9
917.43 2.2
920.67 4.5
937.43 1.7
938.48 2.0
955.58 55.5
956.64 13.3
