1357.69682 2
192.23 3.1
193.20 3.2
194.13 34.0
200.25 50.1
201.27 96.0
202.36 18.8
210.28 21.6
211.25 176.3
212.16 46.2
213.13 14.3
215.38 12.3
218.28 275.0
219.25 30.5
222.17 3.1
225.23 3.5
226.37 4.0
228.13 489.0
229.16 127.3
230.20 178.6
231.04 6.1
237.34 5.1
238.30 10.3
239.26 76.1
240.19 14.4
241.34 7.2
243.08 62.6
246.23 5.8
251.30 6.8
252.21 8.1
253.19 13.0
255.17 6.4
257.44 18.9
260.27 11.4
262.07 19.6
263.26 4.7
265.46 6.3
267.13 5.2
268.30 23.8
269.53 4.7
271.33 8.3
272.22 2.9
273.45 3.2
278.94 8.9
280.16 30.9
280.91 3.3
282.20 25.9
283.31 13.9
285.21 6.6
290.16 4.7
291.71 8.6
292.35 4.4
293.18 9.4
294.32 9.3
295.22 9.0
296.17 29.3
297.48 21.6
298.28 107.3
299.17 28.5
300.19 21.5
301.10 5.3
304.10 16.0
306.27 6.4
307.32 6.7
308.22 57.7
309.25 23.3
310.32 115.7
311.29 48.9
312.32 11.9
313.32 11.6
314.32 4.5
315.34 46.2
316.11 3.5
317.01 3.7
320.16 8.9
325.29 313.9
326.22 449.4
327.23 78.6
328.27 527.6
329.32 464.6
330.31 53.2
331.55 4.5
333.00 4.0
334.34 4.1
335.17 11.0
336.72 2.7
339.22 51.1
340.12 47.1
341.38 11.1
343.28 2537.1
344.20 193.0
346.32 1316.0
347.32 127.1
348.41 19.9
349.15 4.2
351.41 21.2
352.53 14.9
353.24 15.4
354.24 15.1
356.33 85.4
357.46 21.3
358.24 132.0
359.56 4.8
360.39 5.6
361.67 15.1
364.73 21.4
365.38 11.8
366.03 29.2
368.25 3.3
369.50 35.2
370.19 6.5
371.23 62.4
373.11 3.6
373.82 4.0
375.43 12.6
377.18 8.5
381.31 25.9
383.26 32.2
385.30 11.9
386.13 7.4
388.73 7.6
390.15 37.8
391.34 4.0
392.43 13.3
393.39 127.1
394.37 43.2
395.28 2.6
397.29 26.5
402.38 10.4
407.09 5.4
408.27 24.6
409.28 44.8
410.33 129.6
411.25 811.1
412.31 67.3
413.26 33.9
414.35 10.0
415.16 16.3
416.23 4.5
417.66 7.6
419.28 16.0
420.59 45.5
421.42 41.7
422.41 20.0
424.19 6.4
425.31 7.7
426.17 36.1
427.21 85.1
428.31 646.7
429.39 104.4
433.09 3.2
435.35 22.4
436.30 18.6
437.31 116.6
438.41 247.4
439.35 475.4
440.22 94.7
441.06 61.1
444.30 13.2
445.30 16.6
448.55 12.7
450.19 18.9
451.28 5.6
452.38 77.6
454.07 349.1
455.22 237.7
456.29 1652.4
457.29 1539.3
458.34 235.9
460.89 2.7
462.34 11.7
465.22 7.0
466.14 4.3
467.28 21.5
468.26 74.8
470.45 22.5
471.46 90.5
472.25 395.3
473.27 86.1
474.34 3230.2
475.30 452.2
477.04 8.2
478.29 28.9
479.20 15.4
480.23 13.5
482.34 24.7
483.55 27.1
484.33 14.1
485.33 4.9
488.19 6.7
489.49 13.1
490.31 16.0
493.24 3.3
494.37 59.7
495.22 31.6
496.07 17.7
497.23 11.8
498.21 27.7
499.19 31.8
500.12 16.7
502.24 8.7
503.22 9.5
504.43 64.7
505.64 28.5
506.97 48.2
508.28 98.5
509.11 43.0
510.08 62.1
511.09 54.0
512.22 49.0
513.51 12.5
514.30 6.7
515.31 8.7
516.52 4.2
519.49 17.6
521.64 51.8
522.30 182.1
523.21 71.4
524.31 76.0
525.30 5.7
526.34 65.8
527.39 53.9
529.07 42.0
530.45 6.7
532.38 77.9
533.23 10.2
534.17 54.7
535.35 26.7
539.15 68.4
540.31 259.5
541.32 61.8
542.34 57.3
543.45 14.3
544.14 80.8
545.32 16.8
547.20 6.2
548.37 23.2
549.62 69.6
550.35 252.9
551.26 73.3
552.32 142.9
553.25 29.9
554.32 30.1
556.76 36.7
557.41 226.7
558.39 65.6
560.33 3.1
561.76 10.3
562.67 14.5
565.74 97.2
567.13 251.6
568.23 357.8
569.29 194.8
570.48 219.6
571.47 34.8
573.36 21.7
575.44 2.9
576.37 10.9
577.34 19.2
578.53 12.4
580.27 25.3
581.43 15.8
585.30 935.3
586.39 198.7
587.37 3003.2
588.50 564.4
589.78 24.1
591.27 6.1
592.43 34.4
593.39 10.6
594.34 22.8
595.43 13.8
596.15 18.5
597.30 52.5
598.48 43.8
599.36 43.3
600.29 33.4
601.40 42.6
602.45 7.4
603.54 9.9
605.57 81.9
606.36 50.2
607.89 20.7
608.93 23.4
610.33 49.6
611.45 53.2
612.64 16.2
614.13 144.3
615.55 20.6
618.85 19.1
619.55 44.5
620.26 32.0
621.36 43.3
623.06 341.6
624.29 39.1
625.57 72.8
627.34 78.3
628.34 43.9
629.48 28.3
630.26 19.5
631.18 34.8
632.16 8.7
633.72 14.1
635.50 42.1
636.27 3.5
637.32 120.4
638.28 18.4
639.41 90.9
640.32 176.4
641.38 148.2
642.46 78.9
643.51 43.5
644.57 58.9
645.38 18.5
646.56 7.9
647.60 67.8
648.26 75.0
648.99 109.6
650.56 29.0
653.12 195.5
654.29 46.3
655.24 124.4
656.18 76.1
657.23 255.5
658.47 2686.5
659.50 757.9
660.55 59.5
662.05 2049.0
662.96 174.0
663.86 95.4
664.81 67.5
665.41 120.1
666.43 53.0
667.58 124.8
668.21 48.9
670.25 267.2
671.07 75.6
683.26 46.7
684.13 15.1
690.36 10.9
694.22 10.5
695.92 51.5
696.53 6.5
697.37 7.2
698.36 10.1
699.11 3.9
700.32 484.6
701.42 163.8
704.52 2.7
705.48 5.9
707.39 7.7
708.31 37.4
709.33 62.4
711.36 23.0
712.86 11.4
715.50 11.0
717.00 23.6
718.32 45.7
719.39 14.2
720.12 3.8
722.57 3.0
723.51 14.5
724.43 23.5
725.33 51.1
726.30 66.9
727.03 2.6
728.54 12.9
730.45 3.9
732.25 14.0
734.51 47.3
735.73 40.3
736.39 212.7
737.29 75.2
738.64 68.5
740.32 5.5
742.49 2.4
743.46 46.3
744.31 7.9
749.65 20.6
750.48 19.1
751.57 25.5
753.29 491.3
754.32 920.2
755.36 161.9
756.54 264.1
757.39 87.1
759.64 32.9
760.37 37.1
761.20 7.4
762.54 2.4
764.99 4.6
766.28 17.4
767.35 9.8
768.44 35.9
770.22 141.2
771.33 886.0
772.51 250.1
773.44 6385.1
774.49 1434.9
775.66 4.0
777.49 54.7
778.38 45.9
779.53 32.2
781.33 5.5
782.16 3.6
784.40 12.4
785.48 23.6
786.66 9.5
788.38 3.6
792.55 20.4
793.40 9.8
795.49 84.5
796.59 31.6
797.59 2.4
798.59 16.1
799.49 7.3
803.53 29.4
804.35 16.2
805.06 8.8
806.97 3.2
808.47 7.6
809.40 4.9
810.81 12.5
813.52 20.2
817.39 13.4
819.98 23.0
821.56 64.4
822.36 21.8
824.79 10.9
825.91 3.5
827.28 7.1
831.53 42.8
832.35 8.8
834.43 54.6
835.47 4.0
836.49 7.2
838.67 55.9
839.42 93.3
840.47 50.0
841.62 10.3
847.76 36.3
849.35 451.3
850.52 68.3
852.98 7.8
855.83 19.0
856.55 54.0
857.44 25.6
860.39 6.8
861.38 64.9
862.73 12.2
864.50 62.2
865.38 18.7
866.50 435.7
867.39 1302.7
868.52 357.6
869.64 26.8
870.69 18.3
871.46 2.5
873.62 49.8
875.26 10.4
879.82 8.7
880.48 15.8
881.43 29.9
882.31 84.3
884.44 1706.8
885.46 893.1
886.56 133.5
890.27 8.8
895.42 25.1
898.16 28.2
899.52 109.0
900.60 20.1
902.48 6706.6
903.48 1958.8
904.76 8.9
905.44 10.1
906.58 32.9
907.53 6.2
910.71 3.5
912.66 4.0
913.32 9.5
914.39 3.2
918.55 15.4
922.55 3.6
923.37 30.5
930.37 3.3
933.00 4.7
936.68 14.7
940.22 4.4
941.68 7.1
942.70 21.4
950.68 18.0
951.87 9.0
953.69 5.7
955.78 29.0
956.84 24.2
959.58 14.6
964.55 6.4
966.43 18.2
967.42 43.5
968.32 15.5
970.60 10.0
974.71 4.1
976.50 57.2
977.47 40.0
978.51 74.8
979.63 29.2
980.54 12.7
983.26 21.8
984.43 70.2
985.77 12.8
989.44 3.7
992.50 26.5
993.60 6.8
994.61 363.3
995.46 516.6
996.41 163.1
997.57 56.1
998.67 109.7
999.67 13.2
1000.32 5.6
1007.41 3.7
1008.44 3.1
1010.12 7.5
1012.46 1163.1
1013.56 324.2
1015.57 1942.4
1016.66 561.0
1018.29 11.9
1019.54 5.4
1023.71 11.4
1024.74 2.6
1026.07 12.3
1026.94 37.9
1027.71 8.0
1028.94 7.5
1040.67 4.8
1042.76 8.5
1046.53 4.7
1047.47 2.7
1049.34 3.0
1051.65 11.6
1054.71 19.5
1055.95 6.4
1060.58 9.7
1063.52 17.9
1064.50 7.4
1065.15 5.7
1066.42 4.4
1067.80 2.4
1070.61 8.6
1073.72 8.0
1078.74 6.2
1079.64 17.4
1080.65 19.7
1081.45 26.5
1082.36 12.3
1083.99 13.0
1084.84 15.6
1087.70 20.4
1088.38 3.6
1089.43 4.8
1091.85 33.8
1094.59 17.9
1095.50 16.1
1096.67 11.1
1097.74 22.2
1098.74 64.1
1100.62 3.1
1105.48 93.1
1106.62 79.9
1110.54 4.5
1112.53 204.5
1113.63 165.6
1114.51 115.3
1122.58 180.4
1123.51 370.0
1124.55 72.7
1127.10 6.8
1130.57 2889.6
1131.61 1216.3
1140.56 736.8
1141.58 306.8
1148.54 11.8
1159.08 14.4
1160.13 7.0
1164.86 4.9
1165.75 7.9
1166.69 7.7
1171.62 2.8
1175.93 17.3
1176.62 177.8
1177.53 105.4
1178.64 12.1
1180.68 8.1
1182.64 9.3
1183.68 42.1
1184.51 11.3
1193.64 179.8
1194.55 498.2
1195.60 135.2
1209.79 27.8
1211.56 1172.1
1212.58 728.2
1213.41 19.9
1227.66 20.0
1228.81 15.0
1229.55 6.6
1230.84 3.5
1237.44 5.4
1238.63 9.7
1239.65 2.9
1242.50 7.4
1244.66 111.9
1245.48 57.7
1254.64 41.0
1255.57 113.7
1256.73 39.5
1312.77 3.2
