5671.933020000001 7
243.27 16.0
254.47 4.4
255.36 2.8
262.36 22.0
265.69 11.9
283.01 13.4
300.19 12.6
301.37 2.6
304.11 7.8
305.35 5.5
306.33 3.2
309.92 23.8
319.07 14.9
323.80 6.4
328.31 5.0
332.87 10.6
337.27 6.7
341.32 3.6
343.58 3.0
345.91 11.6
348.40 8.0
349.60 7.9
350.21 4.5
354.66 21.0
357.58 4.1
363.41 4.7
366.75 17.3
368.02 15.6
376.26 12.4
379.17 6.0
381.25 14.4
382.39 6.6
386.33 6.4
390.38 47.5
392.33 5.0
394.29 2.6
395.26 12.1
408.50 4.5
417.21 8.5
418.92 35.7
419.73 21.9
424.24 25.4
425.91 85.2
429.30 9.9
430.06 11.0
431.04 30.7
432.10 5.3
435.42 11.6
437.18 4.2
438.36 11.6
439.73 162.8
440.94 13.2
441.66 6.2
444.13 3.6
445.90 3.2
447.01 35.4
449.05 5.0
452.28 3.1
454.16 2.8
454.82 2.8
457.36 11.3
458.34 11.2
460.11 7.8
465.27 17.5
468.09 10.8
469.31 37.4
471.51 6.1
472.30 6.3
473.34 7.7
473.98 8.8
475.07 3.0
479.41 8.5
480.16 7.6
482.22 126.7
482.99 81.9
487.49 50.1
489.34 4.0
490.28 5.8
491.04 6.2
493.07 15.1
494.50 9.2
496.32 275.6
496.98 31.3
498.14 17.5
502.22 37.7
504.54 66.3
506.43 2.8
507.35 9.6
508.02 7.7
509.73 17.8
513.26 4.3
516.38 2.7
517.69 5.1
521.58 17.4
523.71 49.1
524.81 38.8
525.99 24.7
532.87 21.4
535.31 8.3
538.26 48.2
539.24 4.3
540.08 16.2
541.26 11.2
542.58 3.8
543.21 8.8
546.91 25.6
547.72 21.6
549.55 4.7
551.32 33.9
552.25 51.8
553.42 25.5
556.43 13.8
559.31 9.9
560.95 669.8
561.86 82.0
562.47 7.8
565.88 4.3
568.44 6.8
572.63 13.1
574.47 7.2
575.74 58.7
577.97 8.2
580.59 63.6
581.43 4.4
582.18 6.5
583.13 3.8
586.19 8.2
589.38 168.6
590.12 99.4
591.25 17.5
592.80 16.8
594.12 16.2
601.28 31.0
604.73 12.0
607.62 8.5
608.41 16.2
609.51 15.8
612.85 17.8
618.44 23.1
619.23 7.6
622.93 26.3
625.44 3.5
626.20 12.8
628.94 14.5
630.70 35.5
636.11 9.6
638.06 16.3
641.79 28.4
646.44 85.7
647.10 24.9
648.07 60.7
651.32 6.4
655.55 2.8
657.06 106.0
658.01 16.9
661.46 14.0
663.35 4.9
664.31 14.7
666.32 55.4
667.33 36.2
670.80 24.4
672.81 22.7
675.15 40.3
676.26 73.6
677.75 6.1
678.46 3.9
679.48 15.4
683.31 35.0
684.45 14.7
687.99 47.7
689.69 20.8
692.48 151.0
693.47 41.3
694.78 77.7
695.45 6.2
696.28 23.6
697.63 29.9
698.37 20.7
701.44 50.3
702.32 18.5
702.97 19.0
704.48 11.5
707.70 96.2
710.24 31.0
711.24 320.3
712.23 15.6
712.84 5.3
714.21 83.8
715.84 117.7
716.55 17.9
718.59 8.7
720.50 3.3
721.80 65.9
723.32 41.3
724.14 30.8
725.28 4.1
726.36 23.6
727.37 13.1
728.46 54.4
730.11 226.9
731.12 30.4
731.80 8.1
733.16 120.6
735.78 33.1
736.67 205.1
737.58 22.5
739.68 240.1
740.74 55.3
741.81 195.2
742.77 16.4
744.03 27.2
745.86 41.9
746.70 26.3
747.69 120.5
748.64 57.5
749.55 13.8
750.91 21.9
751.84 67.9
752.95 133.0
754.67 70.8
755.27 135.6
755.96 20.1
757.15 41.0
758.39 106.4
759.22 37.1
760.40 25.6
761.16 107.4
762.98 28.6
764.07 462.6
765.09 47.1
765.85 96.1
766.58 13.4
767.42 29.7
768.02 12.0
770.53 23.7
771.82 140.8
772.57 67.9
773.56 79.2
774.87 147.3
775.78 334.5
777.02 101.3
778.67 45.6
779.79 278.0
781.05 95.5
781.72 53.5
782.85 817.1
784.01 57.4
784.82 72.8
785.78 56.6
786.44 25.3
787.09 82.0
789.17 90.9
790.16 80.5
791.66 1833.8
792.64 224.4
794.15 16127.9
795.48 1040.0
796.61 17933.1
797.74 494.6
798.35 788.2
799.49 425.5
800.41 159.6
801.12 153.1
802.60 104.5
803.31 38.2
804.39 47.4
805.62 65.8
806.33 11.9
807.28 23.4
809.21 9.3
810.70 4.3
811.87 6.6
814.43 5.7
815.10 10.7
817.01 12.9
819.65 88.6
821.81 57.0
822.63 5.5
823.50 35.8
824.95 78.0
826.03 66.1
827.00 113.2
827.65 76.3
828.37 3.2
830.75 1119.3
831.71 29.0
832.32 7.8
833.42 19.1
834.42 16.1
835.14 80.6
836.45 51.7
837.77 126.6
838.39 21.3
839.66 22.3
840.46 25.7
841.16 113.0
841.91 56.2
842.65 20.5
843.59 7.7
844.95 106.7
845.73 49.9
847.20 68.1
848.26 164.3
848.97 66.8
850.38 36.4
851.12 20.4
852.17 93.8
852.91 26.5
853.59 63.5
856.67 516.6
858.58 99.5
859.26 9.7
860.36 47.9
861.23 37.1
861.96 14.0
864.84 70.6
866.08 38.4
866.82 51.0
867.94 127.4
869.01 24.7
870.51 39.8
871.17 21.8
872.19 104.9
873.69 3.4
875.95 555.2
876.63 31.0
877.72 30.6
878.57 449.3
879.42 1777.2
880.47 42.9
881.55 39.0
882.39 19.1
883.52 243.1
884.25 102.2
885.58 12.6
887.43 1570.4
888.48 19.9
890.81 3386.3
891.95 49.9
892.88 47.3
894.69 31.3
896.32 27.2
897.64 95.1
898.47 120.1
899.72 8.4
901.16 144.5
901.85 407.5
903.21 11.1
904.13 8.2
905.15 536.4
906.19 22.5
907.38 28.2
908.42 18.0
909.63 502.1
910.45 134.2
911.99 228.2
913.17 1679.0
914.08 21.1
916.03 158.6
916.67 2495.5
917.88 126.5
918.65 21.4
919.27 18.2
920.78 103.3
921.68 11.4
922.68 35.7
923.80 11.5
924.76 56.6
927.50 180.1
928.42 44.6
929.14 76.9
931.64 85.9
932.51 69.5
933.68 23.9
934.83 116.0
935.77 382.6
936.73 51.8
937.73 96.9
939.24 787.4
940.17 61.8
940.97 137.5
942.31 24.7
943.13 53.4
944.13 67.4
944.86 5.4
945.50 7.2
946.31 14.6
947.33 49.7
948.16 48.8
948.95 11.3
951.33 10.6
952.62 7.6
955.65 127.4
956.47 93.6
959.27 113.3
960.06 8.4
961.79 41.9
962.41 10.5
963.01 11.0
963.63 20.8
965.92 42.8
970.35 78.2
971.47 66.9
972.35 3.8
973.20 43.6
974.02 20.1
975.84 23.1
976.66 39.7
977.84 3.3
978.90 39.3
981.22 16.3
982.42 57.9
983.21 24.7
984.32 86.7
985.30 131.9
986.43 62.8
988.69 18.3
989.61 33.8
990.94 24.3
991.60 138.6
992.53 86.8
993.71 130.1
995.22 14.3
995.89 6.5
996.64 34.6
997.83 28.1
999.00 28.8
1001.66 88.1
1004.27 31.4
1005.43 17.0
1006.79 18.9
1007.68 75.4
1008.62 10.7
1009.65 13.9
1013.31 83.9
1014.29 41.4
1016.89 77.3
1017.54 48.5
1019.39 15.0
1020.42 3.8
1021.38 2.6
1022.33 3.4
1023.33 16.3
1025.06 28.0
1027.71 18.2
1028.84 26.6
1029.84 3.6
1032.79 42.0
1034.05 30.4
1038.66 54.6
1040.33 9.9
1041.52 9.9
1042.57 21.1
1043.56 11.3
1045.76 7.0
1046.89 12.7
1047.68 52.7
1048.61 55.6
1049.46 11.0
1050.83 7.0
1052.53 8.2
1059.90 15.0
1061.87 14.4
1063.72 20.8
1065.56 37.9
1067.36 8.9
1068.58 3.4
1069.70 36.3
1071.32 3.6
1073.09 17.4
1076.07 21.3
1078.63 7.0
1080.84 2.6
1083.94 40.8
1084.71 6.2
1086.49 35.9
1088.78 18.0
1093.59 8.9
1094.48 8.7
1097.27 15.6
1099.70 10.7
1101.44 5.8
1106.24 6.2
1108.84 32.0
1110.60 11.4
1111.23 11.1
1111.93 12.3
1114.99 3.6
1117.11 11.9
1120.65 44.5
1121.73 86.1
1122.70 17.8
1123.73 5.7
1124.72 11.3
1126.47 21.9
1133.36 19.2
1136.79 7.0
1137.59 33.8
1138.56 45.6
1139.77 6.5
1142.84 9.0
1145.23 31.1
1150.75 18.1
1151.60 30.4
1157.37 17.5
1158.01 35.7
1159.62 13.4
1161.27 7.7
1163.36 11.2
1167.29 7.9
1170.28 6.6
1174.69 22.4
1176.49 5.2
1177.71 44.8
1178.87 23.5
1179.64 5.3
1180.38 33.0
1184.84 5.9
1185.71 42.9
1189.70 9.1
1191.67 4.7
1193.85 14.1
1195.17 21.6
1195.85 17.3
1197.09 4.0
1199.90 17.9
1201.81 47.5
1202.83 65.8
1203.97 11.5
1205.08 19.9
1213.51 14.5
1223.20 12.8
1223.84 14.2
1230.76 5.9
1232.48 22.9
1233.38 3.8
1234.89 9.3
1236.03 6.5
1236.76 7.9
1249.90 23.5
1253.69 12.7
1254.92 13.4
1257.15 33.2
1258.48 5.5
1263.98 15.2
1270.73 5.0
1274.75 18.4
1275.76 17.9
1276.59 31.0
1279.76 2.6
1281.10 5.4
1291.63 14.4
1292.90 2.8
1295.34 39.8
1297.02 5.0
1298.98 8.5
1304.99 13.6
1306.70 6.4
1307.79 11.9
1314.88 31.0
1318.78 12.4
1319.80 3.0
1321.11 15.0
1322.61 6.4
1329.74 10.3
1335.00 5.4
1335.96 12.0
1348.28 14.8
1354.75 5.2
1355.67 18.2
1363.17 7.8
1368.12 16.2
1372.92 14.9
1376.33 4.0
1380.18 2.5
1383.96 7.4
1385.02 22.8
1404.36 7.8
1405.00 11.8
1407.80 5.1
1408.55 6.2
1410.89 9.2
1415.51 3.8
1420.50 3.8
1422.67 9.3
1428.15 8.4
1429.75 6.2
1431.86 11.4
1433.79 6.0
1438.42 18.8
1444.23 9.7
1445.91 8.3
1451.47 3.2
1452.99 4.4
1457.98 9.2
1465.25 4.3
1466.79 10.0
1470.00 4.6
1474.29 18.2
1478.13 15.2
1485.61 7.0
1491.03 12.8
1492.98 3.2
1496.48 17.9
1507.65 7.3
1513.03 24.3
1516.10 4.3
1518.99 5.5
1521.86 9.3
1524.49 5.6
1534.65 6.0
1542.72 2.7
1545.06 3.0
1547.36 3.8
1561.97 17.6
1567.58 11.3
1569.86 3.1
1572.98 5.7
1577.93 2.9
1578.95 10.0
1580.03 5.4
1581.25 3.4
1588.94 6.4
1595.89 5.3
1596.96 11.6
1605.12 6.7
1607.39 6.8
1610.96 8.7
1614.94 10.3
1623.01 12.3
1625.02 5.2
1669.52 7.9
1672.86 3.2
1675.94 5.5
1677.93 20.7
1681.18 4.0
1703.71 14.0
1716.59 12.7
1718.93 14.7
1735.26 5.9
1736.99 22.2
1748.16 7.1
1765.95 4.1
1809.45 12.7
1824.22 3.4
1829.83 18.1
1832.31 3.5
1854.27 5.9
1901.37 9.5
1914.85 3.8
1961.10 16.9
1964.22 5.4
