1356.71929 2
194.99 11.8
196.38 1.1
198.17 1.3
209.21 1.6
215.40 1.3
217.29 1.8
222.24 3.8
223.21 2.7
228.07 3.3
230.10 76.5
231.28 6.2
234.31 2.3
242.30 1.1
243.19 1.2
247.05 2.0
248.27 4.0
254.28 3.5
255.30 1.5
258.00 3.2
260.16 12.2
261.43 4.2
262.13 2.1
264.43 2.3
265.43 1.5
267.45 3.3
272.14 2.3
275.29 2.7
277.38 2.7
282.05 2.2
283.34 5.5
284.30 5.6
285.17 5.4
286.23 2.4
287.29 1.1
288.24 7.1
288.94 1.8
290.09 2.1
290.92 1.2
293.07 9.2
294.48 3.3
297.66 2.1
299.92 14.5
301.16 12.4
303.19 22.2
304.26 15.3
305.08 3.7
308.35 17.4
311.32 12.3
312.10 6.5
314.41 1.4
316.34 3.0
317.82 1.1
327.23 14.6
328.19 5.1
329.30 82.3
330.10 4.1
332.48 1.5
337.30 1.6
338.03 5.3
339.92 3.2
342.47 6.6
345.07 4.2
346.98 2.9
351.20 2.5
352.14 6.4
353.25 1.9
355.26 8.5
356.79 1.2
358.50 1.5
363.09 6.0
364.80 93.1
367.30 8.4
369.39 6.1
371.07 1.9
373.42 1.7
375.53 13.8
378.22 3.6
378.85 1.7
382.44 9.7
383.36 2.5
385.36 2.4
388.38 1.2
390.43 1.0
392.27 2.4
393.29 14.2
394.13 1.1
395.32 1.1
396.37 23.8
400.15 41.7
401.11 7.2
402.24 1.9
403.31 1.2
407.35 3.0
410.24 15.9
411.33 20.2
413.44 7.8
414.24 3.0
416.25 2.7
419.32 1.5
421.24 1.9
423.21 18.2
427.16 8.8
428.39 49.1
429.22 4.7
432.50 4.3
433.53 3.3
434.55 2.4
437.26 1.2
438.44 7.5
440.18 1.0
441.20 2.7
442.09 7.2
443.99 2.4
446.40 6.6
448.28 1.6
449.25 5.5
452.45 3.9
454.26 1.8
456.85 15.2
458.01 29.1
459.47 3.8
462.07 7.3
463.37 14.1
464.41 28.5
465.20 5.0
467.55 20.9
468.17 32.5
470.08 6.6
471.38 15.0
472.19 5.2
473.51 5.4
474.17 2.0
478.21 2.2
479.14 4.4
480.19 6.8
481.24 42.8
482.18 14.4
484.48 14.3
485.72 16.3
488.24 2.2
491.32 5.2
492.96 6.6
496.27 1.8
497.42 8.6
499.27 82.5
500.36 9.5
501.34 5.6
502.73 4.1
503.36 15.6
504.36 10.1
505.33 4.8
506.89 4.9
507.70 3.7
509.13 4.8
510.66 3.1
512.42 1.8
514.04 18.3
515.16 2.4
518.06 4.3
521.25 1.2
522.40 8.9
525.93 2.0
528.34 5.3
529.54 7.3
531.43 3.4
534.48 1.7
537.55 2.0
538.36 19.0
539.60 1.3
542.28 11.4
543.26 21.2
544.11 9.2
545.09 1.6
546.26 2.5
547.39 3.6
548.20 1.4
550.01 9.4
551.91 2.2
554.63 19.9
555.41 8.5
556.41 8.4
558.74 13.2
559.37 21.0
560.32 2.0
561.42 16.2
562.37 4.9
563.41 8.0
564.75 15.0
566.39 5.4
567.22 2.5
570.30 1.8
572.33 51.1
573.28 14.9
577.43 11.8
579.94 6.7
581.40 8.3
583.56 4.5
585.51 7.7
586.60 15.1
587.52 7.6
588.32 2.2
590.29 8.3
591.09 4.1
592.84 8.5
594.21 2.8
597.52 10.0
598.36 6.6
599.26 9.2
600.42 7.6
602.37 4.4
603.29 7.2
604.12 10.7
606.36 3.8
607.41 12.7
608.05 8.7
612.17 50.7
613.29 19.5
614.80 11.2
616.43 7.7
617.25 7.5
618.14 7.5
619.42 14.5
620.36 12.8
621.17 20.2
621.78 13.6
624.74 16.8
625.55 5.0
626.71 8.7
627.59 24.8
629.13 7.1
630.48 5.9
632.44 3.3
633.24 7.8
634.36 18.5
635.80 3.5
637.92 10.8
639.03 27.5
639.88 15.3
640.83 3.9
642.60 15.9
643.53 19.1
644.93 21.1
646.40 11.1
647.55 14.9
649.00 11.5
649.62 3.9
651.27 4.8
652.46 55.1
653.20 14.2
654.27 6.2
656.40 17.0
657.30 28.1
657.99 20.9
659.22 6.7
660.59 98.6
661.36 149.1
662.09 98.6
663.26 6.4
665.29 38.3
666.47 7.1
668.43 12.0
669.56 55.0
670.83 153.6
695.15 8.8
695.95 4.1
697.56 2.0
698.20 4.8
700.57 42.5
705.28 4.3
708.91 4.3
710.85 14.1
713.40 2.9
714.38 1.1
715.77 2.3
724.53 2.5
728.51 37.8
732.15 25.6
734.25 12.1
736.42 17.3
737.38 45.1
738.17 21.2
740.35 6.9
747.76 4.1
752.72 9.0
753.57 8.0
754.62 8.1
756.47 7.8
758.33 15.6
763.01 1.8
764.14 5.9
765.08 12.2
766.09 7.3
770.01 29.7
770.83 42.2
771.52 25.4
772.39 2.7
779.30 4.1
786.54 21.0
788.92 14.8
798.63 4.4
801.50 55.5
802.59 18.4
803.47 16.6
804.47 3.1
805.68 3.1
808.34 3.3
809.66 9.7
811.19 2.1
818.53 4.1
820.49 7.6
823.04 15.4
826.92 77.4
827.62 4.3
829.82 3.1
830.54 6.0
832.17 38.5
832.79 234.2
833.57 26.0
836.18 24.3
837.27 20.7
838.77 2.6
840.49 45.1
841.32 4.7
841.94 3.7
849.52 15.4
850.79 14.8
851.47 13.6
852.53 9.0
853.59 15.8
854.78 2.2
858.46 292.2
859.46 68.8
860.23 18.4
861.64 9.3
862.54 1.3
864.44 4.9
865.31 3.8
867.02 26.9
869.32 8.7
870.30 6.4
871.40 11.4
873.41 3.2
874.48 9.5
875.45 2.7
876.37 6.3
877.46 5.9
881.71 1.4
883.15 4.3
887.70 2.1
896.61 3.6
897.57 15.5
898.59 1.4
899.58 1.6
904.47 2.7
905.52 2.7
908.74 2.7
911.33 30.1
911.97 2.1
913.08 1.1
914.65 3.5
916.51 24.8
917.49 2.5
918.58 2.6
920.87 2.9
923.52 10.7
924.75 8.2
929.47 288.6
930.64 68.2
932.71 1.5
934.50 9.6
935.52 14.1
938.85 2.8
939.50 5.5
943.62 1.8
948.33 4.9
952.78 6.0
954.35 2.4
966.54 3.7
978.47 9.2
993.89 2.9
995.49 10.1
998.59 1.2
1000.35 4.6
1003.61 4.0
1008.69 1.4
1010.57 20.4
1011.67 3.2
1013.66 4.7
1017.39 2.0
1018.52 2.3
1023.71 3.0
1028.56 232.7
1029.70 32.2
1033.57 2.3
1034.51 2.7
1037.45 2.7
1049.56 7.1
1050.39 2.2
1051.68 4.9
1052.59 7.1
1053.36 8.8
1054.10 3.1
1054.70 5.6
1057.50 2.0
1058.95 1.2
1062.58 6.3
1067.48 1.5
1069.13 5.7
1073.42 1.0
1077.90 2.7
1079.46 11.6
1081.44 4.1
1087.53 1.6
1097.50 18.4
1098.64 1.6
1105.41 2.2
1106.08 4.5
1109.70 25.4
1110.81 9.9
1111.79 4.5
1117.17 4.7
1122.39 7.3
1127.68 215.0
1128.71 68.1
1132.06 2.3
1146.49 2.9
1153.57 1.8
1157.50 4.7
1164.59 5.7
1165.91 13.1
1166.76 8.8
1174.92 2.7
1175.89 5.8
1181.60 12.9
1182.70 7.4
1183.56 8.9
1192.53 8.6
1193.14 12.1
1193.75 8.6
1194.75 3.4
1196.95 1.9
1198.76 5.3
1200.05 3.8
1201.78 7.1
1210.57 49.9
1211.62 28.1
1215.32 5.1
1256.58 2.8
1266.86 1.1
1319.71 1.9
1321.12 3.5
1333.31 2.7
1334.58 2.8
1335.59 3.8
1348.82 2.1
