1219.53398 2
173.07 5.0
178.16 2.1
179.09 1.6
184.27 1.2
186.13 6.6
195.87 3.6
198.26 1.4
200.31 2.7
202.16 9.9
204.39 2.1
207.15 7.0
208.31 1.9
213.15 4.2
221.10 55.7
226.28 4.7
227.10 4.7
230.28 2.4
235.38 1.9
236.28 8.5
238.10 2.7
241.26 3.5
242.26 7.1
243.21 1.6
244.37 1.8
249.08 3.9
251.12 44.7
252.33 9.5
253.17 8.5
254.28 2.3
258.19 2.4
261.27 12.7
262.29 3.8
264.22 4.9
265.05 11.0
267.05 181.5
269.17 36.4
270.41 9.0
271.19 8.5
278.94 2.8
281.19 101.0
282.06 2.0
283.45 4.2
284.07 3.3
285.03 24.3
287.38 10.4
288.18 2.0
289.26 7.1
290.20 18.5
293.40 12.9
297.30 19.4
298.22 11.7
298.89 3.5
303.39 1.1
304.42 1.7
305.32 1.0
309.19 18.3
311.03 10.8
316.37 2.2
318.15 20.2
319.19 2.8
321.38 4.3
322.11 1.8
323.96 5.3
325.14 1.4
327.18 8.0
328.30 1.5
335.54 1.8
337.41 6.4
338.23 4.3
339.27 5.7
340.43 4.1
345.84 5.5
349.31 6.0
350.28 6.4
351.37 1.7
353.16 2.2
355.19 852.2
356.41 2.8
357.47 13.2
367.14 18.2
371.05 29.1
374.33 7.9
375.34 3.6
376.43 3.0
378.33 1.9
381.80 6.4
384.15 14.7
385.14 5.4
386.12 4.3
387.57 1.8
388.49 4.7
392.37 2.8
394.29 15.2
396.36 5.9
401.02 10.9
401.95 12.2
403.25 11.7
405.28 10.0
406.47 9.4
409.63 8.0
415.14 17.3
416.25 3.1
417.04 2.7
418.42 5.5
421.39 6.1
424.31 25.8
425.03 2.7
426.48 1.8
427.48 6.3
428.63 5.9
429.97 4.4
431.10 4.4
434.15 1.1
436.62 8.9
441.04 6.9
442.36 1.6
444.97 18.6
447.14 2.1
448.51 9.5
450.74 11.8
453.30 48.0
453.91 8.8
454.88 2.3
456.12 2.3
457.51 2.0
459.59 6.1
460.25 12.6
462.40 17.3
463.26 2.5
465.97 7.0
470.03 2.9
471.07 3.0
474.00 1.4
475.19 1.8
476.30 2.7
477.04 2.9
479.79 9.0
481.29 37.2
482.52 2.9
484.32 37.2
488.93 25.6
489.60 1.3
496.00 12.6
497.21 7.1
498.35 4.9
499.49 18.9
500.93 25.2
502.22 4.4
503.32 1.9
508.44 2.5
509.89 57.9
510.62 9.3
511.52 1.3
516.52 2.2
518.01 3.2
519.39 7.9
520.08 2.7
521.56 2.4
523.90 4.8
527.28 1.7
529.16 4.0
531.71 3.8
534.54 3.3
535.44 6.6
537.06 16.4
538.34 7.3
539.37 4.3
540.67 9.3
541.65 15.8
544.28 41.1
544.88 3.8
546.04 40.0
547.10 10.1
547.76 3.3
553.58 41.7
555.16 8.3
557.18 8.8
558.65 13.0
559.51 9.5
560.87 36.6
562.38 1.2
564.26 1.7
566.00 1.0
567.17 32.5
568.61 9.6
570.23 47.7
572.86 49.9
574.29 13.0
576.27 4.1
577.16 24.5
578.40 31.1
579.58 16.3
580.57 18.7
581.91 44.2
582.58 8.5
583.67 65.6
584.64 18.3
586.36 58.9
587.56 23.9
588.46 16.9
589.28 81.8
590.95 1.7
591.94 32.2
592.61 161.0
593.63 13.9
594.97 185.6
595.83 11.1
596.78 3.7
598.83 119.3
600.02 4.8
601.24 281.7
601.87 33.4
606.42 3.3
616.33 2.4
618.29 3.2
623.27 2.3
624.12 8.9
625.31 2.4
626.40 1.6
631.46 2.5
633.20 14.9
634.24 6.1
641.87 3.0
647.35 24.3
648.51 6.0
652.26 3.9
655.07 1.6
657.44 1.5
660.49 1.2
669.48 1.6
672.27 4.9
674.33 3.9
682.29 5.2
683.47 5.9
684.47 5.1
686.23 1.7
688.54 9.3
689.50 5.0
690.35 53.1
691.33 8.0
693.29 6.8
701.24 1.1
702.52 6.1
704.33 31.2
704.95 1.7
705.56 18.8
708.59 1.4
709.97 4.9
712.31 2.9
714.38 7.2
715.96 6.9
717.13 11.9
718.34 1.8
719.09 19.0
720.71 2.1
721.85 7.8
724.70 10.8
727.83 4.0
730.73 13.6
732.33 3.9
733.12 12.6
734.80 4.5
735.40 2.4
736.31 3.5
739.62 36.3
740.57 13.4
743.41 13.5
744.48 4.6
745.26 3.2
747.47 10.9
748.76 1.7
752.30 4.5
756.36 21.4
758.40 26.5
759.29 7.5
760.32 4.0
761.37 54.9
762.49 14.8
767.58 1.8
768.78 2.1
774.77 16.1
775.79 13.5
777.33 58.1
778.15 12.5
778.89 4.8
781.81 5.3
785.36 4.6
787.02 7.6
788.75 2.0
790.08 7.0
791.11 4.8
795.57 1.3
796.39 29.0
797.36 7.7
798.03 1.2
799.84 6.5
800.53 27.8
801.53 3.7
803.75 7.2
805.95 18.1
806.85 3.0
808.47 3.0
810.99 2.4
812.91 9.1
813.52 5.6
814.31 3.5
815.37 13.2
816.58 4.5
818.49 171.7
819.48 74.7
822.05 2.4
825.48 3.2
828.60 8.7
830.46 6.2
831.87 2.9
833.65 2.0
834.81 5.9
837.31 2.2
837.94 10.9
840.25 11.7
843.32 3.2
845.36 1.7
848.05 4.4
854.25 3.4
857.04 2.1
859.45 1.7
863.49 1.6
864.18 9.6
869.95 8.2
870.71 4.6
871.78 1.6
874.48 7.1
875.54 2.2
878.92 2.0
880.39 3.7
883.44 28.6
884.47 18.5
885.42 1.6
887.45 34.2
888.53 24.5
889.35 2.8
895.47 6.2
896.41 3.7
902.47 8.0
903.56 6.9
905.45 364.6
906.54 113.1
907.44 10.4
911.51 7.9
913.59 4.2
915.44 1.2
916.50 7.9
923.97 5.4
926.62 3.7
931.82 5.5
932.73 1.8
941.76 6.6
942.63 4.6
951.46 1.5
952.64 2.0
959.49 19.1
960.12 4.5
960.80 2.3
962.72 6.1
963.57 3.5
971.21 4.6
975.72 2.2
976.61 11.4
977.44 3.6
978.40 17.6
983.22 1.1
990.37 1.5
992.47 13.4
993.33 1.2
1000.45 5.6
1012.19 3.4
1016.50 12.7
1017.55 4.2
1018.55 12.3
1019.31 2.0
1035.37 1.2
1038.42 2.7
1042.61 2.5
1044.43 2.2
1045.52 7.4
1055.36 5.5
1063.20 2.4
1064.76 5.0
1070.58 4.2
1073.53 49.9
1074.46 19.8
1088.48 2.1
1089.69 2.3
1091.55 71.9
1092.40 27.4
1093.78 2.8
1106.18 1.7
1173.49 4.7
1197.87 2.5
1220.67 5.5
