1099.46965 2
156.93 1.3
158.88 5.3
168.21 3.0
171.51 3.9
173.15 6.6
175.17 18.2
176.33 4.6
178.16 11.9
182.21 2.3
183.19 7.6
184.29 10.2
185.12 2.5
186.20 12.3
187.25 8.8
190.95 1.6
192.36 1.2
193.52 1.8
197.21 2.6
199.17 3.1
200.15 12.2
201.05 2.2
207.22 3.5
209.97 8.9
219.23 1.3
221.07 26.5
227.27 15.9
228.01 3.0
229.44 4.0
230.22 1.7
232.48 2.6
233.15 2.2
237.26 3.6
238.39 1.6
243.51 1.6
244.23 28.4
247.16 3.1
249.22 23.9
250.24 6.2
251.30 11.2
254.22 8.2
255.32 4.6
256.22 10.8
256.96 1.8
258.23 2.2
262.16 127.1
263.20 9.1
264.21 10.5
265.16 1.2
267.15 4.4
267.81 3.6
270.22 11.6
272.22 111.3
273.26 42.0
274.16 2.0
276.09 1.8
277.27 15.6
278.25 1.3
279.27 6.3
281.27 4.5
285.43 2.5
287.21 6.1
288.41 11.3
293.23 2.6
296.13 14.5
301.32 8.5
303.17 4.0
304.29 1.7
306.59 2.8
308.28 1.6
311.20 5.9
313.21 1.4
316.24 12.8
319.29 1.4
320.40 8.1
321.37 2.7
322.17 1.7
325.12 1.9
328.67 3.5
331.16 1.8
333.22 4.8
336.31 1.2
337.84 1.8
339.20 14.8
340.14 4.3
342.22 4.7
344.31 1.3
347.32 5.2
348.33 4.4
350.09 2.1
352.32 6.2
353.09 1.7
355.66 4.8
357.01 9.4
359.19 26.6
360.13 4.8
360.87 7.2
362.18 4.7
363.35 7.1
364.30 2.7
365.28 3.7
367.27 2.3
368.21 2.0
369.26 5.3
371.32 8.3
373.53 4.8
374.70 2.5
376.29 27.7
377.32 158.0
378.35 10.8
382.27 3.2
385.02 28.9
386.29 9.4
387.35 2.4
388.25 7.5
389.14 13.5
390.11 7.6
392.57 21.6
393.37 4.2
395.92 3.0
397.56 18.2
398.35 20.4
399.45 3.6
400.18 1.4
401.32 1.1
402.48 1.7
403.41 4.7
406.61 25.6
407.27 15.0
408.19 2.9
409.43 3.5
410.36 8.2
411.30 11.6
412.53 7.9
413.43 3.0
414.67 152.9
415.45 7.8
416.35 3.4
417.32 4.2
418.38 2.7
419.76 32.4
421.30 2.9
422.03 1.0
423.61 18.6
424.83 7.6
425.68 7.7
426.46 30.6
427.30 1.6
428.15 22.1
428.96 7.9
430.21 16.7
432.26 6.6
433.02 12.5
433.93 9.6
435.24 27.9
436.13 17.7
437.02 3.5
437.75 3.9
438.67 22.0
439.54 15.0
440.47 19.7
441.18 31.0
442.11 42.1
443.56 26.9
444.44 6.1
445.43 8.4
446.81 6.0
447.65 19.6
448.32 54.1
450.35 100.4
451.27 4.9
451.98 2.7
454.28 61.8
455.03 7.1
456.66 9.7
457.34 4.1
458.49 7.6
459.13 1.6
460.59 13.9
461.34 13.0
462.95 44.2
464.00 17.5
465.62 15.6
466.52 10.4
467.31 6.0
468.70 13.3
469.85 44.5
470.57 2.7
472.11 28.6
473.30 18.3
474.32 6.2
476.10 64.9
477.23 43.7
478.68 35.5
479.34 4.3
480.64 45.0
482.33 42.3
483.40 5.8
484.90 78.7
485.89 14.7
486.54 5.3
487.37 6.5
488.19 29.7
489.66 15.5
490.46 30.3
491.44 60.1
492.26 14.1
493.62 29.7
494.33 15.8
495.29 54.3
495.89 55.7
496.70 27.9
497.70 40.6
498.47 29.6
499.33 10.8
500.08 1.0
501.11 32.4
502.02 29.2
503.32 32.1
504.47 305.0
505.41 38.7
506.37 43.9
507.46 10.8
508.62 20.1
509.36 23.8
510.50 200.1
511.32 47.1
512.19 4.7
513.37 344.6
514.55 39.3
515.27 21.9
516.16 12.5
517.49 90.4
518.48 91.1
519.55 638.0
520.37 147.8
521.38 32.0
522.34 1.8
523.72 140.0
524.35 26.8
524.95 7.4
526.50 544.4
527.36 82.9
528.48 1267.4
529.40 162.7
530.43 8.8
532.54 1043.2
533.36 291.6
534.22 68.0
535.55 264.3
536.44 30.7
537.41 2.5
538.14 1.4
539.07 20.2
541.49 1777.6
542.43 89.6
555.48 2.4
567.19 8.1
568.39 3.3
569.89 5.3
571.53 6.4
576.11 3.5
579.17 2.3
583.35 3.9
588.43 18.7
591.51 5.1
592.43 1.5
593.28 4.8
594.05 2.3
598.51 2.1
601.09 15.3
601.94 14.8
602.61 4.3
603.46 1.2
606.57 1.1
607.52 10.5
608.44 4.3
614.43 4.2
616.30 1.0
619.33 8.9
624.56 6.1
630.00 6.1
631.28 3.0
632.70 5.2
637.35 2.4
641.29 1.9
642.53 4.3
643.65 4.8
645.67 5.6
649.30 17.6
650.42 15.0
651.48 7.3
654.56 1.9
659.27 4.3
660.33 2.5
660.95 11.1
661.56 3.3
662.37 36.2
663.45 6.7
664.59 3.7
667.36 7.8
668.84 2.2
670.45 3.3
671.38 6.0
672.81 3.3
675.22 5.7
676.15 4.5
677.28 2.7
678.22 7.2
679.60 47.9
680.56 9.7
681.55 5.4
682.58 8.1
687.41 4.0
688.03 7.9
689.70 7.1
691.24 6.3
694.82 15.0
696.21 5.9
699.42 8.8
700.41 4.2
705.36 20.1
706.42 3.2
707.60 8.0
708.55 8.2
714.34 1.5
717.57 6.6
718.36 5.0
722.06 2.8
723.05 10.0
724.19 20.5
725.02 1.4
729.60 11.3
730.53 5.8
731.55 6.5
735.41 2.1
738.90 6.1
740.73 7.7
741.71 13.1
742.35 1.5
744.29 1.5
746.49 18.0
747.11 1.8
748.06 3.8
749.05 4.3
750.35 1.5
757.70 1.1
760.97 1.8
764.39 2.9
768.55 2.2
769.54 3.7
770.75 8.8
776.16 14.9
777.39 9.2
778.45 2.0
781.01 4.9
786.39 2.3
790.40 10.6
794.44 18.3
795.57 14.0
796.23 1.1
801.24 1.3
806.09 3.6
807.21 2.8
810.39 2.3
811.34 4.2
812.54 1.5
813.52 8.5
814.37 6.5
820.46 17.8
821.21 2.8
822.27 17.1
823.46 58.5
824.66 7.0
827.42 133.2
828.55 349.3
829.54 99.2
830.61 1.8
838.10 20.2
839.42 22.4
840.81 4.6
846.81 5.9
847.75 1.0
851.41 3.4
853.49 8.7
863.45 4.5
866.25 3.7
872.81 4.6
878.82 5.8
885.76 2.5
886.62 1.6
887.78 3.0
891.18 1.5
896.44 1.2
897.37 2.5
899.39 2.4
900.79 4.0
908.29 3.8
909.15 3.2
915.47 4.0
924.61 2.3
925.60 1.4
929.75 3.3
932.58 1.3
935.73 4.1
936.75 2.4
943.16 2.3
943.79 13.6
946.68 2.7
952.87 2.0
953.78 5.0
971.31 1.4
980.40 1.9
