1851.84001 2
259.50 2.1
268.30 1.7
274.46 1.9
276.31 11.9
282.10 4.0
283.01 1.1
286.01 2.7
287.96 2.1
290.52 2.5
294.24 4.1
297.34 3.3
298.08 4.6
299.12 13.0
301.12 1.6
303.37 2.1
306.27 2.4
311.25 2.8
315.15 1.5
318.25 5.1
321.39 1.0
323.42 1.4
324.41 2.7
327.15 4.6
328.16 1.8
330.31 2.4
333.31 22.5
334.44 9.4
336.37 3.1
338.42 2.5
339.24 3.2
340.31 9.0
341.20 1.8
343.52 6.5
350.11 2.3
351.66 1.5
352.31 5.1
353.29 5.7
355.39 2.0
356.19 5.3
358.23 11.6
363.14 4.8
366.46 1.6
367.67 2.1
369.02 5.2
370.28 18.4
372.21 10.7
373.23 2.4
375.02 5.5
384.10 1.5
385.37 12.0
386.71 4.5
387.41 2.9
389.32 2.7
390.37 26.6
393.11 9.3
395.31 4.7
396.05 7.3
397.34 1.4
398.05 1.8
401.34 2.2
402.44 2.6
403.31 5.6
405.13 3.2
406.18 11.4
409.26 3.3
410.26 3.6
411.00 3.9
412.39 7.5
413.19 2.8
417.59 2.8
418.34 1.9
419.31 3.0
422.00 4.3
423.28 12.6
424.07 1.4
427.34 5.6
428.29 9.8
429.27 36.2
430.38 25.8
431.10 1.1
432.74 1.1
434.10 2.1
435.26 7.7
436.35 4.1
437.11 1.4
438.18 2.8
439.20 1.4
441.35 9.2
442.22 2.2
443.30 2.4
445.13 3.7
447.30 303.9
448.39 52.4
449.32 1.5
450.37 1.9
452.51 4.1
453.13 1.4
455.15 1.2
456.33 14.2
457.08 1.2
458.17 2.8
460.22 4.3
461.03 4.7
462.10 2.6
464.27 1.7
469.36 3.0
470.32 2.4
472.38 1.1
474.79 6.5
476.25 4.2
477.49 1.7
479.40 6.6
481.25 2.1
482.43 2.9
483.40 9.3
484.41 3.0
486.31 20.8
487.45 20.7
488.21 1.1
492.96 1.5
495.07 3.1
498.01 9.9
498.62 1.6
499.28 7.9
500.18 5.8
504.31 240.7
505.19 38.0
505.86 5.1
506.46 12.8
508.28 3.7
518.09 2.9
524.39 2.5
525.91 1.6
528.28 8.4
529.30 3.0
530.21 7.9
533.14 4.5
535.49 18.2
536.28 3.7
540.51 2.0
542.58 2.7
543.63 4.0
545.09 1.7
547.34 26.7
548.45 7.0
549.41 1.2
552.18 12.3
553.42 9.4
554.67 1.7
555.59 3.3
556.98 3.6
558.74 1.8
562.36 4.3
564.57 6.8
565.17 4.3
566.45 1.4
567.42 4.8
568.29 1.7
570.28 9.9
571.41 7.5
572.52 4.7
573.39 8.5
575.77 5.0
576.38 2.4
577.41 5.6
580.51 1.3
582.36 1.8
583.30 5.9
585.15 3.6
586.37 2.0
587.47 6.4
588.18 3.3
589.44 2.4
591.33 7.0
593.27 18.7
594.02 4.8
595.40 2.1
599.17 5.3
600.43 15.2
601.42 4.4
602.37 4.5
603.33 4.1
604.50 4.0
605.29 6.3
606.21 3.3
608.55 2.9
610.46 4.2
611.11 2.7
613.30 1.3
614.09 2.2
615.49 4.3
616.38 11.5
617.28 4.4
618.31 9.7
619.31 7.1
620.27 4.6
621.30 13.1
622.47 13.6
628.17 5.8
629.31 2.6
630.40 2.4
631.52 2.7
633.38 197.9
634.55 51.0
635.34 7.5
637.40 1.9
639.18 52.6
640.30 15.8
641.23 3.4
642.67 1.0
643.49 3.6
644.18 5.1
645.21 9.4
646.37 17.7
647.52 2.8
650.23 7.1
654.55 9.6
655.52 3.0
656.37 2.8
657.38 11.8
659.18 6.1
660.30 21.6
662.39 6.7
664.08 4.6
665.31 3.8
666.84 1.1
667.62 1.7
668.32 6.5
669.46 6.2
671.31 17.8
672.44 19.0
673.44 43.4
674.50 13.1
675.54 4.2
676.39 4.2
678.39 3.7
679.40 5.0
680.27 1.4
681.28 3.5
683.34 4.5
685.39 5.9
686.76 5.3
687.46 4.5
688.44 15.4
690.37 788.4
691.42 202.6
692.35 33.7
693.13 1.6
696.43 7.9
697.47 3.3
699.37 5.1
700.21 2.7
701.70 2.9
705.21 6.9
706.37 11.9
707.81 5.0
708.57 3.5
711.56 2.7
712.36 3.9
713.20 6.8
715.13 9.5
715.94 13.7
716.97 1.8
718.07 16.9
719.44 6.7
721.61 2.7
722.23 3.5
723.73 15.8
724.36 18.7
725.85 17.0
726.81 5.7
728.44 4.8
729.45 11.9
730.40 33.0
731.36 25.8
732.23 4.2
732.99 35.7
733.88 4.1
734.98 5.8
736.42 5.7
737.55 18.7
739.47 4.7
740.55 3.4
741.49 1.0
742.32 1.0
743.86 11.6
746.11 11.3
747.41 338.1
748.45 117.2
749.15 3.1
749.79 2.2
750.62 1.7
751.51 3.8
752.20 4.2
752.86 6.8
753.97 9.8
755.02 2.7
756.38 39.7
757.33 20.8
758.50 20.4
759.39 97.0
760.41 59.6
761.66 23.1
762.43 26.2
763.19 12.4
764.41 3.5
765.44 2.4
767.50 14.0
768.66 52.7
769.41 14.9
771.33 15.8
772.02 7.5
773.51 10.4
774.46 69.5
775.42 24.7
777.43 1313.8
778.42 332.3
779.32 22.3
780.36 5.2
781.31 2.0
782.47 6.1
783.59 7.5
784.59 5.0
786.48 9.5
787.66 10.0
788.48 9.5
789.48 16.8
790.62 33.3
791.98 23.9
793.42 20.4
794.42 1.4
795.48 9.1
796.16 6.1
799.05 27.8
800.49 11.2
801.51 12.9
802.66 11.6
803.92 65.9
804.98 25.0
805.80 6.1
808.48 4.3
809.84 7.7
810.62 7.6
812.76 65.7
813.56 43.3
814.37 5.8
816.47 32.2
817.43 55.6
818.31 18.0
819.21 12.8
820.97 9.8
822.18 22.4
822.87 4.5
824.12 11.7
825.64 13.1
826.77 7.0
827.47 5.3
828.39 4.4
829.41 13.6
830.16 47.4
831.42 80.4
832.53 40.2
834.48 1005.4
835.43 310.2
836.43 29.7
837.22 8.7
839.14 32.7
840.21 17.7
840.83 7.1
841.43 10.5
842.81 12.1
844.38 16.6
845.51 5.3
846.51 8.8
847.47 21.5
848.62 38.1
849.58 40.0
850.32 13.7
851.13 12.0
852.41 14.3
853.17 20.0
854.19 11.5
855.70 4.5
857.36 24.7
858.86 57.5
859.58 19.1
860.40 42.1
861.55 31.1
862.61 10.2
863.49 7.2
864.46 1.5
865.56 18.4
866.27 13.8
866.98 2.9
868.56 11.3
869.55 30.0
870.50 15.8
871.52 31.4
872.40 60.5
873.54 51.8
874.29 30.6
875.32 66.6
876.27 45.0
877.44 17.4
878.63 11.7
879.85 18.0
880.48 8.3
881.13 11.0
882.48 24.2
883.73 16.3
884.45 6.8
885.39 11.6
886.69 21.9
887.39 185.1
888.43 72.7
890.44 338.2
891.65 101.2
892.58 9.3
893.45 9.3
894.52 23.5
895.48 57.9
896.51 14.2
897.83 1.4
899.57 66.0
900.62 117.8
901.56 24.7
902.57 23.5
904.05 68.0
905.20 75.4
906.32 22.9
908.70 557.8
909.59 210.3
910.49 8.3
911.74 22.4
912.69 47.2
913.57 12.4
915.18 16.6
918.87 1.1
919.72 1.0
930.47 1.9
933.41 1.8
934.29 8.9
936.19 2.2
938.70 10.1
939.48 2.3
944.23 73.6
945.46 49.3
946.32 8.4
947.57 98.4
948.57 46.8
949.68 16.5
951.73 4.2
952.44 2.1
955.41 9.9
956.98 8.3
958.44 8.2
959.45 7.7
960.41 10.8
962.31 54.2
963.43 8.7
964.52 10.4
965.53 3.2
966.32 5.7
970.33 32.2
971.25 7.3
972.36 25.4
973.47 8.9
974.42 12.6
975.42 6.2
976.13 3.4
977.34 6.2
979.88 3.3
982.44 79.6
983.49 23.1
984.25 1.9
985.99 2.7
986.65 14.8
987.67 33.9
988.38 114.8
989.44 43.5
990.38 20.7
991.62 5.9
992.59 1.4
993.41 4.2
995.33 1.8
996.56 7.6
998.85 3.2
1000.42 300.6
1001.46 159.4
1002.53 26.8
1003.62 127.1
1004.73 55.8
1005.71 4.2
1007.74 3.4
1008.40 2.6
1009.20 3.9
1010.60 2.5
1011.69 3.4
1012.49 4.0
1013.30 8.6
1014.34 11.2
1015.38 19.5
1016.50 4.5
1018.41 86.1
1019.50 81.2
1020.45 20.9
1022.61 5.7
1023.55 1.5
1026.19 4.0
1027.69 6.1
1028.73 2.6
1030.13 53.6
1031.37 15.9
1032.05 4.7
1032.70 2.7
1033.40 6.3
1034.80 4.1
1039.51 44.8
1040.45 22.1
1041.65 10.2
1042.84 3.5
1043.44 11.1
1045.48 2.3
1046.49 2.3
1047.49 15.8
1048.58 6.9
1049.41 2.8
1050.21 4.4
1051.64 11.1
1052.33 1.5
1054.97 5.4
1055.73 7.8
1057.39 327.7
1058.46 151.2
1059.53 20.6
1060.63 108.5
1061.72 41.2
1062.73 10.8
1064.33 2.0
1065.65 1.6
1069.32 19.8
1069.92 7.7
1070.64 41.2
1073.33 18.0
1074.06 2.4
1075.43 246.2
1076.41 82.9
1077.42 23.7
1078.12 5.4
1079.19 13.2
1082.09 1.6
1086.44 3.0
1087.42 84.2
1088.56 52.7
1089.51 22.6
1090.63 1.2
1091.64 6.1
1092.64 7.4
1093.30 2.0
1098.87 4.4
1102.54 2.0
1103.64 4.5
1105.25 77.2
1106.50 25.0
1107.46 6.4
1108.67 15.2
1109.51 2.1
1110.59 1.2
1112.28 4.6
1114.40 22.7
1115.55 2.4
1116.51 1.8
1117.41 16.2
1118.51 1.9
1120.99 8.3
1122.54 5.8
1123.40 2.9
1126.46 27.7
1127.38 19.7
1128.33 5.1
1130.66 4.2
1133.55 10.3
1134.58 28.0
1135.42 5.5
1136.22 2.0
1138.64 11.2
1139.61 2.3
1144.52 178.5
1145.44 72.8
1146.59 13.9
1152.31 2.8
1155.14 2.6
1156.47 2.1
1160.22 10.2
1162.42 96.5
1163.46 60.0
1164.32 12.7
1165.21 1.2
1167.42 4.1
1169.65 9.0
1170.39 4.8
1174.60 4.5
1175.36 3.9
1177.37 13.5
1178.45 18.8
1179.43 9.1
1180.46 4.1
1182.63 1.0
1183.62 10.9
1185.78 2.7
1189.81 3.6
1191.70 1.2
1192.55 5.4
1193.83 3.9
1195.60 142.2
1196.64 70.0
1197.64 13.3
1200.66 9.6
1201.42 52.0
1202.46 23.2
1203.63 12.2
1205.90 11.4
1217.40 4.8
1218.79 9.1
1219.47 19.9
1220.42 24.5
1222.27 5.1
1223.59 2.5
1224.44 3.2
1226.63 2.9
1228.49 3.0
1229.63 1.6
1230.51 4.4
1231.51 3.0
1232.61 2.9
1236.31 6.1
1243.04 5.5
1244.69 1.5
1247.22 4.8
1249.75 11.9
1250.89 7.0
1256.53 2.5
1259.59 1.6
1260.88 8.8
1267.59 3.9
1268.59 2.5
1270.71 1.7
1273.75 11.8
1274.56 1.3
1276.72 1.8
1278.70 2.2
1279.95 4.4
1283.53 2.0
1287.29 3.8
1288.71 5.1
1290.47 4.1
1291.53 1.7
1292.70 2.9
1294.63 5.8
1295.91 7.0
1296.85 1.2
1299.17 6.1
1300.91 1.7
1301.65 3.9
1302.66 1.3
1303.66 8.2
1306.10 1.9
1306.70 1.7
1307.75 9.4
1308.38 2.0
1312.57 14.6
1313.60 17.2
1316.81 8.1
1318.64 7.4
1320.42 6.9
1321.89 2.8
1324.51 50.8
1325.57 56.2
1330.64 113.6
1331.59 72.8
1332.41 24.3
1333.29 4.7
1334.82 1.4
1342.83 4.3
1343.91 2.8
1345.46 1.0
1347.06 4.8
1348.44 45.9
1349.61 47.5
1350.38 14.8
1351.27 6.6
1356.56 1.9
1358.52 2.5
1359.45 3.0
1360.92 11.8
1361.83 4.2
1367.75 3.4
1369.58 3.8
1370.36 16.6
1371.73 12.2
1374.19 6.4
1377.87 7.5
1378.70 6.0
1387.54 160.3
1388.65 94.8
1389.74 10.9
1391.56 4.3
1392.53 3.5
1398.54 1.6
1400.14 4.7
1403.59 3.2
1405.56 153.1
1406.69 93.6
1407.64 14.1
1409.69 4.0
1412.25 3.9
1419.60 2.3
1423.41 1.1
1425.68 37.2
1426.98 8.3
1427.85 3.1
1434.44 2.7
1436.15 9.6
1443.85 6.8
1444.72 7.7
1445.71 4.5
1447.03 7.2
1447.67 10.7
1448.99 5.9
1451.99 1.7
1458.79 2.6
1462.62 13.9
1463.62 17.3
1464.57 28.9
1465.87 39.2
1466.87 5.2
1476.40 2.6
1479.59 1.1
1482.77 122.3
1483.74 36.9
1484.49 3.2
1491.70 1.6
1493.66 5.0
1495.18 1.8
1501.51 1.4
1502.81 17.5
1503.71 2.4
1504.72 9.3
1519.74 12.9
1520.76 13.5
1521.81 2.4
1533.80 2.5
1535.22 1.3
1537.26 5.9
1548.73 7.6
1553.75 29.6
1554.91 10.4
1555.71 7.1
1558.70 14.7
1559.65 6.0
1560.74 13.0
1563.64 3.4
1565.04 1.0
1566.89 3.4
1576.56 46.8
1577.75 16.6
1578.66 20.3
1584.09 5.7
1585.57 8.2
1586.50 2.8
1587.88 4.6
1592.74 8.0
1593.98 1.9
1602.66 8.8
1603.95 8.2
1608.23 4.5
1616.84 4.7
1620.61 13.9
1621.76 3.0
1622.70 1.8
1624.78 34.3
1626.35 18.7
1627.35 9.5
1637.97 1.3
1641.66 3.2
1642.69 2.9
1649.48 2.6
1659.57 22.3
1660.89 35.7
1661.71 4.7
1677.41 15.4
1678.60 25.7
1679.77 7.5
1693.89 5.4
