856.5274499999999 2
121.27 2.7
122.34 1.8
123.38 11.0
125.13 17.6
126.14 6.7
128.18 814.2
129.26 91.9
130.17 87.3
131.17 28.7
132.20 9.5
133.23 31.8
134.74 8.0
135.35 26.9
136.26 19.3
137.08 16.8
138.35 3.1
139.34 17.2
140.18 3.4
141.42 12.4
142.29 8.4
143.39 13.4
144.17 10.2
145.19 98.2
146.15 44.8
147.21 55.9
148.18 139.5
149.30 28.7
150.16 134.5
151.22 35.7
152.12 14.1
153.23 9.8
154.23 9.4
155.24 35.2
156.24 88.2
157.26 107.9
158.57 7.3
159.32 27.3
160.15 43.4
161.29 49.7
162.17 345.7
163.18 80.0
164.12 46.4
165.19 38.7
166.17 17.2
167.14 42.2
168.12 25.9
169.24 31.3
170.40 30.9
171.13 15.8
172.34 12.6
173.21 73.4
174.16 32.3
175.19 44.0
176.05 21.8
177.22 36.9
178.25 45.9
179.21 28.4
180.18 8.1
181.32 37.9
182.32 22.0
183.20 15.2
185.10 233.5
186.11 6.0
187.21 93.7
188.14 17.4
189.28 19.7
190.22 10.6
191.30 18.4
192.27 11.3
193.18 19.7
194.15 31.5
195.17 39.4
196.29 23.6
197.27 40.3
198.17 16.8
199.21 18.4
201.12 53.4
202.31 15.5
203.28 44.5
204.50 21.1
205.16 34.5
206.21 30.4
207.17 45.8
207.83 10.5
209.09 48.4
210.18 41.3
211.13 47.2
212.07 83.4
213.26 66.8
214.17 16.4
215.22 81.9
216.23 40.3
217.45 37.9
218.24 20.4
219.27 46.9
220.23 9.7
221.29 58.5
222.36 30.7
223.24 64.2
224.34 21.7
225.28 44.7
226.32 20.8
227.27 37.2
228.33 11.9
229.25 30.5
230.28 27.4
231.33 39.4
232.31 32.0
233.24 27.7
234.18 25.4
235.04 57.4
236.36 23.5
237.20 49.2
238.35 16.3
239.23 46.8
240.22 30.3
241.20 30.3
242.33 94.7
243.14 64.8
244.28 32.4
245.39 35.8
246.61 53.6
247.43 17.9
248.26 33.6
249.20 52.7
250.42 60.4
251.42 32.8
252.28 23.2
253.35 9.0
254.22 32.9
255.24 42.5
256.16 24.7
257.09 70.1
258.19 43.5
259.27 59.6
260.22 41.3
261.26 47.8
262.28 77.5
263.22 53.2
264.26 32.6
265.31 82.4
266.13 41.3
267.24 105.6
268.26 150.7
269.26 33.3
270.20 46.0
271.32 71.2
272.32 170.3
273.27 44.6
274.15 34.8
275.26 64.6
276.14 38.3
277.31 35.5
278.23 22.6
279.27 154.9
280.37 43.1
281.28 79.9
282.18 136.2
283.23 201.2
284.24 78.8
285.04 46.6
286.28 271.1
287.18 60.9
288.15 29.4
289.11 28.4
290.13 29.0
291.24 32.4
292.21 27.1
293.24 35.5
294.22 59.3
295.10 50.5
296.27 64.7
297.24 71.4
298.42 42.4
299.34 86.5
300.24 92.8
301.16 117.8
302.31 53.6
303.16 34.5
304.29 118.1
305.23 51.7
306.41 42.8
307.20 65.0
308.17 50.5
309.32 43.6
310.17 32.4
311.11 20.3
312.24 58.2
313.23 95.1
314.23 122.2
315.24 155.1
316.31 65.8
317.27 48.1
318.24 66.8
319.14 132.5
320.12 12.5
321.25 35.8
322.30 49.9
323.17 25.0
324.19 37.3
325.18 96.7
326.27 23.8
327.46 53.5
328.22 69.7
329.12 103.6
330.33 213.4
331.28 122.7
332.25 49.9
333.11 19.9
334.36 128.7
335.24 300.3
336.32 84.2
337.32 58.9
338.20 50.8
339.27 125.9
341.04 2319.6
342.18 107.0
343.28 72.3
344.14 27.8
345.16 23.2
346.11 65.1
347.34 80.1
348.31 88.5
349.28 64.1
350.56 43.5
351.47 33.3
352.22 43.7
353.11 45.0
354.24 100.8
355.16 74.1
356.57 38.2
357.35 118.7
358.45 149.8
359.14 75.9
360.21 15.1
361.36 24.0
362.62 14.9
363.41 58.4
364.28 46.4
365.19 78.2
366.38 113.1
367.29 323.0
368.35 120.7
369.35 89.7
370.36 55.6
371.22 131.6
372.26 136.5
373.20 106.5
374.22 31.5
375.25 78.5
376.20 30.5
377.23 15.8
378.49 3.1
380.29 46.8
381.25 48.9
382.28 312.2
383.32 180.6
384.35 170.5
385.24 539.6
386.33 116.6
387.29 48.1
388.17 5.0
390.47 4.5
392.33 310.9
393.15 1709.2
394.26 54.2
395.24 11.5
396.52 22.1
397.52 20.3
398.30 91.8
399.05 50.8
400.18 132.4
401.31 119.3
402.31 16.3
404.78 14.3
406.99 11.6
408.21 4.9
410.34 1745.5
411.25 1460.8
412.40 163.8
413.27 22.5
414.10 15.1
419.86 6223.4
421.23 15.5
421.91 18.5
423.03 11.8
423.64 4.4
426.62 4.2
428.50 1.7
435.96 2.9
445.21 1.6
454.25 60.4
458.02 8.1
460.31 6.8
468.16 5.5
472.38 1185.0
473.40 50.7
476.08 2.2
485.39 2.0
492.34 7.2
496.32 4.2
498.61 7.2
504.24 6.6
512.82 9.5
513.46 1.8
521.62 5.0
537.17 5.2
539.88 2.6
545.52 9.5
549.24 25.9
555.25 3.2
564.43 1.9
566.92 13.9
567.56 18.2
571.51 565.0
572.56 28.1
580.88 9.3
585.15 3.2
594.66 2.5
611.77 9.9
617.23 4.4
623.50 8.0
636.31 3.3
639.62 4.6
654.36 9.1
662.55 3.9
664.60 5.0
668.04 5.6
670.72 2.4
672.43 2320.8
673.53 137.9
682.34 12.5
699.20 2.3
701.44 4.7
707.92 3.8
708.56 5.1
715.61 2.4
725.51 310.8
726.45 12.5
729.52 9.3
743.44 1147.4
744.56 79.8
753.47 8.0
771.48 4.1
866.73 6.8
