1395.66753 2
201.05 2.7
210.12 2.6
212.37 10.6
213.16 4.8
215.14 1.8
227.79 8.3
229.13 5.9
231.05 1.3
237.39 1.6
238.14 1.7
242.03 12.5
244.34 1.9
246.17 16.2
252.10 1.3
254.32 5.2
255.33 9.0
257.15 1.9
258.33 5.7
260.11 4.4
261.30 2.4
265.26 3.4
268.33 3.9
270.24 4.4
272.21 1.3
275.29 8.6
276.39 7.4
277.24 3.1
279.21 1.7
282.72 1.3
289.50 12.5
296.37 2.9
298.26 2.4
299.07 2.0
308.27 1.5
309.16 6.0
311.47 2.0
312.65 1.5
313.34 2.7
319.19 3.2
320.11 4.9
321.01 2.6
323.76 3.2
325.37 3.6
329.26 4.6
330.16 1.8
331.16 1.3
335.36 1.2
337.55 7.6
338.23 7.0
339.40 1.4
341.20 2.8
342.08 4.8
345.54 3.7
353.21 3.9
355.06 3.5
356.34 1.4
358.53 1.8
361.23 4.8
362.42 1.3
364.24 2.1
366.46 1.4
371.48 5.4
373.14 6.3
375.36 4.8
377.29 2.9
378.55 5.2
380.35 3.8
384.45 4.1
388.45 4.5
389.44 1.4
390.79 7.6
392.09 1.0
396.06 1.8
398.11 3.5
400.23 10.6
405.18 2.2
406.24 9.1
409.48 12.8
412.34 3.5
416.48 2.2
417.20 1.9
420.53 1.3
423.22 6.5
426.51 4.1
427.21 2.3
429.25 2.1
430.24 1.6
432.90 12.1
437.22 5.8
438.18 5.3
439.14 1.9
440.62 5.9
441.26 14.6
442.53 14.1
443.96 6.9
446.75 10.3
450.01 1.6
451.32 1.1
452.31 6.8
458.39 3.2
459.80 3.9
464.00 2.0
466.44 21.5
467.76 18.0
469.22 1.1
472.64 2.6
473.32 1.1
474.90 1.8
476.87 85.7
477.62 6.5
480.36 2.3
481.24 6.1
482.31 2.3
483.29 10.0
484.16 5.1
485.18 7.6
486.02 30.0
486.90 5.6
489.76 9.6
490.55 5.2
492.43 4.5
493.30 1.8
494.42 3.5
496.28 3.8
497.45 11.5
498.23 6.6
500.77 13.4
501.50 19.5
502.49 21.3
503.13 40.6
504.03 10.1
506.25 2.6
508.62 1.8
511.96 9.9
512.62 2.7
513.44 5.1
514.25 4.0
514.93 12.6
518.12 4.2
520.63 3.8
521.41 5.2
522.12 2.3
523.34 16.8
525.27 2.3
530.33 6.8
531.33 6.7
532.60 31.6
534.24 7.7
537.15 2.7
538.00 7.2
538.65 9.6
539.59 1.1
540.32 10.7
540.96 2.6
541.56 11.7
542.89 3.9
548.16 8.2
548.81 1.5
550.20 2.3
551.35 8.2
552.36 2.3
553.49 10.7
554.21 10.3
558.88 2.0
560.03 5.7
561.79 10.0
562.41 1.6
563.06 7.4
563.99 1.6
565.23 2.0
567.16 4.0
569.96 17.8
571.19 21.0
572.42 2.3
573.65 19.2
576.04 5.4
576.96 7.9
578.36 12.9
579.27 15.0
580.88 3.9
581.50 11.6
584.02 33.0
584.79 3.4
585.47 5.3
589.68 31.2
590.74 20.0
591.40 16.1
592.99 6.4
594.49 21.7
595.42 4.2
596.85 17.7
598.36 21.1
599.77 19.9
600.68 2.5
601.35 4.6
602.03 8.7
603.02 40.5
605.27 15.5
608.23 29.2
610.54 10.1
611.59 41.4
612.44 1.6
614.07 5.8
615.61 26.9
616.73 83.0
617.53 5.3
620.28 5.8
621.35 9.6
624.56 25.4
625.66 147.2
627.03 14.3
629.13 3.5
629.82 7.3
631.31 2.2
632.61 12.0
633.36 21.1
634.35 16.1
635.32 11.9
636.10 9.4
636.85 10.5
637.73 13.1
638.52 12.3
639.49 13.4
640.52 10.3
641.51 13.2
642.38 18.5
643.28 8.4
644.10 6.2
644.92 57.4
645.96 53.3
646.68 1.2
648.08 9.2
648.91 7.9
650.19 35.4
651.22 63.9
652.60 13.0
653.30 2.2
654.31 21.4
655.02 2.4
657.09 19.4
658.62 11.3
659.67 234.8
660.62 15.8
661.73 10.1
663.09 145.1
664.11 182.9
665.24 30.6
666.18 81.8
667.20 9.1
668.38 119.5
669.08 24.5
671.40 64.2
672.21 161.8
672.90 44.2
674.84 160.6
675.67 11.0
676.83 47.1
677.58 7.0
679.15 27.0
680.33 677.0
681.03 1751.1
682.06 82.0
683.47 79.0
684.30 11.1
686.43 1.7
687.93 4.2
689.54 381.5
690.39 15.6
704.10 2.8
708.01 1.8
709.03 3.8
711.49 7.4
717.62 6.1
720.12 14.8
721.56 1.3
728.48 44.6
729.62 27.7
731.45 1.8
733.68 2.4
736.49 5.1
737.15 2.6
738.22 1.6
745.53 6.4
747.24 17.8
751.42 2.0
752.53 3.2
754.93 4.3
758.62 12.8
759.28 1.1
760.50 1.1
762.82 4.5
763.72 6.6
765.41 8.8
768.77 9.4
770.12 4.5
771.26 10.9
772.14 2.0
773.16 1.9
779.78 2.5
780.51 4.0
781.37 17.6
784.23 3.5
786.47 1.6
788.10 4.8
789.21 3.3
795.52 6.9
796.40 1.4
798.10 4.5
799.34 4.9
800.71 9.2
807.58 2.1
811.72 1.5
812.70 5.2
814.37 4.3
819.98 3.5
825.43 5.6
826.52 12.5
827.48 1.5
830.07 3.3
831.49 6.1
832.90 6.9
834.94 9.4
836.51 1.5
843.26 2.8
845.05 9.2
847.10 6.4
848.37 3.6
850.50 6.0
854.51 5.3
859.53 4.1
860.24 4.5
860.93 12.5
864.40 7.6
865.48 6.9
866.42 1.3
868.37 14.1
870.50 5.1
871.20 2.4
872.05 2.3
877.44 4.2
878.09 2.0
878.91 2.1
880.51 5.8
881.57 2.0
882.46 6.1
883.55 5.1
886.53 7.3
888.24 2.4
889.41 7.2
895.26 12.2
896.53 6.3
897.60 2.8
898.86 4.3
899.52 2.5
903.33 2.9
903.97 19.1
906.12 2.1
906.91 1.2
913.30 3.6
915.75 2.3
916.43 2.3
918.49 10.3
920.75 5.0
922.35 1.8
923.89 3.1
933.29 6.0
933.95 5.3
937.45 11.5
938.07 1.8
940.86 7.1
945.83 1.9
952.71 4.5
954.52 10.4
955.58 2.7
959.66 4.7
961.30 2.7
962.45 6.0
965.76 1.8
969.18 2.7
975.92 4.1
976.63 1.8
978.57 7.2
979.70 14.0
980.61 8.8
982.73 4.9
989.05 9.4
997.74 3.1
998.57 4.1
1001.78 2.4
1006.38 7.2
1007.68 5.3
1017.39 3.9
1018.99 4.4
1026.84 1.1
1030.10 1.9
1031.70 3.5
1033.59 1.1
1034.56 2.7
1035.58 1.5
1041.52 2.3
1046.45 6.0
1047.50 4.0
1048.65 1.6
1049.39 2.3
1050.70 8.9
1052.76 1.8
1065.11 3.2
1066.89 1.2
1068.31 5.1
1080.73 5.2
1082.59 4.1
1084.49 3.0
1090.73 4.5
1091.59 4.5
1094.45 4.3
1101.39 2.2
1102.49 4.1
1107.63 4.4
1108.67 13.6
1109.61 5.2
1110.73 6.4
1116.40 3.8
1118.71 11.6
1122.37 2.3
1125.82 4.9
1127.80 1.4
1131.71 3.3
1132.55 6.4
1138.92 1.3
1144.58 5.6
1145.65 3.7
1148.75 1.5
1152.60 8.2
1157.47 2.6
1158.71 1.3
1161.47 15.5
1162.60 10.4
1163.58 3.0
1165.47 1.9
1169.72 1.9
1176.41 3.3
1179.54 9.7
1180.46 1.1
1181.12 1.5
1185.57 14.7
1186.65 3.3
1187.92 1.0
1188.61 1.8
1191.54 2.3
1193.41 2.7
1195.62 4.4
1197.16 4.9
1201.95 1.0
1203.59 31.3
1204.85 48.2
1205.84 6.0
1214.20 1.7
1215.44 5.8
1221.39 23.8
1222.67 22.7
1223.94 1.3
1230.39 5.5
1232.12 1.5
1249.70 2.4
1250.90 1.0
1265.67 2.6
1266.63 12.6
1267.93 3.1
1291.43 2.8
1322.40 3.7
1323.70 4.5
1324.93 2.3
1339.76 7.6
1340.72 11.9
1341.59 2.4
1357.83 3.5
1358.84 3.8
