5557.88793 6
262.28 23.8
270.27 75.3
277.44 38.2
279.31 38.9
286.87 77.2
292.86 44.8
298.34 21.9
299.23 48.4
301.15 20.9
310.09 31.2
311.26 25.7
312.34 51.4
313.38 20.8
322.23 82.1
324.16 12.9
325.18 41.5
326.16 18.6
327.26 42.3
330.25 17.3
331.18 19.6
335.08 26.9
339.41 19.3
340.18 21.7
341.05 52.9
342.43 70.7
343.27 69.8
345.19 122.2
346.06 12.6
355.03 32.1
356.19 14.5
357.18 84.6
358.71 179.0
359.43 44.5
361.71 81.0
366.07 37.5
367.80 32.0
369.52 28.0
370.83 562.8
372.30 60.2
375.32 18.6
376.32 376.7
378.32 33.4
379.79 2078.9
380.47 395.3
381.32 41.1
383.60 13.4
385.53 81.6
388.43 51.0
394.11 34.2
405.32 151.4
411.18 26.1
413.04 159.3
414.24 240.4
414.92 249.0
423.31 362.0
424.57 89.5
425.63 53.4
426.45 102.5
427.10 17.0
428.81 44.3
430.38 83.9
435.51 30.2
437.27 36.5
438.40 29.9
439.80 278.5
441.03 62.3
442.25 22.7
447.29 29.6
448.90 394.2
451.34 33.1
453.24 21.5
454.50 51.5
456.43 28.1
457.16 38.5
458.17 95.1
459.48 27.4
465.32 91.4
466.89 414.9
468.26 27.7
469.97 19.7
470.90 37.5
472.56 111.2
473.48 190.2
480.22 30.1
481.39 11.6
482.40 83.1
483.21 79.1
484.28 39.7
485.40 15.6
486.42 97.2
487.30 130.9
488.79 112.4
489.51 476.8
490.35 168.9
491.91 40.6
492.59 44.7
495.29 110.0
496.53 194.1
497.39 66.5
502.27 89.4
503.50 12.6
505.06 73.0
508.84 182.9
512.96 21.3
514.38 298.1
516.35 21.3
521.28 76.7
522.48 60.9
523.70 66.3
524.38 14.0
527.98 26.7
529.47 66.6
532.58 20.1
533.38 49.9
534.21 51.1
536.55 18.4
538.30 21.8
539.40 181.5
540.82 148.1
541.44 23.4
543.52 34.8
544.25 19.8
546.45 106.2
547.06 21.5
548.52 45.3
551.18 51.4
552.40 114.0
554.65 120.4
555.40 20.9
556.72 36.9
558.41 47.0
559.26 45.6
560.82 142.1
565.55 73.0
567.28 109.7
571.41 91.5
572.56 27.6
573.33 101.6
574.20 75.1
575.62 178.4
576.51 129.9
578.73 43.3
581.75 70.5
582.44 83.4
583.60 274.0
584.32 61.3
585.25 26.9
587.50 52.2
589.20 38.1
590.39 1965.5
591.42 250.1
592.42 85.7
593.07 140.7
594.14 26.3
596.34 53.8
596.97 96.2
597.59 135.4
598.51 255.4
599.17 88.6
599.79 82.4
600.53 86.7
601.46 475.8
603.17 74.0
610.41 21.2
612.08 69.7
614.35 34.2
615.62 24.6
616.42 43.1
621.47 53.5
622.81 73.0
625.43 11.8
626.27 71.1
627.47 551.2
628.25 212.9
628.86 105.7
629.54 25.7
630.83 50.8
631.59 250.0
634.72 177.8
635.88 62.0
637.12 125.9
638.12 39.6
640.20 1155.9
641.15 59.0
643.50 379.8
644.37 176.8
645.34 19.6
646.72 98.8
649.19 655.5
649.94 87.4
651.18 88.4
652.54 32.9
653.50 227.0
654.43 276.7
655.26 135.8
655.86 46.8
658.24 2397.4
659.12 54.1
661.41 1054.4
662.38 335.8
664.40 250.7
665.46 175.3
666.52 81.5
667.47 37.3
670.75 89.8
671.51 19.4
672.64 46.3
673.38 36.7
674.88 12.1
677.77 41.5
680.94 29.5
683.13 19.3
684.44 140.5
686.50 134.9
687.65 144.0
689.55 26.7
690.27 15.6
696.63 2045.9
697.60 213.7
698.63 727.7
700.41 26.3
702.46 160.3
704.82 52.3
705.84 605.0
706.73 33.8
708.52 77.4
710.63 662.1
711.35 418.4
712.58 50.0
713.21 99.7
714.50 2468.7
715.11 1642.0
716.03 221.3
716.80 18.9
719.84 99.2
721.43 101.0
723.40 30.7
725.93 279.0
726.76 96.8
727.53 38.3
728.48 71.3
730.21 130.1
731.90 99.9
736.54 12.5
737.74 104.7
738.73 49.7
739.55 55.0
740.66 1240.1
741.55 479.6
742.65 165.1
743.40 83.2
744.41 22.1
749.05 43.0
750.04 38.2
751.64 53.0
753.03 278.0
754.18 80.9
755.64 34.6
758.47 8185.6
759.49 1785.3
760.49 68.7
762.32 5089.0
763.41 313.4
764.13 55.8
766.08 153.9
766.81 72.1
767.52 12.0
769.53 123.0
771.15 3097.1
772.16 217.8
775.11 107.3
777.91 70.3
779.46 1305.3
780.09 5900.8
780.78 4675.3
782.56 100.2
783.61 473.4
784.48 124.8
785.46 49.9
786.35 169.3
789.78 58.1
790.82 24.0
791.91 28.4
800.25 55.2
800.91 92.3
801.72 51.2
802.68 113.4
803.54 33.7
804.81 147.1
808.33 147.6
809.53 150.4
810.33 208.4
813.17 118.4
814.06 29.0
816.36 302.8
818.80 1440.3
819.63 267.6
821.45 128.5
822.43 283.8
823.59 56.4
824.56 88.7
827.63 1282.8
828.80 402.1
831.03 30.1
833.24 46.6
835.16 125.4
836.82 3840.7
837.77 376.1
838.78 258.1
839.76 345.2
840.52 116.5
842.98 446.3
843.97 132.1
845.49 3591.4
846.61 1246.6
847.61 553.8
849.55 1659.1
850.28 764.7
853.47 65.6
854.09 6522.0
855.21 440.5
856.50 744.8
858.45 8528.8
859.27 657.5
860.37 278.2
861.42 152.7
862.22 132.7
863.35 175.3
863.95 60.4
866.43 17.9
867.03 85.0
867.76 12.9
868.69 201.8
869.60 14.1
870.89 1232.9
871.88 134.1
872.54 15.6
875.34 3444.0
876.03 720.5
877.16 842.8
878.19 1546.7
879.36 466.4
880.50 35.0
881.86 1092.4
882.47 5044.0
883.74 515.4
884.76 194.5
885.75 247.6
886.59 828.3
887.51 127.4
888.41 202.7
889.63 377.8
890.72 406.4
891.54 90.0
893.00 148.8
894.34 1490.0
895.91 887.3
896.66 2339.7
897.40 1258.7
898.57 556.1
899.86 966.7
900.53 7259.0
901.90 101.6
903.92 14284.9
905.19 827.1
906.01 363.3
907.01 1448.8
907.95 868.4
908.60 46.2
910.07 699.2
911.03 4683.2
911.67 1774.7
912.75 2439.6
914.13 1214.8
915.11 56.9
915.73 354.0
916.39 16.9
917.39 41.8
918.22 36.6
919.57 17.3
922.70 12.5
925.20 20.9
932.63 107.4
933.40 295.5
934.11 163.3
934.81 138.6
936.40 287.0
938.30 71.5
939.64 329.5
940.56 887.8
941.66 355.3
942.89 316.3
943.88 6542.3
944.85 132.1
945.90 235.1
946.55 54.2
947.49 393.5
948.70 369.9
950.09 392.9
951.37 1154.9
952.45 729.6
953.36 378.7
954.29 640.9
955.21 281.4
956.33 118.4
957.74 11351.4
958.85 1212.0
960.02 1379.4
961.23 4186.4
962.46 1095.1
964.05 4305.6
964.95 654.6
966.54 1263.6
968.57 9620.6
969.87 210.0
970.57 41.7
971.48 969.9
972.89 8197.4
974.34 125.2
975.35 122.4
977.15 594.6
977.93 219.0
979.20 68.8
980.79 660.3
981.61 1039.4
982.74 1179.4
983.55 351.0
985.04 1024.9
985.74 893.9
986.75 138.4
987.82 547.5
988.75 220.0
989.95 2018.3
990.91 4293.3
991.75 1427.1
992.66 1565.3
994.11 839.6
995.04 1128.7
996.74 4480.2
997.66 315.2
998.54 131.3
999.76 2442.5
1000.93 3367.9
1001.68 757.2
1002.50 242.2
1003.18 37.5
1004.22 73.7
1004.87 71.4
1005.84 116.6
1006.58 401.3
1007.43 365.8
1008.62 3608.9
1009.39 5088.7
1010.49 285.8
1011.62 260.9
1013.79 458.9
1015.28 1432.9
1015.97 878.3
1017.27 391.3
1018.17 180.3
1018.83 95.5
1020.77 827.5
1022.17 191.0
1023.36 139.0
1024.99 855.1
1025.80 281.1
1026.93 1290.1
1027.69 517.4
1029.35 1729.3
1030.10 128.0
1031.49 186.2
1032.33 135.5
1034.08 3758.5
1035.28 359.0
1036.05 520.9
1037.55 610.4
1038.41 749.5
1039.20 110.5
1039.89 73.1
1041.68 45.6
1042.51 50.5
1045.21 470.1
1045.89 1067.6
1046.94 1040.5
1048.01 1096.2
1049.81 149.2
1051.08 121.9
1051.94 58.6
1052.79 382.0
1053.65 3135.7
1054.43 592.7
1055.22 52.9
1056.87 198.6
1057.58 321.6
1058.22 343.2
1059.12 270.3
1060.77 362.1
1062.21 1530.2
1063.24 466.7
1063.88 277.7
1065.32 1815.5
1066.21 252.2
1066.96 441.9
1067.79 730.4
1068.82 24.0
1070.05 129.3
1070.68 158.4
1072.61 2183.7
1073.32 119.6
1074.15 213.6
1076.11 293.1
1077.36 116.4
1078.65 255.0
1080.68 24.5
1081.93 35.1
1083.69 329.3
1084.58 722.0
1085.82 473.5
1086.54 43.8
1087.47 500.7
1088.88 64.0
1089.69 18.6
1090.60 1618.4
1091.38 67.8
1092.28 288.8
1093.13 159.4
1094.97 59.0
1096.83 113.3
1097.77 770.3
1099.04 311.8
1099.88 18.9
1101.34 552.5
1102.15 913.1
1102.97 138.3
1104.63 739.5
1105.55 496.8
1106.44 1701.5
1107.60 149.2
1109.12 220.9
1110.76 6435.8
1111.90 247.5
1112.61 133.9
1114.81 113.8
1115.89 829.7
1116.88 171.0
1117.99 226.4
1119.71 111.2
1120.60 609.2
1121.64 385.1
1122.81 62.7
1123.85 342.7
1124.75 121.4
1125.66 832.8
1126.60 185.4
1127.29 140.5
1128.04 76.1
1129.62 7569.8
1130.79 510.5
1131.46 19.1
1132.65 461.4
1133.84 1100.0
1134.51 354.4
1136.75 60.7
1138.27 8022.7
1138.99 4085.6
1140.13 57.8
1141.43 36.3
1142.38 179.1
1143.16 150.8
1143.80 556.1
1144.41 7464.5
1145.34 814.5
1146.57 23.2
1147.64 75.0
1148.91 619.7
1150.27 175.6
1152.25 40.3
1153.46 1858.1
1154.21 69.4
1155.07 50.4
1157.86 10634.6
1158.73 227.4
1159.66 191.8
1161.57 267.6
1162.40 119.2
1163.68 166.3
1164.45 217.9
1165.80 25.5
1166.47 76.4
1167.47 469.6
1168.33 359.2
1169.45 138.8
1170.63 1029.4
1171.53 449.0
1173.03 250.2
1173.80 62.9
1175.33 3630.3
1176.26 2520.9
1177.35 126.5
1179.62 6752.8
1180.37 366.7
1181.89 4050.1
1182.53 1811.3
1183.17 65.6
1184.28 465.8
1185.44 16.5
1186.54 170.4
1188.05 689.8
1189.05 216.1
1189.66 111.5
1190.58 70.9
1192.46 3994.6
1193.39 135.5
1194.12 203.5
1195.66 40.8
1196.87 7867.2
1197.91 213.8
1198.83 77.5
1201.37 22614.9
1202.18 815.9
1203.02 95.3
1203.76 23.4
1204.92 53.9
1206.96 46.0
1208.46 59.8
1209.48 197.4
1210.63 77.9
1214.52 700.5
1215.15 362.0
1216.30 127.9
1217.52 40.9
1220.16 1978.2
1220.81 1300.3
1221.86 124.0
1224.81 75.1
1226.28 281.3
1227.26 74.6
1230.79 21.3
1231.86 23.5
1233.03 58.5
1234.45 105.1
1235.58 11.2
1236.42 71.2
1239.37 110.2
1240.78 161.4
1241.44 17.5
1243.55 355.6
1244.86 61.5
1247.97 70.8
1248.97 179.0
1251.21 51.6
1252.57 263.5
1255.00 39.1
1257.74 72.2
1258.58 153.5
1259.20 145.0
1259.90 102.9
1263.93 420.2
1264.63 38.3
1266.35 238.1
1267.68 158.4
1269.08 206.8
1270.07 212.1
1271.56 95.2
1275.01 169.8
1276.13 50.5
1277.03 189.5
1278.99 293.9
1279.81 272.4
1281.11 26.0
1281.80 29.9
1284.82 520.2
1285.43 580.3
1286.09 211.5
1287.01 56.0
1290.98 1870.3
1291.82 264.3
1293.51 72.6
1296.90 6693.0
1298.39 85.7
1300.65 14.0
1301.37 25.8
1302.03 47.3
1303.94 41.6
1309.87 25.7
1310.93 105.2
1315.50 125.6
1316.13 72.6
1318.13 39.5
1319.95 30.1
1321.80 76.1
1322.57 161.9
1323.67 144.7
1324.95 112.7
1325.78 46.3
1326.99 180.0
1328.22 244.1
1328.91 404.9
1329.79 137.4
1332.48 39.7
1333.46 111.4
1334.61 1134.8
1335.74 56.1
1339.31 231.4
1339.93 11.5
1340.82 33.1
1343.40 526.6
1344.19 27.8
1344.87 26.2
1350.06 105.2
1354.05 177.4
1354.93 66.4
1356.74 22.4
1357.92 22.3
1358.72 19.6
1361.24 58.0
1363.78 17.1
1366.58 191.1
1368.68 56.4
1372.93 165.8
1375.14 24.7
1375.78 138.5
1376.78 38.8
1378.23 271.0
1378.94 91.4
1380.50 94.8
1384.54 44.6
1385.85 39.8
1387.80 82.9
1388.79 108.5
1390.54 70.7
1392.07 116.6
1393.67 49.3
1398.33 136.4
1399.98 49.6
1404.73 14.5
1405.74 98.7
1410.35 343.8
1413.38 146.3
1415.59 115.4
1417.81 13.2
1418.93 76.3
1421.96 42.8
1422.82 68.8
1430.46 136.8
1431.88 256.7
1439.36 62.7
1440.68 96.9
1442.51 115.7
1446.60 62.6
1454.13 137.6
1457.63 126.1
1458.60 101.5
1459.46 21.7
1461.67 87.5
1471.28 73.3
1472.39 27.0
1482.83 25.4
1483.74 58.9
1491.85 35.2
1495.14 56.9
1497.76 132.3
1499.26 79.8
1508.78 72.3
1513.97 104.7
1516.51 46.6
1520.99 46.6
1522.12 19.1
1527.54 101.2
1531.99 103.4
1536.88 26.7
1538.90 13.5
1540.92 52.8
1543.96 58.0
1546.90 14.5
1548.74 55.0
1554.79 61.8
1556.16 26.9
1559.07 29.8
1559.80 26.2
1561.11 13.6
1565.97 40.8
1567.03 37.9
1577.80 15.5
1586.54 13.3
1594.39 115.3
1601.28 21.1
1602.50 50.0
1603.68 22.6
1605.19 75.6
1611.94 39.3
1618.80 76.5
1622.04 22.9
1623.86 26.3
1632.46 56.4
1633.12 50.7
1633.83 17.8
1638.16 33.4
1640.84 35.0
1641.67 19.1
1652.81 29.7
1654.30 36.7
1655.91 12.4
1659.15 50.8
1665.51 82.0
1667.14 25.3
1668.47 62.4
1670.70 11.3
1677.81 32.8
1681.16 21.1
1694.77 46.8
1696.13 55.8
1701.83 28.5
1724.51 35.0
1740.94 63.9
1747.00 20.8
1756.83 45.0
1763.15 39.1
1768.02 39.8
1781.72 26.6
1786.21 24.6
1792.09 35.2
1795.20 17.0
1797.25 31.0
1799.59 28.0
1802.66 26.6
1805.26 21.3
1809.97 70.4
1811.05 37.9
1812.34 28.6
1813.74 26.1
1815.03 13.6
1822.05 19.9
1848.06 47.4
1858.90 62.8
1863.11 30.8
1864.07 18.5
1868.80 162.4
1890.28 19.4
1891.34 37.6
1908.36 110.7
1941.15 13.0
1970.26 13.7
1973.04 17.9
1976.00 16.9
1982.36 16.4
1983.53 17.0
1990.27 14.4
1993.87 17.1
1999.25 13.7
