2207.11382 2
320.05 3.0
324.22 2.9
326.37 1.2
327.11 3.0
330.20 9.7
333.06 1.3
337.43 4.3
338.35 4.7
342.00 7.4
344.29 3.1
347.30 13.5
348.34 2.2
349.31 2.0
351.34 2.4
352.33 6.6
353.27 3.3
354.27 7.2
355.00 5.7
357.00 5.4
359.20 7.1
363.32 2.7
365.26 6.3
366.58 4.3
367.23 3.4
368.31 2.6
369.33 3.4
370.28 4.1
371.23 8.2
372.38 7.1
374.38 2.8
375.39 4.0
376.16 3.3
376.95 6.0
379.07 2.7
380.29 2.1
381.51 3.4
382.14 7.0
384.35 1.7
387.15 36.8
388.13 5.4
389.66 1.3
392.24 2.5
393.46 1.9
394.26 9.8
395.19 7.7
396.22 5.8
397.32 3.3
400.48 1.1
403.20 7.1
404.46 10.4
405.19 1.0
408.42 5.3
411.24 4.4
412.26 23.7
414.26 4.8
415.20 9.7
420.55 7.7
421.35 1.2
422.56 3.8
425.24 8.7
427.40 3.1
428.27 1.7
429.35 18.1
430.22 7.4
431.32 7.0
435.39 1.1
438.15 29.5
439.14 10.1
440.35 1.1
442.31 17.3
443.28 6.0
444.28 1.8
446.10 4.4
447.48 2.2
448.33 5.1
450.19 3.8
451.37 9.0
454.69 2.7
455.48 2.9
457.31 6.0
458.20 4.5
459.22 9.6
460.54 1.8
461.29 4.3
463.13 3.0
464.01 2.2
465.19 2.1
466.32 11.7
467.38 10.3
469.78 11.5
472.32 6.9
473.30 3.3
475.18 3.4
476.23 2.6
477.92 4.1
479.40 1.3
480.36 40.7
481.30 13.5
482.29 11.0
483.09 1.6
484.52 3.5
486.36 10.9
488.35 6.5
489.16 5.0
492.05 1.7
492.69 1.1
493.31 3.7
494.35 9.1
495.41 11.8
496.21 13.6
497.31 6.2
498.45 6.0
499.31 11.5
500.29 11.8
502.55 10.5
503.33 4.1
504.15 4.5
505.25 11.9
506.26 7.0
507.10 15.1
509.27 2.6
511.21 1.6
512.62 9.9
513.42 10.9
514.25 17.4
515.29 6.0
516.21 4.2
517.47 10.3
518.64 10.2
519.94 4.3
522.22 5.9
523.17 21.1
524.35 9.6
525.40 14.2
526.41 10.8
527.24 3.3
530.27 17.1
531.33 6.1
532.17 8.7
533.41 19.3
534.42 12.0
535.23 6.6
537.27 2.0
538.52 7.8
539.53 2.0
540.28 13.6
541.31 23.6
542.26 2.8
543.35 6.5
544.06 2.2
545.18 1.8
546.18 3.4
547.27 4.0
548.55 2.1
549.69 2.6
551.35 42.0
552.47 35.8
553.73 2.7
555.22 4.9
556.37 11.3
557.42 16.0
558.32 19.0
559.52 8.3
560.61 14.7
561.40 13.4
562.53 16.1
563.52 5.0
566.47 7.7
567.26 1.2
568.50 12.7
569.40 10.1
570.37 5.8
572.51 6.8
573.37 4.8
574.29 1.8
575.58 1.8
576.32 19.1
579.40 20.9
580.41 14.0
582.11 13.3
584.14 10.2
588.49 8.0
589.67 6.2
590.27 2.5
591.38 10.0
592.33 4.7
593.42 3.6
594.41 3.3
595.75 6.7
596.48 2.8
597.41 14.3
598.38 7.7
599.48 16.0
601.53 5.2
602.41 2.8
603.37 13.8
604.48 4.7
606.14 26.3
607.34 28.1
608.43 8.3
609.41 10.2
610.16 4.4
611.30 6.0
612.43 5.6
613.15 9.2
614.36 8.9
615.54 3.7
617.11 4.8
618.41 9.2
619.38 6.2
620.31 11.2
621.29 2.1
622.56 11.1
623.40 13.7
624.31 13.0
625.18 20.8
626.10 6.1
627.35 5.6
628.14 11.7
629.25 9.4
630.36 4.1
631.37 2.7
632.28 11.8
634.84 2.8
635.76 15.0
636.50 5.8
637.59 2.2
638.45 11.5
639.33 7.6
640.33 3.0
642.29 28.4
643.34 7.3
644.37 6.7
645.31 4.7
646.02 8.0
647.41 10.1
648.29 10.3
649.43 22.3
650.49 29.8
651.47 11.1
652.34 9.9
653.14 12.2
654.35 24.6
655.58 11.2
656.28 1.3
657.37 1.3
658.50 7.5
660.08 10.4
660.84 7.1
661.55 7.3
662.61 9.3
663.37 9.1
664.46 31.1
665.45 8.1
666.42 49.9
667.41 36.0
668.41 5.9
669.40 15.4
671.13 62.1
672.37 22.6
673.55 15.2
674.36 2.4
675.46 16.1
676.34 9.0
677.55 3.7
680.67 8.2
681.53 11.4
682.67 20.0
683.51 2.5
684.46 9.7
685.44 22.6
686.43 6.9
687.35 58.9
688.42 58.0
689.52 27.0
690.44 28.3
691.43 1.4
692.45 9.8
693.62 26.7
694.40 10.8
695.22 10.2
696.02 6.7
697.67 17.7
698.49 21.2
699.53 23.0
700.26 2.8
701.21 1.8
702.35 8.3
703.58 20.3
704.42 10.3
705.57 7.4
706.44 5.9
708.50 16.7
709.37 3.2
710.95 16.0
711.92 1.1
712.61 8.4
713.45 3.4
715.47 12.5
716.79 3.6
717.47 2.7
718.46 8.3
719.50 17.2
720.50 13.8
721.57 21.0
722.31 7.3
723.56 6.2
725.25 20.6
726.50 12.2
727.57 5.8
728.48 5.7
729.54 4.2
730.37 3.4
731.43 11.0
732.15 2.4
733.34 4.2
734.49 19.8
735.37 3.6
736.74 4.5
737.52 15.2
738.13 1.2
739.57 6.5
740.70 22.5
742.05 11.9
742.79 11.1
743.39 7.2
744.18 2.0
745.40 7.5
746.29 12.5
747.34 34.2
748.40 13.9
749.53 4.6
750.46 7.9
752.04 17.0
753.29 29.8
754.57 26.6
755.47 6.0
756.40 13.9
757.43 17.1
758.13 2.1
759.32 14.2
760.27 22.0
761.49 15.1
762.42 34.8
763.22 6.3
764.50 22.0
765.35 48.0
766.53 21.6
767.31 4.5
768.54 6.4
769.48 3.4
770.24 35.2
771.60 14.0
772.67 30.5
773.37 19.6
774.20 11.0
774.98 24.4
777.23 6.8
778.23 3.6
779.53 47.1
780.52 21.8
781.83 19.0
782.93 46.7
784.31 26.8
785.56 6.7
786.22 20.2
787.47 21.4
788.40 12.0
789.49 28.3
790.71 17.9
791.69 12.3
793.53 9.0
794.64 13.4
795.69 6.3
797.46 4.7
798.77 19.3
800.40 26.8
801.37 47.7
802.34 22.8
803.09 20.8
804.16 42.7
805.21 7.7
806.46 26.0
807.52 14.3
808.63 3.3
810.55 9.1
811.32 17.5
812.51 7.4
814.42 10.3
815.89 14.4
817.35 26.5
818.47 63.3
819.56 63.8
820.30 41.3
821.63 27.4
822.41 22.1
823.29 6.0
824.34 7.8
825.17 12.0
825.91 39.4
827.01 38.5
827.78 2.3
828.54 4.6
829.15 18.6
830.54 38.1
832.55 28.7
833.59 11.5
835.44 68.4
836.51 14.1
837.36 16.9
838.11 6.3
839.48 63.0
840.48 26.5
842.16 13.2
843.65 23.8
844.41 4.9
845.84 55.0
846.57 15.6
847.93 45.2
848.61 28.8
849.39 8.8
850.54 19.3
851.66 12.4
852.56 15.0
853.64 53.7
854.44 7.8
855.36 12.8
856.30 8.1
857.53 24.4
858.83 45.2
859.67 7.4
860.42 27.7
861.63 87.9
862.45 17.3
863.16 4.3
864.01 9.8
865.38 7.8
867.37 36.0
868.35 18.8
869.51 6.3
870.54 4.6
871.72 23.4
872.56 14.8
873.80 24.9
875.27 57.1
876.21 96.3
876.96 38.7
877.99 64.9
878.72 40.2
879.66 32.0
880.62 28.6
881.48 29.1
882.61 34.1
883.89 52.5
884.68 31.8
885.48 8.5
886.78 13.9
887.89 7.9
888.73 35.8
889.89 30.4
890.75 13.6
892.48 7.8
893.94 9.0
895.23 13.1
896.38 25.2
897.66 24.8
898.53 16.5
899.66 7.7
900.56 33.4
901.54 33.2
902.82 46.6
903.49 11.6
904.58 19.6
905.63 36.6
906.42 5.2
908.21 17.2
908.95 38.1
909.99 19.5
910.94 57.7
912.85 19.7
914.28 20.5
915.83 28.7
916.72 24.2
917.41 15.5
918.26 56.9
919.67 29.9
920.69 37.5
921.56 63.5
922.72 29.1
923.89 76.1
925.24 103.2
926.05 9.7
926.80 17.5
927.48 35.2
928.51 6.7
929.92 14.6
931.06 32.0
931.80 21.1
932.42 79.4
933.49 108.5
934.40 112.4
935.40 3.4
937.14 71.1
937.85 21.2
939.78 14.6
940.94 117.9
941.93 6.6
942.75 16.0
943.36 8.6
944.50 15.5
945.47 47.5
946.31 80.3
947.15 18.1
948.55 79.8
949.37 84.3
950.05 23.5
950.66 8.2
951.74 18.0
952.64 8.6
954.03 70.9
955.20 56.5
956.67 15.0
957.48 6.7
958.53 57.3
959.64 38.9
960.54 30.7
961.16 11.3
962.33 16.9
962.97 22.0
964.20 23.7
965.27 15.0
966.28 46.0
967.39 60.9
968.41 44.8
969.32 40.2
970.44 10.0
971.89 25.9
972.62 27.1
974.27 143.6
975.38 63.2
976.37 34.5
977.60 25.8
978.66 6.1
979.70 37.9
980.66 33.9
981.77 88.0
982.72 101.5
983.64 58.4
984.73 21.5
985.62 19.2
986.51 13.6
987.72 22.8
989.03 152.2
989.70 171.9
990.49 68.1
991.27 110.0
992.52 72.5
993.56 34.6
994.57 24.2
995.53 7.0
997.08 118.1
998.30 116.6
999.11 30.0
999.78 3.4
1002.42 27.4
1003.09 36.8
1003.84 14.1
1004.77 21.6
1005.98 19.6
1007.23 52.5
1008.09 35.6
1009.22 28.3
1010.32 35.9
1011.11 42.3
1012.13 50.8
1013.59 45.7
1014.75 21.1
1015.47 48.9
1016.37 35.5
1017.44 31.3
1018.70 27.7
1019.53 16.8
1020.69 24.5
1022.07 126.7
1023.00 21.8
1024.07 30.2
1025.06 122.4
1025.79 31.4
1027.15 31.9
1028.57 39.2
1029.84 116.1
1030.87 244.5
1031.79 87.7
1032.83 38.3
1033.86 71.0
1034.77 23.6
1035.76 11.0
1037.12 49.5
1038.79 303.7
1039.81 343.9
1040.88 42.1
1041.75 4.2
1042.75 10.7
1044.20 5.4
1045.38 37.4
1045.99 79.7
1046.59 115.7
1047.57 341.1
1048.25 420.5
1049.30 17.8
1051.30 40.4
1052.11 15.0
1053.02 6.1
1054.46 191.5
1055.40 206.7
1056.55 37.8
1057.37 21.5
1058.33 11.9
1059.56 22.8
1060.23 54.8
1061.65 20.7
1062.61 113.0
1063.56 97.5
1064.53 54.4
1065.26 46.7
1065.93 3.3
1067.40 16.7
1068.85 91.6
1069.63 35.4
1070.56 17.4
1071.87 17.1
1072.99 118.4
1074.01 91.4
1074.76 21.0
1075.88 24.7
1077.97 104.0
1078.71 123.6
1079.68 2.8
1081.71 434.7
1082.63 153.6
1083.54 1.1
1084.93 11.1
1086.46 430.7
1087.26 975.1
1088.17 102.2
1088.85 1.5
1090.30 275.7
1091.29 58.1
1092.72 10.9
1103.48 1.8
1104.73 6.7
1105.69 3.7
1108.61 1.6
1110.55 2.2
1112.63 2.1
1114.33 5.5
1116.79 19.2
1120.80 7.4
1121.82 15.9
1122.73 3.2
1123.39 1.7
1125.72 5.7
1126.68 1.4
1128.62 20.5
1129.40 4.5
1132.53 12.2
1133.72 20.3
1134.66 32.9
1135.81 3.0
1140.45 1.9
1141.46 1.1
1142.62 4.9
1143.64 4.7
1144.65 14.9
1145.64 17.2
1146.65 2.4
1147.47 5.2
1148.31 15.5
1149.82 2.4
1150.97 10.4
1153.50 12.7
1155.31 5.3
1157.85 1.8
1158.54 3.2
1160.13 51.1
1160.86 17.7
1161.78 21.8
1162.69 24.2
1163.63 16.3
1164.73 3.7
1165.77 4.6
1167.67 1.0
1170.27 6.0
1172.41 2.2
1174.77 3.8
1175.81 35.9
1177.50 108.0
1178.68 75.3
1179.58 18.1
1181.19 14.8
1181.98 8.2
1182.75 13.2
1183.75 11.7
1184.68 6.1
1186.51 11.6
1187.59 12.6
1188.69 21.7
1189.89 24.2
1190.67 5.6
1191.68 6.5
1192.78 2.5
1193.60 13.0
1195.64 5.7
1197.85 19.1
1199.65 7.9
1200.67 38.8
1201.70 43.6
1203.68 11.0
1204.73 12.8
1205.82 37.7
1206.66 22.0
1207.74 1.3
1208.60 2.0
1209.57 34.8
1210.90 9.4
1214.88 8.3
1215.68 18.5
1216.72 14.8
1217.86 12.8
1219.70 5.8
1220.76 1.2
1223.19 10.4
1224.18 20.1
1225.35 4.6
1226.49 6.1
1227.66 9.2
1228.90 4.3
1230.51 3.2
1231.85 3.1
1232.59 13.2
1233.45 19.4
1234.51 1.6
1236.54 4.5
1238.48 3.7
1240.29 1.3
1241.11 25.5
1241.88 4.7
1242.64 4.4
1243.70 3.0
1244.72 3.2
1245.84 6.8
1246.51 8.3
1247.74 4.0
1249.12 18.1
1249.91 7.9
1250.75 1.6
1251.49 4.9
1252.90 9.8
1254.89 9.4
1255.77 4.8
1258.04 7.7
1258.86 24.4
1259.58 23.5
1260.81 17.2
1261.66 5.5
1262.71 18.0
1263.85 42.5
1267.20 1.5
1269.56 18.1
1271.96 5.9
1272.87 1.4
1273.75 17.7
1274.85 17.0
1276.02 41.8
1276.77 66.5
1277.66 59.6
1278.74 18.3
1285.80 1.9
1286.75 5.5
1287.71 6.3
1290.58 55.7
1291.78 55.3
1292.76 9.0
1293.90 2.4
1294.81 15.2
1295.70 17.2
1296.85 19.8
1297.75 1.0
1299.98 6.0
1300.80 2.4
1301.60 8.9
1303.31 5.5
1304.64 14.8
1306.08 8.6
1307.72 4.0
1309.33 4.1
1310.04 9.5
1311.70 2.8
1312.65 19.0
1313.84 12.9
1314.73 8.6
1315.80 2.8
1316.73 8.8
1317.72 12.3
1319.78 11.9
1320.74 13.7
1321.88 26.3
1322.91 24.4
1323.77 14.0
1324.95 4.3
1326.11 2.4
1327.02 4.3
1327.94 4.7
1329.75 46.6
1330.63 25.6
1331.71 16.5
1332.58 1.7
1333.81 27.7
1334.84 19.5
1335.72 7.7
1337.44 26.8
1338.42 14.0
1339.87 10.6
1340.56 1.2
1341.88 3.4
1344.32 12.2
1346.09 4.8
1347.04 3.8
1351.99 4.4
1353.65 9.1
1355.03 14.4
1355.90 10.9
1357.84 1.9
1358.61 3.5
1362.01 3.0
1362.90 11.5
1363.77 6.2
1364.57 1.3
1365.49 7.7
1367.54 6.6
1368.79 12.4
1369.72 3.5
1370.94 3.4
1371.75 12.3
1372.92 16.8
1373.90 13.0
1374.86 12.2
1375.78 9.2
1376.63 6.4
1377.99 8.1
1378.92 15.8
1380.61 5.6
1381.75 9.0
1382.67 3.1
1383.63 3.1
1385.67 15.5
1386.74 52.4
1387.93 18.9
1389.79 86.7
1390.90 89.9
1392.14 32.9
1393.63 2.9
1395.61 8.6
1396.56 24.3
1397.69 1.2
1398.86 6.3
1399.91 4.4
1401.87 4.4
1402.51 6.5
1403.89 15.7
1404.77 23.7
1405.64 43.9
1406.74 2.5
1408.08 18.6
1408.90 3.6
1410.11 7.5
1410.87 2.6
1412.19 9.9
1413.30 5.9
1414.32 5.2
1415.35 4.3
1416.27 23.0
1417.43 5.6
1418.76 2.7
1420.04 10.6
1420.79 38.4
1423.45 10.3
1424.78 2.1
1426.21 7.3
1427.03 2.4
1427.83 5.7
1428.85 7.3
1429.86 3.5
1431.28 3.5
1432.77 1.3
1433.72 25.2
1434.32 8.0
1434.98 16.0
1435.90 8.7
1437.44 22.5
1438.78 41.8
1439.86 9.8
1441.66 1.1
1442.89 25.4
1443.83 2.8
1444.78 4.3
1446.96 1.6
1448.55 7.1
1449.81 12.1
1450.88 12.0
1452.10 6.6
1452.98 6.3
1456.74 9.5
1457.81 5.9
1459.03 8.8
1460.71 4.1
1461.99 5.0
1462.84 4.5
1465.70 8.2
1467.00 13.7
1467.87 11.2
1468.77 11.1
1473.82 4.5
1474.72 7.2
1477.76 4.5
1478.80 4.2
1480.02 11.2
1480.75 4.4
1481.65 1.4
1482.79 6.5
1483.61 3.1
1484.83 3.1
1485.93 6.4
1486.83 4.6
1487.85 6.2
1490.91 10.7
1491.92 3.9
1492.80 20.4
1493.82 2.0
1494.61 4.6
1495.85 5.9
1497.89 12.5
1498.89 10.7
1499.69 8.5
1500.75 4.7
1501.84 16.5
1502.89 26.2
1503.93 17.2
1505.28 7.9
1506.05 1.1
1506.97 15.3
1507.98 17.8
1508.94 19.6
1509.80 12.9
1510.75 8.3
1511.71 3.3
1512.79 4.9
1513.82 2.6
1515.18 3.1
1516.03 14.7
1516.71 9.6
1518.92 29.4
1519.84 48.6
1520.89 21.9
1521.95 1.8
1523.91 29.5
1524.99 26.7
1526.09 8.2
1528.02 6.6
1531.13 1.4
1532.44 20.4
1534.83 13.4
1535.85 7.3
1536.81 23.1
1537.93 27.5
1538.96 9.7
1540.82 7.8
1541.98 38.8
1543.01 18.7
1543.95 13.6
1545.02 10.0
1545.88 5.1
1546.94 9.2
1548.65 29.7
1549.82 27.3
1550.93 3.4
1557.69 4.1
1558.42 13.9
1559.59 9.2
1560.70 6.6
1562.20 9.7
1563.55 12.9
1564.43 14.7
1565.10 6.8
1565.94 8.9
1566.75 4.6
1567.90 17.8
1569.04 1.6
1571.76 1.6
1575.50 9.6
1576.17 1.1
1576.82 6.0
1580.23 9.3
1581.11 9.9
1582.85 7.1
1583.83 4.6
1586.90 2.4
1593.87 2.6
1594.72 3.3
1598.99 4.9
1601.08 5.9
1602.02 2.9
1602.90 2.6
1603.93 7.3
1604.93 7.5
1606.09 5.6
1608.19 8.9
1608.86 8.3
1610.98 5.4
1611.71 4.6
1612.46 3.9
1613.14 8.2
1614.22 11.6
1615.82 2.0
1616.81 8.5
1620.89 1.7
1621.94 10.6
1623.94 11.0
1624.97 5.2
1628.88 21.3
1629.86 14.6
1630.96 6.2
1632.21 13.0
1632.96 9.7
1633.87 13.6
1635.13 19.5
1636.15 9.9
1636.78 1.4
1638.05 13.3
1638.94 7.7
1639.76 12.0
1641.77 4.0
1643.00 5.2
1643.70 1.3
1645.08 3.2
1646.77 2.1
1647.59 3.6
1648.70 5.9
1649.90 5.5
1650.88 27.3
1651.89 4.7
1652.83 9.0
1653.87 22.8
1656.38 8.7
1657.17 11.7
1657.98 15.4
1658.99 4.4
1660.05 4.4
1660.88 1.8
1662.43 6.2
1664.19 2.3
1665.48 18.1
1666.77 5.7
1668.10 1.8
1670.13 2.3
1672.10 3.9
1673.11 4.3
1673.71 1.6
1674.82 5.9
1676.49 7.6
1677.66 4.9
1678.89 7.6
1679.80 13.4
1687.02 1.2
1687.79 5.9
1689.34 9.0
1690.49 8.8
1691.14 3.8
1691.80 1.1
1693.12 5.8
1695.09 25.9
1696.14 19.9
1696.97 6.4
1698.05 2.9
1700.25 2.9
1704.86 7.0
1705.77 2.4
1707.23 1.3
1709.03 1.3
1710.98 3.9
1712.08 4.5
1712.94 8.5
1714.21 1.4
1715.03 3.9
1718.38 3.9
1719.07 3.7
1720.89 1.4
1721.81 4.7
1726.01 1.4
1726.91 3.7
1728.04 21.2
1729.17 7.0
1730.06 4.6
1732.38 5.9
1733.28 1.4
1734.07 6.0
1735.86 6.3
1737.97 1.3
1743.06 4.8
1744.74 8.3
1746.95 5.5
1748.54 20.6
1749.42 1.8
1750.24 2.5
1751.18 13.6
1752.24 6.2
1753.09 10.9
1754.11 9.2
1762.21 17.1
1763.30 9.4
1764.31 1.3
1766.04 9.0
1767.07 18.5
1767.91 5.8
1769.41 3.7
1770.11 1.6
1770.85 5.5
1772.05 2.8
1774.10 2.9
1776.94 4.6
1777.98 12.6
1779.19 2.3
1780.19 12.4
1781.00 16.9
1782.06 3.5
1783.11 3.2
1784.10 8.1
1785.10 3.9
1786.76 8.3
1787.56 1.2
1788.78 4.9
1792.18 9.2
1793.05 5.9
1793.99 4.6
1795.98 2.3
1797.98 3.6
1801.09 1.1
1801.77 4.3
1805.17 2.9
1806.89 1.9
1807.90 5.9
1808.95 13.0
1809.94 17.9
1811.07 2.1
1816.14 1.7
1816.86 6.6
1819.11 13.8
1820.13 4.2
1821.08 4.7
1822.98 4.2
1825.45 7.0
1826.23 3.1
1827.09 3.0
1833.83 3.2
1837.06 1.1
1838.14 15.8
1843.31 13.4
1844.28 11.3
1845.15 8.7
1845.77 1.9
1846.39 3.7
1859.95 3.2
1862.08 4.5
1863.44 7.4
1866.96 4.7
1872.48 1.5
1877.97 1.1
1880.02 2.3
1880.86 12.0
1882.42 2.7
1883.76 3.0
1884.95 7.1
1886.73 4.5
1895.90 1.7
1901.03 3.4
1901.79 2.0
1905.26 1.4
1911.45 6.6
1912.87 2.1
1928.28 4.7
1934.43 8.6
1935.27 1.2
1937.53 5.9
1938.94 4.9
1941.02 1.3
1941.92 6.5
1943.16 2.6
1949.26 4.0
1951.96 5.8
1953.36 4.9
1954.30 2.1
1955.65 5.3
1956.47 12.0
1957.23 12.5
1958.22 1.9
1963.68 5.4
1974.28 1.6
1978.05 9.5
1979.25 6.1
1980.15 3.1
1994.49 2.4
