1104.53008 2
157.05 3.4
159.98 3.8
167.10 1.2
169.21 3.1
173.21 2.3
174.54 1.3
175.18 38.0
178.09 9.2
179.22 7.1
180.27 8.3
182.24 27.9
183.06 3.7
187.27 5.8
189.34 1.3
190.40 8.7
193.01 5.5
194.06 7.3
198.09 3.7
199.32 3.2
201.17 7.6
203.26 1.9
204.12 2.8
207.12 5.8
209.99 12.3
212.04 7.2
213.06 13.8
214.95 1.0
216.29 2.0
217.96 4.1
219.32 7.0
220.27 3.6
221.17 2.6
222.19 4.0
225.17 8.1
226.41 8.9
229.25 6.4
231.03 3.0
232.09 2.4
236.18 1.3
237.24 1.5
239.20 18.6
240.31 11.2
241.14 13.6
242.14 1.5
243.14 1.2
244.98 2.7
246.17 7.3
249.15 1.9
251.21 6.5
252.40 6.1
255.11 1.5
256.17 7.1
257.23 1.8
258.14 43.1
259.27 5.2
261.24 5.6
261.95 3.1
263.29 9.3
264.19 4.4
266.10 7.1
268.28 1.9
269.16 4.6
270.27 5.4
273.15 1.1
275.16 9.4
276.05 1.6
276.95 3.9
278.23 6.3
279.03 6.4
280.08 14.4
282.05 2.9
283.14 12.0
283.99 3.2
287.20 1.8
288.31 3.9
292.22 16.0
293.43 1.5
294.21 7.8
295.00 1.7
298.39 9.8
299.25 1.3
300.46 6.9
302.15 9.7
303.20 5.4
304.16 9.3
305.36 10.4
307.50 5.6
308.37 10.1
309.49 28.9
311.39 7.0
312.39 3.0
313.14 1.9
314.39 6.2
315.30 5.5
316.14 1.2
317.19 1.1
318.31 6.7
319.36 2.9
319.98 6.4
322.19 10.5
323.25 19.3
324.27 10.0
325.50 4.1
326.17 7.0
327.32 10.1
328.25 3.1
329.16 8.8
331.61 23.2
335.31 2.5
336.22 2.2
337.16 19.8
338.17 4.8
340.21 5.8
341.33 2.9
342.21 5.8
346.27 17.1
347.34 3.0
349.42 10.3
350.18 25.2
351.34 16.2
352.15 16.6
352.91 2.1
354.37 4.4
355.38 14.3
356.25 1.8
357.18 13.1
358.38 2.6
359.13 4.0
360.38 11.8
363.15 7.4
364.45 10.2
365.26 10.6
367.30 35.9
368.27 20.5
369.21 13.0
371.18 9.9
372.71 24.4
373.45 24.4
374.27 12.8
375.09 1.2
376.22 9.8
377.19 9.9
379.40 14.1
380.27 19.0
381.16 6.7
382.09 3.6
384.22 2.9
385.13 5.8
386.41 7.6
387.49 15.8
388.23 5.8
389.30 18.0
390.24 135.5
391.32 15.9
392.27 8.2
393.29 33.8
394.35 84.3
395.17 24.9
399.20 4.7
401.37 5.4
402.12 4.1
403.29 5.6
404.39 14.5
405.20 4.4
406.52 27.9
407.40 9.6
408.43 14.4
409.31 9.1
411.14 2.2
412.26 106.2
413.33 23.2
415.04 4.4
416.33 21.1
418.02 31.6
419.15 7.1
420.16 10.6
421.32 52.7
422.48 13.1
424.38 3.8
425.17 9.5
426.07 19.0
426.69 2.6
427.38 2.8
428.74 8.2
429.73 4.6
431.27 8.7
432.37 14.2
434.18 3.1
435.29 11.2
436.49 13.6
437.48 18.8
438.39 40.8
439.16 18.7
440.22 2.0
441.64 1.5
444.18 15.4
444.95 3.1
445.85 26.5
447.21 9.0
448.28 16.8
449.26 7.3
450.34 3.1
451.35 56.8
452.36 11.7
453.14 2.0
454.63 5.4
455.32 7.8
456.53 1.3
458.11 1.8
459.19 14.8
460.29 5.0
461.32 8.4
462.26 15.6
463.16 137.2
464.14 38.2
465.28 628.2
466.31 113.3
467.20 7.9
468.16 7.4
469.33 1.7
470.27 44.4
471.58 17.3
472.69 16.0
473.69 7.4
474.81 34.4
476.26 11.2
478.61 8.6
479.38 29.0
480.84 11.6
482.50 35.9
483.37 22.0
484.32 56.3
485.40 9.5
486.44 18.2
487.36 28.9
488.22 45.2
489.31 31.0
490.58 20.9
491.52 69.3
492.46 75.9
493.26 54.6
494.31 11.6
495.46 13.3
496.28 10.0
498.10 9.4
498.89 14.3
499.88 119.0
500.99 151.0
502.32 21.4
503.52 30.9
504.23 21.1
505.25 24.3
506.30 20.4
507.39 38.0
508.85 473.0
510.10 26.1
510.92 9.6
511.62 8.6
513.03 190.5
513.88 159.6
514.94 8.8
516.44 45.5
517.30 21.3
518.17 13.6
519.48 1.5
521.17 105.5
522.04 987.3
523.03 781.1
523.98 40.6
525.12 25.1
526.04 29.6
527.02 33.0
527.91 6.8
528.59 12.4
530.92 2438.7
531.89 15.2
532.60 10.6
534.65 721.6
535.46 546.9
536.37 58.3
537.35 9.1
538.64 8.3
540.42 2.9
541.07 18.3
543.96 3299.7
544.94 53.8
546.67 4.8
553.91 1.9
560.29 7.5
562.31 5.9
565.26 2.7
570.50 1.4
571.13 2.1
572.24 9.9
573.36 7.8
574.45 8.0
577.44 15.3
578.38 21.1
579.36 14.7
580.40 16.4
581.39 7.4
583.36 5.2
586.99 4.2
590.25 2.7
593.01 6.6
594.00 5.4
595.48 40.1
596.28 63.1
597.56 9.9
598.17 5.6
599.54 6.2
600.60 25.2
601.45 1.9
603.47 10.7
604.22 33.2
605.44 35.9
606.39 2.6
607.04 3.1
608.30 1.2
610.43 8.6
612.30 7.0
613.95 2.5
615.47 12.2
616.44 2.4
617.44 47.2
618.35 15.8
619.40 6.2
622.34 190.0
623.37 62.8
626.42 4.7
629.57 3.7
631.38 12.5
634.14 13.4
635.35 10.4
640.31 229.8
641.44 44.3
642.08 1.6
643.48 7.2
647.30 4.6
648.57 1.8
649.34 16.8
650.38 5.1
651.99 4.2
653.09 11.0
654.48 1.3
655.63 4.8
658.63 3.6
662.80 3.2
667.34 10.6
668.61 6.1
671.27 4.9
672.33 9.9
673.45 3.0
674.39 3.3
675.37 15.0
677.57 6.6
678.22 1.6
679.11 28.0
679.91 6.1
682.27 4.1
685.45 3.2
686.09 8.3
687.29 3.4
688.31 12.2
689.48 2.7
692.71 38.7
693.35 210.8
694.44 60.1
695.44 3.0
696.55 13.0
697.41 10.5
698.63 1.8
699.73 9.4
701.46 3.8
702.62 3.2
703.36 8.5
704.07 2.2
705.67 2.0
706.38 2.1
709.89 6.0
710.49 15.2
711.62 13.6
712.57 4.2
713.86 9.2
715.28 111.8
716.34 26.0
717.22 1.7
719.40 9.8
720.56 8.4
729.58 6.0
730.50 2.0
731.40 6.7
732.43 8.2
734.40 1.5
735.70 8.3
736.47 18.5
737.37 10.0
738.36 6.1
739.31 9.8
741.36 3.7
742.45 6.7
743.06 2.5
744.41 8.8
745.27 8.2
747.60 4.0
748.70 3.8
750.11 3.7
755.50 6.1
756.69 2.4
759.36 1.8
760.35 2.4
763.53 14.3
764.34 6.3
765.41 2.3
766.42 2.5
777.33 7.5
778.34 7.1
784.33 2.4
786.47 3.8
787.46 4.7
790.80 2.9
797.79 2.0
802.71 2.9
803.51 5.8
806.62 2.7
807.49 10.0
808.86 2.2
811.51 8.4
812.28 3.8
817.93 4.1
820.27 2.6
824.38 9.6
825.49 8.7
828.46 7.5
829.52 18.5
830.47 17.0
831.87 1.1
833.36 2.1
834.31 1.3
835.56 4.1
838.63 2.6
840.59 1.5
842.68 12.1
843.50 8.9
846.78 6.4
847.44 28.1
848.62 9.0
850.19 6.1
860.44 4.8
862.36 3.2
863.50 1.2
864.56 14.2
866.39 2.9
868.61 15.0
869.51 7.6
870.43 5.5
874.92 3.6
880.58 7.6
881.82 5.7
882.67 10.1
883.57 5.9
884.73 1.6
886.43 18.0
887.52 14.6
888.54 1.8
891.15 9.3
891.77 1.8
894.10 1.1
894.93 4.4
899.36 2.0
901.67 6.3
902.74 5.5
904.38 19.4
905.41 13.6
906.03 6.8
907.75 4.2
908.53 6.4
909.60 10.4
912.63 33.5
926.59 34.8
927.58 15.4
928.71 6.2
929.62 12.3
930.49 34.9
931.43 12.2
932.39 3.5
935.20 1.1
939.51 2.7
941.42 2.8
942.16 2.2
946.07 6.2
947.53 2.2
948.45 69.2
949.49 26.8
958.66 2.5
969.40 1.9
971.40 2.2
976.54 2.7
987.59 4.8
991.48 2.0
1004.33 1.2
1022.76 3.8
1023.68 10.0
1038.76 1.9
1046.38 2.3
1049.54 1.1
1065.79 8.2
1082.46 8.9
1083.22 2.4
