886.4739199999999 2
128.00 12.8
129.26 3.6
130.15 1.9
131.18 1.6
137.07 4.5
140.15 9.9
141.19 2.9
146.85 1.3
149.31 10.3
151.33 1.5
154.09 2.9
155.39 2.1
156.09 2.7
157.23 43.9
158.09 6.0
160.24 3.3
161.09 2.8
162.03 3.4
164.17 1.3
165.26 2.2
169.12 2.2
171.12 2.8
172.20 1.3
173.00 2.3
175.25 15.3
178.51 11.6
179.23 42.6
183.30 2.7
185.25 1.2
186.28 2.7
189.32 7.0
191.34 3.1
193.96 1.1
195.36 6.6
197.47 3.0
199.31 3.1
200.17 6.5
202.18 2.2
205.15 2.3
206.38 4.9
208.24 7.2
210.21 5.3
212.18 2.2
215.17 1.0
217.30 1.9
219.21 1.9
221.16 21.7
222.34 9.3
226.27 6.5
227.01 3.2
228.22 16.8
229.38 6.7
230.24 2.7
231.05 1.9
233.33 9.9
234.20 20.4
235.25 2.2
237.23 10.4
239.47 4.2
241.23 1.4
246.37 1.1
247.44 3.2
248.11 1.6
250.32 28.4
251.06 6.9
252.13 1.1
254.28 9.3
255.33 6.7
258.37 2.9
261.04 12.5
262.26 2.5
264.22 14.2
265.29 6.7
266.38 13.5
268.06 1.5
270.19 24.9
271.81 9.6
272.71 5.4
273.38 15.1
276.19 11.0
277.21 3.1
279.34 3.9
280.19 8.1
281.10 6.9
282.20 10.9
283.06 4.9
284.01 1.1
286.47 1.6
287.10 2.2
289.03 2.7
291.09 11.3
292.31 2.3
294.29 63.7
295.34 2.7
296.53 1.3
297.26 3.0
298.73 5.7
299.35 3.5
300.46 9.1
304.31 1.5
306.27 6.8
307.24 7.1
308.31 14.4
310.01 7.8
312.43 10.7
313.61 2.9
314.28 4.3
315.33 3.6
316.18 4.3
318.35 1.9
318.96 3.2
322.18 74.3
323.25 20.4
325.31 1.8
326.13 8.8
326.87 4.1
328.11 5.2
329.31 10.6
330.35 35.8
331.59 2.5
334.15 1.9
336.65 4.8
337.90 5.0
338.93 2.1
340.44 9.6
341.44 1.0
343.26 17.3
344.17 6.6
345.31 2.9
347.17 3.8
349.28 4.2
350.07 86.3
351.49 1.4
352.30 3.3
353.21 2.2
354.24 5.2
355.12 6.9
357.21 25.4
358.54 26.1
359.27 11.3
361.18 6.6
362.81 1.8
365.56 32.0
366.33 6.8
367.29 2.8
368.08 11.4
369.38 11.3
370.19 6.0
371.46 5.4
372.55 25.8
373.26 8.6
374.37 1.1
376.31 12.8
377.31 18.5
378.32 4.6
378.98 17.8
380.19 6.2
382.59 20.8
383.46 2.8
384.30 20.8
385.22 22.1
386.46 16.8
387.47 2.5
389.35 36.1
391.63 271.3
392.35 89.8
393.80 25.0
395.62 5.7
396.38 4.6
397.43 39.7
398.41 46.5
399.08 62.4
400.51 21.7
401.24 13.1
403.00 77.1
404.10 49.7
404.97 353.2
405.90 20.9
407.01 165.9
408.28 20.6
409.28 2.4
410.30 43.3
411.10 8.1
412.91 751.6
413.96 4563.5
414.87 97.3
415.86 6.8
416.64 13.5
417.46 32.9
419.00 7.4
419.80 67.3
421.76 1833.7
422.49 408.7
423.50 15.1
425.20 191.0
426.04 485.9
426.88 33.1
427.82 36.6
428.79 536.2
429.39 108.0
432.92 5.0
434.89 6851.1
435.87 104.1
436.91 17.2
438.03 6.2
438.99 10.7
439.86 1.8
441.55 3.5
443.42 1.7
450.58 4.5
451.74 1.1
452.46 9.1
458.25 3.3
459.33 11.6
462.37 13.5
463.21 4.5
465.20 5.5
466.44 4.1
472.42 2.0
475.85 1.6
476.49 5.0
477.67 9.0
480.34 50.4
481.06 1.9
486.14 19.6
487.04 3.4
488.53 7.5
489.94 4.8
494.50 7.7
497.49 6.0
499.00 5.8
503.79 8.4
507.51 6.3
511.10 3.3
515.62 3.1
516.51 7.8
518.34 1.5
519.35 2.3
523.30 1.8
531.62 1.2
533.47 6.5
535.12 1.3
539.20 1.2
542.54 2.1
543.99 2.7
547.58 4.6
552.40 8.9
553.39 1.7
557.15 1.9
563.38 4.5
565.33 122.7
566.17 8.0
569.28 4.1
572.44 6.4
573.33 4.2
575.57 14.2
576.48 2.5
579.10 3.4
581.33 3.8
585.58 7.6
587.57 22.5
588.52 2.7
590.32 2.2
593.38 47.2
594.47 6.3
599.67 1.8
600.46 1.9
602.81 2.2
608.32 3.2
614.62 1.6
617.74 3.5
618.86 1.7
624.44 1.9
630.22 2.1
631.51 1.0
632.16 2.3
633.27 1.2
635.52 2.7
641.84 1.1
651.51 8.5
656.20 8.5
656.81 6.4
658.52 15.4
659.34 7.2
664.31 10.7
665.50 6.7
668.54 4.9
675.84 3.3
676.65 3.3
678.32 2.5
683.63 6.0
684.54 1.4
685.76 17.3
686.51 63.2
687.37 14.8
688.76 2.7
690.58 18.2
691.46 22.1
692.90 9.7
694.49 13.1
700.52 23.9
701.33 4.9
708.42 165.9
709.49 41.7
712.28 22.8
716.65 8.6
717.56 5.4
722.45 1.1
730.43 175.4
731.53 33.6
739.60 5.0
741.83 4.8
742.71 16.3
743.57 26.9
744.75 5.9
746.61 3.5
759.45 56.8
760.55 81.5
761.66 36.7
762.63 1.4
769.80 4.2
771.60 2.0
772.53 2.9
774.53 16.0
775.35 6.0
778.48 1.4
779.60 1.8
785.48 6.6
786.60 49.7
787.23 2.3
788.39 15.2
791.26 2.7
793.41 2.4
802.51 39.0
803.56 39.7
804.52 615.2
805.51 318.1
806.52 47.5
816.60 9.4
817.49 16.8
820.64 63.0
821.72 20.6
822.60 28.1
828.68 31.2
829.67 13.7
830.58 5.7
834.57 5.0
846.47 280.0
847.54 313.1
848.59 51.6
864.51 301.9
865.49 63.5
