3395.77109000001 3
336.31 2.8
339.25 5.4
352.18 1.1
358.97 2.1
359.59 1.2
384.34 3.2
385.11 4.9
396.99 2.0
417.09 5.3
421.36 4.2
434.52 5.1
437.44 2.1
447.22 3.3
464.73 9.3
465.36 2.9
466.44 3.1
480.28 1.2
490.92 1.9
496.20 2.3
498.23 1.9
500.26 1.9
502.44 1.0
504.48 4.2
516.17 1.3
516.91 4.4
523.00 1.0
529.40 2.2
534.24 1.5
537.08 1.1
539.42 3.8
542.76 1.1
549.95 2.0
554.55 4.9
558.20 2.0
564.13 1.3
567.51 3.3
572.56 4.9
575.71 2.6
586.16 7.8
587.40 2.3
591.39 2.0
593.74 2.4
594.56 2.1
596.01 1.6
601.36 16.2
606.44 4.6
612.43 3.3
615.18 1.9
616.86 6.4
623.13 3.9
623.99 3.8
645.65 2.7
647.52 2.3
649.06 1.7
657.13 4.4
660.32 2.5
661.18 3.8
662.97 3.2
664.15 2.3
665.51 7.3
671.40 2.8
674.34 2.5
676.26 4.5
691.64 1.2
693.09 1.6
695.22 3.3
699.63 2.9
704.35 6.9
706.37 1.5
709.56 10.6
715.13 7.2
716.33 3.9
728.39 4.6
729.38 1.9
733.14 5.6
734.42 5.8
736.10 3.5
737.13 2.8
746.84 5.7
747.78 26.9
750.53 2.8
756.28 3.8
758.52 22.1
759.84 1.5
760.50 2.2
775.47 10.2
779.54 4.5
780.71 2.4
782.02 2.4
782.86 1.8
789.12 1.9
795.51 7.3
800.57 2.1
805.27 3.7
809.60 5.7
810.64 2.8
812.68 110.6
813.70 2.0
814.54 2.8
817.56 3.1
820.43 11.0
823.58 8.0
827.14 2.4
832.67 12.5
837.42 6.2
841.27 2.1
845.36 4.0
846.95 1.1
848.74 3.4
854.97 5.9
857.04 3.9
859.39 4.4
864.98 12.8
865.86 24.1
866.47 2.0
869.30 2.0
870.08 6.4
877.88 1.9
881.03 5.9
883.40 2.5
885.13 8.2
887.58 4.0
891.04 3.0
893.45 1.3
898.95 1.3
908.67 11.2
909.27 5.9
910.67 10.4
911.46 1.1
914.45 2.9
916.51 7.1
918.83 4.6
921.52 11.1
923.17 8.0
925.13 5.6
925.95 3.3
927.27 74.2
932.06 8.8
932.68 18.5
933.60 19.6
934.47 1.2
935.14 1.6
938.51 81.3
939.42 10.3
940.58 4.6
941.25 2.1
943.09 15.7
944.58 6.2
945.50 1.8
946.30 8.5
951.13 9.7
951.83 3.1
952.59 9.7
954.96 4.1
956.65 1.0
959.79 3.1
962.16 6.6
963.03 2.6
964.73 6.1
966.43 7.0
969.52 3.8
971.83 7.3
972.55 13.7
973.54 6.2
978.09 42.1
979.54 6.7
980.57 21.4
981.37 6.0
982.66 10.6
983.40 7.0
985.07 3.4
986.42 3.7
987.41 4.1
988.56 50.6
989.84 5.4
995.60 6.6
996.64 2.6
997.78 6.6
1000.32 3.2
1002.32 2.5
1003.51 16.5
1004.37 9.6
1005.68 2.2
1008.14 6.1
1010.41 2.5
1011.65 5.0
1015.21 5.7
1017.32 27.1
1018.08 18.4
1022.48 32.5
1023.58 7.2
1027.54 11.0
1028.74 13.8
1030.28 6.2
1031.24 9.1
1032.26 7.6
1035.06 7.7
1036.94 17.0
1037.68 6.5
1038.66 5.9
1040.38 2.1
1043.01 6.7
1045.49 67.2
1046.14 45.7
1046.85 4.1
1047.94 2.8
1050.16 2.7
1051.62 5.1
1053.17 3.5
1055.59 6.9
1057.64 30.6
1058.77 3.1
1060.85 2.7
1061.71 22.2
1063.77 1.9
1068.17 6.2
1069.17 5.7
1070.50 3.2
1072.38 2.8
1073.36 3.6
1079.45 5.8
1080.62 3.3
1082.84 13.8
1085.47 9.6
1086.37 34.8
1087.19 12.9
1089.41 3.2
1091.98 440.3
1092.78 10.0
1094.73 6.0
1097.81 16652.4
1098.76 58.5
1099.56 56.7
1100.58 12.5
1101.79 11.0
1103.61 5.8
1105.70 19.0
1106.77 16.4
1107.61 19.3
1109.07 14.9
1109.70 2.3
1111.53 13.5
1114.76 35.2
1115.65 56.7
1116.84 3.6
1119.63 1.3
1132.53 8.8
1133.34 5.7
1134.65 1.6
1140.30 1.9
1141.99 11.3
1144.61 3.9
1153.83 2.8
1157.87 2.7
1158.52 3.0
1159.66 1.6
1168.67 6.2
1169.41 7.6
1170.81 1.8
1172.80 6.7
1176.57 3.3
1177.25 153.1
1177.87 52.7
1180.82 1.2
1182.71 2.9
1184.40 11.2
1185.68 4.2
1189.25 5.8
1194.58 6.6
1198.12 1.8
1201.61 58.0
1202.57 31.4
1203.54 3.8
1204.63 10.0
1208.32 5.9
1210.78 8.9
1212.01 4.5
1213.86 4.2
1215.09 4.7
1215.72 2.7
1216.55 5.9
1217.58 2.4
1221.05 23.3
1221.84 1.4
1222.81 3.1
1223.46 9.4
1224.22 6.1
1226.92 9.0
1229.83 50.8
1230.58 22.0
1231.61 5.5
1232.88 8.1
1233.79 8.1
1234.54 11.6
1235.14 11.0
1238.65 3.1
1246.74 5.5
1249.71 4.4
1252.67 11.5
1253.69 2.5
1255.53 6.2
1256.73 5.9
1258.74 1.5
1264.49 1.4
1267.30 3.4
1272.30 5.9
1278.81 4.6
1280.63 3.5
1281.67 4.3
1287.41 8.7
1288.02 5.2
1290.42 3.6
1292.98 6.3
1294.25 6.4
1294.92 3.9
1295.89 3.7
1297.18 6.1
1298.02 1.2
1300.32 3.4
1300.97 3.1
1307.71 5.5
1314.67 5.1
1315.31 9.9
1316.03 22.4
1316.77 2.0
1317.97 27.1
1320.44 6.0
1328.48 8.5
1329.83 11.2
1330.99 1.5
1332.93 4.4
1333.73 5.6
1334.68 1.5
1347.76 2.5
1351.62 10.7
1355.27 15.0
1358.03 3.9
1359.69 8.5
1363.76 1.4
1364.62 2.3
1366.51 1.7
1371.34 12.0
1380.99 6.2
1384.54 1.5
1385.30 1.5
1386.81 7.3
1393.90 4.7
1399.83 3.4
1400.71 5.2
1401.70 1.3
1402.40 7.8
1404.19 8.8
1404.98 5.7
1406.79 5.7
1413.63 79.0
1414.34 61.5
1416.96 7.3
1418.44 16.2
1420.73 6.7
1422.83 3.9
1423.53 3.1
1424.88 1.9
1426.86 1.4
1427.95 3.8
1428.78 7.2
1430.00 9.4
1437.70 25.3
1438.94 31.2
1439.89 11.4
1441.94 1.8
1442.98 3.0
1447.64 7.5
1448.89 8.2
1450.14 1.3
1450.80 6.0
1453.10 3.9
1453.98 3.3
1455.73 1.9
1457.61 17.2
1458.48 16.1
1460.58 2.2
1462.90 1.9
1466.24 52.6
1466.88 38.6
1467.80 4.7
1470.71 2.2
1474.75 2.7
1478.90 1.6
1485.62 6.6
1486.81 4.1
1487.82 6.8
1490.19 4.0
1493.38 4.8
1494.04 1.7
1504.76 4.7
1508.23 6.0
1511.05 3.4
1514.44 2.0
1526.74 2.0
1528.81 1.4
1531.05 4.7
1532.15 2.7
1535.98 2.8
1538.64 4.8
1558.64 4.8
1560.06 5.1
1560.90 1.9
1562.50 15.1
1563.97 3.1
1565.60 1.2
1568.03 15.7
1569.93 10.4
1572.00 7.9
1573.23 6.0
1585.82 9.7
1591.40 8.5
1596.06 5.5
1600.02 1.6
1607.77 1.4
1615.65 6.4
1620.35 8.9
1623.74 1.3
1629.84 1.6
1666.69 3.2
1667.75 16.7
1669.15 10.7
1679.13 1.4
1681.41 1.2
1693.75 2.7
1707.98 3.4
1721.64 3.0
1729.04 2.3
1780.98 4.9
1787.72 3.1
1788.35 5.1
1795.16 3.9
1800.85 1.7
1801.51 5.0
1809.46 1.0
1832.54 2.1
1835.87 3.2
1838.07 5.7
1841.66 1.7
1855.86 9.3
1870.18 1.1
1881.32 4.4
1897.85 4.3
1901.54 3.6
1908.19 6.1
1921.36 2.4
1948.19 1.7
1973.83 9.9
