880.45885 2
131.21 1.8
159.11 11.9
175.08 6.4
185.15 1.3
187.15 3.5
189.13 1.2
191.31 4.2
213.26 1.0
219.30 2.0
224.64 1.2
247.26 6.9
251.24 5.8
254.14 5.1
256.00 1.9
261.49 1.3
272.16 5.0
275.18 2.4
291.12 4.1
296.34 5.8
303.58 2.2
307.08 6.1
309.18 1.3
309.93 2.5
315.36 21.2
319.55 3.8
326.92 58.7
328.06 1.4
328.67 1.9
337.28 2.4
341.18 5.8
343.00 8.6
344.77 13.3
346.86 25.6
347.52 1.1
351.48 2.6
354.33 5.7
360.73 10.4
363.30 3.0
365.21 2.3
367.65 5.8
369.40 2.9
376.20 8.4
377.88 1.5
380.06 9.9
380.83 6.0
383.48 13.2
386.51 5.7
388.85 59.3
392.60 9.8
393.51 4.0
395.19 3.9
395.98 7.6
398.91 3.2
399.93 71.4
402.01 88.3
402.86 8.9
403.72 12.1
404.47 15.1
405.44 8.7
408.08 2.8
409.94 108.3
410.95 460.5
411.92 17.6
413.44 25.2
416.81 25.0
418.73 140.9
419.36 53.3
422.87 124.5
423.75 6.7
425.02 3.5
426.02 73.2
429.78 5.0
431.75 278.9
432.38 212.5
433.20 6.9
466.25 2.5
472.28 1.7
501.91 4.9
507.23 1.7
530.43 4.9
544.83 5.0
577.64 2.8
579.50 5.7
608.33 4.6
609.50 2.8
627.46 2.7
697.51 2.4
722.68 1.7
724.33 1.4
765.99 1.6
842.43 24.5
843.57 5.7
857.74 2.0
858.65 8.8
