1495.72392 2
224.37 1.4
249.09 2.5
250.29 1.4
321.06 4.5
331.38 3.7
420.32 4.5
421.35 2.7
423.40 1.8
444.36 5.2
447.40 2.4
451.48 2.5
474.77 8.5
475.48 6.2
492.43 2.8
496.54 2.7
510.20 1.0
515.78 3.3
518.50 2.7
529.41 7.2
531.33 2.3
540.32 3.1
545.40 1.3
550.31 2.7
563.50 5.8
567.43 1.4
581.61 5.7
586.81 4.8
589.04 1.0
591.60 2.3
599.85 3.9
610.19 2.7
617.00 2.7
626.95 5.6
633.97 13.5
635.21 1.2
638.86 4.0
645.24 2.5
651.47 1.3
654.42 2.6
661.23 3.6
662.58 2.9
667.18 4.5
671.55 2.1
672.49 9.8
683.49 2.0
687.14 4.5
690.36 3.8
695.94 1378.1
696.99 1.3
698.17 4.8
707.12 8.2
713.09 10.2
717.65 7.5
721.15 5.6
722.90 8.7
725.98 105.1
726.91 2.3
728.12 82.0
729.34 223.1
730.27 22.5
731.51 10.6
732.27 227.8
733.03 285.5
736.69 26.6
738.45 3.1
739.60 11.0
740.45 2.3
764.65 1.9
782.89 4.6
800.66 8.1
836.38 5.9
842.83 9.5
874.56 7.9
877.71 5.5
894.41 2.1
915.63 2.0
924.93 4.5
929.40 3.1
936.43 1.8
948.95 3.1
950.68 4.6
956.45 2.6
957.88 1.7
962.25 6.8
966.71 2.7
969.52 2.7
1008.35 2.8
1025.99 3.5
1036.83 2.4
1066.39 2.6
1085.48 1.0
1087.37 1.9
1144.08 3.0
1146.75 1.4
1164.77 1.4
1171.60 3.6
1204.06 4.9
1321.00 6.8
1485.99 2.7
