1584.71963 4
117.13 8.9
119.24 7.4
120.24 2.1
125.34 3.4
127.15 78.7
128.20 2.7
129.18 2.3
130.17 3.0
131.18 1.3
134.24 19.1
136.17 47.2
137.14 4.9
140.04 8.5
143.07 3.0
144.20 4.3
146.31 10.4
147.32 2.9
149.25 1.8
155.11 39.0
156.63 10.4
157.34 2.6
158.18 8.2
165.25 1.1
169.14 1.4
173.01 3.5
174.11 1.9
175.25 32.9
176.18 8.9
183.07 1.7
185.24 48.7
186.16 5.5
193.21 79.7
193.95 3.8
195.27 4.1
195.99 2.4
199.10 1.9
202.20 30.0
204.35 5.0
205.22 23.2
209.75 2.7
212.22 12.9
215.08 2.9
221.30 1.2
222.13 1.8
223.10 7.2
224.28 6.8
225.13 3.7
227.04 4.5
233.12 9.5
238.14 2.1
241.24 1.6
241.85 21.9
243.08 5.2
246.69 5.6
247.54 8.5
248.28 1.0
249.16 29.4
250.40 3.0
251.05 2.1
252.26 1.3
254.37 3.2
255.25 29.6
256.33 4.9
257.01 1.4
259.34 1.3
261.40 5.8
264.11 7.3
265.23 123.8
266.18 40.4
267.06 2.2
268.25 8.6
269.14 21.8
270.38 6.5
271.18 6.1
272.36 32.7
273.40 3.1
274.06 27.9
275.03 32.9
276.24 87.1
277.17 2.0
278.88 5.7
281.50 26.0
282.17 61.9
283.11 76.1
284.44 31.0
288.32 2.1
290.12 20.6
291.32 6.6
293.23 170.2
294.27 32.8
295.37 4.2
296.18 5.8
297.55 1.6
298.43 1.3
299.03 2.2
299.93 2.6
300.83 8.0
302.19 2.7
303.26 27.5
304.15 1.5
304.98 6.5
309.46 2.5
311.19 73.7
312.24 31.9
313.46 3.3
314.30 6.5
315.15 7.3
316.41 4.9
318.14 51.2
319.50 23.6
320.32 1.5
322.13 16.6
322.84 8.2
324.78 8.9
325.56 6.0
326.29 6.6
327.48 1.2
328.25 2.7
330.02 25.0
331.63 2.0
332.77 18.2
333.61 7.6
334.87 8.3
335.88 13.3
336.80 1.8
337.87 3.7
338.50 3.7
339.26 19.7
339.97 3.4
341.12 5.5
343.55 6.8
344.88 21.2
345.59 5.9
347.13 6.7
348.56 2.0
349.59 2.0
351.44 92.1
352.47 8.6
353.38 6.4
354.44 48.5
355.91 39.7
357.25 64.4
358.51 103.3
359.25 15.1
360.34 6.0
361.05 8.0
362.13 3.0
363.04 10.0
365.71 18.7
366.51 19.9
367.83 24.7
369.23 150.7
370.26 28.8
372.03 10.6
374.24 132.5
374.87 66.6
375.86 4.7
376.70 8.1
377.48 10.2
378.65 88.1
379.72 53.5
380.37 329.3
381.17 16.8
382.90 399.1
384.20 36.0
385.09 26.3
386.48 17.7
387.73 81.2
388.46 245.2
390.07 17.4
401.84 2.1
405.18 14.6
405.86 1.5
408.51 1.3
409.14 4.9
411.51 141.8
412.62 5.2
414.54 13.1
417.45 542.8
419.43 13.4
420.14 3.0
422.81 8.0
423.71 6.4
425.86 23.4
426.77 10.1
427.84 3.1
428.94 15.0
430.10 4.5
431.50 1.5
432.43 6.5
433.70 7.8
434.35 1.7
436.65 13.3
437.30 1.8
438.37 2.9
439.40 2.9
440.31 14.6
445.83 35.0
447.24 26.5
448.26 4.3
450.63 1.7
452.14 2.2
453.40 4.2
454.49 39.5
457.19 4.5
459.90 31.9
461.99 4.0
462.64 7.6
464.89 12.6
465.82 42.9
466.43 7.1
468.55 3.2
470.10 12.4
471.03 33.9
471.85 278.7
472.81 5.1
474.47 27.1
475.52 21.1
476.41 5.8
477.90 400.8
480.91 15.7
482.36 289.8
483.33 81.2
484.30 5.7
488.96 16.3
489.63 1.2
492.37 2.5
493.37 6.0
495.03 5.4
495.98 11.5
497.88 32.8
499.83 2.9
501.90 7.5
502.68 4.6
503.38 1.7
505.46 6.9
509.17 7.4
510.12 12.8
512.32 4.8
513.28 3.2
514.11 2.3
515.33 9.6
516.47 3.2
517.50 20.6
518.62 14.6
520.62 17.2
521.48 45.9
522.33 12.7
523.33 32.9
525.24 6.3
526.45 67.9
527.39 3.6
528.74 6.9
529.88 18.6
534.53 24.5
535.63 7.2
538.47 14.6
539.40 23.4
540.42 3.9
543.54 72.9
544.28 6.4
546.12 1.8
549.54 2.8
552.19 36.7
552.94 18.6
555.51 3.0
560.81 54.4
561.58 91.3
570.00 761.3
570.93 46.9
572.83 5.4
574.79 7.3
575.63 5.6
577.64 2.7
578.42 1.7
582.54 1.4
584.54 2.7
586.93 7.2
590.45 1.8
591.77 2.1
595.04 13.9
596.75 2.6
600.34 6.7
604.49 1.2
606.01 3.0
609.03 4.5
617.55 8.5
618.54 17.7
619.42 5.7
620.91 3.3
621.67 12.0
622.63 1.9
625.77 16.1
626.58 12.8
627.63 4.5
628.66 1.6
634.50 46.7
636.34 8.2
637.35 6.3
640.47 9.5
659.39 1.3
660.43 2.7
672.34 1.5
677.98 3.8
683.47 2.1
691.52 2.6
696.30 1.4
700.49 1.1
713.47 3.3
715.28 4.5
728.51 1.5
734.46 3.0
736.31 3.0
750.67 6.7
751.31 4.5
754.36 3.3
768.41 15.0
769.41 6.7
770.62 5.8
772.62 6.9
790.51 1.2
802.48 2.9
823.54 2.0
827.49 1.8
833.78 1.3
918.62 1.8
962.29 1.4
964.43 8.9
965.47 1.6
966.59 2.9
967.74 1.3
1003.47 1.5
