938.49492 2
134.14 1.4
136.13 1.2
141.92 2.0
143.17 1.0
153.39 1.3
156.75 2.9
158.21 1.3
164.10 2.1
166.21 1.2
169.13 1.2
170.39 3.4
171.96 5.2
173.22 42.1
174.34 1.9
176.23 2.1
177.10 1.4
181.25 1.1
186.43 1.1
189.94 2.4
196.23 2.0
199.62 4.3
201.25 14.7
203.13 3.7
212.10 1.1
218.16 16.2
226.22 1.6
228.11 3.1
232.15 6.9
240.11 3.1
243.30 2.8
244.59 3.3
258.22 69.1
262.11 2.7
272.58 1.9
274.10 6.9
275.32 2.6
277.08 2.9
279.35 2.4
283.06 3.1
286.89 3.3
290.33 4.4
293.30 13.8
299.17 8.1
300.16 8.5
301.22 9.4
306.53 4.0
308.46 1.1
310.89 3.7
313.24 1.7
315.22 1.0
319.60 2.5
322.35 4.0
323.20 6.1
330.23 1.5
332.17 1.3
339.28 8.3
343.39 3.7
348.36 9.5
349.26 8.8
355.12 12.5
365.81 4.3
366.46 2.3
369.13 3.2
369.85 25.4
371.04 2.2
372.87 3.5
374.49 6.2
376.12 12.8
378.24 4.9
379.23 1.9
382.44 11.1
383.27 1.2
384.23 5.0
385.33 7.5
391.27 5.7
393.93 3.0
395.26 4.3
402.28 10.4
403.17 8.1
404.40 1.8
407.13 1.4
408.50 18.0
410.15 3.5
414.06 2.9
417.25 71.8
418.15 17.2
421.19 4.1
423.75 6.4
424.37 11.5
425.27 14.6
426.51 11.6
427.88 1.2
428.96 15.0
430.20 18.6
430.85 33.7
431.47 11.9
432.48 26.3
433.32 14.7
433.96 3.1
435.13 2.2
436.74 3.7
438.38 142.9
439.29 218.8
440.49 34.7
441.32 1.9
442.57 5.8
445.63 5.3
446.29 8.0
447.36 276.6
448.37 13.0
449.09 2.6
451.28 261.0
452.25 65.6
453.04 8.3
454.50 39.8
460.40 305.5
461.29 11.7
461.91 4.8
462.59 1.6
469.17 1.6
537.66 1.4
547.45 2.5
551.23 3.1
552.22 1.3
574.14 13.4
575.34 16.0
576.36 3.0
589.80 1.4
591.20 9.5
592.54 4.7
596.77 2.0
602.06 25.5
609.21 3.0
615.18 5.4
616.47 2.4
667.36 6.6
692.56 1.7
720.48 3.2
721.77 6.6
735.29 1.4
738.45 177.6
739.44 70.5
916.52 1.1
