1090.53142 2
157.16 76.6
158.15 45.1
158.91 9.4
165.40 9.2
167.19 3.2
173.08 490.7
174.04 44.5
175.22 664.3
176.27 59.8
178.04 3.4
179.17 57.1
180.20 15.1
182.34 18.8
183.19 158.2
184.30 38.0
186.36 5.5
187.17 4.7
189.23 4.3
193.32 6.7
194.30 19.7
195.32 5.1
196.27 13.1
197.19 49.8
198.15 4.4
201.18 1292.3
202.25 79.6
205.13 134.3
207.28 33.3
208.21 4.0
209.41 11.7
211.17 33.8
212.24 27.2
214.11 8.2
215.30 8.6
216.26 8.4
217.03 5.3
220.36 5.8
221.28 110.7
222.10 18.7
224.18 43.5
225.12 12.8
226.17 114.9
227.18 23.2
228.16 56.0
229.15 9.1
230.19 7.0
230.93 8.4
232.16 30.8
233.17 327.1
234.26 20.0
236.45 5.3
238.04 6.7
239.16 32.6
239.86 19.2
241.12 4.6
242.50 31.2
243.22 202.9
244.23 85.5
246.24 3.0
248.33 12.7
249.26 86.2
250.22 13.4
253.08 31.9
254.24 8.7
255.32 10.6
256.39 5.8
260.17 1514.2
261.26 174.4
262.35 31.2
264.32 21.3
266.11 89.6
267.32 12.9
269.20 559.1
270.22 72.0
271.15 9.4
272.33 61.7
273.28 33.8
277.11 4.4
278.38 7.6
279.15 13.5
280.07 5.8
281.12 5.3
284.14 77.5
285.55 42.6
286.66 58.3
287.46 63.3
288.32 21.9
290.28 1237.7
291.31 134.9
292.25 13.4
294.18 4.9
296.24 65.1
297.24 45.5
298.22 10.2
300.26 19.3
302.13 7.0
304.26 17.6
307.28 4.8
308.33 10.7
310.40 19.4
311.19 16.5
312.08 51.6
314.13 920.8
315.29 142.2
316.37 11.5
318.26 18.2
321.27 10.6
322.49 4.6
324.39 6.5
325.30 21.2
326.33 18.1
327.29 88.5
328.43 29.3
329.17 20.4
330.25 23.0
331.57 30.4
332.26 76.1
333.44 5.2
337.28 16.0
339.22 79.5
340.26 17.1
341.27 18.3
343.23 70.1
344.09 8.6
345.29 30.6
346.23 16.8
346.86 10.5
347.76 18.9
348.72 39.5
349.34 205.1
350.19 54.4
351.37 4.9
352.39 14.8
353.04 14.4
354.24 12.4
355.04 10.7
356.16 26.6
357.24 40.0
358.54 26.2
359.39 42.7
360.24 14.8
361.27 330.3
362.13 31.3
362.78 30.0
363.43 18.7
364.52 9.6
365.15 7.7
366.17 11.1
367.10 21.9
368.34 9.8
369.62 37.0
371.26 352.1
372.05 128.1
374.14 253.1
375.24 26.1
378.13 4.1
380.34 584.2
381.40 62.6
382.41 26.7
383.67 8.7
384.30 19.4
385.26 17.9
386.31 166.4
387.23 270.4
388.33 39.1
389.34 27.5
390.70 30.9
391.40 69.9
392.60 32.5
393.35 14.6
396.45 55.7
397.51 56.1
398.36 59.5
399.29 9.4
400.59 40.2
401.75 60.5
402.78 27.3
404.24 6602.2
405.32 830.7
406.58 31.3
407.58 35.3
408.38 30.9
409.29 28.7
410.17 55.5
411.21 32.5
412.65 18.9
413.63 15.8
414.58 129.3
415.38 47.4
416.44 19.1
417.19 14.9
418.32 50.9
419.25 48.2
419.96 37.3
421.20 41.3
422.04 46.7
423.37 111.9
424.12 102.2
425.07 60.3
426.23 63.0
427.29 13.4
428.43 671.0
429.38 33.4
430.50 24.2
432.26 166.9
433.35 13.0
435.12 44.8
437.39 2208.7
438.38 16.7
439.58 17.0
440.44 33.4
441.29 38.2
442.21 314.6
443.29 102.0
444.41 33.7
445.90 14845.7
447.09 152.1
448.19 52.2
449.24 75.4
450.52 113.3
452.22 73.3
452.94 64.1
454.31 61.6
455.08 20.0
456.37 65.9
457.54 51.3
458.34 104.2
459.70 204.2
460.40 1013.9
461.43 157.3
462.61 77.6
463.57 92.6
464.47 92.3
465.28 5.6
465.99 68.4
467.28 132.4
467.89 61.7
468.80 88.9
469.95 122.8
471.26 121.5
472.57 119.2
473.36 113.7
474.14 48.9
475.33 130.8
476.43 58.5
477.38 18.5
478.64 198.8
479.49 291.2
480.57 50.8
481.64 75.7
482.41 45.3
483.18 28.8
484.40 209.3
485.43 44.1
487.51 1045.4
488.47 234.3
489.39 35.9
490.49 77.8
491.31 72.6
492.62 427.0
493.55 801.3
494.34 152.1
496.42 4002.3
497.65 212.0
498.42 62.8
499.47 504.4
500.32 274.3
501.59 450.4
502.58 36.9
503.61 67.0
504.51 89.8
505.59 316.0
506.50 769.8
507.72 254.8
508.59 1163.0
509.60 95.6
511.15 251.7
512.12 171.5
513.13 177.8
514.53 2078.3
515.50 4316.5
516.60 748.1
517.35 3155.8
518.37 559.9
519.84 719.7
521.52 870.6
522.39 494.6
523.51 8658.3
524.40 875.4
525.10 38.5
528.08 3965.9
529.03 1912.7
530.46 2246.9
531.32 191.7
532.55 3.9
533.51 35.6
536.68 13619.3
537.40 2595.5
538.48 47.3
539.51 16.6
540.31 25.0
541.01 3.5
553.37 18.6
554.31 21.7
554.94 29.4
556.36 159.7
557.24 1034.1
558.28 196.0
559.45 57.2
560.61 17.1
561.26 12.7
562.07 7.9
567.21 24.8
568.27 19.3
569.28 8.6
570.26 94.0
571.33 90.9
572.37 40.4
574.28 619.8
575.28 86.6
576.45 39.0
577.48 9.1
578.27 13.1
579.43 14.0
580.35 16.8
581.42 2.8
584.33 6.6
585.32 5.3
586.39 6.4
587.18 23.2
588.37 116.0
589.44 13.6
592.89 30.1
594.50 54.5
595.50 4.8
596.30 28.2
597.45 37.5
598.41 71.0
599.32 32.3
601.36 51.1
602.63 8.6
603.40 6.4
605.22 33.9
607.08 11.0
608.28 16.3
609.42 15.3
610.20 6.8
610.96 7.5
612.38 6.7
613.34 63.5
614.28 436.6
615.28 97.0
617.45 117.8
618.47 73.8
619.19 8.5
620.39 9.6
624.35 88.6
625.34 46.7
626.24 20.4
627.29 10.8
628.04 16.1
629.83 6.1
631.34 9510.6
632.36 2324.3
632.97 14.8
634.08 5.5
635.16 70.5
636.00 13.5
636.68 6.9
639.47 9.3
640.31 14.7
642.37 325.8
643.46 65.9
644.43 11.2
646.31 25.8
647.34 9.9
648.36 7.9
651.17 43.1
652.36 385.3
653.28 188.4
654.30 23.5
655.38 17.3
658.03 12.2
659.41 46.1
660.48 15.1
664.86 14.0
665.63 3.0
666.91 49.4
668.12 32.2
669.33 389.5
670.29 1350.2
671.34 409.3
672.50 5.9
680.50 14.2
681.38 10.7
682.89 13.3
684.50 3.1
685.44 59.1
687.34 960.4
688.37 99.2
689.37 7.3
690.45 8.4
691.35 5.1
692.62 7.5
696.45 8.4
699.76 51.9
700.46 18.6
702.67 6.9
703.45 7.9
709.51 94.0
710.48 40.3
711.78 20.4
712.56 33.4
713.50 40.0
714.37 21.1
716.18 60.3
717.28 37.2
718.42 8.5
719.33 5.1
721.71 7.7
722.40 8.4
723.37 16.7
724.79 13.8
725.43 31.1
726.46 22.9
727.58 4.2
730.28 23.0
732.14 70.8
734.06 53.0
736.49 19.8
737.59 4.8
739.10 21.0
741.44 459.0
742.40 1159.9
743.46 383.7
746.60 17.3
749.17 13.1
750.52 8.0
754.43 56.0
756.89 3.7
759.42 7073.9
760.40 2073.1
761.53 33.1
763.48 30.2
764.66 35.9
766.51 68.1
767.30 138.3
768.23 31.9
770.31 114.7
771.50 41.7
774.26 4.7
779.49 30.8
780.65 31.2
784.22 418.4
785.31 121.8
786.43 5.3
787.92 5.3
789.42 9.5
791.75 14.1
792.63 21.8
796.71 47.8
798.74 5.3
801.39 315.4
802.34 140.2
803.58 14.3
805.21 25.9
806.54 38.8
807.69 151.2
808.58 30.4
811.32 24.0
813.40 13.3
814.48 65.4
815.69 20.3
816.49 6.7
817.74 38.0
818.53 15.9
819.75 8.3
820.50 41.7
821.46 23.2
823.46 141.0
824.47 80.9
825.34 17.2
826.49 12.4
827.67 16.6
828.47 15.1
829.47 32.2
830.61 35.6
832.39 28.3
835.35 3.7
837.89 9.9
840.56 11.3
841.56 23.1
842.59 6.2
843.43 30.0
845.57 32.8
846.58 152.5
847.51 30.7
848.50 18.3
849.52 80.3
850.45 38.4
851.90 23.0
854.40 19.6
855.48 389.0
856.44 116.8
859.84 30.8
863.33 3.2
864.61 71.1
865.59 40.5
866.52 42.3
867.77 42.2
868.84 9.9
869.71 4.0
871.48 49.0
872.75 162.6
873.51 381.1
874.45 103.3
875.62 40.3
876.47 32.2
877.72 11.8
881.35 50.8
882.28 10.9
883.19 7.9
883.83 18.0
885.49 18.1
886.30 18.9
888.51 9.8
890.43 8196.5
891.44 2537.7
892.17 3.1
893.46 93.1
894.53 44.3
895.64 21.7
898.38 117.5
899.46 111.0
900.42 93.8
901.48 26.0
903.41 36.7
904.56 16.3
905.52 33.9
906.38 13.2
907.53 82.3
908.39 68.2
910.66 4.9
911.55 173.7
912.60 23.5
913.44 6.6
916.47 648.5
917.50 164.2
918.54 14.2
925.44 64.6
927.17 7.2
933.45 125.9
934.61 95.8
935.37 23.3
935.98 4.6
938.69 15.3
940.52 15.4
941.30 15.1
942.64 24.5
943.41 7.5
945.84 5.5
946.67 5.3
956.39 33.7
957.56 3.1
958.85 5.9
960.65 19.5
964.27 3.7
970.54 8.8
973.56 219.4
974.47 195.0
975.41 76.2
978.49 12.4
983.38 18.8
984.59 41.8
985.43 13.5
991.48 785.2
992.57 267.2
1001.49 583.4
1002.51 592.3
1003.52 83.2
1005.68 11.1
1007.67 12.2
1008.70 23.7
1024.76 15.4
1049.35 11.3
1050.60 8.6
1051.73 7.5
1052.37 36.1
1058.67 3.4
1067.55 9.5
