676.3798099999999 2
97.15 2.8
98.04 4.1
109.11 1.7
111.17 3.2
112.18 2.5
113.13 2.9
114.27 1.3
116.08 4.1
117.17 2.3
122.13 3.2
125.09 1.5
127.35 1.5
128.14 2.2
129.26 9.2
130.11 7.3
132.37 1.0
134.16 35.1
135.63 3.9
138.31 4.3
140.27 1.2
142.15 5.7
144.22 7.3
145.25 4.2
147.17 5.0
149.18 2.2
154.21 6.4
155.10 3.7
156.20 10.0
157.33 2.4
158.66 2.7
161.19 79.6
162.21 5.1
164.11 2.6
167.20 2.0
169.18 6.6
170.21 6.0
171.20 3.8
173.26 5.2
175.22 14.0
178.18 4.1
179.30 2.8
180.39 9.9
181.10 5.5
182.02 5.3
183.11 3.1
184.26 1.8
187.26 7.4
189.28 1.9
190.17 2.1
191.36 3.9
194.16 1.5
195.10 5.1
196.12 2.9
197.06 1.6
199.27 431.7
200.28 18.6
201.46 11.1
202.21 1.3
205.26 2.9
206.20 7.0
210.17 2.2
211.49 14.6
212.21 62.0
214.33 17.7
215.25 17.0
216.12 16.4
217.06 12.4
218.71 9.6
221.30 2.2
222.07 2.4
223.29 7.1
224.24 13.3
225.26 12.3
227.18 328.1
228.30 18.1
229.17 4.8
232.05 1.4
233.29 4.0
237.26 9.2
239.22 93.1
240.33 15.6
241.67 5.4
242.55 12.4
243.88 47.5
245.15 30.4
246.22 9.2
247.35 11.9
248.01 1.2
249.15 4.5
250.88 1.6
252.22 3.0
253.97 4.7
257.32 2.9
258.32 4.0
260.35 3.3
261.25 4.3
262.07 2.4
262.74 3.2
264.41 14.9
265.04 13.0
268.06 2.6
269.73 5.9
271.22 2.0
272.14 1.4
273.42 16.4
274.21 28.6
275.34 11.5
276.05 7.4
278.30 16.7
279.16 13.7
280.22 7.6
280.92 7.1
283.32 15.5
286.17 2.4
288.31 14.2
290.32 2.1
291.24 1.4
292.17 17.2
293.26 6.5
294.90 6.2
296.15 2.4
297.02 13.7
297.81 7.6
300.24 4.0
302.23 10.0
303.35 16.2
304.20 8.1
307.61 14.6
308.91 17.1
309.73 2.0
311.16 8.6
312.86 3.6
315.56 4.5
316.23 3.7
317.68 16.3
320.33 87.7
321.13 108.8
322.05 35.7
323.15 6.8
324.92 2.7
328.45 4.8
329.72 334.4
330.36 73.3
331.31 1.6
339.15 1.8
348.55 2.0
352.20 2.7
353.36 1.4
362.28 4.3
374.21 2.3
382.18 1.4
384.36 6.6
385.28 15.8
386.98 4.8
389.26 1.3
398.74 10.7
399.36 1.3
400.01 2.7
402.34 58.3
403.40 11.9
406.32 3.3
409.21 1.8
412.40 3.1
415.20 5.4
416.36 1.9
417.05 5.3
419.36 1.7
421.28 1.5
430.45 5.3
431.53 3.8
432.27 8.5
433.33 1.9
435.34 1.5
436.53 5.9
437.35 8.9
438.31 4.7
447.36 16.5
448.28 5.5
450.23 1242.0
451.30 130.7
456.31 2.6
459.38 7.2
460.37 23.0
461.45 48.6
462.45 4.6
464.65 8.0
465.38 40.3
466.56 12.3
474.32 2.0
475.28 8.6
476.42 4.0
477.61 2.0
481.34 1.5
484.60 2.4
489.06 3.8
490.61 2.0
491.59 2.0
495.08 1.2
497.29 1.3
500.11 2.0
501.64 2.3
502.33 1.3
503.20 3.0
505.72 2.0
507.07 2.5
510.30 2.7
515.47 304.7
516.39 74.1
517.39 18.2
519.67 6.2
525.34 114.8
526.36 28.3
527.56 10.4
530.43 48.2
531.36 15.2
548.36 15.9
549.53 2.7
563.41 167.4
564.41 28.6
575.57 12.8
576.44 12.3
577.49 9.9
641.38 2.0
