972.5015099999999 2
150.45 2.5
152.16 3.6
152.95 1.5
158.22 2.3
158.96 1.3
163.02 2.1
168.95 2.8
171.16 1.2
173.10 6.4
175.21 1.5
176.22 2.5
182.20 1.7
183.61 2.9
185.18 3.5
186.19 2.4
187.19 6.2
191.43 1.8
194.36 6.8
197.22 8.4
198.26 1.6
199.25 10.2
205.17 1.8
208.06 2.1
209.20 1.7
210.12 3.9
211.25 2.2
212.33 1.6
213.19 1.8
214.27 6.8
217.38 4.4
218.42 3.3
220.10 3.0
221.21 1.6
226.35 6.3
227.21 8.1
228.07 4.8
230.40 1.7
236.20 1.0
237.35 3.9
240.27 2.7
242.08 1.1
245.30 8.3
246.19 4.3
248.57 1.6
250.50 1.0
251.34 1.1
252.16 9.9
253.33 46.8
254.33 7.1
261.31 2.3
263.72 4.5
267.06 1.7
268.17 12.2
270.29 52.7
272.27 6.3
272.95 1.0
274.31 1.9
284.98 3.7
286.44 1.0
288.23 3.9
289.41 4.3
290.75 6.9
293.37 3.3
295.00 4.8
297.21 4.0
299.21 4.5
300.03 2.7
300.75 1.5
302.19 24.2
303.31 7.5
304.12 2.2
310.34 1.6
311.22 1.8
312.47 3.8
317.66 5.0
320.85 7.0
321.52 3.1
322.63 14.3
323.30 3.0
325.22 7.3
327.26 6.7
328.37 4.1
329.31 29.0
330.49 3.7
333.01 9.4
337.87 2.0
339.12 8.4
340.19 7.9
341.21 7.2
342.75 5.2
344.20 1.6
348.29 2.5
349.57 3.1
350.97 4.1
353.03 4.1
354.37 12.5
355.48 2.7
356.63 21.1
357.28 48.3
358.20 11.0
359.17 1.7
363.33 1.2
364.18 3.5
366.32 1.1
371.07 1.8
372.33 18.9
373.21 8.0
374.15 3.5
375.58 3.9
377.91 2.2
381.26 25.9
382.27 27.7
384.11 1.6
386.36 6.4
390.16 40.3
391.28 7.1
393.47 9.5
394.30 2.1
395.65 4.4
396.48 6.4
399.21 4.4
400.27 1.0
401.32 7.5
402.23 4.3
405.13 2.8
405.85 17.2
406.98 2.5
410.53 1.9
412.27 6.9
414.17 2.8
418.56 5.5
420.37 8.5
425.23 3.3
428.30 7.6
429.79 2.3
430.69 15.3
431.66 4.1
432.63 2.0
433.76 11.7
434.66 8.2
435.95 4.2
437.71 14.5
439.37 2.1
440.43 6.8
441.84 24.8
443.77 27.5
445.89 27.8
447.12 2.5
448.33 15.0
450.15 9.1
451.24 93.0
451.97 33.8
452.69 13.5
453.31 7.0
454.66 7.4
455.30 2.8
456.37 21.1
458.27 143.1
459.34 28.3
460.69 15.8
461.32 2.8
462.30 1.9
463.55 3.6
464.41 12.9
465.49 13.8
468.33 92.9
469.26 47.6
470.12 22.5
471.39 4.6
472.64 4.5
474.67 17.7
475.89 19.6
477.55 55.7
478.25 71.4
479.02 6.3
505.27 10.5
506.37 1.2
511.74 1.3
512.39 2.2
519.40 4.0
522.89 2.3
529.73 9.7
532.43 7.5
538.44 4.6
539.65 1.3
540.51 2.3
541.41 2.9
548.16 5.4
553.50 1.3
554.39 5.9
561.24 1.9
562.36 2.9
572.48 2.8
573.60 1.6
574.43 2.3
576.74 11.5
580.27 1.4
582.99 14.8
585.53 3.0
587.33 5.4
590.00 4.5
590.63 2.0
592.31 98.6
593.30 13.3
594.48 10.4
595.48 5.5
597.43 3.6
598.57 3.0
602.25 18.0
606.80 4.7
607.72 17.1
615.40 11.1
616.49 3.9
618.24 8.0
620.22 2.7
622.51 4.2
623.58 7.2
629.42 3.2
632.63 1.9
634.43 3.3
635.21 3.7
641.64 15.8
644.61 2.0
646.39 2.6
647.41 2.2
648.28 4.8
670.52 10.7
671.34 3.2
672.23 4.8
673.85 9.4
674.56 5.2
675.59 5.4
678.65 4.3
688.62 3.3
699.60 2.2
700.34 2.3
701.24 1.9
705.37 106.4
706.43 25.6
711.34 6.2
712.92 1.4
719.40 2.0
721.29 8.9
722.12 1.5
726.30 1.5
729.16 1.5
729.77 6.1
731.22 5.2
732.28 2.0
732.98 5.3
734.34 3.0
739.23 8.2
740.41 5.5
743.47 4.3
744.74 2.7
745.56 3.9
746.85 13.7
747.54 28.9
751.49 2.0
755.22 2.0
756.18 5.0
757.79 2.7
760.67 1.8
763.60 4.2
767.77 7.5
770.45 1.6
774.46 5.6
777.79 1.7
781.27 4.4
783.41 2.3
784.61 2.4
786.62 2.1
787.45 2.9
788.44 2.3
797.23 1.0
800.28 3.0
804.51 57.9
805.57 13.9
815.50 2.7
821.27 1.6
825.26 1.4
826.52 8.5
827.28 5.5
834.65 4.2
835.52 15.2
839.73 2.0
864.41 3.7
899.43 1.0
901.43 1.5
