2247.103610000001 3
216.10 22.2
217.34 39.4
221.21 165.4
222.30 101.1
224.37 25.7
226.14 107.0
228.35 13.2
230.24 38.6
231.32 149.0
232.46 163.3
233.24 159.2
235.18 398.7
236.24 67.0
237.35 18.4
238.06 11.6
239.18 31.5
240.31 50.0
243.20 34.4
247.90 26.2
249.20 586.5
250.25 98.3
252.16 664.6
253.06 43.5
254.41 16.5
255.21 16.1
256.25 14.0
258.51 58.3
259.28 11.5
261.21 119.7
262.40 69.2
263.18 157.2
264.16 255.8
265.30 192.0
266.17 74.9
267.19 568.4
268.17 157.5
269.04 20.2
271.21 16.8
272.30 37.6
274.41 17.3
276.28 30.9
278.27 61.2
280.08 45.2
280.94 25.9
282.14 582.3
283.05 73.8
284.22 58.4
285.17 89.4
287.39 29.7
288.25 347.2
289.19 69.6
290.35 70.5
294.42 55.0
295.15 115.2
296.10 78.4
297.03 10.4
299.79 80.0
301.48 10.2
303.31 531.7
304.22 76.5
305.41 35.7
306.27 517.8
307.14 13.1
308.90 32.3
311.11 147.3
312.55 19.4
314.34 14.2
315.53 25.7
316.14 15.5
317.42 22.0
318.11 25.1
319.10 52.5
320.29 26.1
322.22 169.6
323.32 195.9
324.22 460.3
325.31 118.7
327.43 30.5
328.22 34.1
329.43 76.0
330.36 125.8
330.97 65.1
333.07 77.3
334.23 86.5
335.29 41.2
336.30 15.2
339.15 53.0
339.94 22.4
341.01 64.0
342.27 66.5
343.35 266.3
345.12 222.7
346.15 12.5
347.41 204.0
348.28 74.3
349.19 10.3
349.99 82.2
351.35 52.9
352.15 91.4
354.54 47.0
355.31 115.9
356.87 140.2
357.82 48.9
359.35 32.3
361.71 25.9
363.21 713.0
364.36 214.1
365.36 395.3
366.33 41.9
368.22 111.7
370.32 17.5
371.28 56.3
372.02 96.0
373.33 74.6
374.54 25.0
375.39 58.9
376.17 12.9
377.19 127.4
378.11 12.5
379.23 37.3
380.31 25.8
381.24 401.4
382.06 34.1
383.21 25.6
384.08 41.1
385.46 31.0
386.78 118.2
387.46 141.5
388.38 30.3
389.21 94.9
390.30 30.6
391.12 138.8
392.38 171.6
393.39 79.7
394.31 267.9
395.32 38.1
397.62 194.7
399.08 65.3
400.39 332.5
401.33 690.1
402.56 142.4
403.29 200.1
404.08 47.3
405.06 41.9
406.01 102.0
406.83 149.0
408.32 39.9
409.26 1159.5
410.37 265.2
411.37 143.0
412.14 47.5
413.21 47.2
414.53 151.6
415.30 29.8
416.25 65.0
417.31 1954.0
418.41 178.3
419.35 588.5
420.28 120.7
421.28 225.6
422.22 125.9
422.99 18.9
424.48 60.7
425.41 105.5
426.78 170.7
427.79 52.6
430.35 93.7
431.15 94.6
432.84 87.3
433.47 47.4
435.32 34.5
437.20 1713.9
438.25 903.9
439.36 432.2
440.32 54.1
441.64 175.4
442.57 126.1
443.29 25.6
446.13 87.0
447.02 94.4
448.36 500.7
449.49 245.5
450.27 253.8
451.07 433.7
452.26 208.6
453.20 67.3
454.33 114.8
455.75 227.3
456.66 74.0
457.43 47.1
458.40 27.0
459.37 194.7
460.29 75.7
461.66 43.8
462.44 161.7
463.23 189.4
464.60 104.9
465.28 24.1
466.28 150.6
468.42 68.7
469.91 703.2
470.95 382.8
472.02 112.9
472.70 55.9
473.37 17.1
474.13 113.2
476.27 508.5
477.15 241.9
478.98 562.3
480.26 505.3
481.37 200.1
482.73 103.8
483.74 40.6
484.52 32.4
485.45 86.2
487.50 93.3
488.50 149.4
489.28 241.8
490.31 56.8
491.15 16.0
492.58 15.5
493.40 196.0
494.43 95.7
496.09 142.0
497.26 168.9
498.47 339.9
499.56 204.1
500.43 58.2
501.38 761.1
502.23 40.3
503.34 64.5
504.70 166.8
506.15 537.1
507.38 671.9
508.41 415.3
510.27 143.1
511.18 20.7
512.42 35.3
513.45 182.8
514.41 64.7
515.57 472.6
516.35 528.9
517.37 390.8
518.72 244.7
519.66 210.7
520.81 125.7
522.70 237.4
523.40 285.2
524.94 244.5
525.68 31.0
527.38 291.0
528.42 28.0
530.38 2570.8
531.29 505.5
532.45 150.2
533.35 389.5
534.27 1613.4
535.48 816.0
536.40 334.1
537.35 133.1
538.47 119.4
539.13 18.1
540.26 143.9
541.35 99.2
542.32 123.0
543.36 30.8
544.25 223.2
545.25 91.2
545.97 108.8
547.00 168.2
548.35 284.2
549.47 151.4
551.28 3147.5
552.30 683.9
553.35 161.3
554.11 50.5
555.88 1964.0
556.94 266.8
557.74 143.8
558.37 266.8
559.42 109.0
560.86 76.6
563.28 780.4
564.54 10807.9
565.60 948.2
567.30 21.2
568.66 78.7
569.46 62.2
571.01 380.7
572.03 2235.1
572.95 290.4
574.43 71.5
575.78 178.2
577.44 107.3
578.31 120.0
579.65 426.8
580.50 194.1
581.39 97.0
582.48 65.7
583.41 180.1
584.04 18.1
584.80 180.7
585.42 63.2
586.29 17.4
587.12 38.3
589.26 73.2
590.13 23.3
591.31 494.0
592.26 588.2
593.41 225.2
594.47 24.8
595.10 30.7
596.81 219.7
597.51 106.9
598.32 19.1
599.38 58.8
600.67 782.5
601.40 584.4
602.25 243.4
603.96 65.1
604.79 131.6
605.74 87.2
608.15 510.4
609.24 255.7
610.52 316.3
611.43 103.2
612.13 29.5
613.10 257.5
614.60 191.7
615.37 227.9
616.80 256.8
617.65 155.4
618.83 228.7
619.57 717.2
620.59 856.2
621.57 129.6
622.41 77.6
623.85 210.4
624.58 117.4
625.36 72.0
626.39 58.2
627.71 480.9
629.08 3149.0
630.18 312.5
631.32 188.5
632.36 132.5
633.50 29.0
634.99 412.8
636.37 1004.4
637.50 488.0
638.66 904.6
639.69 358.8
640.68 543.8
642.52 147.8
644.22 2884.0
645.01 5431.1
646.30 884.9
647.46 1585.7
648.51 765.6
649.39 740.0
650.28 22582.8
650.90 7231.7
651.68 203.6
652.37 135.2
653.63 674.8
654.37 704.0
655.18 82.9
656.12 220.1
657.59 3713.1
658.65 1264.6
659.50 73.8
660.61 110.3
661.69 113.7
662.59 139.5
664.22 3023.3
665.53 1828.8
666.42 530.7
667.79 248.3
668.62 539.9
670.27 602.7
671.74 804.8
672.86 788.7
673.81 415.6
675.28 384.7
676.48 657.0
677.43 4829.9
678.41 2373.4
679.43 329.5
680.36 69.8
681.57 3975.9
682.29 1091.0
683.36 227.8
684.23 134.7
685.61 3716.8
686.91 3758.2
687.67 5812.5
688.72 218.8
689.33 329.6
690.36 619.3
691.12 298.5
692.38 956.5
693.62 1640.7
694.77 734.3
695.75 922.4
696.76 633.1
697.44 241.1
699.19 496.3
699.95 688.6
700.57 3402.2
701.18 974.2
702.13 1804.1
703.60 286.6
704.62 369.4
706.47 3610.6
707.76 6026.4
709.06 203.9
710.59 440.8
712.41 14508.9
713.71 1766.8
714.55 324.6
715.80 710.6
716.42 137.9
717.56 181.3
718.18 147.2
718.80 32.1
719.75 84.1
720.46 261.9
721.81 2788.5
722.51 2335.4
723.46 366.7
724.28 146.7
725.14 85.7
726.35 2857.2
727.14 1921.2
727.84 287.6
728.66 185.1
729.62 1193.5
730.51 438.5
732.11 1672.5
733.05 1936.5
733.88 384.4
735.20 20167.3
735.96 3804.6
736.61 757.4
738.14 7810.3
738.95 7257.1
740.15 52.4
740.86 24.4
741.66 71.4
742.28 17.4
743.33 41.1
755.59 40.2
757.50 35.3
759.69 95.9
761.19 377.5
762.49 931.1
763.53 519.8
764.53 70.4
765.40 109.2
766.36 246.7
767.27 251.7
768.47 617.9
769.64 156.6
770.47 16.0
771.83 385.3
773.03 59.2
773.66 59.9
774.65 400.0
775.46 515.0
776.52 53.8
777.23 836.4
778.08 524.2
779.45 4681.4
780.47 1324.4
781.44 290.0
782.41 153.2
783.36 254.2
784.18 3038.3
785.02 506.3
786.22 3352.5
787.31 896.9
788.48 1366.4
789.63 693.0
790.69 411.8
792.64 13908.9
793.65 4046.1
794.65 317.6
795.55 119.0
796.56 139.9
797.26 175.0
798.22 200.4
799.02 43.8
800.80 145.9
801.55 657.2
802.65 277.7
803.60 378.6
805.51 3596.7
806.45 1427.6
807.57 273.5
808.58 314.0
809.62 47.8
810.49 54.4
811.36 155.5
812.70 185.3
813.54 68.3
814.50 26.6
815.61 133.2
816.48 174.9
817.34 62.4
818.48 30.9
820.17 149.9
821.49 424.8
822.51 100.4
823.54 173.5
824.55 264.7
825.47 118.6
826.46 109.5
827.53 73.5
828.69 50.0
829.64 17.6
831.12 117.0
832.35 270.4
833.84 265.6
834.72 408.0
835.53 18.6
836.97 369.8
837.72 179.1
839.12 74.7
840.56 1958.7
841.61 649.1
842.86 864.2
843.47 410.0
844.37 174.5
845.51 504.3
846.17 448.2
847.49 76.1
849.22 14502.2
850.15 5289.5
851.37 485.4
852.18 291.9
853.77 174.4
854.54 167.7
855.53 130.6
856.49 36.0
859.34 1691.5
860.22 1697.7
861.39 531.4
862.53 203.2
863.58 147.9
867.21 440.1
868.16 111.9
869.78 89.6
871.09 76.0
872.34 134.5
873.54 70.9
874.68 69.1
876.42 192.3
877.72 130.6
878.51 1687.8
879.57 785.0
880.59 554.1
881.97 114.9
882.78 41.9
884.23 353.1
885.47 39.3
887.70 202.4
888.90 312.0
889.75 682.5
890.64 205.6
891.72 98.9
892.46 97.4
893.21 435.2
894.36 801.6
895.09 548.6
895.87 66.7
897.69 6936.6
898.52 2386.7
899.33 893.9
900.49 946.9
901.78 805.9
902.70 481.9
903.68 136.5
904.66 147.4
906.29 28499.3
907.18 9707.7
908.11 326.0
908.76 209.1
909.42 142.7
910.18 134.9
911.55 519.1
912.45 170.1
913.68 58.0
914.46 118.0
915.29 377.0
916.41 2014.2
917.47 1133.3
918.43 120.3
920.05 141.7
920.72 120.9
921.53 175.5
924.27 253.8
925.17 85.8
926.33 39.5
927.61 413.2
928.74 228.2
929.57 43.3
930.83 65.3
932.00 139.6
932.61 116.2
933.41 74.2
934.49 1329.2
935.58 766.7
936.54 178.1
937.47 120.8
938.73 149.3
939.53 132.0
940.53 151.4
941.55 138.0
943.01 10.3
944.69 130.4
945.60 97.3
946.67 119.9
947.64 44.7
948.61 59.2
950.59 215.3
951.48 275.4
952.33 162.3
954.33 132.8
955.73 359.3
956.76 392.0
958.01 597.3
959.16 126.4
960.33 94.4
961.66 32.1
963.18 342.4
964.41 806.5
965.77 1715.8
966.72 2408.0
967.50 911.3
968.81 165.4
970.32 142.9
971.48 265.7
972.87 1199.1
973.92 2247.5
974.89 11046.6
975.82 3714.6
976.91 59.5
977.70 25.2
978.63 196.2
979.75 209.0
980.73 222.7
981.69 412.5
982.81 238.3
983.57 37.9
984.58 166.6
985.59 341.6
986.72 519.3
987.64 735.3
988.61 249.2
989.56 232.6
990.62 230.7
991.58 761.9
992.57 302.5
993.55 313.9
994.64 299.2
995.59 288.4
996.46 146.2
997.54 77.2
998.60 242.2
1000.23 636.4
1001.04 250.7
1002.32 366.4
1003.32 149.6
1004.62 129.8
1005.46 36.0
1006.57 490.6
1007.49 632.6
1008.68 1063.5
1009.47 594.2
1010.13 119.6
1010.78 68.9
1011.89 221.9
1013.47 1181.4
1014.58 690.8
1015.63 310.0
1016.74 703.5
1017.68 129.6
1018.57 91.9
1020.50 470.3
1021.76 847.2
1022.80 486.7
1023.51 13.6
1025.33 143.4
1026.79 498.4
1027.69 392.8
1029.40 34.0
1030.55 1483.2
1031.56 1304.9
1032.57 136.1
1035.15 1060.4
1036.25 1295.7
1037.61 138.7
1039.17 1222.0
1040.29 614.7
1041.41 27.7
1042.82 186.9
1044.21 3741.1
1045.01 1469.4
1045.66 220.8
1047.04 21.6
1048.53 515.6
1049.68 285.3
1050.53 350.5
1052.29 2222.5
1053.25 536.2
1054.17 451.5
1055.63 29.4
1056.86 45.4
1057.47 11.9
1058.83 254.8
1059.81 714.0
1061.14 1206.3
1063.65 10.9
1064.76 153.3
1065.52 181.5
1067.73 2141.6
1068.55 1016.1
1069.29 202.9
1070.46 176.6
1071.60 111.4
1072.61 81.5
1073.65 175.0
1074.27 18.1
1076.62 70.8
1078.58 83.8
1079.53 56.7
1082.66 123.7
1083.65 45.9
1085.83 64.8
1087.68 155.2
1088.61 226.2
1089.57 169.9
1090.35 47.9
1091.39 288.9
1092.67 28.2
1093.73 72.8
1095.35 20.0
1096.65 122.9
1097.42 174.9
1099.67 26.7
1100.63 34.1
1102.41 230.8
1103.63 368.5
1104.61 105.6
1105.73 2903.9
1106.55 1851.9
1107.74 178.8
1108.77 68.6
1109.61 86.1
1110.57 378.9
1111.47 87.2
1112.35 158.9
1113.53 38.3
1114.73 75.0
1115.61 88.4
1116.61 28.0
1117.45 131.7
1120.60 2193.2
1121.68 932.5
1122.68 478.9
1123.72 39.6
1125.12 232.6
1126.23 170.1
1127.65 442.3
1128.50 382.5
1129.81 169.3
1134.86 151.4
1135.65 97.2
1136.73 28.9
1138.78 116.3
1139.77 28.2
1142.63 567.8
1143.70 457.3
1144.73 210.7
1145.56 17.6
1147.14 120.6
1149.50 28.0
1152.00 48.8
1155.63 17.6
1156.59 58.0
1158.16 25.8
1158.82 78.2
1160.72 78.1
1165.74 34.8
1167.34 448.5
1168.37 96.2
1170.18 112.4
1171.18 70.2
1171.91 31.9
1172.72 18.5
1173.66 25.1
1177.52 83.1
1178.62 37.8
1180.00 55.8
1181.65 78.9
1182.70 10.3
1184.41 88.6
1186.81 37.5
1188.39 47.9
1190.71 43.8
1191.92 19.2
1192.55 73.8
1195.66 130.4
1197.56 32.1
1199.73 351.6
1200.67 246.2
1201.61 117.6
1202.71 120.6
1203.32 11.6
1204.26 32.7
1206.10 15.8
1207.66 18.6
1209.51 142.5
1210.98 109.1
1211.86 42.4
1213.57 58.6
1215.52 60.7
1216.83 120.7
1217.57 137.0
1218.88 46.5
1220.43 102.4
1221.39 22.2
1223.45 14.4
1224.41 30.6
1227.70 28.4
1231.86 47.4
1234.61 295.8
1235.55 298.3
1236.84 144.6
1237.59 128.9
1238.67 142.7
1239.61 179.8
1240.48 250.8
1241.58 24.2
1242.58 36.5
1247.99 17.9
1253.69 76.7
1254.63 157.7
1256.80 128.5
1257.72 90.9
1258.64 98.1
1259.41 63.7
1260.71 47.2
1261.39 31.1
1263.67 36.7
1264.74 21.6
1265.62 15.9
1267.68 9.9
1271.37 15.6
1272.70 13.4
1274.71 10.4
1276.77 36.9
1278.89 28.3
1281.66 294.6
1282.52 22.2
1283.68 52.9
1286.01 22.2
1286.77 9.9
1290.77 79.2
1291.67 284.0
1292.74 165.5
1293.87 119.5
1296.55 34.5
1297.81 78.8
1298.75 77.4
1306.64 25.7
1307.72 33.2
1308.82 300.8
1309.73 144.7
1310.75 61.0
1313.59 393.5
1314.65 139.8
1315.72 58.5
1318.74 34.6
1321.52 49.3
1325.81 132.6
1326.61 63.6
1327.65 143.8
1329.87 67.2
1330.90 11.1
1331.61 26.2
1332.58 42.5
1333.76 16.4
1336.83 50.7
1338.75 17.0
1339.80 18.5
1340.46 14.7
1342.37 52.8
1347.76 107.4
1349.55 47.2
1351.58 30.2
1352.76 106.9
1353.96 116.0
1355.68 55.8
1369.87 67.3
1371.13 39.1
1374.06 21.4
1376.96 25.1
1377.70 14.0
1379.94 28.1
1385.86 45.3
1394.68 78.4
1395.45 17.6
1396.05 21.4
1398.43 118.8
1406.67 76.8
1408.97 12.0
1409.86 29.6
1420.51 175.8
1421.46 40.4
1423.57 203.1
1424.57 81.3
1425.63 153.3
1426.82 62.6
1427.91 19.9
1429.79 16.8
1435.11 46.3
1438.67 61.5
1441.69 157.7
1442.81 159.4
1443.98 174.9
1444.74 83.5
1446.61 213.6
1447.85 204.6
1448.82 23.3
1449.82 47.1
1452.70 41.0
1453.84 46.1
1458.50 28.1
1465.97 31.5
1466.74 63.1
1470.93 47.3
1481.31 24.0
1482.67 14.9
1492.85 61.6
1508.62 143.9
1509.91 16.7
1511.81 12.8
1527.19 24.0
1529.87 37.1
1530.90 10.9
1532.64 25.4
1535.48 28.4
1536.37 41.2
1537.24 45.6
1538.03 169.6
1542.68 41.3
1547.20 14.1
1548.97 36.1
1550.92 46.1
1554.52 116.6
1555.78 65.8
1557.79 14.8
1563.39 11.2
1566.75 31.3
1567.69 31.3
1569.03 39.9
1569.76 24.7
1570.86 71.4
1572.03 71.6
1579.93 34.3
1580.94 56.0
1581.84 22.9
1583.17 21.9
1584.91 22.6
1586.04 36.3
1589.01 30.3
1604.45 42.4
1606.78 26.7
1608.92 9.9
1625.19 20.5
1633.01 30.1
1634.87 80.2
1636.09 21.8
1637.18 32.3
1650.64 15.6
1651.75 121.5
1652.74 43.9
1654.02 23.5
1667.13 27.9
1667.78 57.6
1669.00 37.9
1669.96 125.9
1676.93 25.9
1679.12 17.0
1688.12 15.8
1691.40 36.4
1697.89 42.8
1699.89 46.4
1700.97 38.5
1717.49 22.7
1724.71 20.8
1733.73 34.7
1737.01 33.7
1750.95 65.1
1768.91 18.1
1770.64 14.4
1787.81 25.2
1788.45 32.6
1792.00 14.5
1809.99 16.4
1813.03 26.6
1814.98 98.8
1831.14 12.5
1882.09 25.3
1916.60 60.1
1960.89 27.4
