1386.68767 2
208.12 1.1
217.17 2.6
230.15 1.0
231.05 3.2
235.25 9.9
243.23 1.2
247.10 1.8
255.31 2.2
258.11 1.7
268.26 2.0
274.11 1.7
276.15 6.4
296.41 1.3
312.97 1.1
315.44 2.1
326.42 1.7
337.09 2.0
357.37 2.1
362.39 2.1
363.46 4.3
368.75 2.8
370.30 1.1
380.32 2.6
383.12 4.2
383.99 1.4
390.25 1.0
394.30 3.7
397.37 2.0
399.60 5.7
400.33 3.8
412.43 3.0
417.37 9.1
427.58 1.5
429.37 5.0
433.26 1.6
437.43 1.1
438.23 2.4
442.02 9.6
458.17 5.5
466.13 2.6
467.06 4.1
481.36 3.4
482.42 4.6
483.17 8.4
490.52 3.5
498.00 4.2
500.71 3.1
516.46 6.8
528.07 4.6
530.43 5.8
534.92 2.3
536.50 1.2
537.37 1.1
539.60 5.2
557.83 15.0
563.01 6.7
563.95 2.5
565.27 5.6
567.33 4.4
569.34 2.4
570.00 4.9
572.43 12.3
574.23 1.3
575.52 1.8
576.29 2.8
577.02 5.5
579.39 17.9
582.49 2.2
583.36 7.8
585.27 3.2
586.33 6.2
586.94 3.6
589.99 6.9
595.66 1.3
597.17 9.6
598.01 8.2
601.25 1.4
602.23 3.1
604.56 3.4
606.35 8.2
611.96 4.4
614.34 9.9
617.63 7.0
618.41 3.9
619.15 5.1
620.50 6.1
621.22 3.8
628.34 12.8
629.56 50.1
630.59 17.2
633.40 1.1
635.40 18.1
636.16 9.3
639.37 8.7
641.39 725.5
642.04 49.7
643.09 3.9
645.58 4.1
646.72 10.9
649.77 18.3
653.24 61.6
655.20 7.4
657.15 2.8
658.50 15.7
660.59 8.3
661.48 31.6
662.57 12.9
663.44 17.7
664.52 1.4
666.37 3.4
667.56 7.3
668.36 5.8
669.39 1.8
671.75 13.1
675.46 15.4
676.55 44.2
677.47 4.1
678.70 12.1
679.50 33.1
680.13 20.4
684.81 53.5
685.52 3.0
714.74 3.7
726.18 3.4
730.36 3.0
735.16 3.7
739.65 3.4
741.14 2.4
747.37 2.5
748.54 7.6
753.79 4.4
756.63 2.6
762.33 5.0
776.93 1.7
783.50 2.1
798.62 1.7
800.43 4.5
803.55 1.9
810.59 5.8
813.40 1.4
814.41 13.2
820.62 3.4
822.50 4.2
831.70 3.5
834.43 4.8
837.75 2.7
838.97 12.4
847.38 1.5
858.51 7.8
877.69 7.7
880.80 4.8
884.34 1.9
886.39 1.4
888.67 2.5
913.60 3.7
919.08 4.0
923.75 3.2
938.23 2.1
940.34 2.0
942.62 2.2
943.75 14.0
946.77 1.1
949.53 7.3
953.44 8.7
971.44 17.0
981.34 4.9
984.36 4.2
988.39 3.0
1003.63 1.4
1005.36 4.9
1006.70 13.0
1016.81 2.2
1017.67 3.4
1034.90 4.0
1040.71 1.9
1042.63 1.3
1066.71 2.7
1081.55 2.3
1092.30 1.3
1131.32 5.9
1135.56 2.6
1145.87 1.5
1155.56 4.3
1185.62 8.8
1194.70 2.4
1198.90 2.5
1211.43 1.2
1212.40 1.3
1213.67 1.8
1214.60 2.1
1221.81 2.8
1230.36 5.6
1231.69 1.5
1235.99 2.2
1252.20 6.5
