690.41081 2
97.76 1.8
99.98 2.1
100.97 7.4
102.16 1.3
103.12 22.1
104.93 2.2
107.19 11.1
109.32 9.1
111.13 10.7
112.15 1.4
113.17 12.8
114.29 3.3
115.04 1.0
116.08 16.2
117.16 18.3
118.11 12.9
119.07 5.5
120.16 7.8
121.25 12.4
122.18 1.7
123.19 31.4
124.23 4.9
125.13 3.5
126.07 5.0
128.06 565.8
129.16 70.7
130.12 21.6
131.17 18.3
132.22 9.7
133.14 24.8
134.09 12.3
135.32 13.8
136.15 5.0
137.29 19.0
138.20 6.0
139.07 31.3
140.09 24.8
141.18 14.6
142.07 11.2
143.04 14.2
144.06 5.7
145.11 19.8
147.09 159.2
149.13 3.5
151.20 10.1
152.03 7.8
153.33 11.0
154.28 8.2
155.10 9.8
156.18 17.6
157.04 27.4
158.25 11.9
160.00 71.0
161.14 102.9
162.11 171.8
163.04 20.5
164.12 19.5
165.14 17.2
166.15 3.5
167.23 21.3
168.13 6.6
169.13 8.2
170.13 2.8
171.11 18.8
172.29 13.4
173.02 7.9
174.23 59.2
175.15 14.5
176.20 17.0
177.20 72.8
178.27 14.7
179.18 9.6
180.07 3.0
181.25 15.8
182.35 26.4
183.19 221.1
184.18 75.9
185.12 22.9
186.39 4.8
187.31 14.1
188.20 6.6
189.27 46.7
190.09 9.8
191.09 87.3
192.09 17.3
193.11 16.6
194.23 33.8
195.12 19.0
196.08 20.1
197.18 15.0
198.28 11.9
199.25 28.5
200.13 23.3
201.34 28.7
202.27 10.8
203.16 23.2
204.35 31.1
205.20 500.4
206.13 131.9
207.18 21.8
208.18 5.6
209.20 14.9
210.27 13.8
211.13 39.8
212.18 13.5
213.22 165.5
214.33 9.2
215.25 18.5
216.33 20.2
217.19 31.7
218.23 19.9
219.27 8.0
220.23 7.6
221.17 16.2
222.15 3.1
223.30 12.1
224.54 11.9
225.28 8.6
226.33 59.7
227.16 557.8
228.21 256.2
229.11 38.3
230.11 23.9
231.19 34.9
232.22 32.3
233.11 63.9
234.16 21.3
235.18 73.6
236.47 75.0
237.27 8.2
238.18 8.8
239.31 35.4
240.37 22.2
241.27 21.9
242.14 18.0
243.05 34.7
243.94 13.7
245.21 44.4
246.21 20.5
247.03 23.9
248.14 34.5
249.10 773.6
250.15 131.1
251.15 62.6
252.31 11.0
253.19 20.2
254.20 18.1
255.41 16.7
256.41 7.3
257.50 135.9
258.59 83.0
259.34 16.4
260.24 31.0
261.05 8.2
262.21 20.8
263.25 37.3
264.16 14.3
265.25 14.3
266.07 5.6
267.03 8.8
268.11 8.4
269.26 19.2
270.27 34.9
271.08 168.0
272.03 110.4
273.25 60.9
274.14 9.9
275.32 27.4
276.21 15.4
278.07 170.9
279.07 52.2
279.76 43.6
280.70 172.3
282.25 27.4
283.26 37.3
284.27 11.3
285.19 72.6
286.14 352.3
287.15 76.1
288.27 33.4
289.18 49.6
290.26 12.0
291.15 36.5
292.19 30.5
293.10 76.8
294.21 12.7
295.24 1.9
296.24 28.6
297.27 23.8
298.22 13.4
299.27 61.5
300.16 166.4
301.40 179.2
302.56 127.8
303.32 31.4
304.37 29.4
305.22 4.5
306.44 5.4
307.91 13.5
309.24 133.7
310.22 49.4
311.26 41.8
312.21 5.1
313.29 5.8
314.04 8.1
315.33 60.6
316.32 39.2
317.24 81.1
318.20 60.5
318.89 5.7
319.57 3.8
321.10 6.7
321.90 2.0
323.11 57.5
324.70 524.7
327.21 1107.1
328.17 1079.9
329.18 136.0
330.23 33.9
331.14 9.4
333.10 1.3
336.51 52.0
337.33 27.4
338.02 3.0
342.11 1.2
345.10 1.2
345.88 4.3
352.90 15.1
356.46 1.3
361.43 2.6
367.12 34.8
367.73 3.3
368.34 3.0
369.38 4.5
370.43 4.4
371.68 3.7
391.38 2.0
392.23 1.2
397.21 29.9
407.09 4.2
408.67 2.0
411.10 70.4
414.26 9.5
433.49 1.1
441.28 7.1
442.27 2.6
447.40 2.3
452.60 1.8
453.38 2.4
455.25 115.4
456.53 1.9
458.36 16.6
460.72 7.8
462.46 2.8
463.29 3.0
465.51 6.4
466.39 8.6
467.23 5.9
470.48 2.9
471.11 1.3
480.94 1.3
488.44 1.4
497.22 4.9
499.28 6.5
502.39 70.5
509.35 2.8
511.54 1.6
513.12 6.0
515.38 4.0
516.35 2.6
530.46 9.3
532.37 3.8
537.26 2.9
543.52 1.6
545.61 7.4
546.40 6.5
547.24 1.9
559.46 1.3
561.34 1.3
562.53 5.2
568.50 1.8
570.76 7.7
573.94 5.1
576.68 10.6
588.10 1.4
592.52 3.3
618.57 1.1
667.59 2.1
