1157.59282 2
167.47 3.0
168.11 14.0
169.13 22.8
175.16 153.8
176.17 7.5
177.19 2.6
178.21 8.1
183.22 1.5
184.33 4.7
186.22 27.0
187.17 16.6
188.28 1.3
191.04 2.3
192.18 2.2
195.57 2.7
198.35 5.3
199.13 2.0
200.27 1.9
201.40 8.2
203.12 9.1
204.11 1.5
212.38 4.1
214.33 2.6
215.21 17.4
218.37 1.2
221.25 4.1
222.17 85.6
223.33 16.3
225.16 1.3
228.00 11.5
229.10 1.9
235.37 1.2
238.24 4.4
240.06 82.0
241.02 10.0
243.58 2.1
244.32 3.2
246.21 1.0
248.05 1.3
249.23 2.9
250.40 4.0
251.88 2.5
256.20 7.3
257.26 6.4
258.24 3.3
260.24 1.5
262.28 1.2
263.28 4.5
264.09 3.9
265.32 2.8
266.01 7.0
267.39 61.6
268.20 228.6
269.14 31.4
270.46 5.4
271.41 3.7
272.25 7.9
276.26 2.8
277.36 1.9
278.95 5.1
281.01 3.5
282.25 1.5
283.23 4.7
284.15 5.8
285.26 298.6
286.32 45.3
287.21 6.0
288.23 93.8
289.29 3.3
290.30 5.7
294.26 6.9
295.29 2.2
298.35 1.5
299.06 3.9
300.22 1.4
301.22 20.2
302.18 126.0
303.32 13.1
307.54 7.2
310.04 32.8
311.11 33.0
312.58 4.2
313.22 3.5
315.12 5.5
316.91 3.2
318.12 3.8
320.18 2.1
323.12 1.2
324.10 8.5
326.31 6.4
327.30 3.1
328.45 5.3
332.13 2.1
336.44 11.6
337.12 80.6
338.31 5.9
339.12 1.8
340.89 2.2
343.22 9.2
345.38 651.0
346.33 65.2
348.32 5.3
349.48 3.2
350.12 1.8
350.91 2.4
351.57 3.4
352.39 9.3
353.28 17.2
354.24 4.5
355.20 16.9
356.01 2.2
357.21 8.8
359.95 10.8
361.56 1.1
362.22 10.8
365.12 31.7
366.15 4.1
366.99 10.6
367.90 10.0
369.83 11.9
370.57 10.1
371.47 15.8
372.42 4.7
373.24 4.6
374.24 2.1
377.11 3.9
380.19 24.0
382.23 708.8
383.19 800.4
384.32 90.9
385.91 8.4
387.26 13.0
389.26 1.5
390.09 4.2
391.31 6.8
393.45 6.9
394.44 4.7
395.08 3.6
396.34 3.9
397.33 20.1
398.25 6.3
400.28 76.5
401.38 53.1
402.38 5.3
405.33 10.3
407.05 2.6
408.27 49.9
409.12 26.5
412.54 6.3
413.24 3.5
414.41 1.7
415.31 24.9
416.01 7.2
417.10 15.2
417.81 2.7
419.87 5.2
420.69 6.7
422.29 2.8
423.34 9.9
424.64 5.3
425.32 34.8
426.26 96.8
427.11 32.7
428.37 40.0
429.47 1.2
430.83 22.7
431.78 13.6
433.51 5.8
434.37 1.1
436.15 46.9
437.39 76.6
438.90 4.7
439.77 4.6
440.54 15.5
441.50 45.5
442.37 155.2
443.26 31.4
446.21 13.9
447.21 8.0
448.40 2.1
449.85 3.0
451.39 8.7
453.18 70.3
454.19 844.2
455.26 105.1
456.49 19.6
457.77 19.0
459.33 1500.7
460.32 335.8
460.98 13.6
461.69 1.2
462.62 9.2
463.36 5.6
464.13 5.1
465.16 21.6
466.02 6.8
469.30 34.1
470.69 10.5
471.44 70.0
472.46 23.3
473.29 5.3
474.24 7.8
475.18 17.8
476.42 1.3
478.15 31.7
479.17 21.1
480.10 7.4
480.75 20.5
482.10 3.8
483.65 11.0
484.44 9.6
485.96 25.2
486.92 163.2
487.96 4.8
489.11 4.6
490.57 4.3
491.52 4.1
492.43 14.4
493.43 9.5
494.62 11.2
495.59 8.2
496.62 11.2
497.39 8.8
499.41 5.3
500.13 13.5
501.38 4.9
502.41 8.0
503.20 6.2
505.07 37.0
506.25 8.1
507.13 10.1
508.24 23.4
508.85 4.9
509.58 20.9
511.04 21.7
511.92 6.8
512.93 14.3
513.89 15.2
514.70 11.6
515.42 19.5
516.14 6.5
517.66 7.5
518.98 3.0
520.25 39.6
521.49 30.6
523.02 34.7
524.23 17.1
526.65 15.9
527.38 5.4
529.10 15.2
530.49 8.7
531.54 11.8
532.17 4.8
533.17 6.7
534.21 1.0
535.24 27.7
536.24 9.5
537.36 30.1
538.27 45.4
539.13 18.7
540.41 2.9
541.35 13.4
543.09 12.6
544.81 42.3
547.24 13.8
548.15 5.0
548.99 18.7
549.79 6.4
551.28 546.5
552.58 184.2
553.35 128.6
554.41 43.3
555.40 246.7
556.58 80.3
557.32 7.6
558.10 14.3
559.24 1.1
561.68 837.2
562.43 555.6
563.48 6.6
564.47 13.3
565.55 4.3
566.79 15.9
568.32 351.7
569.28 654.5
570.49 10770.3
571.44 55.9
572.41 736.7
573.41 92.7
585.33 1.3
586.59 4.0
587.33 9.1
588.57 1.6
591.09 3.4
593.59 3.8
594.27 4.4
595.25 2.0
596.45 1.1
597.35 5.8
598.65 5.8
600.50 2.3
601.71 7.6
603.26 1.2
605.02 6.4
606.24 2.0
611.50 3.4
612.37 3.1
613.58 4.6
614.53 1.2
615.88 9.4
617.47 1.7
618.27 4.9
619.37 5.3
620.64 8.9
621.32 2.1
622.41 13.6
628.58 3.6
629.44 2.2
630.72 4.9
632.42 7.8
633.47 2.7
636.27 25.3
637.43 1.8
642.50 1.6
643.36 4.4
644.56 4.3
645.87 8.5
646.59 2.2
647.57 6.4
649.25 3.5
651.76 8.8
652.57 5.4
654.27 90.6
655.39 17.1
657.47 1.5
658.55 1.4
661.48 3.4
662.40 5.9
664.26 76.1
665.26 1.4
668.46 4.0
669.32 47.2
670.43 205.7
671.46 42.8
672.44 3.5
673.75 2.8
674.62 2.3
675.27 1.3
680.32 2.4
681.42 53.3
682.25 314.3
683.25 61.3
684.08 2.5
685.76 9.2
687.40 1763.8
688.50 413.0
689.93 4.7
691.43 2.4
695.20 16.3
697.44 2.3
698.88 19.4
699.48 47.8
700.50 5.0
701.46 7.7
702.36 1.4
706.47 2.4
707.25 3.7
708.90 9.4
711.05 2.0
714.58 4.0
715.52 1.9
716.51 3.2
717.82 7.0
719.40 9.1
723.60 3.1
725.22 7.3
726.81 4.2
728.43 4.2
734.15 2.3
735.22 3.0
738.59 2.2
739.97 10.5
740.59 15.4
741.54 23.2
742.65 11.4
743.41 2.7
746.92 4.0
747.70 13.8
748.36 12.6
749.06 4.5
750.16 11.5
751.27 34.6
755.52 2.8
758.45 1334.0
759.47 406.8
760.24 2.5
760.92 9.2
761.65 14.0
762.48 3.7
768.17 2.7
769.48 1.3
770.32 3.0
771.58 4.6
772.39 1.7
773.83 4.4
775.55 5.6
777.16 16.1
778.42 43.3
779.42 21.8
780.53 5.3
781.38 1.0
786.24 3.3
788.40 3.7
791.12 1.0
793.47 3.5
795.48 23.5
796.36 108.4
797.47 27.9
798.59 12.1
800.72 1.7
801.76 5.3
802.76 3.4
807.27 6.2
808.60 3.2
812.41 5.9
813.28 16.4
814.77 5.2
815.74 17.9
816.85 3.5
817.46 5.0
818.33 6.2
819.28 2.8
820.31 5.1
825.51 2.2
828.58 1.5
829.47 2.4
835.37 28.9
836.31 8.1
837.47 14.5
838.55 18.3
839.55 2.4
841.75 1.6
843.91 2.2
845.31 3.7
852.51 22.0
853.39 168.7
854.52 64.0
855.59 18.4
856.52 35.5
857.44 12.9
858.62 7.4
861.38 1.4
862.23 2.8
863.35 4.3
869.49 2.2
870.43 11.6
873.48 922.3
874.54 300.1
877.31 2.2
878.54 1.6
879.63 7.3
882.59 7.8
884.58 2.0
885.49 6.8
888.69 2.5
889.53 3.1
892.98 5.2
894.67 1.9
896.08 6.9
897.18 2.1
897.96 2.2
899.62 2.0
903.38 7.8
910.65 3.9
911.54 2.8
913.36 3.3
914.48 6.2
915.36 4.8
918.59 3.6
920.69 4.5
924.68 2.2
925.51 1.1
928.51 1.3
929.42 1.6
931.16 4.5
937.84 5.4
938.88 6.7
939.67 5.5
940.61 4.2
942.70 3.6
944.25 1.8
945.95 1.0
947.52 1.8
948.45 35.1
949.48 36.3
950.38 10.4
954.70 3.0
959.37 3.9
961.24 1.6
962.18 1.7
965.55 30.9
966.47 138.6
967.39 86.0
968.58 5.9
972.56 166.5
973.61 56.5
983.42 31.3
984.60 7.3
987.52 1.9
991.89 1.7
993.74 1.8
994.58 1.1
996.42 1.9
1000.37 5.3
1001.13 2.3
1005.48 3.5
1011.30 8.4
1012.40 12.9
1014.53 2.6
1015.71 3.5
1026.54 3.2
1029.59 53.0
1030.69 23.5
1042.39 1.8
1046.79 2.5
1052.74 1.5
1067.32 1.3
1090.83 1.3
1098.63 1.8
1131.80 10.1
1136.31 1.8
1140.91 1.8
