1393.73491 2
195.36 2.6
198.24 11.5
199.16 21.3
201.12 7.0
203.94 4.7
205.46 8.9
206.09 7.4
208.30 5.5
215.19 12.1
216.17 260.2
217.18 11.3
218.36 5.3
219.15 8.7
222.16 9.4
224.21 9.9
225.17 14.0
226.12 50.0
227.23 16.4
230.21 1.4
231.25 4.2
233.98 6.0
235.27 4.2
237.41 5.4
238.06 1.7
239.45 21.1
240.28 11.9
241.28 7.7
242.29 73.0
243.14 14.8
244.24 70.8
245.23 1.2
246.14 4.3
247.25 8.4
249.07 2.5
251.71 22.2
252.35 27.0
253.24 22.2
255.12 5.1
256.18 13.0
257.26 171.6
258.28 31.3
259.18 8.9
262.29 1.9
263.48 2.8
264.19 1.7
265.13 2.2
267.20 8.2
269.16 115.9
270.27 79.5
271.27 14.0
272.22 6.1
275.23 390.5
276.25 32.8
277.11 4.4
278.26 6.2
279.11 2.3
279.99 6.2
281.11 8.8
282.18 2.6
286.14 2.4
287.19 258.4
288.25 29.3
290.29 18.1
292.11 1.3
293.18 6.2
294.17 4.2
296.25 17.4
297.19 15.6
298.24 36.0
299.39 17.2
300.06 1.2
302.32 6.0
303.47 1.9
304.24 1.4
305.17 5.8
307.31 3.4
308.19 23.5
309.17 18.8
310.17 12.9
311.13 6.0
313.35 3.6
314.12 6.6
315.21 50.7
316.09 15.2
317.46 8.1
318.40 2.1
320.13 4.1
322.33 36.7
323.29 10.9
324.20 15.9
325.17 19.7
326.22 18.1
327.19 28.7
328.03 3.3
330.37 27.9
331.30 1.9
333.19 6.7
334.25 2.9
335.34 5.0
336.39 18.0
337.36 5.9
338.24 7.4
339.36 11.5
340.68 1.8
342.14 4.8
343.22 36.6
344.38 30.6
345.26 26.4
346.25 6.1
348.23 20.6
348.86 2.9
352.31 24.1
353.29 58.9
354.14 7.5
355.15 21.3
356.25 3.1
358.06 2.2
359.28 2.5
361.33 23.9
362.70 3.3
363.44 1.5
366.25 1.7
367.26 3.0
368.43 10.8
370.20 21.2
371.24 144.6
372.39 25.3
373.29 51.8
374.25 17.6
375.17 9.8
376.28 8.0
377.28 20.2
378.19 5.3
379.26 6.6
380.19 15.3
381.27 55.0
382.32 11.6
383.25 15.4
386.17 4.4
388.35 225.1
389.44 28.4
390.38 4.7
391.22 66.9
392.25 3.8
394.14 5.7
395.34 4.8
396.37 2.7
398.17 105.2
399.23 135.6
400.27 11.1
401.28 8.6
402.02 6.7
406.01 5.4
409.19 9.4
411.25 7.0
412.24 28.3
414.41 3.0
415.43 18.0
416.30 116.8
417.37 18.8
418.34 5.2
420.17 4.3
421.23 9.9
423.47 4.3
424.27 3.1
425.37 1.6
426.33 18.7
427.31 13.8
428.64 20.8
429.32 18.0
431.81 6.0
433.20 25.0
434.31 6.5
436.45 5.0
437.39 11.0
438.24 17.4
439.40 14.6
440.53 14.6
441.31 12.5
442.22 25.0
443.40 53.8
444.31 55.9
445.23 26.5
446.42 2.1
447.28 4.6
448.39 6.0
450.21 22.5
451.04 2.0
452.06 11.7
453.30 13.1
454.33 10.5
455.15 16.6
456.09 20.6
457.34 34.5
458.76 21.2
459.48 13.0
460.45 10.2
461.51 19.4
462.36 1.3
464.30 6.7
465.18 5.1
466.91 4.3
468.31 16.5
469.56 11.9
471.35 77.9
472.25 44.3
473.38 19.7
474.49 10.6
475.19 5.9
477.31 7.7
478.22 35.9
479.11 16.4
480.32 7.0
481.78 31.1
483.25 23.3
484.30 24.4
485.11 20.3
486.22 22.3
486.88 5.4
487.51 2.8
489.48 1392.7
490.41 325.6
491.47 4.4
492.39 6.5
493.23 2.8
495.06 84.9
496.15 42.6
497.14 8.3
498.20 2.2
498.96 3.2
501.00 19.4
502.17 19.5
503.05 18.2
503.82 21.1
505.18 4.3
506.12 15.1
507.48 2.8
508.35 5.3
510.07 3.6
511.48 9.6
512.21 56.2
513.29 93.9
514.18 19.9
514.94 20.3
516.16 11.8
521.20 19.7
522.25 15.7
524.34 19.5
526.28 3.3
527.32 8.7
528.26 1.5
529.29 9.8
530.21 78.2
531.31 50.0
532.81 36.0
534.14 22.2
535.25 9.1
537.17 12.9
538.39 7.8
539.80 14.2
541.22 44.6
542.34 27.2
543.62 32.2
544.30 2.1
545.39 113.8
546.15 33.5
547.12 5.9
548.32 13.4
549.28 2.1
550.46 39.0
551.24 15.0
552.43 13.1
553.46 22.3
554.36 144.3
555.15 96.5
556.26 15.0
557.35 33.8
558.27 23.1
559.28 10.6
559.89 6.3
560.92 149.5
561.56 35.2
562.44 31.8
563.39 27.2
564.14 15.1
564.75 3.0
566.00 11.6
567.30 27.7
568.11 10.0
568.81 2.3
569.41 13.5
570.49 86.4
571.63 78.7
572.49 182.2
573.55 33.7
574.38 37.5
575.44 2.5
576.27 15.1
577.98 16.7
579.26 44.9
580.76 123.1
581.68 177.6
583.06 31.9
584.04 32.7
584.77 2.6
585.47 15.3
586.52 50.1
587.86 122.1
588.50 430.5
590.03 2447.4
591.11 65.4
592.41 9.4
593.52 13.4
594.76 23.9
595.71 11.4
596.53 42.9
597.55 38.0
598.31 18.0
599.15 19.3
600.36 30.0
601.61 38.0
602.72 27.7
603.70 12.2
604.55 8.1
606.14 57.0
607.33 146.7
608.34 25.4
609.52 8.9
610.56 15.9
611.73 15.5
612.42 25.4
613.16 14.1
614.55 62.8
615.63 108.3
616.38 14.2
617.50 36.4
618.54 20.1
619.52 42.2
621.01 123.1
621.70 1.5
622.77 4.0
623.38 23.0
624.25 189.6
625.20 138.4
626.29 53.7
627.30 13.0
628.64 9.2
629.67 177.3
630.55 76.6
631.61 13.8
632.44 35.6
634.09 46.6
635.28 45.2
636.34 31.0
637.27 25.9
638.36 170.0
639.01 67.5
640.13 29.0
641.28 166.1
642.34 190.0
643.45 149.8
644.77 77.8
645.42 31.7
647.10 641.1
648.13 13.6
649.37 35.8
650.22 28.5
651.59 72.5
652.56 363.6
653.77 41.1
655.05 19.4
655.66 2.4
656.72 38.8
657.68 168.9
658.72 46.1
659.34 138.7
660.22 166.4
661.53 38.7
662.77 119.9
663.58 36.1
664.44 22.3
666.08 310.1
667.18 214.1
668.02 7.2
669.29 57.6
670.79 317.2
671.49 286.8
672.61 36.4
673.41 53.1
675.16 782.1
675.94 298.9
677.18 5.8
679.75 966.5
680.53 732.7
681.75 25.1
682.61 7.8
683.57 1.3
684.35 5.4
685.66 28.0
686.45 42.4
688.20 313.5
689.03 326.3
701.48 2.4
702.52 1.6
703.12 2.3
704.20 20.3
705.53 11.8
707.27 5.8
708.34 9.0
709.34 17.9
710.30 9.8
712.44 5.4
713.24 2.3
714.31 7.0
715.33 8.6
716.65 23.9
717.60 21.6
718.52 40.5
719.55 3.8
720.55 4.4
722.18 7.1
723.25 7.8
724.15 8.3
725.49 14.7
726.43 37.7
727.45 42.6
728.27 4.5
729.59 10.2
730.61 4.5
733.55 7.1
734.97 67.3
735.57 888.3
736.56 272.4
737.38 21.7
738.44 14.2
739.65 7.6
740.57 19.9
741.47 6.0
742.19 19.3
743.36 13.8
744.47 7.1
745.50 9.3
746.48 10.7
750.47 11.1
751.37 6.8
752.39 8.2
753.41 35.5
754.36 78.6
755.27 52.1
756.32 17.1
757.48 7.2
759.52 16.0
760.53 16.4
761.35 31.0
762.47 13.9
768.66 2.6
769.53 15.6
770.56 50.2
771.31 92.7
772.22 124.1
773.29 43.0
774.51 18.5
775.27 2.5
776.52 15.6
778.69 4.9
779.62 7.5
780.68 1.7
782.50 3.6
783.65 1.7
784.75 10.8
786.24 57.5
787.43 70.3
788.59 125.2
789.35 106.3
790.29 79.9
791.40 17.1
792.34 9.1
794.32 1.8
795.43 18.1
796.44 9.7
797.78 34.8
798.56 20.4
799.70 27.0
800.40 4.1
801.32 13.2
804.48 30.1
805.56 17.0
806.29 39.9
807.30 18.8
808.38 12.9
809.51 3.2
810.24 11.8
812.62 1.5
813.68 1.3
814.52 14.2
815.40 25.4
816.40 10.3
817.45 12.2
819.98 5.0
821.17 16.9
825.16 22.0
826.33 15.2
827.54 10.3
828.32 6.8
829.63 2.7
832.40 25.7
833.42 44.9
834.41 12.4
836.46 4.1
838.12 17.0
839.35 13.0
841.48 9.3
842.41 4.4
843.51 47.9
844.39 20.7
845.38 3.4
846.64 67.6
847.56 18.7
848.70 8.7
850.51 18.8
851.75 13.5
852.50 14.7
853.29 61.3
854.26 21.6
855.35 71.2
856.35 31.1
857.38 7.9
858.57 16.5
859.53 26.3
860.36 26.2
861.58 38.2
862.50 1.4
864.54 506.3
865.56 187.0
867.04 18.2
868.74 12.4
869.68 45.4
870.64 220.2
871.47 208.1
872.50 61.6
873.63 4.4
874.26 10.6
876.94 11.9
877.75 19.3
882.86 7.4
884.17 12.6
886.38 69.3
887.41 122.2
888.45 263.7
889.44 65.8
890.44 10.7
892.11 2.2
897.64 3.6
898.71 26.8
899.44 4.2
900.72 1.3
901.51 8.9
902.85 6.7
903.56 8.1
904.44 35.7
905.45 169.3
906.44 39.2
907.41 2.2
908.80 6.3
909.49 9.9
910.47 2.7
911.36 8.9
913.73 8.8
915.77 7.5
916.44 32.4
917.68 20.1
918.46 1.6
919.53 11.3
920.59 3.7
921.60 4.7
925.42 7.7
927.04 8.7
927.93 7.4
929.75 3.4
931.08 8.2
933.60 8.4
934.54 6.9
935.55 10.4
936.48 15.6
937.43 7.5
938.52 16.9
940.63 16.8
941.43 4.9
942.90 14.2
943.81 28.8
944.67 20.1
946.01 17.4
948.48 3.0
951.36 3.6
953.35 30.0
954.33 50.7
955.46 8.4
956.72 18.4
957.59 5.2
958.72 9.6
960.52 122.8
961.53 263.4
962.61 116.7
963.40 3.2
965.32 5.1
966.68 4.0
967.67 16.6
968.41 20.9
970.38 59.8
971.39 115.1
972.43 75.7
973.44 22.7
974.42 28.5
978.57 1409.7
979.57 742.0
980.51 9.4
983.58 7.5
984.76 40.9
985.56 65.2
986.39 29.1
987.75 35.6
988.46 107.8
989.43 104.9
990.54 39.8
991.38 8.1
992.90 1.4
994.61 7.6
995.77 3.7
997.38 6.4
999.33 6.5
1000.64 11.3
1001.91 59.9
1002.63 82.0
1003.59 45.5
1004.42 2.8
1006.08 36.6
1007.04 23.7
1009.53 4.7
1011.13 20.0
1012.47 6.7
1013.62 1.4
1014.49 1.5
1015.40 15.7
1016.51 1.4
1018.45 15.0
1020.65 7.9
1022.54 8.3
1023.26 1.9
1025.32 13.9
1025.96 2.8
1027.00 2.1
1027.66 5.4
1028.49 2.4
1029.26 1.9
1030.53 11.5
1032.70 7.3
1033.62 12.0
1034.54 4.0
1037.65 1.8
1039.57 41.9
1041.37 19.3
1042.45 2.0
1043.86 3.0
1045.69 4.0
1047.64 6.1
1048.44 7.9
1049.57 19.8
1050.66 45.4
1051.71 15.1
1052.73 4.0
1054.48 6.6
1056.48 43.9
1057.45 33.2
1058.41 10.8
1059.46 6.7
1060.91 14.0
1061.73 11.6
1062.90 7.5
1063.82 22.8
1064.51 1.5
1066.42 65.0
1067.51 91.5
1068.50 50.2
1069.74 2.4
1070.79 4.9
1071.70 10.3
1072.72 60.2
1073.73 18.1
1074.51 9.5
1075.64 18.5
1076.74 14.3
1078.49 6.9
1083.58 49.2
1084.46 167.8
1085.42 133.3
1086.56 6.5
1089.58 153.3
1090.69 163.4
1091.72 46.9
1092.63 2.0
1094.75 1.8
1095.60 3.0
1096.48 4.9
1097.29 7.2
1101.49 290.6
1102.50 255.9
1103.65 55.0
1104.80 3.9
1107.63 802.4
1108.60 408.0
1109.57 10.0
1111.63 5.4
1113.49 21.5
1115.56 7.7
1117.42 6.2
1119.53 108.2
1120.52 85.8
1122.50 3.2
1124.73 5.0
1125.70 7.4
1126.64 7.3
1127.64 21.5
1128.48 1.6
1129.30 4.5
1130.66 16.9
1131.60 16.5
1133.45 11.4
1134.70 12.8
1135.31 4.5
1136.68 2.2
1137.59 2.4
1139.99 4.3
1140.79 1.4
1142.01 2.3
1142.63 10.8
1143.70 33.8
1144.76 29.9
1145.48 21.5
1146.83 12.7
1148.86 17.6
1149.64 2.5
1151.64 1.5
1154.60 4.0
1155.26 2.1
1156.74 5.6
1158.72 6.7
1159.79 22.0
1160.82 85.6
1161.62 181.3
1162.62 101.7
1163.60 8.4
1164.50 4.6
1167.79 11.6
1169.49 2.1
1170.20 1.5
1171.79 2.1
1173.51 5.4
1174.56 2.6
1175.85 5.3
1176.70 14.5
1178.62 950.7
1179.68 578.1
1180.37 5.4
1184.59 1.9
1186.70 8.6
1187.44 1.2
1188.74 2.0
1189.70 5.1
1191.44 3.0
1194.71 8.2
1195.68 5.1
1196.52 4.2
1204.78 2.7
1205.66 1.5
1207.96 2.5
1210.61 2.1
1212.96 16.8
1213.91 13.5
1214.76 2.5
1218.46 4.0
1219.84 3.1
1221.71 10.1
1224.71 2.7
1226.78 1.8
1228.66 10.8
1229.59 4.9
1230.76 47.4
1231.74 10.5
1233.80 4.2
1239.88 1.3
1240.85 3.2
1242.12 8.5
1242.78 3.7
1243.46 3.8
1244.76 4.4
1245.82 3.2
1247.81 28.1
1248.70 43.2
1249.78 13.8
1258.67 21.7
1259.44 16.8
1260.79 4.3
1262.15 1.3
1263.65 3.3
1265.05 35.8
1265.72 107.9
1266.83 66.8
1268.58 5.3
1273.68 5.1
1275.77 7.3
1276.89 4.5
1277.83 2.6
1285.12 2.8
1286.38 17.1
1287.71 2.9
1293.02 8.4
1293.85 2.0
1302.37 2.7
1303.23 11.3
1303.92 38.9
1304.84 11.0
1331.81 3.4
