1382.71868 2
199.36 1.7
204.25 9.0
210.14 1.1
213.94 3.4
223.19 2.6
227.42 1.1
231.28 9.2
232.23 4.2
241.06 3.8
242.25 11.8
243.46 3.3
247.35 1.4
248.22 5.1
258.28 3.7
260.06 53.1
261.39 1.8
262.27 6.1
264.33 4.0
266.24 3.0
272.11 1.3
275.30 3.7
276.28 1.7
277.69 5.3
280.19 6.2
284.17 3.3
286.25 15.7
287.18 2.0
288.22 3.3
290.28 1.6
296.22 1.4
298.21 8.7
302.32 1.2
305.30 8.9
306.14 5.7
306.94 1.0
314.31 11.6
315.38 20.1
316.23 1.3
319.27 5.5
320.66 2.9
323.13 2.6
328.39 5.0
331.32 2.1
333.48 10.1
335.06 3.7
339.37 5.1
341.18 7.2
343.15 2.0
345.59 4.5
346.20 2.5
347.35 10.4
349.28 6.1
350.24 1.6
353.04 4.0
354.10 1.5
358.76 1.5
360.18 3.4
362.39 4.6
363.18 2.4
367.48 2.1
368.20 4.1
370.26 2.0
372.20 3.3
373.27 9.6
374.16 6.6
375.46 1.4
376.15 4.6
382.61 3.2
383.45 2.1
384.27 5.2
385.40 2.8
388.23 2.4
389.26 1.7
390.35 1.7
392.22 2.0
393.12 2.3
394.22 3.5
395.23 3.0
398.18 2.6
399.12 1.3
402.81 3.7
405.27 1.7
409.40 5.4
411.22 29.4
412.35 1.4
414.42 1.3
415.11 2.4
419.38 5.8
420.34 2.8
422.27 4.4
423.20 1.6
425.81 4.0
428.28 6.5
430.31 1.1
432.20 1.8
434.45 1.1
436.33 3.3
437.88 13.1
439.31 4.0
440.29 7.6
441.34 5.3
442.24 10.2
443.80 5.4
446.24 15.5
446.91 7.5
448.31 20.1
449.31 6.0
450.12 4.6
452.19 3.5
454.15 2.7
457.79 5.9
459.09 7.7
460.55 11.7
461.35 3.5
462.31 7.6
463.37 1.2
464.09 14.8
467.33 1.0
470.42 8.8
472.03 6.4
475.59 2.6
476.58 1.7
477.26 4.3
478.13 1.5
478.89 2.1
480.19 27.1
481.28 12.9
482.13 6.9
483.16 1.1
484.21 2.5
485.38 5.3
486.01 5.1
487.44 2.1
488.92 5.7
489.58 3.0
491.47 1.1
492.44 1.4
493.81 12.5
494.92 8.8
496.01 2.7
496.88 9.2
498.21 2.3
499.11 5.9
502.33 3.2
503.35 16.2
504.35 7.4
505.42 13.3
506.53 7.5
508.21 14.7
509.45 5.2
510.22 3.4
512.39 1.3
513.08 2.6
515.47 16.7
516.31 8.0
517.35 7.0
518.71 2.1
519.36 2.4
522.25 11.2
523.32 3.2
526.51 11.6
528.49 10.3
529.20 6.1
530.74 10.8
531.60 5.3
532.43 7.2
533.55 14.9
534.40 7.8
535.43 35.3
536.33 4.2
537.50 15.9
538.31 6.2
539.43 54.6
540.48 3.8
544.18 26.3
544.90 11.9
546.49 8.3
547.35 8.4
548.46 14.2
550.81 22.9
551.90 4.4
553.53 67.1
554.35 1.5
555.71 22.3
556.53 54.7
557.41 338.3
558.57 48.5
559.54 13.4
561.13 9.4
562.44 44.6
565.58 2.2
566.23 1.7
567.32 4.0
567.92 13.9
569.21 16.7
570.11 1.6
571.10 1.8
572.58 3.9
574.11 16.1
575.36 31.3
576.62 21.4
577.51 35.5
578.17 53.7
578.98 2.3
580.18 5.6
582.24 24.6
583.36 61.6
584.06 22.9
585.76 15.2
586.53 10.0
587.41 12.1
588.57 2.7
590.30 13.2
591.06 14.9
592.15 77.1
592.98 6.8
594.79 9.4
596.05 24.6
597.09 6.2
598.25 3.9
599.38 31.4
601.06 170.1
602.03 16.6
602.65 4.0
603.64 13.1
605.22 78.8
606.56 13.1
608.31 5.5
609.03 2.8
610.10 255.8
611.25 9.2
612.39 13.2
615.19 12.5
616.89 6.2
619.03 286.4
620.05 10.7
625.03 11.3
626.46 10.2
627.39 21.9
628.23 24.2
629.53 2.7
630.22 5.0
631.22 6.7
632.25 18.6
633.24 7.3
634.40 12.6
635.42 6.4
636.06 4.7
637.88 16.6
639.73 8.3
640.71 10.9
643.43 3.8
644.33 14.8
645.30 38.5
646.69 12.5
647.42 17.5
648.31 4.9
649.55 4.7
650.69 13.4
652.01 5.1
653.19 10.2
655.25 12.5
656.27 24.1
656.98 11.6
657.65 13.7
660.29 26.2
661.27 21.8
662.20 14.8
663.45 21.5
664.77 44.5
665.53 57.4
667.32 3.3
668.63 31.7
669.72 69.0
670.59 21.8
673.77 279.8
674.40 149.3
675.08 63.6
676.09 2.5
676.75 2.7
677.55 7.8
679.68 2.7
680.42 3.8
682.49 25.0
683.49 17.6
711.95 1.1
714.90 4.0
717.28 11.4
718.19 1.1
719.44 4.7
720.47 15.6
721.46 10.4
725.65 3.2
728.04 4.4
729.40 3.9
735.36 4.6
738.51 31.6
739.55 15.1
743.23 3.5
748.41 3.2
754.56 2.2
756.65 1.7
758.49 3.8
761.65 4.1
762.52 5.6
763.56 2.4
764.61 5.6
766.66 1.5
772.45 2.2
778.26 7.4
782.46 4.5
783.51 3.9
784.63 5.9
785.47 3.9
787.63 1.1
788.45 7.3
789.55 13.1
790.51 5.6
796.72 8.6
797.43 2.3
798.68 5.0
800.44 18.6
801.45 3.8
805.57 4.5
806.24 4.5
807.73 49.0
808.46 71.5
809.42 29.3
811.42 3.4
813.18 1.6
814.70 43.7
815.68 10.9
817.47 1.8
818.68 3.1
821.40 3.1
824.59 1.1
826.39 359.3
827.42 126.0
828.53 5.5
830.37 1.9
831.52 3.3
835.44 57.2
836.35 3.3
843.87 2.0
844.70 3.9
848.09 1.1
849.52 11.3
850.98 10.5
851.96 28.8
852.80 14.4
853.66 2.2
858.55 1.6
862.30 14.8
863.23 5.6
867.31 1.8
867.99 8.0
870.62 3.9
873.81 14.4
876.64 2.6
879.48 2.4
880.62 3.8
882.56 4.2
883.50 6.1
884.16 4.3
886.57 5.5
890.34 2.2
891.57 2.7
892.19 5.3
894.48 2.2
895.82 2.6
899.64 2.1
900.60 10.7
901.62 8.9
902.68 4.9
905.32 5.5
912.63 3.9
918.81 4.2
919.45 6.5
920.57 4.5
922.47 11.2
923.77 16.4
924.60 8.0
927.39 2.3
933.69 3.3
936.52 7.1
937.65 2.2
939.39 58.5
940.34 12.2
941.56 12.4
950.82 1.5
951.63 7.0
953.68 5.9
954.45 3.2
958.60 1.4
960.61 9.3
963.93 4.1
964.97 3.6
966.45 2.8
969.55 2.0
970.67 3.0
971.63 7.8
974.39 6.5
975.54 8.3
976.61 8.0
977.81 10.8
978.78 1.2
980.35 1.2
982.35 9.8
982.98 4.5
987.45 10.4
988.87 3.3
991.16 1.7
992.37 9.6
993.64 1.9
996.41 3.6
1009.39 4.3
1010.38 11.5
1011.46 11.2
1015.45 4.3
1017.64 3.3
1020.74 6.2
1021.62 2.5
1026.71 4.2
1028.01 3.4
1030.67 2.7
1032.01 2.3
1032.72 5.3
1037.53 1.6
1038.84 1.2
1043.41 1.4
1048.20 3.9
1048.90 1.6
1049.67 4.4
1050.60 14.2
1051.63 10.4
1052.57 1.7
1055.67 6.0
1062.62 1.1
1065.54 8.2
1068.52 60.7
1069.71 9.2
1070.56 8.3
1073.58 1.4
1099.32 9.8
1105.39 16.3
1114.72 2.2
1115.76 2.2
1121.61 1.8
1123.63 166.3
1124.67 80.9
1125.88 4.2
1138.77 5.3
1140.33 3.4
1142.45 2.1
1143.59 3.0
1144.46 2.6
1153.28 1.0
1154.58 5.8
1160.65 8.2
1162.58 8.0
1166.60 6.8
1172.75 1.8
1178.53 36.5
1179.55 6.3
1180.59 9.2
1181.71 3.5
1183.65 9.2
1188.40 3.4
1189.88 2.6
1191.89 7.1
1197.56 27.8
1198.61 22.1
1199.76 2.8
1209.80 4.1
1218.74 9.9
1236.69 203.3
1237.76 78.4
1262.58 2.8
1278.65 1.9
1289.80 4.0
