994.53325 2
147.19 5.1
157.12 4.9
158.19 4.9
165.08 5.6
167.24 3.1
170.32 1.3
171.87 22.2
174.14 3.2
175.22 10.0
178.14 3.8
180.74 3.6
181.42 1.2
182.52 6.4
183.41 2.0
185.36 3.9
186.30 2.7
200.11 149.4
201.14 3.7
202.18 7.0
204.47 4.0
208.24 9.4
209.13 21.2
214.27 1.1
215.87 1.4
221.16 1.5
225.15 34.4
226.20 25.1
227.80 15.7
230.32 14.0
231.30 2.3
235.16 2.7
236.23 11.8
237.91 2.3
242.16 76.2
243.22 9.7
244.26 32.5
246.00 16.7
246.88 1.7
248.26 2.8
251.18 2.0
253.26 4.4
255.40 3.1
258.28 3.0
259.17 7.1
260.14 5.9
261.07 3.0
262.21 8.7
262.94 1.3
264.26 3.0
265.36 7.4
266.33 2.1
269.41 3.1
270.33 9.5
272.45 10.2
274.32 2.6
275.23 1.6
276.30 17.5
277.22 12.7
280.06 2.4
282.28 6.8
283.22 4.7
284.12 7.2
288.35 4.4
290.19 22.2
292.04 5.8
293.23 3.1
295.24 7.0
296.13 2.8
297.43 4.6
298.47 26.8
299.32 20.0
300.20 2.2
301.18 7.7
302.22 4.3
303.24 11.1
305.37 2.8
308.45 4.1
309.36 2.6
311.08 63.2
313.05 29.9
314.31 2.9
317.43 2.2
318.23 5.5
319.64 25.7
320.32 22.4
322.10 1.2
323.35 2.9
324.29 6.1
325.16 1.9
327.19 2.1
329.29 2.9
330.18 9.7
333.21 2.0
337.93 27.4
339.25 37.1
341.29 16.6
347.28 6.5
351.29 3.6
354.84 1.0
357.23 13.8
359.41 6.1
361.25 1.7
361.87 7.1
364.40 7.8
365.09 2.9
366.07 8.3
367.14 10.2
368.50 1.4
369.37 5.8
371.60 3.9
372.41 1.7
373.33 4.5
376.33 4.0
377.15 5.6
378.30 1.9
382.32 51.5
383.37 32.9
384.27 8.7
386.32 5.2
387.35 1.7
388.76 1.9
389.74 5.6
390.39 10.4
391.22 5.8
391.88 7.5
394.09 3.2
397.38 13.4
400.35 23.9
401.19 4.3
403.19 1.5
404.12 4.8
407.27 3.6
408.35 2.9
409.44 1.8
410.55 10.5
411.36 21.3
412.25 1.2
413.44 4.0
415.87 6.5
416.66 3.9
417.33 7.6
418.88 4.2
420.76 5.3
422.38 2.1
424.13 2.8
428.25 44.8
429.16 13.3
432.49 137.9
433.54 46.9
434.51 2.5
436.48 5.8
438.78 19.1
439.50 12.3
440.13 5.9
441.23 39.4
441.93 17.2
443.95 2.3
445.34 24.1
446.31 1.9
447.58 2.0
448.63 12.9
449.79 12.6
451.30 1.4
453.60 4.6
454.43 43.0
455.29 17.0
456.53 7.9
457.24 11.8
458.32 1.2
458.96 9.4
459.61 22.7
460.87 1.9
462.05 19.0
463.36 18.5
464.47 3.4
465.57 11.8
466.65 51.2
467.37 5.1
468.46 22.9
469.41 6.5
470.81 16.6
471.97 39.5
472.87 3.9
475.12 13.1
476.29 18.1
476.90 10.3
479.76 168.1
480.59 333.9
481.57 28.6
482.44 10.2
483.40 3.9
485.82 25.7
486.52 2.2
488.96 2087.1
489.81 24.5
490.67 9.4
491.53 5.5
493.85 6.9
505.01 3.5
506.29 1.9
510.45 3.6
514.33 11.0
515.52 1.2
517.42 7.7
520.23 1.1
521.38 7.4
523.95 4.7
525.42 1.3
528.07 3.4
532.50 9.5
533.23 4.8
534.24 2.5
536.33 6.5
539.50 36.0
540.94 9.7
542.81 6.8
545.53 1.1
547.21 1.1
549.25 9.6
551.29 5.4
555.42 1.3
562.93 3.5
564.69 16.1
565.48 7.5
566.64 24.9
567.46 32.8
568.55 6.2
576.48 5.6
577.43 7.3
578.53 12.2
580.25 5.2
581.22 3.1
590.77 8.2
591.58 1.8
593.43 2.4
594.60 2.2
596.45 103.5
600.55 4.2
605.32 1.4
607.50 3.0
608.23 4.2
610.01 4.0
610.65 3.9
611.93 4.4
614.87 8.5
618.38 5.3
620.27 12.7
621.36 11.0
623.44 5.5
624.26 7.6
625.42 1.1
627.49 2.2
628.63 6.9
629.53 6.7
632.00 3.9
632.91 1.1
635.18 2.0
636.60 5.4
638.40 252.1
639.47 84.8
646.85 8.7
648.51 11.7
649.39 14.4
650.40 1.4
653.37 11.4
664.86 3.9
666.49 5.4
672.76 7.3
676.46 6.8
677.43 4.8
678.53 6.2
679.36 1.1
681.11 7.1
682.42 7.2
683.35 219.1
688.52 1.7
689.66 4.3
693.54 21.1
695.00 4.7
696.61 23.7
697.39 19.2
701.52 18.3
703.07 2.8
705.33 12.3
706.60 11.2
707.49 2.9
710.28 1.8
711.48 5.2
714.35 2.8
715.54 2.1
718.40 1.8
719.43 98.1
720.44 38.2
721.50 2.0
722.64 3.0
727.67 4.3
733.55 4.8
734.53 5.4
735.36 13.1
736.55 11.4
744.30 5.1
745.16 2.5
749.39 30.7
750.53 5.0
751.52 35.3
753.43 349.8
754.63 102.5
756.48 5.6
762.87 3.8
763.54 1.2
764.61 1.4
768.02 10.9
775.15 1.4
778.28 9.2
782.52 3.7
783.48 1.1
784.38 4.7
785.45 21.6
786.42 5.5
787.64 4.5
788.63 6.7
791.66 16.0
792.45 8.8
794.47 1.1
796.35 77.1
796.95 3.2
802.23 2.5
803.25 1.3
804.00 4.0
810.52 5.2
813.63 2.5
815.61 2.5
819.10 6.7
820.51 5.7
821.52 8.9
822.53 2.3
830.41 18.7
831.61 4.3
832.66 4.3
833.47 6.5
837.54 1.4
839.80 3.8
845.47 3.6
846.34 1.2
847.19 2.4
848.52 41.7
849.51 8.4
854.53 5.4
856.35 2.7
857.66 3.2
859.05 1.1
863.12 2.2
864.81 2.8
865.47 4.2
894.61 2.9
935.49 1.9
957.33 5.3
973.61 8.2
