842.51134 2
121.29 2.7
123.33 8.7
123.95 4.6
125.19 13.3
126.19 1.7
127.06 6.7
128.24 169.0
129.25 15.7
130.23 12.5
131.15 13.9
132.36 5.7
133.14 17.7
135.11 15.6
136.09 51.5
137.22 21.0
138.12 3.9
139.17 14.5
140.12 3.9
141.26 25.2
142.31 35.5
143.19 124.8
144.18 21.8
145.18 16.3
146.10 5.9
147.29 9.6
148.14 6.5
149.25 11.8
150.17 3.1
151.18 14.4
152.20 15.7
153.10 11.3
154.19 3.9
155.20 38.6
156.12 21.7
157.20 20.7
158.21 41.5
159.21 10.7
160.07 69.6
161.26 31.4
162.15 38.3
163.13 30.7
164.17 102.3
165.13 32.7
166.15 6.6
167.23 20.0
168.05 6.1
169.09 13.7
171.07 366.9
172.38 37.1
173.22 131.9
174.27 10.1
175.28 67.3
176.34 15.7
177.17 23.0
178.07 34.0
179.17 35.2
180.18 66.2
181.19 32.7
182.23 29.6
183.20 31.4
183.96 5.8
185.33 40.0
186.13 15.3
187.11 42.2
187.97 4.2
189.20 22.3
190.41 16.8
191.21 15.8
192.09 16.7
193.17 34.4
194.15 13.0
195.17 35.5
196.24 45.0
197.13 52.7
198.03 12.3
199.26 43.3
200.61 28.6
201.27 205.8
202.18 12.6
203.20 23.6
204.49 19.9
205.23 29.3
206.22 10.1
207.22 27.7
208.13 7.6
209.19 45.1
210.21 38.8
211.27 62.4
212.24 28.9
213.26 40.3
214.24 18.3
215.17 51.0
216.16 17.2
217.18 7.3
218.27 11.9
219.26 32.5
220.16 15.3
221.20 38.1
222.16 14.3
223.30 35.1
224.37 6.2
225.22 29.5
226.12 27.1
227.17 54.3
228.46 23.4
229.31 23.4
230.15 10.1
231.23 21.2
232.15 11.0
233.16 27.1
234.54 15.7
235.35 26.9
236.81 22.8
237.53 21.1
238.34 25.0
239.23 29.7
240.15 12.1
241.28 66.7
242.32 27.2
243.35 32.7
244.46 20.7
245.18 48.6
246.16 10.0
247.25 21.2
248.28 23.3
249.21 31.1
250.30 28.8
251.15 46.7
252.28 23.6
253.32 24.8
254.27 49.9
255.11 18.2
256.21 23.8
257.24 23.9
258.49 33.1
259.24 41.8
260.29 68.5
261.19 65.9
262.14 27.3
263.25 38.1
264.15 12.0
265.03 31.8
266.09 16.0
267.21 23.0
268.35 18.2
269.12 21.2
270.22 19.0
271.13 8.1
272.20 725.1
273.31 34.0
274.23 19.0
275.25 29.3
276.22 39.1
277.15 41.3
278.13 46.3
279.17 56.7
280.02 70.3
281.14 30.1
282.13 9.6
283.16 52.0
284.14 23.7
285.22 34.2
286.38 37.1
287.21 36.2
288.23 58.1
289.25 103.7
290.31 28.2
291.36 47.0
292.23 41.9
293.22 60.7
294.31 46.9
295.18 13.5
296.25 11.1
297.45 11.0
299.17 62.8
300.10 33.2
301.10 46.1
302.13 35.6
303.24 53.3
304.21 24.8
305.15 95.6
306.19 133.4
307.20 322.3
308.26 123.3
309.16 28.2
310.21 33.8
311.19 44.7
312.27 36.5
313.18 18.9
315.09 28.7
316.30 21.4
317.29 29.6
318.23 37.8
319.23 56.9
320.22 28.7
321.27 40.9
322.19 46.3
323.17 119.0
324.31 39.6
325.30 98.4
327.69 1480.4
328.32 225.4
329.35 144.9
330.27 45.0
331.20 21.6
332.36 36.2
333.21 99.1
334.36 45.4
335.24 48.2
336.70 644.9
337.41 80.5
338.59 48.5
339.46 70.9
340.26 62.2
341.36 47.9
342.27 55.3
343.31 90.9
344.44 19.7
345.21 16.6
346.36 40.1
347.29 45.8
348.29 50.7
349.21 33.2
350.13 23.1
351.25 59.5
353.14 616.3
354.32 40.5
355.36 11.7
356.05 8.6
356.82 2.4
357.43 30.9
358.31 51.8
359.26 61.1
360.26 66.7
361.32 115.5
362.32 153.5
363.28 94.9
364.20 82.2
365.25 111.7
366.22 65.0
367.25 31.8
368.27 2.3
369.23 19.2
371.19 372.3
372.32 33.3
373.38 20.3
374.35 21.3
375.26 74.1
376.21 70.9
377.26 184.6
378.24 104.8
379.15 30.9
380.19 14.7
381.03 7.7
382.71 7.0
384.03 9.5
385.30 732.2
386.24 134.3
387.33 64.3
388.72 18.1
389.41 12.7
391.03 78.9
392.17 60.4
393.21 95.8
394.38 56.1
395.10 1.7
396.24 1.4
397.50 15.1
399.80 6.8
403.31 1334.2
404.30 1117.6
405.17 226.4
406.24 16.5
407.30 6.6
410.11 11.8
412.86 22360.1
413.83 70.7
414.69 60.5
415.44 1.6
416.50 16.2
417.37 4.8
418.21 2.2
420.91 5.9
421.74 5.7
430.29 12.5
431.21 1.5
433.70 1.5
436.26 5.1
440.28 170.9
441.66 7.4
454.44 11.1
458.33 109.1
459.22 7.2
460.56 2.4
468.92 4.6
472.35 2206.2
473.30 123.8
473.94 2.1
482.27 14.9
484.14 1.9
508.37 5.1
516.03 1.5
525.39 2.4
528.19 2.6
529.58 3.7
535.23 30.7
536.58 26.1
538.59 3.5
543.57 2.8
549.55 5.8
553.32 157.6
554.37 6.3
555.32 3.0
561.89 3.3
567.00 2.5
569.35 3.3
571.36 758.5
572.45 48.5
578.62 3.3
597.35 11.3
607.52 16.7
608.18 1.3
611.15 1.3
616.21 5.3
619.30 5.5
621.72 2.9
632.25 6.0
641.43 2.2
650.26 4.6
651.58 3.9
654.22 16.2
655.44 1.6
664.47 3.6
665.54 9.2
666.53 4.4
667.77 4.8
668.73 3.5
672.42 1801.7
673.53 132.3
678.78 2.4
681.48 2.5
682.54 7.5
686.91 3.2
692.58 4.3
695.57 2.4
714.33 6.3
725.52 73.6
726.53 17.8
727.55 2.5
735.30 1.8
737.55 2.8
743.55 100.5
744.61 6.0
755.75 1.5
819.94 3.4
