856.5265999999999 2
121.07 6.1
121.96 1.5
122.96 1.5
124.19 3.0
127.13 1.2
128.09 352.7
129.05 61.0
130.13 29.5
131.15 17.5
132.19 3.3
133.05 43.6
134.10 10.5
135.19 23.4
136.18 14.2
137.20 21.3
139.15 9.5
140.14 3.2
141.11 12.0
143.22 7.1
144.19 10.8
145.22 17.2
146.04 4.6
147.16 24.6
148.08 3.0
149.18 39.2
151.22 6.2
152.57 9.0
153.18 6.4
155.06 42.4
157.12 79.8
158.23 6.6
159.29 28.4
160.20 38.9
161.33 50.7
162.18 151.4
163.15 42.6
164.23 18.7
165.13 4.7
166.11 3.2
167.15 8.3
168.43 11.4
169.33 13.7
170.14 12.0
171.07 10.4
173.15 43.8
174.19 12.8
175.22 26.0
176.08 5.9
177.15 71.1
178.26 16.3
179.13 24.8
180.09 3.2
181.16 23.8
182.18 8.5
183.22 7.3
185.17 286.2
186.27 18.3
187.11 7.9
188.44 3.4
189.33 11.9
190.33 6.1
191.21 8.3
192.21 4.6
193.18 29.8
194.25 21.4
195.17 20.8
196.25 13.3
197.29 37.6
198.08 10.3
199.23 68.7
200.24 31.0
201.26 16.0
202.22 6.8
203.15 31.7
204.12 14.1
205.16 35.7
206.16 9.8
207.10 17.6
209.02 55.4
210.17 11.7
211.28 5.4
212.20 25.0
213.21 26.4
214.24 32.3
215.15 62.0
216.29 5.6
217.15 15.7
218.24 18.6
219.25 8.8
220.08 10.2
221.18 39.0
222.17 13.7
223.18 17.1
224.07 3.8
225.27 13.9
226.24 20.2
227.29 27.1
228.15 14.0
229.25 19.7
230.22 16.8
231.14 33.4
232.20 39.7
233.26 35.3
234.18 18.5
235.08 16.8
236.19 6.2
237.30 17.4
238.13 8.5
239.20 11.9
240.22 25.9
241.46 20.2
242.22 50.6
243.20 41.7
244.24 29.8
245.11 17.1
246.18 20.7
247.23 19.3
249.14 172.9
250.25 56.3
251.17 55.4
252.25 14.2
253.14 13.4
254.26 15.4
255.20 26.4
256.74 13.1
257.34 29.5
258.28 29.9
259.11 18.8
260.21 25.0
261.17 42.3
262.26 11.6
263.25 20.6
264.26 20.2
265.23 57.1
266.15 35.9
267.08 127.7
268.26 105.4
269.37 14.4
270.48 14.8
271.30 19.4
272.25 121.2
273.29 36.3
274.22 23.6
275.32 8.7
276.13 9.4
277.16 6.6
278.40 24.5
279.17 44.9
280.27 40.9
281.15 33.3
282.08 29.0
283.18 25.2
284.27 50.8
286.20 253.0
287.24 28.3
288.23 18.1
289.44 10.8
290.33 25.1
291.46 19.5
292.48 6.9
293.11 15.5
294.36 66.4
295.25 27.4
296.20 51.3
297.11 15.3
298.23 34.4
299.25 17.9
300.33 9.0
301.23 11.4
302.22 13.9
303.06 1.2
304.23 12.9
305.35 11.5
306.25 29.8
307.09 25.3
308.10 6.9
309.19 41.1
310.36 50.2
311.39 36.5
312.30 34.4
313.29 21.3
314.28 19.0
315.26 25.3
316.08 8.0
317.25 10.3
318.37 26.7
319.12 101.4
320.15 6.1
321.21 18.4
322.22 26.7
323.43 13.5
324.18 7.4
325.17 55.3
326.19 14.2
327.40 85.5
328.22 19.3
329.26 7.5
330.22 13.4
331.23 16.7
332.56 14.2
333.23 1.6
334.23 10.0
335.21 23.8
336.31 28.4
337.19 39.0
338.20 33.9
339.25 120.2
341.07 2333.6
342.19 37.3
343.29 67.4
344.17 33.9
345.24 21.1
346.21 46.0
347.28 25.5
348.22 23.6
349.52 7.6
350.40 12.8
351.17 19.8
352.48 23.5
353.25 9.1
354.25 43.0
355.27 30.2
356.22 46.7
357.17 91.6
358.24 67.7
358.86 83.8
360.03 42.0
360.89 23.9
361.72 5.9
363.38 25.3
364.32 30.3
365.24 15.0
367.14 418.3
368.23 87.3
369.15 84.0
370.20 88.4
371.28 79.5
372.26 31.9
373.41 11.2
374.65 18.2
375.49 21.4
376.43 13.3
377.55 9.3
378.56 17.8
379.20 2.8
380.30 24.5
381.41 25.7
382.23 66.5
383.13 73.4
384.35 108.4
385.29 560.5
386.44 29.6
387.36 15.9
389.90 20.8
392.36 88.8
393.31 87.4
394.33 41.5
395.19 12.4
396.27 4.5
397.25 2.0
398.32 103.2
399.17 32.1
400.30 46.1
401.37 67.3
402.08 13.5
405.12 1.1
406.17 7.2
406.79 33.1
408.49 2.5
410.24 914.1
411.22 1381.8
412.20 179.7
413.17 9.7
414.30 11.7
417.39 3.3
419.92 7074.2
421.23 35.6
422.31 14.6
423.02 7.4
423.71 13.9
424.39 1.7
426.33 1.5
430.21 2.0
436.31 7.4
440.91 2.1
451.26 10.7
453.10 2.4
454.33 70.3
455.64 2.5
459.27 2.6
460.72 5.9
465.22 3.1
467.26 2.9
468.31 2.5
472.35 1346.0
473.37 101.0
473.98 2.4
479.97 2.6
483.13 1.3
493.51 3.4
503.54 6.7
509.18 1.4
524.34 4.4
528.71 1.5
534.69 3.7
535.49 5.0
547.30 8.3
547.93 2.9
549.14 13.1
550.30 7.2
554.32 3.6
557.41 17.4
558.31 1.0
560.34 2.1
562.31 3.5
567.48 24.0
568.30 3.5
570.17 2.0
571.45 527.2
572.52 51.1
573.20 1.7
574.56 8.5
577.40 2.8
585.45 2.4
591.36 9.2
593.34 2.9
595.52 4.2
597.89 5.6
603.42 3.0
611.71 1.4
613.86 5.6
616.41 2.1
617.07 4.9
618.30 1.6
626.98 3.1
632.26 1.0
633.50 4.6
635.32 6.6
636.52 1.5
637.48 4.5
642.47 1.8
652.17 4.1
654.40 29.0
655.57 6.3
664.56 5.8
665.71 1.2
672.46 2358.5
673.48 340.3
680.27 2.0
682.62 2.0
687.49 1.4
699.54 3.4
702.98 3.3
708.74 7.3
710.50 2.5
713.23 3.1
723.28 2.9
725.47 236.2
726.47 47.2
727.34 4.5
729.52 3.9
735.43 3.2
741.48 4.1
743.46 1123.3
744.59 181.8
753.43 6.4
754.32 3.3
771.83 1.7
783.57 1.2
819.17 3.1
820.15 2.2
833.52 1288.0
834.56 390.0
835.54 110.4
836.58 27.8
