1319.55742 2
199.17 1.5
200.26 1.3
210.22 4.3
211.05 1.6
211.91 1.2
215.08 5.1
216.13 3.2
229.97 3.1
231.30 4.1
234.01 2.8
236.19 2.0
242.40 8.8
244.35 6.8
246.40 4.3
247.07 2.5
251.02 3.1
252.31 2.3
254.59 2.6
256.20 3.4
260.06 5.8
263.08 4.0
265.25 1.1
269.18 5.8
270.37 3.0
272.34 1.0
273.14 1.3
284.24 3.5
287.36 1.3
288.16 1.5
289.51 4.4
291.94 1.0
297.11 1.7
302.36 2.6
317.40 7.3
324.00 5.3
326.14 3.4
326.98 2.1
329.99 1.3
334.26 2.1
336.84 5.0
338.37 15.7
339.18 7.0
340.93 8.0
343.30 1.1
350.00 2.9
351.41 2.8
352.20 1.5
353.23 1.2
355.12 7.4
357.21 3.4
358.47 2.2
359.57 2.7
360.30 2.6
361.25 11.0
362.24 4.0
362.98 6.5
365.31 12.4
367.29 3.1
369.20 1.3
370.61 3.6
372.59 1.5
379.41 5.8
381.33 1.9
383.08 10.4
389.39 3.5
390.10 3.8
390.91 5.7
391.51 2.8
392.99 1.3
394.14 1.7
397.35 2.0
398.45 7.9
399.25 1.5
400.28 1.5
401.06 3.3
403.10 1.4
405.98 2.7
408.03 1.2
410.34 1.1
411.53 6.3
412.28 1.7
413.40 3.1
415.28 2.1
416.34 6.5
419.37 2.0
423.25 12.5
424.44 1.5
425.10 4.8
426.20 1.3
427.12 3.8
429.23 1.4
430.45 2.5
431.49 10.4
432.14 2.5
434.05 2.2
436.35 12.1
439.21 3.5
442.34 6.1
443.21 8.2
444.16 1.6
445.48 3.8
448.39 1.7
449.23 11.6
452.33 3.5
453.14 2.6
456.74 13.4
458.20 3.2
459.03 1.8
460.30 6.9
461.38 5.5
463.71 7.3
465.07 1.2
467.30 1.5
468.43 6.6
470.17 5.6
471.35 6.9
472.50 15.0
474.92 14.9
479.26 2.9
480.28 11.4
481.54 1.2
483.17 5.0
485.16 2.2
486.16 6.3
487.13 19.5
488.19 6.7
489.26 1.0
491.15 14.7
496.45 2.0
499.97 18.7
501.11 2.8
503.55 8.1
505.54 9.5
506.72 10.4
507.82 8.4
509.42 6.2
510.49 6.3
512.85 50.9
514.28 18.8
516.57 2.5
519.37 9.0
521.58 39.2
522.30 54.5
523.24 11.0
524.45 11.4
526.29 8.9
527.35 2.3
528.40 3.0
529.29 12.3
531.10 81.4
532.27 2.0
533.14 3.2
534.92 12.6
535.77 6.5
537.52 4.1
538.23 1.8
539.17 13.7
540.20 51.3
541.24 7.8
542.18 3.4
543.32 8.9
543.93 33.6
544.59 3.7
545.51 10.8
546.16 41.2
547.17 16.9
548.71 10.2
551.01 14.7
552.57 70.0
553.40 14.0
554.48 19.9
555.23 5.4
556.58 26.9
557.22 5.1
558.27 4.3
560.42 26.6
561.38 3.4
562.42 8.7
563.41 12.0
564.73 16.4
566.08 15.8
567.30 6.7
568.22 6.3
569.55 4.3
570.46 15.5
571.28 3.2
572.27 2.1
573.51 7.2
574.77 19.5
575.42 4.8
578.76 36.2
579.36 7.7
581.00 7.1
582.39 17.8
583.19 20.2
584.15 99.0
585.24 7.5
586.48 44.0
587.18 9.5
587.97 14.6
589.48 5.7
590.35 1.9
592.46 43.9
593.58 15.7
594.82 6.1
597.32 10.3
598.74 26.0
599.39 9.5
600.19 7.3
601.02 8.7
602.23 17.1
603.03 11.2
603.81 10.4
605.40 3.1
607.40 94.6
608.37 13.5
609.76 23.2
610.45 2.7
611.73 36.8
612.57 11.2
614.21 21.7
615.72 83.3
616.45 245.3
618.60 4.2
620.64 131.8
621.35 4.8
622.40 19.6
624.10 9.8
625.06 38.2
626.36 1.4
628.17 13.8
629.23 233.7
629.84 111.9
630.49 31.1
632.32 25.5
633.69 50.8
634.40 5.9
635.95 17.2
638.14 1383.0
638.86 157.4
639.93 7.6
641.86 38.3
642.47 243.7
643.41 83.4
644.13 8.7
645.28 34.7
648.44 12.0
649.12 13.7
651.16 124.4
652.05 20.5
669.33 8.3
674.39 20.7
675.56 3.1
678.36 1.1
679.34 2.6
683.33 6.5
685.98 7.2
687.43 2.3
692.54 2.0
696.44 2.1
697.11 3.1
699.41 2.1
700.41 19.8
701.19 7.2
702.32 2.0
704.19 1.2
704.91 1.3
709.41 7.5
710.54 2.9
711.63 3.0
713.26 5.1
715.06 4.1
718.57 77.8
719.51 31.9
723.57 5.8
727.07 4.6
728.42 5.1
729.47 7.4
730.70 5.3
734.10 6.4
736.54 10.8
737.46 3.9
743.49 2.1
744.23 4.9
748.67 2.9
750.45 3.0
754.99 5.9
757.59 8.6
759.67 1.6
764.94 5.5
765.79 9.4
768.87 2.7
769.60 4.1
772.58 2.0
773.25 5.7
775.88 18.7
778.13 1.5
788.25 1.2
789.49 6.7
790.52 7.1
792.70 2.4
794.08 2.0
798.04 12.8
801.49 4.9
805.63 3.4
808.16 3.0
812.35 8.4
813.53 4.8
814.46 3.2
815.47 7.9
816.70 6.5
819.68 3.0
822.31 10.8
822.99 2.0
824.00 6.5
824.67 1.6
826.34 2.2
829.53 10.7
832.65 13.1
833.59 19.2
834.48 19.2
837.61 2.6
839.27 11.5
841.26 5.3
842.18 2.0
843.49 15.5
848.64 4.6
850.51 6.1
851.36 4.3
852.36 8.4
855.65 2.4
859.03 9.9
860.18 35.1
861.02 15.8
861.78 2.9
868.13 7.7
870.57 2.3
874.32 1.6
876.41 1.3
878.14 4.0
885.37 4.2
886.46 6.2
887.52 3.9
888.30 4.9
889.77 9.6
893.19 4.3
896.40 3.0
897.84 4.6
898.50 13.4
899.38 5.0
903.32 6.4
904.42 5.5
906.43 4.3
913.44 4.3
914.76 24.0
915.65 9.5
923.01 2.7
923.65 3.2
924.35 2.8
925.24 1.1
929.78 6.4
932.27 2.5
933.70 14.0
940.48 1.1
941.63 1.2
943.35 4.2
946.49 3.2
949.33 1.4
953.49 1.9
957.33 2.0
959.24 19.4
960.27 25.8
961.74 2.1
972.43 12.3
973.46 4.0
976.73 3.7
981.41 4.6
993.71 4.1
997.14 3.2
998.43 8.0
999.46 4.8
1001.92 2.8
1009.67 1.5
1010.99 1.0
1012.76 2.6
1015.46 13.1
1016.39 26.8
1017.47 10.7
1024.52 1.7
1041.47 5.0
1042.33 19.9
1043.20 5.2
1044.57 1.2
1052.77 2.6
1056.24 3.3
1058.97 2.8
1060.37 14.7
1061.22 1.7
1061.86 9.8
1066.75 1.2
1067.45 1.1
1068.17 8.6
1069.49 6.6
1070.92 2.6
1073.85 14.4
1075.68 1.5
1077.48 1.0
1084.44 10.3
1085.77 23.7
1086.52 8.8
1087.38 16.2
1088.67 2.6
1093.57 8.7
1096.00 2.4
1102.47 2.8
1104.15 2.5
1105.09 4.9
1105.84 1.1
1107.83 4.3
1108.68 1.9
1109.58 5.5
1111.34 3.8
1112.67 3.1
1126.46 19.7
1128.97 34.6
1129.71 16.6
1130.45 30.5
1137.53 2.6
1138.98 2.3
1140.75 4.8
1142.18 2.6
1145.66 5.1
1154.93 10.1
1155.56 7.0
1156.54 9.3
1172.53 3.1
1173.37 3.7
1174.69 2.8
1183.63 9.2
1192.00 4.8
1203.72 1.4
