1187.68657 2
173.14 49.1
174.33 10.0
175.22 10.3
178.18 6.5
183.27 1.9
187.20 2.2
197.14 8.0
198.30 3.7
199.41 2.1
201.15 30.6
206.00 2.3
207.71 5.0
209.15 1.4
210.01 8.0
211.06 1.5
212.97 1.3
215.15 7.6
219.99 2.6
220.96 1.4
223.64 7.1
225.20 4.6
226.17 4.3
227.12 2.1
229.08 1.6
232.13 1.6
233.52 5.1
234.19 5.2
235.25 6.8
236.13 16.0
237.21 1.1
240.00 9.3
242.26 4.8
243.26 2.0
249.19 1.5
251.17 6.4
252.18 5.5
253.12 1.1
254.04 3.6
254.97 4.3
256.27 3.5
257.00 2.9
259.88 5.1
262.01 2.8
264.16 1.7
266.03 6.9
267.74 5.0
268.40 3.1
269.05 19.8
270.24 76.5
271.07 11.8
275.20 4.4
279.39 1.8
280.10 3.0
281.09 9.3
282.30 2.3
283.27 1.5
284.30 5.7
286.35 8.7
288.16 27.7
289.33 21.1
292.34 3.2
294.24 9.7
295.17 9.4
296.11 7.2
301.23 17.2
302.18 8.6
303.14 7.8
304.31 6.7
305.27 2.5
306.33 12.3
307.84 6.1
308.94 2.0
310.55 2.0
311.40 3.3
312.36 5.8
314.17 3.0
316.11 6.5
316.98 7.2
319.30 1.5
320.24 3.1
320.90 1.1
322.31 6.6
323.21 2.5
325.35 2.0
327.05 4.8
328.17 22.3
329.19 18.2
331.35 2.9
333.88 3.1
335.75 6.1
337.37 10.8
339.42 3.4
341.68 2.8
342.46 2.8
344.30 1.9
346.30 115.4
347.13 16.7
348.30 11.5
349.19 7.4
350.73 19.5
351.35 1.1
352.36 1.0
353.36 1.2
354.18 10.2
355.28 27.0
356.47 17.1
357.42 12.0
359.51 8.1
360.31 12.0
361.16 1.8
362.25 5.4
363.27 1.6
364.49 2.0
365.30 9.9
367.77 11.5
369.21 4.3
371.82 10.1
373.27 7.6
374.36 1.1
375.10 2.0
377.61 4.3
381.24 11.7
382.15 17.3
383.15 50.6
384.08 29.0
385.17 34.8
385.89 6.4
386.86 8.9
389.61 9.8
392.36 6.3
393.31 6.7
394.10 19.7
395.25 9.8
396.17 1.3
400.35 5.2
403.28 13.4
404.10 5.0
406.23 1.0
407.18 10.1
410.00 1.8
411.02 3.0
413.29 5.0
415.79 15.8
417.29 13.5
418.17 2.0
420.12 6.0
421.47 10.1
422.21 9.7
425.36 18.1
426.29 36.3
427.46 5.5
428.23 2.3
430.21 1.7
432.28 6.8
433.45 3.6
434.35 2.6
435.30 12.7
436.70 5.8
438.36 33.1
439.36 6.4
440.24 11.0
441.70 10.5
442.37 13.2
443.44 22.3
444.59 4.4
445.21 4.5
446.31 4.6
447.44 1.1
448.13 1.6
448.98 6.8
450.83 73.3
451.57 22.7
452.40 7.1
453.11 1.1
454.39 18.5
455.27 1.7
456.30 5.0
457.02 1.8
458.04 2.4
458.81 2.5
459.97 4.4
460.60 12.0
461.37 4.6
463.19 29.4
464.35 7.3
465.45 4.2
466.27 5.7
467.31 5.5
468.21 16.0
469.34 5.5
470.53 29.0
471.63 15.0
472.59 7.5
473.59 14.2
475.74 3.8
476.53 10.6
477.20 6.0
477.97 7.5
479.18 19.7
480.08 8.7
481.47 3.4
482.26 2.3
483.05 5.0
484.33 12.6
485.37 30.3
486.38 6.7
488.10 7.6
489.48 11.8
491.34 11.5
492.45 6.8
493.62 15.7
494.55 84.9
495.43 7.3
496.27 3.9
497.13 8.0
498.20 13.4
499.55 2.4
500.41 3.5
503.41 9.3
504.91 19.8
506.44 7.5
507.44 4.4
508.54 9.1
509.31 19.3
510.31 1.8
511.29 7.5
512.19 45.9
513.25 92.5
514.32 24.2
515.40 19.6
516.24 4.4
517.81 9.1
519.45 2.4
520.77 11.9
521.86 3.4
524.09 11.7
526.73 29.2
528.18 11.2
529.67 5.0
530.89 27.8
532.77 5.8
533.52 9.6
534.51 4.5
535.38 1.9
536.64 25.2
537.44 6.5
538.74 14.7
539.48 11.1
540.33 9.7
541.36 90.6
542.25 33.9
542.93 5.1
543.89 1.7
544.67 15.5
545.35 7.5
547.30 7.6
548.34 9.7
549.48 9.0
550.99 140.3
551.76 1.0
552.61 1.7
553.34 15.2
554.47 3.4
555.10 8.6
556.33 35.7
557.51 14.3
558.43 5.0
559.19 28.4
559.80 12.9
560.45 2.5
561.86 123.0
562.85 13.7
563.56 10.8
564.68 26.2
567.83 51.1
568.53 25.3
570.01 25.5
571.14 23.6
572.19 46.4
573.21 15.7
574.48 7.2
576.23 94.4
577.17 154.1
579.35 135.2
580.06 56.2
580.86 20.5
582.41 21.3
585.33 616.6
585.99 207.2
587.49 6.5
598.38 3.5
603.69 6.6
609.46 3.0
611.49 1.9
612.29 3.4
613.48 20.4
614.41 5.7
615.56 11.6
618.65 3.5
622.14 7.3
623.23 2.2
625.18 2.8
627.40 2.3
628.65 1.9
629.59 2.5
630.58 14.1
631.51 17.1
632.46 7.0
639.37 4.9
640.52 27.2
642.14 5.0
644.32 6.2
645.50 1.3
646.12 6.3
647.59 9.9
649.78 2.0
650.69 3.9
651.51 1.2
653.27 4.9
654.13 4.5
655.34 25.5
658.59 1.9
662.83 6.7
663.56 1.4
681.47 6.5
683.61 29.5
684.44 12.6
687.48 21.2
688.65 4.4
689.37 6.5
693.46 6.3
695.34 10.0
698.50 2.8
699.61 28.6
700.59 48.1
701.65 8.5
703.65 3.5
706.46 4.0
707.78 3.9
708.48 2.2
709.69 2.4
711.65 7.8
713.57 11.2
716.43 1.9
717.48 8.7
718.75 4.3
720.10 7.2
723.46 2.1
724.72 7.6
725.75 5.1
726.45 3.0
727.56 76.5
728.69 19.7
729.59 4.1
730.54 1.2
732.61 1.4
734.87 7.1
736.06 3.8
738.46 7.8
740.09 9.8
742.32 70.7
743.49 19.9
744.42 3.1
745.71 8.1
746.55 1.4
748.35 3.5
749.56 1.0
750.27 2.6
752.64 12.5
753.54 1.0
754.57 4.8
755.98 2.6
756.59 8.1
757.63 4.5
759.52 2.2
764.07 6.4
764.67 2.8
767.69 1.2
768.51 5.5
770.51 121.4
771.54 40.4
772.51 9.4
776.51 5.3
781.52 4.6
782.67 4.0
787.62 3.0
788.93 6.9
792.34 3.8
793.53 2.5
794.65 2.2
795.50 3.7
796.51 5.4
798.41 2.4
799.84 1.6
803.36 6.6
809.56 5.3
810.77 1.1
813.03 7.9
814.71 14.2
815.40 2.7
817.72 2.5
820.64 4.2
821.43 1.5
823.34 4.1
824.37 2.7
825.30 5.2
827.73 2.8
829.85 2.1
830.73 9.1
831.60 11.4
832.91 6.1
834.58 7.2
837.11 1.4
839.52 15.2
840.76 10.4
841.60 3.3
842.64 17.0
843.65 3.9
851.74 1.9
855.48 27.4
856.57 7.0
858.23 5.0
859.56 1.8
863.65 7.4
865.64 1.6
868.66 2.2
871.30 1.7
872.76 4.0
873.44 1.2
874.55 3.1
882.62 8.1
883.66 28.7
884.68 6.2
885.69 3.2
889.32 1.4
891.20 2.2
892.35 1.9
893.70 1.6
895.56 3.8
899.77 13.8
900.64 55.5
901.77 5.9
907.84 5.3
909.58 22.7
911.00 1.5
913.54 5.9
915.11 5.5
917.55 5.4
921.65 6.8
924.80 13.1
925.74 3.7
926.48 12.9
927.55 7.5
928.57 14.4
929.44 2.8
936.69 9.3
941.07 5.1
942.67 34.6
943.61 12.8
944.64 4.3
945.90 1.6
948.41 2.3
952.62 8.4
953.63 3.2
956.54 8.9
957.65 2.5
962.38 4.2
963.42 3.9
968.83 2.2
970.67 63.8
971.63 35.0
972.33 5.0
974.93 3.2
984.47 1.7
985.71 3.7
986.61 5.3
987.74 3.4
988.50 2.0
994.11 1.6
995.83 3.7
998.40 4.8
1000.25 1.1
1002.84 1.0
1010.40 1.7
1012.57 15.7
1013.74 61.0
1014.63 21.8
1016.87 3.8
1017.76 1.4
1027.64 4.2
1028.64 2.7
1030.82 24.4
1031.70 59.7
1032.91 12.0
1035.68 3.6
1037.53 2.8
1040.65 4.4
1042.92 1.8
1051.53 1.7
1053.49 4.1
1054.81 2.7
1063.63 2.4
1066.81 3.0
1071.83 4.9
1096.03 1.2
1099.63 32.1
1100.65 28.1
1101.63 1.2
1107.75 2.4
1112.43 9.7
1114.56 3.9
1124.69 12.7
1125.56 32.2
1126.73 21.1
1131.86 3.5
1142.64 164.6
1143.75 75.9
1144.61 8.0
