1162.4168 2
169.11 5.0
170.18 1.1
173.03 2.0
175.15 40.2
176.16 2.6
177.35 5.7
178.09 10.9
179.89 6.1
183.23 8.9
184.12 3.6
185.14 2.7
187.01 12.2
188.16 6.0
191.15 1.1
193.10 3.6
194.00 1.3
195.31 4.4
201.21 13.6
202.41 2.5
204.32 6.5
208.06 4.5
210.08 5.5
211.04 3.0
212.03 1.5
213.27 2.7
213.93 1.8
214.98 3.6
217.05 1.4
219.22 1.4
221.04 3.1
222.28 27.5
223.25 3.2
226.20 6.8
227.25 6.9
229.17 5.8
232.41 5.1
233.30 1.9
235.25 6.1
236.02 2.5
237.12 7.1
238.10 2.1
240.19 41.5
241.21 9.5
242.05 5.7
243.17 3.3
244.05 3.2
245.75 14.1
247.14 1.1
249.19 1.2
250.48 2.4
252.02 4.8
253.77 3.2
255.29 4.9
256.27 9.1
258.25 185.4
259.28 3.2
260.30 3.4
261.26 10.1
262.22 11.4
263.34 13.3
264.36 5.5
266.03 4.8
267.24 5.6
268.33 16.5
269.38 3.5
271.79 5.0
272.47 12.7
273.31 4.5
276.29 4.7
277.22 2.1
278.03 5.9
281.63 5.5
283.16 17.7
284.12 15.0
285.45 22.7
286.17 7.6
288.36 12.6
289.21 13.1
290.19 9.4
292.48 2.2
293.36 3.1
294.12 15.2
295.30 9.4
298.11 23.4
299.25 6.6
301.26 10.6
302.22 29.9
303.21 27.5
304.27 4.4
305.27 5.0
306.65 5.2
307.28 87.9
308.26 17.9
310.23 8.8
312.19 12.1
315.09 3.3
316.17 16.1
317.17 13.3
318.20 2.5
319.23 110.5
320.32 23.1
321.36 1.4
323.19 3.2
324.20 10.9
325.16 3.4
326.35 1.3
326.97 2.4
328.26 16.6
330.37 4.1
331.20 9.5
333.19 374.5
334.33 63.2
335.85 7.9
337.31 11.7
338.24 20.0
339.36 19.8
340.12 7.2
341.13 9.8
342.13 8.6
343.06 6.2
344.04 9.6
345.35 59.0
346.54 26.1
347.32 3.2
348.26 4.7
350.29 13.3
351.12 8.0
352.48 26.4
354.13 10.4
355.19 16.8
356.22 13.0
357.18 12.2
358.30 15.3
359.16 2.1
360.53 17.6
362.33 6.2
363.29 1.1
363.95 1.5
365.21 7.4
366.28 7.6
368.19 13.7
369.15 65.0
370.17 30.3
371.45 7.1
372.41 10.7
373.21 26.4
374.24 11.1
375.41 4.1
376.69 25.9
377.36 20.0
378.36 9.1
379.43 9.5
381.53 14.9
382.38 24.9
383.27 25.1
384.07 9.6
385.12 8.2
386.22 24.4
387.16 26.0
388.32 17.1
389.39 9.5
390.60 67.1
391.27 59.9
392.21 9.9
394.12 5.2
395.63 8.6
396.53 1.9
397.18 2.3
399.05 2.4
400.41 8.1
401.28 5.7
402.47 7.2
403.11 6.5
405.15 1233.3
406.26 173.3
407.34 20.9
408.35 15.1
409.20 6.2
409.94 3.6
411.29 6.9
412.29 26.1
413.20 8.3
414.63 15.8
415.69 24.8
416.41 7.1
417.22 3.3
418.31 8.7
419.37 14.1
420.24 7.6
421.46 27.1
422.73 9.6
423.34 7.9
424.46 89.0
425.41 29.9
426.20 5.1
427.05 7.2
428.36 10.4
429.37 11.2
431.04 13.7
432.16 24.5
433.24 1.5
434.92 4.8
435.81 4.9
437.29 21.8
438.14 15.5
439.41 38.7
440.26 20.6
441.45 19.7
442.42 34.4
443.54 12.8
444.46 42.6
445.31 7.1
446.05 2.3
447.28 6.5
448.40 56.1
449.30 11.4
450.37 5.5
451.18 11.1
452.35 13.2
453.33 9.6
454.06 18.2
455.20 9.0
455.94 2.6
457.04 100.6
458.14 27.6
459.37 31.3
460.37 18.1
461.42 20.9
462.23 29.0
463.51 7.9
464.43 17.4
465.32 15.7
467.04 58.0
468.09 41.6
469.15 12.4
470.56 23.8
471.24 38.7
471.91 11.8
472.60 13.9
473.37 11.8
474.91 17.5
476.31 55.7
477.29 10.3
479.82 171.8
481.22 39.6
482.60 8.0
483.28 18.2
484.30 10.6
485.43 8.8
486.46 20.7
487.26 6.2
488.58 72.0
489.34 44.1
490.14 6.1
491.35 4.8
492.51 21.6
493.30 33.6
494.43 121.7
495.24 13.3
496.71 8.8
497.58 3.9
498.35 13.7
499.80 41.2
501.36 27.3
502.27 2.9
503.20 7.3
504.37 19.2
505.60 14.5
506.43 44.2
507.45 31.6
508.60 49.3
509.30 27.1
510.38 12.9
511.12 8.7
512.42 7.3
513.23 3.7
514.26 25.9
515.27 58.2
515.95 120.9
517.39 43.3
518.30 23.8
519.34 67.4
520.27 41.3
521.33 76.8
522.40 18.1
523.58 64.1
524.58 372.2
525.32 9.3
527.16 15.7
528.23 37.5
529.27 27.5
529.99 14.9
530.64 11.7
532.24 5.9
533.28 23.2
534.38 40.9
535.45 19.0
536.97 75.7
538.06 33.3
538.85 27.9
539.91 17.5
540.66 25.5
542.21 12.4
543.22 47.3
545.20 50.8
546.29 93.7
547.30 11.3
548.31 7.0
549.57 9.4
551.00 149.5
552.15 44.1
553.63 14.8
554.55 40.7
555.38 149.0
556.26 47.4
557.25 31.3
558.66 16.4
559.81 83.9
560.71 39.6
561.46 16.1
563.50 633.5
564.30 945.5
564.92 233.7
565.88 11.7
566.73 18.9
567.89 16.6
568.93 33.0
569.58 12.5
570.32 32.6
571.94 114.2
572.62 1842.9
573.32 902.5
591.32 120.7
592.28 39.0
593.55 6.9
597.75 3.6
600.96 1.6
602.50 5.1
604.59 2.9
606.41 17.2
607.45 7.2
609.03 9.3
609.67 12.9
610.28 4.6
613.13 5.3
616.54 5.3
619.31 3.2
620.28 5.6
621.73 3.6
623.19 3.1
625.34 17.5
626.70 38.0
627.36 21.3
628.41 3.2
630.18 7.8
631.91 14.5
632.62 12.6
633.43 8.9
635.06 6.5
637.40 4.2
639.31 5.1
642.38 1.6
643.17 14.2
644.18 10.0
649.45 30.4
650.42 7.0
652.49 9.6
654.72 11.3
655.36 3.8
656.78 7.5
657.92 5.8
660.65 1.6
662.35 9.7
663.59 12.4
665.99 1.5
668.39 17.2
669.64 13.7
670.58 37.3
671.90 23.2
673.16 7.5
674.40 1.6
675.49 2.4
676.51 2.9
679.71 2.5
681.52 14.1
682.41 6.2
683.25 2.5
684.25 6.4
684.95 15.6
686.34 2.7
687.44 57.6
688.45 30.0
689.32 13.1
690.55 14.7
691.31 4.8
692.48 53.3
693.29 4.5
694.39 1.8
695.38 8.9
696.31 1.5
697.73 18.7
698.36 4.1
699.95 1.1
701.56 26.9
702.29 21.4
703.53 42.4
704.45 20.8
705.54 31.0
706.40 122.9
707.52 34.5
709.72 8.5
710.50 2.6
711.15 2.0
711.95 2.8
713.20 1.8
714.13 1.2
715.42 35.2
716.53 10.7
718.36 3.3
719.14 2.2
720.40 6.9
721.13 16.1
722.90 19.0
723.63 16.6
724.55 5.0
725.54 6.8
729.51 1.0
732.52 20.5
733.62 12.5
734.57 25.8
735.56 12.8
738.04 2.2
739.19 9.5
740.68 46.6
741.49 86.3
742.58 12.4
743.27 3.9
744.56 10.0
745.88 8.4
746.55 11.7
747.58 3.0
748.60 6.2
749.45 4.9
750.19 10.2
753.25 5.9
754.15 10.6
755.18 6.5
756.79 12.9
758.44 1123.6
759.42 370.0
760.23 19.2
762.90 13.7
763.76 20.6
764.45 2.5
766.35 9.4
769.69 4.9
772.53 48.6
773.46 24.5
774.26 15.3
776.21 13.7
777.37 17.3
784.38 20.9
785.53 1.4
787.46 12.9
789.45 1.4
790.33 9.1
791.47 10.1
792.30 3.6
794.37 23.4
795.19 1.5
798.05 6.0
799.45 1.5
800.39 7.9
801.26 7.2
808.28 2.2
811.58 1.9
812.70 14.4
813.61 3.0
814.70 6.5
815.56 3.1
816.22 1.4
818.31 45.8
819.48 25.6
821.60 3.7
825.32 3.5
826.36 5.1
829.43 8.0
830.63 16.9
831.38 6.0
832.72 11.5
835.27 15.0
835.93 2.0
836.60 2.1
839.85 2.3
841.37 2.4
843.88 5.7
844.64 3.6
847.38 14.3
848.32 41.0
852.29 20.7
855.86 5.8
856.61 19.7
857.31 4.4
858.33 6.3
859.27 11.6
860.83 6.7
862.23 9.5
868.49 10.3
870.23 78.2
871.32 9.5
873.52 1.9
875.38 62.4
876.46 41.6
877.53 34.8
878.54 16.6
880.64 1.8
884.36 7.4
885.38 3.1
886.67 12.0
887.36 81.8
888.33 147.5
889.11 1.2
892.44 2.5
893.50 7.2
895.33 3.9
896.47 8.9
899.66 2.5
900.90 9.7
902.41 15.2
905.45 7.2
906.45 6.2
914.20 7.1
916.62 2.4
919.51 6.5
920.46 1.7
922.56 3.6
924.31 3.1
926.45 8.4
930.43 5.3
933.59 2.4
937.72 1.3
940.35 5.2
941.53 1.6
942.56 7.8
943.88 10.9
945.61 4.1
949.54 4.5
954.65 4.0
958.41 9.9
960.35 79.8
961.36 51.4
962.52 10.9
963.64 5.5
968.36 1.4
970.30 4.4
971.43 21.4
972.39 1.8
975.88 14.2
977.61 5.6
978.40 3.2
979.10 1.5
980.09 2.5
981.48 15.3
982.56 8.9
987.40 4.9
988.46 199.1
989.50 70.5
990.57 1.8
997.28 16.9
998.29 29.0
999.26 20.9
1000.23 17.4
1005.56 10.8
1006.44 34.8
1007.36 12.6
1015.31 36.0
1016.31 60.0
1017.47 88.9
1020.24 2.5
1031.81 4.9
1033.32 9.7
1034.29 5.8
1035.62 9.7
1049.65 2.9
1060.43 6.5
1079.46 3.6
1087.25 6.1
1105.65 2.0
1123.77 1.5
1139.11 2.3
1140.59 50.2
1141.52 42.6
1149.69 1.5
1150.73 3.4
