2748.31403 5
157.21 3.7
159.23 220.2
160.11 18.1
160.99 14.5
164.16 11.9
165.79 12.8
167.25 6.6
168.21 17.5
169.25 29.0
170.09 15.9
171.03 36.4
172.56 6.4
173.56 2.7
174.34 9.9
176.29 2.6
178.07 17.2
180.09 7.8
181.33 75.4
182.29 6.9
183.98 25.9
185.22 18.1
186.23 25.9
187.20 98.1
188.00 13.2
191.26 3.1
192.22 5.2
194.31 9.5
195.39 3.7
196.20 19.3
197.25 2.8
198.21 86.3
199.11 49.6
200.30 2.5
201.02 10.9
201.99 47.2
202.95 3.3
209.01 12.8
210.20 15.6
213.19 22.3
213.91 5.6
216.09 191.8
217.13 67.2
218.40 2.6
219.14 3.6
221.02 5.8
222.08 18.4
223.38 4.5
224.27 2.6
225.50 13.8
227.10 11.7
228.21 12.7
229.17 5.1
234.13 20.7
235.21 17.4
236.02 15.1
237.36 14.6
238.31 4.0
239.18 7.4
240.31 22.4
241.21 185.8
242.18 24.2
243.21 13.7
246.12 12.2
249.48 4.4
250.12 2.3
251.37 9.8
252.29 5.5
253.32 6.7
256.32 14.1
258.17 193.3
259.25 56.2
260.27 14.6
262.16 5.2
265.26 2.2
267.14 6.4
268.71 81.9
269.79 37.8
272.16 13.3
273.08 5.7
274.33 10.9
276.34 13.9
276.98 6.4
278.17 2.5
279.45 17.8
280.26 21.9
281.30 4.6
282.18 5.4
284.25 13.5
285.61 135.9
286.23 123.8
287.33 59.0
288.31 15.4
289.22 2.6
291.41 5.1
292.34 8.9
294.16 66.7
295.09 53.6
296.19 17.5
297.13 25.8
298.07 40.0
300.31 6.5
302.27 2.1
306.22 15.3
307.16 4.5
308.40 13.7
309.46 2.5
312.31 62.2
313.33 83.0
314.27 20.5
315.19 26.5
317.71 8.3
319.68 25.9
320.46 2.1
322.14 40.4
323.22 15.1
324.61 6.9
325.39 8.9
326.05 10.3
327.02 6.8
328.23 10.9
330.28 27.6
331.18 34.9
332.13 2.6
333.97 6.5
335.26 3.2
337.23 2.9
338.84 22.6
340.11 28.6
341.19 5.7
342.01 23.3
342.92 8.7
344.16 14.1
346.31 10.0
349.02 24.3
350.22 43.6
351.22 4.4
353.17 9.1
354.22 4.9
355.80 10.1
356.45 8.7
357.18 17.7
358.39 4.3
362.17 7.8
363.74 5.9
364.90 18.7
365.80 6.2
367.09 49.5
368.32 16.0
369.23 21.4
370.32 16.4
372.58 20.3
373.54 4.6
374.23 5.7
375.23 7.6
376.40 12.0
379.23 5.1
379.85 6.6
382.11 3.8
383.50 8.6
384.33 20.2
385.06 42.6
386.16 17.8
387.60 18.5
390.17 26.9
391.56 15.2
393.35 2.7
394.38 8.5
397.17 30.8
398.23 24.4
400.50 24.2
402.31 87.6
403.16 22.9
404.26 12.1
405.75 26.1
407.04 10.0
409.38 126.8
410.31 5.4
411.25 8.3
414.30 16.2
415.15 9.7
416.59 16.8
417.29 11.5
419.27 24.3
420.35 2.5
421.17 7.3
421.90 3.8
424.37 2.1
425.23 2.9
426.35 12.2
427.93 41.9
429.60 3.9
431.41 4.7
435.19 29.4
436.15 43.8
437.21 30.2
438.18 11.0
441.86 20.9
443.44 17.0
444.67 11.2
445.97 60.3
448.62 21.0
449.91 9.4
451.34 2.2
452.50 54.9
453.36 2.7
454.79 2.4
456.49 26.0
457.87 38.4
459.27 11.5
459.93 20.2
461.55 25.7
462.23 7.3
464.23 9.3
464.89 6.4
466.26 20.8
467.66 39.4
468.33 38.8
469.38 85.3
470.25 16.8
471.35 24.7
472.15 7.3
473.25 8.4
474.29 17.9
476.39 44.9
477.30 42.2
479.07 27.4
480.15 6.7
481.32 10.5
482.14 43.3
484.42 121.9
485.34 14.4
486.61 29.1
487.81 76.8
488.61 10.0
489.46 3.7
490.70 37.6
491.37 13.4
492.27 27.0
493.47 3.4
494.16 11.9
495.10 10.6
496.30 11.1
497.41 25.0
498.42 56.9
499.54 96.0
500.42 37.9
501.38 147.4
502.45 140.7
503.14 112.0
504.42 206.9
505.40 94.0
506.64 131.7
507.73 253.0
508.48 52.4
509.90 354.8
510.68 23.5
511.33 110.9
512.60 137.5
513.63 14.4
514.71 120.7
515.58 165.5
516.44 186.9
518.02 319.9
519.02 306.1
519.73 66.1
520.73 249.4
521.53 1044.5
522.44 244.2
523.25 76.6
524.46 1146.8
525.10 1622.9
525.79 372.9
527.46 482.2
528.53 1555.0
529.87 556.0
531.02 574.5
532.02 244.3
532.65 152.9
533.31 411.4
534.46 765.1
535.14 676.3
536.11 185.1
536.97 290.3
538.28 3821.8
540.30 3627.8
541.68 2259.7
543.17 95.9
544.08 33.7
545.30 29.6
546.75 12.7
547.87 3.8
548.47 5.8
549.17 4.5
555.10 19.3
558.51 3.0
559.39 58.4
560.42 90.3
563.31 290.8
564.08 9.9
564.86 33.9
567.08 46.8
568.45 50.7
569.07 89.2
571.05 48.5
573.00 125.0
573.66 154.9
574.42 19.0
575.13 9.0
576.33 74.5
577.48 81.8
578.27 41.9
579.43 51.5
580.57 138.2
581.36 76.2
582.08 14.5
583.20 278.1
584.60 302.4
585.41 101.1
587.89 1320.4
588.87 298.5
589.70 93.8
591.25 31.2
592.24 162.4
594.14 83.2
595.03 50.2
596.16 43.6
597.36 72.3
598.27 108.6
598.87 205.2
599.49 96.8
600.76 246.5
601.89 237.0
603.08 62.1
603.89 64.8
605.31 875.4
606.20 429.1
607.03 133.3
608.18 422.1
609.49 1094.3
610.25 433.0
611.89 132.3
612.57 1328.8
613.21 172.7
613.99 553.2
615.28 135.0
616.51 305.0
617.16 550.6
618.56 293.0
620.67 32.2
621.62 34.7
622.67 339.3
623.29 325.3
624.58 118.4
625.82 314.0
627.08 1380.7
628.03 95.9
629.00 138.6
629.64 63.5
630.34 3544.2
631.68 612.2
632.54 342.3
633.51 669.3
634.54 5673.0
636.05 190.3
637.30 2539.7
638.54 809.2
639.27 264.7
641.03 493.0
641.85 1971.8
643.09 105.1
644.09 212.1
644.77 185.9
646.35 224.4
647.29 862.3
648.26 866.8
649.29 148.5
650.46 288.8
651.14 3238.1
652.00 1849.7
652.97 722.6
654.81 1424.2
655.45 4787.6
656.18 5627.7
657.78 678.0
658.60 226.3
659.46 2568.8
660.35 3680.7
661.29 207.8
662.13 1989.6
663.17 1028.6
663.82 877.8
665.00 947.2
666.31 289.4
667.02 59.3
668.53 410.6
669.23 239.4
670.12 435.1
670.95 63.9
671.85 45.8
672.89 46.3
674.73 529.9
675.74 77.9
677.06 61.5
679.48 908.6
680.23 84.1
681.25 22.7
682.34 7.3
683.92 197.8
684.74 71.4
685.54 14.2
686.68 12.9
687.33 15.8
688.49 155.1
689.41 34.4
692.45 23.1
694.04 60.1
695.28 22.2
696.27 48.5
697.43 97.2
698.22 26.6
699.31 34.8
701.19 78.6
701.89 115.9
703.05 345.7
703.77 136.0
705.43 27.5
706.06 33.0
707.41 318.0
708.17 169.9
708.96 99.7
710.14 20.6
711.48 99.8
712.41 773.3
713.45 64.0
714.44 2.1
715.24 3.2
717.36 1081.8
718.35 223.5
719.42 22.4
720.24 14.0
723.56 30.4
724.58 14.5
726.13 45.0
726.79 65.0
728.38 34.2
729.13 36.5
730.85 104.3
732.79 9.4
734.87 20.2
736.05 80.0
737.04 17.3
737.94 15.1
739.23 64.9
740.43 99.1
741.49 36.6
742.64 44.6
744.33 56.8
745.09 270.6
746.06 242.1
748.14 12.5
750.41 1497.4
751.04 773.5
752.25 64.9
753.15 56.9
754.70 10.3
755.81 34.3
756.66 17.1
757.61 10.4
758.66 27.8
759.37 42.4
760.43 65.7
763.46 201.4
764.29 187.8
764.97 23.8
766.39 31.8
767.24 38.1
769.77 453.3
770.62 57.5
772.89 17.1
773.85 46.4
774.89 29.3
776.57 40.5
777.45 87.1
778.48 37.3
779.50 213.2
780.28 3.5
783.43 952.0
784.44 191.2
785.31 158.1
786.22 26.3
787.25 21.7
788.57 153.6
789.27 496.9
791.36 24.2
792.19 16.4
793.32 36.6
794.12 14.2
796.69 69.2
798.15 89.8
799.39 31.8
800.39 104.6
801.50 195.8
802.31 79.8
803.50 37.8
804.27 4.2
805.49 14.0
806.50 338.0
807.42 927.2
808.30 161.3
809.13 38.0
810.67 82.6
812.15 554.3
812.94 225.5
813.65 47.9
814.78 27.0
816.18 479.1
816.96 322.2
818.15 279.2
818.87 92.3
820.87 10.6
822.05 898.8
822.99 145.3
823.81 68.4
824.64 28.7
825.31 36.0
826.04 19.2
829.50 113.6
830.33 121.3
831.01 14.4
831.67 3.2
832.93 23.0
833.68 58.2
834.62 61.9
835.70 329.3
836.63 90.8
838.77 175.1
840.01 303.0
841.14 305.4
841.81 212.0
842.58 10.4
843.75 23.2
844.90 479.3
845.84 384.4
846.97 24.8
848.44 11.9
850.47 69.9
851.19 207.7
851.99 170.2
853.11 53.6
855.33 6.2
856.25 3.4
857.09 21.4
858.39 2.1
859.46 27.7
860.21 5.4
863.26 5.1
865.85 13.1
867.41 57.4
874.44 18.0
880.05 7.2
881.83 6.1
882.73 62.3
884.10 10.6
887.94 6.9
889.14 5.4
890.52 13.8
892.92 14.0
896.46 4.4
899.08 25.3
901.97 9.5
903.54 32.5
905.89 26.2
911.01 12.2
912.39 9.2
913.45 11.5
917.78 4.4
918.70 7.7
921.60 22.6
928.24 21.2
934.56 13.9
938.80 14.7
940.42 11.5
941.83 33.0
944.63 17.8
946.07 30.2
946.98 12.9
947.58 4.0
948.41 14.3
949.90 5.3
953.59 2.4
954.40 6.0
955.09 4.3
957.01 6.3
961.51 6.3
962.28 44.0
963.06 22.7
963.72 18.8
967.53 16.3
969.22 7.1
970.21 11.1
971.33 19.0
974.56 54.3
979.15 3.0
980.29 16.7
982.91 14.2
986.17 13.4
988.47 5.5
989.21 6.7
990.51 6.5
993.08 3.1
994.40 2.9
1000.00 13.6
1000.65 6.8
1010.78 12.4
1012.00 12.3
1012.86 12.9
1016.18 4.2
1016.95 10.7
1017.67 8.1
1018.35 17.4
1018.97 20.5
1023.17 4.6
1024.63 4.5
1025.24 21.8
1034.22 11.9
1036.56 8.1
1038.79 5.4
1039.72 11.4
1040.57 17.2
1048.64 6.8
1049.44 3.8
1051.60 20.3
1052.61 3.5
1054.71 7.0
1060.08 6.9
1069.33 19.0
1071.62 4.1
1073.11 7.8
1075.97 13.5
1077.43 12.5
1079.68 9.2
1084.30 12.3
1088.66 5.4
1089.61 5.6
1091.29 8.5
1092.45 9.9
1097.59 3.6
1100.43 2.5
1101.95 3.7
1103.85 16.9
1104.83 7.1
1112.58 7.9
1114.41 4.0
1115.53 4.7
1116.73 6.7
1117.84 5.2
1119.80 3.7
1122.60 3.7
1126.11 3.7
1128.06 7.5
1129.50 2.4
1130.54 2.2
1132.14 7.3
1133.60 21.6
1135.18 16.4
1139.17 15.6
1145.39 2.5
1164.58 6.3
1168.33 10.8
1171.78 4.8
1173.30 3.4
1178.40 2.6
1181.10 17.8
1182.48 10.3
1183.13 4.3
1191.51 16.7
1204.02 6.0
1215.80 5.4
1220.11 4.7
1222.74 2.5
1226.68 2.1
1238.50 3.8
1248.68 6.8
1260.70 7.0
1262.23 4.9
1272.03 5.0
1274.98 6.9
1281.82 4.9
1285.93 9.1
1287.53 4.0
1304.98 5.2
1312.81 2.6
1313.84 3.6
1324.58 2.7
1336.42 6.9
1345.67 5.1
1360.90 2.1
1387.33 6.1
1391.55 8.4
1393.82 3.4
1395.64 7.4
1398.66 9.1
1403.79 5.1
1407.98 4.4
1417.55 3.9
1426.59 9.7
1437.66 3.2
1465.95 3.7
1468.98 5.3
1509.79 5.0
1520.36 3.1
1540.92 4.5
1554.91 4.3
1561.05 4.1
1563.81 4.9
1565.66 2.5
1575.56 2.7
1605.95 6.1
1613.85 3.8
1640.54 4.5
1663.77 7.0
1666.72 3.6
1669.14 4.0
1671.52 6.5
1688.94 2.4
1695.33 3.8
1705.13 7.2
1709.06 4.2
1712.60 4.3
1730.71 13.9
1763.94 6.6
1809.92 6.3
1811.75 8.4
1841.94 3.7
1860.74 3.3
1885.26 4.8
1894.01 11.5
