1272.71489 2
181.28 3.2
183.17 3.6
186.28 3.0
188.44 3.3
190.22 2.1
191.20 5.3
193.07 2.7
195.39 4.3
196.19 2.0
197.28 2.2
198.05 2.2
199.35 14.8
201.05 3.4
202.06 1.4
203.50 1.2
205.26 5.9
207.12 3.1
209.35 2.8
210.22 3.2
211.21 4.6
212.06 3.6
215.27 6.0
216.38 6.9
217.06 4.3
219.44 5.3
221.32 7.6
223.14 8.5
227.27 11.1
228.48 2.4
229.22 3.3
231.43 3.4
233.29 10.1
236.08 5.8
238.92 12.9
241.44 1.5
243.29 2.5
245.92 3.0
249.33 2.4
250.25 5.2
251.37 4.9
252.20 2.2
253.26 4.7
255.39 2.2
256.04 3.1
257.02 6.0
258.27 4.3
261.46 6.0
262.17 2.7
263.59 1.5
264.85 2.3
266.02 1.7
267.31 1.6
268.14 3.8
269.14 1.2
271.35 3.5
273.27 6.7
274.19 7.6
275.26 3.9
276.05 1.6
277.14 8.8
278.90 2.3
280.16 3.0
281.34 24.1
282.47 25.5
283.31 314.4
284.26 38.1
285.14 3.5
286.30 4.8
287.22 6.3
288.33 5.6
291.10 1.2
292.29 4.3
293.14 2.7
295.26 2.1
296.26 1.4
297.28 11.4
298.30 5.2
299.17 5.8
300.29 3.2
301.06 5.9
302.34 2.4
303.14 8.2
305.31 3.9
306.49 4.6
307.14 15.7
309.36 265.5
310.42 61.8
311.31 35.8
312.43 5.5
313.46 5.7
314.37 4.6
315.32 3.3
319.91 17.8
320.81 13.2
322.27 3.4
323.24 6.8
324.59 7.9
325.37 14.8
327.00 13.5
328.21 12.3
329.33 11.4
330.29 2.2
331.38 10.4
332.24 14.2
333.14 2.8
334.53 3.1
335.22 1.3
336.67 12.0
337.41 5.3
338.62 8.1
339.45 11.1
340.12 2.9
341.31 12.6
341.96 7.0
343.33 10.0
344.09 5.5
344.93 2.5
346.26 17.0
347.23 4.2
348.42 2.8
349.39 22.6
350.32 1.2
351.35 6.2
352.20 15.5
353.25 26.5
354.40 31.1
355.20 12.7
356.31 4.5
357.31 4.4
358.38 3.9
359.28 15.0
360.12 1.4
361.00 3.6
363.30 9.3
364.30 8.6
365.18 9.1
366.48 5.3
367.14 2.1
368.30 3.8
369.28 5.6
370.15 8.4
371.13 13.4
372.36 7.9
373.55 2.8
374.37 4.2
375.48 6.0
376.27 4.9
377.34 17.2
379.06 14.6
380.45 10.3
381.20 9.6
382.48 5.0
383.39 4.2
384.26 1.7
385.19 11.3
386.17 2.6
387.22 1.0
389.22 25.6
390.53 24.1
391.24 22.1
392.41 3.6
393.91 18.0
395.10 4.2
396.14 8.1
398.27 2.8
399.17 5.1
401.10 12.2
401.88 13.5
403.22 4.0
404.33 18.6
405.25 13.8
407.20 18.3
408.44 25.5
409.36 18.5
410.43 10.3
411.26 11.1
412.24 5.8
413.18 11.2
414.27 16.5
415.36 18.0
416.20 3.6
417.17 14.8
418.13 3.1
419.11 26.2
421.62 22.8
422.26 6.5
423.13 8.6
423.98 2.2
425.28 9.6
426.31 5.2
427.47 34.8
428.34 1.9
429.81 7.0
431.12 22.0
432.19 7.5
433.48 17.9
435.19 4.2
436.35 7.7
437.23 8.3
438.30 3.5
439.33 30.1
440.34 19.3
441.42 8.3
442.30 1.9
443.17 13.3
444.71 19.0
445.37 1.4
447.10 7.5
448.10 17.7
449.21 81.7
451.49 8.6
452.35 8.2
453.32 11.0
454.49 11.7
455.43 5.5
456.65 3.2
457.59 1.0
458.54 13.1
459.45 5.7
460.74 5.0
461.35 12.3
462.48 17.1
463.47 14.4
464.38 7.4
465.23 13.1
466.35 13.2
467.62 5.6
469.04 20.4
469.91 5.8
471.30 15.1
472.37 15.3
473.64 22.1
474.41 20.2
475.42 63.9
476.63 30.8
477.54 16.4
478.41 7.0
479.85 17.0
481.17 13.8
482.26 14.5
483.33 13.2
484.59 9.5
486.45 2.2
487.19 5.9
488.05 3.1
489.48 1.4
490.51 1.1
491.25 21.1
492.55 5.3
493.42 16.0
494.35 23.0
495.15 2.2
496.51 1.5
497.82 8.5
499.84 11.0
501.18 20.1
502.34 8.2
503.34 5.7
504.37 23.1
505.40 13.8
506.32 9.7
507.40 29.1
508.32 7.8
509.26 6.8
510.30 17.9
511.43 8.4
512.51 5.5
513.38 9.0
514.62 5.9
515.36 7.8
516.31 13.4
517.35 4.7
518.26 8.8
519.33 14.0
521.46 7.7
522.48 69.0
523.40 67.4
524.58 7.3
525.23 61.0
527.21 8.9
530.52 14.7
531.59 3.8
532.34 4.2
533.61 11.8
534.24 5.0
535.52 13.8
537.48 7.2
538.35 1.2
539.44 28.0
540.39 1.1
542.14 12.6
543.47 5.6
544.51 5.8
545.60 4.1
546.31 22.5
547.56 6.4
548.50 1.7
549.83 4.7
550.50 8.6
551.44 17.4
552.52 10.0
553.12 2.2
554.55 4.9
555.33 8.5
556.94 9.4
557.98 7.5
559.32 6.0
560.27 5.5
561.27 2.9
562.66 11.2
564.32 47.5
565.46 18.2
566.73 15.0
568.08 9.3
570.86 6.0
571.50 2.5
572.40 25.2
573.22 26.0
574.25 7.5
575.28 17.4
576.62 30.9
577.37 50.7
578.39 26.8
579.47 43.7
580.44 33.8
581.25 269.5
581.86 1.6
583.20 6.8
586.47 7.4
587.72 5.6
588.62 1.2
589.67 15.6
590.59 17.6
591.48 18.8
592.72 17.8
595.33 4.1
595.93 2.6
596.80 5.5
600.72 4.4
601.49 32.1
602.37 10.4
603.34 7.1
604.90 14.7
606.43 6.3
607.57 20.4
608.52 31.5
609.49 20.6
614.61 1.8
618.43 136.8
619.39 398.9
620.47 82.5
621.80 19.7
622.47 3.8
624.94 3.2
627.43 1.6
628.25 6.5
636.75 3.4
665.67 4.5
668.56 2.1
669.45 1.0
684.32 2.0
688.45 2.0
694.41 1.4
696.20 2.1
703.83 2.7
705.04 1.3
712.23 2.1
734.43 3.6
736.59 3.7
752.65 1.9
754.64 7.5
769.01 3.9
775.47 1.2
780.55 4.0
788.42 1.3
807.49 2.2
814.99 2.2
832.23 1.5
833.96 5.7
842.71 37.0
860.80 3.7
861.94 2.2
865.94 3.6
870.88 1.0
873.84 1.4
888.34 1.5
904.81 3.5
910.99 2.7
916.89 1.3
924.38 1.4
931.23 1.0
941.30 1.4
955.60 2.8
958.35 1.6
961.89 1.4
967.32 2.2
972.68 1.2
976.47 2.5
1000.23 4.3
1009.30 2.4
1012.76 1.1
1042.38 1.2
1049.57 2.1
1051.71 1.4
1081.91 3.1
1091.88 3.3
1093.68 3.6
1097.68 1.1
1110.96 2.3
1114.86 8.6
1118.55 3.9
1122.92 1.8
1127.70 1.4
1144.44 1.3
1145.13 7.1
1146.05 10.4
1173.98 3.5
1211.46 2.6
