937.52428 2
147.06 2.4
151.10 5.2
158.13 1.9
169.38 1.2
170.11 2.7
171.16 1.6
175.23 5.9
185.28 2.8
186.94 3.2
196.37 1.5
208.28 1.5
213.20 10.5
223.24 2.2
227.04 2.8
230.16 115.4
231.09 14.0
235.08 2.2
239.02 2.2
248.37 1.0
274.05 1.1
275.06 1.0
278.59 2.3
286.17 1.9
291.37 2.0
292.60 5.3
298.36 3.3
305.08 1.6
307.42 1.9
314.91 2.8
318.50 1.2
327.44 4.9
329.33 3.8
331.06 4.0
332.88 9.2
333.79 9.9
337.16 2.7
338.27 1.4
340.86 18.7
345.75 10.4
347.27 5.7
349.21 1.9
350.16 3.6
353.76 6.1
354.84 36.4
355.95 1.5
357.90 6.7
360.36 2.5
361.13 5.9
361.85 9.9
363.88 10.6
365.84 4.6
367.24 14.2
373.40 1.7
375.21 2.3
375.98 4.6
376.59 1.5
379.84 1.5
382.88 5.1
384.28 1.9
388.14 8.2
394.58 1.7
396.33 1.0
401.95 2.4
403.73 10.3
409.46 1.1
410.42 4.0
411.51 10.4
412.59 19.2
413.63 6.4
417.17 4.2
420.04 14.5
420.72 2.1
423.28 6.1
424.93 1.1
427.67 17.1
428.62 2.3
431.26 4.3
431.87 2.8
433.10 4.0
439.70 11.0
444.23 2.0
445.55 9.7
446.46 2.3
447.46 12.9
449.13 8.5
450.97 30.0
451.92 26.7
453.87 2.3
454.91 6.5
457.92 23.4
460.00 60.0
461.00 243.9
474.86 5.2
484.03 7.2
488.41 2.2
509.48 4.5
513.23 5.3
515.48 2.5
519.29 4.0
520.21 2.8
524.11 5.8
524.88 5.0
526.26 1.4
529.07 1.3
530.83 2.3
532.32 2.9
544.29 16.3
549.26 1.7
568.15 2.5
571.48 12.5
572.54 1.6
573.53 1.9
576.54 2.5
586.63 10.0
590.76 2.4
593.91 5.8
599.24 3.3
611.38 2.0
620.50 3.1
627.71 2.4
632.40 1.9
643.44 3.4
646.95 1.3
653.97 4.8
664.48 17.8
665.50 5.6
666.50 5.2
667.48 3.7
672.29 1.6
673.19 7.8
674.58 3.0
679.42 6.9
681.48 5.2
686.47 2.8
689.19 6.6
690.33 5.7
691.58 1.5
692.54 1.4
693.36 5.0
694.52 6.6
705.75 1.0
708.52 183.2
709.54 66.7
725.54 2.0
730.56 1.5
732.43 2.4
734.60 5.3
736.45 7.6
737.42 3.5
740.61 7.3
743.36 4.2
745.69 1.8
746.37 1.1
752.72 6.9
764.29 6.7
765.22 1.2
770.58 4.1
771.55 3.5
772.83 6.7
782.59 7.0
789.65 2.1
790.53 6.4
806.54 2.0
809.70 2.4
810.83 4.2
