1793.86736 2
255.39 2.8
262.30 1.1
271.25 5.3
275.31 20.8
276.22 3.2
284.34 2.2
296.08 2.1
301.21 1.4
308.16 1.1
312.34 7.9
320.06 3.7
323.14 1.1
339.27 3.2
346.36 2.8
347.34 2.7
351.44 4.5
355.97 1.2
357.36 13.2
366.48 3.4
368.82 4.4
370.17 4.1
373.15 5.3
374.22 5.2
375.22 3.4
382.20 2.8
388.13 5.0
388.73 1.1
390.56 3.1
395.16 2.2
396.32 4.9
397.28 3.8
409.48 7.3
411.29 5.1
414.24 9.0
426.21 1.4
427.22 5.4
429.45 5.7
431.43 1.8
436.25 5.7
438.39 5.1
443.17 4.5
446.25 5.5
447.39 48.7
448.43 4.7
449.29 3.5
450.58 6.0
453.64 1.4
454.54 4.6
456.22 1.1
467.27 1.2
471.40 2.6
475.35 2.1
476.39 5.4
481.11 1.4
483.17 3.3
487.46 1.3
489.41 3.4
492.20 23.2
500.23 4.5
505.37 2.6
508.44 2.0
509.43 4.5
515.38 6.1
516.29 1.6
518.36 1.9
519.08 3.8
520.15 15.6
524.31 3.1
525.31 10.8
528.37 3.9
534.24 2.4
537.24 57.7
539.15 2.0
542.15 8.8
545.27 6.0
546.16 2.8
547.24 1.6
548.57 1.0
549.33 3.2
555.40 2.7
557.51 3.7
559.21 2.2
563.07 1.4
565.32 1.5
574.17 1.8
577.46 6.1
579.64 3.6
580.76 1.4
582.24 2.4
584.40 3.9
585.46 1.5
589.30 3.9
594.34 1.7
595.72 6.8
596.55 6.0
598.64 2.6
599.35 13.3
600.36 1.4
602.39 4.2
603.27 3.2
603.90 1.5
604.85 2.8
608.40 4.1
611.23 1.1
613.34 9.8
614.22 3.2
616.35 14.3
617.38 38.1
619.37 34.6
621.14 1.4
630.84 1.1
633.35 34.4
634.32 2.1
635.09 3.7
636.26 111.5
637.65 1.0
639.91 2.0
641.35 1.7
644.70 3.7
645.44 1.7
647.26 1.2
651.46 2.2
652.48 28.9
654.46 4.4
655.49 7.4
656.98 1.1
660.34 11.0
661.23 1.8
662.29 1.6
666.74 1.2
670.30 2.7
672.37 2.5
673.33 3.3
675.36 3.0
676.55 4.9
680.31 1.7
682.57 5.5
683.66 3.8
684.51 1.5
685.53 10.8
686.44 3.9
687.21 6.0
688.37 7.1
690.47 136.3
694.86 23.5
699.41 4.5
703.88 14.3
704.57 6.4
705.24 3.3
708.61 14.2
709.53 3.4
710.74 16.6
712.57 9.4
716.32 3.7
717.27 3.9
718.82 2.6
722.07 1.2
723.09 3.5
724.50 7.9
726.42 22.3
727.53 41.2
728.58 14.6
730.48 12.5
731.81 10.7
733.23 42.8
734.43 1.6
737.76 18.7
739.40 8.8
742.76 25.1
743.47 3.7
745.51 183.7
746.59 9.9
748.16 5.6
750.26 82.7
751.45 68.0
753.10 15.0
756.65 3.8
757.64 2.5
759.00 5.8
760.42 43.3
761.20 1.9
765.09 6.4
766.18 15.1
768.11 8.7
768.91 2.1
769.66 3.4
770.69 1.0
771.49 7.5
772.54 3.0
773.62 18.1
774.34 11.8
774.97 38.6
776.36 1.1
777.50 343.5
778.44 8.7
781.02 7.1
782.07 63.0
782.88 20.3
783.91 2.7
784.62 5.2
786.09 3.1
787.24 39.9
788.00 16.2
789.38 1.4
790.44 2.3
791.19 8.9
792.39 9.6
795.97 229.2
797.68 1.3
798.55 2.8
802.77 6.7
803.56 3.1
804.73 6.6
805.49 2.5
806.58 2.1
808.39 2.4
808.99 21.5
810.73 4.5
811.39 7.7
813.98 24.2
816.18 22.5
817.49 5.1
820.34 18.2
822.35 47.9
823.06 51.3
824.33 4.8
825.56 6.2
826.36 3.2
830.23 9.9
831.39 506.2
832.35 1.6
833.58 8.3
834.38 5.7
837.28 6.3
838.36 3.3
840.60 6.0
841.92 5.1
842.69 2.6
844.48 12.2
845.57 4.2
848.80 12.0
850.31 2.0
852.97 13.4
853.59 4.4
854.75 1.4
855.53 8.1
856.85 25.2
858.47 204.9
859.60 21.2
860.55 6.8
861.32 4.8
862.41 8.6
864.96 11.4
866.37 17.7
867.42 1.6
868.27 2.4
869.23 17.9
871.04 24.1
872.05 54.8
873.13 3.7
874.24 7.7
875.69 10.5
876.75 33.5
879.04 40.4
880.26 142.3
881.22 6.1
882.60 15.7
884.13 16.6
885.01 5.5
885.62 1.7
886.28 14.9
902.27 16.2
903.57 4.4
905.55 5.2
908.54 16.9
912.70 13.5
915.94 5.4
918.48 15.2
919.45 88.0
920.36 8.1
924.59 1.9
925.64 5.3
929.78 7.4
931.44 12.6
933.34 1.0
936.40 103.5
937.36 22.1
938.50 5.4
941.49 1.2
945.27 19.8
946.58 1.2
947.59 3.4
950.37 6.1
952.20 18.1
953.38 1.8
955.21 6.6
955.82 8.8
956.63 3.8
957.41 3.1
960.20 1.6
960.97 6.8
964.79 5.7
969.39 10.2
971.42 3.1
974.27 7.7
982.30 22.7
983.57 2.7
985.68 33.6
986.83 5.4
989.90 9.0
990.61 6.6
991.85 3.1
992.63 7.8
993.53 1.6
998.61 8.2
1000.28 122.7
1002.37 20.8
1003.66 50.8
1004.80 8.2
1006.03 17.9
1008.66 9.1
1009.31 7.6
1011.62 4.9
1012.24 3.8
1014.63 2.8
1015.37 10.5
1018.39 32.8
1021.15 3.2
1022.79 3.6
1025.65 27.8
1026.75 44.8
1027.72 17.6
1032.38 126.6
1033.89 4.1
1036.51 8.4
1043.40 4.2
1044.54 129.0
1046.50 3.3
1048.20 5.2
1049.44 171.7
1050.12 21.4
1051.29 3.3
1054.69 2.3
1056.76 7.8
1059.33 7.2
1063.43 1.7
1065.19 2.8
1069.46 13.6
1070.41 14.1
1076.34 3.4
1078.66 3.7
1081.78 2.1
1085.46 7.5
1087.61 23.1
1094.50 5.6
1096.63 7.1
1099.54 7.3
1100.72 4.8
1103.91 5.8
1104.81 5.3
1105.52 11.4
1120.73 7.0
1125.95 2.9
1126.62 3.8
1129.85 2.3
1132.33 2.0
1138.77 1.9
1140.62 5.5
1141.35 4.1
1144.50 21.3
1145.51 4.6
1147.24 6.1
1153.17 9.2
1154.91 3.3
1158.53 188.3
1159.31 2.8
1160.54 27.2
1163.67 1.9
1168.31 5.2
1172.97 2.9
1177.54 51.6
1178.67 3.4
1181.09 4.8
1181.95 12.5
1183.10 8.3
1186.55 3.7
1190.42 5.6
1191.06 8.8
1191.70 1.3
1206.71 1.6
1208.97 1.7
1214.77 2.3
1218.49 5.4
1220.67 7.0
1226.89 1.7
1227.69 4.3
1231.02 2.2
1234.39 1.7
1235.81 1.6
1238.72 7.9
1239.64 2.6
1240.71 1.8
1244.35 3.8
1253.23 10.1
1254.33 1.9
1257.59 7.1
1258.21 6.6
1260.06 1.2
1261.43 3.5
1262.57 1.4
1271.65 1.3
1274.43 1.9
1284.77 11.5
1287.37 3.3
1288.46 9.2
1289.83 5.0
1292.64 3.8
1296.89 8.6
1305.63 44.8
1312.56 3.0
1313.54 3.7
1320.58 3.0
1326.11 3.6
1330.41 18.3
1344.98 2.9
1347.34 3.4
1348.48 24.8
1360.49 4.3
1362.84 7.0
1365.82 2.3
1369.53 3.6
1370.83 2.9
1371.61 1.2
1387.31 5.5
1388.83 5.8
1389.61 7.2
1405.73 18.3
1406.52 51.7
1407.30 3.3
1420.61 3.3
1436.84 2.4
1442.52 9.4
1447.51 3.1
1467.37 5.6
1474.45 9.5
1475.59 1.2
1477.03 3.6
1478.68 4.3
1486.04 8.9
1491.94 3.5
1501.82 43.6
1502.91 18.6
1519.73 235.5
1521.02 2.4
1526.73 5.0
1530.75 8.5
1533.90 1.8
1536.03 1.2
1549.75 3.3
1555.65 2.3
1556.65 1.3
1567.92 1.7
1572.98 3.8
1573.65 7.0
1590.80 42.1
1602.88 9.3
1618.23 3.1
1620.93 7.7
1661.89 4.0
