898.54869 2
128.18 11.6
129.44 14.8
130.37 2.7
131.33 3.8
133.20 1.6
138.24 1.5
139.25 1.8
142.29 13.7
143.19 15.0
144.14 2.4
145.01 1.3
146.10 2.3
147.14 11.1
148.16 9.0
149.40 1.2
152.21 1.1
155.17 3.5
156.26 4.6
157.20 4.5
158.23 2.1
159.28 2.5
160.16 2.5
161.22 1.2
162.87 1.8
164.24 3.3
166.01 5.3
167.12 1.4
169.12 1.1
171.14 55.8
172.19 8.2
173.17 30.9
174.26 22.6
175.22 11.1
177.28 1.5
178.21 8.0
180.28 5.1
181.00 1.3
182.40 1.2
183.28 3.8
185.19 1.9
187.19 4.4
188.97 1.7
191.29 1.1
192.22 1.4
197.38 2.7
198.24 4.0
199.30 7.6
200.66 14.5
201.31 27.8
202.26 15.5
203.17 2.1
204.13 3.9
205.19 1.9
206.13 2.7
207.15 2.3
209.28 4.5
210.59 6.1
211.45 2.4
212.37 3.9
213.36 1.1
216.08 1.8
221.20 7.6
223.36 1.6
224.02 3.0
225.16 2.6
226.46 4.5
227.29 16.7
228.23 6.3
228.96 11.8
230.24 7.4
231.22 10.6
232.11 16.0
233.96 7.0
235.09 3.6
236.07 2.7
237.49 6.2
238.17 5.4
239.06 5.2
239.97 1.3
241.30 2.4
242.10 5.4
243.76 9.7
244.82 4.0
246.17 2.9
247.33 6.6
250.27 3.2
251.27 10.3
252.05 1.3
253.53 9.6
254.28 27.3
256.23 9.7
257.49 5.0
258.30 37.0
259.91 5.8
261.13 4.5
262.23 5.8
265.19 5.7
266.32 4.9
267.32 3.0
267.96 1.0
269.20 2.1
270.23 33.6
271.15 3.2
272.20 92.2
273.36 3.7
275.27 4.0
276.30 3.5
277.19 5.6
278.43 4.8
279.78 4.8
281.00 2.2
282.07 3.0
285.24 2.9
286.29 9.3
287.50 4.2
288.34 14.9
289.36 2.6
290.05 6.2
291.23 2.2
291.88 9.2
293.41 4.9
296.31 3.0
298.36 2.4
300.10 14.8
301.52 9.9
302.34 4.7
303.25 12.6
304.29 2.8
305.35 7.8
306.26 16.4
307.50 4.2
309.43 6.7
310.45 1.1
311.30 10.0
312.32 2.5
313.16 6.4
314.27 11.1
315.95 21.0
316.86 9.8
317.50 8.8
320.13 1.4
321.07 2.9
322.80 16.0
323.46 16.3
325.15 59.8
326.39 20.2
328.30 661.7
329.28 81.1
330.12 1.4
331.24 18.9
332.19 12.0
333.31 3.4
334.69 16.5
335.30 51.0
336.16 9.3
337.23 2.7
338.41 1.6
339.16 3.5
341.08 8.3
342.09 4.8
343.35 38.2
344.20 12.1
345.24 24.0
346.17 6.1
347.17 12.4
349.20 295.5
350.36 24.2
351.33 3.1
352.61 39.3
353.32 230.0
354.15 33.0
355.74 413.1
356.37 171.8
357.54 12.1
358.38 31.0
359.41 16.3
360.30 10.4
361.06 5.9
362.35 7.8
363.15 7.4
364.81 185.1
366.11 10.6
367.45 7.6
368.22 2.4
369.40 16.3
371.21 154.6
372.32 13.8
373.57 17.5
374.63 14.6
375.27 1.8
376.17 8.2
376.92 5.5
377.69 9.8
380.05 6.4
382.65 8.0
383.59 26.0
385.37 22.9
386.39 17.5
387.49 3.4
388.22 8.5
388.89 10.8
389.54 9.9
390.38 25.3
391.32 35.5
392.74 10.6
393.94 6.5
394.94 9.0
396.25 7.2
398.12 4.8
399.35 14.4
400.59 36.0
401.31 23.3
402.14 4.0
403.58 66.2
404.46 40.3
405.44 16.8
406.40 66.2
407.33 20.2
408.47 18.8
409.37 12.0
410.34 8.6
412.31 28.0
413.23 14.5
414.41 46.7
415.15 19.6
416.34 15.5
417.53 2.8
418.84 38.5
419.78 41.4
420.49 34.2
421.47 36.5
422.32 52.7
423.33 16.5
424.41 4.6
425.40 4.5
426.25 8.8
427.13 16.5
427.98 31.0
428.76 20.1
429.64 21.5
431.32 358.0
432.31 271.6
433.20 122.1
434.13 16.1
434.79 35.8
435.95 20.8
437.38 107.8
438.44 18.7
439.52 6.4
440.93 4716.0
441.87 34.6
442.65 16.1
443.51 9.2
445.23 9.7
445.86 2.0
449.65 2.1
450.98 2.3
455.45 10.6
459.43 2.5
464.39 45.0
465.36 13.8
467.06 6.1
469.38 2.9
472.27 11.0
473.65 55.2
474.74 11.9
475.51 2.3
481.69 11.3
482.46 4.4
484.42 2.5
488.25 7.6
491.14 5.1
493.34 5.6
495.41 1.8
498.26 1.2
500.47 9.4
501.40 1.4
502.22 2.7
506.60 1.5
507.30 1.5
508.41 2.2
510.65 8.3
511.55 5.7
513.43 1.1
515.39 3.0
518.07 22.8
520.88 44.5
521.87 7.6
523.98 10.7
525.08 5.8
526.17 13.4
528.36 1086.1
529.32 112.9
530.08 212.6
531.21 9.1
532.37 1.0
533.74 2.9
535.26 99.4
536.47 18.0
539.06 1.2
539.68 2.5
540.76 8.3
542.13 17.3
543.28 20.8
544.27 8.9
545.24 1.3
546.57 7.1
550.69 7.7
553.30 239.3
554.47 35.7
560.02 7.5
562.05 9.0
563.93 1.4
565.36 10.4
567.56 1.8
568.66 12.0
569.55 7.9
571.30 180.7
572.40 44.1
573.53 12.2
574.65 14.3
576.34 2.6
577.88 25.6
578.70 6.1
580.60 6.5
581.78 5.8
582.42 3.4
586.63 271.7
587.60 63.5
589.96 6.5
592.21 3.3
594.44 2.2
596.03 10.1
597.39 2.3
600.50 2.9
601.30 4.0
602.55 3.4
604.62 11.4
606.27 11.1
607.34 6.6
608.92 16.7
609.59 6.1
610.59 2.6
612.79 9.2
615.80 8.0
623.02 6.9
624.62 8.4
625.90 15.6
627.52 159.2
628.40 22.1
630.28 7.6
630.97 5.5
632.29 12.0
635.33 10.8
638.37 2.8
641.07 3.0
644.73 4.8
647.86 3.6
648.79 1.4
656.48 2.2
657.20 4.8
659.48 2.7
665.20 2.5
666.33 1.3
667.41 5.1
668.48 2.6
670.65 3.7
672.47 27.1
679.17 2.8
683.34 1.1
684.12 2.1
688.32 3.0
689.42 1.2
690.71 1.8
693.24 2.5
696.63 2.0
699.95 5.4
704.77 2.8
710.49 6.0
713.56 3.8
714.64 5.7
720.25 1.0
723.66 5.1
725.51 5.5
728.49 308.8
729.54 53.9
740.33 1.3
741.41 3.5
743.42 7.1
746.13 1.3
748.57 1.7
751.67 3.4
752.39 1.3
760.14 2.2
764.76 4.6
765.62 5.8
769.74 11.7
770.51 5.7
771.38 2.4
775.46 2.9
781.69 6.2
782.36 3.1
782.99 5.0
784.67 2.0
799.52 14.0
804.14 1.1
816.30 6.3
824.58 9.3
854.89 1.4
875.66 2.2
876.38 6.3
880.55 1.4
