3337.76894 4
233.16 3.5
238.00 3.1
239.14 2.1
245.15 2.0
245.85 1.3
251.18 1.8
253.37 5.8
255.23 2.3
256.28 1.6
262.26 4.3
270.27 1.1
274.25 2.6
276.25 1.1
280.38 2.3
284.17 1.5
291.55 1.7
293.20 2.8
295.05 1.4
298.36 9.6
309.36 1.8
312.46 1.5
313.38 5.1
315.15 2.4
318.34 1.0
319.34 2.0
321.26 3.4
322.19 3.4
323.54 3.3
324.22 4.9
325.12 3.7
327.04 1.2
329.28 3.7
334.48 5.2
337.22 4.4
339.29 23.5
343.27 9.5
345.29 5.0
351.10 4.8
352.37 9.2
353.23 1.2
354.48 1.1
355.13 3.4
356.69 3.6
357.36 4.9
358.31 4.0
359.33 7.2
362.16 10.3
367.14 1.1
369.23 1.2
370.83 28.9
376.25 53.6
377.40 3.1
379.90 316.6
380.86 7.2
383.17 6.3
386.25 1.2
387.06 5.4
388.64 4.0
390.71 7.8
392.48 4.8
394.31 1.9
402.56 1.2
405.48 9.9
408.45 7.3
409.25 4.2
414.57 11.4
416.58 6.1
419.26 7.0
421.36 3.1
423.23 76.0
423.83 28.7
426.35 9.3
427.42 6.1
428.96 6.7
430.04 1.2
432.93 2.5
437.55 3.4
439.17 1.4
439.94 5.5
441.08 4.7
442.37 3.9
443.40 5.3
444.41 4.3
445.26 1.0
446.73 7.4
447.34 17.5
448.85 24.2
450.45 6.4
452.60 1.7
453.37 2.6
454.41 1.9
456.15 12.5
458.34 19.3
459.44 10.1
460.63 2.9
462.42 1.4
465.37 28.1
466.65 39.0
467.47 5.4
468.35 7.6
470.05 11.1
471.38 11.0
472.45 6.1
473.42 8.2
474.13 1.1
478.48 3.7
480.49 1.8
482.09 5.4
483.51 12.7
486.20 7.4
488.81 8.0
489.43 59.3
490.38 8.1
491.27 2.1
492.16 8.4
495.91 6.3
496.58 3.7
497.54 2.7
498.24 7.5
501.12 2.9
502.68 1.1
503.37 4.2
505.00 2.8
506.24 10.7
509.25 9.2
513.46 2.1
514.43 20.2
515.47 5.0
516.54 3.1
520.15 7.4
521.64 3.0
522.37 6.5
523.18 16.0
524.67 1.7
526.04 5.2
527.38 4.3
530.11 1.4
531.31 21.3
532.02 4.4
532.99 15.4
535.38 8.5
537.47 13.3
538.17 1.5
539.68 36.9
540.43 21.5
542.04 5.1
543.41 6.0
545.77 11.5
546.40 14.3
547.11 5.7
547.97 8.3
548.81 4.8
549.41 2.0
550.39 4.4
552.40 3.4
554.97 21.4
555.74 3.1
557.46 1.6
559.11 15.4
563.20 3.5
565.07 21.0
565.94 15.2
566.62 3.5
571.42 3.2
572.37 5.0
573.36 4.7
574.27 17.5
574.94 17.3
577.52 8.7
579.06 48.8
580.30 12.6
582.84 45.3
583.90 29.8
585.33 2.0
586.26 1.4
587.62 86.0
588.61 26.3
589.85 25.4
590.51 105.9
591.43 31.7
592.26 5.1
592.99 12.9
596.52 170.1
597.38 43.0
598.10 15.2
599.39 12.8
600.17 7.9
601.58 150.4
602.75 4.7
603.51 9.9
605.36 187.2
606.04 39.7
606.71 15.3
608.30 1.3
609.58 5.1
610.32 4.7
610.96 5.9
612.37 10.8
613.21 8.8
614.38 13.5
616.52 10.8
618.51 2.9
619.36 1.4
621.64 8.0
623.01 1.6
624.13 1.7
624.74 6.8
626.91 15.8
627.61 39.8
628.37 7.0
630.58 48.9
631.54 22.1
633.74 2.9
634.61 8.8
635.49 3.2
636.89 22.0
637.64 3.4
638.87 73.5
639.72 39.5
640.45 18.7
641.14 17.8
643.57 19.6
644.42 99.2
645.26 10.0
645.90 3.5
647.17 1.0
648.28 31.6
649.01 7.9
649.96 37.8
651.18 11.8
652.84 215.5
653.52 157.9
654.65 9.2
655.62 11.0
658.06 267.4
659.03 11.8
661.71 163.2
662.49 26.0
663.11 9.5
663.76 3.5
665.32 2.5
667.12 5.3
668.49 3.8
670.09 2.2
671.41 4.7
674.17 7.2
675.70 7.2
676.71 1.9
677.81 15.2
678.47 3.8
679.75 5.4
680.80 2.7
684.48 2.8
687.02 1.9
688.38 9.8
690.66 5.3
693.14 26.1
694.63 4.0
696.32 30.1
697.01 9.3
698.10 10.6
698.92 19.4
700.08 6.6
701.17 4.7
702.11 43.8
703.01 10.7
705.62 16.0
706.91 1.5
707.55 5.3
709.37 4.6
710.68 192.7
711.61 28.6
712.33 5.1
713.38 4.1
714.57 169.8
715.52 29.4
717.41 2.4
719.60 47.0
720.65 35.7
721.77 24.1
722.58 6.7
723.99 2.9
726.62 9.0
727.32 4.3
728.23 5.7
729.38 3.1
730.40 7.3
731.33 2.7
732.36 19.6
733.11 8.3
734.01 1.2
735.65 2.7
737.47 4.1
738.36 70.5
739.46 3.4
740.52 69.5
741.55 28.8
742.62 21.7
743.34 22.1
744.61 49.2
745.46 7.7
746.43 11.4
747.94 26.8
749.28 12.6
750.18 14.1
751.02 8.2
753.54 109.7
754.32 7.5
755.05 1.4
756.14 24.9
758.44 892.4
759.46 689.7
760.99 13.8
762.27 129.6
763.14 5.8
765.35 985.2
766.37 17.4
767.26 12.9
768.29 70.4
769.81 38.3
771.18 76.8
772.26 9.3
772.99 5.5
773.67 2.5
774.45 12.2
775.40 8.1
776.67 81.4
778.52 4.3
780.23 752.1
781.07 26.9
782.33 38.1
783.48 30.7
784.84 14.2
785.47 18.7
786.40 11.0
787.50 2.5
788.70 39.1
790.81 17.7
791.72 31.5
792.61 12.0
793.64 46.0
794.35 14.2
795.39 11.6
797.07 188.5
798.03 62.9
799.78 21.4
801.02 27.4
801.72 9.8
803.06 603.4
804.27 28.9
805.32 19.9
806.08 12.2
807.93 41.5
809.01 46.5
810.92 53.7
811.64 24.0
813.62 42.8
814.63 43.4
816.15 167.2
816.90 110.2
817.71 413.1
819.86 293.0
820.61 58.7
822.06 689.3
822.78 172.5
823.73 28.3
824.82 7.7
825.54 5.2
826.30 1.1
827.55 13.2
829.15 3.9
835.97 2.8
842.54 2.0
843.75 15.3
845.58 79.0
846.51 16.5
847.44 8.8
848.95 37.0
849.56 7.9
850.30 3.3
853.84 5.6
855.14 300.6
856.41 31.3
857.40 9.8
858.86 26.8
859.52 27.3
860.96 35.8
861.68 36.3
862.40 2.9
864.40 19.4
865.27 36.4
867.81 32.7
868.48 22.2
869.88 1.8
872.57 57.1
873.35 58.0
874.05 25.7
876.09 24.8
876.93 9.0
877.68 11.5
878.58 20.3
879.92 3.0
881.75 155.8
882.49 71.6
884.14 15.6
885.40 35.5
887.79 5.7
890.71 107.8
891.52 21.2
893.00 4.0
894.37 158.6
895.19 6.9
896.57 90.5
897.76 13.9
899.42 9.8
901.10 14.6
902.62 2.0
904.53 3.7
905.37 31.9
906.20 19.4
906.81 16.4
909.48 3.1
911.22 13.1
911.88 3.3
914.82 18.7
915.75 20.7
917.36 29.9
920.88 15.4
921.51 4.4
922.49 3.0
923.31 5.9
925.72 2.1
927.68 1.0
928.66 3.5
930.10 23.2
930.80 4.2
932.51 317.8
933.40 117.2
934.43 13.0
936.59 14.7
937.49 49.7
938.61 66.3
939.53 8.2
940.57 4.4
941.52 15.3
942.58 28.6
943.40 6.6
944.94 11.5
947.22 142.9
948.15 33.5
949.87 5.0
951.26 364.0
952.43 83.8
953.08 55.5
954.77 14.5
956.29 43.3
957.43 1.9
958.78 36.3
959.52 1.3
962.49 3.5
964.00 1.8
965.37 16.0
968.15 4.9
969.63 23.2
970.94 25.1
971.70 52.6
972.74 33.5
973.56 12.9
975.42 4.4
976.59 39.7
977.76 9.1
978.76 1.5
980.81 9.7
982.26 56.1
983.04 6.2
983.66 6.6
984.48 4.2
985.64 2.4
986.65 11.0
988.80 19.1
989.47 10.6
990.79 138.9
991.44 29.0
992.93 14.7
993.57 5.4
994.57 48.4
995.38 46.4
996.29 36.2
997.67 4.7
998.82 30.5
999.85 160.9
1000.81 69.7
1001.85 8.5
1002.74 7.3
1003.97 113.5
1004.72 19.3
1007.40 8.5
1008.62 663.6
1009.31 564.0
1010.47 31.2
1011.53 14.1
1012.77 126.6
1013.80 39.0
1015.11 6.9
1017.47 28.3
1020.56 9.7
1024.33 11.3
1026.18 85.6
1026.83 9.2
1027.63 25.9
1028.61 8.0
1030.27 2.8
1032.12 119.0
1032.89 13.1
1034.18 5.7
1035.07 11.6
1037.00 7.6
1038.41 43.6
1039.53 14.3
1041.61 7.2
1042.52 6.4
1043.28 3.4
1045.60 208.8
1046.78 138.4
1047.72 42.2
1051.11 19.5
1052.37 16.9
1053.66 6.1
1054.75 14.1
1056.02 68.1
1056.81 39.7
1057.82 13.1
1058.74 7.3
1060.45 54.1
1061.09 34.8
1062.98 3.7
1064.16 2.9
1065.40 491.3
1066.34 35.2
1067.47 7.5
1068.97 84.3
1069.71 45.7
1070.55 29.6
1071.74 10.9
1074.68 10.7
1076.32 10.0
1078.42 19.2
1080.26 7.6
1082.02 3.3
1083.84 6.4
1084.71 22.3
1085.55 20.1
1088.24 7.2
1089.24 4.3
1090.99 5.1
1091.69 14.8
1092.40 2.9
1096.37 6.4
1097.84 26.6
1098.66 14.0
1103.36 4.7
1107.36 19.8
1108.61 94.6
1109.60 44.0
1110.51 12.0
1114.63 3.2
1115.94 81.8
1116.86 20.8
1121.18 2.5
1123.64 1.3
1125.41 4.1
1129.93 10.8
1130.60 5.5
1138.56 29.7
1139.36 24.2
1140.63 6.1
1142.20 6.3
1144.14 1.5
1147.42 128.3
1148.44 20.9
1149.72 6.0
1150.72 1.8
1153.95 15.0
1154.70 4.2
1163.77 11.3
1164.65 11.4
1165.98 8.9
1166.76 4.1
1167.82 14.1
1170.08 2.4
1172.38 26.0
1173.26 18.6
1174.68 8.3
1176.78 4.9
1177.84 9.6
1179.89 4.0
1182.24 5.7
1183.39 5.8
1184.35 11.1
1185.70 9.9
1186.72 10.2
1188.30 3.5
1191.55 35.0
1192.62 31.2
1193.61 15.7
1195.01 28.1
1195.72 36.2
1197.73 4.7
1199.37 4.7
1201.84 20.0
1202.90 7.1
1204.03 276.2
1204.83 36.8
1209.69 44.0
1210.84 33.7
1211.71 1.8
1212.64 1.9
1214.47 3.9
1217.45 4.5
1221.21 11.6
1222.74 1.4
1223.81 3.2
1225.09 3.5
1229.64 13.9
1230.57 15.8
1231.69 6.7
1232.96 4.0
1238.09 27.3
1238.87 42.9
1240.14 2.3
1247.41 237.5
1248.26 32.7
1249.95 2.6
1253.03 1.5
1258.91 2.3
1262.59 1.6
1263.72 10.2
1264.78 13.6
1266.92 4.3
1270.11 2.2
1272.91 56.0
1273.80 30.3
1274.69 15.4
1276.95 5.7
1277.87 1.5
1279.28 4.0
1280.47 1.1
1282.00 171.9
1282.81 43.7
1283.57 11.3
1285.99 2.4
1288.34 2.8
1291.08 353.4
1291.86 72.1
1292.96 1.3
1295.04 2.9
1296.52 4.0
1299.10 2.4
1299.96 6.6
1305.13 2.6
1305.79 18.9
1306.43 1.6
1307.92 3.6
1308.69 4.4
1315.38 9.4
1322.65 10.3
1323.55 8.9
1324.59 2.0
1339.87 3.4
1340.74 2.1
1357.29 9.1
1366.35 4.2
1372.66 6.9
1375.41 5.7
1380.31 4.5
1385.99 4.2
1388.62 3.6
1389.59 3.0
1390.99 2.7
1393.08 2.6
1397.75 1.9
1398.36 1.6
1402.63 4.0
1411.37 1.3
1421.09 8.5
1422.56 1.6
1425.13 3.7
1437.86 14.5
1438.83 4.6
1440.76 4.2
1445.49 2.3
1454.71 2.1
1457.83 1.6
1461.72 1.1
1483.10 4.6
1489.92 3.9
1495.02 1.6
1500.41 3.7
1501.80 1.5
1536.88 2.4
1537.72 4.2
1542.34 7.5
1548.69 1.4
1554.91 4.4
1561.88 2.2
1566.83 5.3
1570.48 2.5
1588.85 7.0
1590.82 3.4
1616.49 6.3
1643.88 4.9
1650.54 6.2
1667.23 3.3
1669.10 2.5
1677.95 1.2
1679.83 4.8
1688.78 1.1
1704.10 1.4
1718.85 1.9
1744.98 2.5
