1060.5761 2
151.02 1.0
155.10 1.6
156.97 1.5
158.43 1.4
159.21 1.2
160.24 1.7
164.21 1.2
165.92 4.1
166.53 1.7
168.36 1.0
169.35 2.0
171.04 6.7
173.17 7.6
175.19 81.1
176.37 7.2
182.18 1.6
183.30 1.7
185.98 2.0
187.18 7.3
189.23 2.9
193.03 7.9
194.09 2.1
197.28 3.5
199.15 7.5
200.12 13.8
201.20 22.0
204.39 3.9
210.16 19.1
211.23 8.7
212.07 3.7
214.17 3.4
215.30 15.7
216.03 7.0
218.33 8.0
219.33 3.1
222.73 26.7
226.32 11.6
228.13 64.3
229.15 19.2
231.27 2.7
232.17 12.6
233.10 4.4
235.25 1.4
236.24 1.1
237.24 5.0
238.19 15.2
239.16 16.0
240.27 10.1
241.48 1.3
242.36 8.2
243.21 1.8
244.34 14.3
246.18 42.0
247.24 1.1
251.39 6.6
253.06 9.6
254.40 2.7
256.09 115.8
257.15 25.6
258.16 6.2
259.21 4.7
260.22 3.3
261.23 1.9
262.34 13.9
264.26 4.8
266.11 1.3
268.26 6.2
270.17 8.7
271.26 10.1
272.23 17.2
273.11 3.0
274.22 144.4
275.18 8.9
276.33 2.3
277.10 4.8
278.00 3.5
279.10 4.4
283.25 1.1
284.29 1.5
286.10 15.9
287.39 22.4
288.25 24.1
289.17 2.5
290.05 12.0
291.22 7.8
292.21 7.5
293.22 2.2
295.10 6.3
296.30 1.2
297.04 3.7
300.37 2.6
301.01 3.8
302.15 2.9
303.35 2.2
304.04 6.4
305.40 4.2
308.38 1.6
309.14 2.7
310.32 2.8
311.38 4.4
312.11 7.1
313.27 7.5
314.28 7.9
315.34 1.4
317.08 2.4
318.08 43.8
319.14 26.4
320.05 18.4
321.02 13.5
322.08 5.7
323.05 8.9
323.71 3.1
326.09 13.6
327.25 1.2
329.80 4.9
331.17 10.2
332.13 7.5
334.22 4.2
335.08 7.9
336.11 13.1
337.97 23.4
341.09 6.9
342.14 13.0
343.50 11.2
344.25 4.6
345.40 6.2
347.54 1.3
348.23 1.2
349.30 1.8
350.26 3.5
351.96 9.4
353.13 11.1
354.22 14.7
355.04 5.8
356.15 1.7
358.91 12.6
359.76 4.1
360.50 8.5
361.26 6.6
362.81 8.8
363.98 2.4
367.29 12.1
368.40 23.8
369.14 5.3
370.26 16.8
371.22 4.3
372.31 12.7
373.33 5.7
374.29 3.9
375.07 1.8
376.21 5.2
378.62 14.9
380.46 16.0
382.27 10.7
383.34 3.5
384.25 19.9
385.36 36.7
387.16 40.0
387.77 41.7
390.45 1.0
391.58 13.8
392.67 7.3
394.45 299.6
395.37 8.1
396.10 1.1
397.15 6.1
398.32 7.2
399.43 28.7
400.29 10.2
401.27 10.5
402.33 4.7
403.35 5.2
404.51 1.9
407.19 7.1
408.27 9.3
409.38 7.9
411.32 5.0
412.76 12.0
413.59 9.9
414.74 1.8
415.34 7.3
416.26 27.9
417.09 18.8
418.84 22.6
420.47 5.0
421.51 22.0
422.45 142.7
423.45 18.6
424.23 17.4
425.52 4.9
426.42 26.2
427.40 54.4
428.44 17.7
429.47 16.5
431.21 43.3
432.59 7.5
434.25 2.1
435.61 4.6
436.92 32.0
438.48 13.2
439.86 13.3
441.36 6.0
442.41 12.3
444.36 124.0
445.31 29.2
446.78 2.2
447.92 7.3
448.86 5.5
449.92 20.0
451.40 7.1
452.72 12.9
453.65 8.2
455.36 7.4
456.44 10.9
457.41 17.5
458.13 4.9
458.86 9.8
459.62 1.5
460.64 7.6
464.11 15.0
464.75 6.6
465.38 4.4
466.04 8.8
466.69 2.9
467.82 32.0
469.20 26.8
470.31 33.2
471.17 17.7
472.08 16.4
473.28 30.9
474.28 10.5
475.32 22.7
476.54 17.3
477.75 10.1
478.58 19.7
479.23 2.6
479.93 11.3
481.84 23.8
483.21 18.7
484.70 12.8
485.72 10.7
486.47 1.7
487.75 5.1
488.64 11.6
489.87 81.0
491.31 35.0
492.52 12.6
493.49 26.9
494.48 17.2
495.40 27.4
496.43 32.9
497.29 2.2
498.36 18.2
499.42 16.8
500.38 63.4
501.28 11.8
502.32 10.6
503.57 28.0
504.54 36.9
505.33 3.2
505.97 5.6
507.48 57.4
508.63 221.8
509.38 30.9
510.20 17.8
512.49 136.1
513.32 138.8
514.19 86.7
515.72 59.8
516.45 43.4
517.46 5.6
518.75 43.6
519.63 32.2
520.42 2.9
521.65 312.6
522.39 138.8
523.03 30.6
534.40 3.5
536.53 3.9
537.38 2.5
538.75 2.9
539.85 1.9
546.01 2.9
551.91 17.5
553.50 5.3
554.29 11.2
555.35 14.2
556.32 50.8
557.86 10.2
560.23 2.3
561.30 4.5
562.75 4.6
563.96 2.4
569.55 2.4
570.37 5.0
571.52 7.1
573.34 22.4
574.47 1.6
578.57 4.4
581.41 8.0
582.28 6.6
583.72 10.6
584.41 13.7
585.30 20.6
586.65 5.7
589.51 3.4
590.65 1.7
596.38 9.9
597.34 7.7
599.14 13.4
600.41 7.3
601.85 4.2
602.74 2.1
603.58 17.2
604.78 9.2
605.47 5.0
606.45 9.2
608.63 3.9
609.41 1.2
610.48 5.1
611.34 2.6
612.53 4.5
613.50 28.8
614.52 31.8
615.43 15.4
616.42 4.2
617.33 6.3
618.19 5.3
619.63 7.2
620.37 1.4
621.55 1.1
622.67 6.7
623.35 1.1
629.39 2.4
631.36 18.6
632.47 7.0
637.03 2.1
639.48 9.0
640.29 3.7
641.40 3.5
642.03 2.2
645.38 4.7
646.59 12.6
647.48 3.6
648.11 2.7
649.39 13.2
654.54 2.2
656.24 8.8
657.44 179.0
658.72 25.6
659.55 11.5
660.32 2.4
661.86 2.6
662.68 1.2
665.05 3.7
667.50 1.7
668.45 7.7
671.43 5.0
673.58 6.5
674.44 51.2
675.52 20.4
676.52 8.3
678.19 3.7
682.43 5.9
683.90 15.1
685.48 6.7
687.23 4.6
688.28 9.5
690.63 2.9
692.56 10.1
693.62 7.5
694.32 2.7
695.02 6.9
699.35 2.6
702.85 2.3
706.36 3.7
709.88 5.9
710.50 38.2
711.27 12.4
713.23 4.4
715.29 18.9
716.09 6.1
717.47 15.8
718.89 9.8
720.69 1.5
721.41 4.3
724.02 5.5
726.44 4.5
727.72 31.9
728.34 15.5
729.52 3.2
730.54 8.9
731.26 4.8
736.57 14.0
738.89 2.5
743.96 5.2
745.55 21.3
746.28 6.0
747.46 13.5
750.58 3.7
752.38 16.1
753.53 20.1
755.66 3.9
758.54 4.9
759.52 7.4
760.23 3.5
764.67 1.5
766.31 2.2
769.33 4.2
770.47 170.0
771.42 67.9
772.55 1.4
773.86 5.1
774.50 16.5
776.60 2.2
781.39 2.1
783.43 1.2
785.47 3.1
786.18 1.1
787.56 19.6
788.52 3.5
789.81 3.1
790.67 4.1
791.88 7.6
802.20 11.8
814.49 3.2
816.56 12.6
817.53 8.0
819.55 1.4
827.58 1.1
829.54 6.4
838.20 2.3
842.50 2.7
843.65 4.9
845.61 11.2
846.42 2.3
847.71 10.4
848.86 6.2
853.56 2.8
856.38 14.4
857.44 9.2
858.38 16.0
859.31 9.4
860.58 6.7
861.69 4.0
862.64 1.5
863.42 4.7
867.63 6.2
868.66 6.8
870.18 11.7
871.37 15.8
881.54 2.7
882.39 3.2
886.47 122.1
887.64 42.5
889.78 2.1
894.56 1.6
899.50 11.5
900.56 7.6
903.55 5.0
904.54 41.4
905.48 13.2
913.44 5.6
914.40 1.7
922.48 4.7
928.66 1.6
931.82 3.1
933.41 3.3
938.82 1.4
948.73 4.7
960.62 7.6
961.33 3.1
979.86 6.7
1019.49 1.3
