842.35845 2
128.28 1.8
129.13 18.9
130.11 2.6
145.29 7.2
147.04 3.8
150.18 3.5
151.24 1.3
155.32 1.5
156.18 1.4
157.08 1.0
175.03 1.8
178.11 1.9
179.09 2.3
182.10 1.1
185.10 4.6
188.23 2.0
189.28 1.5
193.06 1.4
194.07 9.0
198.08 2.6
211.23 19.6
212.11 4.7
213.29 1.1
214.79 2.0
217.08 7.2
219.27 4.1
223.54 1.7
224.45 3.0
228.20 21.0
229.01 5.0
230.22 6.4
235.26 6.8
240.26 6.1
245.33 2.5
255.99 1.6
258.05 1.7
261.30 1.9
262.21 3.5
265.39 3.1
267.15 4.9
268.37 1.1
270.51 2.4
274.26 7.1
275.14 5.8
275.88 1.8
281.36 2.0
284.77 13.2
286.28 2.8
287.99 1.5
292.20 9.9
293.17 3.6
294.11 1.7
299.25 2.1
300.67 8.1
301.33 5.5
303.21 1.5
303.89 7.8
304.95 19.2
305.86 10.2
307.00 844.7
308.08 124.0
309.43 4.4
310.34 1.2
313.73 18.8
314.42 11.9
317.73 4.5
323.24 9.2
323.94 1.5
325.68 4.4
327.36 10.1
328.34 6.8
330.16 1.2
332.90 2.0
335.98 9.0
337.32 2.8
340.11 3.0
341.40 3.7
342.99 28.0
343.59 2.8
344.21 8.0
347.07 7.7
348.76 10.6
351.16 4.8
355.12 7.3
356.46 6.3
357.83 29.7
358.79 4.5
360.43 28.1
361.24 5.5
362.58 1.1
363.80 14.3
365.56 21.3
366.52 1.6
368.98 70.9
369.79 5.8
371.69 11.2
372.39 6.1
373.49 11.0
375.24 6.6
376.64 13.4
377.26 1.2
378.13 2.5
378.85 5.2
380.11 33.5
380.83 10.9
381.69 4.7
382.38 2.8
385.61 10.5
386.35 1.4
387.18 2.6
388.76 14.7
393.35 10.8
394.63 11.1
395.43 20.4
396.54 6.7
397.86 47.4
399.03 2.5
399.67 7.6
401.39 24.9
403.62 149.0
404.26 100.7
404.88 60.6
406.06 4.9
406.87 25.4
409.43 17.2
412.91 2142.8
413.80 62.4
414.60 1.0
432.42 5.7
434.34 2.0
436.58 3.7
439.32 2.2
450.30 2.4
450.91 5.0
458.42 3.5
460.61 2.9
463.55 1.4
470.24 2.6
482.29 10.8
483.69 13.0
485.39 5.3
488.04 6.7
493.43 8.0
495.30 10.5
496.25 8.1
500.15 26.1
501.33 23.4
502.53 6.8
505.66 4.4
513.32 15.3
514.19 4.6
516.84 5.0
518.33 2.5
528.47 5.3
544.25 1.8
545.37 18.5
551.45 2.5
565.69 8.3
568.53 4.8
571.86 7.1
582.86 5.0
583.47 1.8
590.21 3.5
592.41 3.0
597.27 8.3
599.61 2.8
601.44 2.6
602.40 2.3
604.24 5.2
605.59 1.1
606.28 1.2
609.14 3.4
614.41 7.6
615.28 1.7
616.40 120.6
617.63 1.7
623.36 6.8
625.47 1.9
626.87 6.2
629.45 5.7
642.53 1.1
648.08 5.3
650.23 2.6
665.16 2.1
666.20 2.2
671.54 2.8
675.74 2.8
678.39 2.9
679.19 1.6
684.58 2.5
685.62 1.9
689.65 1.3
694.12 2.3
696.19 35.7
697.31 16.6
713.04 3.5
714.33 72.7
715.30 13.3
727.33 2.4
736.32 5.8
738.46 1.8
746.72 5.4
757.24 2.4
802.26 2.8
819.61 7.3
821.63 4.3
