1258.714659999999 3
121.06 1.3
125.26 1.1
127.27 3.4
128.19 1.3
129.35 3.5
130.20 12.4
131.03 2.9
141.13 1.1
142.22 2.1
142.92 1.1
147.06 9.0
148.25 1.1
149.02 3.6
150.22 6.3
154.13 2.7
157.32 5.9
159.11 2.7
162.13 4.3
168.43 2.0
169.25 1.8
186.20 11.8
187.28 5.3
188.20 2.3
189.13 2.6
191.07 1.5
193.11 5.1
193.78 3.3
198.90 1.2
203.36 2.0
210.19 2.1
211.16 3.1
212.13 6.8
216.57 5.1
218.73 1.9
221.09 10.1
223.85 2.8
225.76 6.1
228.49 5.7
229.17 8.7
230.38 2.0
235.14 2.9
236.87 1.3
239.34 1.2
241.30 7.3
242.27 18.4
243.57 3.8
245.04 9.8
247.36 3.6
248.68 15.0
250.77 39.2
253.34 10.4
254.11 1.1
255.66 3.2
257.26 2.2
258.81 3.4
261.21 1.2
263.13 15.0
264.86 19.7
265.63 5.9
268.01 3.8
270.18 23.8
271.33 2.7
272.21 2.0
273.28 69.7
274.48 9.7
275.13 1.4
276.45 2.9
277.66 15.0
280.06 1.9
284.82 7.3
285.48 3.0
286.14 6.9
286.81 12.0
288.18 6.6
290.41 3.7
291.18 3.6
294.10 1.5
294.96 2.6
296.27 9.3
299.34 8.5
301.13 5.2
302.19 2.8
303.25 6.0
305.26 11.2
306.04 12.1
307.00 28.9
309.10 4.3
311.54 6.9
313.20 4.1
314.07 11.2
315.20 11.5
316.18 1.1
321.21 5.5
322.52 37.6
324.03 2.3
324.81 2.5
325.54 6.5
326.31 16.7
327.04 35.6
329.70 28.6
330.92 39.8
332.24 29.0
333.34 9.1
334.74 4.1
339.17 2.3
342.67 18.8
344.08 6.7
346.27 8.5
348.12 1.5
348.81 1.9
349.62 13.2
351.46 7.8
356.23 1.9
357.10 4.0
357.86 13.9
359.11 3.0
360.15 2.2
363.21 6.4
367.27 1.5
368.34 2.5
368.97 1.5
370.83 9.9
371.75 6.8
372.65 1.4
374.31 6.6
375.79 1.9
377.10 26.1
378.12 6.5
379.06 12.9
379.92 5.9
380.95 1.1
382.30 4.2
384.03 12.6
385.35 3.1
386.19 12.8
387.38 24.8
388.42 17.4
390.43 9.7
393.57 9.2
394.68 5.9
397.30 13.7
398.04 7.5
399.45 72.7
400.30 13.4
401.98 51.5
403.07 60.2
403.85 75.1
405.51 184.4
406.38 9.4
407.68 41.9
408.89 34.5
409.87 44.5
410.81 26.7
412.01 18.4
413.53 65.6
418.62 3.1
420.94 1.3
425.59 3.9
431.36 9.2
432.88 4.6
438.84 3.5
442.50 20.8
448.93 2.1
449.57 2.5
451.05 5.4
454.50 2.6
455.32 3.1
467.51 5.5
468.77 10.5
470.30 5.3
471.28 2.6
472.47 2.5
473.70 5.3
476.31 7.2
478.23 2.3
482.71 1.6
483.54 1.1
485.23 3.7
486.38 76.0
487.44 18.4
488.53 3.3
491.01 11.7
491.82 6.5
493.92 3.4
495.53 4.7
497.32 4.4
498.32 1.1
500.33 7.9
512.34 3.9
513.34 2.7
514.21 14.1
515.92 11.5
524.35 11.3
526.05 6.6
528.36 15.0
530.51 6.3
534.47 5.6
540.07 2.9
541.26 9.8
544.26 1.3
545.40 33.9
546.83 20.3
547.74 1.6
548.43 3.8
555.17 11.7
556.09 21.7
561.40 1.5
562.96 13.7
564.78 17.1
566.22 42.1
569.38 3.9
572.06 3.5
575.53 2.6
578.44 1.0
579.17 4.4
581.38 7.7
584.86 6.3
585.47 9.1
590.14 3.1
591.22 2.3
592.77 1.3
598.25 1.9
599.47 33.7
600.57 15.2
601.68 3.6
602.72 8.5
603.52 1.9
605.69 2.1
615.50 3.8
616.48 9.3
624.49 1.4
625.14 7.4
625.94 2.7
629.62 3.4
634.50 1.2
638.34 5.0
639.38 6.9
643.42 16.5
644.39 3.4
646.30 1.6
648.36 2.1
660.35 5.3
661.56 15.1
664.47 6.4
666.94 8.4
668.33 1.1
677.38 6.4
682.33 4.7
691.28 2.7
692.46 25.3
693.55 5.5
694.56 2.7
695.31 1.9
696.59 7.5
708.44 1.7
710.44 1.5
714.55 64.2
715.47 18.5
716.64 3.8
717.63 1.2
725.40 1.4
727.64 1.0
740.40 1.3
744.34 2.0
754.46 3.7
771.52 6.3
779.60 3.6
781.80 6.2
797.43 4.2
800.37 3.7
805.45 2.2
810.26 3.4
818.45 2.8
828.39 14.2
829.45 4.3
841.95 4.0
856.24 1.8
866.38 2.9
909.65 5.7
927.43 7.5
928.47 3.9
982.57 9.1
