1042.53032 2
148.03 3.1
150.07 2.3
153.33 3.5
155.21 4.9
157.37 1.1
158.28 3.6
165.12 3.6
167.17 29.2
168.90 1.1
173.10 27.2
175.24 102.0
176.16 1.8
182.23 6.1
183.30 23.0
184.18 5.6
185.14 45.1
186.25 3.7
191.03 10.8
194.32 6.1
195.28 11.1
198.25 1.7
200.13 4.2
201.22 61.1
202.32 1.1
203.39 1.6
204.24 1.2
205.19 4.9
212.04 12.3
213.16 3.9
217.10 3.9
218.18 11.9
220.77 19.8
221.37 1.8
222.24 26.8
223.20 33.2
225.27 1.2
228.36 7.8
229.20 6.2
230.10 6.4
235.26 3.7
240.27 9.3
243.28 1.1
248.11 24.0
249.11 8.0
250.12 4.8
251.21 2.6
252.25 1.1
253.23 5.7
256.31 1.2
257.04 3.3
263.26 2.2
265.09 5.3
266.19 114.3
267.35 7.9
268.28 2.4
269.15 3.6
271.37 1.2
273.24 21.1
279.32 1.8
281.08 246.9
282.07 106.7
283.07 258.8
284.30 34.9
285.38 5.4
290.46 25.1
291.40 6.9
292.11 15.4
293.92 1.4
297.21 7.8
298.09 8.4
298.91 26.9
299.76 8.1
301.12 47.2
302.14 9.1
306.33 1.5
309.32 10.6
313.41 2.3
314.25 2.8
322.26 1.1
323.32 2.2
325.33 11.4
326.39 6.6
330.03 2.5
334.19 2.4
336.05 1.5
338.92 6.7
339.81 3.0
340.47 1.4
341.30 5.9
342.11 6.8
343.19 8.7
344.44 1.2
350.18 4.2
351.23 3.9
352.37 5.0
354.10 1.5
355.31 2.5
356.31 1.7
357.85 13.0
358.48 6.3
360.30 14.0
363.28 9.4
367.11 1.4
370.23 4.4
371.00 11.7
371.99 24.8
376.56 5.3
377.23 11.8
380.26 2.3
380.89 2.1
384.17 6.0
385.19 73.6
385.99 30.5
387.21 5.1
391.13 4.5
392.16 6.9
394.18 18.6
396.11 49.6
398.45 13.3
399.15 8.4
404.51 150.5
405.28 7.6
407.27 6.9
408.13 29.9
409.38 8.6
410.39 1.5
411.32 10.5
412.36 23.6
413.22 154.9
413.88 28.1
415.35 2.7
416.24 4.3
417.22 26.5
418.33 6.7
420.94 20.2
421.92 486.0
424.44 5.6
426.62 7.0
428.06 5.8
429.26 139.7
430.25 29.0
431.14 5.9
433.41 11.9
436.10 7.4
437.20 7.0
438.41 6.8
439.94 7.7
441.96 3.1
442.77 9.6
446.45 4.2
447.25 1.2
448.68 18.4
449.41 14.8
453.50 10.4
455.02 65.1
455.85 10.5
458.23 19.5
459.14 1.4
461.55 1.9
462.36 2.2
463.47 55.6
464.35 7.1
465.38 4.9
468.83 24.1
471.40 1.8
472.26 56.4
472.90 6.2
474.12 8.7
476.24 28.1
477.45 39.3
479.85 6.0
480.80 12.0
481.90 15.8
482.50 52.6
483.44 14.0
485.92 2.7
486.78 7.7
487.57 21.0
488.73 8.4
490.46 30.9
491.25 87.4
492.10 59.9
493.32 5.8
494.40 9.1
495.87 175.2
496.80 6.8
498.14 2.1
499.58 50.0
500.27 69.2
500.92 11.9
501.59 17.5
502.31 1.0
504.29 1371.9
504.91 1090.7
506.14 39.2
506.80 2.0
508.20 17.3
509.27 48.0
510.07 17.5
512.95 2703.1
513.81 74.6
514.53 3.0
526.30 6.3
545.36 3.2
559.37 2.0
568.33 7.4
577.25 4.0
579.18 1.1
580.42 4.5
584.22 1.4
585.35 2.0
586.69 1.4
587.55 3.9
588.50 3.3
595.24 2.3
596.36 19.2
597.35 10.2
598.34 4.7
602.50 7.0
604.25 10.2
614.33 206.7
615.34 37.5
616.20 2.7
621.52 2.2
622.52 11.4
623.29 8.3
628.52 3.0
631.46 50.0
632.41 17.2
633.22 3.2
635.62 3.4
639.32 15.0
640.33 2.3
642.45 1.5
651.18 14.6
656.71 5.2
659.14 1.1
667.25 4.0
668.58 3.6
669.35 2.7
677.02 7.2
680.35 3.3
689.05 3.6
691.69 2.6
697.59 5.3
701.37 5.6
707.14 2.6
713.52 3.8
719.45 5.7
724.48 9.7
725.51 21.0
731.39 2.6
736.59 2.1
737.79 5.9
740.44 58.3
742.37 594.5
743.38 121.0
752.21 5.2
753.24 6.8
754.57 3.2
759.45 156.2
760.44 51.7
764.17 2.7
765.46 3.2
769.42 32.6
770.30 8.5
796.51 2.6
808.53 16.1
809.20 4.1
816.23 12.0
822.21 4.5
824.68 19.4
825.46 365.8
826.41 104.6
833.21 12.2
834.44 10.1
841.93 7.1
842.58 33.8
843.64 1.3
850.65 11.8
851.48 23.7
852.37 10.9
853.74 2.2
859.75 4.4
863.61 4.1
868.46 91.0
869.40 17.0
870.22 6.3
871.62 8.6
886.50 6.2
891.40 8.6
897.75 2.0
903.67 3.5
908.26 30.5
909.51 18.8
910.58 3.2
913.76 2.0
914.37 3.4
925.40 2.7
926.55 7.5
927.68 3.1
934.34 3.0
935.77 3.4
936.45 31.3
937.52 21.7
938.56 2.0
943.65 14.0
944.98 3.7
953.54 3.0
954.60 15.8
955.40 4.3
971.31 29.2
971.98 6.9
972.62 27.1
