3346.68422 4
239.25 2.7
241.22 1.1
243.13 4.4
249.37 1.3
251.31 2.7
252.16 17.8
253.13 3.1
258.11 1.8
259.45 2.6
262.17 9.6
263.49 2.0
266.28 1.2
267.39 2.0
269.20 20.0
271.25 6.9
274.00 4.5
276.18 2.9
277.15 1.4
280.41 1.6
281.38 1.6
283.17 9.0
284.17 5.1
286.14 4.1
287.32 1.1
296.34 1.6
299.27 3.9
300.21 4.7
301.21 6.1
302.16 2.7
304.36 6.0
306.14 6.7
310.25 1.5
313.96 1.4
319.28 3.0
320.42 3.7
323.38 4.1
328.66 7.1
331.38 1.4
337.19 2.5
341.25 6.1
345.98 2.8
347.12 4.3
349.98 2.6
355.03 2.6
356.18 5.3
358.49 3.7
359.57 5.1
360.46 1.6
363.13 1.8
364.45 4.8
365.44 1.6
367.86 8.7
369.08 2.8
370.11 1.6
370.72 2.9
371.75 7.4
376.42 1.1
377.43 6.9
378.47 1.5
380.09 9.9
380.77 2.0
382.42 5.8
383.34 11.9
386.38 4.8
388.18 2.1
390.30 8.5
391.31 8.1
392.44 4.3
394.04 1.8
395.23 4.1
396.41 4.7
397.48 3.1
398.75 5.5
400.76 1.1
402.24 7.3
410.31 5.0
411.37 7.3
412.30 8.9
413.33 21.2
415.34 2.6
416.03 16.8
417.19 2.5
420.06 1.4
421.54 5.5
422.35 3.6
423.34 16.1
424.54 4.4
425.35 9.6
426.08 24.1
428.40 3.5
430.93 7.9
433.20 10.5
434.25 18.6
435.23 4.5
437.20 7.9
438.43 5.1
440.17 26.3
440.82 2.0
441.93 4.5
445.20 3.9
446.89 18.9
448.02 3.8
449.48 3.1
451.29 7.1
452.46 1.6
453.29 5.0
454.11 4.1
455.52 4.8
458.22 2.1
458.91 2.7
460.43 4.4
464.41 1.9
465.55 8.5
467.03 7.7
469.01 5.7
472.55 2.7
473.33 12.5
474.35 1.6
475.27 2.8
478.72 7.1
480.30 10.7
481.47 4.4
482.46 23.3
483.18 7.7
484.10 1.2
487.76 4.7
489.64 1.4
490.28 11.0
491.44 5.6
493.76 2.6
496.59 54.2
497.54 2.8
498.85 36.0
502.59 1.2
503.38 2.8
504.98 12.2
506.42 4.7
509.47 1.6
511.57 8.2
512.48 9.0
513.60 12.6
514.53 4.0
515.35 3.9
516.23 4.2
517.18 4.0
519.18 1.4
520.19 2.2
522.26 13.7
523.12 10.0
524.54 7.7
526.39 13.8
529.48 8.4
530.26 5.7
531.48 7.5
535.49 5.5
536.86 2.0
538.06 26.2
539.23 6.9
539.91 3.4
541.37 8.2
543.24 15.6
543.98 3.3
544.62 5.6
546.86 39.2
549.37 5.1
550.01 4.8
551.34 38.1
552.23 13.4
553.45 3.2
554.64 11.9
555.24 2.2
556.12 3.8
560.79 66.4
561.52 27.9
563.48 5.9
564.57 5.8
565.58 7.8
566.75 8.6
569.37 5.4
571.71 4.2
572.79 1.3
574.21 3.4
574.84 8.0
575.59 11.2
576.21 6.7
579.46 11.1
580.37 7.8
581.34 4.7
582.62 3.8
583.78 5.1
584.50 3.8
585.38 4.6
586.05 7.3
587.09 10.6
588.44 13.9
589.57 11.9
590.58 6.3
591.50 8.3
592.60 3.8
593.64 5.0
594.51 10.9
595.46 1.7
596.63 23.6
597.47 8.6
598.10 5.0
599.63 29.1
600.52 1.5
601.51 12.3
602.12 2.9
603.18 3.0
606.46 2.3
607.22 27.0
608.09 11.7
609.28 2.1
610.41 3.9
611.22 6.8
613.30 9.0
616.21 1.8
616.96 7.9
618.01 2.5
619.07 1.2
622.50 1.2
623.30 1.4
624.36 15.7
625.41 20.5
626.31 16.8
627.41 29.9
628.30 31.4
629.65 19.0
631.57 25.1
632.40 6.9
633.39 18.2
634.64 10.1
635.48 5.2
636.42 5.4
637.57 55.7
638.48 14.2
639.46 16.9
642.28 14.2
644.39 49.7
645.33 49.1
646.40 55.0
647.43 26.1
648.49 6.3
649.33 22.7
650.59 10.6
651.75 12.6
653.13 13.8
654.13 11.0
655.26 1.1
657.83 6.3
658.68 14.2
659.76 18.3
660.84 16.5
662.43 51.3
663.66 30.8
664.48 42.3
665.48 13.7
666.45 4.2
667.42 17.4
668.28 10.8
669.46 10.8
670.32 3.9
671.10 6.6
672.23 2.8
673.35 17.4
674.67 25.0
675.69 13.6
676.46 2.5
679.35 8.6
680.32 25.6
683.47 3.3
686.68 5.0
687.50 1.1
688.57 23.3
691.00 2.5
692.32 14.4
693.28 4.3
695.00 13.0
696.63 14.3
697.87 8.7
698.94 1.6
699.83 7.4
701.75 68.2
702.54 70.9
704.03 8.2
706.09 13.8
707.21 12.8
708.25 5.9
711.04 196.7
712.21 50.3
713.17 30.0
714.18 2.5
715.67 22.3
716.61 14.6
717.69 8.7
718.64 33.1
719.79 34.6
720.47 12.7
721.15 13.1
722.29 24.7
723.61 33.7
724.91 13.7
725.96 43.8
726.58 5.4
727.34 23.6
728.88 5.5
730.57 25.9
731.56 20.6
732.31 23.1
733.17 4.2
734.13 16.6
735.44 118.4
736.18 16.0
737.22 97.0
738.02 23.3
739.52 11.1
741.33 759.0
742.40 30.7
743.36 15.1
744.11 4.2
744.71 1.8
745.79 6.4
746.63 9.7
748.66 5.2
749.26 5.4
752.74 21.5
753.74 12.2
755.73 26.9
756.61 31.6
757.65 37.3
758.46 142.0
759.52 53.4
760.33 11.9
761.37 88.7
762.22 33.7
763.35 14.7
764.45 19.2
765.22 45.3
766.49 213.2
767.57 60.1
768.77 23.5
769.67 59.7
770.50 24.8
771.39 1.6
772.50 6.0
773.45 84.5
774.65 120.2
775.32 46.0
776.26 17.3
777.08 22.6
779.10 465.2
780.37 88.4
781.26 111.4
782.41 98.4
783.59 46.4
785.03 12.5
785.86 8.5
786.50 15.3
787.98 11.8
788.78 17.2
790.51 25.1
791.38 14.4
792.82 6.7
793.53 21.3
794.63 19.8
795.57 1.7
796.57 36.5
797.18 7.0
797.96 7.5
799.27 95.0
800.62 94.1
801.82 27.1
802.69 17.6
804.15 23.0
804.77 167.1
806.04 26.0
807.18 58.1
808.17 13.3
809.04 15.4
810.06 33.7
810.98 98.4
812.28 55.2
813.19 16.1
813.80 63.2
815.04 23.0
816.57 258.5
817.78 251.0
818.62 156.1
819.59 87.0
820.52 116.3
821.38 37.1
822.12 163.6
823.85 110.5
824.68 466.6
825.42 82.3
826.20 50.5
826.92 56.6
829.08 4.6
830.43 4.4
833.88 2.2
838.68 2.4
839.73 1.9
843.37 9.2
844.22 6.3
845.12 15.2
845.88 4.2
846.90 1.4
848.48 14.8
849.23 4.9
850.52 77.6
851.31 23.6
853.25 10.3
854.46 7.6
855.24 7.1
856.56 8.5
857.30 10.2
858.51 1.2
860.43 22.2
861.60 1.2
862.48 9.4
863.55 14.2
864.27 17.0
865.48 13.7
866.50 54.8
867.56 25.4
872.03 7.8
873.95 2.8
875.60 4.2
877.43 1.1
878.50 92.4
879.54 31.8
880.46 10.8
881.73 22.5
882.59 103.2
883.40 204.3
884.50 35.6
885.42 5.4
886.77 36.7
887.66 7.1
889.57 54.2
890.84 170.6
891.75 232.3
892.66 14.0
893.50 3.2
896.18 246.8
897.54 52.2
898.30 6.4
899.64 22.0
900.42 108.1
901.35 19.8
902.21 10.0
903.24 7.3
904.81 17.4
905.62 11.5
908.25 8.4
909.29 1.8
911.52 6.9
914.68 8.5
915.55 1.3
916.53 4.1
918.07 15.2
919.22 15.2
920.25 11.3
921.09 24.6
922.00 32.5
923.34 5.4
927.11 22.7
928.51 11.0
929.73 23.9
930.48 5.0
932.46 42.0
933.46 36.2
934.60 45.1
935.69 7.3
936.48 9.5
938.33 7.9
939.27 6.0
941.36 20.9
942.32 8.6
943.02 4.1
944.43 24.1
945.20 16.9
946.79 129.2
947.72 29.3
948.92 17.4
950.09 27.9
951.12 10.5
952.33 31.0
953.33 49.2
954.84 75.8
955.77 365.3
956.74 53.9
958.45 44.5
959.27 14.9
960.89 182.4
961.84 225.7
962.75 25.6
964.14 81.4
964.90 17.7
966.50 540.8
967.52 33.9
968.25 2.5
971.96 25.4
972.77 8.7
973.59 1.6
974.60 28.5
975.90 9.7
976.92 15.4
978.41 23.9
979.65 9.0
980.79 13.1
981.55 1.3
982.29 3.6
983.36 5.8
983.97 4.4
984.83 9.6
989.60 21.8
990.84 16.8
991.57 113.4
992.55 38.1
993.49 13.9
994.89 21.6
995.66 27.9
996.54 107.4
997.63 25.7
998.80 1.7
999.82 6.2
1001.89 56.5
1002.72 26.7
1003.48 14.1
1004.43 21.9
1005.95 23.3
1007.52 28.4
1008.45 3.2
1009.56 25.0
1010.35 51.5
1011.31 149.3
1012.28 23.5
1013.35 69.9
1014.42 31.5
1015.52 547.6
1016.54 13.7
1017.98 2.3
1019.76 89.2
1020.89 308.3
1021.55 243.0
1023.22 14.9
1023.94 8.7
1024.58 1.5
1025.22 24.3
1026.13 3.0
1027.30 18.9
1028.21 3.4
1029.26 44.0
1030.23 12.6
1033.34 62.1
1034.10 1.5
1036.20 17.2
1037.74 1.1
1038.86 12.0
1039.57 4.0
1040.65 54.1
1041.31 34.2
1042.15 22.0
1045.53 44.7
1046.63 58.7
1047.76 37.1
1048.92 16.6
1049.99 2.3
1053.65 785.2
1055.29 15.9
1057.35 12.5
1058.27 8.2
1059.07 6.1
1060.61 192.8
1061.54 6.0
1063.25 14.3
1064.03 17.4
1064.78 3.0
1066.04 41.9
1066.65 1202.9
1068.32 50.6
1069.26 18.2
1070.05 9.3
1071.03 5.8
1072.62 1091.3
1073.69 12.6
1074.80 5.2
1077.05 45.8
1078.10 11.1
1078.75 10.3
1080.09 30.1
1081.06 13.0
1083.07 2.3
1084.25 8.6
1085.54 21.1
1086.83 14.3
1088.85 45.7
1089.55 2.0
1091.74 6.3
1092.99 8.2
1094.36 13.3
1095.71 6.6
1097.19 227.5
1098.36 20.3
1099.61 16.7
1100.60 8.5
1101.32 6.1
1102.71 45.8
1103.70 22.2
1105.45 166.9
1106.22 42.0
1107.11 3.3
1108.71 21.6
1109.56 49.1
1110.76 41.8
1111.67 64.2
1112.47 32.7
1114.70 16.1
1116.62 12.2
1118.37 22.1
1119.54 18.6
1120.63 88.8
1121.59 76.8
1122.93 8.9
1123.67 3.8
1124.81 15.5
1125.78 1.2
1127.10 29.6
1127.92 11.0
1128.72 4.3
1130.33 10.3
1131.53 6.0
1132.15 10.5
1133.21 7.5
1134.09 5.8
1137.79 9.8
1139.49 8.6
1141.48 2.4
1143.83 9.6
1145.07 7.3
1145.78 10.9
1149.37 12.2
1150.11 1.7
1151.93 10.1
1152.91 40.0
1153.70 3.1
1154.40 1.9
1155.09 1.6
1156.04 38.9
1156.76 1.2
1159.28 34.8
1160.27 1.9
1161.59 98.0
1162.39 48.2
1165.52 6.0
1167.84 166.1
1168.78 23.9
1169.96 56.8
1170.61 75.5
1173.39 5.0
1174.58 15.2
1175.87 3.2
1177.73 46.3
1178.86 24.9
1179.81 8.2
1183.12 7.0
1184.92 8.9
1187.12 7.0
1187.92 9.6
1188.76 9.8
1189.68 13.6
1190.67 12.9
1194.77 7.6
1198.68 47.6
1199.54 46.5
1200.92 6.0
1201.91 2.0
1202.68 4.4
1203.77 6.6
1204.61 6.2
1205.50 9.7
1206.81 14.7
1208.64 17.5
1209.74 6.8
1210.77 12.8
1211.50 1.2
1212.41 7.7
1215.12 1.9
1216.78 8.4
1218.52 13.1
1219.49 8.2
1221.64 8.5
1222.78 2.2
1224.55 28.3
1225.25 13.5
1226.47 9.2
1227.19 6.9
1229.93 9.5
1231.25 10.8
1232.67 16.8
1233.68 6.9
1234.28 2.3
1235.21 6.0
1236.46 5.2
1239.87 2.7
1240.88 3.1
1241.52 6.3
1243.66 4.2
1247.52 1.8
1248.82 4.2
1249.83 2.7
1250.73 8.2
1253.07 2.9
1254.81 15.5
1256.24 4.7
1257.21 4.7
1262.72 4.4
1265.68 5.1
1266.57 15.8
1268.40 8.2
1270.02 3.4
1275.08 35.3
1276.19 4.8
1278.06 7.9
1279.40 2.5
1283.60 3.1
1285.63 16.7
1289.88 6.5
1291.72 8.5
1292.95 34.2
1293.93 66.0
1294.94 4.2
1298.88 3.9
1302.38 2.2
1308.08 1.8
1309.57 4.2
1311.46 12.8
1313.30 2.7
1316.54 7.4
1325.75 8.1
1327.26 3.6
1330.89 9.2
1334.25 13.5
1334.95 3.2
1336.96 1.3
1337.68 1.4
1339.11 7.0
1343.66 46.5
1344.44 15.1
1352.06 3.1
1356.81 2.4
1360.78 1.5
1362.01 7.2
1368.41 4.4
1371.65 6.1
1376.63 2.5
1377.80 13.2
1381.69 4.0
1382.89 5.5
1384.16 1.8
1393.34 3.4
1396.94 3.9
1397.83 4.9
1402.62 2.5
1413.36 6.3
1413.98 3.3
1417.80 3.0
1420.80 13.2
1421.67 4.2
1422.51 10.0
1428.85 5.2
1433.77 5.8
1434.99 1.6
1438.70 1.1
1439.88 4.5
1441.80 20.1
1465.73 6.8
1469.72 3.3
1478.91 1.9
1481.64 3.6
1482.89 1.4
1483.75 2.4
1489.08 7.8
1493.94 3.4
1507.64 1.4
1509.05 1.1
1510.34 1.3
1513.76 2.2
1524.05 1.6
1530.85 1.8
1531.71 2.7
1532.84 1.9
1538.58 4.8
1549.23 11.4
1550.07 6.4
1565.84 4.9
1585.99 1.2
1643.80 2.6
1652.87 3.0
1677.66 1.3
1679.79 1.9
1688.69 2.6
1696.06 3.1
1696.97 1.0
1732.14 2.3
1735.93 1.1
1764.70 4.8
1784.44 7.8
1800.80 1.5
1827.83 7.6
1889.11 4.6
1925.08 2.1
1936.45 3.4
1942.55 5.2
