2233.0894 2
310.83 8.6
313.20 11.7
319.42 4.5
320.58 7.9
322.72 12.8
323.34 17.8
324.10 10.4
325.48 22.2
326.35 4.1
330.48 39.2
333.27 8.4
334.17 4.4
334.94 10.1
336.27 12.3
337.18 16.9
339.22 13.8
340.39 11.7
341.03 8.8
343.02 11.2
344.16 10.0
345.14 3.5
346.32 33.8
347.32 86.3
348.32 42.8
351.43 14.6
352.33 11.5
354.27 10.8
355.18 13.9
358.33 19.3
359.20 36.4
362.39 8.3
363.20 47.2
364.23 34.1
365.19 74.0
366.26 11.0
368.30 5.0
369.22 17.5
370.34 40.8
373.12 26.2
374.15 5.4
375.14 27.5
376.05 8.2
377.36 7.5
378.26 5.9
379.29 20.6
380.30 5.2
381.23 11.7
382.14 6.6
383.25 9.4
384.48 5.6
385.41 24.6
386.33 82.1
387.26 68.4
391.36 9.3
392.45 65.4
393.27 26.0
394.07 5.0
395.12 8.4
397.43 24.3
398.32 57.4
399.48 7.1
401.42 22.2
402.44 47.8
403.28 393.1
404.26 49.3
405.13 42.4
406.18 7.2
407.50 48.3
408.46 56.5
409.44 138.4
410.38 102.2
412.23 27.5
413.20 12.3
414.37 17.1
415.25 21.9
416.34 15.2
417.42 13.1
418.42 3.3
419.35 62.6
420.38 35.3
421.29 43.1
423.11 25.8
425.26 50.0
426.14 9.1
427.26 15.4
429.38 14.3
430.37 58.0
431.71 23.5
433.34 9.6
435.33 16.9
436.24 14.7
437.32 232.5
438.09 81.9
439.45 13.6
440.28 8.4
441.28 38.2
443.06 16.9
444.33 18.6
446.25 16.2
447.47 27.3
448.38 47.6
449.35 59.0
450.20 35.7
451.32 10.8
452.40 7.2
454.29 16.4
456.43 12.9
459.32 39.1
460.33 27.6
461.32 25.6
462.80 59.8
463.43 57.5
464.31 29.3
465.22 6.0
466.28 53.4
469.50 6.0
471.27 13.4
472.23 33.5
473.51 3.3
474.23 9.7
475.64 24.3
476.54 20.1
477.46 36.1
478.40 7.4
479.46 17.7
480.35 231.4
481.33 39.6
482.26 30.1
485.48 40.5
486.29 45.7
487.23 23.7
488.80 20.3
489.51 56.7
490.35 15.3
491.23 13.0
492.26 6.9
493.54 27.6
494.27 11.0
496.95 21.8
498.43 29.2
499.35 28.8
500.15 35.1
502.26 81.4
503.35 71.8
504.34 51.2
505.42 32.9
506.36 128.1
507.45 22.8
508.25 33.8
509.38 3.8
510.31 7.1
511.38 19.5
513.34 14.1
515.11 4.3
516.32 248.4
517.48 40.1
518.45 53.0
520.40 30.6
521.48 79.5
522.47 10.4
523.64 77.5
524.68 39.7
525.43 25.4
526.24 24.3
527.44 15.7
530.45 10.6
533.33 181.2
534.25 301.3
535.31 137.5
536.29 37.2
537.46 32.5
538.27 64.1
539.32 58.5
540.32 7.8
541.39 53.6
542.32 39.4
543.20 23.6
544.37 11.4
545.33 44.6
546.66 20.7
547.58 8.5
549.25 30.9
551.27 488.1
552.45 175.7
553.39 32.5
555.30 25.9
557.29 172.7
558.40 121.7
559.25 15.3
560.19 6.9
561.27 30.0
562.39 98.1
563.28 8.4
565.48 26.0
568.69 57.7
569.82 35.3
570.45 7.7
571.45 13.0
572.27 6.5
573.37 177.7
574.37 103.8
576.28 37.6
577.38 74.3
579.21 99.1
580.40 24.2
582.35 59.5
584.68 26.2
585.79 5.7
587.14 10.6
589.41 9.7
590.47 8.8
591.31 66.0
592.39 21.4
593.53 9.8
594.31 10.4
595.37 18.6
596.22 44.3
597.45 33.8
599.38 27.5
600.30 12.8
601.30 30.8
602.44 23.8
603.84 5.7
605.62 66.8
607.00 30.6
608.36 8.3
609.32 19.0
611.71 12.6
612.43 9.1
613.45 24.3
614.54 53.9
615.32 29.5
616.54 25.2
617.61 20.6
618.80 93.8
619.43 166.1
620.49 111.1
621.39 14.5
622.45 7.3
623.40 6.1
624.36 12.9
626.29 6.7
627.57 22.5
628.45 60.5
629.45 101.8
630.51 21.7
631.33 39.0
632.48 30.6
633.24 20.1
634.22 28.5
635.41 20.4
636.53 149.8
637.48 59.5
638.53 21.6
639.38 11.0
640.24 5.3
641.05 50.2
642.71 12.0
643.82 14.9
645.32 44.9
646.32 300.0
647.46 480.6
648.30 245.4
649.50 40.5
650.55 22.3
651.29 25.9
652.77 4.8
653.52 16.5
654.44 20.4
655.42 14.6
656.46 3.5
657.52 14.3
658.47 138.2
659.50 21.9
660.31 16.0
661.42 4.1
662.69 56.4
663.54 288.9
664.41 889.6
665.39 209.2
666.48 111.8
667.42 99.0
668.48 118.9
669.49 99.1
670.43 29.3
671.35 12.8
672.60 44.4
674.44 30.7
675.42 13.2
676.50 21.4
677.24 24.7
678.99 27.9
681.38 74.1
682.92 22.6
683.62 14.7
685.47 300.9
686.43 201.3
687.30 85.4
688.30 98.0
689.29 103.9
690.45 62.3
691.54 109.2
692.72 100.4
693.58 71.6
694.39 71.4
695.57 32.8
696.57 3.9
697.68 14.2
700.71 19.5
702.44 16.3
703.34 86.8
704.39 35.1
705.50 16.1
706.44 20.1
707.38 31.4
708.50 35.1
709.86 97.5
710.56 82.4
711.36 51.6
712.42 51.5
713.53 46.1
714.47 39.6
715.43 20.4
716.63 45.1
717.35 8.5
718.66 24.4
719.66 20.9
720.33 18.4
721.34 18.7
722.39 50.4
723.43 14.8
724.51 30.3
725.46 28.0
726.46 18.5
727.82 41.9
728.57 12.9
729.52 327.0
730.40 142.8
731.38 49.7
732.83 41.8
733.65 23.8
734.40 81.7
735.44 62.6
736.24 7.3
737.41 72.4
738.40 4.4
739.97 28.5
741.48 23.9
742.53 80.2
743.68 53.3
744.29 102.5
745.08 36.9
746.53 16.9
747.33 54.7
748.59 61.7
749.28 19.2
751.18 80.2
752.37 118.4
753.01 49.0
755.04 46.1
756.40 25.0
757.59 75.4
758.55 65.9
759.48 28.4
760.86 88.4
761.51 210.4
762.55 236.7
763.50 150.7
764.66 52.5
765.74 160.0
766.47 129.1
767.34 108.7
768.14 29.6
769.25 93.0
770.21 5.3
773.48 265.4
774.58 248.5
775.48 138.4
776.79 89.6
777.58 247.2
778.45 53.2
779.45 1487.8
780.43 449.0
781.58 91.3
783.47 98.0
784.36 147.9
785.92 372.8
786.75 162.9
787.70 42.5
788.59 74.9
789.67 68.6
790.63 18.5
791.40 286.0
792.50 124.2
793.57 80.5
794.29 64.9
795.51 200.7
796.47 172.7
797.47 53.6
798.43 72.1
799.05 34.4
799.95 37.3
801.38 2744.7
802.43 676.9
803.48 90.3
804.46 44.0
805.48 76.7
806.48 76.6
808.11 20.9
810.00 86.7
810.61 49.1
811.41 3.4
813.58 231.1
814.69 203.2
815.56 165.2
816.26 68.0
817.27 35.0
818.45 35.9
819.57 12.3
821.27 101.9
822.36 47.6
823.56 169.9
824.27 27.2
825.51 162.0
826.44 36.4
827.42 45.4
828.51 51.2
829.53 53.0
831.39 60.4
832.49 63.8
833.56 141.8
834.43 6.7
835.66 22.6
836.78 151.7
837.65 38.8
838.51 69.6
839.67 50.0
840.44 26.5
841.40 18.3
842.34 119.2
843.44 204.7
844.71 96.5
845.50 178.5
846.12 229.2
847.32 48.4
849.32 22.6
850.63 762.2
851.51 362.6
852.37 7.1
853.35 15.4
853.99 9.0
854.68 35.4
855.66 30.0
856.56 44.7
857.68 82.8
859.33 1242.5
860.12 851.5
861.50 420.3
862.60 118.9
863.45 24.0
864.56 171.3
865.42 100.0
866.10 7.5
867.33 18.0
868.26 70.3
869.68 75.8
871.22 106.2
872.36 140.9
873.16 100.3
874.64 79.2
875.51 65.3
876.51 75.0
878.44 1111.1
879.52 419.0
880.63 79.7
881.98 26.1
882.66 38.4
883.68 21.0
884.89 100.9
885.95 229.1
886.70 15.4
888.41 37.1
889.57 49.7
890.79 235.9
891.89 38.9
892.73 70.7
893.52 143.8
894.72 438.8
895.62 114.7
896.40 131.9
897.70 111.8
898.53 77.0
899.20 316.5
900.28 370.0
901.38 145.3
902.22 219.7
902.97 138.9
903.83 337.1
904.49 116.7
905.46 64.9
906.51 105.3
907.51 390.4
908.45 71.1
909.31 53.8
910.99 75.5
911.60 49.0
912.53 50.1
913.85 133.0
914.65 213.9
915.91 470.5
916.60 571.9
917.57 45.7
918.63 55.5
919.53 16.4
920.41 148.4
921.58 109.8
922.41 60.1
923.28 105.9
924.51 240.3
925.61 115.8
926.53 50.1
927.73 95.9
928.79 146.5
929.68 244.6
930.88 122.0
931.75 31.1
932.52 63.3
933.30 10.1
934.36 66.5
935.32 119.2
936.63 17.8
937.90 108.5
938.83 70.6
939.52 192.6
940.78 65.6
941.94 144.0
942.72 167.1
943.81 136.4
944.56 39.4
945.63 49.7
946.58 61.3
947.56 33.7
949.84 123.0
950.60 492.8
951.76 164.0
952.65 327.6
953.60 48.8
954.53 200.2
955.59 140.0
956.68 103.0
958.92 1438.7
959.69 816.9
960.64 111.2
961.45 19.3
962.64 10.6
963.79 323.9
964.89 1075.6
966.00 136.3
967.76 4335.8
968.74 680.8
969.69 119.2
970.73 130.7
971.78 119.7
972.96 896.3
973.69 1221.8
975.06 169.7
975.98 36.8
976.74 21.2
977.87 151.7
978.79 134.5
979.59 123.1
980.50 102.0
981.75 8.3
982.64 85.5
983.70 81.9
985.53 1735.7
986.58 1052.4
987.83 524.4
988.61 151.1
989.53 32.1
990.93 238.2
991.56 824.8
992.49 389.5
993.53 42.9
994.77 416.9
995.45 142.8
996.73 137.2
997.74 21.3
998.82 28.3
999.90 1009.1
1000.65 723.3
1001.88 48.9
1002.68 66.9
1003.63 39.7
1005.39 149.7
1006.27 100.4
1007.45 149.6
1008.57 2233.1
1009.22 2314.5
1010.35 61.4
1011.17 42.6
1013.14 316.8
1014.00 305.3
1014.85 288.0
1015.75 70.7
1016.51 94.1
1017.85 199.2
1018.68 120.5
1019.45 38.7
1020.94 76.0
1021.65 258.1
1022.48 326.5
1023.46 780.4
1024.15 304.8
1024.91 68.5
1025.89 273.5
1026.89 369.1
1027.63 119.5
1028.75 76.9
1029.88 277.8
1030.53 274.5
1031.27 281.4
1032.40 342.9
1033.20 121.8
1034.93 670.9
1035.84 2253.1
1036.56 596.1
1037.63 52.5
1038.86 140.0
1039.89 64.0
1040.99 124.2
1041.88 29.4
1042.91 87.6
1044.30 6047.5
1045.13 1714.3
1046.21 104.7
1047.42 39.3
1048.11 3.8
1049.46 34.4
1050.74 43.6
1052.05 284.7
1053.26 2098.9
1054.11 524.3
1055.61 9.0
1056.56 252.3
1057.64 125.7
1058.64 158.9
1059.85 58.5
1060.82 294.2
1061.76 25.9
1062.41 56.9
1064.64 116.1
1065.98 92.9
1066.88 82.6
1067.65 127.8
1068.66 66.2
1069.58 72.7
1070.52 9.3
1071.62 28.9
1072.97 108.4
1074.15 271.4
1074.91 214.8
1075.61 87.0
1076.56 26.8
1078.24 308.7
1079.48 52.1
1080.47 19.1
1081.91 90.9
1082.89 45.5
1083.71 9.3
1084.73 60.6
1085.99 117.7
1086.82 21.4
1087.84 104.3
1089.57 3.4
1090.52 464.6
1091.54 1997.2
1092.58 835.0
1093.71 104.2
1094.64 142.2
1095.63 394.9
1096.69 989.4
1097.62 313.3
1099.44 2910.0
1100.17 2414.9
1100.91 1035.3
1101.86 149.4
1102.66 181.9
1103.58 122.6
1104.81 27.8
1105.68 34.8
1116.76 8.1
1118.61 4.3
1120.68 21.7
1121.34 38.2
1122.54 50.9
1124.47 48.9
1125.60 63.6
1126.59 21.4
1127.75 40.7
1128.37 6.6
1130.91 3.5
1131.70 16.0
1132.72 15.1
1135.65 31.1
1138.60 79.5
1139.55 141.2
1140.39 20.4
1142.63 773.5
1143.67 527.8
1144.65 261.9
1146.23 104.1
1147.11 98.5
1147.81 35.3
1148.72 20.3
1149.46 22.9
1150.63 31.0
1152.14 8.8
1154.42 17.0
1155.65 33.9
1157.16 19.9
1158.93 10.0
1159.60 21.6
1160.61 29.7
1161.70 11.3
1162.31 7.4
1165.87 41.2
1166.57 173.0
1167.59 135.6
1168.69 52.4
1169.47 5.8
1170.68 19.4
1171.41 29.7
1176.93 14.9
1177.73 108.7
1178.76 79.2
1180.97 30.7
1181.91 53.9
1182.73 29.6
1183.41 23.3
1184.70 43.5
1185.73 21.5
1186.56 10.1
1188.22 6.9
1188.84 4.4
1189.84 30.6
1190.77 12.6
1191.59 27.2
1192.60 55.8
1193.40 25.8
1194.61 16.5
1195.40 15.6
1196.06 11.5
1198.62 23.4
1199.63 118.2
1200.69 74.0
1201.78 36.8
1203.32 77.0
1204.03 4.9
1205.27 17.2
1206.67 42.6
1207.64 121.8
1208.69 23.4
1209.80 131.4
1210.86 148.1
1212.16 60.5
1213.77 10.0
1215.55 39.3
1216.65 96.1
1217.63 63.4
1218.58 12.3
1220.49 288.7
1221.55 68.0
1222.66 22.2
1224.67 568.4
1225.65 469.3
1226.75 136.8
1227.67 400.3
1228.67 231.1
1229.72 72.9
1230.74 7.8
1232.31 10.7
1232.92 43.2
1234.84 3.8
1235.91 32.9
1237.64 144.5
1238.64 33.7
1239.75 76.4
1242.68 921.1
1243.65 478.3
1244.94 66.0
1245.64 7.0
1246.50 8.1
1247.56 15.0
1249.92 12.9
1252.90 39.0
1253.70 51.3
1254.78 87.0
1255.76 18.3
1256.48 6.2
1263.40 27.4
1264.76 26.1
1265.54 4.7
1266.73 7.7
1268.20 21.7
1268.91 6.1
1269.88 66.6
1270.90 30.6
1271.75 11.8
1273.22 25.9
1274.72 41.8
1275.49 17.8
1277.66 9.7
1280.59 33.9
1281.61 185.7
1282.74 86.0
1283.70 3.6
1284.62 10.9
1285.63 6.3
1288.88 93.2
1289.61 11.1
1290.66 6.6
1291.62 83.5
1292.68 113.8
1293.72 16.6
1294.53 28.0
1295.91 12.9
1296.79 26.5
1297.84 47.6
1298.67 50.1
1299.68 7.0
1301.91 21.8
1303.06 6.4
1303.91 4.3
1304.74 38.3
1307.11 26.7
1308.74 223.4
1309.86 86.5
1310.96 42.1
1311.67 13.3
1312.73 25.6
1313.64 245.5
1314.72 168.6
1315.56 58.8
1316.56 42.0
1317.52 5.3
1318.86 32.0
1319.66 16.7
1320.75 75.2
1321.88 76.9
1323.02 44.0
1324.14 36.3
1325.02 47.7
1326.77 356.1
1327.83 257.9
1328.82 45.7
1329.79 15.1
1330.73 37.2
1332.95 50.4
1333.66 241.5
1334.73 122.9
1336.13 69.6
1337.72 247.4
1338.64 386.6
1339.78 284.0
1341.69 28.8
1343.01 4.6
1344.40 6.9
1345.17 10.0
1346.61 5.9
1349.70 31.0
1352.50 164.1
1353.66 92.4
1354.41 38.0
1355.75 1291.0
1356.76 769.0
1357.62 273.1
1358.53 19.8
1359.73 22.0
1360.73 60.7
1361.76 72.5
1364.92 7.8
1365.98 12.1
1366.90 28.4
1367.97 66.1
1369.67 11.1
1370.98 39.0
1371.96 22.7
1375.18 8.2
1375.89 10.6
1376.64 52.4
1377.97 38.1
1378.63 18.4
1380.82 35.7
1382.09 7.6
1383.59 23.8
1384.89 12.1
1388.56 6.3
1390.47 41.2
1392.66 9.2
1393.54 9.8
1394.97 149.1
1396.00 79.4
1396.88 85.7
1397.76 8.3
1398.52 13.7
1400.91 20.6
1401.82 18.5
1403.45 118.8
1404.21 93.6
1405.22 96.7
1406.02 58.8
1406.84 43.9
1407.80 24.2
1408.88 33.3
1409.77 14.2
1412.90 24.7
1414.76 191.5
1415.74 320.2
1416.74 98.7
1417.89 51.8
1418.56 18.5
1419.92 85.5
1420.77 219.9
1421.84 98.7
1422.75 88.0
1423.75 183.1
1424.65 226.6
1425.80 122.0
1426.80 75.4
1427.51 6.4
1428.69 7.5
1430.79 23.0
1431.61 43.2
1432.77 1590.6
1433.76 886.3
1434.80 282.0
1435.60 20.9
1436.72 265.3
1437.83 491.2
1438.90 228.5
1440.17 35.5
1441.87 364.1
1442.77 997.7
1443.82 509.1
1444.78 135.1
1446.01 18.8
1447.95 63.0
1448.91 4.8
1449.86 4.6
1450.73 7.9
1451.62 6.0
1453.18 43.5
1454.81 2118.5
1455.84 1067.1
1456.86 331.9
1457.65 25.5
1459.04 54.4
1459.80 27.1
1460.81 22.0
1461.69 6.5
1462.37 19.1
1463.37 12.4
1466.04 95.7
1467.16 51.4
1467.98 36.6
1469.62 40.1
1474.39 6.6
1475.25 3.5
1476.63 8.3
1478.53 20.5
1482.08 7.6
1482.86 3.9
1483.95 4.3
1485.61 15.2
1489.23 26.6
1491.14 41.1
1491.89 37.8
1492.95 25.0
1493.97 5.3
1494.95 13.6
1496.66 13.1
1500.99 25.9
1501.97 15.9
1503.88 53.8
1505.00 10.0
1506.27 10.7
1508.90 97.9
1509.80 90.6
1510.57 103.5
1512.49 9.2
1514.02 34.3
1514.84 31.9
1516.69 12.7
1517.99 34.5
1518.89 43.3
1519.92 27.7
1520.80 40.0
1522.52 16.6
1524.86 31.3
1525.86 21.2
1526.76 24.4
1528.01 4.1
1529.71 22.8
1530.67 34.9
1531.96 175.6
1532.92 38.9
1533.89 57.1
1535.01 165.7
1535.91 72.0
1536.90 108.9
1537.97 99.3
1538.98 22.3
1543.14 24.6
1544.11 13.8
1544.89 14.5
1546.23 25.4
1547.70 139.0
1548.78 316.7
1549.79 99.1
1550.98 91.4
1551.94 337.5
1552.84 653.2
1553.77 652.3
1554.84 146.7
1556.00 115.0
1556.84 7.9
1559.08 21.0
1560.85 4.0
1561.98 244.7
1562.92 204.0
1564.16 20.4
1569.79 1514.8
1570.86 1282.7
1571.79 447.3
1572.79 50.4
1573.53 45.4
1577.87 18.0
1580.08 96.1
1580.87 63.2
1581.72 43.8
1583.37 7.5
1585.28 19.1
1587.92 14.2
1589.02 68.7
1590.32 10.6
1594.07 4.6
1597.09 43.5
1602.24 5.3
1603.00 27.6
1604.76 10.7
1609.64 13.4
1612.68 3.9
1614.48 6.0
1616.82 5.7
1620.02 10.9
1620.86 8.9
1622.68 3.3
1625.90 13.0
1630.07 10.8
1631.78 20.1
1633.88 30.5
1637.95 5.3
1641.05 52.9
1642.05 14.2
1642.93 13.0
1644.33 12.7
1645.42 20.8
1646.51 7.1
1647.12 29.6
1648.10 37.0
1648.97 6.0
1649.95 45.8
1650.87 47.2
1651.82 129.6
1652.84 64.1
1653.73 23.4
1654.99 6.0
1657.33 61.0
1660.59 79.0
1661.84 94.1
1662.85 21.2
1664.91 108.4
1666.04 111.7
1666.91 216.1
1667.82 57.0
1668.93 108.6
1669.86 26.5
1671.07 18.8
1671.79 19.8
1673.88 18.7
1675.05 12.5
1675.65 9.1
1678.11 24.3
1679.73 41.7
1680.94 19.4
1682.88 398.4
1683.95 323.3
1685.06 147.9
1689.36 20.6
1690.01 64.1
1690.88 127.0
1691.57 7.0
1692.84 3.6
1694.07 7.9
1695.87 79.8
1697.13 27.7
1697.87 27.3
1699.81 42.1
1700.94 75.0
1702.05 67.6
1703.31 13.3
1706.45 9.3
1707.89 25.3
1714.15 35.7
1717.82 501.6
1718.90 264.0
1719.80 68.5
1722.86 39.7
1725.99 4.8
1726.69 5.0
1728.07 7.6
1730.12 14.6
1733.19 6.3
1735.17 21.5
1736.01 24.5
1736.62 5.7
1737.39 6.2
1738.89 13.1
1739.67 7.0
1744.01 8.9
1744.94 36.7
1746.03 5.8
1746.96 19.3
1750.29 6.4
1755.76 11.6
1756.85 12.5
1758.01 40.7
1759.14 7.7
1762.04 26.2
1763.08 32.7
1763.97 34.9
1769.68 27.4
1771.28 15.3
1773.89 19.1
1775.04 10.0
1776.17 28.3
1778.71 91.4
1779.95 374.3
1780.98 166.4
1781.74 16.8
1782.51 8.6
1785.31 34.4
1786.24 35.1
1787.23 31.6
1788.04 56.2
1789.02 10.1
1792.24 24.3
1793.01 42.1
1794.04 15.2
1794.92 27.1
1795.83 13.4
1797.08 367.4
1797.94 315.7
1799.03 172.6
1802.37 32.1
1803.04 301.5
1804.11 195.0
1805.06 61.0
1806.23 28.9
1808.91 234.5
1810.09 78.2
1810.98 44.4
1812.12 20.8
1813.03 44.9
1813.94 161.4
1814.94 97.1
1815.79 18.5
1818.67 4.6
1827.87 15.6
1829.02 24.9
1831.07 802.4
1832.01 450.4
1832.93 228.6
1836.00 7.1
1847.95 46.7
1849.05 13.8
1849.99 31.6
1857.20 8.1
1862.89 6.8
1874.00 8.5
1879.21 22.2
1889.20 14.1
1899.49 34.5
1900.31 14.2
1904.78 11.5
1916.34 9.9
1917.40 13.4
1923.15 23.0
1924.11 9.1
1925.11 19.3
1927.52 36.0
1928.30 33.0
1929.24 40.0
1931.95 34.1
1933.41 40.0
1945.07 290.2
1946.11 235.6
1947.17 234.6
1952.66 7.0
1955.22 20.5
1957.86 13.4
1974.05 5.6
1987.94 18.1
1989.19 8.2
1997.88 11.3
