1300.53264 2
186.36 1.1
193.21 4.4
199.10 3.1
200.13 3.1
201.28 2.0
204.22 3.2
206.21 12.0
211.66 2.2
213.39 4.1
216.39 2.2
218.17 133.2
219.24 4.7
220.23 3.0
221.49 1.3
225.98 7.8
227.40 3.6
228.23 3.3
229.16 29.2
230.27 4.3
233.27 4.4
238.96 2.9
242.31 6.1
243.82 32.0
244.45 3.5
246.02 174.4
247.22 9.3
248.13 6.1
250.09 22.7
251.14 3.1
252.06 3.8
253.50 7.5
254.15 4.5
256.22 4.4
258.24 3.0
260.10 12.6
261.21 5.4
262.11 1.8
263.19 11.0
264.27 1.3
266.32 1.9
267.15 3.4
268.35 9.7
270.33 5.1
273.16 2.2
274.16 11.7
275.22 2.2
276.09 4.0
278.31 2.6
279.23 12.5
280.19 2.3
281.39 5.6
282.66 1.7
283.61 7.6
287.21 3.5
288.34 14.7
290.14 3.0
291.15 6.0
292.16 1.4
293.32 5.2
296.23 9.6
297.15 5.5
298.14 40.4
299.34 2.0
303.26 13.9
304.05 4.7
306.21 4.7
308.23 6.3
309.25 1.6
310.21 6.8
311.55 5.2
312.20 8.3
315.26 2.8
316.25 1.8
320.14 11.0
321.06 12.9
322.05 12.6
323.29 2.9
324.16 4.7
325.35 5.5
327.25 7.4
328.08 8.5
329.15 1.6
331.30 3.6
332.97 3.8
335.16 8.8
336.14 2.9
338.24 1008.9
339.20 126.7
340.11 44.4
341.31 15.9
342.12 1.8
343.11 10.1
344.33 2.3
345.24 4.3
345.99 1.9
348.35 2.1
352.49 9.8
356.31 55.4
357.31 74.1
358.21 21.8
359.11 2.1
360.34 4.5
361.24 16.4
362.19 10.3
363.09 11.0
364.25 2.3
365.34 4.3
367.41 3.0
368.55 7.1
369.17 5.1
371.08 4.2
372.00 6.3
373.04 3.9
374.26 350.6
375.15 53.8
376.26 10.9
377.40 2.3
378.14 2.0
380.27 11.3
381.49 1.1
382.98 3.0
385.25 22.4
386.19 7.3
389.38 4.7
390.46 4.1
392.23 4.7
394.41 1.4
395.15 3.5
396.39 2.7
399.39 10.2
401.63 1.9
402.33 2.0
403.21 17.2
404.34 3.0
405.64 19.8
406.27 1.7
407.37 35.3
408.44 1.3
410.35 1.7
411.37 5.5
412.21 5.3
413.20 4.0
415.21 4.9
416.28 13.6
416.89 15.0
418.12 3.6
419.96 9.6
421.35 3.9
422.51 6.1
423.17 2.8
427.05 2.1
428.03 1.4
428.96 12.1
429.71 2.6
430.94 3.0
432.37 8.6
435.31 13.8
436.20 8.8
437.11 5.3
438.10 7.4
439.11 34.2
440.23 19.7
441.08 1.8
442.06 1.8
443.34 8.0
444.31 1.7
447.21 10.8
448.22 4.3
449.23 10.0
449.97 9.8
451.14 7.4
453.24 506.2
454.32 60.4
455.30 26.4
456.28 19.4
457.18 52.0
457.94 3.8
460.07 14.8
460.93 3.9
464.10 5.9
467.64 10.6
469.52 3.0
470.22 4.0
471.19 30.7
472.24 99.3
473.31 20.7
474.52 7.0
476.03 2.7
478.40 8.7
479.36 9.9
480.10 4.2
481.24 4.0
482.38 1.8
483.18 6.7
484.38 10.0
485.22 2.1
486.22 16.0
487.55 12.5
489.15 172.8
490.15 28.8
492.23 43.4
493.41 10.1
494.23 4.9
495.52 2.2
496.30 4.6
497.39 3.3
498.36 10.6
499.10 1.0
502.51 4.8
504.02 17.8
505.79 47.2
506.53 4.1
507.42 8.6
509.31 16.1
510.02 19.1
510.93 17.2
511.81 4.6
513.00 12.1
514.32 9.6
515.34 8.2
516.29 9.5
517.23 11.1
519.39 385.7
520.59 24.1
522.29 6.5
523.44 4.5
524.69 25.5
526.21 18.7
527.23 67.9
528.36 325.0
529.32 1.4
529.93 4.5
531.53 5.6
533.08 13.0
534.28 6.8
535.68 5.3
536.36 17.9
537.22 10.0
538.35 2.1
539.33 9.0
540.43 9.2
541.28 15.1
542.54 4.5
543.19 4.7
544.27 77.8
545.26 9.4
546.19 14.8
547.28 9.5
548.43 2.4
549.34 14.3
550.53 40.5
551.34 5.2
552.25 1.2
553.21 17.2
554.43 12.5
555.73 3.1
556.35 2.6
557.45 2.7
558.09 11.4
559.19 22.3
560.27 13.8
561.65 11.3
563.34 12.4
564.44 102.1
565.28 7.7
565.90 4.5
566.59 4.1
568.12 22.1
569.04 10.8
570.24 45.8
571.23 18.2
572.14 13.5
573.17 5.5
574.33 25.2
575.19 16.1
576.12 2.3
576.80 10.2
577.56 6.3
578.51 7.0
579.29 7.6
582.30 1596.0
583.32 174.1
585.11 75.5
586.09 93.0
587.31 32.8
588.31 19.8
589.16 4.8
590.21 35.7
591.28 28.3
592.15 18.9
593.90 428.0
595.27 6.2
596.86 25.3
598.03 36.5
599.00 134.1
600.05 6.7
601.13 8.7
602.37 62.3
603.21 265.8
604.19 49.7
605.33 31.5
606.30 13.1
607.28 3.8
608.31 9.2
609.53 20.5
610.96 17.7
612.45 14.4
614.08 17.0
615.39 65.2
616.33 25.0
617.60 8.1
618.38 8.2
619.32 45.1
620.18 289.1
621.25 82.0
622.44 6.8
624.76 230.6
626.13 23.5
627.40 18.8
628.59 48.8
629.73 22.4
632.40 106.7
633.58 681.4
634.42 74.6
635.38 13.5
636.29 21.0
638.94 32.5
639.62 7.6
641.71 63.4
642.47 8.0
651.13 3.6
651.74 2.2
657.51 12.7
658.30 5.5
663.27 12.5
664.27 9.7
665.28 3.1
666.31 5.3
667.32 11.3
668.09 4.0
669.03 2.7
672.53 6.6
673.98 28.3
674.61 3.5
675.44 2.4
676.52 12.1
677.49 1.6
679.26 9.9
681.36 1082.2
682.36 161.9
684.28 53.2
685.18 70.6
686.33 11.5
688.25 2.4
691.28 24.5
692.39 6.6
693.00 2.9
694.03 14.8
694.65 3.2
700.34 43.7
701.73 151.7
702.37 290.4
703.32 72.2
704.11 6.7
708.40 2.8
710.76 10.6
713.13 1.1
714.42 1.1
716.23 4.8
718.08 24.3
719.27 490.8
720.40 117.3
728.14 4.2
732.46 16.7
733.41 2.3
734.22 4.8
735.34 2.8
736.67 12.8
737.42 8.1
740.14 2.8
741.60 1.4
743.47 5.7
746.54 1.2
748.68 6.9
749.46 7.1
752.19 4.7
754.50 2.8
755.43 4.7
760.47 1.1
762.19 4.2
766.03 5.4
767.62 1.9
772.53 12.8
773.52 1.4
774.68 1.5
777.27 8.0
778.47 1.9
781.33 6.8
782.75 3.0
783.69 1.1
784.49 4.0
787.69 2.4
788.40 4.0
789.24 10.5
790.35 12.2
791.40 3.5
792.38 2.2
794.39 15.3
795.30 22.4
796.37 20.6
797.39 7.0
798.61 4.4
799.81 7.6
800.56 12.5
801.57 5.0
802.55 1.5
803.55 3.9
806.50 1.6
808.34 3.7
809.34 1.4
812.43 548.9
813.45 95.0
814.32 42.3
815.39 5.7
816.58 5.4
818.08 3.8
820.63 3.3
822.30 3.1
823.47 2.9
828.36 10.4
830.21 46.0
831.34 189.3
832.39 38.7
833.42 8.1
834.58 1.8
840.39 8.4
841.45 3.5
843.70 2.1
846.27 6.9
848.24 113.5
849.33 76.4
856.63 3.1
858.64 2.4
860.53 23.2
864.48 2.4
866.41 4.3
867.64 1.1
870.16 11.1
871.23 2.4
873.57 2.5
875.49 5.7
876.61 1.9
878.37 2.4
878.99 4.7
880.27 14.3
881.58 7.5
882.27 1.6
883.34 3.0
885.57 5.9
887.34 10.6
888.32 4.4
892.78 8.2
894.42 11.3
896.51 4.7
897.45 9.3
902.56 2.5
907.17 4.5
908.69 13.5
909.56 44.0
910.41 13.1
911.36 13.7
912.51 7.0
913.65 4.2
914.67 6.0
917.44 1.1
920.32 10.8
921.43 1.7
923.52 10.6
925.61 3.9
927.43 1466.9
928.47 353.9
929.45 17.7
930.31 14.1
935.43 3.9
940.62 4.2
943.72 3.0
945.28 57.2
946.26 126.8
947.42 24.3
956.53 3.2
957.34 4.6
959.38 2.6
963.28 332.9
964.43 95.4
976.25 1.2
977.50 3.9
981.43 4.1
987.70 4.1
988.62 3.4
992.96 7.3
993.93 3.6
994.61 3.0
995.41 3.1
997.55 1.2
1006.90 1.4
1007.62 3.0
1008.38 4.8
1010.16 14.8
1010.87 3.7
1012.73 4.2
1019.71 2.1
1020.38 5.7
1022.38 6.9
1023.45 3.5
1024.56 17.7
1026.50 5.7
1027.66 6.5
1028.48 2.9
1029.69 5.7
1030.53 2.2
1032.66 7.3
1033.69 7.8
1037.43 141.7
1038.45 302.7
1039.39 56.8
1040.73 6.6
1042.54 2.3
1045.20 1.8
1052.31 7.2
1053.97 7.2
1055.47 1598.4
1056.60 436.4
1058.69 2.6
1067.13 1.0
1072.71 4.5
1081.54 2.1
1082.54 1.7
1085.66 3.7
1091.44 15.9
1092.64 8.8
1093.72 1.6
1096.44 6.3
1097.69 23.3
1098.54 9.8
1099.39 3.8
1100.97 1.3
1104.08 2.3
1108.46 33.6
1109.38 90.2
1110.22 16.3
1110.99 2.5
1116.37 1.1
1117.45 1.8
1119.70 1.6
1125.55 4.0
1126.42 95.0
1127.38 30.2
1134.81 6.1
1135.54 1.9
1136.70 3.2
1138.56 1.6
1143.56 1.4
1151.60 1.3
1153.72 8.9
1154.86 7.0
1165.73 2.5
1166.55 1.3
1173.93 4.1
1178.71 20.0
1179.70 14.4
1180.51 3.1
1184.79 1.2
1196.50 163.1
1197.47 70.4
1278.52 5.7
1279.68 1.6
1300.20 1.5
