824.5020599999999 2
116.20 1.5
119.16 28.9
120.13 3.8
121.12 14.1
122.25 33.7
123.18 11.8
124.27 3.4
125.17 14.8
126.40 1.7
127.20 2.6
128.22 209.2
129.11 56.4
130.11 26.1
131.14 7.3
132.26 8.6
133.24 110.9
134.20 65.8
135.18 19.1
136.38 8.4
137.33 5.2
138.05 3.7
139.26 8.4
140.40 3.2
141.22 22.5
142.16 10.7
143.30 27.4
144.12 14.6
145.20 21.7
146.29 4.3
147.10 25.9
148.19 5.0
149.18 23.8
150.25 5.2
151.15 15.8
152.25 8.6
153.14 9.4
154.04 14.2
155.21 27.0
156.10 24.9
157.09 12.6
158.25 51.0
159.19 36.9
160.12 16.2
161.18 19.7
162.16 95.1
163.18 27.5
164.30 22.0
165.15 22.3
166.21 5.6
167.16 33.8
168.06 14.1
169.15 27.5
170.56 12.3
171.31 53.2
172.29 19.7
173.18 44.7
174.23 23.2
175.22 51.6
176.37 13.1
177.22 35.9
178.25 15.1
179.11 34.6
180.24 19.6
181.27 26.2
182.25 14.0
183.18 51.3
184.26 24.4
185.24 30.5
186.18 19.4
187.11 35.2
188.06 16.8
189.10 103.8
190.07 6.5
191.17 14.6
192.25 9.7
193.17 28.3
194.17 17.9
195.24 32.7
196.14 19.2
197.22 48.7
198.16 35.5
199.29 22.9
200.25 9.8
201.21 42.3
202.19 18.5
203.21 39.9
204.14 14.8
205.25 25.8
206.17 14.2
207.24 33.5
208.29 8.2
209.28 69.0
210.13 14.3
211.20 23.6
212.26 29.2
213.18 44.4
214.17 39.6
215.20 50.4
216.10 3.5
217.19 36.0
218.26 22.5
219.20 33.3
220.13 32.7
221.25 25.4
222.40 22.0
223.19 53.9
224.10 26.3
225.16 19.8
226.38 31.7
227.14 55.0
228.10 23.3
229.23 37.7
230.13 29.5
231.18 55.8
232.27 18.6
233.26 36.0
234.51 25.0
235.22 45.7
236.26 39.3
237.23 57.7
238.26 13.2
239.14 52.8
240.15 20.4
241.11 35.0
242.13 30.7
243.22 92.2
244.19 60.5
245.30 68.4
246.13 20.0
247.20 41.3
248.09 26.4
249.16 52.6
250.17 26.0
251.14 59.5
252.16 93.7
253.24 76.3
254.23 42.4
255.16 68.8
256.27 39.8
257.21 39.3
259.04 78.1
260.21 22.0
261.30 44.4
262.17 32.9
263.17 136.9
264.22 25.6
265.19 52.3
266.15 31.7
267.12 91.1
268.15 35.5
269.14 61.1
270.12 38.9
271.16 56.3
272.29 87.4
273.23 35.2
274.17 17.2
275.17 47.2
276.22 27.2
277.17 24.2
278.34 37.2
279.26 112.3
280.28 254.5
281.25 103.2
282.23 85.6
283.13 60.8
284.24 47.5
285.30 67.8
286.46 19.6
287.19 47.4
288.21 30.4
289.18 26.6
290.29 7.1
291.17 224.4
292.34 39.5
293.29 36.5
294.12 73.1
295.20 90.1
296.33 50.8
297.23 72.9
298.18 139.1
299.30 154.1
300.31 51.0
301.25 269.7
302.45 21.3
303.44 46.0
305.18 24.0
306.40 236.1
307.43 34.6
308.21 74.9
309.19 66.9
310.23 72.8
311.17 52.7
312.22 81.8
313.26 70.4
314.34 89.9
315.29 79.0
316.30 61.9
317.22 72.4
318.27 77.0
319.14 133.0
320.16 47.6
321.15 59.8
322.52 27.5
323.39 70.8
324.23 35.4
325.20 241.8
326.20 86.7
327.83 2355.0
329.20 61.4
330.19 48.6
331.17 97.9
332.27 58.7
333.33 70.6
334.29 32.8
335.26 57.2
336.23 48.5
337.26 31.3
338.21 92.8
339.23 102.8
340.22 58.2
341.21 64.0
341.99 77.9
343.27 40.0
344.34 6.0
345.23 6.8
346.33 19.9
347.29 31.0
348.27 63.9
349.19 74.2
350.27 45.7
351.26 95.5
352.21 94.0
353.19 270.2
354.25 74.2
355.26 66.0
356.17 94.5
357.17 131.9
358.50 26.0
359.23 164.4
360.29 63.8
361.27 27.4
362.49 23.2
363.36 635.9
364.49 30.1
365.51 74.6
366.17 206.2
367.12 245.2
368.29 141.4
369.21 196.9
370.16 92.2
371.19 115.9
372.23 37.9
373.37 2.8
374.18 6.1
375.28 33.8
376.30 222.1
377.16 515.0
378.26 58.8
379.49 28.7
380.17 13.7
381.27 18.4
382.33 35.4
383.23 62.0
384.21 125.1
385.33 191.4
386.71 9.3
388.19 11.8
389.46 37.1
391.42 704.4
392.34 16.8
394.21 1727.4
395.19 2648.3
396.16 228.4
397.24 33.5
398.20 12.3
401.01 15.7
402.01 1.9
403.71 181.8
404.47 44.0
411.45 7.4
412.52 15.0
413.12 3.5
414.23 4.0
423.19 3.7
424.92 16.3
425.60 1.2
427.17 1.2
430.07 13.2
431.01 9.9
434.28 5.8
436.25 3.9
437.15 9.9
438.89 1.9
439.77 4.8
440.56 7.5
441.30 5.2
449.83 3.1
452.13 3.7
454.44 7.7
455.41 2.4
457.50 1.1
458.30 20.0
459.35 10.7
462.54 2.1
466.47 2.2
467.19 1.2
468.59 2.2
472.33 515.4
473.43 52.9
479.01 1.4
479.75 1.7
482.38 6.6
483.92 4.0
488.46 7.4
489.25 6.7
491.42 2.0
497.08 4.5
498.22 14.0
501.13 1.7
513.98 5.9
515.47 2.4
517.22 11.0
518.16 1.7
519.49 4.5
522.16 3.8
525.27 3.7
534.70 8.3
535.46 11.8
536.43 4.1
537.55 2.1
543.47 3.1
545.63 2.1
548.02 3.8
550.11 2.7
552.13 2.2
553.28 18.3
554.31 3.3
559.01 8.9
561.29 19.5
562.28 8.0
564.50 1.1
565.46 2.7
566.18 1.7
569.50 3.8
571.41 51.3
572.37 6.5
578.78 4.4
581.37 12.1
582.40 1.8
586.44 1.2
587.64 1.9
588.67 2.9
589.28 2.9
597.48 18.5
598.38 1.5
601.81 1.5
602.46 1.1
611.33 57.7
612.34 18.1
633.43 5.3
635.33 1.7
636.34 7.5
645.47 3.4
649.52 4.7
650.51 1.9
652.36 5.8
653.35 21.5
654.31 36.2
654.92 3.1
655.61 2.3
663.58 3.6
667.28 3.5
682.46 25.0
683.54 10.3
689.48 4.1
694.43 1.5
696.60 3.8
697.72 5.5
708.64 10.8
710.68 1.7
711.33 2.4
713.44 6.2
721.44 1.2
725.52 46.0
726.57 10.4
731.47 1.1
736.55 2.7
742.32 1.1
748.31 2.2
749.32 7.1
777.44 8.2
778.27 5.8
781.64 8.7
785.51 4.5
802.78 6.8
