1113.48992 2
172.20 1.1
187.21 3.1
214.40 1.5
225.14 1.9
230.21 7.4
232.26 5.3
244.21 3.4
246.62 4.6
254.28 2.5
258.20 1.6
260.31 1.5
262.29 5.2
271.98 1.8
273.28 2.5
291.11 6.4
300.37 4.5
307.07 4.0
308.30 2.2
314.25 1.1
316.95 1.4
323.08 6.7
343.33 3.7
351.04 3.9
355.38 2.6
373.23 7.5
383.29 2.7
387.23 4.9
394.14 2.8
398.75 1.8
401.34 5.3
415.08 4.5
417.96 6.3
420.86 8.4
426.04 8.7
427.13 9.9
427.94 1.3
429.07 7.2
435.70 2.9
438.79 6.6
440.60 8.9
442.01 7.0
443.08 136.1
444.11 4.1
447.89 2.0
449.31 1.6
451.89 8.1
455.34 3.3
457.24 2.0
458.34 1.5
460.90 4.8
463.09 3.2
464.11 2.7
465.10 8.6
467.41 11.9
468.73 4.9
469.36 1.6
475.36 1.9
476.53 3.5
483.26 5.6
486.47 1.8
488.32 2.3
490.79 5.7
493.04 7.7
495.65 10.3
497.81 1.3
500.22 18.4
504.78 915.6
505.95 5.7
506.99 1.4
508.15 7.9
509.31 4.0
511.55 4.2
515.46 4.6
521.38 14.0
523.28 2.0
525.62 8.7
527.05 13.2
528.08 1.1
529.86 19.6
530.99 9.0
531.75 2.6
534.68 14.8
535.65 18.2
536.95 7.2
537.85 2.0
539.11 62.2
539.80 31.8
540.47 8.7
541.11 1.3
542.30 11.4
544.88 28.4
545.84 25.6
548.12 45.3
548.76 2.1
549.59 20.1
556.75 1.7
577.43 5.9
579.53 6.2
593.90 2.1
605.30 2.2
606.33 9.2
616.60 3.1
617.26 2.9
618.44 6.3
631.51 3.7
634.39 2.3
638.44 5.6
639.44 5.6
657.26 1.3
661.11 2.3
669.24 1.6
677.57 5.6
682.86 6.6
694.07 6.0
696.59 4.5
697.58 2.0
711.59 7.4
723.43 1.3
737.28 18.0
739.61 5.6
745.73 4.6
753.44 17.4
756.66 10.6
766.50 15.5
774.59 5.9
779.18 3.8
794.17 3.8
797.46 2.0
806.54 3.1
818.29 2.5
829.29 3.1
838.42 3.5
867.46 1.4
878.44 1.6
879.66 2.6
899.50 5.9
911.66 1.8
921.32 3.6
924.42 4.0
931.34 2.9
938.25 1.1
956.62 1.7
957.41 3.6
