1079.54668 2
157.15 3.8
158.27 1.3
161.19 1.8
165.99 1.7
167.13 3.2
169.00 3.6
170.10 1.5
175.04 20.2
178.32 4.8
179.18 3.1
184.41 3.0
185.27 2.7
188.08 4.2
193.41 2.4
194.19 2.2
195.12 6.2
196.64 6.2
197.48 1.9
198.41 1.3
199.18 2.0
199.88 2.3
201.18 6.3
202.21 3.4
209.15 1.2
210.02 4.4
210.95 2.4
213.22 1.6
222.07 5.4
224.41 9.8
225.12 3.1
226.38 10.7
227.27 9.3
231.17 1.2
233.18 2.8
234.04 3.9
238.16 6.7
240.03 1.3
241.41 3.4
242.15 8.9
244.18 38.8
246.34 9.0
247.30 5.5
248.14 8.5
250.08 14.2
251.33 4.3
252.12 2.0
253.90 4.0
255.30 1.8
256.11 5.0
257.17 4.5
258.24 2.0
260.20 2.6
261.04 4.1
262.34 15.5
263.34 1.9
264.49 1.5
266.10 4.0
272.34 3.2
275.63 1.8
278.04 3.4
281.00 8.4
282.17 13.5
283.12 31.1
284.17 15.4
285.23 25.7
288.33 6.1
290.23 6.0
291.42 1.1
293.36 1.7
294.32 5.1
296.37 1.9
298.34 2.8
299.10 1.8
299.81 1.4
300.91 4.7
302.25 8.2
304.14 1.8
310.37 3.9
311.31 2.8
312.31 2.3
315.09 4.7
317.44 2.8
318.58 1.9
319.38 5.2
321.16 2.2
322.14 7.9
323.17 6.6
325.11 3.1
328.96 2.8
330.25 7.4
335.25 5.9
336.48 1.0
337.97 13.1
340.22 1.3
343.78 5.6
344.56 3.6
347.03 12.2
348.23 2.0
351.38 4.8
352.24 1.6
353.11 2.2
354.34 1.8
355.42 13.3
356.36 6.9
359.39 7.0
360.89 2.0
362.22 1.6
364.13 3.0
367.57 18.1
368.27 2.2
369.21 15.3
371.22 1.2
372.03 1.5
373.40 12.4
374.25 3.6
376.16 2.3
377.53 2.0
378.46 3.1
379.52 3.1
380.49 5.0
381.10 9.2
382.19 2.2
382.81 2.6
384.36 2.0
385.13 1.7
386.62 11.3
387.26 5.0
390.72 25.2
391.50 6.9
392.19 14.2
394.18 3.6
395.33 45.8
396.29 10.3
396.97 9.7
398.53 1.7
401.19 2.6
403.02 19.8
403.97 5.9
405.31 7.6
407.59 2.0
409.06 27.1
410.19 24.5
411.74 7.7
413.29 13.0
415.90 8.8
417.15 11.4
418.18 1.7
419.32 4.8
421.18 14.2
422.03 3.0
422.87 6.4
424.47 10.3
425.36 59.8
426.03 136.6
427.08 58.9
427.74 1.8
428.75 9.3
429.62 8.8
430.72 6.7
431.59 27.8
433.71 21.2
434.35 29.6
436.21 12.8
437.49 2.9
439.20 2.7
440.30 5.6
442.36 7.7
443.56 11.7
444.74 17.4
446.37 6.7
451.20 19.5
451.82 2.7
453.92 100.0
454.76 1.1
455.92 7.2
458.44 1.2
460.40 22.2
461.53 7.8
462.34 5.4
463.89 14.8
465.07 17.4
465.69 3.2
466.31 7.6
467.32 7.5
468.12 7.5
469.14 20.0
470.19 4.7
471.40 2.0
473.33 26.0
474.08 45.7
475.34 25.1
476.48 21.3
477.85 22.2
478.45 7.4
479.62 28.9
480.32 15.8
481.22 56.9
482.57 28.8
483.72 45.6
484.93 18.9
485.95 25.4
486.57 6.8
487.72 48.2
488.63 4.5
489.46 11.2
490.50 29.6
491.44 18.1
494.32 39.7
495.16 18.7
496.00 50.8
496.94 10.3
497.99 10.3
499.08 9.9
500.20 38.0
500.96 20.3
501.79 8.5
502.69 42.1
503.60 29.7
504.55 9.7
505.34 13.6
507.04 29.9
507.82 16.0
509.01 152.6
509.99 197.8
510.90 31.3
511.91 43.4
513.11 45.0
514.07 35.0
516.07 83.4
517.67 156.7
518.37 229.3
519.35 15.5
522.08 273.9
523.07 149.1
524.61 52.1
525.39 150.9
526.45 3.5
527.70 34.9
528.73 45.2
531.12 910.0
531.90 274.8
532.75 8.0
533.51 1.2
535.54 3.9
540.83 2.0
553.33 1.5
558.42 3.9
559.59 1.4
563.34 7.1
564.37 11.3
565.30 10.6
567.00 1.3
568.33 7.7
570.86 5.6
572.32 6.2
573.47 1.4
574.32 8.4
576.41 1.8
577.34 3.0
578.42 3.2
581.28 1.5
585.48 1.6
586.85 19.4
590.75 2.5
591.38 15.7
594.42 4.4
595.20 14.0
596.43 4.7
599.73 8.4
600.86 23.9
602.46 9.1
603.24 3.9
605.49 1.6
607.64 4.9
614.39 1.5
615.82 7.9
617.23 1.9
617.92 8.9
619.30 4.3
621.39 5.7
622.17 3.5
623.05 12.9
624.20 17.7
627.47 19.0
632.65 1.0
633.37 5.2
634.47 8.4
638.39 6.0
644.15 2.5
648.48 4.2
649.33 5.4
650.24 12.7
651.60 16.5
660.20 3.0
663.72 4.5
665.37 2.5
666.38 34.2
667.32 9.4
669.16 4.3
670.53 21.9
671.49 20.1
672.42 2.6
674.33 7.1
676.68 14.0
677.65 12.3
678.27 1.9
679.44 3.6
680.47 9.9
681.94 2.1
684.26 16.7
686.60 31.5
687.50 9.1
688.24 8.5
689.16 8.1
690.27 1.7
691.27 2.7
692.34 8.6
693.35 1.7
694.32 3.8
695.48 4.7
698.45 10.5
699.83 10.4
700.68 4.6
702.92 5.1
703.58 7.0
704.56 8.0
705.72 8.0
706.77 1.7
707.44 1.6
708.13 2.5
714.26 1.9
718.33 6.4
719.06 3.1
720.48 21.9
721.49 16.4
722.49 4.4
723.40 3.5
724.47 5.7
728.07 12.4
729.07 18.7
730.54 3.9
731.87 12.2
733.39 8.0
735.74 16.4
737.35 2.0
738.48 2.5
739.33 6.1
740.33 2.9
741.39 3.2
742.06 1.8
743.15 305.2
744.17 92.8
745.39 6.2
746.45 2.6
747.19 2.8
748.64 2.3
752.43 3.9
753.59 4.7
754.69 2.3
758.61 8.4
759.35 2.5
760.13 6.5
761.61 2.8
762.80 1.2
763.46 17.5
764.94 4.1
767.62 7.0
769.41 3.6
773.67 5.1
778.57 2.4
789.43 18.3
790.38 14.2
791.57 9.6
792.25 5.8
793.41 3.4
794.49 12.7
795.51 33.0
796.40 12.3
802.39 1.5
803.48 6.9
804.58 2.1
806.75 9.6
807.38 26.9
808.44 15.6
809.57 1.8
810.84 7.2
812.29 2.8
814.89 1.3
815.61 1.4
817.13 5.1
818.34 30.4
819.43 6.8
821.54 7.3
822.41 5.7
827.03 2.9
828.63 4.6
829.45 8.9
831.12 12.2
832.06 2.4
832.70 3.9
833.65 1.7
834.67 2.7
835.27 6.4
836.38 4.6
837.44 1.1
839.63 1.1
844.54 5.5
845.30 5.4
846.31 3.3
848.70 1.9
850.56 16.9
851.66 4.0
852.85 1.8
858.40 3.9
859.59 5.4
861.43 1.8
862.62 8.6
863.22 5.4
864.45 4.4
865.60 8.3
867.26 18.4
868.32 2.6
874.57 2.2
875.52 2.0
877.39 21.4
878.98 6.0
879.58 10.0
883.48 6.8
884.31 7.0
886.35 2.9
887.71 9.2
888.49 1.8
889.63 3.6
894.45 7.7
896.65 3.2
898.36 1.3
899.68 1.4
900.73 10.2
902.35 2.5
903.78 1.6
904.44 3.9
905.58 25.8
906.63 16.6
907.52 2.8
908.56 5.2
915.34 2.8
918.86 3.8
922.39 16.2
923.47 22.5
924.34 15.7
925.82 9.2
928.34 2.2
931.59 10.8
932.52 11.4
933.44 3.4
935.61 1.7
942.35 2.1
947.18 8.5
949.44 3.9
950.40 8.0
952.28 4.5
961.29 7.0
962.55 1.4
966.55 2.0
969.48 1.2
994.57 1.9
996.76 6.5
999.66 1.4
1007.71 1.3
1019.60 1.7
1021.44 1.4
1038.78 4.1
1039.86 2.7
1040.80 4.6
1042.57 1.1
1057.00 13.4
1057.69 13.9
1058.77 7.8
