871.5375799999999 2
129.39 5.9
131.30 1.5
142.21 1.4
144.33 1.2
145.36 1.1
147.16 4.4
151.10 1.3
153.12 2.5
154.06 4.1
158.22 7.7
163.30 1.5
169.34 4.5
171.25 9.7
173.40 2.3
175.07 9.1
177.34 4.2
178.28 1.3
179.24 3.5
180.26 2.4
181.25 1.5
183.01 2.7
185.27 14.6
189.35 5.0
198.25 3.2
200.28 10.2
201.17 8.1
203.30 1.2
208.95 6.2
210.11 5.4
211.10 5.0
212.31 2.0
213.14 23.1
214.18 6.4
215.39 3.5
218.15 18.5
220.99 2.6
225.53 2.0
226.24 5.6
227.13 2.9
229.23 3.6
230.20 1.1
231.37 1.1
234.49 1.1
236.39 2.3
238.37 2.3
243.20 9.6
244.24 6.5
246.39 2.2
247.91 2.4
249.15 1.9
251.23 1.9
253.33 4.7
254.69 3.1
257.31 2.2
258.26 2.2
258.93 3.5
260.35 2.1
263.09 2.0
264.39 3.4
265.87 9.1
267.21 1.1
269.45 4.6
272.28 12.7
273.26 3.5
278.21 1.5
280.94 2.5
282.01 1.7
283.22 10.4
284.42 10.7
286.21 5.3
287.19 6.1
288.27 8.2
289.26 3.9
292.42 3.6
293.30 1.2
295.74 9.2
297.29 1.1
299.37 5.3
300.17 2.0
302.12 4.9
304.68 5.8
305.62 8.1
306.42 2.9
308.23 4.2
310.12 1.4
313.18 6.9
315.11 11.9
316.37 3.1
318.07 4.8
319.09 3.2
320.28 3.8
321.32 62.8
322.18 324.7
323.34 43.0
324.12 1.5
325.08 6.1
327.24 4.7
329.27 1.4
330.36 53.2
334.10 15.5
335.22 2.8
337.16 17.2
338.38 2.4
341.86 15.8
343.07 20.4
344.25 11.5
345.02 1.0
346.19 12.3
347.34 2.5
348.30 1.4
350.67 9.2
351.27 2.7
353.37 15.7
354.91 6.9
356.54 9.0
357.91 9.5
360.17 4.7
361.54 1.3
362.35 6.4
363.75 4.4
368.64 4.1
370.66 21.0
371.40 22.7
372.27 7.7
373.84 3.4
377.13 22.4
378.03 2.6
379.97 174.5
382.27 1.1
383.24 20.3
384.29 10.6
385.49 15.8
386.54 22.5
388.23 15.9
389.51 5.3
390.42 11.4
391.33 6.9
392.63 11.9
393.38 8.5
394.42 6.9
395.97 4.9
397.11 16.5
398.89 27.1
400.18 88.4
401.23 37.4
402.37 8.9
405.55 71.6
406.40 9.3
408.27 4.5
409.53 5.1
411.09 2.2
412.70 366.9
414.10 88.1
414.82 71.8
415.55 8.0
416.44 14.8
417.61 74.5
418.76 709.7
419.65 35.5
420.65 6.3
421.80 1841.3
422.97 14.5
423.71 16.3
425.19 30.6
427.00 189.7
427.79 244.4
428.45 14.9
429.18 3.1
433.40 7.8
441.47 4.8
443.52 6.0
447.35 2.1
449.05 2.0
453.19 2.1
454.34 1.2
458.13 14.6
459.24 7.4
460.44 1.2
461.56 4.1
464.30 2.9
467.60 1.3
469.73 1.6
472.33 40.1
473.47 7.0
474.38 2.6
478.43 2.0
481.66 2.2
484.46 43.3
485.89 11.9
489.14 3.4
494.30 7.0
496.50 7.5
497.30 5.7
499.30 5.4
500.58 10.7
502.61 4.3
505.86 3.9
506.50 4.9
508.14 4.2
511.61 3.3
522.66 6.0
523.30 3.1
530.51 3.8
532.49 18.9
533.90 81.4
535.34 4.3
536.26 2.9
537.29 2.3
538.95 5.8
540.37 7.7
541.44 4.0
542.52 9.2
545.39 5.3
546.83 4.3
549.13 1.1
550.23 207.5
551.36 24.8
553.28 3.7
556.65 2.7
558.58 1.2
559.52 4.6
561.34 3.1
564.87 5.1
571.71 11.8
572.45 2.8
573.80 1.5
574.50 3.2
575.22 4.1
580.24 3.6
581.55 1.2
583.38 14.8
584.23 3.8
587.46 25.5
588.30 4.6
589.34 16.1
591.35 2.1
593.40 2.6
595.50 3.8
597.78 12.7
598.47 2.2
611.53 5.1
612.52 3.0
615.28 3.6
616.33 1.0
618.24 2.9
622.62 1.9
628.42 5.0
629.49 3.6
630.31 9.6
632.41 6.5
633.17 1.8
636.57 3.7
638.68 6.3
640.51 1.8
642.46 7.2
643.46 5.3
645.76 2.3
648.45 5.4
650.25 7.3
654.48 16.0
655.41 1.3
656.31 9.7
657.57 2.8
659.42 181.0
660.48 38.8
661.57 20.9
662.50 2.9
668.55 3.9
672.31 54.9
672.94 1.3
680.71 1.7
684.49 22.9
686.44 5.5
688.54 7.4
692.38 2.5
697.57 14.4
699.38 1.7
701.62 1.3
702.59 3.2
706.66 2.3
725.78 12.2
726.58 1.0
741.50 3.7
743.41 26.0
744.28 11.9
745.76 1.9
748.42 2.9
749.67 2.4
755.45 2.8
758.53 9.9
759.60 1.5
762.61 2.4
763.48 2.5
772.56 4.7
774.21 6.0
779.08 4.0
780.25 1.1
783.70 3.8
788.32 2.8
801.56 3.1
831.71 3.7
848.30 5.0
849.45 4.1
850.48 15.0
