3048.49728999999 3
315.12 1.5
317.17 2.1
318.30 7.4
325.16 2.1
340.29 1.6
341.23 2.3
342.21 2.0
342.97 1.3
357.30 3.4
358.34 2.9
359.30 7.1
360.33 1.3
368.00 11.0
371.34 2.6
376.29 59.7
377.34 4.3
379.36 5.2
387.21 2.3
389.25 1.9
395.27 5.4
396.52 9.6
398.34 7.4
399.21 1.3
400.48 1.5
411.23 6.0
413.17 7.2
417.45 2.7
425.44 1.6
426.24 1.9
430.29 4.7
431.33 4.4
434.00 1.3
439.58 1.1
445.65 2.1
448.18 1.1
461.21 7.5
463.19 7.0
474.35 17.4
475.42 2.0
477.83 1.7
480.66 3.9
485.49 2.3
487.35 3.8
489.41 1.6
491.21 66.6
492.21 7.7
493.52 2.6
495.30 4.4
496.61 1.1
498.52 1.6
499.32 1.6
500.16 4.1
503.04 4.4
505.01 1.0
507.24 1.6
510.25 4.9
511.44 5.1
514.46 1.2
516.45 2.3
517.47 1.9
524.16 2.4
528.29 4.5
529.34 10.2
531.47 17.4
532.31 1.9
533.36 3.5
537.88 1.6
543.46 3.6
547.35 2.7
549.28 1.3
553.37 9.4
560.35 2.5
562.52 6.7
564.31 4.3
565.31 9.6
566.44 6.9
574.43 6.8
577.50 2.6
578.34 2.3
580.83 2.8
591.64 3.6
592.39 5.1
594.47 8.5
596.29 3.1
597.46 6.4
598.28 1.6
604.36 13.9
605.31 4.0
609.61 3.1
610.66 1.4
613.07 1.7
616.90 2.0
622.38 123.3
623.37 44.3
624.33 12.0
625.70 7.9
626.57 2.2
631.55 1.5
633.30 1.6
635.66 1.3
637.19 7.3
638.51 3.3
641.41 8.4
643.63 2.0
644.50 9.1
646.93 8.2
649.38 1.9
650.34 8.0
656.32 1.7
660.58 3.0
665.44 4.9
666.04 3.1
667.10 2.0
668.50 15.7
669.67 9.9
671.74 5.6
673.22 9.7
675.62 10.4
680.54 4.1
681.38 7.5
684.42 1.6
687.46 5.4
688.86 7.1
690.67 13.8
691.47 42.5
692.34 21.4
693.52 12.7
694.25 3.3
698.84 6.5
701.20 6.8
704.65 2.7
705.47 3.2
706.33 1.2
709.36 479.0
710.40 80.5
711.38 29.9
712.77 3.2
715.44 2.7
716.08 6.3
716.99 7.1
719.51 1.3
721.57 10.8
722.25 1.6
725.45 3.6
727.36 5.8
729.48 1.6
733.68 10.9
734.59 7.6
740.28 2.9
741.40 1.6
743.05 25.5
744.12 8.6
752.51 7.1
755.46 3.1
756.62 2.2
758.46 6.5
759.91 8.8
761.60 6.4
762.47 6.7
763.59 6.3
765.26 7.8
766.90 3.3
769.37 5.5
774.30 7.0
775.81 1.7
776.51 10.6
777.40 9.9
778.30 5.0
779.39 1.0
781.45 18.3
783.50 21.8
786.39 10.1
787.25 3.1
788.48 3.5
789.23 33.2
790.47 1.6
792.44 13.5
793.47 5.2
795.60 12.5
799.66 8.6
801.26 1.4
804.50 60.2
805.47 32.7
806.49 3.7
811.96 3.2
812.99 4.2
814.47 2.5
817.47 2.0
821.94 40.7
822.58 224.5
823.44 75.0
824.53 8.5
825.57 14.4
826.29 5.1
834.26 14.4
838.56 2.1
840.63 4.2
843.46 29.8
844.41 4.4
845.85 17.1
851.53 2.6
855.35 1.3
856.67 4.3
857.44 3.9
858.24 4.5
859.30 3.6
861.50 10.3
865.27 1.5
869.13 4.5
873.61 1.7
875.46 12.0
876.31 10.5
878.81 1.7
881.68 12.6
882.67 7.8
883.79 1.9
885.71 1.5
888.54 11.3
889.60 6.3
891.15 16.1
892.01 5.6
893.53 17.5
894.63 2.3
899.71 1.5
900.66 32.8
901.41 24.9
902.44 18.4
903.11 12.7
906.43 2.6
907.83 8.7
908.70 1.7
909.56 11.7
911.78 13.9
912.53 1.8
914.40 3.1
917.39 41.9
918.51 19.4
919.58 25.3
920.60 9.2
921.55 13.8
925.15 9.4
926.34 4.0
927.24 5.2
928.12 2.8
929.74 18.3
932.12 12.3
933.22 8.3
935.50 374.4
936.61 102.3
937.45 13.6
939.60 3.8
940.55 22.2
942.05 20.0
942.96 21.3
943.62 9.9
944.50 4.6
945.32 11.2
946.56 31.1
949.05 8.3
950.00 7.8
951.02 51.3
951.71 38.4
952.53 6.5
953.35 1.3
955.83 6.1
959.25 76.5
960.04 26.6
960.65 10.8
961.62 2.8
963.84 11.2
966.40 5.0
967.33 15.4
969.14 1.6
971.54 2.8
972.98 23.2
976.32 4.4
977.48 5.5
978.38 15.5
981.05 27.4
981.74 5.7
982.67 16.3
983.56 2.0
984.22 5.9
985.54 24.5
986.81 10.5
988.65 3.6
989.60 6.9
991.01 44.2
992.05 6.1
994.51 23.3
996.42 32.7
997.26 7.1
997.94 18.1
998.91 82.5
999.69 106.9
1000.41 20.4
1001.10 19.6
1001.79 4.0
1002.62 4.2
1004.74 6.2
1005.63 1.1
1009.79 3.3
1017.61 2.5
1023.18 4.5
1025.62 2.3
1026.58 2.8
1028.81 4.0
1031.86 6.2
1033.17 14.7
1034.31 14.9
1035.37 19.5
1036.59 1.3
1040.05 5.7
1041.27 3.5
1042.43 1.4
1043.45 2.0
1047.67 6.5
1048.86 111.0
1049.78 21.0
1050.90 1.5
1053.93 2.7
1054.54 5.5
1055.69 6.2
1056.56 11.9
1057.84 520.9
1058.76 57.1
1059.57 5.5
1061.92 22.0
1062.92 13.5
1064.81 20.1
1066.86 2.1
1067.76 2.2
1070.91 43.6
1071.71 13.9
1072.51 6.1
1073.39 23.4
1075.52 2.8
1076.60 32.9
1077.53 1.5
1078.77 2.9
1080.33 24.0
1083.55 15.5
1090.18 1.9
1092.60 17.4
1093.68 7.3
1095.44 8.0
1096.51 30.2
1097.20 16.3
1097.90 9.2
1100.01 18.6
1101.87 2.1
1103.43 8.1
1105.36 81.0
1106.24 76.3
1107.34 2.7
1108.10 2.7
1109.42 12.5
1110.12 3.8
1110.74 3.7
1111.55 1.3
1112.53 23.1
1114.35 377.6
1115.28 83.1
1117.76 1.7
1120.55 7.5
1121.35 35.2
1123.26 109.9
1124.19 26.0
1125.59 5.8
1129.79 5.2
1130.43 6.7
1131.95 13.4
1132.64 33.2
1133.29 7.0
1134.57 10.4
1135.23 11.0
1136.43 1.4
1140.06 8.4
1141.25 11.4
1142.46 2.6
1145.62 2.5
1148.60 70.2
1149.55 15.2
1150.61 6.5
1153.10 31.9
1153.98 18.5
1154.65 19.5
1156.29 8.6
1157.43 11.9
1158.46 15.2
1161.51 70.8
1162.19 122.5
1163.25 26.8
1165.30 20.1
1166.82 1.9
1169.31 4.8
1170.55 225.8
1171.36 314.8
1172.33 13.6
1173.09 1.8
1176.66 1.1
1179.98 21.7
1180.75 15.7
1182.84 5.3
1185.40 2.3
1187.45 5.0
1190.09 1.2
1192.15 4.4
1192.76 10.8
1193.85 6.4
1195.95 3.1
1196.98 19.4
1200.07 3.6
1202.64 8.4
1204.96 106.0
1205.73 51.0
1206.38 32.2
1207.73 1.1
1208.81 24.5
1209.86 3.8
1210.67 5.8
1212.96 28.2
1214.45 148.6
1215.38 45.9
1222.97 10.0
1223.70 14.4
1224.78 1.1
1225.97 7.9
1228.55 7.6
1230.77 4.0
1232.86 15.0
1234.62 1.3
1235.86 35.1
1237.76 1.0
1244.51 22.3
1245.47 8.0
1249.62 13.5
1250.78 10.9
1254.67 2.7
1255.64 1.2
1256.37 5.2
1261.73 25.4
1262.47 9.9
1265.87 8.6
1267.88 8.7
1269.80 12.4
1270.97 108.3
1271.92 22.0
1275.89 7.0
1276.61 2.1
1279.66 22.6
1280.33 55.0
1281.18 7.1
1281.97 9.8
1282.70 3.3
1284.14 1.1
1286.68 2.6
1290.98 4.5
1292.33 7.5
1303.51 1.9
1306.66 2.3
1307.61 1.6
1310.68 31.9
1311.73 20.7
1317.36 3.3
1320.06 2.3
1321.72 2.7
1323.06 3.2
1324.66 1.2
1327.72 1.5
1328.97 65.8
1329.87 7.9
1330.59 3.2
1332.18 2.0
1333.07 1.3
1337.51 89.5
1338.53 20.4
1340.43 7.8
1345.54 3.9
1346.53 21.9
1347.81 9.6
1349.04 7.6
1353.60 5.5
1355.70 4.9
1364.57 32.3
1365.51 12.0
1367.12 3.7
1370.95 1.6
1374.11 3.0
1381.34 2.1
1386.06 11.4
1386.80 7.2
1394.47 77.6
1395.32 55.0
1396.76 4.4
1398.00 1.3
1399.78 1.9
1400.96 13.2
1408.10 2.9
1410.17 27.9
1411.10 14.9
1413.73 2.4
1416.51 1.6
1418.77 46.6
1419.84 22.0
1420.45 2.9
1421.63 1.7
1423.77 11.3
1424.47 2.4
1426.79 4.0
1429.37 11.8
1431.18 4.5
1436.16 2.6
1437.91 35.6
1438.55 1.9
1439.98 3.6
1440.77 6.5
1442.90 1.7
1445.91 1.5
1447.83 17.5
1449.85 11.9
1452.59 2.7
1465.71 23.4
1466.80 18.1
1468.02 9.6
1468.73 3.1
1482.92 3.1
1485.08 11.0
1485.87 10.7
1489.86 1.3
1494.08 5.2
1506.94 7.4
1518.86 1.4
1519.98 11.1
1521.84 7.1
1525.73 1.4
1526.78 2.4
1533.23 4.5
1535.06 1.6
1537.00 9.2
1538.19 2.0
1546.64 5.8
1553.82 4.5
1565.85 21.8
1567.14 15.7
1569.14 1.6
1572.17 3.7
1583.77 30.6
1584.73 22.0
1586.05 3.8
1586.72 2.4
1587.50 8.2
1588.60 6.4
1589.96 2.1
1591.59 1.8
1597.79 1.3
1599.72 1.5
1607.11 3.9
1616.87 1.6
1618.06 1.3
1619.83 2.1
1626.37 1.3
1629.00 1.3
1631.54 3.9
1633.70 1.6
1636.50 6.1
1637.30 1.6
1638.02 2.7
1651.80 3.8
1653.16 1.7
1656.39 1.1
1666.26 4.5
1667.70 6.4
1668.56 9.7
1673.19 2.9
1673.94 2.4
1684.86 6.5
1686.24 2.1
1687.07 3.1
1689.02 2.3
1698.13 1.6
1703.45 4.8
1705.10 6.8
1716.72 1.0
1721.10 5.3
1727.94 4.2
1737.85 2.5
1749.00 7.1
1760.30 6.7
1763.26 3.5
1766.33 2.8
1774.89 2.4
1782.67 4.4
1783.66 2.2
1784.41 4.6
1786.80 9.1
1787.99 1.8
1788.84 1.6
1797.82 2.4
1800.03 1.4
1801.10 9.7
1803.37 2.3
1836.95 1.1
1848.63 2.2
1869.78 2.2
1879.11 1.2
1884.08 1.7
1900.96 5.3
1902.13 4.8
1913.13 2.4
1947.36 1.4
1970.16 1.4
1997.91 3.4
