1206.62187 2
175.19 16.0
176.12 3.5
195.08 2.8
195.99 1.5
198.29 2.5
201.31 2.3
202.04 7.0
209.07 2.8
211.18 2.7
212.06 1.8
214.05 12.4
215.08 2.0
227.17 2.7
228.33 10.2
232.18 1.5
234.35 1.2
235.04 7.0
236.35 5.3
237.17 2.4
240.43 1.3
241.14 5.2
245.31 1.3
246.14 2.0
252.21 7.9
255.31 1.3
258.28 1.6
259.25 3.8
259.94 1.5
266.07 9.4
267.50 7.7
268.40 1.4
271.03 2.4
273.36 2.2
274.14 10.3
277.06 2.4
281.11 4.4
282.28 3.7
283.13 3.7
285.07 9.0
286.35 2.9
289.43 1.1
290.63 2.1
292.06 3.8
293.94 1.5
297.14 1.4
299.13 2.7
301.27 17.5
303.33 2.1
308.93 8.6
310.33 3.5
313.15 3.0
314.11 2.8
318.66 2.1
319.27 14.9
321.40 2.4
322.97 1.6
324.37 1.3
325.05 2.8
327.21 4.4
331.44 2.7
335.05 5.3
336.16 22.1
337.30 16.8
337.98 2.2
339.26 3.0
340.28 3.8
341.36 2.6
342.10 6.1
343.20 4.7
344.43 21.2
345.30 11.1
347.18 1.2
353.10 3.9
354.23 34.3
355.21 6.7
356.27 6.3
357.33 12.8
358.20 7.5
359.24 1.8
359.95 5.8
360.98 2.4
362.27 4.2
363.14 7.1
366.03 6.8
367.31 6.7
368.19 2.5
369.00 4.2
370.38 1.7
372.16 39.3
373.35 2.4
375.12 1.6
379.25 1.3
380.26 1.1
382.18 9.8
383.33 2.4
384.22 5.3
385.42 7.5
386.38 8.8
388.14 2.3
390.21 24.5
391.50 2.2
393.58 9.6
394.31 5.6
395.97 4.3
400.47 5.4
401.27 2.3
402.35 10.6
406.08 1.5
407.31 2.8
408.37 6.6
409.34 24.7
411.32 7.9
413.33 5.6
416.18 1.0
417.33 5.7
418.83 2.5
420.51 7.1
422.12 14.4
423.06 6.0
425.35 14.5
426.43 15.9
427.50 7.4
428.65 7.4
429.92 6.4
430.89 2.6
432.19 1.5
433.22 4.4
435.24 16.5
436.35 14.4
437.24 3.7
438.26 5.7
439.65 16.1
441.20 4.9
443.59 7.8
444.56 40.9
445.33 27.6
446.30 3.1
449.92 6.5
451.33 5.7
453.19 35.5
454.17 19.4
455.64 2.3
456.73 7.2
458.36 13.4
459.40 4.2
460.97 9.5
462.39 13.0
463.38 24.9
464.43 6.3
467.40 13.0
468.25 4.6
471.25 95.6
472.25 21.4
474.48 2.5
475.41 2.7
476.46 4.1
479.32 22.9
482.30 11.7
483.08 4.5
487.53 5.3
488.43 21.7
489.19 32.4
490.05 11.9
490.79 3.0
498.61 6.5
499.34 6.9
501.64 4.8
503.33 6.1
504.62 1.7
505.39 8.6
506.13 6.1
507.82 3.5
508.86 4.6
510.01 10.5
511.63 2.5
513.48 5.6
514.39 5.1
515.37 49.0
516.65 36.1
517.73 19.8
519.91 10.6
521.39 9.0
522.46 10.2
523.24 11.9
524.34 65.0
525.41 7.7
527.20 3.7
527.91 4.6
529.32 9.3
531.31 3.3
532.42 22.2
533.85 9.8
535.45 2.0
536.36 1.9
538.82 6.0
540.22 5.6
541.38 20.4
543.30 17.8
544.46 12.8
545.69 1.9
546.35 1.1
548.34 1.8
549.57 2.3
550.56 47.8
551.56 34.7
552.94 26.2
553.84 8.3
554.55 1.2
555.69 7.9
556.36 11.2
557.79 35.9
558.70 17.9
559.42 54.1
560.51 32.8
561.27 8.9
562.52 23.0
564.22 18.8
565.42 11.6
567.37 15.4
568.46 12.5
569.68 4.2
571.06 30.2
571.77 52.8
572.93 12.7
573.70 14.6
574.45 5.9
575.37 1.4
577.28 100.1
578.45 7.6
579.84 110.9
580.48 74.7
582.69 16.6
584.09 35.1
585.77 153.9
586.40 133.5
587.02 13.0
588.41 36.5
589.16 118.5
590.08 8.3
591.39 4.8
592.45 16.1
595.04 476.5
596.06 23.9
611.70 2.1
615.54 2.5
619.49 13.8
620.12 2.8
622.35 6.5
623.33 5.9
624.47 4.2
625.48 6.0
627.53 1.3
630.20 13.0
632.37 2.5
640.29 9.9
641.68 3.3
642.68 4.5
643.39 5.1
645.70 1.2
652.51 3.3
655.31 7.2
657.89 19.0
658.54 52.3
659.39 33.2
660.04 2.4
661.24 5.2
662.60 2.3
670.16 9.4
671.70 8.4
672.39 2.6
673.62 2.5
675.48 16.0
676.48 3.1
677.37 2.2
681.74 5.5
683.48 23.5
684.38 8.7
696.47 1.3
697.46 9.2
698.32 3.5
701.38 123.7
702.41 43.2
705.13 5.0
706.51 8.9
708.51 4.4
714.33 10.6
715.27 2.3
716.66 1.7
718.54 17.0
719.23 4.8
724.36 7.3
726.54 3.3
728.61 13.0
732.39 4.1
733.71 1.5
737.77 7.5
741.59 6.2
742.82 2.6
744.00 15.0
744.96 9.0
747.15 3.6
750.68 10.9
751.40 5.2
753.82 9.9
756.11 4.5
757.36 8.0
758.67 21.2
764.99 3.5
767.51 10.6
769.56 3.7
771.46 4.1
772.64 13.8
773.35 1.7
782.46 6.3
784.60 1.3
785.65 10.5
786.37 1.8
789.19 8.6
789.83 8.5
792.54 2.1
799.37 3.8
800.37 59.1
801.55 29.7
805.00 21.9
808.26 22.0
810.81 3.1
811.98 3.1
814.44 3.1
815.58 3.6
817.50 18.6
818.38 10.3
826.87 4.8
827.84 3.4
828.64 14.7
829.42 12.1
830.52 8.5
832.14 11.8
837.55 6.6
838.55 8.5
841.68 5.7
843.53 4.2
854.02 5.5
858.55 4.9
861.80 3.6
870.73 6.0
871.65 16.2
872.63 6.7
875.45 6.0
876.52 4.8
877.18 3.3
878.46 5.5
888.64 6.8
912.71 1.6
916.68 1.1
918.65 3.6
926.69 4.6
928.55 5.0
933.45 2.0
935.66 5.4
940.82 9.3
949.79 5.4
957.62 2.9
958.84 7.3
961.31 1.5
963.73 2.8
969.64 10.1
971.77 3.2
972.38 4.7
976.22 3.7
979.47 3.9
984.66 3.8
990.77 8.0
996.80 1.2
1002.61 1.0
1004.27 6.3
1005.53 12.2
1014.72 24.9
1015.63 18.0
1020.52 7.0
1021.41 3.2
1032.55 104.5
1033.57 26.6
1034.35 5.1
1035.55 1.3
1043.77 2.8
1050.63 55.1
1051.64 25.1
1052.74 3.0
1059.46 1.1
1060.57 3.1
1078.68 2.1
1103.67 1.6
1135.30 3.6
1148.70 6.0
1157.70 2.5
