824.49986 2
116.30 2.0
119.20 11.2
121.19 9.2
122.14 5.4
123.38 12.6
125.05 16.7
126.06 4.6
127.59 43.5
128.22 430.2
129.31 39.0
130.24 41.0
131.18 17.2
132.27 6.3
133.20 25.4
134.23 14.6
135.26 38.3
136.05 26.2
137.28 31.4
138.21 22.0
139.20 15.8
140.38 13.7
141.34 18.7
142.18 8.3
143.23 18.9
144.24 28.9
145.16 37.5
146.21 10.6
147.19 37.0
148.33 5.1
149.23 37.1
150.34 14.8
151.16 15.7
152.70 1.7
153.36 35.7
154.21 10.3
155.20 15.1
156.20 34.9
157.17 51.3
158.25 15.0
159.19 24.2
160.10 122.1
161.44 24.8
162.18 104.9
163.34 25.4
164.14 19.5
165.14 25.8
166.27 9.3
167.12 11.9
168.14 21.9
169.17 20.0
170.25 7.4
171.19 30.1
172.22 40.2
173.16 49.6
174.20 353.3
175.17 64.5
176.17 29.1
177.18 38.5
178.17 19.8
179.18 70.7
180.20 7.7
181.20 30.2
182.14 8.9
183.20 46.0
184.21 44.7
185.24 18.9
186.13 34.7
187.13 25.8
189.11 44.6
190.31 15.7
191.22 58.6
192.13 127.7
193.21 42.0
194.15 13.5
195.28 26.8
196.17 48.5
197.17 67.3
198.13 20.2
199.17 48.7
200.16 72.5
201.27 51.9
202.26 22.1
203.25 30.2
204.47 17.6
205.32 26.7
206.33 19.0
207.18 36.3
208.16 15.1
209.24 31.7
210.23 40.2
211.15 76.5
212.28 27.2
213.18 30.6
214.14 129.6
215.15 32.1
216.20 21.6
217.29 20.6
218.21 18.2
219.31 36.9
220.33 25.8
221.17 100.7
222.13 29.3
223.20 39.4
224.30 19.2
225.22 97.8
226.20 28.0
227.13 73.4
228.12 139.9
229.14 138.1
230.11 77.1
231.13 29.2
232.13 49.4
233.23 105.7
234.15 80.3
235.21 306.3
236.25 108.6
237.25 46.1
238.15 26.6
239.16 47.0
240.18 17.0
241.20 48.3
242.17 44.8
243.17 29.0
244.31 32.6
245.23 27.3
246.15 103.1
247.19 47.2
248.14 23.2
249.22 36.4
250.42 24.6
251.13 187.1
252.22 125.0
253.23 38.3
254.23 16.3
255.13 40.3
256.20 41.0
257.28 23.0
258.17 34.5
259.17 34.0
260.18 55.5
261.12 50.3
262.62 11.2
263.23 30.8
264.22 21.5
265.17 30.1
266.10 53.8
267.18 242.9
268.19 86.3
269.18 50.8
270.25 36.8
271.11 40.8
272.16 59.9
273.24 20.4
274.29 19.0
275.28 28.3
276.20 26.2
277.08 26.3
278.23 70.2
279.17 48.6
280.22 65.1
281.21 24.0
282.30 56.6
283.10 56.2
284.30 66.0
285.18 33.0
286.16 33.6
287.16 21.8
288.40 24.4
289.22 34.9
291.03 45.7
292.26 50.9
293.18 54.8
294.28 19.4
295.21 40.9
296.22 15.0
297.07 61.2
298.17 130.4
299.14 121.4
300.19 85.9
301.16 299.1
302.14 13.1
303.19 34.7
304.17 15.7
305.40 17.7
306.34 57.6
307.23 48.8
308.24 56.1
309.23 44.1
310.23 42.1
311.10 59.0
312.18 94.2
313.27 58.8
314.36 62.9
315.11 116.0
316.31 577.9
317.35 87.3
318.31 22.4
319.20 85.5
320.49 48.8
321.13 28.5
322.22 32.1
323.22 36.5
324.29 51.2
325.23 150.4
326.09 121.1
327.14 124.5
327.86 657.9
329.27 18.5
330.35 133.6
331.29 59.5
332.30 71.1
333.30 64.4
334.18 15.1
335.15 24.0
336.25 20.0
337.23 47.2
338.20 83.7
339.24 106.8
340.53 89.0
341.38 21.9
342.47 30.0
343.19 33.4
344.45 5.9
345.11 5.9
346.27 8.2
347.28 36.7
348.16 45.2
349.28 61.6
350.32 50.2
351.23 79.6
352.19 92.5
353.20 123.5
354.23 83.4
355.25 82.3
356.24 46.6
357.29 91.6
358.18 12.4
359.32 19.2
360.36 23.6
361.46 23.6
362.32 41.7
363.42 60.5
364.22 78.9
365.29 59.6
366.20 105.9
367.24 128.1
368.25 248.6
369.27 240.1
370.18 47.8
371.12 57.4
371.91 16.8
372.51 1.3
375.23 8.6
376.23 77.3
377.18 200.9
378.30 61.2
379.24 21.6
380.23 17.6
382.20 16.2
383.28 60.5
384.20 83.6
385.28 61.9
386.32 13.8
387.86 3.7
389.31 23.6
390.17 15.3
391.34 77.9
392.06 43.7
392.89 1.9
394.22 1225.1
395.20 1323.5
396.15 125.0
397.12 11.3
398.14 9.6
398.79 8.1
400.92 5.7
402.16 4.7
403.60 128.4
404.34 115.7
410.76 2.1
421.88 3.6
423.09 1.9
424.51 1.8
430.95 5.8
437.51 3.1
453.56 6.4
454.89 14.2
458.37 15.3
459.30 1.2
466.35 4.2
469.42 3.2
470.42 8.5
471.14 4.2
472.33 134.3
473.51 14.9
478.36 2.7
481.60 2.0
485.26 6.6
487.21 8.1
500.58 2.0
515.33 1.4
518.54 3.2
531.23 3.6
532.14 1.6
544.07 1.6
553.43 4.4
562.09 10.7
570.82 1.9
571.62 7.4
572.60 1.2
575.15 4.8
579.03 1.3
580.47 6.7
582.01 6.5
584.85 4.5
590.23 4.6
598.71 2.5
599.65 2.2
605.32 2.7
606.50 1.8
607.66 1.1
611.33 11.1
612.53 3.9
618.81 2.7
619.60 4.2
632.30 2.4
634.40 2.9
645.42 2.1
650.32 3.8
654.58 2.6
660.73 1.6
664.36 1.3
682.67 9.0
692.30 5.3
693.51 1.2
708.29 1.6
725.48 3.9
726.72 4.2
728.71 2.3
742.98 1.6
746.50 2.6
777.76 17.2
778.70 1.6
801.58 20.2
803.48 4.3
