696.5406399999999 2
98.96 1.3
101.07 1.0
103.98 3.1
105.18 2.0
106.31 1.7
108.43 3.0
111.14 9.1
112.07 1.5
114.05 5.3
116.82 8.4
120.30 2.6
121.19 2.0
122.28 1.5
123.22 6.0
125.07 6.6
128.03 48.2
130.15 14.6
131.15 1.2
132.18 10.4
133.18 7.7
134.59 13.2
135.28 1.6
136.39 3.9
137.15 2.5
139.09 8.6
144.30 17.3
145.28 3.2
146.45 4.4
147.16 9.6
148.28 1.3
149.17 6.0
151.12 6.3
152.17 2.6
152.95 3.4
153.60 3.2
155.20 3.5
156.22 3.7
157.11 2.2
159.16 4.1
160.10 29.7
162.15 33.4
163.17 16.7
164.06 4.0
165.10 2.1
166.32 6.2
167.53 8.0
169.16 9.5
171.16 12.5
172.30 11.6
173.42 8.0
174.21 21.2
175.09 4.8
176.24 3.9
177.14 12.1
178.45 6.8
179.19 4.5
181.11 4.2
182.12 1.2
183.29 3.3
184.30 1.1
185.33 13.4
187.16 6.4
188.15 10.3
189.38 2.2
191.01 1.9
192.17 12.5
193.21 5.5
194.38 7.3
195.34 3.0
196.39 2.2
197.25 2.8
198.37 3.3
199.72 13.6
200.38 4.6
201.26 2.3
202.13 7.3
203.15 3.0
204.33 10.5
205.19 15.6
206.13 12.6
207.29 6.5
208.07 4.0
209.22 32.3
210.23 68.6
211.19 15.5
212.22 4.8
213.04 4.2
215.06 34.8
216.16 46.7
217.12 15.0
218.26 36.3
219.21 16.4
220.11 12.1
221.20 8.5
222.26 19.6
223.17 19.7
225.20 7.9
226.17 5.0
227.17 141.1
228.18 69.1
229.26 41.9
230.20 13.1
231.09 1.4
232.42 8.4
233.25 18.8
234.18 43.1
235.12 33.7
236.58 9.0
237.22 12.8
238.18 4.2
239.08 8.1
240.80 8.9
242.44 18.9
243.43 2.4
244.35 15.5
245.19 132.6
246.27 2.0
247.44 5.4
248.31 10.2
249.20 12.1
250.30 5.2
251.26 7.4
252.27 3.7
254.32 14.9
255.14 3.1
256.33 6.7
258.16 10.9
259.21 9.4
260.28 14.4
261.25 15.5
262.22 11.6
263.24 22.5
264.26 10.6
265.31 13.8
266.33 13.7
267.22 3.0
269.30 11.5
270.13 4.4
271.09 3.9
272.13 7.1
273.02 47.6
274.07 190.2
275.19 19.7
276.74 410.3
277.45 60.0
278.93 9.1
282.30 7.5
283.31 10.7
284.27 18.9
285.40 180.5
286.31 6.5
287.29 8.3
288.30 42.2
289.24 30.0
290.26 90.5
291.21 21.1
292.07 16.3
293.15 3.0
294.47 1.4
295.37 1.2
298.51 27.5
300.30 10.2
301.18 7.7
302.30 57.0
303.25 31.9
304.35 31.5
305.29 21.1
306.34 5.4
307.09 15.0
307.97 10.7
309.32 7.2
311.20 12.6
312.32 20.4
313.28 42.5
314.21 11.1
315.06 6.4
316.20 10.4
317.36 21.3
318.21 1.3
319.21 18.6
320.36 22.5
321.18 27.3
325.46 7.0
326.38 11.3
327.04 3.4
327.96 21.0
330.28 7664.7
331.34 1134.0
332.63 7.4
334.29 7.2
335.27 1.8
336.34 13.7
337.39 70.7
338.35 5.2
340.43 4919.6
341.38 25.8
342.73 19.4
343.43 30.1
344.37 7.9
377.34 2.3
380.28 2.5
390.95 1.7
424.39 1.3
435.32 12.1
436.33 6.4
438.39 5.1
452.44 139.5
453.44 129.5
454.45 11.1
455.90 3.2
456.52 1.8
470.52 8.6
471.61 2.4
473.98 13.0
476.31 9.4
480.90 1.0
485.05 1.7
509.55 2.3
523.40 1.1
538.39 1.1
539.17 1.3
548.68 2.2
550.94 1.4
552.41 3.4
563.29 4.0
564.06 5.9
566.74 18.5
569.57 42.0
570.68 16.1
580.54 17.9
581.52 5.3
587.32 1.1
602.35 2.6
611.20 1.9
646.14 4.6
664.63 2.3
673.42 3.6
679.46 4.7
