870.54259 2
126.10 2.5
128.07 138.1
129.23 9.8
130.29 23.6
131.09 6.8
133.24 12.3
134.07 1.7
135.25 22.6
136.07 29.3
138.29 42.1
139.18 11.0
140.33 17.6
141.29 18.1
142.81 13.5
143.45 4.1
144.14 5.3
145.24 6.2
146.27 2.8
147.51 13.0
148.15 8.5
149.24 15.2
150.29 1.8
151.18 10.9
152.23 7.8
153.28 3.6
154.28 27.1
156.21 671.0
157.20 15.6
158.26 23.1
159.17 14.8
160.11 155.0
161.14 47.9
162.11 110.0
163.43 19.3
164.09 62.1
165.17 19.0
166.29 6.0
168.00 13.7
169.14 16.6
170.15 14.3
171.23 52.9
172.13 12.9
173.38 28.3
174.29 38.4
175.21 34.6
176.41 13.4
177.38 12.0
178.06 1.6
179.19 10.7
180.21 15.3
181.06 8.3
182.23 4.9
183.33 12.2
184.22 14.1
185.23 16.5
186.23 1.9
187.24 91.5
188.15 26.6
189.23 18.0
190.32 14.1
191.19 17.8
192.12 15.9
193.04 24.5
193.95 4.3
195.13 14.8
196.06 13.1
197.17 14.2
198.10 18.0
199.18 153.4
200.31 14.7
201.18 23.7
202.09 3.0
203.27 23.6
204.19 16.7
205.09 23.6
207.08 945.7
208.06 256.3
209.26 111.6
210.17 64.3
211.15 30.1
212.19 3.9
213.17 18.4
214.09 4.8
215.12 23.9
216.21 10.7
217.14 21.8
218.20 16.9
219.16 21.1
220.13 14.3
221.33 9.1
222.22 10.5
223.15 35.6
224.26 17.1
225.31 28.9
226.24 197.8
227.27 42.6
228.31 26.1
229.25 77.7
230.20 44.3
231.24 25.9
233.03 72.3
234.20 14.4
235.20 21.1
236.31 19.8
237.24 25.0
238.14 18.6
239.33 47.5
240.51 21.0
241.36 3.2
242.17 35.8
243.25 17.0
244.24 10.6
245.21 27.1
246.17 20.0
247.25 45.1
248.32 14.0
249.33 32.6
250.27 13.1
251.16 35.3
252.13 13.1
253.25 11.3
254.07 22.1
255.25 48.5
256.30 41.6
257.26 48.0
258.16 14.3
259.33 23.7
260.19 19.4
261.25 128.8
262.23 33.4
263.29 44.9
264.20 18.4
265.04 14.2
266.59 17.6
267.44 15.0
268.23 11.5
269.27 26.7
270.33 21.9
271.15 27.0
272.24 63.4
273.22 56.5
274.13 78.3
275.22 76.2
276.07 43.1
277.16 26.3
278.02 11.8
279.14 49.1
280.14 32.2
281.15 28.5
282.27 16.6
283.17 16.0
284.24 40.3
285.20 33.9
286.08 26.1
287.15 28.9
288.38 16.0
289.29 10.6
290.10 19.8
291.21 61.3
292.14 19.2
293.19 28.3
294.17 34.7
295.25 46.6
296.35 41.9
297.32 6.5
298.32 12.2
299.19 11.2
301.02 5608.7
302.10 1617.4
303.09 28.0
304.18 31.6
305.26 30.5
306.20 17.4
307.19 20.9
308.23 21.0
309.26 48.4
310.24 12.9
311.18 21.0
312.36 10.4
313.17 20.7
314.38 24.2
315.20 27.4
316.22 59.9
317.17 164.5
318.16 52.4
319.13 42.0
320.32 43.8
321.18 88.9
322.12 122.0
323.23 55.2
324.40 6.0
325.36 36.0
326.28 9.6
327.34 18.0
328.42 14.6
329.34 20.4
330.43 1.1
331.27 33.1
332.24 14.9
333.24 53.6
334.21 22.4
335.26 34.2
336.26 255.5
337.30 77.6
338.25 45.6
339.24 17.5
340.95 190.8
342.24 87.8
343.26 19.1
344.15 9.4
345.17 41.7
346.24 14.1
347.23 45.0
348.24 29.8
349.27 24.7
350.25 93.7
351.32 49.1
352.22 21.8
353.20 51.1
354.18 72.1
355.21 42.4
356.24 54.3
357.12 12.9
358.18 9.6
359.20 16.4
361.20 46.9
362.09 32.2
363.45 26.8
364.41 18.5
365.29 37.2
366.24 17.3
367.50 1.6
368.30 1.8
369.30 36.3
370.17 13.7
371.29 44.3
372.30 45.3
373.27 37.3
374.21 42.8
375.27 44.6
376.17 127.0
377.20 72.4
378.25 44.3
379.32 36.4
380.33 37.0
381.27 71.2
382.93 20.3
384.37 12.4
385.31 89.0
386.32 5.9
387.26 10.2
388.20 36.4
389.16 34.1
390.23 47.3
391.18 73.3
392.25 109.4
393.41 12.4
394.22 26.0
395.02 9.4
396.10 4.9
397.06 1.2
399.21 207.3
400.25 86.8
401.19 31.9
402.14 8.6
403.22 8.3
404.50 11.4
405.28 25.1
406.30 29.8
407.27 38.0
408.19 43.8
409.34 3.2
411.83 5.7
412.99 25.8
413.99 19.6
414.95 3.0
417.21 1270.5
418.23 897.0
419.23 92.4
420.18 11.6
420.94 4.0
424.16 8.5
426.92 1604.6
428.40 9.0
429.66 10.9
430.44 6.6
455.34 8.9
458.39 4.4
460.41 3.1
468.18 32.3
469.41 2.5
472.34 431.5
473.32 52.4
474.68 1.3
485.29 3.3
486.18 21.6
487.22 3.4
488.44 5.0
500.60 6.3
503.86 5.2
506.79 6.5
514.87 11.5
536.95 10.9
553.38 13.0
554.32 5.8
561.64 3.3
571.44 246.0
572.49 26.8
575.07 1.5
579.55 4.0
581.41 70.5
582.44 11.6
583.57 2.8
586.58 1.4
596.35 6.4
599.46 5.5
602.50 1.7
604.88 1.1
606.45 1.1
615.45 1.1
616.21 1.2
618.09 1.1
629.56 1.4
632.66 2.9
654.30 6.6
655.59 7.1
656.59 3.0
657.39 1.9
662.92 3.7
670.15 5.4
672.46 1151.0
673.41 283.3
674.06 4.0
681.19 1.9
682.38 5.9
688.35 4.7
696.01 2.1
697.44 4.4
699.73 14.0
700.49 11.6
708.21 4.8
709.34 1.6
715.12 3.4
725.48 303.5
726.47 65.1
733.36 2.8
734.77 3.9
743.45 7410.3
744.46 1648.4
753.72 7.2
754.55 4.5
771.45 102.7
772.56 50.6
814.46 2.3
847.85 1.7
849.54 3.8
870.90 3.5
