1966.06272 3
195.13 9.3
197.14 7.5
198.18 5.4
199.35 1.6
201.28 2.1
205.16 1.8
209.93 2.0
211.26 2.5
212.04 1.8
216.04 18.8
217.45 1.9
221.03 2.3
223.25 2.1
224.19 1.2
232.34 2.1
234.20 3.7
235.15 1.9
237.20 1.5
240.30 1.3
243.19 8.3
247.04 1.1
248.19 2.9
251.06 2.4
255.06 1.3
257.11 2.6
258.28 5.0
259.25 4.6
262.30 1.9
266.37 1.6
270.17 1.2
272.09 4.4
275.41 4.0
276.26 18.1
277.38 4.7
280.11 1.6
282.15 8.2
289.16 1.4
291.32 4.3
294.13 5.8
296.00 1.4
299.70 2.7
302.19 2.6
308.01 6.4
309.48 7.0
311.20 4.5
312.17 4.8
314.24 2.4
315.36 4.0
319.07 3.2
323.62 2.3
325.09 4.5
326.27 2.1
327.59 14.6
328.19 1.6
329.23 6.3
331.43 3.4
332.81 8.4
334.25 5.4
336.33 5.2
339.46 2.7
340.61 2.2
341.32 3.1
344.16 3.4
345.28 2.5
346.83 6.4
348.52 1.2
349.31 1.9
352.14 1.5
353.24 8.3
354.37 3.0
355.19 2.7
357.26 9.9
359.96 2.5
362.17 25.3
365.20 2.7
368.19 1.7
370.55 3.7
371.39 4.7
372.26 10.9
374.10 4.9
375.65 8.4
379.13 1.4
380.35 6.0
381.45 4.7
383.80 4.1
387.12 7.3
388.33 3.9
389.87 4.9
391.89 4.6
392.50 8.6
393.31 3.4
396.28 14.2
397.48 6.5
399.23 4.2
401.18 18.6
401.93 13.4
403.16 2.2
405.41 1.0
406.17 1.1
407.06 4.4
409.07 8.2
409.98 4.2
413.24 5.0
414.22 6.3
416.15 5.8
417.02 8.5
417.63 1.6
419.10 1.5
422.36 14.6
423.28 4.1
425.02 1.3
427.26 2.7
428.30 1.9
430.61 3.4
432.29 1.3
433.17 3.2
435.03 3.0
438.34 2.8
439.25 1.2
440.37 5.7
441.55 14.5
443.32 1.3
445.17 2.4
446.28 4.4
447.16 13.3
448.64 20.9
453.90 1.7
454.64 14.3
455.29 3.4
457.29 14.5
458.24 1.9
459.64 1.4
461.48 4.5
462.23 1.3
463.83 9.1
465.52 4.7
466.42 18.2
467.31 2.3
468.24 2.6
473.45 4.8
475.34 20.3
476.42 10.0
477.71 3.6
482.28 2.8
483.46 5.7
486.33 15.0
487.92 3.0
492.19 3.9
496.39 17.8
499.94 5.1
502.36 1.5
504.16 13.0
505.04 1.0
506.31 8.9
509.75 17.6
510.39 10.5
512.21 6.5
513.20 3.5
514.54 9.0
516.18 1.6
517.25 1.7
518.30 36.7
521.74 2.8
522.82 18.3
524.03 8.2
525.41 6.7
526.19 12.7
527.09 9.3
527.90 13.5
530.79 19.0
531.49 12.6
533.45 12.0
534.21 6.8
535.34 7.9
536.27 7.4
537.76 4.1
538.43 1.5
540.64 17.5
542.13 8.8
543.17 31.3
544.27 10.2
545.40 7.7
547.52 1.5
548.39 8.4
549.24 5.5
551.28 65.7
552.30 37.0
553.45 6.8
554.10 1.1
556.10 4.3
558.46 12.2
559.31 3.3
560.46 8.2
561.40 2.0
562.86 11.8
564.07 6.9
565.12 2.5
566.41 13.3
567.42 13.0
568.31 21.1
569.33 23.7
569.99 11.7
571.40 11.2
573.28 1.4
574.88 22.2
576.51 7.2
577.43 3.7
578.43 11.3
579.48 7.1
580.86 7.7
581.90 2.7
582.55 3.9
583.76 8.7
585.51 14.8
586.33 7.4
587.57 109.3
588.61 17.9
590.44 6.4
592.52 6.7
594.40 23.8
595.40 21.3
596.03 5.4
597.13 8.8
598.80 23.9
599.53 5.0
601.23 10.9
603.33 17.4
604.49 4.9
605.57 4.2
608.04 6.4
609.77 15.9
610.54 18.1
611.45 45.5
612.83 22.1
613.69 2.6
614.53 4.1
617.61 14.6
618.44 8.4
620.33 12.8
621.24 5.8
622.22 7.3
625.26 6.5
626.48 20.5
629.36 22.3
630.08 15.0
631.25 1.8
633.72 12.7
634.49 9.1
635.85 8.6
638.25 139.4
639.32 66.0
641.27 8.6
642.08 6.6
644.39 37.3
645.30 13.6
646.82 37.0
648.03 30.2
664.32 15.3
665.34 8.7
666.32 3.4
669.83 4.5
672.53 4.5
673.73 9.1
674.77 1.3
676.59 11.1
677.52 1.1
679.03 6.6
680.14 1.3
681.11 6.3
682.53 22.3
690.50 143.5
691.60 18.3
692.59 8.7
693.49 10.7
694.43 6.0
697.37 1.6
699.51 15.1
703.31 4.7
705.31 3.1
708.67 16.2
710.56 4.9
716.61 4.2
719.98 6.4
722.45 1.2
729.49 9.3
730.62 6.1
734.46 2.8
735.76 8.8
737.39 17.3
738.55 5.1
739.32 2.1
741.43 2.3
743.51 1.2
744.82 3.4
746.35 3.5
747.55 1.9
748.79 7.2
749.92 7.0
750.91 5.1
751.60 2.0
752.84 15.0
753.57 5.2
754.40 5.9
755.12 11.6
758.54 10.0
760.75 2.4
762.46 1.0
763.42 1.0
765.25 12.9
766.96 2.8
768.48 7.9
769.87 12.1
771.61 2.0
773.11 19.9
774.85 7.4
775.66 26.6
776.55 22.3
777.70 6.4
778.53 5.4
780.52 2.8
782.61 1.6
783.63 15.9
784.43 20.1
785.61 5.0
787.53 2.2
789.11 3.1
790.36 10.5
793.40 220.6
794.52 54.8
795.43 10.5
796.54 6.1
798.42 10.8
799.83 2.3
800.51 32.4
801.46 51.7
802.36 16.2
803.57 37.3
806.50 2.0
811.76 1.9
812.83 2.4
814.71 2.6
816.56 3.3
818.51 70.5
819.61 37.9
820.59 9.8
821.74 11.7
822.46 1.6
823.88 2.7
825.61 7.2
828.38 66.1
829.30 17.9
830.57 6.3
833.98 8.3
834.72 2.6
837.50 77.6
838.76 38.0
840.04 2.7
843.93 24.8
845.69 5.1
857.66 2.1
860.02 40.4
861.49 1.8
863.01 1.6
865.46 10.3
866.17 7.8
868.52 1.4
870.64 2.1
876.63 17.9
877.45 5.7
878.45 12.4
879.22 2.5
880.60 6.0
881.55 2.4
884.42 3.0
886.77 196.8
887.60 6.7
888.56 3.2
889.49 2.3
891.42 3.7
892.16 1.6
893.55 4.2
897.34 11.9
898.92 4.2
902.06 3.7
902.81 3.6
906.02 27.9
906.63 72.4
907.49 37.6
908.68 7.8
910.73 22.4
911.52 1.7
912.82 3.1
913.69 4.0
915.34 280.8
916.34 42.3
917.14 4.9
919.67 44.4
920.50 16.7
922.69 1.9
924.58 3.6
926.66 3.3
931.52 79.4
932.75 19.8
933.64 3.6
939.27 1.6
941.81 1.2
946.71 3.5
953.17 1.2
954.19 1.6
956.42 1.1
960.13 1.1
962.63 1.7
970.89 2.0
989.75 1.9
991.51 1.3
992.68 6.0
993.86 3.3
1005.69 5.7
1008.05 4.6
1011.96 2.4
1017.57 10.2
1018.51 11.1
1019.55 5.0
1024.62 9.5
1025.38 3.3
1026.72 6.4
1027.66 6.1
1035.59 111.6
1036.62 27.1
1040.07 1.3
1042.85 7.9
1043.75 11.6
1046.80 3.1
1049.54 4.3
1050.72 1.5
1057.34 2.9
1060.58 33.9
1061.55 10.4
1062.70 4.5
1065.90 2.1
1069.70 4.1
1070.40 5.6
1078.39 2.0
1102.47 4.6
1105.54 5.3
1109.56 3.9
1112.47 1.4
1117.33 2.0
1128.65 2.3
1130.66 4.5
1137.68 5.1
1140.48 2.4
1148.47 14.5
1149.67 17.5
1155.76 6.4
1156.44 4.4
1164.04 4.8
1165.18 1.4
1169.55 2.3
1173.90 27.3
1174.97 10.5
1188.69 3.4
1191.58 2.8
1217.58 4.1
1250.62 2.9
1252.51 3.0
1258.91 3.9
1259.68 1.1
1266.49 1.4
1273.98 4.6
1276.94 5.6
1277.70 5.7
1285.74 1.7
1288.90 8.0
1294.83 3.9
1302.70 10.2
1312.91 4.2
1384.46 5.0
1415.94 5.7
1468.10 4.0
1492.03 7.8
1492.92 3.8
1509.31 2.5
1691.91 3.6
