1187.70171 2
170.15 1.6
171.00 1.3
176.23 1.2
178.29 1.5
181.24 1.3
183.34 1.4
185.15 9.5
186.26 4.5
187.25 17.5
195.32 12.1
196.20 11.1
197.23 5.6
202.20 2.0
204.23 7.0
205.22 2.8
211.20 32.4
212.25 41.1
213.15 16.8
214.27 10.6
215.12 27.4
216.24 8.0
217.05 5.6
218.10 2.5
225.33 1.8
226.08 1.5
227.12 3.6
228.35 10.6
229.61 16.8
230.29 81.6
231.24 26.9
233.24 2.3
235.98 2.9
239.20 10.0
241.55 1.1
242.81 6.2
245.22 5.0
248.30 305.9
249.22 29.0
251.27 2.2
252.24 2.8
253.38 2.9
255.10 4.6
256.25 28.2
257.51 5.0
258.30 10.4
259.44 7.1
260.31 5.1
261.25 4.4
266.17 6.5
266.90 3.3
270.16 1.6
271.35 7.5
272.27 2.4
273.45 1.9
274.43 4.0
276.47 6.3
280.30 7.7
281.42 1.2
282.34 14.7
287.22 1.8
289.63 4.9
292.96 9.1
296.17 1.9
298.05 16.8
302.05 5.7
303.26 4.7
307.76 2.5
308.42 12.9
309.28 1.1
310.41 5.9
313.09 2.3
316.26 16.1
317.56 3.5
319.20 1.5
320.39 2.6
322.74 4.5
324.54 3.9
325.30 8.9
326.32 29.0
327.37 2.2
328.28 4.4
330.35 2.6
331.94 2.7
334.42 5.9
335.05 5.7
336.35 3.3
338.13 4.8
341.24 24.5
342.30 8.8
343.24 29.0
344.12 15.4
346.04 1.7
347.73 6.8
349.96 2.4
351.31 13.0
352.45 4.6
353.39 2.7
355.08 11.6
356.31 5.5
360.49 11.1
361.40 123.6
362.37 16.3
365.48 4.1
366.29 7.7
368.48 1.8
369.31 90.7
370.20 14.3
371.54 1.4
372.31 5.9
373.22 2.2
374.21 2.4
375.19 1.9
375.80 14.3
377.92 4.0
379.09 5.7
380.22 1.7
382.30 5.8
383.02 13.4
384.18 10.1
384.99 7.7
386.23 31.7
387.91 3.0
391.50 83.1
392.59 5.1
393.29 6.8
394.42 3.0
396.06 12.9
396.67 5.3
397.40 2.9
398.82 1.3
399.73 11.4
401.24 8.7
405.23 96.8
405.91 31.8
406.59 10.0
408.64 6.2
409.38 2.3
411.38 8.0
412.40 53.2
413.28 3.2
414.31 44.6
414.98 32.5
416.21 4.6
417.44 3.1
418.31 1.8
419.20 5.4
422.43 4.3
423.20 2.3
423.96 3.5
425.47 8.9
427.17 17.3
429.15 6.2
430.35 3.4
432.40 5.7
433.75 3.2
435.79 4.4
437.39 4.4
438.29 5.5
439.29 15.0
440.49 9.4
441.55 1.8
442.57 5.4
443.22 6.9
444.35 12.3
445.40 11.1
446.51 4.9
447.92 42.5
448.72 5.1
452.93 27.2
453.87 17.8
455.03 3.2
456.03 14.4
456.73 5.4
457.53 11.9
458.97 2.8
460.34 7.8
462.30 158.4
463.50 8.5
464.84 20.7
466.45 13.5
467.35 87.8
468.19 4.5
468.85 7.3
471.09 4.2
472.17 28.2
473.21 10.2
474.21 6.7
475.34 3.8
477.39 11.0
478.32 5.0
480.25 30.8
481.17 6.4
482.34 10.0
483.25 4.3
484.35 1509.0
485.45 212.4
486.41 1.0
487.46 8.8
488.30 5.5
489.29 7.8
490.23 19.0
491.50 3.5
492.91 8.5
493.61 4.4
494.80 7.7
495.56 2.5
496.30 4.2
497.13 3.4
498.39 24.8
499.14 40.2
499.90 10.1
501.22 10.6
502.38 17.3
503.59 25.9
504.22 14.6
505.16 4.6
507.31 3.2
508.48 3.6
510.12 1.5
511.44 2.1
512.42 50.3
513.20 42.4
514.04 11.9
515.26 5.7
516.16 3.0
517.47 4.6
518.36 3.5
520.21 20.2
521.49 280.0
522.35 17.8
523.13 4.8
526.47 14.0
528.42 14.4
529.43 25.7
530.85 20.2
532.06 4.7
532.73 8.5
533.72 10.4
534.76 27.9
536.11 15.3
537.25 19.1
537.95 3.9
539.64 5.8
540.52 26.4
541.49 10.8
542.84 9.6
543.58 5.6
546.25 1.4
547.19 2.3
548.31 7.0
549.23 10.4
550.29 8.4
551.38 10.6
552.74 2.3
553.66 7.8
554.67 25.6
555.39 27.8
556.02 1.6
557.54 33.6
558.54 38.4
559.32 17.9
560.07 9.6
562.13 18.2
563.06 29.3
563.88 61.1
564.88 16.8
565.49 8.5
566.66 7.0
567.90 42.0
569.59 10.6
570.27 4.7
572.36 107.7
572.97 16.6
575.46 266.9
576.61 388.7
577.42 43.7
578.29 15.8
579.12 4.9
581.71 23.1
582.46 17.5
583.30 1.8
585.61 1454.6
586.51 76.1
588.02 6.2
590.14 3.1
594.79 2.9
613.37 316.3
614.37 65.8
615.42 8.3
617.22 4.6
618.40 4.2
622.65 1.3
623.53 5.8
629.66 5.3
631.25 8.8
632.57 9.6
633.18 2.5
634.59 2.0
635.76 2.1
638.42 1.8
640.29 1.2
641.19 12.4
642.67 2.8
643.54 1.2
647.48 1.3
649.79 1.7
653.62 4.8
654.23 6.3
656.04 3.2
659.30 1.4
660.46 20.4
661.41 3.2
663.28 2.6
667.01 6.0
667.72 6.0
668.51 19.9
669.44 1.8
675.88 7.9
676.53 1.0
678.64 2.7
680.52 2.2
681.40 4.2
685.47 1.9
686.46 219.5
687.50 74.2
690.12 3.4
692.29 7.1
696.50 14.9
697.30 3.0
698.60 50.0
699.64 9.8
701.72 3.0
704.44 762.7
705.53 231.8
708.52 19.5
709.55 8.1
710.59 1.2
714.80 2.1
715.45 5.9
722.52 10.9
723.50 2.5
724.51 2.2
726.46 288.1
727.53 78.0
728.39 1.3
729.39 2.6
730.69 6.7
731.74 14.3
732.77 2.1
736.10 1.9
737.47 2.8
739.44 1.6
740.41 9.0
741.25 3.1
742.29 4.1
743.46 12.1
744.46 25.6
746.63 1.3
747.71 1.1
750.50 8.3
752.75 3.0
754.54 1.7
755.79 1.0
756.84 5.6
758.12 7.7
761.16 6.7
766.42 10.2
767.76 2.5
768.56 5.6
772.61 9.6
776.83 8.3
777.53 2.5
781.56 4.8
782.93 21.5
783.60 97.9
784.59 31.1
786.48 4.3
789.55 9.6
791.35 15.9
792.45 30.1
793.48 6.3
794.67 4.6
797.98 5.9
799.51 33.5
800.48 10.2
801.43 11.9
802.43 12.5
809.51 515.4
810.56 123.2
811.68 9.1
819.51 54.8
820.47 13.9
821.62 2.1
822.30 2.0
827.49 499.3
828.52 127.9
829.61 1.4
833.43 2.8
844.70 3.1
845.82 1.8
853.50 2.8
857.50 1.8
860.84 3.9
862.44 2.6
863.84 3.5
865.63 1.9
868.50 13.7
869.46 6.9
871.56 1.9
872.71 6.0
873.76 3.5
876.55 4.3
879.42 27.8
881.49 17.1
882.64 8.9
883.37 2.0
884.56 3.0
886.61 1.0
889.44 3.2
895.37 26.2
896.62 163.5
897.56 45.0
898.68 1.8
899.63 4.4
902.28 1.7
905.13 6.0
906.64 5.4
910.71 2.5
912.53 194.0
913.66 72.1
914.63 12.6
922.54 143.5
923.59 97.8
924.52 22.5
925.49 6.3
927.64 2.9
928.74 14.9
932.55 52.0
933.39 15.5
940.56 830.5
941.68 207.0
944.42 8.0
946.73 1.9
953.94 1.6
956.35 1.6
957.38 1.3
958.88 5.0
963.62 6.1
964.74 7.5
965.78 1.5
969.71 13.1
972.26 1.0
975.67 5.6
979.58 10.8
980.66 10.8
981.34 3.4
986.78 1.5
987.59 4.2
988.75 3.5
995.64 9.1
997.05 31.1
997.72 181.8
998.79 64.1
1005.61 8.6
1006.71 15.0
1012.52 4.2
1013.75 62.6
1014.87 23.6
1016.90 2.0
1023.61 243.3
1024.73 130.9
1025.94 6.8
1031.73 100.9
1032.66 22.9
1035.52 5.0
1040.41 2.1
1041.61 380.3
1042.57 170.6
1052.62 5.6
1058.81 24.8
1059.74 129.5
1060.70 36.7
1091.49 1.7
1092.87 4.0
1093.69 3.5
1110.87 4.2
1128.67 78.6
1129.80 15.3
1130.90 2.3
1144.22 6.1
1144.83 1.3
1149.48 4.6
1165.10 1.6
