1457.66789 2
203.08 8.4
214.65 2.5
215.27 9.4
216.33 1.4
218.11 3.9
219.25 1.8
226.30 3.1
230.25 4.0
231.07 2.4
232.91 2.1
236.22 2.2
240.19 7.2
241.05 4.5
242.34 10.4
245.14 3.1
247.21 5.7
248.08 4.0
254.16 1.6
255.44 11.7
260.31 23.4
261.11 3.3
262.04 4.5
263.04 1.3
271.99 4.6
273.17 1.9
276.02 1.9
277.22 2.2
282.24 2.5
283.34 4.0
286.22 22.1
287.27 3.1
293.18 4.2
294.26 27.0
295.22 1.3
296.12 1.5
297.07 1.5
298.32 4.1
300.07 8.5
304.34 2.8
306.17 4.4
310.11 14.1
314.12 1.2
317.91 2.4
320.09 6.4
322.40 2.5
323.23 3.7
328.50 4.6
330.22 1.5
332.13 4.1
333.29 5.2
339.28 4.2
344.22 3.5
345.34 1.1
350.58 5.4
351.55 3.0
352.16 1.8
353.34 11.5
354.44 2.0
355.31 2.0
358.06 3.6
360.18 2.9
361.21 3.0
362.33 7.8
363.34 3.5
364.26 2.1
365.43 5.8
367.51 6.5
368.74 3.2
369.41 3.1
370.91 27.2
372.26 2.4
373.12 1.4
374.23 6.3
375.39 4.4
376.29 12.5
377.47 18.1
381.12 22.1
382.21 1.2
383.33 4.1
384.29 2.5
385.97 3.4
389.23 3.5
390.27 1.7
391.47 4.8
392.24 3.0
393.39 3.0
394.45 1.6
395.40 1.5
399.08 8.2
401.39 6.3
402.55 1.1
403.34 1.7
404.42 3.0
409.23 15.3
410.25 2.5
411.09 4.7
412.44 1.2
416.23 1.9
419.26 2.0
422.34 3.7
423.58 4.8
424.33 2.4
427.33 2.6
428.14 2.8
429.03 6.4
429.93 2.0
433.30 4.3
434.48 2.6
435.42 1.7
436.10 3.4
437.23 4.9
438.25 1.2
440.02 2.2
441.24 79.3
442.17 19.4
443.28 2.0
447.29 16.2
448.18 3.2
450.36 5.6
453.23 3.1
454.27 4.0
456.47 4.0
458.32 4.1
461.36 1.6
463.51 1.3
465.46 24.1
466.07 1.5
467.48 2.5
468.53 3.6
469.37 1.6
472.42 1.6
474.36 5.3
475.04 1.4
477.62 1.1
479.54 1.2
480.16 2.0
482.37 16.3
484.37 2.4
485.10 1.7
488.59 6.2
489.33 4.2
491.38 24.8
492.58 18.2
493.55 4.0
494.44 4.2
495.43 8.4
498.34 16.3
499.19 6.0
500.33 5.4
501.03 7.0
502.09 5.3
503.82 4.2
505.17 7.9
506.24 1.2
509.42 5.1
510.31 6.9
511.21 3.4
512.48 5.8
513.24 1.7
515.52 3.2
516.28 10.8
517.59 3.5
518.27 23.1
519.28 11.1
520.36 5.9
521.27 11.2
523.27 6.8
523.91 3.4
524.52 1.2
525.46 6.1
526.85 6.2
527.63 3.8
528.33 22.4
529.39 6.5
530.65 50.0
531.43 4.4
532.79 8.8
536.63 7.8
537.46 3.1
538.32 27.6
539.32 14.3
540.44 3.0
541.28 3.7
541.93 2.8
543.23 8.0
544.24 4.0
545.48 3.0
546.25 32.2
547.07 7.5
549.48 2.1
552.14 4.2
553.64 4.9
555.29 196.3
556.37 52.9
558.30 6.2
559.36 3.5
561.71 3.4
562.37 3.5
563.35 3.0
564.06 4.5
564.96 2.5
566.11 3.2
569.95 1.6
571.48 2.3
572.44 8.3
573.29 2.0
574.32 5.1
575.94 3.8
577.34 6.6
578.19 3.2
578.95 13.9
579.78 1.3
581.24 9.2
581.94 4.8
583.97 18.0
585.46 6.2
587.00 75.9
590.49 21.1
591.24 8.4
593.11 3.7
595.56 11.9
596.30 2.3
597.52 19.2
598.39 12.0
599.67 11.4
600.64 3.8
601.39 7.8
603.97 9.3
604.67 11.4
606.21 4.3
607.04 13.3
608.15 12.8
609.29 12.4
611.33 5.5
611.95 2.3
612.69 10.9
613.74 3.7
614.59 5.4
615.24 10.7
616.19 37.4
616.97 6.2
617.85 6.4
618.99 13.4
619.65 6.9
620.32 7.7
621.34 3.3
622.49 95.9
623.29 5.7
624.40 7.1
625.56 9.9
626.57 1.1
628.42 19.7
632.05 4.4
633.37 6.0
634.70 6.5
635.96 5.6
637.25 5.7
638.61 4.7
639.88 2.1
641.83 21.4
643.25 24.4
644.87 34.1
645.68 9.4
646.81 7.1
647.82 23.5
649.38 12.2
650.18 2.6
651.45 20.6
652.18 8.0
653.27 11.2
654.20 11.4
656.54 28.0
657.44 24.0
658.08 16.5
658.76 11.3
659.88 9.7
661.09 28.1
662.05 12.6
662.95 21.4
664.66 31.0
665.55 22.6
666.20 10.9
667.62 23.3
668.50 54.6
669.46 11.7
670.25 18.3
671.53 26.3
672.41 22.5
673.38 5.7
674.31 5.4
675.12 5.9
675.92 1.2
676.96 11.2
677.57 27.9
678.17 2.7
679.84 23.0
680.50 5.4
681.49 8.3
683.46 17.2
684.10 13.0
685.56 8.0
688.40 29.0
689.35 42.0
690.31 10.5
691.14 12.6
691.81 1.7
693.19 11.3
693.81 7.0
694.41 29.6
695.24 14.6
696.19 5.9
697.61 149.9
698.58 41.1
699.79 28.7
701.36 20.8
703.00 22.3
705.58 5.3
706.31 8.6
707.18 19.2
708.11 9.5
709.16 14.2
711.04 169.1
711.79 165.4
712.52 70.3
713.51 21.5
714.90 23.6
715.85 3.9
716.92 41.4
718.31 9.3
720.05 71.8
720.95 19.7
722.55 9.7
735.58 4.0
737.76 2.9
740.37 6.0
745.65 4.0
749.40 5.8
753.52 16.4
762.41 5.7
765.47 2.5
768.58 2.1
769.67 2.1
772.22 40.5
773.16 8.1
774.59 3.5
777.63 1.4
778.43 1.6
779.58 7.7
780.45 7.2
783.43 5.7
785.44 1.5
786.47 11.4
788.09 12.2
788.77 1.7
789.93 16.5
790.62 20.6
791.41 5.4
792.59 10.6
793.91 15.9
795.54 1.6
797.53 49.6
798.35 28.9
800.34 6.8
800.97 6.1
802.52 5.6
803.84 4.1
804.55 6.3
805.52 2.5
810.00 11.7
812.56 3.0
814.20 3.5
818.18 1.7
819.26 2.6
820.98 10.7
821.59 5.9
824.00 1.9
825.00 3.3
826.57 7.8
827.38 2.2
828.65 4.3
830.35 9.9
832.45 17.6
833.43 10.2
836.46 6.4
838.63 4.9
839.60 16.1
840.46 1.2
841.64 5.6
848.00 16.3
848.74 11.9
849.74 25.4
852.45 5.6
853.14 3.7
855.67 9.0
857.78 1.7
859.14 13.0
860.60 3.5
861.78 3.3
862.54 3.5
864.48 19.2
865.53 2.4
867.31 4.8
870.47 4.7
871.62 2.5
874.27 6.9
875.67 3.5
877.16 11.4
878.25 16.1
880.45 6.6
882.93 3.4
884.85 9.5
885.54 39.3
886.55 12.6
889.66 3.2
891.66 10.6
894.68 9.9
895.52 9.3
896.20 18.3
900.20 18.8
901.43 10.0
903.37 66.2
904.43 23.7
906.01 7.7
907.00 12.8
911.46 5.0
912.51 203.3
913.51 49.6
914.98 3.8
916.05 22.3
916.80 13.6
919.58 2.4
924.80 27.1
929.41 1.1
930.42 4.0
931.55 9.1
933.50 1.4
934.83 5.5
936.66 4.8
937.28 1.2
938.34 8.8
943.52 10.6
945.50 6.8
946.38 2.2
947.58 2.2
948.57 1.9
950.60 4.5
951.57 1.8
953.31 5.2
954.57 4.9
955.38 10.5
957.67 10.3
958.47 2.9
960.41 4.7
961.57 4.5
964.22 145.6
969.62 5.4
978.30 6.2
979.60 6.8
981.35 2.7
982.67 21.0
983.86 3.4
984.95 10.2
985.69 6.3
986.85 12.3
987.87 3.6
989.48 1.6
990.63 2.2
991.68 6.1
993.98 1.3
994.60 19.2
995.44 22.3
996.44 9.4
998.41 2.2
999.27 5.5
1000.59 14.4
1003.15 8.3
1005.72 4.7
1006.64 2.1
1013.63 8.2
1014.25 4.0
1016.01 14.6
1016.65 8.2
1017.52 33.3
1018.59 22.5
1020.55 25.3
1022.17 5.0
1023.57 2.8
1024.39 25.2
1025.14 54.4
1029.76 2.1
1033.35 3.7
1035.66 1.9
1039.76 9.9
1041.41 3.8
1042.79 16.5
1044.97 5.5
1049.34 3.0
1050.69 3.0
1052.25 1.9
1054.49 5.2
1059.50 164.3
1060.60 52.3
1061.24 2.3
1067.77 2.1
1074.52 1.5
1079.45 1.4
1080.71 9.9
1083.58 2.5
1085.73 1.3
1091.88 4.9
1092.73 4.4
1096.39 2.3
1097.46 8.9
1101.41 3.3
1104.78 1.8
1106.33 2.0
1110.66 1.1
1111.98 4.0
1122.46 4.1
1124.57 10.5
1125.65 1.9
1126.33 1.1
1127.78 3.4
1129.35 10.7
1131.59 7.1
1137.78 1.3
1138.70 2.3
1145.58 1.9
1146.25 12.3
1147.58 31.8
1153.48 3.6
1155.69 3.4
1158.79 2.4
1160.28 2.1
1163.31 1.7
1164.35 13.7
1165.57 4.8
1166.29 5.9
1167.80 3.3
1168.54 3.5
1169.88 6.3
1173.00 21.5
1173.72 13.7
1177.79 5.7
1179.79 6.3
1180.64 2.7
1186.88 1.6
1191.52 4.2
1193.88 2.6
1195.35 1.3
1199.61 6.5
1202.69 3.9
1206.20 1.1
1207.02 2.7
1208.38 1.2
1210.35 3.5
1212.19 4.3
1213.33 2.5
1215.52 1.2
1217.93 3.0
1222.73 1.6
1225.76 4.2
1227.81 1.6
1233.36 2.2
1235.46 5.6
1238.37 6.5
1240.02 2.0
1243.46 6.2
1244.57 7.3
1247.65 1.6
1265.67 10.6
1266.94 1.7
1271.95 1.9
1275.49 2.3
1277.15 8.5
1282.69 2.5
1288.77 3.5
1290.57 2.1
1293.92 27.4
1294.87 4.9
1295.48 9.5
1301.67 1.3
1306.80 2.7
1311.06 12.8
1311.78 3.6
1312.86 10.6
1327.69 3.4
1329.61 1.6
1330.65 4.1
1358.72 8.3
1359.62 2.8
1361.67 2.6
1367.84 1.1
1368.83 5.0
1369.71 5.5
1410.56 1.8
1419.16 3.5
1420.72 2.9
1437.02 4.3
