1059.55779 2
153.34 2.7
157.17 2.4
158.18 2.2
164.11 7.4
168.84 3.4
175.22 16.5
181.11 24.9
185.14 1.8
187.45 4.0
188.38 1.4
189.10 2.8
191.14 3.6
196.25 1.0
198.23 16.0
199.21 19.0
200.18 1.8
203.25 3.2
210.20 2.5
212.20 3.7
213.77 4.2
216.19 174.4
217.18 12.2
226.10 2.0
228.96 1.5
242.22 17.5
244.07 2.0
248.15 2.5
249.34 3.9
251.22 7.1
254.63 1.2
259.20 2.2
260.24 6.0
261.02 1.8
264.33 4.3
266.20 3.8
270.51 3.1
271.42 8.2
272.28 9.8
273.99 1.2
276.17 7.4
277.37 3.0
278.34 3.4
283.61 1.7
284.50 7.8
285.11 2.5
286.41 3.2
287.07 2.1
288.29 6.0
289.26 43.2
293.33 3.1
294.29 4.1
299.05 4.7
301.08 3.1
303.98 2.0
311.35 14.5
312.34 14.5
313.55 3.3
315.46 1.7
322.20 3.6
326.86 1.9
329.29 83.9
330.12 5.1
333.21 1.8
333.91 2.0
335.04 4.3
337.41 1.0
344.35 3.0
346.13 11.9
347.19 3.8
348.33 3.0
350.23 1.8
353.34 6.4
355.27 12.7
357.33 10.6
359.02 12.3
361.59 1.9
362.39 2.3
367.34 2.4
369.22 8.2
370.30 2.6
372.44 3.7
374.38 1.1
375.42 1.9
377.23 6.7
378.31 5.3
379.95 9.3
381.27 6.0
382.34 10.4
383.31 1.5
386.37 1.1
388.39 1.2
390.40 5.1
392.14 5.5
393.03 5.6
393.77 3.3
395.21 5.6
397.57 1.1
398.59 3.8
399.43 8.3
402.33 6.7
403.29 108.9
404.25 15.3
405.43 3.4
409.18 6.2
410.21 4.3
411.73 4.8
413.69 6.4
416.03 108.3
417.22 14.5
417.85 9.9
421.15 2.9
421.86 15.3
422.90 54.4
425.52 16.8
426.40 14.2
427.25 1.8
429.40 5.8
435.10 3.6
436.14 10.4
437.08 11.7
438.25 17.1
439.65 28.2
440.41 14.4
441.55 2.4
442.19 11.9
443.25 6.5
443.98 7.0
445.27 13.2
446.05 7.3
446.87 5.7
447.78 3.4
449.34 2.9
450.51 21.9
451.51 8.1
452.38 6.8
454.65 2.4
455.73 6.9
457.23 44.1
458.27 21.1
461.27 3.3
461.88 4.7
462.76 6.8
463.98 3.8
464.95 20.3
465.76 21.7
466.61 10.1
467.28 11.5
469.02 12.3
470.11 12.2
472.13 5.7
473.28 27.8
474.19 15.6
477.49 51.3
478.56 24.7
480.85 28.0
482.17 5.9
483.50 5.1
484.23 5.8
485.11 6.8
486.36 12.2
487.43 14.2
488.46 21.5
490.28 497.2
491.33 69.7
492.38 4.2
493.23 2.2
494.25 18.7
495.24 35.1
496.55 19.1
497.57 6.3
498.20 8.2
499.75 28.0
500.72 6.4
501.78 1.9
502.87 14.1
503.75 82.4
504.42 47.5
505.47 13.1
507.57 28.9
508.26 27.1
509.35 16.5
511.65 19.4
512.70 197.9
513.41 155.1
514.46 4.7
515.16 23.8
517.10 5.9
518.61 43.2
519.26 13.0
521.14 60.4
521.95 41.2
534.93 1.7
535.82 6.4
536.54 1.9
537.38 4.4
538.15 7.8
542.42 4.7
543.64 6.7
552.35 41.9
553.45 57.3
554.36 6.3
561.28 3.5
568.51 3.6
570.38 151.2
571.51 32.9
574.62 3.1
576.17 4.6
578.38 13.9
580.84 10.6
586.34 1.9
587.56 6.1
596.24 4.7
597.67 2.2
603.41 285.9
604.44 66.7
614.60 11.7
616.18 9.0
616.99 11.9
617.59 6.8
619.63 1.8
620.33 1.4
621.47 6.1
622.34 4.4
623.34 2.2
625.10 1.4
627.67 1.3
628.56 1.2
629.52 3.0
630.68 5.4
631.76 3.2
633.26 4.8
635.52 4.2
636.40 1.8
639.49 9.0
640.37 5.1
641.19 3.3
650.85 1.5
652.59 5.0
656.36 4.5
657.58 31.0
658.47 3.6
662.22 4.6
670.52 8.1
672.62 4.0
674.70 1.4
677.81 5.2
683.39 2.6
685.33 2.5
686.16 3.0
687.45 6.2
688.69 10.6
694.32 4.6
695.43 18.8
703.77 3.1
705.29 2.3
707.81 2.4
713.38 17.6
714.64 6.2
715.59 6.3
719.42 10.5
723.99 8.0
730.19 7.2
731.46 254.1
732.43 44.7
733.39 11.6
735.04 3.5
736.68 7.0
737.49 2.8
742.57 1.5
746.38 4.6
748.29 7.3
751.30 9.0
753.56 17.8
754.50 3.8
760.76 1.4
763.66 1.3
764.51 3.9
766.53 1.7
769.03 3.4
770.43 3.8
771.41 9.0
772.54 8.6
773.34 3.7
774.32 3.5
781.38 1.9
788.61 4.5
790.50 17.0
793.12 4.5
797.74 3.7
800.47 2.7
802.35 2.4
805.11 1.3
813.12 3.8
814.42 1.5
815.30 2.1
817.25 4.2
822.74 3.3
824.06 3.1
826.47 3.5
827.55 19.5
828.71 1.9
829.50 3.1
831.66 2.5
832.40 3.6
833.31 1.7
841.29 10.2
842.14 2.8
843.49 7.1
844.52 366.8
845.53 101.8
847.47 3.6
848.33 2.6
850.39 3.5
856.34 1.3
860.94 4.2
861.58 1.1
864.05 2.1
867.69 5.9
868.70 3.7
885.29 6.8
902.56 3.8
903.37 1.0
904.63 8.2
907.72 3.1
911.39 4.2
912.57 6.7
913.20 1.2
914.52 3.3
920.72 8.3
927.21 2.8
928.42 7.5
929.44 1.7
930.25 4.2
931.82 10.5
958.76 5.0
983.91 3.4
998.65 3.3
1021.51 4.5
1038.46 3.6
