1379.72893 2
195.15 2.3
196.19 3.8
197.21 12.5
198.01 5.4
199.16 13.1
201.70 2.5
206.20 18.7
208.47 3.0
210.08 5.9
211.52 1.9
213.41 2.3
214.20 17.0
215.23 5.5
216.20 3.5
216.89 4.0
218.06 5.2
219.19 3.8
221.23 7.7
223.21 53.1
224.02 3.9
224.99 10.5
226.15 3.9
228.26 1.9
229.36 4.9
231.19 1.2
232.01 4.9
233.25 6.3
234.25 2.7
235.54 1.1
237.19 37.3
238.21 5.7
240.04 18.1
241.23 149.8
242.18 11.3
243.23 12.7
245.94 2.5
247.41 3.1
250.52 1.8
251.91 4.1
253.16 3.4
254.14 1.4
256.31 13.0
258.22 127.5
259.17 14.2
261.73 8.0
262.34 5.1
264.38 1.1
265.20 28.4
266.02 7.5
267.23 4.8
268.28 11.2
270.23 3.1
272.20 13.4
273.25 3.9
275.25 2.7
276.30 8.1
278.31 8.3
279.23 18.0
280.18 3.6
281.25 2.3
282.15 2.3
283.30 2.7
286.33 11.6
287.18 5.3
290.20 7.5
291.35 10.5
292.15 7.2
293.14 7.0
294.27 3.6
295.38 3.9
296.02 4.8
299.15 5.4
300.17 3.0
301.11 1.8
302.20 1.3
303.23 10.4
304.28 8.5
307.07 1.4
308.19 20.7
309.38 14.4
310.28 13.6
311.44 11.4
312.16 5.6
316.13 8.0
317.25 3.8
318.20 26.4
319.36 22.7
320.42 23.3
321.22 99.3
322.15 12.3
326.17 22.1
327.32 10.5
328.52 1.4
330.91 1.0
333.40 1.3
334.18 7.8
335.17 1.3
336.31 36.4
337.40 11.6
338.24 94.8
339.30 18.7
340.23 2.1
341.16 6.5
343.27 30.4
344.60 8.6
345.37 6.0
346.14 10.6
348.59 9.9
350.35 8.4
351.23 5.4
352.21 17.8
353.25 25.5
354.20 39.7
355.18 10.5
356.33 6.4
358.11 3.5
360.17 30.3
361.61 11.8
362.30 4.8
363.23 2.3
365.39 2.6
368.54 5.8
369.31 10.2
370.17 22.1
371.17 76.8
372.30 11.7
375.20 4.2
376.19 7.0
378.37 12.2
379.24 17.5
381.80 2.8
382.71 9.9
383.84 7.9
385.09 1.5
386.48 9.0
387.33 9.8
388.40 4.3
390.06 27.8
391.18 5.1
392.10 12.5
393.26 13.0
394.28 3.6
395.47 9.2
396.89 21.8
398.33 1.9
399.24 2.2
400.46 8.7
401.37 2.7
404.15 65.7
405.29 11.5
406.24 9.9
407.46 4.5
410.33 5.9
411.36 9.9
414.01 8.5
415.33 6.0
417.06 1.1
419.49 1.5
420.27 2.8
421.57 52.1
422.29 87.4
423.26 13.1
424.23 15.4
425.13 3.7
426.83 36.5
428.35 8.7
429.30 11.4
430.23 8.1
431.02 22.2
432.06 9.5
433.06 10.5
433.84 3.8
435.79 9.5
436.46 4.5
437.19 10.0
438.29 14.2
439.26 150.5
440.31 44.3
441.54 9.5
443.05 4.8
445.43 3.9
447.37 29.3
448.13 15.0
449.19 30.7
453.15 2.4
454.04 10.1
455.20 19.3
456.41 51.3
457.41 1.6
458.44 16.5
459.74 6.6
461.26 10.7
462.58 25.6
463.29 4.2
464.25 2.5
465.33 26.8
466.30 32.2
467.06 9.1
468.37 6.4
469.52 6.4
470.24 6.2
471.44 2.2
472.39 138.7
473.31 43.7
475.30 15.2
476.39 10.9
477.10 11.0
479.11 68.3
480.23 27.1
481.22 35.9
482.27 35.5
483.39 43.4
484.49 22.5
487.21 3.1
488.26 6.1
489.26 4.3
489.96 2.1
492.47 50.6
493.42 87.3
494.56 25.1
495.25 40.5
496.17 20.8
497.16 24.9
499.00 20.8
500.30 384.5
501.36 126.1
502.07 14.5
504.06 10.9
504.78 4.6
505.56 6.4
506.36 2.3
507.75 20.2
508.49 10.6
510.31 305.2
511.27 60.3
512.61 34.4
513.28 106.4
514.17 19.2
515.29 6.4
516.28 8.2
517.26 5.5
518.42 5.0
519.80 6.9
520.54 3.7
521.97 18.0
523.21 10.0
524.05 2.3
525.42 3.3
527.19 23.3
528.49 12.7
529.34 4.2
530.05 3.1
530.96 10.2
532.20 6.2
533.50 3.3
534.37 1.7
535.64 5.5
537.42 10.7
538.28 7.8
538.92 13.9
540.15 10.4
541.29 3.3
542.08 5.3
543.43 9.4
544.09 12.2
545.06 19.4
548.60 6.8
549.32 12.3
550.47 9.8
553.03 3.7
555.25 70.1
556.24 16.4
557.75 4.3
558.59 9.1
559.58 10.3
560.27 3.1
561.37 8.2
562.51 10.9
563.57 12.1
564.30 4.0
566.09 17.9
567.21 17.8
568.65 17.6
570.11 28.8
571.45 7.3
572.08 8.7
573.02 9.5
573.79 7.7
576.04 58.9
576.98 44.0
578.25 5.8
579.44 19.7
580.55 37.7
581.25 40.5
582.17 10.2
583.24 148.9
584.23 48.4
585.39 3.3
586.26 4.0
587.16 10.6
588.44 16.6
589.18 16.8
591.26 7.5
592.24 7.2
593.18 14.6
594.67 24.2
595.51 7.4
596.40 1.0
597.76 5.5
598.50 9.7
599.18 44.2
600.31 26.9
601.37 13.1
602.24 21.5
603.01 15.4
603.92 18.1
605.11 36.2
606.11 28.6
607.14 19.8
608.58 4.9
609.25 4.1
610.20 4.9
611.20 36.7
612.51 9.8
613.36 11.5
614.10 9.0
615.39 12.7
617.13 11.7
618.04 6.4
618.67 1.9
619.77 1.2
621.55 25.6
622.57 59.9
623.42 659.7
624.45 185.8
625.58 6.9
626.59 5.4
627.40 5.3
628.41 146.5
629.50 62.8
631.27 168.3
632.09 61.0
633.02 5.6
633.69 23.4
634.60 21.6
635.57 6.8
636.65 4.5
637.57 15.2
638.51 13.8
639.85 61.7
640.47 56.7
641.89 7.7
642.61 6.8
643.46 23.9
644.78 47.4
646.39 125.8
647.27 44.8
647.98 8.0
648.92 18.5
650.73 84.7
651.59 182.5
652.60 32.4
653.92 8.2
655.12 10.1
656.01 27.5
657.28 30.9
658.17 101.4
659.60 279.3
660.43 78.9
661.18 45.5
662.45 13.8
663.19 4.6
664.13 101.8
665.11 54.2
666.48 16.1
668.63 2297.2
669.71 80.8
671.28 4.4
672.52 253.1
673.24 995.7
674.22 116.8
675.64 8.5
676.55 1.0
678.52 2.9
679.33 5.4
680.34 4.0
681.59 578.4
682.53 53.1
685.54 3.4
695.66 19.7
696.33 5.3
699.51 1.5
705.22 13.5
706.52 2.9
708.62 3.7
709.64 5.5
711.54 30.6
712.76 18.8
713.53 49.1
714.54 9.5
716.28 8.2
717.60 1.0
721.26 2.3
722.79 11.7
723.61 17.4
724.48 6.6
726.50 12.4
729.40 158.2
730.45 31.2
734.50 75.9
735.46 18.6
736.74 2.2
738.85 9.2
739.73 12.7
740.57 40.3
741.47 20.2
748.51 9.7
752.45 271.7
753.52 46.9
757.43 542.6
758.51 160.5
759.33 9.1
760.03 6.9
762.57 8.3
768.84 5.5
771.67 1.2
774.48 5.3
775.42 4.1
776.48 4.6
777.79 7.5
778.53 1.5
780.55 2.5
781.34 4.4
782.37 4.9
783.22 4.4
785.47 18.9
789.32 2.5
791.43 1.2
792.57 7.0
794.41 6.0
795.26 1.5
796.34 2.6
798.61 12.3
799.40 4.5
800.65 2.2
801.82 15.4
802.46 4.3
803.54 3.9
806.31 1.5
808.51 2.1
810.77 9.5
811.73 7.2
813.83 5.4
814.71 2.7
816.17 6.1
817.34 4.7
818.73 17.8
819.81 11.4
820.61 1.2
821.38 1.2
824.06 3.4
825.68 10.2
826.62 8.0
827.32 5.2
828.45 11.4
829.53 1.9
831.81 1.1
832.49 2.1
833.66 8.5
835.45 10.5
836.62 30.4
837.56 19.7
839.82 2.7
841.23 4.8
842.42 29.5
843.48 17.9
844.42 17.1
845.54 17.5
846.75 1.1
852.40 15.0
853.61 28.6
854.53 11.0
859.43 2.7
860.48 2.0
861.27 1.4
862.39 125.8
863.41 185.9
864.55 59.6
869.59 19.2
870.50 174.2
871.55 77.0
873.62 3.4
874.63 1.7
875.41 4.1
876.25 4.2
877.43 1.2
878.46 9.7
880.46 821.0
881.59 290.9
882.53 7.4
883.56 4.1
885.38 2.7
886.45 3.8
887.52 2.2
888.69 3.7
889.50 1.6
890.77 1.7
891.51 2.9
894.65 4.9
895.69 1.4
896.73 22.4
897.62 35.1
898.52 10.1
899.58 1.4
902.75 3.9
903.43 5.1
906.08 1.0
907.58 8.3
911.60 6.4
912.44 3.6
913.51 56.9
914.74 28.0
915.56 2.7
916.26 1.5
917.35 1.7
920.63 12.2
922.13 9.6
923.47 14.5
924.43 18.7
926.58 12.9
929.07 12.4
930.58 9.0
934.17 3.5
941.58 323.7
942.59 93.8
943.39 9.5
945.56 3.6
946.58 8.9
948.03 4.2
948.77 1.2
950.21 5.2
951.52 2.0
953.73 2.2
955.51 4.7
956.59 1.0
958.38 9.8
959.56 45.6
960.60 2.8
964.79 15.0
965.49 11.7
966.71 2.4
970.75 3.1
971.85 7.1
973.65 13.2
974.47 24.5
975.61 6.9
979.46 5.9
980.61 9.0
981.72 13.4
982.75 8.1
984.25 4.7
985.86 1.1
987.87 2.4
989.17 3.4
989.78 1.5
991.48 79.2
992.59 45.4
993.69 5.9
995.62 2.6
996.43 7.7
997.55 15.8
998.62 98.7
999.63 45.6
1000.40 7.3
1003.43 2.8
1006.59 10.6
1007.47 16.2
1009.49 248.1
1010.14 6.3
1010.75 97.9
1011.56 5.0
1013.56 3.6
1014.60 39.1
1015.53 14.1
1019.67 6.7
1021.18 3.2
1024.56 140.4
1025.66 92.1
1027.56 2.2
1029.67 4.2
1030.63 6.8
1032.44 9.7
1037.52 2.0
1042.57 169.9
1043.64 94.6
1044.75 5.2
1051.71 5.2
1056.72 8.7
1058.17 2.7
1059.92 9.3
1060.68 9.2
1061.54 4.1
1068.33 1.5
1074.78 2.2
1075.66 3.7
1078.61 22.8
1079.81 15.1
1080.70 5.6
1084.82 5.9
1086.84 13.7
1087.69 12.7
1088.73 5.5
1089.77 1.9
1099.33 2.0
1100.86 4.1
1104.59 36.0
1105.73 26.2
1106.70 5.6
1113.91 7.1
1116.70 8.9
1117.52 16.6
1118.58 11.9
1120.71 3.5
1122.58 488.8
1123.68 262.0
1124.56 2.7
1126.40 20.2
1133.68 30.9
1134.48 8.2
1139.49 4.3
1144.00 1.9
1144.76 17.3
1146.70 3.2
1147.65 5.4
1149.04 1.6
1149.66 1.9
1150.83 1.0
1153.22 4.4
1157.73 1.9
1159.25 4.5
1159.88 1.7
1161.63 119.8
1162.73 38.5
1163.60 4.9
1164.86 3.0
1170.30 7.4
1171.82 7.8
1172.77 3.6
1177.64 133.0
1178.68 86.1
1179.76 7.6
1187.53 33.0
1188.64 38.5
1189.63 28.3
1190.80 3.5
1192.57 4.7
1205.56 163.3
1206.68 133.4
1207.72 11.5
1215.62 5.3
1219.66 2.9
1222.68 8.8
1223.68 99.3
1224.78 39.1
1232.86 1.3
1233.80 3.9
1241.86 8.0
1242.60 2.8
1245.66 2.0
1246.87 1.2
1250.86 2.2
1261.69 16.4
1262.68 4.9
1267.69 8.2
1268.91 2.2
1271.66 1.2
1273.77 1.5
1285.65 3.1
1320.55 3.5
1321.85 2.5
1323.49 1.2
