842.5114 2
121.24 2.2
124.66 7.9
125.38 8.6
127.21 16.9
128.27 48.0
129.32 12.9
130.18 13.9
133.24 399.2
134.25 10.9
135.24 9.6
136.13 14.3
139.10 13.5
141.20 17.0
142.59 26.2
143.27 218.0
144.26 3.2
145.89 13.9
147.17 2.7
148.27 12.0
149.29 18.9
151.20 40.3
152.22 14.7
153.18 4.2
156.32 5.3
157.40 16.0
158.24 7.0
159.15 8.0
160.12 5.6
161.26 15.8
162.43 7.9
163.21 14.2
164.33 3.9
165.18 9.3
166.27 3.7
167.24 29.8
169.17 15.4
171.20 582.2
172.11 40.6
173.20 139.1
174.05 7.5
175.18 52.3
177.25 97.0
178.38 30.4
179.24 31.2
180.22 4.8
181.22 13.7
182.13 10.3
183.22 49.9
184.38 2.8
185.12 9.7
186.22 2.1
187.21 12.1
189.35 10.9
190.81 19.1
193.00 24.1
194.25 38.8
195.18 102.9
196.28 17.8
197.26 4.4
198.19 3.9
199.29 19.9
200.59 17.8
201.24 240.5
202.29 8.3
203.30 26.5
204.11 2.0
205.01 3.3
207.30 15.9
208.48 14.3
209.12 37.1
210.14 22.1
211.25 25.4
212.35 3.7
213.31 21.1
215.26 16.0
217.73 17.6
218.74 6.6
220.15 2.0
221.17 44.9
222.16 10.6
223.17 21.2
224.32 15.0
225.20 12.4
226.27 14.0
227.18 65.1
228.31 13.9
229.13 43.7
229.78 2.5
231.14 13.2
232.28 2.0
233.34 32.6
234.02 11.5
235.12 29.4
236.48 16.8
237.20 17.1
239.23 1234.6
240.14 60.1
241.28 13.0
242.16 5.9
243.37 23.6
244.22 6.1
245.16 13.1
246.03 4.8
247.12 15.9
248.21 8.6
249.20 37.4
250.22 12.1
251.30 29.7
252.27 7.2
253.16 24.9
254.29 120.4
255.18 17.6
256.36 6.4
257.23 18.6
258.17 17.6
259.33 23.3
260.19 12.9
261.29 41.3
262.37 21.9
263.27 63.6
264.22 4.3
265.16 12.4
266.15 10.7
267.10 45.2
268.06 28.4
269.92 7.2
271.18 85.8
272.19 1099.6
273.23 64.2
274.31 15.1
276.13 46.3
277.17 27.3
278.30 22.8
279.23 37.5
280.32 35.4
281.37 16.7
282.09 11.5
283.36 21.2
284.06 12.6
285.11 8.4
286.36 29.5
287.27 105.3
288.20 11.2
289.26 213.4
290.31 29.4
291.22 50.8
292.27 20.0
293.35 49.9
294.14 19.8
295.16 79.2
296.35 26.0
297.38 35.8
298.25 9.0
299.31 25.2
300.33 26.0
301.35 25.4
302.24 7.9
303.18 19.2
305.10 46.0
306.17 95.1
307.18 212.6
308.22 102.6
309.31 49.0
310.35 18.4
311.31 39.6
312.46 4.8
315.21 63.9
316.25 21.4
317.27 68.9
319.25 750.9
320.35 164.0
321.32 126.2
322.69 25.0
323.34 71.9
324.15 13.9
325.32 200.0
326.31 54.4
327.74 2618.9
328.37 421.4
329.41 31.1
330.32 11.0
331.26 4.5
332.62 12.5
333.28 61.2
334.19 23.6
335.14 42.5
336.74 1073.6
338.17 26.2
339.26 67.9
340.24 36.8
341.39 66.2
342.50 37.0
343.24 245.7
344.26 50.6
345.40 33.4
346.44 27.7
347.27 68.8
348.17 25.6
349.29 27.9
350.35 11.5
351.44 37.4
353.14 1159.7
354.31 106.4
355.48 17.9
356.75 13.4
357.88 12.5
358.53 14.0
359.25 55.6
360.29 17.1
361.36 49.6
362.14 67.3
363.29 201.6
364.09 44.1
365.15 26.1
366.31 10.5
367.67 10.7
368.57 6.4
369.45 2.5
371.18 665.5
372.20 61.5
373.14 32.6
374.49 8.1
375.32 53.9
376.22 53.7
377.25 141.9
378.22 53.9
379.29 41.7
380.22 98.0
381.12 50.2
382.95 18.1
385.30 982.5
386.41 75.3
387.33 58.4
388.42 27.1
389.28 4.9
390.47 13.3
391.20 129.2
391.81 26.2
392.44 14.0
393.39 68.7
394.49 62.2
395.55 19.2
396.36 2.9
399.22 2.7
399.87 27.9
401.49 3.6
403.32 1136.7
404.25 692.3
405.27 140.8
406.95 11.6
408.51 3.2
412.89 39966.9
413.91 87.6
414.77 32.6
415.57 16.7
416.33 6.4
417.05 16.0
417.72 7.6
418.48 3.6
419.19 7.2
421.21 28.7
424.78 5.3
426.41 11.6
430.53 14.0
432.09 3.9
436.23 24.1
440.24 311.6
441.11 22.1
442.10 3.4
454.41 40.4
458.27 182.2
459.45 15.4
464.55 4.2
472.35 4400.0
473.36 406.7
491.22 5.6
505.58 5.5
515.21 5.0
525.39 7.9
526.47 9.6
535.28 95.1
536.46 13.2
537.48 7.8
553.33 288.1
554.49 50.9
563.28 9.8
569.45 4.5
571.39 1243.0
572.41 111.3
578.19 4.9
582.29 3.8
598.59 2.1
605.42 12.8
607.50 18.4
608.23 12.3
611.57 14.1
620.51 3.2
632.50 9.1
650.45 8.9
654.51 26.6
655.59 5.3
664.43 2.4
665.37 2.5
668.32 1.9
672.43 3516.3
673.43 372.5
674.06 2.0
681.59 3.5
682.52 6.3
699.48 4.5
707.33 4.6
708.52 7.0
715.97 21.5
725.54 137.5
726.62 14.0
736.19 2.1
743.50 135.0
744.63 12.4
753.54 4.1
774.97 4.9
781.52 14.1
782.71 8.4
