1234.680969999999 3
119.02 6.3
123.10 2.5
125.14 6.7
127.03 2.2
128.09 26.8
129.18 446.0
130.20 61.9
132.12 1.8
136.09 188.3
137.13 3.0
138.23 6.4
139.02 7.1
140.10 8.8
141.35 5.2
142.39 2.7
143.35 16.2
144.19 8.7
147.12 10.6
155.05 3.3
156.23 166.5
157.30 69.6
158.24 15.5
159.33 7.6
162.17 5.6
166.99 1.6
168.31 2.1
169.58 2.3
170.23 4.8
171.21 28.5
172.30 6.7
173.55 6.3
175.20 294.8
176.22 19.5
180.21 108.6
181.09 34.3
182.24 3.1
183.14 67.7
184.14 5.4
185.18 28.1
185.95 2.0
187.02 7.6
188.17 7.5
191.10 5.6
192.04 11.5
194.09 3.6
197.28 77.8
198.19 14.0
199.09 17.3
200.17 1.7
201.23 12.0
202.13 9.9
205.08 2.7
207.11 6.3
208.37 12.1
209.01 4.6
211.15 39.0
212.27 2.5
213.22 19.4
214.14 5.0
215.36 16.1
216.13 26.7
217.07 8.6
218.13 3.9
219.29 3.7
220.16 4.4
221.32 8.8
222.57 5.0
224.20 3.1
225.31 25.6
226.13 75.3
227.20 20.4
228.11 19.4
229.79 679.9
230.73 6.4
232.32 1.7
233.29 2.9
234.20 4.9
235.11 3.0
236.31 2.1
237.53 10.7
238.21 5.8
240.11 3.4
242.26 380.2
243.35 75.4
244.13 136.1
245.11 25.3
247.12 4.5
249.11 32.8
250.28 2.7
251.16 8.7
252.29 17.2
253.38 11.3
254.15 14.6
255.21 15.6
256.32 18.9
257.31 5.2
258.28 20.1
261.25 11.2
262.16 16.1
263.23 22.0
264.41 18.2
265.26 51.0
266.22 12.1
267.73 11.7
268.67 13.4
269.45 4.4
270.33 24.1
271.28 26.4
272.13 24.3
276.19 14.9
277.01 12.3
278.27 15.6
279.30 59.8
280.40 17.7
281.34 13.7
282.37 28.4
283.25 2.6
284.39 10.5
285.22 26.3
285.86 1.6
288.23 1228.8
289.28 122.2
290.47 7.7
291.13 11.2
292.29 52.3
293.23 298.6
294.16 53.7
294.77 16.7
295.37 25.1
296.32 15.3
297.06 21.6
298.27 35.0
299.06 17.0
299.83 8.0
301.38 17.3
302.32 42.5
303.26 16.0
305.69 16.9
306.32 28.1
307.32 94.2
308.28 31.8
309.18 23.9
310.57 36.3
311.31 6.4
312.01 7.3
312.82 48.7
314.21 9.7
315.47 12.5
316.39 235.3
317.31 54.1
318.00 7.5
318.82 22.6
320.24 35.4
322.04 65.8
323.07 9.5
324.64 352.9
325.32 179.5
326.15 16.2
326.95 52.6
327.73 380.6
329.25 3.5
330.60 11.2
331.40 2.3
332.87 69.4
333.72 39.2
334.40 35.7
335.72 15.9
337.28 27.5
339.43 23.8
340.19 4.9
341.30 63.6
342.59 107.6
343.31 152.6
344.27 57.0
345.15 12.7
345.88 4.2
346.73 10.9
348.44 43.3
349.23 34.4
350.51 44.5
351.37 213.1
352.47 29.5
353.36 78.0
354.21 31.8
355.44 17.3
357.60 201.1
359.27 9614.4
360.30 1462.1
361.02 27.9
362.60 151.0
363.37 102.6
364.76 16.7
366.57 237.4
367.34 58.0
368.33 26.5
369.18 51.9
370.21 39.6
371.29 188.3
371.91 327.3
373.06 65.2
375.38 817.7
376.18 19.3
377.23 79.6
378.37 20.7
379.24 15.9
380.64 1115.7
381.31 237.7
382.28 70.0
383.24 28.4
384.21 21.7
384.85 34.1
385.50 45.6
387.58 25.4
389.37 3146.6
390.58 124.7
391.41 68.6
392.09 21.5
393.61 121.8
394.38 328.0
395.19 322.6
396.49 42.5
397.57 60.9
398.51 113.1
399.45 18.2
400.81 674.4
402.13 44.4
402.95 233.7
403.80 69.0
404.57 22.1
405.30 24.0
406.65 8.2
412.14 8.9
416.58 151.4
421.28 354.3
422.21 48.5
423.14 17.5
424.96 1362.5
425.83 5.2
427.69 12.3
428.32 8.0
430.18 1475.4
430.80 389.6
431.47 23.8
432.28 14.3
433.36 6.3
434.40 7.3
435.46 2.3
436.96 27.0
437.76 7.7
438.93 1477.6
440.10 41.4
442.69 47.5
447.07 11.5
448.07 7.1
449.11 41.3
450.27 28.7
451.89 105.4
452.61 2.7
454.14 21.8
455.18 22.5
456.45 25.9
457.25 28.0
458.37 3689.2
459.36 674.3
460.74 33.7
463.17 2.0
464.27 16.9
466.01 251.2
467.19 11.9
468.29 51.5
469.25 28.6
471.08 13.0
472.39 89.9
473.21 6.5
474.53 109.9
475.59 14.2
476.27 5.1
477.34 2.5
479.57 6.3
480.34 6.7
482.01 10.9
485.04 39.9
486.37 12.9
488.45 481.5
489.35 47.3
490.32 9.5
491.46 3.6
492.37 4.8
494.07 9.6
497.50 1113.9
498.45 8.0
499.25 7.9
500.25 13.9
501.71 18.5
502.39 9.0
503.18 7.7
505.35 11.3
506.41 23.8
507.20 2.1
508.28 48.0
509.14 18.9
510.22 5.8
511.29 3.6
515.23 6.8
516.30 86.4
517.29 65.9
518.25 56.3
519.30 34.7
520.39 39.6
521.69 9.0
522.37 19.7
523.55 5.6
524.51 6.7
525.48 9.3
526.43 21.0
527.20 14.9
527.85 10.3
531.17 3.4
532.33 1.6
534.28 267.9
535.23 91.7
536.23 194.0
537.29 60.2
538.33 4.8
539.59 12.0
540.23 2.3
541.04 7.3
542.74 13.9
544.12 39.6
545.38 23.0
546.33 7.3
548.33 18.0
548.98 23.8
550.16 65.9
551.30 17.1
552.63 361.2
553.44 43.2
555.08 5.5
557.64 29.4
558.67 16.3
561.55 1134.7
562.49 28.4
563.41 18.7
564.09 6.4
567.15 109.0
568.09 39.4
569.37 104.5
570.50 20.0
571.54 22.3
572.34 6.2
573.50 30.1
575.46 4.7
579.05 32.5
580.42 16.5
581.23 7.9
584.35 31.6
585.30 31.5
586.44 21.3
587.40 277.8
588.41 79.6
589.32 8.8
590.30 29.9
591.28 26.8
593.11 1.7
594.10 4.6
596.33 31.7
597.41 18.0
598.61 14.2
600.42 22.7
601.21 13.3
602.05 16.9
603.53 23.1
604.37 53.4
605.34 24.5
607.20 53.4
609.79 4.2
611.64 24.7
613.40 54.2
614.27 33.1
615.43 53.7
616.21 17.6
617.46 25.2
618.37 29.3
619.34 43.0
620.46 4.4
621.42 6.6
622.64 3.6
624.32 6.7
630.63 7.0
631.34 172.7
632.33 65.6
633.41 68.2
634.49 21.7
635.26 120.0
636.20 42.8
637.46 2.0
638.35 10.6
639.49 4.3
640.37 3.3
641.21 19.8
645.49 32.2
646.37 38.9
648.28 150.6
649.30 172.4
650.52 36.6
651.45 18.6
652.23 3.1
654.58 9.6
655.39 17.0
656.08 3.6
657.29 7.4
658.24 12.2
659.30 8.5
660.50 3.0
664.37 74.6
665.47 16.8
666.40 17.5
667.54 5.3
668.38 6.5
671.42 2.8
674.32 5.3
675.77 23.9
676.49 8.4
678.35 52.8
679.35 19.7
682.57 14.3
683.52 67.6
684.40 37.9
685.52 16.3
686.49 3.3
687.39 3.0
688.99 2.4
690.44 4.1
692.26 20.8
693.26 14.1
694.58 26.3
695.71 19.0
696.43 27.2
697.36 1.7
700.55 7.5
701.41 94.1
702.41 53.0
703.85 4.7
706.26 10.7
707.22 13.4
709.45 9.0
710.67 7.4
711.38 3.0
713.23 143.9
714.22 23.6
714.85 5.8
716.38 1.6
717.61 3.0
718.37 9.2
719.47 11.5
720.56 10.2
728.42 9.2
730.27 58.9
731.37 265.2
732.48 54.5
733.47 12.1
735.48 6.6
740.53 2.1
742.11 33.0
743.48 13.9
744.42 12.0
745.55 17.7
746.41 46.4
747.47 48.0
748.39 132.6
749.47 104.7
750.53 10.6
751.57 6.3
756.06 22.8
759.30 78.1
760.36 404.6
761.43 174.7
763.54 29.0
764.51 7.3
765.34 4.1
767.35 13.5
772.38 3.8
774.48 30.7
775.46 4.2
777.41 1438.4
778.44 603.9
779.30 13.9
784.47 4.0
791.41 25.7
792.38 3.0
795.57 2.2
799.44 2.3
800.36 1.7
801.70 9.0
802.42 56.0
803.49 17.9
804.51 1.7
812.41 8.4
813.49 11.2
816.20 3.8
817.44 26.1
818.77 42.6
819.67 29.6
820.45 30.7
830.82 9.9
834.66 9.6
835.55 5.1
840.52 7.4
842.50 4.8
848.64 17.3
849.49 8.5
850.45 5.4
858.50 3.7
859.47 47.5
860.58 21.1
861.59 9.0
863.63 3.0
876.58 54.1
877.55 47.4
880.28 7.0
890.61 2.4
908.67 3.3
912.80 7.9
915.76 1.8
930.58 15.5
931.46 18.3
932.25 7.5
933.24 3.6
934.84 9.3
947.55 30.1
948.58 5.2
957.71 1.9
976.63 1.6
977.51 5.6
993.76 10.6
994.81 6.6
1017.33 4.7
