1025.506599999999 3
112.77 2.5
125.20 3.2
128.25 1.7
129.17 6.1
141.10 1.1
145.32 3.1
149.03 2.2
157.20 6.5
157.97 2.0
162.23 2.0
163.15 3.9
167.19 4.3
171.07 7.9
173.15 2.2
175.31 19.8
176.10 2.1
185.20 30.9
186.21 6.0
188.19 1.0
189.11 4.8
191.14 5.1
194.31 1.4
197.27 3.0
201.27 12.1
202.83 8.6
206.05 5.1
209.02 4.5
211.46 14.1
212.27 8.7
213.16 5.4
214.24 1.8
215.09 1.1
216.10 3.6
218.19 3.2
219.43 2.4
226.10 2.0
226.97 5.6
228.20 3.6
229.19 18.8
230.39 5.6
232.52 6.2
241.12 13.3
243.24 8.0
244.20 9.1
245.02 3.9
246.29 12.3
247.06 10.0
248.08 11.6
249.05 27.9
250.39 14.6
251.09 9.3
253.93 1.1
255.24 11.2
256.24 3.5
258.14 1.7
260.24 1.4
263.96 17.3
265.10 1.1
266.00 3.9
267.90 17.5
269.25 2.5
272.22 8.3
273.86 3.5
281.97 5.6
283.24 9.4
284.35 3.4
285.26 2.7
286.54 28.9
287.38 5.3
288.09 2.6
289.00 20.3
290.21 88.5
291.19 11.1
294.27 3.2
295.81 4.9
297.48 43.3
298.40 10.8
300.47 24.0
301.18 17.7
302.58 26.9
303.84 17.7
306.32 12.9
307.48 12.9
308.23 10.3
309.62 10.1
311.88 7.4
312.85 9.6
313.68 5.3
315.18 3.4
320.30 5.5
321.33 2.4
322.80 9.5
323.97 65.2
325.03 101.6
326.02 300.7
327.04 309.9
328.10 20.8
328.81 14.0
330.78 97.8
331.42 93.2
332.97 45.6
333.64 7.8
343.49 2.6
350.30 1.4
351.49 19.6
352.41 2.8
354.28 3.3
359.99 18.0
360.78 8.6
362.88 7.1
369.01 17.9
370.39 1.5
373.21 5.2
373.95 1.7
382.85 5.1
386.53 12.7
387.36 38.4
388.05 6.5
391.38 3.0
396.31 20.3
399.12 4.8
400.45 4.1
404.20 43.8
405.23 15.2
413.06 6.4
418.80 7.1
426.46 3.4
429.30 2.4
432.71 10.1
446.36 3.2
449.77 7.4
455.30 29.6
455.95 23.4
456.86 13.2
458.48 2.1
463.78 8.2
468.96 11.9
474.48 5.7
477.34 16.4
480.31 1.1
482.40 9.0
488.61 2.1
492.67 1.9
495.39 1.9
500.25 8.3
504.76 11.5
508.21 2.3
509.13 25.5
510.25 3.2
518.42 1.6
523.23 2.8
540.65 4.2
541.30 2.1
544.94 1.6
557.33 5.1
580.31 1.3
585.72 1.5
592.50 4.3
597.28 4.2
605.52 1.6
606.62 1.1
614.59 2.5
620.45 1.9
621.63 2.6
623.40 6.0
638.59 8.0
639.34 1.8
702.40 2.8
724.38 3.1
725.56 1.5
726.43 5.8
733.02 2.9
741.35 6.0
742.46 31.1
796.22 2.9
