653.39702 2
95.15 2.2
99.06 176.3
100.36 1.0
104.95 6.6
107.29 6.3
108.13 3.1
109.27 4.6
110.08 2.5
111.15 6.6
112.13 3.4
113.23 6.7
114.29 3.6
116.28 1.5
117.24 2.3
118.16 3.3
121.08 1.9
122.18 2.0
123.35 2.3
125.16 4.9
127.23 6.9
128.14 36.5
129.26 9.2
131.08 25.6
133.16 2220.9
134.00 2.2
135.20 10.5
137.08 11.7
139.18 11.7
140.66 2.8
141.33 2.6
143.33 3.1
145.14 4.0
147.74 4.1
149.24 2.6
151.12 19.2
152.22 80.9
153.16 87.2
154.29 11.2
155.22 1.4
156.26 3.0
157.22 9.8
159.21 6.1
160.19 11.9
161.13 8.6
162.16 13.0
163.22 7.8
165.09 2.5
166.07 5.0
167.31 3.1
168.11 8.1
169.08 6.7
171.17 29.3
172.42 6.7
173.15 5.4
174.99 694.2
177.19 875.8
178.07 2.9
178.99 2.9
180.14 5.4
181.26 4.6
182.26 15.1
183.27 25.1
184.06 3.3
185.57 3.0
187.13 5.4
188.20 3.0
189.32 8.0
191.13 29.4
193.09 1.3
195.25 46.2
196.12 1.7
197.10 6.5
199.31 9.9
201.22 9.3
202.24 10.9
203.10 9.1
205.19 5.5
206.20 20.4
207.35 6.5
209.16 2.2
210.21 11.2
211.06 3.2
212.86 33.9
215.01 461.0
216.19 71.0
217.04 21.4
219.48 4.1
221.18 372.2
222.96 14.0
224.28 5.7
227.10 32.1
228.15 146.5
229.18 153.3
230.20 27.9
231.09 1.1
233.08 431.7
234.07 29.1
235.16 9.8
236.03 3.5
237.43 2.0
239.16 429.6
240.09 6.6
241.37 11.2
242.70 11.1
244.37 4.3
245.44 7.6
247.03 6.2
249.82 21.0
250.96 2430.8
252.29 22.1
253.14 2.5
254.26 5.6
255.25 22.8
256.21 6.0
258.18 3.9
259.06 4.3
259.70 5.6
261.24 9.5
262.31 14.4
263.10 11.3
264.18 19.0
265.21 69.7
266.07 4.4
267.41 18.2
268.09 10.5
269.29 7.4
270.53 19.2
271.61 11.0
272.23 20.7
273.19 8.1
274.40 9.5
275.12 5.0
276.30 10.0
277.22 12.5
278.12 4.4
279.46 2.2
280.64 3.0
281.37 29.5
283.10 390.6
284.03 14.7
285.27 44.8
286.02 20.2
288.48 8.6
290.01 6.8
291.12 73.4
292.07 21.4
293.13 1.2
295.60 6.3
297.06 36.6
298.47 20.9
299.26 175.4
300.11 39.8
303.13 1.8
304.24 8.4
305.06 7.7
306.10 79.2
309.18 538.8
310.25 82.5
310.97 1.7
312.21 31.1
313.26 1.2
315.84 2.1
317.91 105.8
318.76 19.6
320.88 3.0
322.54 2.5
324.80 2.7
327.11 9.9
332.39 7.3
340.26 6.0
341.37 1.5
344.69 2.1
349.98 6.7
355.19 4.3
357.37 2.9
358.36 1.2
359.88 10.7
367.14 7.9
369.37 2.0
376.23 3.3
382.39 6.5
383.45 7.9
385.47 10.4
386.40 2.0
390.34 4.3
392.34 11.2
412.70 9.5
414.35 5.3
418.31 2.6
423.24 1.5
425.26 6.4
432.37 2.8
433.79 10.4
436.39 2.7
438.91 3.9
441.15 3.4
443.24 4.8
454.29 9.2
465.29 2.0
468.46 1.2
472.38 7.5
482.03 9.8
482.65 2.1
507.34 1.2
516.32 1.7
523.54 1.0
537.36 1.4
539.07 6.0
553.28 2.0
563.60 3.0
565.74 6.4
571.47 4.5
581.38 6.1
609.20 3.0
611.67 12.1
