1027.55547 2
145.09 1.7
148.09 2.3
153.98 5.0
156.34 1.1
157.27 5.4
158.04 5.9
162.21 1.1
164.28 3.9
165.05 3.4
166.07 3.5
169.36 9.4
173.20 5.5
175.14 17.7
178.10 7.7
179.02 2.9
180.04 3.6
183.08 4.6
183.91 2.2
185.23 3.0
186.01 2.0
187.50 2.2
189.18 4.6
197.20 6.6
200.35 1.9
201.25 2.4
208.35 2.0
209.29 4.0
210.36 5.6
212.40 2.8
213.20 4.1
214.31 3.1
219.28 4.8
219.90 1.6
221.47 3.7
222.32 1.5
222.97 2.5
225.11 1.2
226.13 7.5
227.76 7.8
229.45 3.6
231.04 1.5
232.24 2.8
233.19 5.2
234.26 8.8
235.75 4.9
237.47 5.5
238.44 5.8
239.52 4.7
240.32 1.7
241.24 4.6
242.10 11.8
243.16 3.0
243.96 7.2
245.17 6.8
247.13 8.4
249.46 1.2
251.30 1.6
252.17 6.1
254.26 7.8
255.13 3.1
257.13 9.0
258.53 3.4
261.07 6.5
264.73 3.3
267.08 5.3
268.40 2.1
270.15 15.0
272.03 13.9
275.20 6.8
278.07 2.3
279.11 9.1
280.05 8.0
281.31 5.2
282.45 1.9
283.05 5.1
286.32 2.8
288.37 3.9
289.32 5.6
290.36 1.3
292.21 2.6
293.22 5.7
295.23 1.6
299.00 6.9
302.19 12.5
303.25 1.7
304.30 16.8
305.19 2.5
306.41 2.7
308.10 2.8
310.33 1.0
311.32 2.8
312.04 6.7
314.31 1.5
315.65 2.5
317.35 3.0
318.29 4.2
319.27 2.5
320.23 5.9
321.30 7.3
322.22 1.0
323.33 1.0
325.01 8.3
326.29 3.7
328.34 2.8
329.16 6.7
329.83 6.7
331.15 2.0
333.30 3.8
335.16 5.2
336.46 3.7
338.34 1.6
339.31 12.6
341.21 10.7
345.59 4.4
346.23 3.4
347.42 2.8
348.13 2.2
349.31 2.8
350.18 1.3
352.56 7.3
353.32 1.9
354.03 2.5
354.87 2.3
357.16 13.7
358.25 3.8
360.59 5.6
362.54 7.9
363.31 4.7
364.16 9.4
365.24 7.2
366.34 3.3
367.39 3.1
368.32 9.5
369.34 10.5
370.43 23.3
371.21 11.6
372.22 9.8
374.12 2.6
378.11 7.6
381.04 10.3
382.36 16.1
383.27 14.6
384.48 8.0
385.38 7.8
386.62 7.9
387.80 8.6
389.24 1.5
389.97 2.2
392.49 5.2
393.34 28.3
394.24 4.6
395.12 2.0
396.58 3.9
397.33 3.7
398.52 9.0
400.04 53.8
401.33 34.7
402.44 4.2
404.07 3.3
405.24 43.2
406.16 10.0
408.34 9.6
409.23 21.0
410.04 11.6
410.90 8.8
413.12 2.7
414.23 43.4
415.42 9.4
416.42 4.0
417.38 1.2
418.27 4.6
419.05 9.5
420.10 3.0
421.04 15.0
422.23 38.3
423.30 8.6
424.02 8.6
425.11 1.3
426.20 32.7
427.43 24.7
429.24 9.3
430.56 15.1
431.57 7.6
432.44 10.0
434.12 13.0
435.32 3.0
438.40 8.4
440.03 49.7
441.11 4.0
442.26 3.2
442.98 4.6
444.08 9.9
444.73 1.5
448.02 27.0
448.85 36.7
449.58 26.9
450.67 10.3
452.72 21.4
453.48 7.6
454.23 16.7
455.27 25.7
456.34 43.1
457.72 27.4
459.29 10.1
460.87 8.0
462.01 13.4
463.29 13.8
464.03 1.6
465.54 28.4
466.43 17.2
467.58 7.4
468.79 8.2
469.59 24.6
470.40 57.3
471.23 28.2
472.45 8.4
473.65 7.7
474.38 4.1
475.55 6.6
476.86 6.7
478.68 16.8
479.60 39.6
480.35 21.5
481.65 12.2
482.85 29.7
484.33 41.1
485.31 21.9
486.47 13.1
487.43 86.0
488.29 16.2
491.54 71.9
492.55 24.1
493.77 6.6
494.50 10.7
496.30 679.8
497.03 398.4
498.22 54.1
498.91 30.5
499.63 2.6
500.42 28.5
501.40 5.3
502.08 11.8
505.25 314.0
505.87 60.6
506.60 7.9
507.58 1.7
512.62 1.9
516.17 1.4
522.02 3.0
525.62 5.7
531.40 7.3
532.70 1.8
539.14 4.5
540.38 1.3
543.60 7.4
557.19 12.9
558.36 21.6
566.03 4.6
567.35 1.5
571.70 1.6
573.35 7.5
575.48 5.7
586.18 9.9
589.72 2.9
592.30 10.8
593.35 4.5
598.09 4.5
599.61 3.5
601.50 1.7
602.49 7.0
606.18 2.3
608.40 12.6
623.20 4.3
630.09 3.0
634.43 2.3
635.27 5.3
636.97 20.0
638.68 1.8
640.46 2.7
645.44 17.0
653.63 3.9
655.38 1.8
656.28 6.6
657.41 15.3
658.46 16.8
659.94 6.7
662.46 4.0
663.89 7.4
665.81 3.7
670.79 9.6
671.56 7.9
672.35 3.6
673.05 5.4
674.28 7.0
679.31 2.8
680.43 2.8
681.55 2.2
685.66 5.7
686.55 3.3
692.32 2.5
693.51 2.2
696.55 2.3
697.28 7.0
698.35 5.7
699.25 2.0
701.60 3.3
702.23 4.2
704.33 1.8
707.34 3.4
708.49 2.1
712.39 2.2
713.58 4.2
719.78 7.7
720.68 3.7
723.72 1.9
728.47 1.4
731.64 3.8
735.43 1.0
736.34 11.4
738.40 4.0
740.47 18.4
741.48 6.2
748.36 2.7
751.46 8.4
755.62 1.4
756.52 15.0
758.54 6.6
759.71 1.2
765.27 3.0
766.76 5.9
772.79 8.8
778.40 4.9
779.79 3.2
782.35 2.0
784.33 3.5
786.35 1.9
790.47 1.7
792.34 2.2
795.20 6.6
798.67 6.3
801.66 17.9
809.47 4.5
810.48 1.8
811.78 4.6
813.52 3.3
814.55 2.5
815.69 2.8
823.22 4.1
826.40 1.5
827.55 3.1
832.48 7.7
841.40 3.7
842.48 1.6
843.72 1.7
853.50 4.8
855.02 9.2
860.72 2.6
861.60 2.3
874.52 2.7
877.89 6.7
879.23 13.9
880.45 2.2
885.10 1.2
894.37 7.9
896.42 29.8
897.03 1.9
900.64 6.9
906.12 2.9
912.54 3.5
914.43 17.0
937.58 2.2
952.49 2.0
