2268.129789999999 3
212.46 3.3
218.06 7.0
219.58 8.3
222.31 4.6
226.20 3.9
228.28 3.2
233.12 6.5
235.22 1.4
237.10 2.4
238.04 4.1
242.35 8.2
243.31 7.1
244.11 7.4
245.31 1.3
248.27 2.9
252.32 5.0
254.33 10.0
255.19 21.7
256.15 27.8
257.12 5.5
258.18 6.6
261.15 3.1
262.41 6.4
264.22 5.7
266.26 9.5
267.22 11.2
269.13 1.1
270.20 1.1
272.15 52.3
273.20 22.9
276.03 5.6
278.31 2.0
279.20 6.9
280.14 1.9
281.23 2.9
282.27 6.6
283.26 10.0
284.30 6.4
286.09 3.7
287.03 3.5
287.91 11.0
289.17 40.7
290.14 4.9
292.22 1.1
294.03 1.8
298.19 1.9
299.31 4.9
300.14 6.2
301.15 5.2
303.55 1.0
305.03 1.2
306.46 10.0
308.29 10.1
309.36 4.9
311.15 1.7
312.24 10.6
315.35 2.9
316.19 3.0
317.49 9.3
318.28 1.2
319.71 2.5
321.29 2.9
322.36 1.9
323.23 5.2
325.60 8.4
326.49 2.3
328.11 2.6
329.12 4.6
330.25 4.6
331.38 1.1
334.38 2.2
336.34 6.2
337.23 11.0
338.26 7.4
340.22 5.5
341.12 7.3
342.30 1.6
343.37 7.4
346.77 3.7
347.42 1.7
350.35 1.3
351.27 5.1
352.54 2.9
353.25 31.4
354.25 40.7
355.41 5.3
356.25 4.9
357.48 7.9
360.18 4.5
361.38 4.1
363.31 1.5
365.08 4.1
366.16 2.6
367.40 7.9
368.60 14.2
369.34 4.2
370.37 3.9
371.41 10.7
372.36 19.0
375.26 1.9
378.45 2.0
379.67 3.7
380.64 2.1
381.68 1.2
382.44 3.4
385.29 28.1
386.25 52.1
387.34 30.9
389.10 1.8
392.47 4.2
394.30 3.8
395.57 1.9
396.44 16.3
397.67 6.5
398.46 2.9
399.40 7.0
400.33 1.6
403.33 278.4
404.51 49.5
405.56 3.1
407.35 1.9
408.29 7.2
410.44 10.8
411.47 8.4
412.37 14.0
413.23 7.4
415.20 4.3
416.62 12.1
417.52 7.2
418.85 28.2
420.25 3.3
422.27 1.3
425.14 3.7
426.44 6.2
428.17 4.8
429.11 4.5
435.08 1.6
435.80 1.3
437.15 6.8
438.13 12.3
439.01 12.3
440.38 7.4
441.19 5.3
443.40 12.1
444.18 2.1
445.22 15.8
445.97 16.3
448.36 3.5
449.46 8.0
450.44 4.6
451.55 5.4
452.77 12.5
454.53 43.5
455.42 6.4
456.32 13.2
457.10 3.0
458.53 1.8
459.62 26.3
460.31 8.2
461.37 24.1
462.98 1.7
464.39 6.7
466.02 13.0
467.43 22.9
468.25 33.0
469.15 15.4
472.38 66.3
473.48 15.5
474.51 3.1
476.32 9.0
477.46 7.4
478.26 5.2
480.33 1.8
481.51 15.5
483.17 16.2
484.02 11.1
484.97 4.4
485.79 1.2
488.33 17.4
489.25 5.5
492.04 11.8
494.34 1.1
495.66 9.1
496.34 9.5
497.51 4.0
498.34 2.5
499.51 21.5
500.22 3.0
502.23 21.8
503.30 14.9
504.21 9.3
505.15 3.7
506.33 4.5
507.59 8.1
508.46 5.7
509.38 2.1
510.80 98.4
511.51 11.5
513.14 6.3
514.59 11.2
516.30 121.9
517.28 35.0
518.25 31.9
519.29 10.8
520.28 5.8
521.50 20.2
522.25 1.2
523.66 13.5
524.88 105.3
525.78 2.2
526.41 2.9
527.24 1.2
528.85 17.3
529.63 18.1
530.77 7.7
531.67 2.2
532.68 38.5
533.49 8.2
534.51 2.1
535.98 4.0
537.67 33.7
538.29 2.9
539.96 20.2
541.75 10.3
542.50 12.0
543.27 15.6
544.30 5.9
545.17 21.9
546.49 43.5
547.27 1.9
548.08 5.5
549.44 1.6
551.62 21.6
553.15 35.8
554.02 4.1
554.64 4.2
555.47 5.3
557.34 13.0
558.58 18.0
559.30 9.4
559.92 4.7
561.43 35.0
562.44 10.7
565.24 1.4
566.98 35.4
567.94 14.9
569.25 6.3
570.21 8.3
571.74 19.7
572.62 15.1
573.45 5.6
574.34 7.2
575.51 68.9
576.40 8.2
578.74 1.1
580.60 61.1
582.06 10.9
583.26 4.7
585.10 3.2
585.79 2.4
586.94 1.4
589.40 260.8
590.27 35.4
591.08 5.6
592.00 15.8
593.22 19.4
594.22 15.3
595.36 3.4
596.49 12.8
599.55 24.0
600.76 18.2
601.77 26.6
602.65 55.7
604.07 33.0
605.86 6.4
607.69 13.5
609.46 3.7
610.78 36.5
611.45 41.4
612.44 3.2
613.16 5.6
614.11 2.3
615.15 1.9
617.14 38.8
618.09 116.8
618.98 19.7
620.32 8.2
621.28 4.4
624.54 11.1
625.72 9.3
626.40 7.3
627.98 3.0
629.60 26.5
630.91 21.3
632.45 1.3
633.74 11.2
635.04 4.7
636.57 27.9
637.42 15.7
638.38 16.4
639.31 4.0
640.81 1.5
641.69 41.0
642.33 15.2
643.41 12.3
644.23 4.3
645.39 7.5
646.29 10.6
648.09 18.1
649.79 13.6
650.54 31.9
651.67 10.8
652.73 5.8
653.36 6.3
654.34 5.0
655.61 12.6
656.64 12.1
657.36 21.6
658.82 73.4
659.79 29.6
661.23 32.7
663.39 282.4
664.41 109.9
665.28 33.9
666.10 21.5
667.27 93.4
668.29 42.0
669.36 29.9
670.18 35.7
671.46 23.2
672.45 18.8
673.57 71.1
674.76 108.8
675.59 70.0
676.40 16.1
677.41 6.8
679.28 2.8
680.83 29.5
681.98 23.0
682.79 19.3
683.49 8.9
685.58 13.4
686.81 9.6
687.52 12.8
688.39 22.4
689.21 8.6
690.30 12.8
691.22 3.8
692.38 9.8
693.37 4.3
694.44 50.2
695.67 28.3
696.65 15.3
697.32 2.7
698.37 7.4
699.26 8.8
699.97 6.3
701.95 28.1
702.69 3.3
703.48 7.0
704.45 1.8
705.68 3.6
706.51 2.9
707.48 15.6
708.48 23.8
709.15 15.4
710.42 27.4
711.26 19.0
712.48 206.1
713.41 68.8
715.66 21.0
716.96 17.1
717.57 6.3
718.70 8.8
719.98 36.0
721.77 55.8
722.90 6.4
723.92 11.9
724.93 37.1
725.57 48.5
726.41 73.5
727.16 28.6
728.44 29.1
729.36 26.9
730.45 93.9
731.08 42.7
732.69 17.1
734.37 84.6
735.98 45.2
736.87 1.1
737.61 12.9
738.74 418.3
739.63 473.9
740.62 11.6
742.01 41.8
743.09 27.0
743.82 25.4
745.36 388.2
746.17 9.3
747.56 53.0
748.36 22.1
749.11 9.4
750.70 7.8
757.71 1.9
761.40 2.4
762.36 3.1
765.39 2.1
766.25 4.4
769.58 2.2
770.27 1.9
773.61 9.1
774.42 18.6
775.36 31.0
776.21 7.8
778.15 8.3
779.40 1.9
780.98 23.3
781.65 7.5
782.38 5.6
783.24 2.1
784.20 2.5
786.10 35.1
787.14 19.0
789.59 11.8
791.54 289.2
792.60 30.5
793.40 13.7
794.30 48.8
794.92 125.0
795.52 108.4
796.47 2.3
799.70 8.1
800.42 3.1
802.26 11.0
803.36 90.0
804.20 59.6
805.51 16.5
807.62 1.5
808.41 1.6
809.75 2.6
811.55 22.8
812.46 5.2
813.50 2.8
817.60 4.3
818.54 10.3
819.71 9.9
820.51 5.2
822.52 21.7
823.74 5.5
827.72 8.5
828.58 7.3
829.39 5.9
831.29 12.9
832.17 6.0
835.69 4.6
836.45 48.4
837.54 16.6
839.97 2.1
840.66 3.0
841.46 4.3
842.63 5.8
843.36 6.5
843.98 2.1
844.72 1.4
845.56 3.9
846.60 2.6
847.49 2.7
848.47 19.5
849.59 9.0
851.00 28.7
851.93 6.9
852.64 11.2
854.32 12.0
855.67 10.0
857.41 7.8
859.73 27.0
860.52 1.5
862.11 9.2
863.05 8.4
864.16 4.1
865.30 16.0
867.85 40.9
868.60 93.7
869.47 20.4
871.26 6.4
872.55 2.8
873.82 1.7
874.54 16.2
875.72 8.4
876.97 125.5
878.13 37.8
879.10 8.3
879.79 2.1
881.58 4.6
883.06 7.0
884.64 13.5
885.30 2.8
887.04 9.1
888.09 3.8
889.20 11.4
890.24 7.8
890.85 2.4
893.48 7.0
894.64 2.8
896.16 20.0
897.52 6.7
898.61 33.5
902.42 74.1
903.35 35.4
904.81 14.7
907.69 19.7
908.78 4.9
910.74 44.7
911.40 4.3
912.06 10.2
914.69 17.1
916.08 36.0
916.71 10.1
917.44 16.0
918.68 5.2
919.95 44.9
920.69 61.8
921.61 13.6
922.54 6.3
924.85 217.0
925.63 87.8
926.60 13.7
930.50 1.6
931.64 4.2
933.60 359.1
934.56 47.8
935.53 165.0
936.46 67.5
937.92 9.8
938.78 10.6
943.01 16.5
946.09 16.6
946.79 5.8
947.40 6.3
948.36 24.8
949.46 5.7
950.23 3.3
951.52 9.1
953.20 9.9
953.92 4.5
955.40 17.8
956.70 18.7
957.74 9.2
959.30 18.1
960.81 6.4
963.24 5.2
964.63 1.1
965.58 12.9
966.93 6.6
968.49 1.1
969.63 2.2
970.33 12.9
971.34 7.6
973.18 24.1
974.23 9.9
975.64 13.1
976.93 9.1
977.99 5.8
978.71 4.8
980.39 7.7
982.17 58.0
983.09 3.6
984.87 4.5
986.04 9.1
987.66 1.8
988.72 3.7
990.52 79.0
991.19 19.0
991.91 29.4
993.02 16.6
995.73 3.3
997.16 14.6
998.77 1.1
1000.48 10.3
1001.56 4.0
1003.57 5.5
1005.84 18.9
1006.72 5.2
1007.75 4.4
1008.56 1.4
1009.59 7.0
1011.35 5.4
1012.44 22.6
1014.24 4.1
1017.56 138.7
1018.75 25.3
1019.62 3.7
1020.51 7.4
1021.31 14.2
1022.44 13.0
1023.62 23.4
1026.19 233.2
1027.22 20.6
1028.36 7.8
1029.64 1.6
1030.76 5.7
1034.62 100.7
1035.48 7.0
1036.26 7.1
1037.18 4.7
1037.83 3.5
1039.36 3.5
1041.55 11.1
1042.44 3.8
1043.91 23.5
1044.88 34.4
1046.75 12.9
1047.38 4.0
1048.68 101.5
1049.68 20.6
1050.73 6.2
1053.13 223.1
1054.10 7.7
1055.00 5.3
1056.64 12.5
1057.61 15.9
1059.35 2.2
1060.57 16.1
1061.50 218.6
1062.25 230.1
1062.96 6.3
1063.58 6.5
1064.40 29.5
1065.80 1.6
1066.67 2.1
1067.45 2.0
1069.58 6.7
1070.94 1.9
1072.56 1.7
1074.01 25.9
1074.61 135.9
1075.58 56.9
1076.38 5.3
1077.00 5.8
1078.40 2.1
1081.55 2.5
1086.71 10.3
1089.32 6.4
1091.54 236.4
1092.53 30.0
1093.26 25.9
1100.48 1.1
1103.76 2.1
1105.86 7.0
1108.91 2.7
1110.44 8.7
1111.74 1.4
1113.29 3.2
1116.54 3.8
1120.51 26.5
1121.83 7.9
1122.91 1.1
1125.48 5.7
1128.62 6.8
1131.26 4.3
1134.45 6.6
1136.49 3.4
1138.79 3.4
1148.31 2.4
1149.66 1.5
1150.44 6.1
1151.26 2.4
1152.79 5.2
1153.56 3.7
1159.53 1.5
1162.59 1.1
1164.48 3.9
1165.75 3.7
1169.27 2.2
1170.56 2.0
1174.87 1.2
1177.67 116.2
1178.73 24.1
1179.59 7.8
1180.74 2.6
1182.88 5.7
1185.78 14.7
1186.61 3.8
1188.74 4.0
1193.61 4.0
1195.55 12.3
1196.65 3.3
1197.72 1.3
1202.52 17.8
1203.65 51.5
1204.46 14.6
1205.79 13.7
1206.81 2.1
1212.03 1.5
1215.40 1.9
1216.78 6.1
1217.71 1.3
1220.55 115.4
1221.75 8.9
1222.62 8.8
1223.48 14.7
1224.55 5.6
1230.77 3.0
1232.31 2.4
1233.46 2.5
1234.75 28.1
1235.71 20.2
1238.74 3.5
1240.89 3.2
1241.87 4.2
1242.49 4.5
1244.50 2.5
1245.92 5.2
1249.09 5.1
1252.34 3.5
1253.41 3.2
1254.63 4.1
1256.51 2.2
1262.70 1.5
1265.68 4.5
1269.74 7.0
1270.71 2.2
1280.79 1.3
1290.41 2.1
1291.88 1.6
1295.56 3.6
1297.24 3.1
1298.46 6.6
1299.84 9.1
1301.17 6.8
1303.69 1.9
1305.63 2.4
1306.71 7.6
1308.11 3.1
1316.69 25.4
1317.30 1.4
1318.82 1.9
1319.84 1.3
1321.02 5.6
1332.47 1.6
1333.38 7.0
1334.04 9.2
1334.69 3.9
1337.97 1.9
1338.84 3.5
1339.92 2.7
1348.78 12.6
1352.68 2.0
1359.05 2.2
1363.02 2.8
1366.74 2.8
1368.91 1.6
1389.34 1.5
1393.77 5.3
1400.24 4.9
1408.60 2.4
1409.87 11.4
1411.77 4.0
1420.02 2.8
1420.79 2.7
1429.52 3.2
1432.89 4.4
1438.64 1.3
1451.66 8.4
1458.62 3.0
1460.63 5.8
1463.19 1.2
1464.05 3.5
1467.50 3.2
1477.63 9.3
1478.80 5.0
1493.91 6.5
1510.78 2.7
1514.97 5.3
1522.50 8.9
1549.04 2.3
1552.52 4.2
1555.78 2.1
1563.99 4.2
1565.16 4.7
1567.72 2.8
1588.98 1.1
1603.77 2.9
1604.96 7.3
1605.98 3.1
1615.98 2.5
1622.53 3.2
1681.99 2.5
1720.21 6.4
