1996.97331 2
281.23 10.2
282.28 4.0
283.30 3.3
285.21 2.3
290.34 15.1
291.30 5.1
292.24 23.1
293.25 3.5
298.09 22.9
299.28 8.2
300.34 6.1
307.08 7.6
308.28 17.5
310.18 163.9
311.28 45.5
313.02 5.6
314.10 38.4
316.28 2.3
318.31 24.1
319.82 3.4
322.51 11.8
324.35 8.5
325.08 11.3
326.34 54.7
327.22 4.2
328.23 5.2
330.44 7.7
332.37 25.6
337.31 20.3
338.19 3.8
339.33 5.1
340.28 9.6
342.14 26.6
343.41 5.6
344.30 73.0
345.24 22.8
346.03 4.9
353.74 12.1
355.20 13.0
356.25 15.0
357.26 3.1
358.35 4.2
360.39 38.8
362.06 8.0
363.06 13.5
364.15 12.1
365.40 3.6
366.35 5.4
367.42 16.4
368.21 1.9
372.21 12.1
373.20 21.8
374.36 7.4
376.91 11.7
378.05 5.5
379.36 36.1
380.23 8.4
381.35 16.2
382.32 34.2
383.25 56.4
384.58 11.6
385.23 7.7
386.48 3.1
387.26 5.4
389.44 3.6
391.26 169.0
392.20 23.8
394.49 7.8
397.23 690.6
398.23 110.1
399.28 10.0
400.29 10.3
401.30 25.0
404.80 15.6
407.35 5.1
409.24 327.0
410.15 38.8
411.22 15.4
412.55 16.3
415.23 2.3
418.28 18.3
419.43 4.3
421.15 5.2
422.30 6.6
424.22 7.0
425.21 5.2
426.57 33.5
427.35 110.3
428.32 33.8
429.47 16.4
430.70 29.0
431.35 146.5
432.30 12.9
433.20 25.1
436.32 82.7
437.39 11.4
438.16 3.4
439.48 6.4
440.25 9.3
441.12 21.4
442.39 2.7
443.40 33.8
444.86 26.3
445.54 37.9
446.34 2.0
447.42 15.2
448.33 95.3
449.39 11.9
450.96 4.0
452.99 7.8
454.03 11.9
455.31 33.8
457.28 26.6
458.32 18.1
459.36 19.1
460.65 6.0
461.35 18.5
466.32 107.9
467.29 28.1
471.62 13.0
472.36 20.4
473.35 15.0
474.19 10.0
475.26 10.5
476.99 26.2
484.30 3029.8
485.32 453.3
490.13 3.9
492.03 18.1
493.42 17.5
494.32 35.4
495.34 29.7
496.22 17.6
497.46 12.5
500.44 10.4
501.21 3.9
502.48 11.9
510.08 6.6
511.29 28.6
512.35 27.9
513.43 4.9
514.27 4.7
515.35 8.7
516.64 6.9
517.42 3.0
518.04 3.1
520.28 174.6
521.34 73.0
522.15 3.6
524.33 36.5
525.44 10.7
526.28 2.7
528.41 14.6
529.28 14.5
530.52 14.7
531.19 4.4
533.75 2.3
534.46 9.4
535.65 10.4
537.03 15.3
538.20 585.9
539.29 95.9
540.28 18.3
541.22 10.3
542.26 29.1
543.45 9.3
544.32 2.4
545.26 4.2
546.42 51.2
547.34 3.6
550.34 3.0
551.46 9.8
552.64 24.6
553.35 21.0
556.29 437.2
557.38 70.6
558.28 32.0
560.28 41.2
561.21 48.6
562.25 11.4
564.20 6.8
568.50 56.8
569.29 33.1
570.43 30.2
571.55 21.8
572.65 6.0
573.74 24.8
574.36 226.4
575.38 52.7
579.45 24.9
580.34 28.1
583.39 8.0
584.28 3.8
584.92 4.3
586.14 39.4
587.44 8.3
588.53 5.1
589.52 10.4
590.54 9.8
593.41 23.5
594.71 3.1
595.43 25.3
596.32 15.7
597.39 947.3
598.45 207.6
599.86 7.2
603.49 6.3
604.26 4.0
605.17 3.8
606.48 17.0
607.37 48.5
609.39 3.1
614.13 18.8
615.16 11.1
616.36 3.0
620.70 4.7
621.40 2.4
622.24 8.0
623.41 32.3
624.48 27.3
625.80 34.2
626.69 37.0
628.58 10.7
633.45 75.1
634.55 24.5
635.24 14.0
636.27 3.4
637.30 12.8
638.57 10.6
639.35 9.3
641.40 25.2
642.34 39.9
643.05 15.2
646.55 16.3
647.31 5.2
648.46 7.3
651.39 238.5
652.40 36.6
653.41 34.0
654.82 7.7
656.24 8.3
657.38 16.7
659.36 16.4
660.53 8.9
662.45 5.9
664.27 29.9
665.31 3.9
669.32 532.8
670.41 200.4
671.26 45.1
672.80 55.7
673.55 12.1
674.46 20.9
675.44 16.8
678.27 4.7
680.53 14.6
681.57 20.5
682.36 16.8
683.41 8.7
684.36 7.7
685.47 3.9
686.42 5.1
687.46 256.1
688.49 58.5
689.37 23.9
690.20 8.0
693.66 8.6
695.62 5.3
696.32 3.3
697.42 23.9
698.27 5.2
699.20 31.9
700.03 11.3
701.03 23.6
702.41 2.4
703.78 16.8
704.42 39.8
707.41 149.4
708.46 221.4
709.46 49.6
710.40 16.1
712.03 11.4
712.64 28.2
713.39 18.1
714.65 22.5
715.59 13.7
717.15 2.3
720.22 7.6
721.30 14.1
722.40 3.9
725.44 1018.3
726.59 261.2
727.44 3.4
730.38 34.6
731.35 2.7
734.35 3.0
735.34 8.0
736.27 22.0
737.79 6.5
739.59 9.1
741.27 14.0
743.19 29.1
744.87 34.5
746.30 16.0
747.35 17.2
748.22 44.4
749.20 10.9
750.49 6.2
751.18 7.4
753.35 17.7
754.41 8.8
755.39 2.2
756.30 11.8
757.40 77.7
758.46 5.6
759.22 14.1
760.79 10.2
761.71 12.8
762.51 3.1
763.42 2.0
764.46 2.4
766.29 131.2
767.00 9.7
767.61 21.1
768.51 65.7
769.45 27.5
770.91 40.7
771.62 6.1
772.32 2.9
773.38 6.1
774.53 28.3
777.15 61.5
778.39 2.3
779.44 4.7
780.35 2.5
781.26 6.1
782.35 5.5
784.23 176.0
785.49 51.7
786.40 20.5
788.20 39.9
789.51 5.5
790.35 3.9
791.47 14.7
792.18 21.7
793.52 32.8
794.66 24.0
797.52 13.0
800.32 26.2
801.27 42.9
802.37 250.5
803.27 48.6
804.51 3.8
805.67 7.5
809.01 14.4
810.13 125.9
810.97 54.8
812.07 7.1
813.24 27.6
815.23 6.5
818.66 113.4
819.69 43.4
820.66 8.3
821.70 3.1
826.57 37.3
827.39 261.5
828.08 160.3
828.86 3.5
829.69 4.4
830.39 9.2
831.41 14.3
832.33 6.3
833.93 8.3
834.92 30.2
836.43 206.4
837.46 132.3
838.43 9.9
839.45 8.7
840.35 6.3
841.79 3.6
842.78 7.3
843.44 23.0
844.16 2.5
845.94 4.8
847.27 42.0
848.44 12.9
849.39 25.8
850.00 15.5
850.64 6.6
851.80 27.2
853.44 52.5
854.50 2386.6
855.44 707.0
857.16 47.2
859.99 134.5
861.01 72.6
862.11 32.8
863.28 31.8
864.46 56.3
865.62 34.1
866.52 54.3
867.28 45.8
868.85 148.6
869.69 225.8
870.83 27.4
871.63 6.2
873.46 11.3
876.69 24.0
878.27 589.8
879.25 25.6
880.38 57.2
881.41 91.0
882.11 5.2
882.72 43.2
883.66 11.2
884.43 55.1
885.50 48.5
887.06 7.3
888.75 9.9
890.13 9.7
893.33 7.4
894.85 12.2
895.68 22.5
896.79 20.1
897.56 17.1
898.47 110.8
899.38 108.2
900.55 43.5
901.47 66.1
902.97 60.8
903.57 36.4
905.08 14.5
906.54 6.4
907.19 15.0
908.20 57.8
908.93 9.6
909.56 10.1
911.55 20.4
912.32 13.9
913.30 25.3
913.94 5.4
914.74 29.6
915.48 46.0
916.47 184.3
917.62 77.6
920.75 12.9
922.75 11.1
923.48 19.9
924.31 26.1
925.40 18.4
926.20 12.0
927.32 36.5
928.02 10.3
928.71 17.0
929.64 9.4
931.29 9.7
932.71 54.8
933.69 56.1
934.56 29.7
935.70 6.8
938.84 26.9
939.59 2.4
940.57 25.6
941.50 22.8
942.46 13.4
943.56 9.5
944.53 8.9
946.21 13.8
947.51 39.0
950.11 125.6
951.44 9.3
952.30 3.5
953.88 4.3
955.07 8.3
956.34 10.7
958.81 45.5
959.79 73.6
961.56 23.5
963.74 224.3
964.90 18.7
965.70 30.4
967.54 692.1
968.51 324.3
969.39 24.2
970.85 11.3
972.54 724.1
973.65 53.7
974.30 12.3
974.96 3.6
976.74 34.9
977.42 35.6
978.44 38.4
980.55 4.9
981.36 1458.3
982.13 523.6
983.20 11.3
986.89 9.7
999.70 2.8
1008.17 11.6
1011.57 3.5
1012.56 73.7
1013.58 112.0
1014.65 37.5
1017.25 4.5
1022.49 2.6
1023.52 13.3
1024.45 6.9
1025.48 10.7
1026.75 4.9
1028.60 6.4
1030.48 96.3
1031.35 35.7
1032.48 25.5
1033.52 22.9
1035.26 2.7
1036.81 12.8
1038.90 16.4
1039.58 8.5
1040.96 15.4
1041.63 6.4
1042.94 10.8
1044.52 3.1
1046.72 15.1
1047.58 8.0
1049.01 11.2
1050.30 40.4
1051.45 12.1
1052.54 11.7
1053.66 15.6
1056.35 17.4
1057.42 8.0
1058.62 21.7
1063.70 21.9
1064.61 70.4
1065.36 14.0
1065.97 7.7
1067.87 4.9
1068.99 4.9
1069.84 43.9
1073.62 23.7
1075.85 28.0
1077.33 6.2
1078.52 2.6
1080.41 37.3
1081.58 921.9
1082.59 451.3
1083.58 5.8
1085.46 4.0
1086.73 7.4
1088.35 2.2
1089.84 21.2
1090.64 49.8
1091.53 41.1
1092.62 14.1
1093.68 14.4
1095.72 7.8
1098.06 3.5
1098.67 11.3
1099.64 40.6
1100.37 10.7
1101.49 5.1
1107.53 227.6
1108.47 288.4
1109.53 133.7
1110.76 19.0
1111.69 5.0
1115.95 28.5
1116.99 12.7
1117.92 4.9
1118.54 10.5
1120.66 2.5
1122.49 24.0
1124.26 71.4
1125.59 744.9
1126.55 608.9
1127.55 79.5
1128.60 9.5
1129.64 2.1
1130.72 16.4
1134.64 11.0
1135.57 44.2
1136.92 3.7
1137.79 11.2
1139.59 2.3
1141.57 17.7
1142.34 22.7
1143.55 483.6
1144.59 220.7
1145.57 15.3
1146.33 8.9
1147.50 21.1
1148.78 22.5
1152.50 19.1
1153.66 65.5
1154.55 2.1
1157.33 13.7
1158.55 38.3
1159.69 20.7
1160.72 12.7
1161.44 12.1
1162.60 6.7
1164.49 7.8
1165.77 5.2
1169.73 32.1
1170.56 29.1
1171.54 18.2
1174.65 25.4
1178.05 35.9
1178.73 109.6
1179.79 45.6
1183.08 6.3
1183.80 12.4
1184.43 8.0
1191.19 3.7
1193.57 2.6
1194.64 36.7
1195.64 1353.7
1196.63 693.9
1197.71 21.2
1199.70 3.3
1201.76 16.2
1202.61 7.5
1204.25 83.1
1207.03 16.8
1207.77 2.2
1209.48 12.7
1210.54 17.1
1211.51 12.1
1212.63 7.3
1214.17 2.3
1218.53 11.2
1219.68 18.5
1220.57 32.8
1221.65 17.8
1224.43 9.5
1226.84 5.3
1229.54 2.0
1230.29 2.6
1235.34 27.4
1236.63 126.6
1237.59 164.8
1238.49 96.9
1239.30 12.3
1239.94 4.5
1240.72 2.4
1241.82 16.0
1242.64 5.9
1244.24 2.2
1247.47 1.9
1248.28 8.1
1248.98 7.9
1249.80 6.5
1251.15 15.7
1252.50 27.4
1253.72 79.0
1254.56 206.8
1255.52 234.4
1256.79 34.9
1257.81 10.0
1258.54 1.9
1259.88 21.3
1262.35 22.6
1264.45 25.5
1265.53 54.9
1266.66 4.3
1267.59 2.7
1268.37 3.2
1269.50 18.2
1270.92 15.3
1271.74 117.6
1272.66 362.7
1273.50 138.5
1274.42 11.0
1275.77 43.7
1276.72 41.7
1277.56 14.8
1279.55 5.8
1281.64 10.2
1283.03 14.9
1283.80 15.0
1284.87 2.4
1285.60 5.7
1286.50 7.0
1287.76 11.3
1289.27 12.3
1290.25 10.9
1291.06 5.3
1291.83 20.6
1292.69 113.4
1293.63 328.6
1294.73 165.6
1295.96 26.7
1296.74 3.6
1298.72 12.3
1299.72 11.9
1300.49 6.5
1302.93 4.1
1306.50 5.9
1307.52 36.3
1308.78 7.2
1310.64 3368.9
1311.75 1685.0
1312.73 47.3
1321.32 10.2
1322.89 24.8
1323.63 4.0
1324.42 5.9
1329.68 6.2
1331.99 6.9
1332.96 4.3
1333.97 7.5
1338.85 2.7
1340.60 23.2
1341.77 10.6
1344.61 11.5
1346.63 16.2
1347.67 33.9
1348.53 51.7
1349.72 13.6
1350.69 10.2
1351.71 7.1
1354.55 4.6
1355.55 8.8
1357.02 2.3
1358.48 31.4
1359.27 16.8
1363.03 8.1
1364.59 71.5
1365.74 114.1
1366.64 58.5
1367.58 20.3
1368.70 9.6
1372.74 15.9
1373.54 2.8
1374.81 6.6
1376.79 4.7
1380.85 2.9
1381.85 40.9
1382.70 144.3
1383.67 249.3
1384.76 98.1
1385.46 2.0
1388.37 25.1
1389.56 23.3
1393.68 3.4
1394.60 11.6
1396.04 6.8
1398.59 12.5
1399.58 40.9
1400.73 396.8
1401.65 129.2
1402.72 8.4
1403.63 2.3
1404.24 14.1
1405.72 69.9
1406.69 230.6
1407.88 119.2
1410.62 14.5
1412.48 8.7
1415.64 3.1
1420.84 2.7
1423.69 2043.5
1424.82 1205.7
1425.82 18.0
1426.55 11.2
1429.52 4.2
1433.91 22.4
1434.91 10.6
1435.62 14.3
1436.84 4.2
1443.55 19.2
1444.86 25.7
1446.05 8.9
1446.71 3.8
1448.61 2.0
1450.84 11.4
1451.72 39.7
1452.81 9.2
1454.85 3.7
1455.78 7.9
1459.97 56.2
1460.80 75.9
1461.74 99.8
1462.90 32.5
1464.93 11.7
1466.89 5.0
1468.89 14.5
1469.70 28.3
1470.90 8.8
1471.70 26.9
1473.73 5.2
1477.90 207.2
1478.79 398.0
1479.70 154.8
1480.61 70.0
1482.55 10.0
1484.86 2.5
1485.80 14.6
1486.73 13.6
1487.58 3.6
1488.68 9.1
1491.65 3.1
1495.72 1126.7
1496.74 1350.7
1497.65 306.7
1498.99 25.5
1506.82 4.4
1508.80 3.1
1513.73 1348.4
1514.72 693.2
1516.00 30.4
1516.78 2.8
1518.07 17.5
1519.25 2.1
1520.75 3.5
1521.84 4.9
1523.72 11.5
1530.04 7.6
1531.71 15.3
1533.30 3.4
1534.85 80.3
1536.00 46.4
1536.96 25.7
1537.72 8.9
1547.37 61.6
1548.05 9.6
1549.01 14.9
1549.93 20.4
1552.79 393.7
1553.91 259.6
1555.08 12.9
1556.02 6.1
1557.36 9.3
1558.50 13.0
1564.65 68.2
1565.79 180.8
1566.74 51.4
1567.59 20.9
1572.73 3.6
1574.03 17.3
1581.69 9.4
1582.83 213.1
1583.77 216.2
1584.76 104.1
1585.72 9.1
1591.53 5.0
1597.63 2.4
1600.86 406.5
1601.86 155.8
1602.70 24.1
1603.92 6.0
1606.18 4.9
1608.79 22.6
1610.16 3.5
1617.72 7.9
1618.86 35.1
1619.72 1.9
1629.77 4.0
1632.82 8.8
1633.65 26.9
1634.61 24.6
1635.77 21.3
1636.89 42.9
1648.97 3.9
1651.61 40.4
1652.89 62.5
1653.73 169.5
1654.81 105.0
1655.61 11.1
1656.23 3.5
1669.82 68.2
1670.92 93.5
1671.80 17.0
1687.71 103.5
1688.81 92.2
1689.59 7.0
1696.10 6.0
1696.81 16.1
1701.82 3.7
1703.36 11.6
1720.06 7.8
1720.89 3.1
1722.21 15.3
1737.97 16.8
1739.26 6.4
1740.32 4.5
1746.17 9.0
1754.77 37.8
1755.58 44.8
1756.27 23.9
1761.72 15.9
1769.89 2.2
1779.63 5.1
1781.67 11.4
1782.95 13.7
1787.86 15.2
1796.67 18.2
1797.75 46.1
1798.78 11.8
1799.80 3.2
1800.67 10.8
1806.68 4.5
1815.03 48.8
1815.96 58.1
1817.06 60.5
1817.94 7.7
1822.86 9.9
1831.74 2.8
1833.00 113.5
1833.82 53.0
1834.96 67.3
1843.34 7.4
1850.82 185.7
1851.86 141.1
1852.67 22.1
1865.93 3.0
1869.16 8.4
1870.00 4.8
1879.33 23.3
1906.31 6.4
