679.5128 2
97.13 52.4
97.98 96.2
100.16 6144.9
101.24 195.1
105.21 255.3
106.94 132.6
109.16 42.0
110.15 576.0
111.10 4271.7
112.18 698.8
113.12 36.3
117.23 1335.8
118.18 83.3
119.17 362.1
121.03 93.2
123.10 55.1
124.21 333.0
126.06 728.9
127.06 1189.1
128.16 7361.6
129.25 495.3
131.34 144.1
133.29 88.1
134.08 59.4
135.27 214.1
136.21 185.1
139.18 1365.7
140.19 2235.0
141.18 191.2
142.22 259.9
145.15 86.2
147.20 2861.1
148.20 298.7
149.19 1265.4
150.21 127.4
152.14 117.8
157.17 205.8
158.09 185.8
158.93 143.4
162.19 587.8
163.65 2584.4
164.36 426.2
165.18 205.4
166.25 968.3
167.12 205.2
172.25 578.4
174.16 263.4
175.27 646.8
176.25 244.7
179.19 54.7
180.06 391.0
182.24 9314.6
183.21 757.6
186.47 72.4
192.15 4468.2
193.23 1024.1
198.16 1390.6
199.40 197.5
205.12 417.6
206.23 46.7
209.31 40476.9
210.19 182271.9
211.16 19916.9
211.76 67.6
213.41 4401.3
214.94 64.3
218.20 1269.3
218.81 467.7
221.46 76.1
227.23 139487.9
228.24 33605.4
229.32 1979.7
230.21 44.5
233.11 47.6
235.81 379.5
237.19 135.8
239.07 65.5
240.25 90.2
243.06 162.3
244.19 199.2
245.25 942.3
246.26 118.7
251.09 155.8
253.42 70.4
254.03 36.6
254.95 40.0
256.01 67.5
258.91 127.5
260.39 297.3
265.13 98.2
267.91 23576.1
268.87 219.8
274.25 107.7
275.32 36.2
276.89 503980.3
277.86 999.6
278.69 325.4
279.61 580.1
280.49 86.7
281.71 2511.2
282.46 900.3
283.10 48.3
285.23 4979.8
285.87 1259.3
288.09 44.1
289.32 155.9
291.25 68.9
292.37 172.5
293.39 1170.1
294.24 185.0
295.25 177.4
296.48 65.9
297.32 98.5
301.24 166.9
304.35 76.4
305.26 66.8
306.67 98.2
308.66 178.6
309.36 412.0
310.22 156.6
312.26 70.5
313.43 97.4
317.48 291.8
318.40 4355.0
319.38 748.9
322.40 19857.5
323.43 394.5
325.30 5665.8
326.37 12236.3
327.37 1724.0
331.42 376366.6
332.23 792.4
333.11 298.4
334.00 98.3
335.20 153.2
336.14 94.9
336.91 76.3
343.44 2028.9
344.39 1970.7
354.31 256.7
355.52 213.8
415.34 108.4
417.64 92.1
434.43 3958.2
435.38 16695.7
436.37 4535.1
437.38 338.4
452.45 187948.1
453.41 101329.2
454.48 17336.8
469.85 146.5
471.43 1540.5
472.46 567.4
501.56 98.9
534.65 657.0
535.54 66.7
551.44 160.9
552.53 1711.9
553.55 818.7
561.31 143.5
562.58 324.1
563.49 3049.5
564.48 344.5
567.33 86.8
580.64 1407.9
581.58 528.2
614.97 51.7
615.68 30.5
661.59 84.8
679.81 403.7
