882.3387299999999 2
128.16 250.1
129.11 26.5
130.17 18.5
131.09 3.8
133.08 4.2
135.27 2.0
137.24 7.1
139.29 3.2
141.13 2.4
146.16 7.6
147.21 7.0
149.21 13.5
151.20 2.2
153.39 2.8
156.14 1.3
157.06 7.6
159.15 1.7
160.10 13.8
161.22 20.0
162.14 177.2
163.15 15.2
165.30 1.8
167.13 1.1
171.15 2.5
175.49 9.9
176.24 3.8
177.23 2.8
179.35 7.5
181.23 4.0
182.24 3.3
185.14 6.0
186.07 1.3
187.17 8.3
189.11 7.8
190.24 5.4
191.29 7.5
192.28 1.0
193.22 10.5
194.35 2.6
195.40 2.5
196.89 1.2
204.09 1.2
205.20 9.9
207.30 3.2
211.25 3.5
213.23 9.5
215.30 5.0
216.05 2.8
217.29 5.1
219.44 2.7
221.06 3.7
223.17 7.1
225.27 3.2
226.40 2.1
227.94 2.4
229.18 9.6
231.11 1.4
233.37 4.0
238.27 5.1
240.95 10.7
243.16 2.6
244.25 2.5
245.22 4.4
251.38 1.1
252.39 3.1
255.14 10.7
257.05 2.9
259.31 6.3
260.69 3.7
261.66 2.3
263.39 12.0
264.38 3.9
267.01 1.4
267.67 2.1
269.25 1.8
271.30 1.6
272.23 2.1
273.16 1.0
275.22 1.6
277.18 3.5
278.22 4.9
279.49 4.5
280.39 4.7
281.12 5.7
283.36 1.1
285.27 18.5
287.28 1.1
288.27 2.5
289.45 1.9
291.20 6.7
292.78 11.1
293.39 10.2
294.37 1.2
295.29 6.6
296.91 8.9
298.22 8.9
299.44 7.8
300.30 2.8
301.44 8.7
303.35 1.8
304.19 3.8
305.39 16.6
306.10 10.3
307.22 17.8
307.86 8.1
309.23 13.8
310.25 2.1
311.18 7.7
312.38 3.5
313.06 7.4
314.00 4.7
315.24 23.2
316.27 5.9
319.03 7.3
323.44 5.2
325.70 1.3
326.96 6.0
328.66 8.5
329.43 5.6
332.08 1.3
339.10 4.9
341.34 12.2
342.52 10.1
343.29 6.6
344.22 4.7
344.90 2.0
347.25 21.7
349.15 2.6
351.18 7.5
354.27 9.7
355.23 17.6
356.28 10.5
357.52 1.4
359.30 1.9
360.30 9.3
363.04 1.9
365.47 1.6
367.30 141.5
368.13 8.1
369.25 3.9
371.24 13.2
372.05 12.5
374.10 10.7
374.84 21.6
377.31 6.2
378.99 6.6
381.34 10.1
383.10 15.9
385.21 6.6
385.99 2.6
386.77 2.8
390.97 1.1
393.26 12.1
395.14 8.2
397.25 21.3
398.25 4.7
399.23 6.1
401.79 2.8
403.20 1.6
405.27 11.6
406.06 3.5
407.45 15.3
408.15 6.9
409.71 6.1
410.85 15.3
411.54 5.1
412.18 2.3
413.07 5.4
413.99 5.4
414.60 6.5
417.22 4.9
418.72 7.0
419.34 12.3
423.24 127.1
424.26 48.9
425.17 2.9
426.23 18.6
432.10 52.5
441.76 7.4
472.61 2.9
498.32 7.5
525.35 6.2
707.16 2.7
714.35 1.7
859.52 1.1
