921.5136 2
130.18 5.8
137.52 5.3
138.90 2.8
140.26 9.1
144.14 3.5
145.17 6.2
147.40 1.1
151.25 6.1
152.36 2.1
153.09 2.0
155.19 1.5
156.29 2.7
157.27 13.5
158.22 39.8
159.34 1.4
162.06 1.3
163.09 8.8
165.11 1.6
167.04 6.8
171.10 8.1
173.13 4.4
175.16 109.7
176.16 12.2
179.05 24.9
180.18 10.2
181.17 1.1
183.33 7.3
184.32 6.8
185.27 7.0
187.19 7.3
192.23 2.2
194.20 3.5
195.20 6.2
197.23 20.2
198.37 3.2
199.35 1.9
200.15 112.9
201.07 9.8
202.42 2.5
203.07 3.4
207.95 5.3
210.19 2.7
211.28 3.0
212.27 13.6
213.28 1.7
216.38 4.6
224.22 4.6
225.96 5.2
227.25 5.8
228.13 51.8
229.22 8.6
233.32 3.7
234.28 32.9
235.16 2.7
237.23 8.7
238.31 4.0
240.30 2.2
242.53 3.0
243.22 9.2
251.16 5.7
252.19 13.7
254.26 26.7
255.29 55.6
256.35 22.2
262.76 1.8
265.18 1.8
266.26 1.3
267.23 3.3
268.09 4.2
269.34 6.7
270.29 13.0
272.34 85.3
273.28 24.0
276.54 14.8
277.19 50.9
278.31 7.4
279.17 2.3
280.27 1.9
282.40 3.8
284.33 11.1
285.21 9.0
287.09 1.4
289.26 1.6
290.34 1.1
291.37 21.8
294.25 22.5
295.03 11.7
297.24 14.9
299.59 11.3
300.19 2.6
303.25 4.8
304.49 2.1
305.20 3.6
306.16 4.7
307.35 4.3
311.14 35.4
312.20 3.1
315.15 11.0
323.10 15.3
324.27 4.2
325.53 1.1
329.23 38.0
330.38 9.7
332.61 6.2
333.33 4.9
334.99 2.9
335.72 7.3
337.42 4.7
338.55 7.7
339.46 16.9
340.26 2.6
341.12 2.5
343.22 10.2
344.43 3.0
346.49 1.6
347.38 5.6
348.20 8.7
349.45 6.4
350.68 15.0
351.44 16.6
352.32 5.8
353.92 3.5
355.33 4.4
361.11 5.4
362.22 4.6
364.09 4.4
365.36 3.6
366.69 3.5
368.26 15.8
369.08 9.5
369.85 8.9
370.48 3.2
371.67 12.6
372.44 8.5
374.51 15.4
376.31 9.9
376.98 1.0
379.28 20.7
380.81 10.9
381.64 11.0
382.50 17.3
383.39 23.8
384.02 3.3
385.55 45.8
386.26 16.9
388.29 10.5
389.29 4.1
390.55 10.9
391.61 7.2
393.35 37.5
394.32 17.7
395.08 11.2
398.04 3.6
398.65 5.8
399.47 5.3
400.22 30.0
401.12 16.7
402.39 15.4
403.35 1.2
404.78 5.1
405.49 12.8
407.03 47.5
407.93 12.0
409.57 85.8
410.32 24.2
411.42 12.5
412.40 7.4
413.32 4.0
415.31 29.4
415.99 57.9
417.04 34.7
417.83 17.9
419.12 3.0
420.52 12.0
421.44 59.0
422.33 126.2
424.08 130.3
424.93 83.9
426.31 15.6
427.46 7.3
428.74 13.8
430.53 266.4
431.53 123.6
432.18 3.2
434.28 50.1
435.33 5.7
437.31 25.4
438.73 178.5
439.52 1202.1
440.29 40.5
440.95 12.8
441.64 14.0
443.52 319.5
444.28 81.9
444.93 7.2
446.49 313.2
447.55 8.5
449.56 11.0
450.21 35.3
452.51 1211.8
453.37 26.9
454.26 13.3
454.86 4.8
468.37 3.5
470.42 1.6
471.17 1.9
472.38 15.3
476.35 12.0
477.32 28.2
478.21 2.6
479.26 4.5
480.38 2.6
482.46 5.3
485.36 2.4
486.19 2.7
487.55 1.5
492.50 2.9
493.31 7.6
494.28 10.7
495.12 1.5
497.23 31.2
498.23 2.5
503.46 5.4
507.36 8.3
509.26 20.4
510.47 13.6
511.40 3.8
512.71 1.6
515.31 9.2
519.43 21.5
520.33 1.6
532.58 1.2
533.31 28.2
534.60 7.0
537.38 42.3
538.40 29.1
539.48 5.8
553.39 3.9
554.48 22.4
560.07 3.8
563.11 4.6
566.28 6.7
571.43 32.6
572.54 36.0
575.78 9.2
576.47 40.4
577.33 16.2
578.50 13.5
581.53 6.7
584.34 3.2
585.42 1.2
587.26 5.8
589.72 1.8
590.46 10.9
591.45 4.9
592.74 6.0
593.45 10.3
604.34 16.1
605.46 15.4
606.35 7.0
607.50 2.1
609.19 9.0
610.26 9.7
611.33 22.1
612.40 2.8
616.47 10.5
618.64 1.6
620.36 5.7
622.36 222.2
623.36 97.8
624.54 10.0
626.48 1.9
628.57 1.9
629.38 3.9
630.60 1.7
632.49 43.5
634.34 220.6
635.40 66.4
636.29 4.5
647.30 1.7
650.38 167.8
651.43 61.4
652.46 11.0
653.58 11.1
654.60 8.2
655.47 5.8
658.71 12.4
659.50 16.1
660.40 7.0
661.49 2.6
662.25 3.4
663.41 8.8
664.51 7.3
665.65 3.9
668.59 33.7
669.53 11.9
670.38 5.1
672.51 21.8
673.54 14.6
674.61 3.4
676.30 47.7
677.40 289.0
678.50 125.6
679.44 3.7
680.15 3.9
685.52 9.0
686.34 4.2
687.50 29.7
688.66 7.4
692.21 1.2
693.47 3.3
694.42 50.3
695.36 29.5
701.55 3.7
702.49 3.1
703.55 72.2
704.62 57.7
705.46 97.6
706.56 108.8
708.58 3.4
713.38 4.7
716.45 2.9
717.28 2.6
718.69 16.8
719.58 27.9
720.47 7.1
721.48 9.5
722.56 8.2
723.50 3.1
724.54 14.5
729.32 14.8
730.44 45.1
731.56 18.4
733.42 1.1
735.49 6.4
743.41 6.2
747.47 151.5
748.50 223.6
749.56 97.4
750.48 9.8
760.18 12.4
760.81 8.3
761.55 23.9
764.37 25.7
765.48 293.5
766.53 137.1
767.45 3.4
789.38 2.7
800.63 3.7
825.46 4.2
828.79 6.8
831.81 2.4
845.65 2.2
855.45 4.8
856.37 16.0
857.43 3.0
861.58 2.3
862.50 8.2
881.55 10.4
882.63 5.4
899.61 253.1
900.55 204.2
901.56 16.6
