1754.80376 2
252.46 2.3
268.23 3.2
285.31 3.2
286.30 21.4
288.19 1.4
303.29 47.8
306.27 1.9
310.15 2.4
315.12 5.0
324.20 3.2
347.31 2.3
352.14 1.2
357.89 1.4
368.00 1.9
370.38 1.6
378.21 1.2
379.27 1.1
383.03 7.4
386.31 3.5
391.07 1.5
395.49 6.5
398.22 3.3
400.37 3.3
404.03 3.1
406.23 1.7
411.74 6.0
414.42 18.7
418.44 1.9
420.12 1.3
424.98 7.5
430.41 1.7
432.39 30.1
437.16 1.8
438.08 1.9
439.19 1.4
441.15 1.7
443.58 3.8
448.87 4.5
450.62 2.6
451.30 2.4
453.37 1.6
455.13 1.8
456.23 1.3
467.15 4.3
468.21 3.1
469.30 2.3
471.35 2.8
474.66 5.6
480.32 1.3
481.49 2.3
482.21 3.7
484.07 1.1
485.38 13.1
487.26 3.3
492.45 4.9
494.48 2.4
496.27 2.7
498.29 5.6
503.29 180.0
503.91 8.0
504.52 20.8
506.54 1.6
508.60 1.7
510.19 11.5
512.34 3.1
516.39 6.6
518.82 2.5
519.43 1.9
520.47 4.8
522.63 6.1
523.39 4.6
525.33 7.8
533.48 3.8
534.30 2.6
536.47 1.1
539.61 1.0
540.64 2.5
545.90 2.2
548.70 1.7
551.63 10.1
552.31 2.9
553.46 4.9
554.08 5.5
555.18 1.1
557.49 1.7
561.05 2.4
563.59 5.1
564.36 9.1
565.21 2.4
568.37 3.7
570.66 5.5
573.25 1.5
574.19 1.9
575.67 1.7
579.29 3.0
583.64 1.8
585.22 3.4
588.90 8.4
591.52 18.6
592.32 6.4
593.05 1.9
594.35 3.1
595.32 7.8
596.45 3.6
597.43 6.1
600.30 13.6
601.33 19.2
602.41 6.9
607.13 6.9
611.90 8.2
613.47 4.2
615.62 3.3
617.52 1.2
618.38 11.9
619.39 5.1
625.57 6.1
626.20 3.7
631.35 12.4
632.74 8.1
634.41 3.7
637.29 2.4
638.31 1.7
640.15 3.1
642.91 7.2
645.05 5.2
648.00 15.5
649.18 11.1
650.46 6.6
651.32 6.5
653.14 7.2
654.98 1.5
656.87 18.2
660.16 2.3
661.61 13.1
664.42 7.2
665.31 2.6
666.34 16.8
667.25 7.5
668.66 2.4
670.52 4.3
671.38 1.6
672.50 7.3
673.16 6.1
674.37 1.7
675.32 6.7
677.37 3.4
684.15 3.3
685.58 3.8
687.43 18.9
688.36 3.6
690.28 15.0
691.10 5.7
692.25 3.6
693.57 4.7
696.76 10.2
697.49 8.1
698.27 1.7
699.32 3.0
700.85 2.1
703.07 4.5
704.20 1.9
705.35 28.8
706.10 9.9
707.11 2.0
708.77 17.2
710.96 4.0
713.06 9.4
717.72 5.0
720.07 3.1
721.56 10.8
722.42 11.0
723.54 1.6
726.44 4.4
728.23 6.9
729.22 1.4
732.29 1.1
733.32 1.9
736.44 4.8
737.48 1.4
738.64 10.5
739.89 12.1
740.58 12.1
742.24 2.5
743.52 3.1
744.91 6.0
746.11 4.5
747.33 1.7
748.78 29.9
749.53 13.8
750.52 11.1
755.92 4.7
756.73 3.7
757.38 16.2
758.01 15.4
762.37 8.2
763.37 4.5
764.22 5.5
765.39 7.1
767.99 10.4
769.73 13.9
772.19 7.0
774.08 18.5
774.95 19.1
775.64 1.1
778.38 6.3
779.42 8.4
780.38 6.3
781.38 3.1
782.33 2.9
783.22 6.1
787.08 3.2
789.57 9.8
791.41 36.1
793.54 10.7
794.48 8.2
795.42 4.4
799.16 4.9
800.67 5.3
804.26 3.5
805.15 7.6
806.34 3.7
808.83 10.0
811.62 35.1
812.45 12.4
813.73 12.0
814.52 5.6
815.21 8.3
816.59 6.2
818.46 38.2
819.09 1.4
820.58 7.5
821.37 10.8
822.78 17.6
823.52 2.1
824.71 21.2
825.55 11.9
826.36 1.4
827.58 4.7
828.97 7.5
830.56 97.1
831.26 2.0
832.34 19.1
833.39 50.2
834.46 24.4
836.02 41.6
836.89 21.5
837.68 21.6
839.05 142.7
839.93 20.8
841.71 33.4
842.69 35.2
843.87 11.5
845.30 126.7
846.25 9.9
847.60 44.9
848.67 36.4
849.62 9.9
850.83 193.9
851.69 260.8
852.56 17.4
854.16 242.2
854.98 56.7
855.88 17.0
856.51 6.6
860.23 1499.9
860.99 421.6
861.62 72.4
863.25 126.5
864.18 7.3
865.98 1.8
869.14 32.7
870.64 2.7
871.89 7.8
887.53 25.8
890.71 1.6
902.53 1.2
906.22 3.7
924.32 3.1
925.23 4.4
932.33 4.5
943.58 3.4
952.63 6.8
956.78 4.6
964.50 4.4
966.72 6.3
971.61 3.7
992.61 2.0
1006.44 7.3
1008.50 3.7
1012.52 1.1
1016.55 3.8
1017.47 1.4
1020.48 2.7
1023.23 7.5
1030.12 1.4
1030.78 2.7
1032.83 1.0
1034.19 2.3
1035.80 3.5
1037.55 4.8
1044.31 4.5
1048.41 4.2
1050.59 6.8
1051.46 4.3
1054.61 10.1
1060.59 5.2
1061.72 4.8
1065.12 4.0
1068.52 2.1
1069.36 10.4
1069.97 6.0
1071.62 6.5
1076.38 5.2
1078.45 1.7
1081.53 2.1
1082.57 3.1
1087.66 3.2
1089.38 9.4
1090.42 10.5
1104.16 6.1
1106.39 4.4
1107.91 6.0
1108.57 3.9
1109.39 2.1
1121.80 2.8
1135.57 1.4
1137.64 7.7
1138.64 7.7
1151.38 7.6
1155.69 9.7
1157.71 2.1
1161.62 3.5
1166.60 2.3
1176.76 2.2
1181.86 8.6
1182.76 5.6
1186.79 2.4
1187.55 1.9
1190.07 1.1
1193.64 2.0
1198.37 7.7
1204.13 1.4
1204.75 3.3
1205.73 8.2
1216.61 3.7
1217.97 4.8
1218.66 4.0
1222.68 4.6
1223.77 5.4
1229.58 4.2
1234.59 57.8
1235.66 97.1
1236.75 28.1
1242.03 2.2
1247.67 2.1
1249.79 8.3
1250.46 1.4
1252.56 80.9
1253.65 38.0
1257.59 2.8
1263.78 6.4
1274.56 3.6
1275.62 6.4
1277.64 3.5
1278.67 2.2
1285.57 3.0
1287.60 1.2
1288.54 2.6
1289.89 3.2
1294.57 5.0
1305.62 16.3
1306.77 17.3
1323.73 19.3
1324.85 6.2
1325.76 1.7
1339.74 1.7
1369.69 2.7
1374.66 2.6
1401.56 6.0
1404.89 3.7
1405.59 5.2
1407.91 6.2
1417.59 10.2
1418.86 5.6
1422.64 4.0
1423.35 3.4
1434.80 28.4
1435.63 35.8
1436.81 18.1
1451.35 4.1
1452.84 22.2
1453.63 17.3
1461.64 2.4
1502.65 4.0
1514.74 3.4
1518.64 4.5
1530.94 1.8
1545.47 5.0
1546.60 2.2
1552.68 2.6
1562.92 11.9
1563.68 27.4
1564.57 6.9
1567.54 2.3
1569.63 1.1
1581.10 15.5
1581.98 11.1
1582.89 2.3
1591.03 1.7
1598.79 6.4
1599.73 6.4
1669.99 4.4
1682.08 4.2
1698.43 4.7
1699.16 10.8
1699.98 26.3
1700.86 6.4
1702.10 1.9
1716.89 6.3
1718.15 9.0
