1701.80124 3
159.28 2.3
172.54 2.3
173.42 2.0
174.19 1.0
175.18 9.2
178.28 2.1
179.09 1.4
183.27 1.8
184.28 3.6
185.09 9.6
185.94 2.0
187.05 2.0
193.88 7.3
195.20 5.6
196.26 2.1
197.03 2.2
198.42 3.0
199.22 3.7
201.03 1.4
209.21 8.9
210.01 11.4
211.49 3.0
212.15 3.9
213.58 3.0
215.99 1.3
218.20 1.4
220.26 5.9
224.11 4.1
225.15 4.5
226.25 4.5
227.35 1.9
228.18 1.8
229.21 2.2
230.15 4.9
232.13 2.3
233.26 12.4
234.15 1.4
235.08 2.2
236.31 2.0
239.08 1.6
240.13 5.8
241.28 2.8
242.13 2.4
243.26 8.2
244.40 9.0
250.31 2.6
251.30 2.4
252.18 6.0
253.26 4.3
254.22 7.3
256.62 9.2
258.19 2.3
261.15 9.3
262.09 1.1
262.72 2.9
264.21 3.4
266.22 2.3
267.23 2.2
268.23 1.6
269.99 11.8
271.99 34.8
274.30 6.1
275.39 3.8
276.19 1.8
281.61 1.9
286.37 8.0
287.48 6.4
290.39 2.6
291.31 3.2
291.94 1.4
294.29 2.7
297.24 7.0
298.15 3.2
299.19 13.6
300.18 4.1
301.10 2.3
303.31 90.1
304.40 6.5
305.34 2.3
306.43 3.4
307.19 12.0
309.65 10.1
311.29 2.3
312.08 3.5
314.03 14.3
315.16 1.5
316.34 7.1
319.92 1.7
323.17 3.4
324.51 3.3
325.27 3.2
326.47 7.9
327.42 3.1
329.15 5.3
330.28 6.7
331.49 5.6
333.54 16.0
336.48 10.8
337.46 10.0
339.17 1.0
340.24 4.3
341.10 4.3
342.36 6.4
343.24 1.8
344.34 6.9
345.47 23.3
346.19 4.8
347.20 5.4
348.17 12.0
349.26 9.2
350.20 2.0
351.15 8.9
352.38 8.7
353.60 36.0
354.33 7.0
355.32 9.7
356.41 19.7
357.25 7.8
358.26 31.7
359.38 18.9
360.12 10.8
360.82 1.6
362.08 4.4
363.43 1.4
364.28 2.9
365.26 7.0
366.22 1.6
366.87 11.6
367.48 3.1
368.14 4.1
369.43 6.2
370.21 6.3
371.23 21.0
372.22 6.7
373.33 3.1
374.13 6.1
375.27 10.1
376.84 8.7
377.63 1.6
379.39 3.5
381.24 4.7
384.20 4.7
385.19 5.3
386.26 5.8
387.45 16.8
388.59 1.6
390.08 3.2
391.83 2.0
393.01 17.8
394.44 4.9
395.27 3.2
396.70 8.6
397.84 12.3
399.02 1.2
400.45 2.5
401.70 86.2
402.37 37.3
404.43 10.9
405.40 4.6
406.53 52.0
407.35 29.3
410.06 19.7
410.88 4.0
411.93 2.3
412.89 3.5
413.59 7.6
414.31 2.2
415.23 179.6
415.86 41.7
417.57 9.5
419.02 40.3
420.20 15.0
421.60 10.1
422.31 7.8
423.39 20.5
424.70 4.1
425.43 2.8
427.27 19.4
428.58 5.1
429.25 8.3
430.82 5.3
432.25 154.9
433.30 56.5
434.17 15.6
435.37 12.5
436.53 19.8
437.40 23.2
438.24 6.2
439.41 24.8
440.31 2.5
441.95 306.3
443.15 13.9
444.27 4.8
445.40 4.8
446.17 9.1
447.36 14.9
448.30 4.9
450.83 1140.5
451.73 3.3
452.56 15.6
453.32 31.2
454.15 46.7
455.23 16.0
456.09 23.3
457.35 13.4
458.27 6.9
459.54 9.2
460.43 5.8
461.43 6.2
462.19 11.9
463.08 7.4
464.39 30.4
465.47 23.2
466.47 21.7
467.49 28.2
469.32 12.7
470.25 15.8
471.04 11.1
472.00 1.1
474.17 76.8
475.17 49.2
476.46 38.2
477.42 10.3
478.27 4.1
479.33 33.9
480.41 13.3
481.64 4.9
482.29 2.2
483.14 5.5
484.24 27.0
485.12 98.9
486.25 25.8
487.36 19.3
488.16 14.5
488.99 15.7
490.20 21.2
491.49 3.0
493.21 70.5
494.40 61.3
495.31 9.6
496.09 1.2
497.43 10.1
498.52 143.4
499.34 22.4
500.42 32.7
501.76 23.7
503.39 142.8
504.30 24.6
505.24 22.4
507.34 948.6
508.51 53.9
509.65 53.6
510.78 16.4
511.73 9.1
512.46 1.3
513.86 25.8
515.09 74.6
515.95 21.4
517.29 35.5
518.71 9.1
519.83 8.5
520.44 7.8
521.57 38.8
522.42 20.5
523.54 65.5
524.50 37.0
525.32 5.1
526.08 9.3
528.76 3.7
530.07 4.3
531.21 25.5
532.32 80.1
533.75 50.2
534.70 41.6
535.60 10.7
536.56 39.1
537.50 23.0
538.35 16.6
539.19 6.5
540.49 10.2
541.35 50.3
542.85 357.3
543.84 2.0
544.84 33.4
545.78 26.3
546.57 7.7
548.04 8.7
549.24 200.2
550.23 398.9
551.18 70.2
552.06 10.0
552.92 3.2
553.54 14.7
554.43 4.9
555.88 167.4
556.80 46.8
558.53 245.5
559.48 32.9
560.17 2.7
564.57 2.2
570.52 3.8
575.31 7.9
580.61 10.5
581.47 1.7
582.47 2.3
583.42 2.1
587.29 38.1
588.32 8.7
591.62 15.3
592.98 5.8
595.32 3.2
597.58 3.0
599.06 16.4
600.38 83.3
601.46 18.7
602.39 2.3
603.50 7.8
604.94 6.2
606.10 2.2
608.10 2.5
609.55 1.5
610.40 13.3
611.26 3.0
612.07 11.0
613.53 6.4
616.09 1.8
618.40 426.2
619.36 71.4
621.13 2.9
624.20 3.9
626.83 24.7
627.57 7.0
628.48 5.4
629.59 2.7
631.14 6.1
633.08 7.1
635.82 49.5
636.43 29.3
639.52 3.9
640.29 2.9
641.41 7.4
643.85 9.7
644.89 18.2
650.86 10.3
651.51 18.5
652.13 10.0
654.67 2.4
656.45 9.0
657.69 6.5
658.63 10.2
660.59 5.6
661.62 2.2
663.01 15.6
663.65 4.0
666.55 1.9
667.39 7.9
668.41 4.6
669.18 2.1
671.30 105.0
672.32 48.0
673.28 3.0
674.34 13.3
678.93 9.8
679.78 8.0
680.87 3.0
683.57 14.3
685.60 5.5
686.70 15.0
687.44 6.6
689.37 1138.7
690.36 218.6
692.04 10.5
693.69 8.6
695.07 2.9
697.74 13.6
698.38 13.8
699.02 2.2
700.15 19.7
700.79 58.7
701.50 1.3
702.59 2.8
705.36 40.4
706.42 21.5
707.52 5.5
709.47 10.6
710.21 7.2
711.02 8.8
714.08 3.1
715.49 84.0
716.43 5.2
717.37 1.2
719.25 8.3
721.26 4.1
721.92 3.2
723.35 2.3
725.52 2.3
727.48 8.0
729.38 1.6
732.58 2.1
742.36 4.4
743.21 4.8
744.22 7.1
745.51 1.5
748.61 2.2
749.37 3.5
750.32 9.8
751.23 4.9
755.94 1.2
758.38 8.3
759.37 4.6
762.56 5.0
764.33 24.6
765.08 19.5
771.46 1.0
772.54 3.3
774.51 3.7
775.59 6.9
777.79 5.3
780.24 1.0
784.48 14.7
785.45 18.3
786.62 12.9
795.00 4.3
796.19 4.4
797.74 3.7
799.83 4.4
800.45 3.6
802.43 444.6
803.50 82.6
805.72 3.6
807.66 2.3
811.48 9.0
813.23 3.6
817.25 5.3
819.23 4.8
823.48 1.9
827.50 3.8
829.27 23.2
830.54 9.8
832.10 1.3
835.35 9.2
840.21 4.4
844.85 6.5
845.69 1.7
846.48 7.7
848.52 7.6
849.63 14.1
850.63 3.6
851.53 2.0
857.02 11.1
858.70 1.3
859.39 10.2
863.35 10.3
865.44 4.3
866.34 12.2
867.92 19.6
871.78 3.4
873.52 33.7
874.59 6.8
880.66 2.1
881.40 3.7
882.51 28.0
883.48 122.3
884.31 37.7
886.55 1.0
888.64 1.7
890.70 1.4
891.64 6.4
892.60 19.1
893.47 3.3
894.76 5.4
897.52 4.5
900.40 326.6
901.41 82.5
902.97 2.2
905.67 11.4
908.56 4.6
910.80 2.8
919.17 4.9
921.46 4.6
922.79 1.6
938.42 1.2
941.39 2.8
947.54 11.2
949.73 1.8
954.61 1.2
955.28 3.3
961.47 3.2
969.58 6.0
971.55 1.6
982.38 4.7
983.48 3.0
984.71 5.6
987.69 19.4
988.88 12.9
990.70 1.4
993.88 2.0
994.59 6.7
995.54 7.7
996.54 9.4
997.97 4.1
1005.61 2.8
1006.59 5.1
1007.43 1.8
1013.48 37.0
1014.42 3.7
1015.58 2.8
1017.61 1.1
1021.86 3.2
1034.60 2.4
1037.38 1.3
1084.57 17.5
1085.29 5.7
1095.65 3.6
1111.60 2.8
1113.51 5.5
1286.20 1.7
1321.76 4.4
