1232.560790000001 3
127.08 1.8
130.35 1.3
132.93 3.8
135.90 3.4
140.25 1.0
144.14 26.3
145.16 42.1
147.11 2.6
150.18 1.1
157.25 4.6
158.36 11.6
161.14 1.9
173.15 6.9
174.11 1.2
175.21 18.9
177.46 3.1
183.01 2.9
186.07 2.5
192.99 2.0
201.16 5.4
207.19 1.7
216.31 5.6
227.06 22.4
228.15 3.9
229.42 3.6
234.18 1.0
236.37 2.8
239.30 2.2
254.85 4.4
266.12 1.7
267.14 2.1
274.94 27.4
275.98 11.9
278.11 5.9
280.17 1.9
281.09 1.9
283.40 2.1
284.74 16.1
290.05 7.2
291.13 15.1
291.96 3.8
295.14 15.3
296.09 14.6
297.09 94.3
298.08 35.7
299.03 4.4
304.98 3.2
307.06 1.9
309.13 1.8
310.89 3.3
311.83 3.4
315.23 14.9
316.97 9.8
317.95 1.2
319.10 8.3
327.12 17.6
328.04 3.1
331.33 13.4
332.72 7.2
333.37 4.5
334.54 9.4
336.55 4.2
337.63 6.6
339.33 1.9
340.36 25.8
343.41 7.5
344.27 10.8
345.56 6.2
346.56 4.7
347.37 6.4
349.20 47.1
349.86 3.6
352.23 1.2
353.55 12.0
354.27 10.8
355.21 4.6
357.41 6.8
358.13 3.7
359.53 8.6
360.31 4.4
363.32 1.7
364.97 1.6
366.18 2.0
367.95 27.4
369.13 98.9
370.15 29.9
370.93 9.9
372.47 6.4
374.88 3.9
380.91 2.6
382.36 20.2
383.26 4.4
385.90 29.4
386.53 11.8
388.08 2.6
389.79 6.2
391.94 1.8
392.98 35.5
393.93 26.4
394.58 19.4
395.38 2.4
397.78 20.3
398.51 6.4
400.17 312.0
401.06 11.0
402.21 45.7
403.17 13.3
410.98 12.4
417.17 2.8
418.50 2.7
421.44 5.2
423.85 3.4
441.46 5.5
444.43 5.6
445.19 4.9
453.29 1.9
460.24 9.6
462.32 24.8
462.99 2.9
469.83 5.7
471.94 2.0
483.56 1.4
485.72 2.1
496.57 3.4
500.10 1.7
503.29 7.2
505.37 6.2
508.80 6.5
512.84 4.1
513.47 7.2
514.57 8.1
515.73 56.4
516.39 9.9
519.34 24.5
521.44 55.6
523.00 16.0
523.82 2.2
526.69 10.0
527.38 2.3
530.34 17.4
533.65 10.7
535.00 9.3
536.38 4.8
537.48 2.1
543.88 29.0
544.56 28.9
552.92 167.9
553.92 5.8
557.76 14.2
558.65 2.5
568.52 3.7
594.36 5.2
596.19 1.6
651.57 6.1
665.39 2.4
675.41 2.5
683.34 3.8
706.40 3.1
749.46 2.7
757.36 5.0
930.77 8.5
