853.52825 2
128.62 7.2
129.32 48.5
130.19 31.4
130.98 2.7
139.36 2.2
141.07 5.3
147.18 40.2
147.95 2.1
155.23 2.9
157.30 1.5
161.10 3.2
163.13 1.0
166.92 2.1
169.21 2.2
175.31 7.4
177.15 2.9
180.31 4.0
184.51 2.2
185.22 34.2
191.10 3.5
192.16 1.1
194.21 2.5
194.89 1.2
196.18 2.6
202.26 2.0
202.94 2.1
209.40 1.2
213.12 2.3
222.16 10.8
225.30 5.3
231.18 1.6
239.05 33.3
240.31 27.5
242.12 29.7
242.91 7.0
253.73 14.2
255.35 4.7
257.01 43.3
258.20 55.1
259.28 16.9
265.31 5.6
266.96 1.8
267.89 7.3
268.71 3.3
269.32 10.3
270.17 8.8
271.28 6.9
273.18 1.3
275.23 25.6
276.34 3.0
278.58 1.0
282.77 3.1
283.73 1.6
285.20 3.7
286.15 8.2
287.16 4.6
289.55 6.2
290.47 57.4
291.15 211.6
292.09 3.2
296.89 2.7
298.34 4.0
299.31 1.3
301.29 2.6
306.37 15.1
307.23 2.9
308.08 4.8
309.27 7.8
310.95 1.5
312.04 12.3
313.13 49.7
314.38 63.6
315.31 17.6
318.99 4.9
320.82 3.2
324.34 6.3
325.24 6.3
327.47 13.3
328.58 14.2
331.36 1.7
333.11 12.0
334.50 13.9
335.16 12.3
336.07 4.5
337.33 2.0
339.44 5.5
341.15 6.4
345.39 6.9
346.01 13.6
347.76 3.9
351.18 15.0
352.70 12.5
353.63 10.2
354.57 2.8
357.89 2.1
359.25 1.5
361.35 7.4
362.99 7.5
363.94 5.9
367.05 4.9
367.82 2.9
368.42 1.3
369.86 7.1
370.82 8.7
371.55 10.6
373.37 4.3
375.38 1.1
377.80 6.9
379.14 3.6
379.85 8.0
380.51 4.3
381.29 20.5
382.35 8.2
383.82 32.0
385.49 11.5
387.25 3.6
389.94 40.7
390.99 8.4
392.36 6.7
395.24 21.1
396.44 5.9
397.19 1.3
398.40 180.2
400.37 1.7
401.27 5.4
403.97 16.0
404.88 13.0
405.99 14.8
406.85 6.1
407.89 10.1
409.09 31.8
410.20 49.3
410.84 1.1
412.11 22.4
413.28 10.4
414.64 39.1
415.91 34.4
418.10 68.7
418.90 123.4
419.58 20.4
420.86 10.8
438.30 8.0
439.29 18.3
442.58 2.5
448.67 1.6
449.49 4.7
450.87 3.0
457.38 1.5
459.32 5.3
460.24 15.8
462.83 6.2
463.84 10.8
466.40 151.8
467.40 40.8
473.36 2.1
476.66 1.0
478.19 6.6
482.37 13.6
483.45 11.9
484.08 1.1
487.34 7.1
488.12 12.4
493.30 9.6
495.27 8.0
505.35 4.2
506.10 2.2
508.59 1.5
511.36 18.4
513.77 9.9
518.62 5.5
520.31 3.6
521.08 13.3
522.33 2.3
528.59 1.3
529.25 1.3
530.65 10.0
531.38 1.2
532.23 5.8
535.13 7.8
538.17 2.7
538.84 2.7
539.65 1.2
542.52 5.2
545.66 1.3
551.38 48.9
552.40 22.0
554.03 7.4
560.26 5.5
562.35 9.4
563.45 7.8
575.10 6.8
576.52 7.2
577.44 7.6
578.88 18.7
579.50 195.0
580.47 40.2
582.44 2.6
586.86 3.0
590.50 2.8
594.34 4.3
595.27 4.1
597.26 2.1
598.34 3.0
601.68 7.4
605.63 1.5
615.72 1.1
618.46 4.9
623.31 1.8
624.17 1.9
624.90 7.6
625.64 4.2
627.37 17.7
628.50 10.8
636.40 4.3
639.31 7.1
643.55 5.2
645.63 1.6
648.44 4.1
649.45 1.1
650.34 5.1
651.85 2.5
654.46 3.0
657.55 2.4
664.40 1.6
666.64 1.6
667.47 3.5
668.51 1.1
672.70 2.9
676.92 1.1
679.42 15.2
680.49 5.7
684.46 18.8
685.72 14.8
689.58 3.3
690.50 14.9
691.45 7.7
695.77 4.6
696.53 2.4
698.78 6.8
707.43 198.4
708.46 119.2
709.57 12.8
715.41 3.0
720.39 2.5
723.66 1.1
725.48 22.2
726.46 10.0
728.30 3.3
742.52 1.1
795.81 1.2
