870.54296 2
123.36 2.0
124.02 1.1
125.05 4.4
126.33 4.2
127.12 1.9
128.11 138.0
129.19 24.7
130.16 8.5
131.32 4.2
132.63 6.6
133.27 4.6
134.28 1.4
135.28 5.6
136.16 17.9
137.57 40.7
138.26 123.1
139.18 26.7
141.05 7.2
142.26 17.1
143.18 14.5
144.26 11.4
145.29 3.7
147.25 9.7
147.86 4.2
149.13 11.2
151.25 16.9
152.37 12.9
153.25 10.4
154.13 3.8
155.29 3.1
156.26 29.0
157.32 26.0
158.49 10.8
159.29 9.3
160.15 28.0
161.20 10.7
162.16 31.8
163.26 14.7
164.15 29.7
165.27 2.1
166.20 7.1
167.10 5.7
168.28 15.3
169.15 6.8
170.29 11.8
171.27 23.2
171.95 5.2
173.12 13.8
174.31 14.0
175.25 17.9
176.22 5.7
177.22 17.8
178.21 11.0
179.10 5.5
180.13 15.4
181.21 14.9
182.20 4.2
183.25 9.5
184.18 6.9
185.14 13.6
186.20 18.3
187.12 14.8
189.22 9.3
190.19 3.9
191.19 21.5
192.16 14.5
193.04 8.6
194.19 14.8
195.20 34.0
196.26 10.5
197.21 8.4
198.15 10.5
199.25 90.0
200.26 13.9
201.27 15.9
202.19 4.5
203.24 20.9
204.29 4.8
205.24 25.5
206.62 9.8
207.25 37.9
208.12 19.1
209.17 54.8
210.32 21.4
211.21 8.6
212.21 10.6
213.32 21.8
214.20 6.0
215.35 24.8
216.26 5.5
217.12 23.9
218.45 8.2
219.29 11.8
220.30 3.8
221.28 27.2
222.35 8.3
223.15 20.0
224.34 7.6
225.17 12.2
226.31 56.8
227.37 26.6
228.32 11.3
229.10 22.6
230.30 29.6
231.25 7.8
232.32 11.9
233.25 12.8
234.14 14.0
235.30 24.3
236.18 13.4
237.24 33.1
238.26 6.7
239.22 13.5
240.26 6.6
241.14 18.5
242.31 5.9
243.14 32.1
244.58 17.2
245.44 15.5
246.31 18.2
247.22 28.0
248.23 12.4
249.21 2.9
250.46 26.2
251.24 28.0
252.09 6.5
253.01 17.9
254.27 6.1
255.14 34.7
256.20 37.7
257.20 34.1
258.26 10.1
259.28 33.8
260.38 10.7
261.19 7.5
262.15 17.9
263.20 33.0
264.19 21.2
264.84 8.5
266.07 21.3
267.10 7.0
268.19 13.6
269.18 18.1
270.20 6.2
271.29 21.4
272.32 36.5
273.28 55.7
274.26 84.1
275.17 87.9
276.24 22.6
277.43 43.1
278.36 10.8
279.23 21.9
280.20 12.8
281.01 5.4
282.23 22.0
283.15 31.0
284.18 35.5
285.14 36.2
286.22 28.9
287.21 16.6
289.12 45.9
290.15 36.5
291.23 66.1
292.15 8.6
293.28 62.8
294.34 39.7
295.13 26.4
296.17 9.1
297.09 15.3
298.16 18.1
299.28 20.0
300.19 75.0
301.09 177.2
302.13 66.9
303.14 25.7
304.27 39.2
305.16 33.9
306.23 26.1
307.29 26.3
308.27 41.8
309.07 38.6
310.26 13.4
311.17 10.1
312.14 13.8
313.01 3.4
314.25 29.6
315.11 24.8
316.25 50.1
317.23 30.4
318.31 14.1
319.24 44.6
321.07 630.2
322.12 265.8
323.16 41.8
324.19 15.0
325.21 19.7
326.16 9.8
327.29 4.4
328.08 1.4
329.16 22.6
329.97 8.3
331.16 39.3
332.16 7.0
333.19 26.0
334.32 25.3
335.54 43.3
336.23 87.5
337.24 44.3
338.47 69.5
339.22 41.7
340.18 64.7
341.10 562.5
342.08 176.5
343.12 22.2
344.27 19.6
345.25 18.3
346.64 9.5
347.58 45.3
348.42 56.3
349.32 20.9
350.19 30.7
351.32 40.3
352.22 11.1
353.18 30.8
354.39 55.4
355.45 42.5
356.32 24.8
357.46 5.8
358.42 32.3
359.53 11.6
360.25 27.7
361.33 39.6
362.26 82.4
363.24 15.4
364.37 20.6
365.28 25.5
366.44 8.3
367.32 19.0
368.14 8.6
369.38 1.3
370.43 7.5
371.29 52.0
372.25 19.4
373.22 30.5
374.30 27.0
375.14 72.2
376.13 157.1
377.18 52.0
378.24 52.9
379.27 44.7
380.21 12.1
381.28 42.7
382.26 16.9
383.38 13.8
384.14 3.1
385.38 38.9
386.43 26.6
387.40 16.0
388.63 29.4
389.51 70.3
390.34 63.5
391.41 70.6
392.29 74.3
393.16 14.6
394.09 6.2
395.04 6.2
396.21 2.6
397.73 4.9
399.15 99.7
400.35 81.3
401.27 37.5
402.08 19.7
403.42 15.8
405.28 25.0
406.26 26.9
407.36 65.8
408.34 33.9
409.15 3.7
412.04 3.3
412.95 16.5
414.13 7.1
415.15 10.8
417.23 726.0
418.26 802.2
419.13 87.3
421.08 33.3
422.03 2.9
426.85 588.3
427.46 152.1
428.81 11.2
433.42 2.5
438.82 2.9
444.36 1.6
453.07 1.3
454.53 7.7
462.46 3.0
468.24 10.5
469.65 1.5
472.38 240.0
473.27 34.7
474.64 3.9
486.32 10.6
500.18 18.6
502.74 4.7
508.87 11.2
543.30 2.1
553.51 3.3
554.75 5.2
563.36 1.1
570.86 2.3
571.50 68.3
572.42 29.8
581.21 19.0
582.52 8.1
596.33 4.2
635.66 3.4
654.43 4.1
655.30 2.8
672.47 593.0
673.54 146.7
679.39 4.1
681.50 5.6
699.70 8.3
700.38 18.9
710.53 3.6
723.57 1.5
725.47 105.5
726.58 32.8
741.52 2.7
743.47 2965.7
744.51 1037.4
745.58 6.4
753.39 7.3
771.41 41.1
772.56 17.6
799.40 2.8
850.30 2.8
