1716.855260000001 3
165.31 1.7
167.36 4.6
170.15 4.0
173.26 9.7
175.25 23.7
178.77 2.9
180.08 1.2
181.27 8.4
183.12 2.7
184.19 4.8
185.28 9.4
186.21 2.6
187.12 6.6
191.11 2.6
194.09 2.4
195.14 7.8
197.03 3.8
198.08 5.2
200.40 3.3
201.31 17.8
202.27 3.3
203.30 2.5
207.90 5.5
209.85 26.1
210.96 1.1
212.19 16.4
213.19 14.2
214.10 2.2
215.17 8.2
216.14 17.9
217.10 6.2
218.41 2.9
220.91 1.7
225.18 11.4
226.44 3.0
227.41 3.4
228.20 8.2
229.27 2.6
230.26 1.9
231.08 1.2
237.05 2.1
238.38 1.4
239.22 7.3
240.29 9.8
241.34 7.6
242.38 17.4
243.19 10.4
246.05 1.3
247.13 3.3
251.10 6.3
252.54 4.2
254.15 4.7
255.20 107.4
256.18 56.2
257.16 20.6
258.22 8.5
259.70 7.4
260.33 3.5
261.06 1.4
263.08 1.7
265.02 7.5
267.06 6.5
268.31 7.1
269.96 1.1
270.98 13.4
272.20 14.0
273.36 24.0
274.15 7.6
275.24 4.3
276.22 4.9
277.17 4.3
278.67 13.6
280.11 11.1
281.37 3.0
282.35 7.6
283.26 12.4
283.91 3.1
285.25 3.3
286.61 12.8
287.54 1.8
288.21 7.2
292.11 4.9
293.55 5.3
294.30 9.1
296.34 7.9
298.38 1.2
299.20 1.2
301.08 5.1
302.30 2.0
303.29 69.2
304.13 6.5
307.24 11.3
308.42 3.0
309.39 11.0
311.36 8.4
312.36 19.2
313.34 9.4
314.33 14.7
315.23 4.5
316.46 8.1
317.29 1.4
318.32 4.6
320.22 9.7
321.85 1.5
323.58 5.6
324.31 3.7
325.67 3.0
326.34 7.5
328.27 8.1
329.33 19.2
332.15 6.1
333.20 4.2
333.80 16.3
334.40 13.2
336.17 12.6
338.35 4.9
340.12 4.4
340.88 8.3
342.57 51.4
343.37 5.0
344.47 26.2
345.38 7.0
346.21 3.2
347.15 8.7
349.29 6.2
350.40 15.6
351.31 11.0
353.20 70.3
354.34 11.8
355.35 18.1
356.55 6.4
357.33 3.6
358.27 11.6
359.21 8.1
360.25 9.8
361.23 18.6
362.14 17.1
363.24 4.4
364.06 6.0
367.67 16.8
368.41 23.2
369.21 15.2
370.37 13.7
371.40 14.2
372.35 8.7
373.37 2.2
374.18 2.7
375.47 7.7
376.30 4.4
376.94 3.6
378.29 6.2
380.74 36.0
382.00 2.3
383.38 7.8
385.09 21.0
386.34 20.8
387.26 8.8
388.34 10.3
389.46 11.2
390.25 4.9
391.18 17.1
392.28 2.4
395.05 14.3
396.34 5.5
397.59 9.1
398.23 25.3
399.36 4.1
400.49 12.8
401.27 7.0
402.09 7.8
403.42 8.7
404.24 3.1
405.34 1.2
406.78 93.0
407.56 2.8
408.28 4.0
409.75 85.8
410.57 8.3
412.39 1.8
413.14 2.0
414.42 9.9
415.31 8.2
416.33 1.7
417.40 1.7
419.23 1.2
420.27 5.2
421.11 10.5
422.19 4.7
423.87 45.2
424.89 29.6
425.92 5.7
426.63 12.9
427.33 14.7
427.98 11.2
429.14 12.4
432.41 367.9
433.46 10.2
434.12 3.8
435.21 4.6
436.74 16.4
437.50 27.9
438.28 22.3
439.34 8.7
440.57 35.3
441.31 473.4
442.33 13.0
443.26 31.3
444.45 36.6
445.15 4.4
447.46 3.4
448.26 6.3
450.38 150.8
451.35 15.7
452.44 9.4
453.34 37.2
454.39 8.6
455.39 24.5
456.24 14.0
457.60 8.3
458.55 8.3
459.32 42.1
460.71 16.9
461.47 3.8
462.17 1.7
463.73 14.6
464.55 2.5
465.62 13.4
466.37 9.5
467.27 9.0
468.49 4.6
469.66 9.8
470.44 18.2
471.10 1.7
472.54 38.5
473.43 5.5
474.62 23.6
475.46 13.5
476.34 16.1
478.38 5.4
479.19 48.9
479.98 34.8
481.03 16.8
482.25 10.2
483.15 19.2
483.80 38.7
484.44 37.9
485.46 11.0
486.72 33.8
487.43 2.7
488.46 11.8
489.17 118.4
489.87 51.1
491.10 9.5
491.98 10.9
493.01 122.2
494.27 20.7
494.94 1.4
496.35 20.9
497.85 1089.5
499.11 27.7
499.96 2.3
500.79 3.5
501.44 1.8
503.36 177.7
504.31 19.6
505.31 2.5
506.82 315.9
507.44 65.8
508.50 105.1
509.50 6.9
510.42 29.9
511.48 13.8
513.02 41.6
513.62 3.2
515.06 24.0
515.82 4.4
517.56 71.4
518.30 14.7
519.22 15.6
520.29 10.4
521.29 9.4
522.60 20.8
524.04 17.5
525.20 11.3
526.62 21.1
527.42 58.0
528.35 44.6
529.29 29.2
530.32 12.0
531.26 30.9
532.21 20.4
533.08 30.8
534.11 14.4
535.17 7.0
536.62 65.8
537.60 34.7
538.51 55.6
539.49 77.5
540.44 13.6
541.48 200.5
542.40 58.4
543.13 13.5
544.32 11.5
545.52 5.0
546.57 7.9
548.24 17.2
549.90 69.0
550.53 380.7
551.46 58.2
552.29 4.4
554.35 420.7
555.36 399.4
556.39 132.0
557.48 20.1
558.53 7.2
559.34 3.6
561.22 947.1
562.39 20.6
563.54 176.9
564.35 98.2
565.03 6.4
568.27 1.6
580.76 7.7
581.42 17.6
584.36 9.7
585.37 2.4
586.57 2.3
588.51 5.0
589.38 16.6
590.10 10.0
591.16 16.3
591.85 1.0
597.83 3.1
598.83 15.4
599.46 16.3
600.39 36.1
601.36 10.0
602.36 21.3
603.31 1.7
606.43 3.5
607.90 43.8
609.07 7.7
611.85 24.4
612.74 2.6
613.61 4.4
614.59 7.0
616.54 1.9
618.28 395.0
619.38 69.7
620.14 6.2
621.06 11.7
622.44 7.4
624.64 1.6
625.51 14.8
626.34 9.4
626.94 2.1
629.27 4.7
632.19 1.0
634.49 65.3
635.36 9.8
637.99 5.1
639.06 4.1
640.03 3.8
641.24 7.2
643.50 108.3
644.37 2.7
645.28 4.2
646.25 3.5
647.48 1.9
649.31 15.3
650.41 5.2
651.23 1.5
652.10 6.8
653.36 1.3
657.32 4.9
658.47 12.1
659.38 19.5
660.07 2.2
660.67 2.3
661.33 1.7
662.30 5.5
664.48 4.1
666.43 39.5
667.31 24.5
668.51 9.7
669.53 1.4
672.90 5.0
677.18 1.4
680.39 1.6
681.56 4.8
684.42 95.6
685.51 24.2
686.29 5.6
687.45 134.2
688.38 75.4
690.27 11.3
690.94 6.7
693.51 5.1
694.83 8.9
699.21 38.1
700.53 11.6
701.47 1.3
702.72 2.9
703.96 7.0
705.34 1729.7
706.45 240.2
708.00 70.7
709.13 3.4
710.34 6.0
717.27 42.9
718.27 8.5
718.89 13.6
720.99 3.0
723.12 3.5
726.94 5.9
727.67 6.5
729.51 16.6
730.35 9.9
731.33 10.4
732.34 4.2
734.41 15.2
735.61 12.0
736.77 4.9
738.34 66.2
740.45 10.4
741.80 4.1
744.49 8.7
748.91 3.1
751.47 3.8
752.65 2.6
753.61 4.7
754.26 27.4
755.50 6.6
756.55 23.8
757.50 11.5
758.52 6.0
763.51 19.5
764.45 2.9
765.32 1.9
766.21 13.6
767.00 8.9
768.60 2.4
772.17 25.3
773.72 1.1
775.58 6.1
776.58 8.3
777.66 3.9
778.89 5.4
781.71 2.5
783.27 3.3
786.94 7.3
787.61 1.1
794.53 12.8
795.34 18.1
796.31 12.0
797.63 2.1
799.37 11.1
800.56 23.3
801.41 5.8
812.41 69.5
813.45 17.7
814.48 2.8
815.13 2.6
816.48 1.7
817.90 27.0
818.55 104.4
819.45 14.5
820.58 1.7
821.74 4.0
823.53 1.9
826.90 10.8
827.91 8.4
828.57 21.5
829.18 9.0
830.42 13.9
831.51 6.3
833.35 2.7
835.57 1.4
836.60 5.2
838.55 7.3
839.75 6.9
841.50 13.3
843.59 3.5
844.45 5.6
846.16 1.6
848.54 2.7
851.49 4.8
853.53 10.2
858.59 3.0
859.51 18.3
863.39 18.3
864.42 38.4
865.55 5.8
866.60 10.0
868.32 1.5
869.51 17.3
870.46 3.3
871.52 10.1
881.45 304.0
882.43 140.8
883.48 10.4
884.67 9.3
886.54 3.4
887.63 28.2
888.45 1.7
889.40 7.2
890.85 3.0
899.40 93.9
900.41 39.8
901.72 9.7
902.54 1.5
905.46 124.3
906.32 15.4
906.99 5.3
911.52 4.1
914.19 3.7
918.83 11.0
926.56 2.0
928.38 5.1
929.70 4.7
930.79 2.7
931.69 3.2
933.24 1.5
933.93 1.6
941.72 2.8
942.68 2.2
944.76 5.4
946.00 2.5
956.68 1.9
957.47 19.3
958.62 1.1
959.57 68.1
960.55 24.4
961.38 1.7
968.25 7.5
969.48 17.1
970.13 4.6
971.27 2.1
973.51 5.4
976.80 6.5
977.57 4.2
978.22 7.4
979.36 1.4
982.75 2.2
986.61 2.0
987.60 1.3
991.48 3.0
994.65 21.3
995.48 16.0
996.55 2.8
997.50 10.0
998.65 5.3
1012.55 113.9
1013.51 23.3
1014.11 1.8
1014.99 5.5
1015.72 2.9
1016.47 14.1
1017.69 6.3
1022.36 2.0
1024.11 2.9
1030.56 12.7
1031.56 3.8
1033.61 16.0
1034.36 1.6
1038.51 4.7
1041.63 3.2
1042.73 2.9
1060.44 2.5
1063.83 2.5
1082.27 1.1
1083.11 1.9
1086.58 5.4
1099.70 2.7
1100.83 6.3
1105.48 2.2
1106.66 3.7
1107.31 4.2
1122.65 1.0
1123.52 5.6
1214.52 8.5
1249.57 1.0
1251.65 2.2
1268.23 1.6
1440.91 1.4
