1554.7863 2
223.29 1.2
224.07 2.4
229.37 6.5
231.54 5.8
236.20 1.2
237.92 4.2
241.18 3.0
242.28 27.7
243.19 2.5
246.17 1.6
247.34 1.4
248.23 1.6
251.16 6.5
253.06 4.5
254.22 4.0
255.11 1.7
256.31 10.7
257.07 2.7
258.26 10.8
259.28 8.6
260.14 71.9
261.13 4.3
265.14 1.3
266.35 3.1
267.19 2.4
268.19 3.2
269.12 7.3
271.12 6.0
272.24 10.9
273.23 3.0
274.24 8.8
275.02 2.1
276.37 33.4
277.37 14.7
280.23 14.8
281.18 2.1
283.36 12.3
286.23 3.4
288.24 3.2
289.25 1.9
291.27 4.0
292.15 2.8
293.07 4.3
295.32 3.7
296.27 1.9
297.35 2.0
298.26 2.6
299.38 4.8
300.31 3.7
301.38 11.8
302.30 11.8
309.25 3.2
311.38 15.4
312.29 5.9
313.24 6.4
314.24 4.0
317.06 9.0
319.25 37.3
320.22 8.3
321.42 4.7
323.22 9.7
324.55 11.2
325.17 3.1
326.19 1.3
328.27 2.8
329.27 59.1
330.36 18.7
331.09 7.4
332.24 9.7
333.50 3.8
335.10 5.6
337.28 6.0
338.34 2.0
339.19 2.9
340.18 4.3
340.91 5.1
344.37 6.9
345.16 3.9
347.13 289.1
348.21 30.2
349.56 3.1
352.15 4.5
353.32 1.3
354.20 6.7
355.13 3.6
357.31 3.4
358.39 3.2
359.46 1.2
360.40 6.1
361.35 2.2
362.30 3.2
365.19 4.4
367.35 12.7
368.27 7.8
372.42 9.4
373.30 13.8
374.39 7.5
376.01 1.1
377.15 8.8
380.31 19.9
381.34 9.4
383.22 9.8
384.14 9.0
385.28 16.0
386.24 11.5
387.43 12.2
388.27 30.7
389.18 8.3
390.37 62.5
391.37 19.6
393.22 3.0
394.18 6.0
395.15 10.3
396.22 6.5
397.03 21.3
398.27 221.9
399.20 20.0
400.35 13.5
401.53 12.4
402.24 30.0
403.57 12.1
404.34 14.4
405.27 19.4
406.23 25.6
407.23 10.9
408.16 2.0
409.24 6.2
411.22 9.7
412.32 17.2
413.38 11.4
416.19 462.3
417.31 54.1
418.60 13.1
420.31 173.1
421.34 20.6
422.32 13.1
423.09 2.6
424.25 9.0
427.13 10.6
428.56 4.5
429.37 6.6
430.44 14.7
431.40 6.6
432.06 7.3
433.61 25.9
434.28 235.1
435.21 30.9
436.26 11.4
437.23 1.7
438.57 10.1
439.27 23.3
441.29 6.0
442.39 15.5
443.28 3.5
444.28 2.7
446.24 5.5
447.32 75.5
448.30 59.7
450.16 6.6
452.43 1.4
454.22 3.7
455.66 1.6
456.53 5.7
457.22 9.6
458.21 21.9
459.25 6.9
460.19 1.7
462.41 1.6
463.81 4.1
464.49 12.5
465.29 2.2
465.93 3.0
467.25 5.1
468.24 6.0
469.37 2.1
471.38 7.1
472.13 2.1
475.76 2.5
477.56 7.0
479.68 11.3
480.28 24.1
482.14 8.3
483.37 4.0
484.41 5.4
485.43 5.3
486.12 15.1
487.65 13.2
488.33 10.9
489.53 12.3
491.33 5.6
492.15 17.3
495.31 9.2
496.30 2.2
497.29 9.1
498.21 8.7
499.32 4.2
502.09 18.7
504.33 24.1
505.53 1.5
506.27 29.4
507.84 1.6
508.53 2.2
510.55 5.7
512.72 10.0
513.41 6.0
514.30 5.5
515.26 20.0
516.32 23.0
517.38 15.9
520.31 2.0
521.19 4.1
522.14 16.2
523.23 13.9
524.38 11.5
525.30 22.2
526.45 12.2
528.05 15.7
529.12 6.0
530.26 62.6
531.30 135.1
532.35 40.4
533.28 79.0
534.25 22.5
535.26 7.3
536.82 3.4
538.20 4.4
539.34 34.0
540.33 37.7
541.45 24.0
542.29 12.2
543.19 26.3
544.12 15.5
546.23 2.9
547.04 11.2
548.40 177.6
549.41 60.7
551.23 220.8
552.26 49.0
553.34 20.6
555.29 6.0
556.51 2.0
557.58 4.9
558.35 12.7
559.24 13.1
561.19 185.8
562.36 50.2
563.45 4.9
565.09 7.7
565.73 1.8
567.47 43.2
568.36 32.7
569.35 210.7
570.40 39.7
571.44 3.4
572.18 1.4
572.88 20.2
573.55 5.4
574.72 15.1
575.47 18.7
576.27 2.4
577.24 7.0
579.28 1289.4
580.29 311.9
581.41 49.1
582.14 2.4
583.27 14.2
584.45 1.6
585.13 4.7
586.16 46.4
587.23 42.5
588.43 2.7
589.61 6.5
590.27 13.5
591.54 5.4
593.58 19.4
594.63 8.2
595.28 5.8
597.30 710.7
598.34 160.7
599.27 32.7
600.12 3.4
600.79 5.5
601.47 5.5
602.36 14.6
603.14 24.9
604.21 19.3
605.11 12.2
606.59 2.3
608.27 17.0
610.34 8.6
611.54 16.2
614.45 11.5
616.21 15.1
617.39 17.2
618.53 4.4
620.85 9.8
621.85 2.7
626.42 10.1
627.38 9.5
628.39 13.3
629.16 25.1
630.27 28.6
631.29 17.4
632.29 14.6
633.42 68.9
634.38 127.9
635.01 7.7
636.42 1.1
639.49 30.1
640.11 1.3
642.26 7.7
643.68 22.9
644.43 4.6
645.84 1.9
647.41 2.6
648.59 45.6
649.55 6.8
650.44 3.7
651.49 2.0
652.56 5.8
653.65 7.1
654.41 4.8
655.47 2.3
656.32 1.4
657.42 6.1
658.64 7.4
659.51 3.7
661.43 295.5
662.49 132.8
663.78 34.7
665.06 5.5
666.28 12.9
668.07 4.3
669.53 6.6
670.40 8.5
671.28 7.1
672.57 7.2
674.69 1.1
675.66 3.9
676.45 30.7
677.54 5.8
678.32 2.1
679.38 4.8
680.49 9.7
681.45 3.6
682.42 13.3
683.88 8.7
685.54 2.5
686.74 7.2
688.25 4.4
689.43 27.0
690.81 36.1
691.48 20.7
692.55 2.9
694.36 43.9
695.46 19.1
697.03 19.2
698.45 54.5
699.45 34.4
700.37 8.4
701.26 24.3
702.38 5.1
703.61 3.1
704.88 5.0
706.08 1.4
707.26 7.4
708.48 9.5
712.43 8.8
713.31 4.3
714.26 6.8
715.02 17.8
715.80 19.5
716.55 69.6
717.51 31.9
718.24 29.7
719.14 12.2
719.79 3.7
721.23 8.0
722.64 7.3
724.01 17.2
724.67 4.6
725.48 32.8
726.18 2.0
727.30 24.9
730.25 6.1
731.42 4.1
732.62 66.7
733.57 11.3
734.51 43.5
737.84 9.6
738.61 8.6
741.82 46.4
742.43 75.8
743.47 83.5
744.63 17.3
745.60 41.4
746.61 31.4
747.68 39.4
748.60 18.5
749.35 1.3
750.48 35.5
751.59 100.6
752.44 2.5
753.82 26.4
754.86 42.0
756.25 19.2
757.32 3.4
759.85 651.0
760.48 752.5
761.46 306.9
762.94 46.4
763.70 43.3
764.86 12.1
765.61 1.6
766.23 3.2
768.93 60.4
769.69 12.9
778.80 1.4
784.46 6.8
787.76 1.4
794.38 5.5
795.63 9.5
798.02 5.4
799.58 6.3
805.37 1.5
809.33 8.5
812.40 45.6
813.34 26.1
819.18 7.1
830.49 9.4
831.44 5.2
835.28 2.9
840.39 10.3
842.03 20.9
843.50 8.4
844.58 4.7
846.47 1.6
848.44 13.2
849.65 1.3
853.72 1.9
858.38 22.2
859.73 2.0
860.49 1.1
861.54 140.6
862.57 57.7
863.78 13.7
866.29 17.9
867.57 17.6
868.61 5.6
871.34 3.2
876.31 140.2
876.96 4.5
877.57 38.4
878.68 13.6
879.58 1.3
888.83 3.0
894.40 146.8
895.41 64.8
896.47 25.0
897.16 2.8
900.48 1.2
906.77 2.6
909.37 9.1
911.80 1.6
915.59 3.6
916.80 6.3
918.67 2.2
923.24 5.3
929.79 6.2
930.91 2.9
931.83 10.5
933.37 2.2
940.54 88.7
941.65 64.7
942.79 18.4
943.51 7.6
945.97 9.4
947.02 1.8
955.56 3.5
958.57 3314.7
959.57 1552.0
960.67 308.6
962.87 9.7
969.79 2.4
971.12 16.5
972.67 45.1
973.61 11.9
974.71 8.5
975.73 6.8
976.44 5.4
977.65 1.9
978.85 7.0
981.37 2.4
984.89 1.4
986.59 75.2
987.67 13.9
988.72 5.7
989.70 35.9
990.60 19.3
991.68 5.6
994.43 1.1
1002.23 2.9
1003.55 6.9
1007.58 184.7
1008.57 102.7
1009.56 15.9
1016.53 1.4
1020.48 1.2
1021.39 4.1
1024.68 3.0
1036.46 2.7
1037.66 4.7
1039.89 2.8
1043.03 3.2
1044.54 4.0
1058.67 2.2
1065.44 9.4
1071.88 5.1
1074.37 6.6
1076.51 5.0
1079.73 4.7
1087.31 1.9
1090.09 2.0
1091.91 6.7
1095.88 1.9
1099.50 1.7
1100.68 1.3
1103.75 20.5
1104.70 18.6
1105.99 2.3
1106.79 3.9
1109.61 1.5
1110.55 4.1
1111.93 6.3
1117.39 23.3
1118.78 14.2
1121.61 474.3
1122.67 272.0
1123.53 64.5
1129.12 3.5
1132.87 6.4
1135.58 67.7
1136.60 35.6
1137.75 7.5
1149.67 2.2
1150.81 4.4
1151.74 5.8
1153.25 4.3
1157.79 1.9
1160.55 13.7
1173.24 4.5
1174.59 2.0
1176.50 2.5
1178.70 3.1
1180.06 4.2
1180.92 4.6
1183.81 1.6
1186.54 1.3
1189.34 1.5
1190.68 48.1
1191.67 13.7
1195.32 3.3
1204.51 4.7
1205.62 31.9
1207.60 1.3
1208.64 236.0
1209.65 167.3
1210.70 50.8
1212.68 2.5
1220.73 4.0
1222.86 3.3
1224.60 3.2
1227.49 1.8
1231.11 4.2
1234.67 1.4
1236.80 3.0
1237.56 7.9
1242.73 3.5
1243.84 4.0
1248.65 9.6
1250.75 5.1
1252.92 2.8
1254.79 2.9
1257.35 2.0
1259.82 8.9
1260.65 3.4
1261.81 4.3
1265.93 2.6
1267.84 1.7
1268.66 2.8
1275.67 3.7
1277.08 11.4
1277.93 10.2
1278.85 4.2
1280.03 5.8
1288.67 3.6
1292.65 3.2
1293.84 10.6
1295.72 70.7
1296.80 69.4
1297.68 26.0
1298.92 3.7
1300.90 3.0
1309.88 5.5
1312.82 3.5
1316.88 8.6
1317.77 30.8
1318.53 3.8
1319.82 2.0
1323.61 1.5
1331.94 1.1
1334.78 1.7
1335.70 13.6
1336.81 7.0
1345.84 2.6
1348.26 1.2
1348.98 5.0
1350.03 3.0
1352.75 243.1
1353.78 176.8
1354.68 38.1
1355.29 5.8
1362.59 9.5
1374.60 4.4
1386.85 2.1
1390.66 32.9
1391.52 2.0
1392.49 9.1
1401.66 1.6
1403.06 4.5
1403.83 24.6
1404.83 21.6
1405.60 3.5
1408.71 68.1
1409.74 33.3
1410.51 8.6
1421.18 9.2
1421.82 51.3
1422.65 46.0
1423.39 41.4
1424.15 3.8
1426.64 3.6
1427.84 7.5
1431.70 40.9
1432.77 23.4
1433.55 1.2
1436.72 1.1
1437.55 3.9
1439.79 699.0
1440.74 576.5
1441.84 127.5
1444.69 4.3
1449.82 36.0
1450.76 24.8
1451.86 9.8
1461.98 22.8
1462.95 21.9
1464.00 2.1
1464.94 3.0
1467.80 1.1
1468.92 1.9
1479.88 18.6
1480.83 12.3
1536.65 2.3
