956.55333 2
137.00 1.3
141.22 1.5
147.43 1.6
149.27 2.1
152.15 6.3
154.06 2.6
156.26 3.6
157.22 1.3
159.04 2.0
160.05 4.8
161.10 10.8
162.13 9.6
163.02 3.1
164.23 2.4
165.12 1.9
167.20 2.9
168.09 1.2
169.21 2.7
170.25 4.1
171.29 5.4
173.24 2.1
175.23 20.4
176.29 2.2
177.29 6.8
178.12 6.5
178.98 4.6
181.20 3.3
182.23 1.3
183.20 3.2
185.50 5.6
186.32 56.7
187.03 1.4
189.12 2.5
190.33 6.1
191.25 3.8
192.00 1.9
193.05 5.6
195.78 4.3
199.22 3.7
200.27 10.2
201.15 7.2
202.69 6.8
203.34 1.8
205.17 5.8
206.06 4.3
207.20 3.0
208.09 3.3
209.41 2.4
210.25 3.5
212.51 4.0
213.66 7.4
215.01 16.1
217.27 14.6
218.50 8.3
219.34 3.3
220.28 3.8
222.14 2.3
223.18 2.6
225.07 4.5
226.20 7.5
229.22 4.1
231.24 3.9
232.42 3.6
233.16 1.4
234.03 3.2
235.35 1.4
236.23 4.3
236.99 2.6
239.15 8.3
240.37 4.9
241.32 1.6
242.47 3.4
243.24 7.7
244.19 14.3
245.09 26.0
246.28 26.9
247.27 3.3
248.21 6.4
249.36 6.1
250.10 1.6
251.18 6.4
252.76 10.8
255.33 2.7
256.06 8.0
257.23 27.0
258.28 3.7
259.25 6.1
260.37 2.0
261.20 9.8
262.41 15.3
263.31 6.1
265.16 5.9
266.10 14.4
267.20 18.4
269.18 2.1
270.22 5.4
271.19 10.6
272.21 32.6
273.14 15.1
274.15 4.5
275.13 11.7
275.91 3.5
277.54 2.9
279.29 6.7
280.27 17.8
282.01 1.1
283.17 4.5
284.71 36.3
285.38 41.8
286.97 3.1
289.15 5.0
290.23 17.6
291.21 21.1
292.22 6.3
293.18 1.6
294.16 10.5
295.13 3.0
296.98 21.4
298.03 4.1
299.24 4.5
300.19 10.4
301.32 2.6
302.13 1.8
303.11 1.1
304.15 3.1
305.38 4.0
306.15 3.9
307.36 5.7
309.32 13.2
311.05 5.5
313.31 2.8
314.32 10.0
315.80 14.5
317.16 19.2
318.23 21.5
319.15 6.1
320.18 15.5
321.21 7.9
322.29 91.1
323.29 76.4
324.14 16.6
325.31 5.0
326.20 3.4
327.27 6.8
328.03 2.1
330.14 3.0
331.23 14.4
332.35 11.5
333.25 11.7
334.20 28.8
335.12 16.8
336.10 12.4
337.98 10.8
339.19 8.2
340.42 12.6
341.18 17.9
342.13 13.8
343.50 9.8
344.23 8.7
344.90 2.1
346.18 8.4
347.04 13.2
348.19 4.9
349.31 2.7
350.35 16.2
351.23 19.9
352.34 7.9
353.66 3.9
355.54 2.9
356.57 5.3
357.38 11.7
358.17 12.9
359.50 26.9
360.25 13.8
361.08 6.5
362.38 12.9
363.22 16.5
364.23 20.1
365.17 39.9
366.23 2.0
367.65 5.2
368.35 8.4
369.08 9.1
370.98 2.8
372.81 6.9
374.31 20.8
375.30 18.2
376.50 16.8
377.27 11.5
378.44 6.8
379.37 19.4
380.37 2.6
381.44 6.3
382.68 8.4
383.87 4.2
385.16 99.0
386.32 55.8
387.16 14.3
388.12 9.5
389.16 14.4
390.33 10.6
391.47 13.3
392.30 6.4
393.45 10.2
394.21 7.1
395.41 25.6
396.32 12.2
397.23 9.4
398.25 2.8
399.26 8.3
400.65 10.1
401.41 1.5
402.22 2.6
403.36 16.9
404.47 9.6
405.46 21.4
406.31 2.8
407.03 4.5
408.11 3.2
409.34 4.9
411.57 5.9
412.67 18.9
413.49 3.9
414.36 8.1
415.34 8.2
416.84 33.5
418.02 23.9
419.21 34.8
420.22 43.8
421.20 22.2
422.44 78.3
423.20 26.8
423.94 23.2
425.78 4.9
426.66 10.4
427.53 4.7
428.41 11.7
430.29 22.3
432.24 13.0
433.22 40.9
434.25 38.0
435.01 31.1
436.43 43.3
437.24 9.3
438.11 13.9
439.23 42.7
440.31 6.9
441.29 1.3
442.42 22.1
443.31 53.6
444.24 13.0
445.27 16.6
447.08 136.4
447.80 28.5
448.45 20.1
449.31 2.8
450.31 22.0
451.34 10.2
452.15 13.3
454.14 6.0
455.66 43.2
456.37 16.2
457.25 42.0
457.91 14.4
458.58 1.6
460.41 604.8
461.28 441.5
462.15 79.4
464.23 5.6
467.08 16.7
469.82 790.9
470.48 137.8
471.49 6.1
472.37 63.9
473.52 1.9
478.85 5.0
479.54 5.4
499.45 4.5
500.30 1.7
506.09 5.8
509.17 4.2
510.92 4.2
513.18 1.8
519.30 2.1
523.56 4.0
525.37 5.5
527.19 5.6
528.94 6.3
531.24 1.1
537.32 1.8
541.24 2.1
543.96 25.6
546.41 2.9
549.31 8.3
550.55 1.1
552.22 17.3
553.39 22.9
554.21 4.2
555.04 5.4
555.72 1.8
558.09 4.9
567.35 33.5
568.18 4.7
570.68 1.4
571.35 80.5
572.42 11.8
579.90 5.5
582.46 4.6
585.24 6.0
588.22 6.0
597.57 2.4
598.39 7.5
600.40 2.4
602.33 3.7
607.89 2.7
613.34 9.3
615.21 7.3
616.38 6.9
622.52 2.4
626.88 7.2
633.23 20.2
634.37 48.0
635.24 3.4
636.27 4.1
637.44 1.5
649.18 6.1
650.52 2.7
651.95 4.4
654.44 8.0
665.41 59.0
666.42 128.2
667.44 39.2
668.28 6.1
668.89 6.3
672.46 286.6
673.55 21.6
676.16 3.8
683.43 5.0
684.56 6.0
685.29 3.0
689.93 4.3
693.41 1.1
698.66 3.0
703.35 1.4
708.83 7.3
711.60 11.5
716.42 4.5
723.21 2.4
725.26 2.6
729.65 7.4
730.48 2.3
737.40 3.8
738.68 1.2
742.27 6.6
743.56 9.2
753.59 2.1
755.32 17.1
756.29 2.3
757.74 3.4
764.38 1.3
766.55 8.4
767.46 21.2
768.37 1.9
770.54 2.8
771.56 6.1
776.56 7.5
777.45 7.4
791.39 4.1
802.53 1.3
809.45 1.3
810.59 2.6
813.53 2.5
822.34 1.4
826.27 1.4
828.32 5.1
840.96 3.4
844.36 1.8
851.50 1.2
856.70 3.1
858.35 3.1
868.64 6.3
885.65 3.9
935.75 7.4
