1234.68047 2
175.11 47.4
175.74 3.6
178.37 5.3
181.40 3.2
184.15 4.2
185.24 1.4
187.23 2.9
191.02 7.8
194.36 3.0
195.16 6.2
197.19 215.2
198.32 27.9
201.21 4.2
202.20 9.7
204.27 5.6
204.92 3.0
207.28 13.0
208.24 6.8
210.21 4.9
211.12 2.6
212.07 3.1
213.18 5.1
215.18 4.4
217.15 1.4
220.13 4.1
223.10 4.1
224.04 11.6
225.27 86.4
226.31 12.3
227.27 4.6
228.48 9.3
229.19 9.6
231.20 5.8
232.17 5.6
233.15 2.4
234.03 10.2
237.18 1.4
239.29 4.6
240.20 9.3
240.98 4.9
242.28 573.2
243.16 39.4
244.15 8.0
245.22 3.4
247.17 17.1
248.29 4.7
249.29 3.1
250.19 4.1
251.24 3.6
253.32 1.3
254.05 4.5
255.21 5.5
256.98 1.3
258.42 1.5
263.46 5.4
264.35 12.6
265.16 11.9
266.26 4.4
267.31 3.8
268.28 23.6
269.12 4.6
270.18 4.1
271.21 28.4
272.28 10.3
273.23 14.2
274.30 71.9
275.23 16.9
276.29 4.5
277.26 1.3
279.22 4.3
281.12 5.6
282.23 3.9
283.23 11.5
284.39 4.5
286.22 7.6
288.21 152.2
289.38 9.4
290.43 1.9
291.16 26.4
292.09 23.6
293.27 30.7
298.28 5.5
299.57 2.7
301.04 12.8
302.15 50.2
303.23 50.8
304.21 13.3
305.26 6.8
306.41 1.1
308.40 2.4
309.18 1.5
310.37 1.8
312.07 2.1
315.99 93.5
316.61 4.0
319.39 14.4
320.23 124.3
321.27 30.0
322.24 4.1
323.38 13.4
324.29 27.4
325.17 17.5
326.41 11.0
330.24 9.0
331.06 2.8
331.99 4.8
333.16 2.2
336.17 11.6
337.19 1.8
338.47 16.2
339.49 6.7
340.30 12.1
341.32 12.1
342.24 14.5
343.07 15.0
344.30 6.4
345.21 5.6
346.12 2.7
349.15 8.4
350.28 4.8
351.38 3.7
353.17 17.9
354.69 13.5
355.32 5.4
356.99 11.3
359.26 429.3
360.36 108.9
361.34 7.9
363.29 1.5
364.49 7.2
365.11 1.7
367.05 2.7
368.31 2.5
370.07 19.2
370.71 4.4
371.43 13.3
372.34 24.5
373.28 9.5
374.82 7.4
376.29 16.9
377.32 25.2
378.43 5.3
380.28 1.3
381.21 3.4
382.53 2.5
383.39 2.5
385.25 8.4
386.50 15.4
387.29 149.0
388.31 47.8
389.64 14.9
390.34 11.0
391.37 5.6
392.14 2.7
393.19 14.0
394.21 5.9
395.39 14.3
396.91 6.4
398.14 2.3
400.41 7.0
401.40 4.7
402.28 7.1
403.25 36.0
404.04 8.5
405.28 531.8
406.47 124.7
407.14 128.5
408.32 11.9
409.20 8.6
410.33 6.3
412.22 31.1
413.17 14.5
414.55 1.4
417.36 93.2
418.40 17.4
419.48 4.3
420.18 11.6
421.23 55.6
422.14 29.0
423.48 9.4
424.51 10.8
425.42 3.2
427.30 9.9
428.97 7.4
430.04 2.9
431.27 28.6
432.31 9.6
433.35 9.3
436.81 9.1
438.28 1.8
439.28 3.1
439.93 6.9
441.28 25.5
442.03 8.4
442.84 10.5
444.34 4.5
445.29 3.3
447.38 2.6
449.33 219.5
450.24 62.1
451.57 16.9
453.27 5.3
455.29 8.3
456.35 18.0
457.44 24.5
458.39 676.7
459.47 142.8
461.28 8.4
463.27 6.2
466.08 8.0
467.22 25.8
468.24 16.5
469.06 2.2
471.51 11.1
472.47 2.2
473.46 38.4
475.09 10.0
476.53 2.3
478.30 14.4
479.18 9.2
480.13 10.5
481.39 7.4
482.26 26.8
483.40 5.5
484.23 6.2
486.10 13.6
487.03 13.7
488.19 50.3
488.99 59.9
490.66 13.8
491.43 16.9
492.23 20.0
493.49 3.4
494.43 11.8
495.30 3.8
496.19 7.9
497.37 29.3
498.07 29.8
499.26 25.9
500.19 13.3
501.86 55.6
503.12 26.2
504.31 12.0
505.28 4.6
506.47 2.9
507.64 13.6
508.94 5.4
510.09 10.4
510.90 6.9
511.74 3.5
513.34 3.0
513.99 2.8
515.58 21.7
516.33 192.7
517.23 73.3
517.84 8.2
518.50 38.1
519.42 13.0
520.30 27.3
522.46 8.1
523.29 5.6
524.60 13.3
525.24 8.5
525.90 12.5
527.05 15.6
528.14 12.2
529.21 9.9
530.42 106.5
531.38 20.9
532.31 2.8
533.39 22.5
534.33 183.3
535.36 59.3
536.41 24.9
537.31 10.4
539.15 2.7
540.34 50.3
541.34 1.2
542.25 19.3
543.67 42.9
544.68 24.5
545.43 6.6
546.19 9.0
547.27 3.8
549.09 9.0
550.46 16.1
551.20 13.0
552.77 175.4
553.41 78.5
554.25 31.5
557.44 49.0
558.34 12.9
559.13 16.3
559.81 11.5
561.53 1885.5
562.56 15.7
563.99 16.6
566.06 613.2
567.10 87.5
568.30 27.6
569.45 59.5
570.37 6.7
572.55 29.4
573.69 10.7
574.51 2.8
576.21 10.1
577.32 1.5
577.98 22.2
579.23 9.4
581.44 4.4
582.35 8.5
583.30 1.3
584.40 9.8
585.22 21.8
586.39 62.7
587.38 384.1
588.50 104.4
589.29 2.3
590.44 10.6
591.61 93.4
592.43 17.9
593.67 2.7
595.45 38.2
596.43 31.9
597.65 12.4
599.25 29.9
600.41 415.3
601.07 243.8
601.79 19.3
602.62 3.0
603.58 22.3
605.49 2.3
606.31 10.1
607.35 7.4
608.79 263.5
609.50 151.6
628.31 1.9
629.22 4.9
630.44 11.8
631.49 40.0
632.36 15.0
633.32 11.8
635.30 16.4
636.30 3.1
639.40 10.4
640.58 6.2
643.44 4.1
645.33 8.8
646.31 15.0
647.23 21.8
648.40 71.9
649.41 16.7
651.63 2.2
652.49 2.3
654.48 5.5
656.50 11.9
657.43 11.7
659.38 3.2
660.54 12.4
661.69 7.1
663.99 12.9
664.62 3.3
665.44 2.8
666.40 20.8
668.32 1.3
669.31 25.6
670.96 14.0
674.25 3.6
675.32 8.8
676.79 12.0
677.44 126.1
678.45 37.8
679.29 10.8
680.28 9.6
683.40 21.4
684.50 33.7
685.48 17.0
687.24 54.3
688.39 49.7
690.64 7.4
693.49 2.0
696.19 9.0
697.20 5.6
698.12 1.3
701.42 1384.6
702.44 425.9
704.45 4.6
705.52 13.0
706.48 9.1
707.32 8.5
710.21 3.9
712.82 1.9
713.75 10.1
714.42 11.6
715.52 11.2
716.46 3.2
717.47 3.1
718.35 5.3
719.54 6.5
720.25 6.0
722.09 4.0
722.74 2.9
724.21 7.7
725.17 3.6
728.56 1.9
729.31 4.3
730.57 14.9
731.57 1.8
732.42 7.0
733.42 1.7
735.44 6.9
740.41 18.8
741.33 4.9
742.54 39.5
743.51 5.9
744.56 7.3
745.62 18.4
746.25 9.5
747.43 4.3
748.46 5.5
749.78 6.2
751.74 3.6
752.68 2.7
753.75 8.7
754.68 2.9
756.46 6.5
757.49 2.2
758.50 2.3
759.50 57.9
760.41 113.6
761.44 30.5
763.58 23.2
765.49 2.4
766.32 12.5
768.62 14.0
771.53 2.1
772.65 4.9
773.48 1.4
774.41 6.9
777.37 104.8
778.51 51.1
779.51 7.1
780.39 3.3
781.98 1.7
783.34 9.0
785.55 2.3
786.54 10.5
787.55 5.3
788.38 4.1
789.21 2.8
789.84 8.4
791.34 9.0
795.38 6.1
797.39 2.4
798.61 2.7
799.57 9.0
800.33 29.9
801.24 35.0
802.22 33.3
803.47 2.3
805.56 55.9
806.49 9.1
810.50 7.8
812.43 187.2
813.55 82.2
814.67 15.5
815.46 5.7
817.18 7.1
818.95 10.8
819.79 10.3
820.54 6.3
822.51 2.4
823.52 3.2
825.59 3.8
827.02 17.5
827.77 1.4
828.62 2.7
829.33 2.5
830.49 1594.5
831.56 578.3
832.49 2.7
833.92 11.7
835.46 5.9
837.27 4.1
839.87 4.9
840.59 16.0
841.51 33.3
842.31 6.8
843.59 8.0
844.69 4.1
845.60 2.1
848.23 6.3
849.54 3.6
850.31 1.3
858.46 36.4
859.43 82.8
860.55 29.7
861.61 3.5
863.65 6.5
865.60 2.4
867.71 5.3
873.42 3.3
874.45 1.9
875.51 2.4
876.54 163.3
877.66 59.7
878.64 1.8
881.62 1.6
884.58 2.2
885.46 12.0
888.77 6.7
890.77 5.0
895.34 8.3
897.16 14.3
899.69 5.1
901.62 2.1
902.80 1.8
904.74 11.2
906.59 1.7
908.75 4.7
910.62 1.6
911.64 4.5
912.50 4.1
913.48 4.0
914.77 8.3
915.52 8.2
916.63 5.7
917.44 1.9
919.46 13.8
920.96 1.2
925.12 8.0
926.60 12.1
929.32 8.4
930.46 55.7
931.48 10.6
932.79 3.4
934.36 16.3
941.82 2.0
945.42 7.2
947.59 105.1
948.48 29.5
950.49 4.5
951.46 2.2
952.43 6.5
955.30 3.4
957.50 42.7
958.65 42.5
959.52 9.3
960.58 2.3
961.99 1.3
964.88 1.5
966.76 1.4
968.67 7.4
969.43 2.2
972.09 3.1
973.64 3.1
975.57 64.7
976.56 110.6
977.42 11.7
978.06 2.8
985.47 13.4
986.66 21.1
987.77 1.5
991.78 2.6
993.56 6697.0
994.61 2899.4
1001.53 6.0
1003.48 9.5
1004.59 11.5
1005.63 1.7
1016.21 5.6
1024.89 3.2
1025.53 5.2
1026.47 5.7
1030.37 1.5
1032.57 18.4
1033.45 1.2
1036.32 5.3
1039.53 2.8
1042.61 17.6
1043.63 41.4
1044.67 11.9
1056.53 11.0
1057.71 13.7
1060.59 239.9
1061.55 115.3
1064.64 1.4
1067.71 2.0
1069.19 7.0
1071.30 2.4
1072.65 1.7
1074.56 3.7
1075.39 1.9
1078.82 10.3
1088.55 14.8
1089.59 9.0
1097.54 2.6
1102.82 4.6
1103.72 8.4
1104.70 14.0
1105.80 16.8
1107.00 1.4
1114.37 5.7
1116.69 18.7
1117.72 4.2
1121.74 25.0
1122.82 13.5
1131.54 17.7
1132.40 20.6
1133.26 11.3
1134.03 2.3
1158.39 4.2
1180.30 2.5
1195.42 2.1
1214.42 3.1
