1128.53081 2
170.08 3.5
175.01 8.6
178.11 3.1
179.14 2.0
185.35 1.3
187.29 6.9
197.15 1.4
208.32 5.2
211.14 1.8
221.13 2.4
226.19 25.4
227.26 9.7
228.23 1.6
230.13 1.1
239.27 2.0
243.39 1.4
244.28 9.2
246.17 98.2
247.20 3.1
248.82 10.3
252.22 13.7
258.28 42.3
259.42 2.8
268.41 7.8
269.22 4.5
273.23 1.8
279.07 4.8
280.18 2.0
284.12 6.1
285.25 2.1
288.52 3.3
290.36 1.4
292.11 3.2
293.27 1.8
294.27 3.1
297.18 64.1
298.09 5.7
302.11 13.5
302.83 4.1
308.35 4.0
309.29 6.0
314.96 12.9
324.46 4.1
326.21 2.4
336.16 3.6
337.20 5.0
337.96 1.3
339.35 1.1
341.14 1.4
354.21 64.1
355.23 34.2
359.16 6.4
360.39 12.4
363.48 4.6
369.23 7.6
372.22 4.7
373.32 15.8
380.24 5.7
381.21 2.5
383.53 1.2
389.20 2.0
393.41 8.8
399.12 2.6
401.28 4.3
402.17 4.9
407.37 4.4
409.48 3.9
410.28 4.6
416.23 8.5
417.36 3.9
421.02 1.1
424.17 2.3
429.10 3.8
434.44 3.3
435.36 4.5
436.02 2.3
437.92 1.2
441.04 3.9
443.60 61.1
444.86 5.7
447.68 4.7
448.97 1.3
450.73 23.6
452.16 1.5
454.41 6.4
455.33 8.5
458.09 3.3
462.39 4.6
463.84 5.2
465.33 24.8
466.21 44.2
467.36 2.6
468.26 1.4
470.56 1.2
471.26 2.3
473.40 4.6
474.04 1.9
476.13 3.0
477.08 8.9
479.01 5.5
481.50 8.2
482.22 2.6
483.30 110.8
484.24 26.4
487.88 6.1
490.51 3.4
492.46 10.0
496.14 4.1
498.46 1.6
501.18 19.8
503.35 2.9
504.07 6.5
505.22 2.8
508.43 3.1
510.31 6.1
513.37 456.5
514.43 59.4
516.51 4.6
518.32 4.3
520.51 3.2
521.33 6.9
522.68 12.0
523.91 35.6
526.42 6.4
527.29 3.7
528.29 7.7
529.73 9.3
532.04 15.2
532.91 11.7
533.55 1.6
534.36 8.6
535.29 2.8
536.45 2.4
537.30 2.4
538.48 16.1
541.29 4.1
542.78 6.4
544.30 15.2
545.33 1.1
546.78 107.9
547.40 81.9
548.12 21.8
549.84 37.2
550.55 2.8
551.85 14.5
553.64 6.5
555.10 11.0
555.99 68.4
556.98 10.0
570.53 3.6
580.35 14.7
581.24 25.1
582.38 3.8
589.80 11.9
598.25 72.7
599.22 19.7
600.33 1.5
616.21 47.0
626.06 2.7
628.38 416.7
629.39 80.0
640.31 3.9
649.23 2.4
659.93 8.9
670.49 4.4
671.18 1.9
688.39 3.2
689.91 7.6
695.26 2.4
727.39 1.8
731.04 3.8
734.44 3.3
736.05 2.0
739.64 5.1
746.68 5.6
750.43 1.4
752.31 23.8
753.40 20.3
757.49 51.9
758.50 19.5
770.21 2.3
789.12 3.1
796.55 16.8
814.37 125.6
815.40 29.8
819.29 4.2
820.58 6.0
821.34 1.8
830.35 2.7
837.41 7.8
839.35 3.2
846.96 5.7
848.56 18.1
853.72 1.8
865.33 39.4
866.37 28.9
867.34 4.8
871.74 1.3
872.48 6.9
874.43 1.6
879.48 5.1
881.37 1.6
883.46 9.7
884.50 5.3
885.44 28.0
886.51 6.2
887.53 1.3
891.76 2.0
898.40 3.0
901.60 1.8
918.44 2.2
920.13 8.3
936.06 2.4
937.42 7.2
954.50 2.7
968.26 7.1
979.73 2.1
982.44 1.3
983.74 6.5
999.51 4.0
1000.22 4.0
1011.57 2.3
