1082.49639 2
156.06 1.4
170.21 1.4
175.21 5.4
178.16 4.5
178.93 3.1
181.34 9.2
182.12 2.4
185.16 3.9
186.02 2.8
186.99 12.8
189.26 1.3
190.36 3.7
191.09 4.5
193.05 1.6
194.89 2.8
197.54 1.9
199.94 1.0
201.36 1.3
202.14 1.4
204.15 17.0
208.96 1.3
210.09 8.6
213.53 7.6
218.10 4.0
219.09 2.7
219.99 2.1
221.10 3.4
222.76 4.0
225.20 1.8
226.05 2.4
227.42 2.6
230.18 3.1
232.39 10.2
233.36 1.0
235.17 3.6
238.10 1.3
240.17 1.4
242.18 7.6
243.11 1.9
244.31 3.6
245.14 2.5
249.21 4.4
254.13 3.2
257.35 1.1
258.17 6.8
258.98 1.7
260.19 14.3
262.07 3.1
263.20 3.1
264.26 1.2
265.25 7.2
268.25 4.4
270.26 25.9
271.28 3.5
273.23 6.3
273.89 4.7
275.27 10.1
278.33 1.1
280.31 6.0
281.14 5.1
283.06 10.3
284.23 10.8
285.20 10.1
286.21 5.7
287.25 4.7
288.28 5.9
289.22 9.2
291.18 4.0
292.22 1.7
293.18 2.3
297.23 14.1
299.11 2.8
300.38 2.2
302.49 1.7
303.21 15.9
304.33 2.8
305.84 4.2
306.56 1.3
308.31 3.5
310.21 3.4
311.09 1.2
311.93 1.7
314.11 4.4
314.99 6.1
317.18 1.4
320.96 1.3
322.26 7.7
323.17 2.0
327.12 5.1
327.97 1.1
329.24 2.0
330.17 5.8
332.45 2.8
333.12 4.0
334.11 6.0
336.72 2.2
341.39 3.4
345.27 3.5
347.18 1.7
348.25 1.9
349.08 3.1
350.25 16.4
352.05 2.4
353.66 8.3
355.20 6.0
356.22 2.3
359.03 14.2
359.97 1.8
361.45 5.0
364.35 7.2
366.01 7.0
367.27 1.9
368.68 5.9
369.46 3.4
371.64 5.9
373.21 4.4
374.71 6.8
378.03 9.0
379.21 7.2
380.12 7.7
381.30 4.1
384.12 14.6
385.49 5.8
386.28 2.4
387.32 5.2
388.23 7.7
389.70 1.9
390.39 1.1
392.48 16.1
393.14 13.2
394.73 34.1
395.38 5.3
396.24 6.8
397.01 3.0
398.18 5.9
399.47 4.2
400.10 3.9
401.24 1.9
401.96 6.3
404.13 25.3
405.01 5.5
405.86 5.8
407.18 2.2
408.14 7.1
408.98 1.2
409.75 14.7
411.30 2.5
413.30 4.5
417.45 9.0
418.11 6.8
420.04 13.2
420.72 6.6
421.43 2.2
424.23 29.5
427.24 34.1
428.56 14.6
429.33 6.9
430.52 14.4
432.29 8.4
433.36 31.9
434.12 6.4
435.16 50.1
436.17 56.2
437.34 4.5
438.57 17.6
440.01 50.0
440.72 20.9
441.36 2.2
443.33 3.2
444.31 3.5
445.31 4.2
446.52 10.8
447.74 6.6
448.40 4.6
449.24 6.9
450.53 13.8
451.24 6.3
452.07 2.9
453.39 6.2
454.72 7.0
455.34 1.3
456.18 6.4
456.80 6.8
459.63 14.9
461.73 21.3
462.48 9.8
463.17 5.3
467.02 3.8
468.11 7.3
469.25 2.9
470.25 3.8
472.25 4.5
473.26 3.8
475.72 176.4
476.62 7.0
478.35 16.8
478.99 3.5
480.72 29.5
481.38 39.4
482.30 6.2
483.14 3.1
484.12 11.7
485.52 28.9
486.79 14.7
487.79 13.5
488.71 4.0
490.06 26.5
492.19 4.7
492.93 4.8
494.09 11.3
495.66 10.5
496.41 15.1
497.09 20.2
498.09 17.8
499.51 33.4
500.86 21.6
502.15 27.8
503.52 13.6
504.48 61.8
505.34 64.6
506.33 1.9
507.89 10.3
509.06 29.9
510.11 38.0
511.14 99.5
512.49 17.1
513.43 25.6
514.30 15.4
515.34 18.1
516.53 3.6
517.52 25.6
518.60 18.7
519.42 60.3
520.28 86.7
521.43 14.6
523.16 96.2
524.09 180.0
524.99 72.2
526.16 104.6
527.46 41.0
529.27 4.6
530.50 30.7
531.30 4.2
532.62 138.0
533.36 71.9
534.03 1.4
535.11 4.3
542.02 2.5
542.80 2.3
547.39 4.3
548.34 3.4
553.43 9.4
554.20 6.1
554.89 31.5
555.50 5.3
568.31 1.8
569.38 1.3
573.50 1.2
576.66 7.5
584.69 3.2
587.24 1.1
588.61 1.4
589.99 9.9
591.13 1.1
593.31 21.0
595.50 2.0
600.41 1.9
602.41 1.7
604.58 22.2
610.18 2.1
613.34 4.4
614.61 1.9
617.36 1.2
618.56 2.4
621.59 10.1
624.42 4.2
630.23 4.1
631.20 4.0
636.28 6.2
637.67 4.8
640.07 6.6
645.20 3.5
647.34 1.1
648.36 44.6
649.27 4.8
653.95 14.7
655.44 5.8
658.45 2.3
659.87 9.0
661.56 13.3
662.60 2.3
664.64 2.7
666.26 2.0
670.26 4.8
674.01 6.6
676.20 1.1
677.14 6.7
681.34 2.9
682.41 1.3
693.59 3.7
700.54 1.5
702.40 1.5
704.04 1.2
705.15 2.6
709.44 1.7
710.53 2.4
712.48 2.8
713.33 3.3
717.12 2.7
718.57 1.9
719.23 5.1
726.48 2.6
732.76 5.6
735.50 3.7
737.44 2.5
738.24 6.3
739.14 36.2
739.86 6.4
741.90 4.9
744.82 4.2
746.18 2.1
755.49 1.1
764.61 6.0
765.49 3.5
768.24 1.4
769.42 8.2
780.65 12.2
786.69 2.2
787.65 3.5
789.57 5.9
790.38 14.1
791.39 4.1
792.22 1.9
795.32 9.8
796.63 2.6
797.25 5.0
800.59 6.1
801.25 4.8
802.85 5.6
804.31 2.9
806.44 6.9
808.06 36.2
808.84 7.6
813.46 25.9
817.49 2.8
819.52 9.2
820.44 11.8
821.33 9.2
822.86 8.4
823.53 5.1
824.34 9.2
826.30 4.7
830.51 1.6
841.65 13.5
843.81 3.3
849.24 2.8
855.43 3.9
859.38 5.6
861.60 8.2
862.34 6.1
863.37 2.9
864.38 2.4
864.98 2.8
867.52 17.1
869.43 5.5
879.41 94.9
880.44 17.1
888.45 1.7
890.05 4.1
891.52 3.9
893.43 15.2
895.82 5.9
907.48 5.3
912.60 4.2
919.55 4.7
922.34 6.3
923.39 3.2
932.37 15.8
933.39 17.7
934.69 1.4
936.53 2.7
950.40 379.9
951.55 31.0
954.44 3.1
969.59 3.9
981.52 1.9
1041.15 1.4
1042.34 3.4
1044.66 3.2
1045.80 6.6
1061.27 8.9
1062.33 2.5
1067.59 2.4
