850.51634 2
130.34 4.1
131.45 2.0
133.16 45.0
134.27 1.3
136.31 2.5
139.16 2.1
141.22 1.6
143.36 3.2
144.33 1.3
145.10 3.4
148.41 2.6
152.14 1.9
157.21 1.3
159.06 32.6
160.23 1.5
161.12 13.7
164.22 1.6
167.15 5.2
168.23 2.9
174.08 2.5
175.18 4.0
181.11 4.3
184.08 10.8
185.11 5.6
195.19 10.8
197.26 14.7
201.28 2.2
205.28 1.5
209.33 5.3
211.23 5.9
212.42 56.3
213.14 290.4
214.13 19.3
217.26 2.4
221.12 5.6
224.20 2.5
225.30 29.0
230.16 2154.6
231.22 149.2
235.25 7.3
236.29 4.9
237.13 6.9
238.22 1.7
239.19 4.0
240.40 5.9
242.41 5.6
249.19 4.3
250.30 1.4
253.24 8.1
254.23 67.7
255.18 26.8
257.61 7.4
261.40 1.1
262.32 10.6
266.12 1.7
267.32 2.4
269.50 7.0
271.10 16.8
272.07 19.3
274.29 2.1
277.40 2.6
280.87 1.6
283.47 5.2
285.25 3.0
289.28 37.5
290.34 1.8
294.56 6.2
297.26 86.6
297.89 15.1
299.36 1.4
302.59 26.4
303.92 8.2
304.75 2.6
305.44 2.2
306.94 1.9
309.56 11.5
311.10 473.8
312.02 190.2
313.42 1.2
318.28 1.4
320.28 16.0
320.94 2.3
324.12 2.5
326.20 2.1
329.32 5.7
330.14 2.7
331.07 17.5
332.17 43.2
333.48 1.9
334.34 2.5
336.44 5.8
337.69 14.0
339.29 18.2
340.22 1.4
341.97 3.7
343.42 4.3
346.33 28.3
346.97 2.4
348.24 4.4
349.23 14.2
350.40 27.2
351.25 2.6
352.19 23.9
353.17 4.6
355.42 12.4
359.15 14.0
359.84 42.8
360.90 6.2
362.41 6.3
363.07 3.7
364.47 5.4
365.54 2.4
367.11 31.1
368.97 888.0
369.76 33.8
370.74 12.4
371.57 4.6
372.53 10.5
373.52 4.7
374.68 1.7
375.67 3.0
377.99 3.5
379.15 5.3
380.12 2.2
381.31 8.7
381.95 6.9
383.25 26.5
384.06 10.7
385.00 13.7
386.01 6.5
388.97 3.5
390.02 13.8
391.44 20.6
392.32 7.7
393.45 6.1
394.79 90.1
395.76 6.3
397.22 49.8
398.44 17.5
399.68 4.0
400.33 16.4
403.19 376.2
403.89 144.8
406.19 26.3
407.18 60.8
408.13 63.7
409.13 40.6
410.36 4.5
411.64 2.7
412.29 6.9
413.91 24.4
417.37 2482.0
418.60 5.0
424.88 1.4
426.14 1.8
431.49 5.6
432.38 3.5
438.37 1.2
439.40 1.7
440.43 20.9
441.23 5.5
443.85 4.3
449.16 3.4
450.34 3.4
452.91 2.9
459.25 4.0
465.90 4.9
466.51 15.5
468.25 21.2
469.17 2.9
472.58 3.1
473.36 5.2
475.28 2.9
484.37 71.2
485.34 12.0
490.46 9.2
493.12 35.7
494.26 8.8
502.48 4.1
508.67 9.0
509.52 3.0
514.12 4.4
519.49 9.9
525.65 3.6
531.40 3.1
532.31 5.0
533.42 18.6
534.52 2.8
537.44 2.8
539.27 4.1
540.48 2.2
541.54 2.6
542.57 5.6
545.80 10.1
546.82 4.1
548.48 14.3
549.39 37.2
550.55 2.6
557.14 3.7
559.49 48.2
560.54 16.3
562.52 2.2
563.50 1.4
564.34 17.3
566.00 5.1
568.52 6.3
575.47 25.3
577.36 375.2
578.43 96.7
581.37 64.6
582.50 25.8
585.27 6.7
586.24 5.8
588.21 3.4
592.09 3.2
593.46 175.9
594.53 32.6
595.53 9.0
596.79 10.1
597.68 1.4
603.42 362.4
604.46 138.3
605.32 7.0
612.42 2.5
619.58 7.2
621.43 2313.3
622.53 692.7
629.05 2.7
630.45 1.2
639.71 8.9
642.28 3.9
653.45 2.9
657.75 4.5
675.38 2.5
692.49 7.5
693.36 19.2
694.51 23.9
695.33 1.4
704.61 10.6
725.47 4.5
731.68 1.4
736.61 3.7
746.33 2.6
750.33 1.0
788.51 6.7
805.63 3.6
