1198.54428 3
120.22 3.0
122.22 12.3
127.23 6.7
129.13 51.2
130.11 2.2
132.21 3.3
135.29 1.6
137.07 2.3
139.13 1.9
142.18 2.9
143.32 4.4
144.09 11.7
146.65 3.2
147.31 1.3
148.95 1.4
155.22 1.8
157.25 2.0
165.19 11.9
171.13 3.8
177.25 1.3
179.32 1.7
182.30 3.3
186.18 2.5
187.06 5.0
199.32 3.6
201.12 1.4
206.15 1.1
207.36 4.3
215.38 6.3
221.26 2.9
223.33 1.6
226.46 2.3
228.31 1.9
231.28 3.3
237.26 2.2
238.34 2.1
240.23 6.0
241.23 7.6
244.14 3.4
246.24 10.4
248.23 4.0
250.25 1.2
251.24 9.3
252.28 2.7
255.11 100.4
256.21 8.0
258.27 2.0
266.03 7.3
266.84 1.1
268.89 3.8
270.94 2.7
273.12 20.4
274.05 4.8
274.93 5.2
277.90 3.6
279.03 78.0
280.07 9.9
286.08 54.9
286.99 5.0
292.28 4.0
296.71 4.8
299.43 11.6
303.86 3.3
305.46 5.5
307.12 5.3
307.84 7.5
309.05 2.2
310.54 2.6
311.31 7.3
313.11 3.2
317.32 1.3
318.94 6.6
322.12 14.6
323.25 5.1
326.21 10.6
327.34 14.6
328.83 8.7
330.13 13.6
330.82 12.8
331.45 6.5
332.49 1.0
335.82 2.5
338.22 2.5
340.06 2.1
342.14 3.5
343.47 11.5
344.15 23.8
345.28 17.9
346.17 2.7
351.39 3.6
353.29 20.5
354.10 8.2
355.28 8.5
359.25 217.8
360.34 7.1
360.99 7.0
362.17 6.7
363.15 4.5
364.12 1.0
365.27 7155.7
366.30 51.6
367.09 6.4
367.76 13.6
368.80 6.4
370.76 19.3
371.88 6.0
372.64 2.2
373.36 5.5
373.99 2.6
377.45 32.2
378.44 5.4
380.30 1.8
382.02 52.3
382.86 26.6
384.13 1.2
384.93 35.6
385.86 17.1
387.01 6.4
388.77 15.5
389.83 3.7
391.08 177.7
391.99 36.7
397.99 4.6
398.84 1.8
399.81 1.4
407.30 2.1
408.39 109.0
410.33 4.1
417.36 4.1
418.32 2.0
421.22 4.2
426.50 11.5
428.44 16.2
429.28 7.4
430.34 2.6
439.89 1.6
445.49 1.7
446.28 1.8
447.59 1.4
449.09 9.0
449.96 3.3
451.47 5.8
453.09 15.8
454.28 39.4
455.15 1.9
456.77 12.9
462.31 4.8
463.52 1.6
468.48 6.2
470.24 8.6
472.98 5.5
474.35 1.5
477.21 1.9
484.54 4.4
487.25 1.6
489.97 6.4
492.04 4.5
494.27 13.0
495.00 24.6
496.23 1.2
497.95 6.4
500.35 3.7
501.41 2.3
502.74 4.8
503.47 1.5
505.89 1.6
507.17 4.4
511.32 1.7
513.71 2.0
515.22 4.1
518.06 7.4
519.31 10.6
519.95 5.5
522.32 5.4
523.43 4.9
525.34 5.2
526.17 5.0
529.12 5.0
530.05 9.6
532.58 6.0
534.10 24.0
534.97 47.8
536.09 14.0
538.42 17.9
544.93 3.7
547.39 3344.1
548.69 21.7
549.56 5.2
550.53 4.9
551.42 1.6
552.45 14.5
554.25 8.9
555.38 19.5
557.36 4.3
558.35 13.3
571.45 2.3
586.29 4.1
599.40 3.6
600.33 1.8
602.27 3.4
617.76 5.9
625.50 7.4
632.51 1.5
634.42 2.3
635.23 2.8
642.58 3.9
649.44 4.2
651.53 2.5
652.74 4.9
653.54 7.2
654.28 5.6
657.55 6.3
666.22 2.2
669.22 2.0
670.39 14.1
671.26 1.3
672.81 1.5
684.69 9.0
687.59 6.6
688.49 9.0
695.46 2.7
698.70 1.3
703.70 2.9
728.42 10.7
748.95 1.3
780.53 5.2
797.93 5.5
798.64 3.7
799.65 2.6
805.60 4.7
816.42 1.7
859.48 1.8
931.28 4.1
