1252.52983 2
181.13 18.7
188.27 1.0
195.07 2.8
198.20 85.4
201.14 2.2
203.12 1.1
206.38 2.2
208.07 1.7
210.12 7.1
212.31 5.3
215.23 2.2
218.25 4.2
220.27 1.5
221.08 2.1
223.36 4.8
227.19 1.6
229.31 2.0
233.30 3.3
235.40 1.0
237.30 2.0
238.27 2.0
240.20 9.1
250.38 1.1
254.26 3.3
254.99 4.4
265.31 1.1
271.26 4.7
272.33 2.9
278.09 4.7
285.31 1.2
288.25 2.7
289.18 1.1
292.17 17.6
293.44 6.0
295.07 3.3
300.24 1.9
302.43 1.8
303.29 1.5
309.12 42.5
310.00 9.5
316.42 1.9
320.25 4.8
321.21 17.0
322.15 4.6
323.68 4.1
326.25 112.3
327.16 3.8
332.15 1.4
334.23 2.0
338.24 564.1
339.31 77.7
344.20 1.8
345.08 5.4
346.05 2.6
349.20 1.5
351.23 5.4
352.17 1.9
355.29 1.7
360.48 2.5
361.27 1.4
365.05 3.2
368.45 7.1
371.10 3.4
373.60 1.3
375.43 6.9
378.93 2.8
380.30 3.1
382.15 2.8
382.81 2.9
385.39 5.2
386.41 2.4
391.11 2.3
392.43 1.9
396.27 2.8
403.01 2.3
406.95 15.2
410.42 1.4
417.11 1.8
418.49 2.2
423.73 30.3
424.35 34.5
425.27 6.0
426.46 7.3
428.69 1.7
432.34 2.2
433.30 15.2
435.42 1.8
436.77 5.1
438.28 3.5
440.69 14.8
441.45 3.6
443.94 4.1
444.88 1.9
447.91 4.8
453.35 53.0
454.41 10.5
455.21 8.2
457.32 24.7
458.15 2.2
462.19 10.2
464.05 6.4
465.47 2.9
469.50 7.8
470.48 1.3
471.54 6.2
472.25 1.2
473.09 11.4
474.21 2.2
475.20 1.9
476.14 2.5
478.49 6.9
479.23 20.5
482.31 2.7
484.45 5.0
486.30 1.0
487.08 1.7
490.96 6.3
491.86 7.8
495.22 10.0
496.23 5.6
497.26 2.8
500.18 1.3
500.86 4.0
503.12 8.8
504.17 3.1
504.88 6.1
505.89 6.4
506.56 2.8
509.36 4.2
511.06 5.3
512.36 11.1
513.36 18.2
514.66 4.4
515.47 3.3
516.69 3.6
517.38 1.7
518.10 3.6
519.86 6.4
521.13 7.5
523.80 2.5
524.48 1.7
525.35 4.9
526.09 6.3
526.97 13.8
528.12 23.3
530.53 1.5
532.45 8.0
533.61 5.2
534.48 5.3
536.50 19.9
537.34 8.7
538.28 20.3
539.60 4.0
540.40 3.1
542.54 9.1
543.98 7.7
545.67 23.1
546.28 1.5
547.49 12.9
549.20 1.9
554.04 14.9
555.10 42.3
555.95 14.8
557.96 4.9
558.84 4.3
559.45 2.7
561.15 7.4
562.57 7.4
564.12 4.8
565.22 7.7
566.63 16.8
567.76 3.3
569.29 54.2
570.06 66.6
570.67 12.5
571.77 2.5
572.48 7.2
573.82 9.9
575.48 8.7
578.86 2.9
580.57 4.1
582.38 82.4
583.30 45.8
584.87 2.6
586.17 9.4
587.21 10.3
590.55 16.0
591.29 18.4
592.37 32.1
593.29 18.8
594.03 6.9
595.52 35.7
596.35 1.9
597.48 26.0
598.48 3.3
599.34 3.5
600.03 10.5
601.02 17.8
602.13 11.4
604.39 31.0
605.25 32.2
606.29 2.2
607.72 10.5
608.76 56.4
609.72 291.4
610.34 37.8
614.80 14.4
617.79 52.9
618.52 25.3
637.11 20.8
639.65 4.7
641.51 3.4
643.75 4.1
649.40 2.2
653.33 9.6
654.19 18.1
655.41 5.0
660.53 12.3
661.79 1.7
664.48 1.1
671.40 12.3
681.38 83.4
682.35 17.9
684.69 7.0
690.48 2.5
693.63 2.5
700.32 11.5
701.70 4.4
702.77 2.0
706.79 2.5
714.02 4.3
716.67 1.3
717.75 19.6
718.50 22.2
719.45 19.1
720.51 4.6
721.32 1.2
722.53 11.1
728.29 3.4
729.35 3.4
740.52 16.2
746.40 2.9
747.58 3.9
755.41 5.3
758.14 5.9
762.07 1.3
764.46 3.8
765.41 15.7
766.28 1.3
773.68 7.4
779.51 2.8
782.36 8.6
783.29 27.7
784.23 9.5
787.42 2.1
799.18 3.4
801.40 16.2
802.27 7.6
803.25 2.7
806.25 7.2
812.50 57.4
813.45 39.3
818.25 6.5
824.60 4.4
828.92 2.6
830.60 2.0
839.48 5.9
842.31 7.6
845.85 2.4
846.52 2.1
849.50 1.5
850.53 2.7
852.77 2.0
856.44 2.0
862.04 2.0
864.36 6.3
865.59 4.0
870.13 1.2
874.97 13.0
879.61 5.2
881.15 33.4
882.52 3.9
884.21 3.5
888.61 1.2
889.43 1.0
898.33 228.1
899.48 75.6
904.40 2.2
906.40 1.8
909.44 11.3
910.08 2.9
915.42 156.0
916.56 74.8
920.42 1.5
921.53 4.2
927.43 183.6
928.39 47.5
933.57 3.7
939.54 6.6
957.83 3.9
959.87 6.8
961.04 4.3
962.39 2.7
967.47 1.4
972.58 4.7
977.79 1.5
988.62 1.8
989.34 2.7
990.71 4.0
991.94 6.4
995.29 4.5
996.75 6.3
1009.59 1.3
1019.63 2.4
1030.06 4.6
1032.20 3.9
1032.85 1.6
1034.41 3.4
1036.39 11.4
1037.36 21.7
1038.50 153.9
1039.57 35.7
1052.70 4.1
1055.46 366.7
1056.56 159.6
1059.69 2.0
1061.72 1.2
1062.46 4.3
1066.72 4.3
1077.77 3.9
1079.37 1.2
1086.70 5.3
1093.78 1.7
1098.49 1.8
1120.63 1.0
1121.91 1.3
1123.57 4.4
1141.66 2.9
1148.81 3.2
