1123.523 2
157.16 2.6
159.15 1.1
160.06 1.1
170.27 1.1
175.33 12.0
181.28 1.7
185.25 2.9
186.15 1.6
193.02 8.1
194.29 4.5
198.27 1.5
199.27 10.3
200.23 3.6
202.34 4.8
209.24 5.8
212.15 1.5
215.22 4.2
216.32 3.6
225.37 1.2
226.32 3.3
227.24 13.6
228.07 14.9
229.37 2.9
242.28 5.5
244.13 13.8
245.27 8.0
246.10 2.2
250.11 2.5
252.22 4.3
257.13 1.7
262.42 5.2
263.34 7.8
264.50 1.3
276.29 2.6
277.17 1.3
278.30 2.8
286.18 1.1
288.38 5.2
293.24 2.8
294.44 1.9
295.29 2.9
296.17 2.6
299.35 1.2
301.20 4.3
303.26 1.1
304.25 1.4
307.03 5.1
307.88 4.2
309.29 2.4
312.53 3.6
314.35 4.6
315.45 3.6
322.32 3.3
325.48 1.6
326.30 5.4
328.32 3.5
329.33 6.1
330.35 6.4
331.31 4.2
333.06 3.9
334.02 1.6
338.34 5.4
340.69 7.1
341.46 2.5
342.29 16.7
343.28 17.6
344.34 10.0
345.30 33.9
346.31 15.7
347.04 3.3
351.41 1.5
355.15 2.6
356.27 22.5
357.34 9.7
358.22 1.1
359.35 17.3
360.19 6.7
361.11 1.5
363.04 2.4
364.61 1.9
370.18 2.8
371.81 3.2
373.29 97.4
374.26 46.1
375.10 6.7
376.54 7.1
382.28 2.0
385.11 2.4
386.53 1.5
388.35 5.6
389.55 1.5
391.33 2.0
392.46 1.7
396.94 1.1
398.27 3.1
415.26 1.9
416.33 2.7
425.21 2.9
426.02 18.6
426.94 1.7
428.39 4.7
431.54 3.0
436.51 4.8
437.84 6.0
440.90 2.4
441.81 1.6
444.43 5.5
447.87 39.6
450.58 2.4
452.61 6.1
456.14 1.3
457.38 10.2
459.33 4.7
460.95 8.7
462.43 1.5
465.35 15.0
466.05 2.4
467.93 15.4
469.03 4.4
470.31 5.5
474.52 20.3
475.36 17.2
484.77 4.6
486.14 16.5
487.08 3.1
488.18 6.7
489.15 18.8
490.15 18.3
493.22 2.5
494.39 2.7
495.64 2.8
496.91 29.2
498.04 16.7
499.05 16.9
500.92 11.3
501.88 4.7
505.06 33.3
506.35 3.6
506.98 4.4
507.92 9.4
509.79 3305.6
510.57 13.7
511.72 2.5
512.36 1.8
513.13 10.1
515.38 2.8
516.45 5.5
519.01 1.9
520.95 5.4
522.24 19.0
524.36 3.6
526.06 7.8
527.26 12.5
528.12 12.0
529.34 4.6
530.59 24.8
532.31 15.3
533.40 14.8
535.76 24.2
536.67 4.9
537.89 23.6
539.09 17.3
540.17 38.4
541.17 24.4
542.05 7.8
544.17 93.5
544.82 46.1
545.50 8.4
547.02 22.9
547.70 4.1
548.81 1.5
550.82 33.9
553.25 640.4
554.00 111.3
555.07 3.8
556.49 6.8
562.15 1.5
576.25 8.7
582.44 14.4
583.31 12.7
584.35 26.2
585.95 1.2
592.51 4.0
604.53 2.1
606.22 2.2
607.03 3.4
608.39 5.4
610.71 1.6
613.94 4.4
620.69 2.1
628.33 2.7
631.08 11.8
632.30 3.3
637.54 1.5
638.38 1.5
639.55 4.0
641.41 2.0
651.94 14.8
653.11 3.0
653.80 5.7
659.26 16.3
659.90 18.8
660.79 4.4
664.24 9.4
670.34 1.3
672.86 1.8
675.38 4.7
680.07 2.7
681.80 7.8
690.54 1.9
695.54 2.6
697.29 12.5
698.31 2.0
701.80 1.4
702.55 8.0
703.37 1.7
705.02 10.1
713.65 5.3
716.45 1.8
717.33 2.6
718.53 3.7
719.36 12.9
720.46 9.1
721.26 6.8
723.16 2.3
724.22 3.3
725.34 1.6
727.55 1.4
728.72 2.9
730.40 1.4
731.37 13.4
732.61 8.1
733.68 12.1
734.62 3.6
735.57 6.4
736.45 6.4
738.28 2.7
746.36 36.3
747.52 34.3
749.65 162.4
750.46 221.7
751.48 51.0
752.54 17.6
753.56 2.2
763.64 5.8
764.43 11.1
765.44 2.0
768.59 3.8
770.74 2.2
772.51 2.0
774.54 14.3
775.57 7.0
778.10 2.1
782.38 1.6
786.32 1.6
797.15 1.5
808.66 2.7
810.29 1.4
812.95 4.1
816.48 2.1
821.76 1.3
830.46 3.9
833.29 5.2
835.48 3.9
840.41 3.1
843.43 4.1
844.22 4.1
846.08 1.8
848.56 5.6
849.65 1.3
853.36 6.3
860.91 14.0
861.56 28.5
862.57 13.1
863.66 4.1
864.55 1.5
865.49 2.2
876.94 1.7
878.50 10.3
879.59 28.5
880.47 6.4
881.46 27.7
882.76 5.4
883.51 1.1
889.39 4.3
903.62 5.0
904.45 6.4
906.77 4.0
913.75 3.1
918.53 1.9
920.37 9.4
921.50 5.4
924.80 1.3
929.71 1.7
930.75 7.6
931.40 3.0
932.03 1.6
941.91 3.2
942.76 5.4
947.39 12.4
948.61 40.7
949.55 14.6
950.65 2.9
958.69 2.9
959.31 2.4
960.56 2.3
966.51 89.0
967.58 20.3
968.61 2.5
974.80 7.1
976.64 6.7
977.57 4.1
979.13 4.7
994.61 7.8
995.78 7.9
1023.73 1.1
1044.11 4.9
1046.54 1.8
1062.88 2.7
1063.70 37.3
1064.56 10.2
