1610.67058 2
226.13 4.8
228.61 1.9
253.16 1.8
254.13 4.6
256.30 4.5
257.23 2.7
268.30 2.4
271.27 5.3
283.28 2.8
289.02 3.6
295.20 2.7
298.25 1.0
304.40 1.2
307.56 1.3
311.34 5.8
321.98 10.0
323.38 1.9
328.29 6.4
330.31 1.4
335.90 2.2
340.15 1.3
341.33 2.9
343.15 1.4
344.31 2.6
346.35 3.4
351.31 1.7
367.14 5.9
369.09 1.5
371.19 1.5
372.42 1.0
380.26 1.5
384.36 6.2
385.17 7.4
389.16 3.7
397.26 8.2
398.18 8.3
399.05 10.6
400.98 5.4
402.26 1.8
405.92 2.6
407.31 3.4
411.27 2.6
413.25 2.8
414.24 4.8
419.32 1.3
420.36 1.1
421.92 7.9
424.26 4.3
425.33 3.1
427.28 1.9
431.01 4.8
432.96 5.7
434.32 7.5
436.12 2.1
437.22 2.7
442.33 4.1
446.17 1.7
447.45 1.5
450.55 1.1
452.25 4.6
455.21 12.9
458.30 3.5
459.43 9.5
472.51 11.1
474.17 3.8
475.18 4.7
476.17 5.0
478.13 2.3
478.94 5.3
482.43 2.3
484.39 2.8
489.00 4.7
491.42 1.1
493.11 1.8
496.42 4.6
498.99 5.3
507.09 1.5
508.36 8.5
509.55 4.6
514.42 4.0
515.28 3.8
516.25 11.4
517.43 1.1
518.25 4.0
521.12 2.7
523.30 6.2
524.61 1.9
525.97 4.4
528.47 1.3
537.77 1.8
545.35 5.7
553.09 5.7
555.96 2.7
557.50 5.8
558.30 1.4
565.00 13.6
566.37 4.7
569.19 9.4
572.36 14.5
573.80 6.5
575.53 2.0
576.48 2.9
578.55 7.8
579.35 4.9
584.72 4.7
586.30 2.7
587.40 20.3
594.67 1.2
596.59 5.2
598.66 1.9
599.43 7.3
600.28 5.8
601.84 1.7
603.80 6.6
605.48 5.4
606.35 7.3
609.15 3.1
613.25 9.0
618.36 10.0
619.48 8.2
620.37 1.9
625.32 2.1
628.04 3.4
629.39 6.1
632.75 1.0
634.92 9.1
636.07 1.6
638.22 10.2
640.53 2.7
643.57 4.0
644.84 1.9
647.05 8.1
647.91 4.3
650.36 5.8
651.80 5.5
652.98 6.6
656.34 5.2
657.01 7.1
662.15 28.0
664.12 8.6
665.56 23.9
668.62 6.4
670.05 3.0
672.96 13.2
674.12 24.0
675.14 2.8
678.58 29.0
679.48 9.4
680.73 2.1
682.51 1.1
683.55 3.0
684.32 1.9
687.65 18.0
688.42 9.0
690.51 5.8
692.05 7.7
693.31 1.3
696.46 18.1
697.35 5.4
700.60 7.8
704.42 16.2
705.58 89.5
706.58 16.9
709.88 3.8
710.52 3.6
713.46 7.6
715.28 8.3
716.45 2.1
717.36 3.5
718.79 6.2
719.68 2.4
723.87 9.4
727.24 6.6
729.27 8.1
731.54 5.8
732.70 14.0
733.39 2.3
734.23 4.2
735.57 5.5
739.05 15.6
739.90 22.2
741.85 15.0
744.07 9.1
745.66 9.5
749.23 36.9
750.18 10.0
752.71 3.5
754.16 2.4
756.54 4.3
757.58 13.4
758.76 21.9
760.21 2.4
761.05 2.0
764.35 2.9
767.42 1.6
768.29 2.1
769.33 26.5
770.74 367.7
773.26 22.3
775.28 3.1
776.37 6.6
777.69 26.7
779.16 38.2
780.18 221.3
782.54 493.5
784.57 334.2
785.45 188.2
786.33 78.7
786.99 22.7
787.71 331.9
788.93 754.8
790.22 250.0
791.22 29.2
792.63 21.3
793.73 10.3
794.42 7.2
796.84 40.1
809.48 2.6
812.21 6.1
831.88 3.6
833.73 1.2
834.72 3.3
836.52 3.7
837.74 2.3
839.34 2.0
848.28 6.5
850.26 1.7
857.51 1.4
858.62 12.3
863.60 3.3
864.70 3.1
875.62 4.5
876.70 7.9
879.94 8.6
880.58 6.7
883.51 7.3
884.63 3.2
887.40 1.5
893.77 1.0
897.83 6.1
900.53 4.3
901.60 29.3
902.67 6.8
903.37 2.7
914.15 3.0
915.38 2.8
923.57 2.1
928.58 1.9
929.66 1.8
933.30 20.9
934.59 3.3
936.68 1.6
944.26 2.4
953.23 1.3
954.49 8.9
956.28 2.3
963.83 2.4
964.46 1.3
967.34 2.0
968.49 1.4
972.64 1.4
975.44 3.3
976.42 3.9
984.44 3.0
989.37 4.0
990.72 1.6
991.33 4.4
993.63 8.0
994.78 7.6
997.40 14.2
1000.43 3.9
1002.29 2.2
1004.39 1.0
1006.03 5.3
1007.39 9.6
1009.45 2.2
1013.55 1.9
1019.47 3.7
1025.70 2.2
1030.46 1.7
1032.33 11.5
1037.47 3.3
1041.74 4.9
1047.28 13.4
1048.27 1.3
1049.93 6.6
1051.19 6.8
1053.10 4.3
1058.91 4.6
1060.37 5.8
1062.69 4.1
1063.39 2.2
1064.77 6.6
1065.63 4.4
1066.49 3.6
1068.62 1.2
1074.68 2.0
1076.59 3.8
1077.51 2.6
1078.63 3.5
1079.91 1.7
1086.60 10.1
1087.34 1.8
1089.58 1.6
1099.65 2.9
1104.43 11.4
1106.52 1.8
1116.85 1.6
1120.28 7.0
1121.47 27.5
1122.12 11.5
1122.73 4.1
1127.70 3.2
1129.75 2.2
1137.88 3.5
1139.60 3.7
1141.79 1.1
1147.30 2.9
1148.36 3.8
1149.55 1.8
1154.49 4.2
1156.63 5.6
1157.71 1.6
1163.61 3.1
1164.58 6.9
1173.63 8.3
1174.65 8.6
1175.52 5.1
1177.53 5.4
1178.62 18.0
1179.62 2.6
1186.52 3.4
1191.56 22.4
1193.06 11.9
1193.68 2.0
1194.66 2.2
1196.63 2.5
1199.42 3.9
1208.49 16.0
1209.55 7.8
1211.48 1.6
1213.42 5.2
1214.74 5.5
1232.42 2.6
1235.51 20.7
1236.91 12.3
1240.70 6.0
1242.54 4.4
1245.92 3.7
1250.38 2.4
1251.75 9.2
1252.44 2.3
1255.12 1.9
1255.89 3.0
1261.46 5.0
1268.98 3.1
1272.70 3.9
1278.87 6.7
1279.69 12.6
1282.89 3.2
1288.61 3.0
1290.78 5.2
1296.76 19.4
1298.78 2.4
1301.28 2.3
1302.73 2.0
1303.63 3.1
1317.99 2.4
1318.82 3.1
1320.63 2.4
1322.63 15.0
1324.04 7.5
1329.68 8.3
1337.59 9.6
1338.54 1.7
1339.56 2.3
1347.62 14.2
1348.60 12.7
1349.43 2.0
1351.45 1.0
1365.62 13.2
1366.67 6.1
1367.60 5.8
1370.63 2.7
1374.37 3.2
1389.45 1.6
1392.89 1.6
1401.51 3.4
1408.39 2.7
1417.86 1.5
1418.61 3.4
1419.69 8.2
1428.60 1.2
1430.72 1.2
1434.46 5.4
1436.57 32.1
1437.57 32.8
1438.28 3.7
1446.69 4.3
1448.58 2.2
1453.66 3.5
1463.64 5.3
1464.73 36.8
1465.73 46.6
1466.49 8.4
1482.72 27.0
