899.5323999999999 2
128.19 3.2
129.16 9.8
136.14 4.7
142.18 1.1
147.28 4.0
150.13 2.2
152.85 3.0
154.17 1.3
155.63 2.3
157.27 1.8
158.52 2.3
160.14 4.5
162.09 3.5
164.26 3.2
165.02 1.2
167.31 2.3
168.11 1.0
169.16 5.5
173.11 3.9
174.44 5.4
175.34 1.4
177.37 1.1
178.25 2.3
179.22 1.5
184.60 5.4
186.09 1.9
188.28 2.4
192.26 3.5
193.12 10.0
194.42 4.3
198.17 3.3
199.13 1.7
200.18 57.1
201.21 7.2
203.31 1.7
204.39 3.0
205.17 1.9
206.12 3.3
207.15 1.5
209.36 4.3
210.00 6.1
210.62 2.2
213.25 2.2
215.03 4.5
215.93 5.1
217.09 2.4
219.13 3.7
221.23 6.0
223.74 3.8
228.16 63.4
232.25 1.9
235.01 3.9
236.10 6.3
237.18 4.8
238.05 1.0
239.20 6.9
240.34 3.3
241.15 16.6
242.32 2.5
243.33 3.3
247.36 8.1
248.14 8.9
249.14 46.3
251.39 2.4
253.15 1.2
254.22 7.1
256.40 13.1
257.14 2.1
258.30 7.7
259.46 3.1
262.26 3.1
265.23 4.7
269.40 5.7
270.25 2.8
271.30 2.5
272.19 39.9
273.24 2.5
274.02 3.6
275.30 6.5
276.15 12.3
277.21 3.0
283.62 2.0
284.91 14.0
287.63 1.3
288.42 18.6
289.32 4.3
290.08 2.7
292.75 6.9
298.84 2.0
300.03 1.7
302.11 44.8
304.19 2.3
305.24 6.5
306.46 3.5
307.27 7.7
309.21 2.9
311.28 17.8
312.37 10.3
313.16 1.3
314.96 10.3
317.21 11.9
319.56 11.7
320.26 1.7
321.21 15.5
322.36 3.5
324.20 4.3
326.64 14.0
327.26 6.1
329.22 82.7
330.33 6.6
331.13 6.9
332.06 2.1
335.30 6.3
336.04 23.8
337.11 9.2
339.35 1.8
341.30 1.7
342.17 8.4
343.26 12.1
344.97 35.7
345.94 12.9
347.30 7.9
348.40 2.0
349.30 7.7
350.43 11.4
353.65 18.4
355.66 15.1
356.71 15.6
357.36 4.5
358.35 6.7
359.19 2.4
360.31 12.3
361.18 1.2
361.99 7.5
363.09 9.7
365.01 19.0
366.22 2.7
368.24 1.2
369.17 1.9
369.86 8.0
371.29 11.3
372.41 6.2
373.28 1.6
374.73 6.0
376.11 2.5
377.73 14.7
378.75 9.4
379.85 6.0
381.44 4.1
383.12 4.3
384.74 21.3
385.42 27.6
386.40 5.5
387.15 3.1
388.38 15.5
389.09 4.0
390.24 3.6
391.24 29.7
392.29 13.6
393.12 7.9
394.36 9.1
396.61 5.6
397.84 6.6
399.27 12.4
400.58 21.0
402.09 8.7
404.28 8.7
405.28 28.3
406.15 19.7
407.25 13.7
409.01 10.8
410.26 78.7
411.38 13.8
412.09 2.4
412.78 3.3
414.18 35.7
415.22 7.6
416.06 7.4
417.05 7.1
418.03 3.3
418.98 78.8
419.95 28.6
421.02 17.3
422.10 6.3
422.87 7.8
424.72 5.4
426.15 19.6
427.69 34.5
428.47 19.5
429.35 2.8
430.31 10.3
432.10 212.8
433.12 114.3
434.04 59.9
434.76 46.9
435.89 112.1
438.01 31.0
439.75 22.5
441.35 1410.5
442.61 6.2
448.38 1.3
449.95 4.9
456.16 2.6
466.48 3.9
470.53 6.5
472.31 125.1
473.12 8.0
474.37 11.8
478.25 3.4
479.51 7.2
480.69 2.0
488.22 1.6
489.39 3.6
494.38 5.9
496.01 9.1
497.20 21.1
498.31 2.0
499.15 3.0
502.47 1.3
508.65 2.7
510.01 4.6
513.46 2.5
515.08 3.4
515.74 3.6
523.34 10.7
524.33 2.3
525.39 6.2
529.45 7.3
531.77 8.9
532.49 3.8
534.17 4.8
535.94 1.4
537.32 1.1
538.26 13.8
544.58 4.0
545.55 4.5
549.48 2.7
554.45 1.6
556.46 6.8
559.28 5.6
560.52 2.6
561.25 5.4
562.23 5.9
563.17 14.6
566.33 1.6
571.43 51.4
572.44 12.2
573.72 20.7
574.47 7.6
578.46 5.0
583.68 8.1
584.73 4.7
585.59 4.9
586.48 5.3
588.34 11.0
591.96 5.5
593.49 2.3
595.31 3.0
595.95 2.7
600.42 4.0
601.20 4.5
605.36 5.3
610.57 2.4
611.58 13.2
612.54 2.9
613.48 3.8
618.47 2.6
619.42 6.4
622.47 7.9
623.50 21.7
624.55 1.2
628.39 1.5
635.56 3.9
636.38 2.7
637.45 5.3
639.43 8.8
642.16 5.7
644.44 4.6
649.47 1.9
652.43 1.9
655.51 5.0
656.55 1.2
658.28 5.4
659.69 6.1
668.37 2.5
670.88 1.1
672.42 297.8
673.52 25.7
679.45 3.1
681.19 2.6
683.64 2.4
685.40 3.0
686.46 7.3
693.50 2.1
695.41 1.8
698.52 1.9
700.51 1.5
704.45 4.1
708.12 3.0
714.57 3.4
716.75 1.0
721.36 1.7
722.34 1.6
725.44 15.8
726.44 1.2
728.40 4.4
742.57 5.1
743.64 15.7
744.98 1.3
752.62 6.6
753.45 4.1
754.62 3.8
757.39 1.5
760.24 4.5
768.70 1.6
770.56 2.3
771.40 2.8
772.50 4.1
776.56 4.1
786.67 4.2
794.16 6.3
816.43 1.0
876.53 12.0
