824.50127 2
116.36 3.2
119.22 6.4
120.27 1.4
123.20 4.2
124.20 1.2
126.33 2.2
128.13 163.6
129.08 12.1
130.05 2.7
131.32 3.5
132.31 6.3
133.14 3.2
135.32 15.9
136.08 5.6
136.97 8.4
138.04 1.6
139.06 2.7
141.12 6.2
143.32 12.7
144.10 17.2
145.20 11.9
146.21 8.1
147.07 3.4
148.24 11.8
149.10 8.9
150.84 5.4
152.16 1.7
153.12 3.7
154.09 6.9
155.21 35.5
156.29 14.5
157.25 19.8
158.36 6.1
159.13 5.0
160.19 17.6
161.24 3.3
162.17 17.7
163.08 7.8
164.18 22.1
165.18 8.6
167.25 4.6
168.01 5.0
168.99 8.6
171.11 30.0
171.92 6.0
172.97 3.4
174.15 6.5
175.16 12.9
176.15 23.4
177.09 18.0
178.15 7.3
179.24 1.1
180.16 6.4
181.14 22.9
182.44 8.4
183.29 53.2
184.09 43.6
185.17 11.5
185.97 7.6
187.17 22.7
188.50 4.4
189.16 56.7
190.06 11.7
191.15 6.8
192.28 5.7
193.20 12.1
194.15 10.2
195.21 5.0
196.35 19.2
197.25 3.3
198.35 10.2
199.20 129.3
200.22 15.1
201.22 15.3
202.01 1.9
203.17 19.1
204.17 8.9
205.13 17.3
206.10 11.9
207.31 6.4
208.07 4.7
209.08 10.7
210.22 38.2
211.27 5.8
212.22 11.0
213.22 28.2
214.20 20.5
215.45 14.3
216.24 14.1
217.20 23.8
218.03 8.3
219.21 10.2
221.08 6.2
222.12 1.4
223.14 8.7
224.16 7.7
225.32 9.4
226.30 10.8
227.23 40.3
228.21 9.3
229.26 3.8
230.09 12.6
231.22 2.5
232.23 6.9
233.18 23.2
234.17 28.7
235.35 12.8
236.27 6.0
237.27 15.7
238.18 3.6
239.16 14.0
240.17 4.9
241.29 21.0
242.28 2.9
243.06 10.2
244.44 9.7
245.15 4.5
246.13 10.9
247.35 16.3
248.16 6.9
249.19 6.6
250.07 23.3
251.17 23.1
252.24 26.2
253.18 19.9
254.26 60.8
255.24 7.3
256.20 6.0
257.27 1.9
258.26 23.3
259.08 2.0
260.47 6.3
261.22 2.3
262.07 24.0
263.13 3.4
264.36 3.1
265.14 3.6
266.17 19.4
267.25 7.2
268.22 18.2
269.23 31.9
270.08 24.5
271.02 3.5
272.21 115.0
273.26 33.1
274.19 2.0
275.10 7.9
276.31 6.0
277.44 27.9
278.35 15.3
279.09 4.0
280.49 7.4
281.12 7.6
282.27 19.9
283.10 13.2
284.21 18.8
285.22 21.0
286.32 36.6
287.28 5.1
288.16 32.9
289.15 9.5
290.25 9.7
291.40 8.7
292.40 9.3
293.30 16.8
294.19 12.2
295.24 14.5
296.31 27.9
297.17 28.1
298.21 40.9
299.21 62.3
300.34 11.8
301.23 381.4
302.29 7.6
303.26 2.3
304.13 3.9
305.35 2.9
306.30 318.5
307.44 10.7
308.27 12.2
309.24 24.0
310.47 24.1
311.57 11.6
312.22 21.1
313.06 23.9
314.09 24.2
315.23 1.9
316.17 11.3
317.03 6.7
318.76 72.8
319.69 9.0
320.32 13.2
321.11 24.3
322.16 37.9
323.28 30.7
324.22 29.1
325.28 248.0
326.42 33.1
327.85 2944.6
328.99 16.9
330.18 22.5
330.93 1.7
332.62 27.4
333.40 14.4
334.27 5.1
335.05 9.1
336.28 26.6
337.30 32.0
338.17 28.5
339.29 16.0
340.20 24.8
341.36 29.9
342.26 10.6
343.52 23.4
344.23 4.6
345.24 7.0
346.84 10.4
347.93 13.8
349.30 14.6
350.34 18.1
351.20 29.2
352.47 33.7
353.23 224.6
354.25 112.1
355.21 29.5
356.07 32.0
357.59 30.4
358.71 6.2
359.33 80.0
360.27 9.7
361.16 12.1
362.22 5.4
363.38 708.0
364.34 10.6
365.29 17.4
366.11 25.6
367.19 77.7
368.19 62.2
369.15 54.5
370.16 52.2
371.15 18.0
372.00 5.1
376.18 38.1
377.14 66.6
378.63 21.2
379.30 5.4
380.83 26.4
382.14 71.9
383.14 32.9
384.27 49.7
385.34 134.0
386.46 9.0
387.09 3.0
388.51 2.5
389.57 68.4
390.32 26.8
391.39 747.1
392.63 19.5
394.23 579.8
395.24 425.0
396.24 107.1
397.65 14.4
398.47 24.7
400.71 5.1
403.61 215.3
404.30 71.5
405.27 17.0
412.63 2.5
417.41 5.6
418.39 3.1
419.42 4.2
421.40 7.0
424.80 9.3
425.40 6.0
428.27 5.5
430.11 11.0
432.68 6.4
436.03 2.9
437.44 3.7
438.82 6.1
440.26 21.3
441.69 6.3
453.11 14.9
454.37 27.7
456.68 2.5
458.41 49.7
459.40 3.4
460.37 2.8
462.26 6.0
464.27 6.7
468.51 13.3
469.98 2.6
472.33 650.5
473.41 117.3
474.81 9.2
476.02 12.0
479.55 1.3
480.55 9.4
481.18 1.1
482.43 2.2
483.85 4.8
485.02 3.5
488.41 3.0
490.40 3.6
495.44 2.5
497.43 6.6
498.17 1.7
501.03 5.2
502.41 1.4
504.46 3.9
505.60 1.4
506.66 3.4
508.46 1.4
509.20 6.5
510.93 3.5
512.08 3.6
514.34 3.6
515.50 1.6
525.26 1.1
526.10 1.0
527.02 3.8
527.82 14.2
531.25 2.2
535.38 12.6
536.24 12.5
540.89 5.3
545.83 2.3
549.65 3.8
553.13 50.6
554.26 8.6
555.30 1.1
556.93 2.1
559.00 5.1
561.41 21.0
562.95 2.6
565.60 1.1
567.26 9.5
567.96 20.1
568.59 2.1
569.59 2.6
571.35 82.4
572.41 22.5
577.57 3.6
579.25 7.8
580.58 1.8
581.32 2.0
583.42 2.0
587.51 3.5
593.70 1.8
594.72 5.5
597.56 12.2
604.49 2.7
611.44 74.4
612.54 25.2
614.80 2.1
618.16 1.9
619.55 5.2
622.29 1.1
630.25 2.9
635.50 1.9
639.51 24.0
640.57 1.8
642.62 4.7
648.38 1.1
649.13 2.5
650.15 6.8
651.83 6.8
652.48 4.0
654.40 7.0
655.54 14.0
657.34 3.2
661.69 13.0
664.73 1.1
666.56 2.6
672.52 7.5
678.51 4.2
679.64 3.4
680.89 1.4
682.46 40.9
683.53 9.6
687.68 4.0
690.26 1.7
692.36 1.8
693.18 2.7
695.30 5.0
697.56 1.1
701.25 6.9
707.15 5.0
710.43 9.5
714.65 1.0
719.32 3.2
725.47 53.4
726.54 11.0
735.55 2.6
736.35 5.3
748.16 5.1
753.70 11.4
759.16 2.5
761.39 4.9
777.44 8.8
779.02 6.3
781.90 2.3
804.67 1.0
817.37 2.0
