1262.5999 2
184.29 8.0
197.23 14.6
198.19 3.7
201.20 11.8
205.28 1.4
208.13 3.8
210.12 1.9
212.32 2.0
213.16 1.6
215.14 6.5
220.28 1.9
223.00 7.8
226.02 2.2
227.42 5.0
228.15 5.1
229.21 5.5
230.36 2.2
231.23 3.1
232.23 10.3
233.70 4.3
241.90 3.3
243.32 20.7
244.26 1.7
245.36 1.1
253.43 2.2
254.28 7.7
258.39 3.6
260.23 2.1
262.11 4.7
265.05 2.4
267.93 5.2
269.26 9.2
270.25 16.6
271.28 45.0
272.14 8.5
273.22 2.8
273.94 5.2
275.17 1.3
277.20 1.9
281.29 4.7
283.24 5.5
284.30 1.1
285.19 2.9
286.21 2.4
287.14 8.3
288.32 303.3
289.27 33.0
293.28 6.7
294.13 2.5
296.09 9.1
298.19 4.2
300.11 2.1
302.26 1.6
303.22 1.3
305.17 2.9
308.38 1.6
310.59 1.3
311.23 13.6
314.13 9.9
316.24 5.0
318.21 2.1
324.28 1.6
325.18 7.4
326.23 15.0
327.47 3.6
328.37 1.0
329.27 1.6
330.12 4.7
332.12 1.8
333.06 3.9
336.08 3.5
337.26 2.5
338.64 10.4
339.32 9.8
340.31 15.5
341.43 1.4
342.31 2.4
343.41 4.4
344.15 15.2
344.98 5.1
346.35 11.9
347.14 1.8
348.17 2.8
352.26 2.2
353.12 3.2
353.96 2.7
356.40 8.1
357.71 3.2
359.29 10.5
359.98 3.5
360.75 1.4
362.45 2.3
363.19 2.3
364.42 2.8
365.93 4.9
367.37 4.4
368.24 10.6
369.18 4.8
371.40 4.4
375.04 2.7
377.33 2.9
378.36 2.1
378.98 5.1
380.45 5.3
382.32 10.7
384.33 20.9
385.41 14.0
386.28 22.6
387.33 6.3
389.22 2.4
393.24 3.3
394.37 4.4
395.33 2.2
398.14 7.2
400.29 5.9
401.27 2.0
403.31 45.9
404.28 5.3
405.28 5.4
405.99 5.0
408.23 5.1
409.11 1.2
410.09 1.0
411.32 1.4
413.18 12.5
414.32 4.6
415.42 9.6
416.28 2.5
417.19 3.9
420.26 19.6
421.28 4.3
422.31 3.8
424.14 3.2
425.11 7.2
426.07 7.6
427.48 1.5
429.28 8.5
431.38 7.2
436.98 7.5
438.36 12.8
439.24 12.0
442.94 15.9
444.07 8.2
446.65 2.3
448.19 6.0
449.45 4.0
454.18 6.8
457.45 21.4
458.29 7.4
459.83 2.3
464.29 2.5
467.30 8.6
468.14 7.3
470.35 3.2
471.64 3.7
472.56 14.9
474.21 16.0
474.94 3.7
477.20 2.7
479.63 13.8
480.30 6.0
481.18 1.4
482.19 3.5
483.47 5.3
484.35 6.3
485.06 6.8
485.99 1.5
487.18 3.6
490.38 47.3
491.29 25.5
492.11 1.6
492.90 6.3
494.04 3.5
495.45 8.8
496.20 4.9
497.39 9.7
498.26 5.1
499.25 25.0
500.70 37.2
501.66 14.4
503.39 4.1
505.87 3.2
506.63 3.2
510.18 1.4
511.25 13.8
512.29 9.3
513.09 2.8
513.74 17.4
514.40 9.7
515.27 2.1
516.51 1.2
517.75 13.3
519.23 6.8
521.07 1.4
523.21 16.3
524.26 8.6
525.54 1.7
526.24 2.9
527.46 3.1
528.12 1.2
529.84 4.0
531.94 148.3
534.21 4.7
535.36 5.0
535.99 4.7
537.46 8.9
540.51 8.6
542.73 4.4
544.79 1.1
545.41 14.4
546.55 4.2
547.28 1.5
547.98 1.9
549.50 5.0
550.42 5.3
551.51 3.8
552.47 9.5
553.54 4.4
554.52 6.1
555.37 4.9
556.28 2.8
557.73 19.2
559.24 1.6
560.75 7.3
563.32 8.1
565.00 3.9
566.40 2.5
567.73 21.2
569.32 26.1
570.50 12.4
571.42 19.1
572.31 21.2
573.40 7.1
574.20 10.1
577.34 30.4
578.29 13.4
579.19 6.7
580.55 5.0
581.54 3.6
582.30 8.7
583.14 21.9
584.39 5.3
585.52 3.8
586.39 6.3
587.44 33.6
588.55 25.2
589.49 7.0
590.49 5.0
592.87 19.5
593.68 10.0
594.74 13.1
595.44 10.4
596.33 30.8
597.23 14.7
598.71 2.4
599.35 1.1
600.23 13.6
601.01 43.7
601.89 23.6
604.01 12.0
605.27 15.4
608.92 2.6
610.30 40.5
611.47 8.8
612.30 4.5
613.41 153.5
614.35 207.5
615.29 61.0
616.41 17.8
617.08 17.7
619.84 27.9
622.65 85.9
623.62 11.7
634.63 1.3
648.66 4.3
649.38 3.2
650.41 2.4
654.08 3.9
656.58 2.3
658.31 3.0
663.43 10.8
668.55 9.0
671.47 1.9
686.26 5.6
697.09 2.8
699.20 9.3
724.60 3.5
733.57 7.1
737.36 5.1
739.01 2.8
745.45 4.8
753.37 4.0
755.50 16.3
762.54 1.1
763.49 28.8
764.36 9.1
768.46 9.8
769.57 4.7
773.34 18.1
774.41 2.9
775.45 1.7
784.82 1.8
786.41 4.6
788.49 3.4
790.16 3.9
793.51 3.6
796.91 2.2
802.17 8.2
803.55 6.1
805.20 4.2
807.83 2.6
808.59 5.3
813.52 3.4
816.25 1.2
820.41 130.3
821.41 31.2
824.42 6.9
825.94 2.0
826.57 2.9
829.62 2.2
834.53 5.1
837.56 4.4
842.29 9.4
843.47 1.1
844.57 1.4
846.59 6.0
847.61 8.1
857.78 7.1
860.32 9.0
861.63 9.4
865.03 4.9
878.30 1.9
879.35 6.4
880.53 1.8
881.23 2.8
882.41 1.1
888.49 3.8
899.65 6.9
900.80 3.5
910.53 1.2
913.56 3.2
914.72 4.6
917.49 11.5
920.68 4.3
923.52 1.4
924.52 1.0
929.66 5.4
931.43 19.0
932.54 5.1
936.32 1.5
939.22 1.7
940.68 4.5
949.50 102.0
950.52 24.4
952.21 1.4
956.40 1.6
965.39 1.6
968.04 2.6
974.60 17.2
975.58 5.9
976.64 1.4
992.54 2.5
996.77 4.3
1008.38 3.7
1012.50 1.2
1016.40 5.7
1021.74 5.4
1027.68 3.5
1033.62 2.4
1034.64 2.5
1036.65 5.0
1041.56 1.7
1044.51 1.6
1045.67 6.1
1047.66 3.3
1053.66 4.1
1059.79 4.8
1062.42 16.5
1063.50 4.4
1065.70 1.1
1088.45 6.6
1094.56 2.6
1097.70 4.5
1105.37 2.1
1131.68 1.9
1135.76 4.0
