1050.57463 2
169.39 1.4
171.31 1.4
174.15 1.1
175.29 1.8
181.05 12.1
182.03 1.0
184.23 2.8
187.12 4.0
188.28 2.9
190.14 3.0
198.38 11.1
199.11 3.1
200.03 6.8
205.22 2.7
212.26 2.8
214.21 1.7
216.19 40.8
217.21 2.6
223.23 1.2
226.24 1.7
228.23 5.3
234.21 102.7
235.19 1.8
240.24 2.0
245.08 1.6
247.14 2.3
255.50 4.3
257.38 1.4
259.00 1.9
262.04 1.4
263.27 2.7
266.51 1.5
267.31 1.4
269.23 1.2
275.09 20.1
276.22 5.5
280.19 1.7
283.07 4.3
285.20 1.0
286.37 2.1
292.11 92.0
293.15 6.6
296.22 4.5
298.23 8.0
298.96 5.5
300.35 10.6
301.29 6.7
308.30 8.9
309.24 3.9
310.36 1.0
317.37 1.1
325.60 3.7
326.44 3.6
327.51 2.7
330.25 3.6
334.90 1.8
336.45 1.4
340.22 1.9
341.17 1.8
344.18 21.4
345.23 18.2
347.14 1.8
350.17 2.4
351.32 4.7
353.26 1.7
355.28 5.4
356.07 2.2
357.49 1.0
361.30 5.4
362.37 7.9
363.31 12.5
368.36 2.3
369.97 3.3
371.41 6.4
373.42 9.3
374.99 5.5
377.33 5.3
379.10 26.6
380.30 5.1
383.83 1.7
388.28 11.0
390.08 12.1
392.88 4.2
394.28 3.3
396.24 5.1
400.55 3.0
403.15 6.6
404.39 5.0
405.21 1.7
408.50 2.2
410.90 12.7
411.94 35.8
412.55 12.8
417.22 3.8
418.25 3.3
419.40 2.8
422.59 4.5
425.55 8.4
428.45 1.1
430.03 1.0
431.18 2.7
432.26 14.3
436.42 3.2
439.54 4.2
440.31 2.7
445.48 6.2
446.62 9.5
447.71 4.9
449.09 2.8
449.85 3.9
451.20 1.3
451.88 7.6
452.51 4.7
454.09 4.5
455.46 3.6
458.30 14.2
460.04 30.1
461.05 5.1
461.82 17.1
462.84 8.7
464.19 6.8
465.84 30.5
466.51 2.2
469.03 25.2
469.79 3.4
470.60 2.4
471.80 20.3
472.64 4.5
473.39 30.8
474.21 12.6
475.33 3.4
480.43 8.1
481.19 2.5
483.47 20.6
484.32 3.5
485.57 34.3
486.37 17.4
488.02 2.7
488.73 4.1
489.47 22.2
490.38 92.5
491.47 28.8
494.14 9.1
495.69 21.8
497.34 8.7
498.25 4.5
499.65 35.3
501.06 1.1
503.91 47.5
504.76 6.5
507.31 92.9
508.27 81.6
509.03 24.2
510.04 12.7
511.55 4.0
512.45 7.7
514.26 19.0
515.48 12.7
516.50 64.7
517.25 42.3
525.84 1.5
547.31 9.0
550.78 4.2
552.42 4.1
556.28 3.7
557.41 1.3
558.71 4.1
563.85 2.6
565.41 5.5
570.52 5.4
573.31 2.2
577.46 1.0
592.22 2.4
598.40 4.6
600.56 8.7
602.73 1.5
604.55 20.3
613.12 1.4
617.64 1.9
618.33 1.4
619.55 12.0
624.12 2.4
629.84 2.7
633.37 1.8
636.15 6.0
638.41 9.4
641.44 3.3
649.42 4.0
650.66 1.8
651.35 4.8
652.62 1.5
654.01 1.3
659.89 10.7
669.48 3.2
670.70 4.7
673.11 2.4
674.04 6.9
675.19 7.0
677.49 3.2
680.57 2.7
682.38 7.2
688.99 2.0
692.53 2.8
695.49 9.5
696.64 1.3
699.83 10.0
702.52 1.7
704.05 1.8
704.72 6.2
707.35 1.6
710.74 2.5
715.59 24.7
720.33 1.0
722.46 4.5
725.62 2.4
727.56 1.0
734.45 6.9
735.31 3.1
743.50 3.0
749.47 3.2
751.52 2.3
753.56 26.4
758.95 2.5
763.62 2.9
788.33 1.3
790.37 6.0
791.32 6.5
793.42 2.3
795.89 1.3
797.30 2.6
802.81 1.5
815.20 2.7
818.36 3.1
819.84 1.3
823.40 3.5
824.51 3.4
825.52 3.5
833.90 5.9
835.50 18.2
836.29 4.0
838.38 3.4
842.22 1.9
851.62 3.2
865.46 1.3
866.93 2.3
869.48 2.8
881.58 3.6
886.30 3.1
904.42 2.8
914.20 3.4
918.57 75.1
919.57 19.7
923.83 2.1
930.58 42.9
931.39 12.7
977.78 1.8
1011.29 2.2
1012.52 3.5
1018.88 1.4
