1220.59722 2
171.34 2.9
175.24 1.4
178.23 3.0
180.12 1.6
191.18 1.3
194.34 3.5
201.30 4.7
207.16 6.6
210.05 1.7
211.01 4.1
212.13 9.2
213.19 1.0
215.21 3.3
216.96 8.4
219.05 4.1
221.16 18.4
222.15 10.3
224.20 7.8
229.08 1.1
232.20 3.6
234.09 3.5
235.13 83.7
236.22 3.0
242.26 5.0
248.98 6.0
251.06 15.9
252.29 12.7
253.24 4.4
256.39 3.6
261.00 2.1
263.12 3.7
264.18 1.1
264.92 3.6
267.03 130.0
268.01 27.2
270.07 30.7
271.11 9.7
276.33 1.3
277.21 6.8
278.26 1.6
280.34 4.5
281.15 42.9
282.19 7.1
283.71 3.0
284.43 2.6
285.23 2.6
286.29 18.9
287.06 2.6
288.05 14.0
289.32 2.6
296.42 1.1
298.44 14.8
304.27 3.6
305.99 4.5
307.13 4.0
308.28 4.0
311.32 2.6
314.37 1.1
316.22 50.4
317.21 27.8
320.43 2.0
322.55 2.4
323.50 2.2
324.33 5.4
326.13 1.3
327.12 3.6
328.09 3.9
329.59 6.8
330.30 4.8
332.35 3.5
334.23 146.9
335.28 19.7
338.09 7.8
339.20 4.6
340.44 3.8
341.94 1.9
345.35 84.7
346.34 6.5
347.13 4.4
348.27 2.1
353.46 6.8
355.07 457.6
356.21 140.9
359.38 7.3
360.36 1.0
361.17 6.5
365.22 2.0
366.31 1.7
368.23 3.5
369.11 4.6
370.39 6.4
371.22 24.4
372.12 9.8
373.23 8.2
377.49 2.7
378.20 2.2
380.28 13.2
381.41 3.2
382.19 6.4
385.13 3.2
385.93 4.6
387.54 1.6
390.19 3.1
392.08 5.9
395.38 1.6
396.37 4.9
397.30 1.7
397.98 2.5
399.18 41.2
400.03 6.2
401.16 8.1
402.23 3.0
403.36 4.0
409.36 3.6
410.26 6.3
414.14 1.3
415.09 24.8
416.29 6.8
417.38 9.0
418.00 7.0
420.82 7.2
421.43 1.3
422.51 5.7
424.18 4.0
425.00 2.7
426.43 3.1
428.28 1.2
430.19 1.4
432.09 4.8
433.53 5.7
434.31 3.5
435.08 8.7
436.09 3.1
438.72 4.3
439.43 2.4
442.06 13.9
443.43 4.3
445.25 31.5
446.28 10.2
448.23 9.4
451.93 5.6
453.44 1.6
454.52 4.5
456.21 1.5
457.30 7.3
459.39 135.4
460.32 5.8
463.29 73.1
464.40 10.7
466.07 6.6
467.51 2.8
468.16 2.8
469.06 1.5
470.55 4.6
474.25 5.0
476.13 1.6
479.67 3.5
481.25 3.1
482.25 5.0
485.50 3.1
488.51 2.0
490.09 19.8
491.22 4.0
492.70 4.6
493.78 7.2
495.04 5.6
497.23 74.1
498.34 13.6
499.25 7.3
500.34 8.6
501.41 7.0
505.21 2.3
506.46 2.8
507.32 5.5
509.51 2.2
513.47 8.1
514.43 10.2
516.32 33.4
517.37 14.8
518.63 10.5
519.94 3.6
520.65 4.1
522.66 6.4
523.46 5.3
528.38 23.0
529.36 1.4
531.90 2.9
532.78 10.6
534.27 22.1
535.29 8.1
536.31 5.8
538.63 1.7
539.49 8.3
540.33 3.8
541.82 22.3
542.82 6.8
543.70 16.5
546.05 3.8
546.82 6.5
547.46 8.9
551.24 12.7
552.55 21.0
553.42 19.9
554.20 1.8
555.20 8.4
556.39 10.5
557.02 2.1
558.68 9.5
560.70 2.6
562.60 10.4
564.30 6.8
566.38 19.9
567.42 6.7
570.04 57.8
570.83 9.6
572.44 134.4
573.51 29.6
574.94 21.3
575.87 14.9
576.60 3.2
577.31 3.2
578.62 40.1
579.57 56.8
580.72 9.1
581.42 3.1
582.85 7.9
583.66 2.0
584.88 10.2
585.52 1.2
586.74 5.3
588.68 24.1
589.52 2.8
590.20 1.2
591.76 12.9
593.01 256.6
594.09 41.4
597.02 2.1
599.16 5.2
600.23 5.5
601.60 124.9
602.34 38.8
603.71 1.7
618.94 1.2
625.11 1.4
627.31 4.9
629.15 1.7
631.25 25.4
632.26 11.8
633.52 2.0
636.24 4.1
640.33 2.8
641.22 3.8
643.44 2.8
646.50 1.7
649.16 24.6
650.27 8.1
652.48 4.5
653.34 4.1
654.22 6.1
655.53 1.0
658.29 4.4
661.50 1.1
663.60 1.6
666.58 1.5
670.24 1.7
671.28 6.4
673.25 5.2
679.46 2.4
680.17 4.3
681.34 6.0
687.40 202.8
688.48 45.2
689.78 1.9
691.69 3.4
700.10 6.5
704.35 4.6
716.68 3.3
718.58 9.8
722.58 2.6
724.55 3.0
725.31 3.4
727.35 6.4
728.46 1.4
730.71 6.0
735.73 4.0
736.40 2.7
740.51 12.5
741.52 3.3
742.27 1.4
744.45 38.8
745.10 6.1
745.74 1.7
749.35 4.0
755.21 1.9
758.49 328.4
759.50 71.9
760.31 5.3
762.25 23.2
763.37 10.7
765.78 5.8
766.62 1.5
769.98 5.7
776.68 4.6
785.51 4.4
786.61 3.7
793.61 1.9
794.73 3.1
797.58 3.7
803.30 5.7
804.97 2.5
806.47 4.8
812.19 1.9
818.39 2.3
827.33 4.7
834.25 1.8
836.57 1.6
837.95 3.1
841.46 11.5
848.44 6.0
858.43 20.1
859.52 12.2
860.38 1.6
863.37 2.6
869.63 15.1
870.70 28.8
876.32 18.5
877.52 8.6
881.30 1.2
887.52 553.5
888.45 145.7
891.88 1.0
896.29 7.8
897.50 4.4
903.72 1.6
905.47 2.5
915.51 7.2
916.82 10.8
918.53 1.0
933.44 7.7
935.51 1.0
937.60 1.9
947.82 2.7
950.94 11.8
962.21 8.4
963.60 2.3
968.58 1.4
969.55 3.2
974.39 1.3
979.69 2.3
983.56 12.5
986.56 123.4
987.54 29.4
993.42 7.9
996.64 5.2
1005.53 3.8
1006.71 1.9
1008.45 1.7
1011.45 5.9
1016.54 1.2
1017.83 7.5
1019.50 5.1
1021.74 1.5
1026.80 1.0
1028.62 24.1
1029.63 11.9
1040.50 2.8
1046.32 18.4
1047.44 10.2
1050.44 2.0
1055.71 14.4
1056.52 5.9
1058.86 1.6
1066.62 2.1
1073.53 4.0
1074.79 11.0
1083.64 28.3
1084.73 10.0
1091.57 4.0
1146.93 1.2
