1300.5706 2
182.14 6.9
193.24 2.7
196.16 1.1
197.43 1.7
201.30 2.2
203.42 1.4
206.23 2.6
212.27 1.3
213.32 1.4
218.07 1.3
224.32 2.1
225.15 1.9
230.05 1.7
235.48 2.5
239.16 2.7
240.15 2.9
243.09 3.4
244.41 4.3
245.22 1.8
248.21 4.1
253.23 2.2
254.20 1.3
255.26 3.4
258.28 2.2
259.19 2.9
260.15 5.5
263.21 2.1
271.03 1.6
276.97 2.2
283.95 3.4
285.21 3.1
287.17 4.5
288.35 5.9
292.37 3.3
295.83 7.4
300.49 1.5
301.95 3.3
303.09 7.2
304.25 7.0
309.56 8.3
310.96 2.5
314.27 3.0
315.42 6.0
317.35 5.3
319.27 3.5
320.23 5.0
321.19 1.1
322.42 1.7
324.27 2.5
325.99 1.6
327.06 7.1
327.66 3.2
328.31 7.9
331.32 14.0
333.44 4.9
334.36 4.0
338.32 13.5
339.20 5.5
341.24 7.4
344.13 7.9
345.43 1.4
346.94 4.5
355.11 4.8
356.14 4.6
360.27 3.2
362.22 7.8
366.25 4.3
372.52 1.2
374.15 4.9
379.05 3.6
380.01 3.2
381.56 1.2
384.05 3.8
388.44 4.5
389.26 5.2
391.37 2.2
393.14 1.6
397.47 2.5
398.55 6.9
401.18 1.5
405.28 5.3
406.42 1.8
407.55 8.5
408.45 1.8
412.36 2.3
413.51 5.1
414.67 8.7
415.42 12.0
416.41 4.0
417.11 3.2
418.51 1.7
421.31 1.4
422.28 1.4
423.53 10.2
424.29 1.4
425.18 4.4
426.37 2.5
429.29 2.2
433.51 1.6
435.31 3.6
436.21 2.1
438.12 24.6
439.19 12.5
440.16 14.6
441.21 7.0
442.29 15.3
443.23 6.2
444.47 2.9
445.23 2.9
446.27 2.6
447.30 8.7
449.19 8.5
453.44 3.5
454.42 3.9
455.22 2.9
456.08 3.9
457.09 14.6
458.35 4.3
460.41 2.7
462.60 11.6
463.34 7.4
464.48 5.5
465.32 1.9
466.34 11.9
469.26 14.1
472.25 23.9
473.17 5.4
474.69 11.3
477.42 2.8
479.28 13.7
481.71 6.2
482.64 17.6
483.28 5.2
485.11 11.5
486.25 9.8
487.41 2.0
488.29 1.8
489.33 6.9
490.55 4.2
491.19 2.7
494.76 9.6
495.63 2.6
496.31 3.9
497.21 3.4
498.87 19.3
500.60 7.6
501.28 1.7
502.53 4.2
503.23 3.9
504.17 3.8
505.17 11.3
506.51 1.0
508.47 3.6
514.90 17.7
515.75 2.9
516.41 2.5
519.02 5.6
520.31 9.2
521.61 13.6
522.52 3.6
523.55 5.3
525.14 11.2
526.47 1.7
527.49 5.6
528.36 2.7
530.15 5.7
531.83 2.6
533.34 14.1
534.16 2.6
535.42 15.1
536.17 18.6
537.12 17.0
540.49 1.4
541.14 1.5
543.23 97.3
544.14 18.3
545.22 5.4
546.14 11.4
547.47 6.5
549.40 8.5
550.05 3.9
551.67 1.3
552.98 5.8
554.62 3.8
557.47 9.3
558.59 4.1
559.41 2.6
560.43 2.4
561.52 6.3
562.32 5.6
563.63 6.4
564.25 1.7
565.35 3.2
567.51 3.9
568.42 15.0
570.50 5.2
572.97 35.6
575.45 7.7
576.48 5.9
577.27 6.9
578.89 37.5
579.60 3.7
581.41 32.5
582.37 1.3
583.42 3.9
584.79 12.5
585.40 3.4
587.23 26.1
588.16 5.8
589.48 2.3
590.40 17.1
591.35 14.6
593.12 18.8
593.84 7.6
594.63 10.2
595.48 26.7
596.56 43.7
597.68 13.9
598.94 3.8
601.28 48.9
602.51 20.3
605.14 100.4
606.10 65.3
607.47 5.5
609.02 11.8
611.62 27.8
612.48 25.2
613.98 24.7
615.23 23.4
616.75 3.5
618.25 112.0
619.48 30.3
620.77 6.9
622.29 25.3
624.42 16.3
627.14 51.9
628.32 22.1
629.33 25.8
630.07 15.3
632.70 151.1
633.47 167.0
634.23 10.8
635.09 7.4
635.91 109.0
636.91 16.6
640.15 12.4
642.01 302.7
642.82 24.4
662.40 2.7
663.04 2.7
667.37 1.1
668.54 5.2
669.33 1.0
670.35 13.4
672.29 2.3
674.58 1.9
678.49 2.0
679.46 1.6
685.38 4.4
686.52 1.4
687.84 3.6
689.40 4.2
694.53 1.8
695.66 1.6
698.53 2.1
699.66 1.6
700.63 4.3
704.41 10.2
709.37 11.9
710.24 7.3
715.44 11.3
717.77 12.1
718.43 3.3
719.64 3.6
721.91 15.3
726.38 1.3
730.46 1.3
735.51 2.2
741.38 3.0
747.69 2.7
749.31 5.0
752.27 13.5
753.44 10.9
758.39 1.7
766.39 117.6
767.57 26.1
768.70 9.5
769.99 1.9
772.13 1.9
773.03 3.2
774.20 11.9
785.42 1.9
787.52 6.8
791.61 5.0
800.01 7.9
804.63 5.0
805.34 2.2
809.35 40.8
810.29 5.8
814.83 1.8
820.41 3.2
821.61 1.8
822.58 1.7
826.55 7.5
827.32 2.0
829.37 5.5
839.62 2.2
840.37 2.1
841.54 2.1
842.95 3.9
844.65 4.2
846.37 7.3
851.37 5.1
853.55 13.2
854.68 6.0
857.09 3.5
859.42 3.1
862.03 6.7
863.52 9.1
866.41 9.3
869.45 2.2
870.17 1.8
879.53 6.5
883.65 1.1
889.48 5.1
895.31 6.9
896.04 2.4
900.75 3.8
904.28 1.3
905.61 6.2
908.47 1.6
911.54 3.8
912.82 6.7
914.56 7.4
917.58 5.8
919.47 3.1
920.09 2.3
921.76 3.0
922.53 6.8
924.76 1.6
925.73 3.5
927.67 5.2
928.41 3.5
930.47 6.0
931.71 3.3
936.48 14.4
937.46 2.9
944.46 1.6
946.86 6.8
948.50 1.1
950.62 2.2
952.46 4.2
953.84 3.5
954.55 3.7
955.40 7.5
959.65 7.5
962.53 1.6
966.53 6.3
974.52 18.8
975.15 2.2
979.47 1.7
981.84 2.9
983.48 6.1
989.40 1.5
991.38 1.7
994.31 2.2
995.78 1.4
997.82 1.9
1005.35 2.1
1009.48 2.6
1011.62 5.0
1012.49 6.2
1021.48 4.9
1022.59 3.5
1031.62 2.2
1034.73 4.6
1036.45 2.2
1039.52 17.3
1040.63 12.5
1044.09 3.4
1054.52 1.5
1056.87 1.5
1057.68 8.4
1058.84 1.6
1070.66 3.5
1073.62 4.7
1078.66 4.6
1079.48 2.1
1080.77 5.8
1081.73 2.4
1082.64 2.6
1083.57 2.0
1088.42 1.9
1090.06 5.9
1091.73 5.8
1092.36 2.2
1095.76 3.7
1096.46 3.4
1098.60 16.7
1099.49 17.2
1100.81 4.7
1104.10 1.1
1108.61 11.8
1109.43 6.3
1110.71 1.9
1116.02 4.4
1118.19 3.8
1125.36 6.0
1126.64 18.0
1127.42 6.9
1139.70 10.7
1143.83 14.1
1144.53 41.8
1145.53 17.6
1146.76 11.2
1151.59 1.0
1153.63 2.9
1196.48 2.0
1218.15 1.9
1241.33 1.6
1262.74 1.7
1278.04 3.7
1280.71 7.2
1301.64 2.0
