842.51018 2
127.89 782.0
129.07 471.7
130.18 933.0
143.15 19133.7
144.09 786.9
155.29 623.5
157.02 176.4
159.41 234.0
163.11 201.3
171.19 51290.1
172.20 2654.5
173.12 15730.5
175.24 3040.8
183.01 400.2
199.26 950.8
201.11 20456.1
202.23 526.0
209.42 220.2
212.45 310.0
215.35 423.3
225.39 623.6
226.24 2052.3
227.22 8455.3
228.20 1006.9
229.23 2460.9
244.35 454.6
249.70 188.6
254.10 9828.0
255.35 713.9
259.85 657.2
266.52 736.9
272.18 104002.4
273.31 8705.3
282.28 612.5
294.21 567.3
297.27 389.1
298.05 544.8
300.33 803.2
306.01 3836.5
307.37 1074.9
308.39 816.4
312.30 224.6
318.94 3030.3
323.20 5497.2
325.30 13176.5
326.51 3791.6
327.92 274745.1
328.76 379.7
336.78 86028.0
337.87 1525.9
339.03 1573.2
339.69 410.7
340.82 954.7
342.46 224.7
343.34 15130.7
344.33 1277.1
347.19 385.5
351.42 267.6
353.22 105111.6
354.20 10871.0
359.13 284.8
362.46 587.9
363.36 11310.3
365.48 778.7
371.15 51437.4
372.32 8152.8
373.06 846.0
377.25 547.2
382.81 650.6
383.50 472.7
385.39 77055.1
386.43 8182.4
389.60 670.9
391.16 10116.6
391.95 2988.0
394.32 187.5
395.72 1215.0
396.64 526.4
399.63 1383.8
403.97 23305.7
407.04 738.1
412.91 3474642.0
413.99 10076.3
414.94 6784.8
416.16 2237.1
417.25 941.9
417.97 1624.0
418.66 494.1
419.55 1827.9
425.28 190.6
430.30 1190.5
436.33 743.2
437.90 329.7
440.30 24212.8
441.36 2400.4
454.54 1320.3
458.33 17870.7
459.42 1155.7
472.34 364729.3
473.35 41919.3
482.42 951.1
490.38 457.4
493.48 450.0
509.34 168.4
525.41 343.2
526.51 435.7
535.43 6021.4
536.32 350.9
538.27 863.8
541.31 268.6
543.54 1027.2
553.30 24742.9
554.35 3523.6
564.54 484.2
571.43 113905.1
572.48 18077.2
578.44 280.0
581.69 924.7
597.49 621.2
607.73 4023.9
611.48 1045.6
616.54 1168.3
623.32 301.3
629.62 822.7
632.13 371.6
638.27 329.6
650.52 1043.0
651.52 464.4
654.49 3157.4
655.66 845.6
662.78 298.2
664.54 904.2
668.33 870.0
669.69 851.9
672.45 275957.1
673.53 48811.1
682.72 351.2
695.35 209.0
707.50 198.3
708.70 1228.9
725.52 10559.5
726.53 877.2
743.52 9886.6
744.26 969.4
