5615.91469 4
394.13 1.5
455.58 14.5
463.28 2.4
464.36 1.2
466.52 4.3
474.36 4.3
476.14 4.6
480.36 4.9
488.28 2.4
500.28 1.2
501.36 6.5
502.42 3.3
503.56 4.8
506.41 3.9
523.57 6.3
526.15 1.6
531.57 4.7
534.37 5.4
535.55 2.9
541.37 1.1
547.23 1.7
550.46 1.2
551.41 18.7
552.36 4.5
553.84 2.7
563.29 2.6
564.60 3.9
569.76 2.7
582.75 2.9
586.51 2.3
593.56 4.9
601.41 2.6
602.10 2.4
604.81 5.8
610.50 2.1
611.45 1.6
612.42 1.0
614.49 1.0
619.13 4.1
627.47 3.7
628.60 6.5
631.52 6.5
632.78 3.5
637.57 2.0
640.76 1.4
646.40 8.9
647.37 5.3
648.77 6.2
650.79 3.7
653.35 5.0
656.73 3.6
658.29 8.6
661.47 3.3
664.36 11.7
665.00 2.7
665.68 7.3
667.65 2.1
674.15 4.5
681.44 3.1
687.32 5.0
688.40 8.5
690.80 6.6
692.03 1.4
695.28 1.6
705.66 7.9
707.80 2.0
712.29 2.6
715.22 14.1
724.01 1.4
727.53 1.1
730.48 10.1
740.34 1.2
741.38 7.7
742.50 4.4
747.29 8.2
748.42 4.3
754.43 1.7
757.54 9.6
758.46 6.2
759.21 1.7
760.69 2.8
763.44 12.3
769.66 1.8
779.47 29.7
780.43 4.5
782.84 1.2
786.55 3.8
793.33 2.6
794.60 4.4
800.42 4.8
801.27 1.7
804.31 2.8
808.21 3.8
809.65 7.5
812.73 103.3
813.51 10.2
815.53 4.6
821.61 2.4
827.49 4.7
831.64 3.6
835.84 6.3
836.79 14.9
842.49 3.6
843.52 1.4
845.66 23.1
846.74 4.5
854.52 1.5
858.67 22.0
859.55 2.2
860.47 5.3
861.66 5.2
863.66 6.6
865.30 61.3
866.08 13.1
866.71 8.3
870.06 7.0
871.31 4.8
874.64 3.0
878.53 22.8
879.59 10.9
882.35 1.6
891.77 1.3
893.97 1.8
894.75 8.8
897.84 1.8
898.96 1.0
903.55 1.3
905.73 2.3
910.29 4.0
914.43 16.7
915.71 8.1
918.43 4.2
920.74 3.8
923.21 19.7
927.23 83.0
928.05 14.7
929.22 3.9
932.56 16.4
933.64 11.8
934.47 15.8
935.56 5.0
936.59 3.6
937.71 5.0
939.40 6.5
945.59 5.6
948.70 2.7
951.67 10.4
958.03 10.0
962.12 9.1
970.37 8.1
971.46 6.9
973.20 6.6
973.85 2.6
974.61 5.6
975.69 4.0
979.87 123.7
980.78 26.1
981.85 13.4
983.03 6.5
985.61 6.4
986.29 1.1
987.80 1.4
991.66 25.6
992.59 16.9
997.42 4.7
998.60 1.7
1003.54 1.3
1005.61 4.7
1007.51 3.8
1009.11 1.1
1011.44 5.3
1012.46 2.4
1021.88 4.2
1027.57 1.7
1028.51 5.4
1030.59 2.0
1037.10 5.4
1039.31 5.1
1042.15 7.5
1043.85 1.4
1045.62 38.4
1046.67 6.9
1048.78 6.9
1055.85 4.1
1056.56 7.5
1059.58 1.9
1063.25 4.0
1074.69 8.1
1075.79 1.9
1080.63 4.8
1085.81 6.2
1087.60 3.4
1088.24 5.5
1093.61 1.7
1101.62 6.9
1103.17 11.6
1103.95 5.1
1104.87 2.1
1106.63 7.0
1110.97 12.9
1111.63 12.4
1112.35 3.1
1116.77 8.9
1119.14 9.2
1120.56 33.1
1121.71 18.7
1122.67 10.5
1123.78 1.7
1126.41 2.4
1132.72 1.7
1133.63 2.8
1136.08 7.5
1140.46 3.4
1141.30 15.1
1144.52 4.8
1145.41 7.3
1148.95 1.6
1149.84 7.6
1156.82 8.8
1158.50 5.8
1160.68 4.6
1167.81 26.9
1169.20 7.0
1172.44 8.1
1177.35 226.0
1178.51 19.0
1179.57 2.2
1180.20 6.1
1186.14 12.7
1187.47 6.4
1192.29 6.9
1194.62 7.1
1195.77 6.6
1198.40 6.5
1200.29 3.4
1201.93 58.7
1202.72 17.4
1203.37 1.7
1205.25 14.0
1208.55 5.6
1211.40 10.9
1212.53 5.0
1213.41 12.5
1214.81 12.0
1215.45 8.4
1216.35 2.4
1217.68 1.7
1221.55 30.1
1222.65 16.3
1223.82 11.4
1225.13 27.9
1226.39 7.9
1228.91 1.8
1230.01 81.6
1230.94 58.3
1232.09 17.9
1233.07 19.3
1235.00 14.1
1236.82 10.0
1239.31 4.2
1241.59 4.6
1242.30 3.1
1244.10 12.8
1245.44 5.2
1249.26 3.2
1257.44 7.5
1258.71 14.7
1259.66 6.8
1261.66 6.9
1264.40 15.8
1265.78 32.4
1266.64 2.3
1267.79 3.2
1269.94 24.1
1270.84 9.7
1273.12 10.9
1274.63 12.2
1275.35 10.1
1278.81 15.6
1280.82 1.9
1282.01 2.5
1288.65 11.9
1291.73 28.8
1295.24 2.9
1296.47 27.3
1297.27 1.8
1304.10 94.3
1305.42 6.1
1306.45 2.2
1308.11 17.9
1310.27 5.3
1312.09 7.3
1313.78 8.6
1315.53 24.5
1316.53 25.3
1317.19 5.4
1319.17 9.0
1322.26 13.9
1323.80 2.5
1324.65 4.7
1326.00 48.8
1326.71 13.6
1327.72 2.1
1328.77 13.7
1329.92 10.8
1330.59 13.2
1331.19 8.7
1331.96 24.9
1332.92 1.2
1333.57 1.4
1334.44 27.7
1335.88 47.6
1336.67 21.3
1337.58 2.2
1343.55 46.7
1344.43 25.2
1345.29 10.5
1346.91 9.1
1348.17 11.8
1348.89 3.0
1349.83 10.1
1350.77 2.9
1351.45 7.6
1352.69 14.5
1354.77 2.1
1357.26 5.6
1358.35 42.6
1359.02 15.2
1360.53 7.1
1361.45 10.8
1362.65 20.3
1363.34 23.8
1364.76 15.4
1366.63 5.3
1367.73 13.4
1369.18 7.7
1370.42 30.3
1373.02 18.1
1374.45 890.0
1376.20 4.7
1376.82 11.4
1378.82 22590.8
1379.64 193.9
1380.48 62.7
1381.65 37.9
1382.98 19.9
1383.89 19.6
1384.80 1.6
1385.94 15.3
1387.14 28.5
1388.38 2.3
1393.93 4.3
1396.21 9.6
1406.23 3.3
1412.47 15.3
1413.82 18.6
1421.38 10.8
1425.13 3.9
1428.21 5.8
1429.18 11.6
1431.47 8.7
1432.12 11.8
1432.97 6.6
1434.57 17.5
1437.69 89.1
1438.56 23.2
1440.39 14.2
1442.36 4.8
1444.36 10.2
1446.34 17.9
1448.47 5.0
1449.57 19.2
1450.20 8.6
1454.85 15.7
1455.75 12.1
1456.86 6.4
1457.61 9.0
1458.52 14.8
1459.26 10.7
1459.88 2.2
1464.89 85.1
1466.52 100.6
1467.61 26.4
1469.98 2.7
1474.72 67.2
1475.42 20.0
1481.07 19.1
1481.82 5.6
1482.94 1.7
1484.59 4.7
1488.32 2.9
1489.49 20.5
1490.27 5.0
1490.99 3.5
1492.71 2.2
1493.73 18.8
1494.67 30.7
1495.38 4.7
1496.06 3.9
1496.86 5.8
1500.01 54.2
1500.94 6.5
1502.01 18.7
1507.62 28.7
1508.33 19.4
1512.11 4.9
1513.01 12.4
1514.18 6.7
1515.00 8.7
1516.19 1.7
1517.17 21.3
1518.39 6.0
1519.60 12.4
1520.54 7.3
1522.91 11.9
1525.79 5.5
1526.61 16.3
1527.57 9.9
1529.88 10.1
1531.54 39.6
1533.19 10.3
1534.85 5.6
1535.50 1.5
1537.35 9.7
1538.12 13.5
1539.55 9.8
1542.10 4.7
1543.14 38.2
1545.38 26.4
1546.03 15.5
1546.89 2.5
1548.79 7.5
1550.27 13.5
1551.61 11.5
1553.46 5.3
1554.98 2.1
1557.56 4.2
1558.99 6.6
1561.64 8.0
1562.51 19.2
1565.89 18.6
1566.94 17.7
1568.90 30.8
1570.01 22.6
1570.82 8.2
1571.72 12.0
1573.04 2.5
1575.24 18.5
1576.50 2.0
1578.07 36.5
1579.02 19.1
1580.08 213.3
1580.92 57.9
1581.70 33.0
1582.87 3.1
1584.04 3.6
1585.17 13.9
1585.99 16.7
1586.90 16.8
1589.74 50.0
1590.53 2.6
1592.31 16.8
1593.85 29.2
1594.82 10.0
1596.75 5.4
1601.70 4.0
1603.99 2.8
1607.80 12.8
1608.81 19.6
1611.81 4.4
1613.82 71.3
1614.49 33.3
1615.76 4.1
1617.07 61.8
1617.99 3.2
1624.82 13.9
1626.14 10.8
1627.36 10.0
1631.99 4.1
1634.29 42.3
1634.93 1.4
1640.65 14.3
1642.14 16.4
1643.30 5.2
1646.34 34.9
1647.20 11.0
1650.24 2.1
1652.31 31.2
1654.25 9.6
1657.63 8.0
1660.72 1.8
1662.16 5.8
1663.30 6.6
1664.42 17.3
1667.99 9.1
1670.97 5.2
1672.26 13.2
1673.12 8.3
1674.00 31.0
1674.77 1.9
1676.48 6.0
1680.15 2.6
1681.94 3.8
1683.05 1.3
1683.75 4.1
1684.53 43.6
1685.26 3.0
1686.81 1.5
1689.69 38.9
1690.54 11.2
1695.00 6.4
1696.09 9.9
1697.34 4.2
1698.35 2.3
1698.99 2.5
1699.77 4.0
1702.00 1.7
1706.59 6.7
1710.70 8.2
1711.70 23.3
1715.07 1.3
1717.61 4.4
1721.54 7.1
1722.24 28.6
1723.07 10.4
1725.44 5.1
1726.90 8.1
1727.91 25.2
1730.50 10.8
1736.57 7.3
1737.18 3.6
1739.38 21.9
1740.13 5.4
1742.26 8.9
1744.88 1.7
1745.84 3.0
1751.32 11.7
1752.67 5.4
1754.45 3.0
1755.11 4.4
1758.11 2.2
1759.39 4.9
1763.80 6.8
1766.16 3.1
1767.11 11.4
1769.12 15.3
1773.73 2.0
1776.15 1.7
1777.76 6.7
1779.16 11.5
1780.57 13.7
1785.07 5.6
1787.10 26.8
1791.70 7.1
1792.80 5.9
1801.05 3.5
1802.82 7.9
1808.00 10.8
1809.20 2.6
1810.42 2.3
1812.36 3.8
1814.49 1.9
1821.93 8.6
1822.97 3.6
1825.06 6.0
1829.80 36.9
1830.67 82.6
1831.53 5.8
1832.45 1.2
1836.26 4.0
1836.93 1.7
1839.25 1.1
1845.63 3.7
1847.34 11.0
1848.41 13.4
1849.64 4.9
1851.87 10.2
1853.51 2.3
1855.97 7.8
1857.00 4.9
1858.24 6.1
1859.02 10.9
1859.63 7.8
1860.51 1.0
1862.57 3.3
1866.09 3.9
1867.38 8.6
1875.75 5.5
1878.83 8.5
1880.28 4.2
1881.13 5.0
1881.96 4.1
1883.14 1.9
1885.16 8.2
1886.26 1.4
1887.51 5.2
1888.60 13.6
1891.05 5.4
1891.94 3.8
1895.86 5.0
1898.40 7.6
1900.62 7.3
1901.23 5.0
1902.21 3.7
1903.08 4.4
1904.99 11.6
1907.32 3.3
1907.95 7.5
1910.33 1.2
1913.26 1.1
1924.27 8.5
1926.20 5.8
1937.14 5.5
1939.94 2.3
1940.66 6.4
1941.68 7.1
1942.38 2.2
1944.87 134.0
1945.85 17.4
1948.69 1.2
1951.00 1.4
1954.44 7.2
1957.95 4.0
1961.67 7.9
1965.45 9.1
1966.39 8.0
1969.13 2.1
1970.17 7.7
1973.95 3.1
1974.88 3.1
1975.58 5.7
1977.86 1.6
1980.41 1.3
1981.73 7.1
1983.48 4.2
1998.63 3.6
