1101.45867 2
171.45 1.1
176.14 5.2
178.26 2.3
178.88 2.0
180.22 2.1
185.12 4.5
200.09 2.7
203.33 1.1
207.21 10.7
208.33 3.9
214.20 3.7
221.25 1.7
223.00 6.1
226.29 1.6
229.33 5.6
235.28 2.7
240.04 2.9
245.05 3.3
247.95 1.6
249.06 2.3
250.27 8.1
253.34 3.7
255.89 5.1
258.29 2.2
259.08 1.4
264.75 1.8
268.29 5.3
271.95 1.3
273.15 6.2
278.15 4.5
287.47 1.2
288.49 1.3
289.10 1.0
290.14 6.5
293.13 3.0
296.19 2.1
298.43 1.3
299.36 1.0
300.96 5.2
303.15 2.2
305.89 1.6
309.39 5.3
310.23 2.4
313.89 3.8
317.87 1.5
322.21 1.2
325.16 1.4
329.38 4.5
330.33 1.3
332.39 1.3
333.25 2.7
335.40 1.2
337.26 4.0
340.19 7.8
342.86 3.9
351.75 10.4
353.26 1.9
356.25 2.3
358.55 5.9
359.43 9.1
364.55 1.3
370.12 2.8
372.19 19.5
373.43 8.1
377.16 1.2
381.07 2.4
383.73 8.2
384.93 2.1
387.35 3.2
388.59 16.1
389.25 1.2
394.84 8.6
396.26 2.3
397.55 1.9
399.20 10.0
400.53 2.9
401.31 5.9
403.50 3.3
404.33 5.4
406.64 18.2
407.44 9.8
412.46 1.7
415.04 12.1
416.36 4.7
417.16 9.5
418.20 16.7
421.71 15.0
423.05 2.2
423.79 1.7
427.55 3.2
428.35 2.4
429.82 17.1
430.71 1.2
431.32 6.0
432.16 1.5
432.88 4.6
435.61 3.4
436.88 10.0
438.50 1.2
442.45 5.3
443.72 2.6
446.06 16.2
447.34 2.7
449.15 2.5
451.27 9.3
452.02 5.5
453.27 4.5
455.23 4.5
458.20 10.4
462.56 12.1
463.36 7.6
464.74 1.5
468.45 2.7
469.31 3.5
470.46 6.3
472.23 9.9
473.84 1.7
477.42 1.8
478.49 69.8
480.34 14.4
481.43 18.9
482.15 6.3
485.36 18.4
487.35 284.4
488.51 3.7
489.47 3.4
490.70 11.0
492.64 13.2
493.34 9.0
494.31 14.7
495.11 10.8
496.89 96.6
498.27 16.2
499.16 5.2
501.29 9.0
502.40 10.2
503.23 3.2
504.39 3.0
505.75 87.9
506.45 31.0
507.09 4.0
508.14 2.0
509.36 11.6
510.00 19.6
511.40 14.0
513.56 7.4
515.25 17.9
515.86 6.9
516.75 3.3
518.44 29.0
519.60 29.9
520.45 1.1
522.27 5.3
524.37 61.6
527.33 89.6
528.58 29.9
529.57 22.7
531.32 11.8
532.29 4.6
533.41 212.7
534.42 22.4
535.24 15.4
536.36 99.7
536.97 21.0
539.03 22.7
540.14 4.9
542.41 729.3
543.37 9.5
545.59 3.5
566.23 4.9
574.28 3.5
583.29 2.0
586.37 2.3
591.33 22.7
592.31 4.6
594.53 6.4
597.00 1.3
599.23 5.5
602.95 14.1
605.35 5.0
611.15 3.5
617.56 5.1
621.13 12.0
622.65 4.4
624.15 6.2
634.41 1.7
636.37 6.0
637.38 3.4
638.30 26.6
639.25 10.9
640.23 12.4
643.26 1.9
646.53 2.8
647.89 4.6
653.91 4.2
656.32 2.2
657.46 1.5
658.39 2.9
659.53 7.2
662.35 7.5
664.41 20.8
665.30 6.9
666.62 5.1
673.23 4.4
674.69 21.6
675.58 10.2
678.25 1.6
679.23 2.0
680.06 2.7
681.53 7.9
684.33 3.9
686.21 1.9
688.39 2.1
690.48 10.2
697.33 6.0
698.43 9.6
704.55 1.6
707.53 3.0
708.52 10.7
710.72 2.6
719.41 28.0
720.04 6.8
720.89 3.6
721.57 7.6
723.02 6.3
725.35 6.6
727.65 3.6
732.38 2.4
743.38 4.1
745.43 35.5
746.57 8.3
747.43 5.1
748.35 3.3
752.66 8.2
753.57 1.3
755.48 2.4
757.12 4.2
759.33 2.3
759.95 1.0
760.74 13.8
761.49 10.4
762.48 6.5
771.84 3.2
772.51 1.2
774.32 7.9
775.90 4.0
782.56 10.8
783.38 1.0
786.54 4.0
792.43 19.7
793.45 19.8
795.50 3.4
796.47 7.0
797.63 1.1
802.48 3.0
811.58 7.5
812.29 2.5
813.29 2.9
814.63 3.1
816.48 4.7
820.32 1.9
824.87 2.1
828.02 2.6
829.10 7.2
830.58 5.2
831.55 3.1
834.31 4.9
841.48 2.6
857.71 7.8
858.64 10.0
860.86 3.0
864.52 6.8
868.65 2.1
873.48 1.0
874.66 1.3
877.83 2.0
883.53 2.8
888.06 4.7
895.56 3.4
897.34 2.0
900.79 6.6
905.55 9.9
906.58 8.2
907.84 2.0
914.35 1.5
921.49 3.4
922.65 4.5
927.57 8.5
932.68 2.4
938.17 4.6
943.41 6.2
946.33 2.5
949.59 2.6
950.59 2.2
955.59 16.4
969.18 2.0
973.58 18.4
974.43 3.8
976.71 7.5
977.56 4.2
1063.63 25.7
1064.75 2.9
1088.61 1.8
1105.86 1.5
