1214.58635 2
175.21 8.6
187.13 2.6
196.18 2.1
197.38 9.4
198.23 2.2
199.02 1.5
202.39 1.7
207.39 2.3
208.03 1.3
210.48 3.2
212.33 2.0
213.30 4.7
214.04 2.3
215.40 2.4
221.16 3.3
222.05 3.9
224.27 13.2
225.15 18.6
226.87 2.3
228.15 2.0
241.19 2.5
242.18 14.1
243.33 8.1
244.29 7.6
245.25 2.4
247.43 2.6
253.24 2.3
259.30 1.0
260.05 2.1
262.29 1.4
265.33 2.2
270.28 2.6
278.25 27.0
279.19 12.8
283.44 2.3
291.10 1.0
291.89 2.9
292.52 4.3
295.08 1.6
299.34 2.5
308.12 4.9
309.45 3.2
312.31 1.7
320.34 10.7
321.43 2.0
322.27 3.6
325.39 7.4
326.06 1.3
327.25 5.4
328.62 3.7
332.30 3.2
337.25 16.7
338.23 18.7
339.32 6.2
353.33 8.7
354.14 2.6
355.40 12.3
356.51 12.4
361.50 3.8
366.16 6.1
371.50 1.7
374.35 1.3
379.31 5.0
381.44 1.1
383.59 2.0
385.59 3.2
394.30 3.5
397.38 1.1
399.82 1.8
407.16 2.2
411.93 1.3
413.18 3.1
414.44 2.8
416.23 115.5
417.31 31.0
418.27 5.0
420.65 2.8
421.65 16.7
422.93 4.3
425.18 1.1
429.26 2.5
434.26 7.6
436.16 3.6
439.19 5.1
441.39 1.9
443.39 4.4
448.13 28.7
449.28 5.5
451.63 3.1
452.39 3.9
455.64 1.7
460.27 5.8
461.29 7.2
466.57 35.6
467.39 8.6
469.45 3.7
475.55 7.7
477.36 17.1
478.38 3.7
480.35 6.7
484.35 20.9
485.79 4.2
487.27 48.9
492.34 6.8
493.26 2.3
494.10 11.4
501.39 3.0
504.79 18.0
506.67 2.9
508.85 3.6
513.05 4.1
514.09 9.2
514.72 7.3
516.32 1.1
518.08 1.3
519.13 7.2
520.66 49.4
521.99 36.8
522.88 3.7
523.55 2.2
524.50 5.5
528.31 2.3
530.25 122.1
531.15 13.8
537.50 2.1
539.00 544.5
539.93 40.1
541.10 4.8
542.25 2.9
543.85 69.7
545.30 60.8
546.28 28.9
547.40 2.8
548.33 5.8
549.33 3.3
550.22 1.6
551.58 3.3
552.63 3.3
555.58 49.3
557.33 5.8
558.16 19.8
559.32 1.8
560.48 4.5
564.59 5.3
565.87 2.9
566.92 12.7
568.05 19.3
568.96 6.3
570.57 1.2
572.74 6.5
573.46 17.3
575.43 9.0
576.44 48.5
577.48 16.4
580.17 5.1
581.16 25.9
582.04 11.1
585.02 6.6
588.88 1.2
590.28 28.7
591.26 40.0
593.30 21.7
594.47 3.0
595.75 26.9
598.90 61.4
599.63 106.7
600.52 6.0
602.45 2.7
615.62 3.9
623.91 7.7
641.73 2.7
642.52 1.8
650.46 2.3
653.59 15.9
655.59 1.5
659.36 11.0
664.85 4.2
668.60 2.3
670.43 24.6
671.42 8.1
674.35 8.8
675.41 9.7
679.09 5.0
683.77 7.1
687.68 1.3
688.63 2.5
698.41 2.9
704.41 4.2
705.09 3.0
716.54 7.9
719.53 2.2
722.28 26.5
723.37 4.8
725.24 1.3
731.36 225.7
732.37 75.6
733.23 13.0
755.24 17.1
756.56 1.4
763.36 1.4
764.33 2.3
765.60 2.2
771.96 7.6
773.63 1.5
774.55 1.8
781.63 21.8
782.41 13.7
784.03 3.5
786.12 1.5
788.36 2.2
799.48 64.2
800.53 22.6
801.53 10.7
804.23 1.2
809.16 3.8
815.80 2.5
835.33 40.9
836.56 16.5
837.60 15.4
842.41 21.6
843.34 15.9
844.54 2.6
851.53 5.9
854.03 1.0
857.62 2.2
860.39 158.5
861.33 58.4
862.25 7.1
868.64 8.6
879.71 1.4
884.72 10.9
885.79 2.8
893.49 1.5
897.89 5.5
914.46 3.2
920.88 2.5
922.04 2.2
930.71 4.7
932.87 3.9
948.28 26.7
948.89 25.8
949.66 10.5
950.68 4.0
954.85 2.0
955.71 2.0
958.75 1.1
973.44 161.6
974.53 86.8
975.46 24.8
983.43 4.5
996.31 5.4
1013.27 1.8
1017.10 6.7
1022.88 1.5
1024.58 3.5
1026.64 4.8
1027.68 1.1
1028.62 4.4
1030.53 1.7
1034.67 2.8
1042.44 38.7
1043.69 5.3
1058.74 5.5
1059.54 13.3
1060.77 6.4
1076.73 45.2
1077.79 32.4
1078.91 4.1
1086.62 77.9
1087.61 44.8
1088.60 14.7
1089.70 5.6
1096.61 1.3
1097.73 4.0
1102.82 2.5
1155.60 2.2
1194.79 2.2
