1729.75725 2
246.01 2.7
252.37 4.4
254.20 1.3
262.11 1.7
263.44 1.7
265.24 2.4
269.17 1.2
274.29 10.6
276.15 3.8
279.24 1.9
281.15 2.9
284.25 3.3
287.10 4.6
292.34 1.7
293.23 8.5
294.26 2.1
295.19 2.7
305.20 1.5
309.24 6.4
311.31 1.8
315.54 2.5
319.15 3.3
321.04 2.4
322.29 5.0
327.44 8.4
328.81 1.8
331.04 3.8
332.35 3.6
337.19 5.7
338.34 5.8
340.31 2.9
341.67 5.8
343.09 2.7
344.10 1.7
347.21 1.2
354.45 9.7
355.22 7.1
360.27 2.9
361.48 4.2
363.91 5.4
365.75 9.0
366.38 12.5
369.22 5.7
371.34 2.4
372.93 3.6
374.23 4.7
375.40 1.2
376.03 5.1
377.20 1.8
381.17 2.6
383.20 2.9
384.27 7.9
387.28 6.7
391.23 1.4
392.31 4.2
393.27 1.1
394.14 6.5
395.26 2.1
400.27 9.2
401.38 2.2
403.39 2.6
404.29 1.9
407.13 3.2
408.47 1.4
409.43 7.2
410.09 7.0
411.39 9.3
412.28 4.2
414.14 8.1
415.38 1.0
416.44 4.0
418.36 4.9
419.33 9.2
420.28 5.9
421.39 3.5
423.32 17.7
424.12 2.4
427.07 1.8
428.21 5.4
429.25 10.0
430.22 1.8
435.27 1.7
437.35 6.3
439.42 4.9
440.41 1.4
441.16 2.8
443.62 4.0
444.23 2.5
445.41 6.4
448.33 5.1
451.33 10.2
452.40 5.9
453.31 4.2
454.49 5.9
457.41 5.7
459.24 1.1
461.08 10.2
466.50 1.9
467.18 2.2
469.80 2.8
470.45 3.8
472.41 1.2
474.24 4.8
475.18 3.6
476.30 5.6
478.37 11.4
479.38 2.2
480.40 7.2
481.08 2.4
482.33 1.4
486.28 3.9
487.27 9.0
489.36 6.3
490.44 7.9
496.45 25.5
497.50 14.3
498.47 4.7
501.39 5.7
502.82 6.1
503.68 1.2
512.99 4.9
514.27 2.9
515.12 1.9
516.38 7.2
517.32 2.5
519.25 5.7
520.19 2.0
521.23 5.1
525.24 2.0
527.99 3.1
529.07 3.3
531.31 5.4
532.67 4.2
533.37 2.4
535.35 6.5
536.22 7.5
538.40 2.7
540.31 6.8
541.28 9.0
542.65 3.4
544.14 7.3
548.18 1.0
551.08 4.0
552.87 5.4
553.48 7.0
554.31 1.1
555.46 2.5
556.27 4.0
558.52 7.7
560.76 4.4
561.96 4.8
563.55 2.1
564.67 5.1
565.43 18.7
567.14 4.1
568.39 3.7
570.27 25.6
572.45 29.1
573.31 7.1
574.36 7.0
575.38 8.9
576.38 6.0
577.23 4.9
579.90 2.1
581.49 8.2
584.70 5.2
585.44 4.4
586.48 2.2
592.35 4.2
593.55 17.2
594.48 22.0
595.22 1.2
597.27 5.2
598.41 20.7
599.54 5.4
600.21 14.1
601.11 6.9
602.65 3.9
604.38 2.6
607.30 9.9
609.39 2.8
610.34 5.0
611.25 11.0
613.58 7.4
615.24 9.0
616.09 3.3
618.39 8.9
619.94 12.6
621.47 4.0
622.41 4.6
623.63 13.7
624.28 10.0
625.48 2.2
627.47 12.9
628.37 12.2
629.81 3.9
630.44 2.5
631.46 8.0
632.59 2.0
633.34 4.5
634.58 22.1
637.08 12.4
641.45 10.1
643.14 1.4
645.62 4.7
646.52 4.5
647.60 7.9
650.15 10.0
650.87 4.2
652.16 4.4
653.98 15.0
655.29 6.6
657.41 10.1
658.45 23.1
659.26 28.1
660.31 2.8
660.94 1.1
662.33 1.5
663.52 3.3
664.43 10.1
665.46 6.7
666.63 1.8
667.41 6.6
668.18 6.4
669.06 4.1
670.48 2.0
672.33 5.8
673.42 10.0
674.93 1.1
676.47 8.4
677.36 5.9
679.01 13.0
680.15 10.0
681.35 1.9
683.19 5.2
684.90 10.6
685.64 2.7
686.25 2.3
688.08 13.4
689.34 19.3
690.76 15.5
691.50 15.6
694.53 9.4
697.67 35.5
698.29 1.4
700.29 5.6
702.30 12.2
703.62 5.8
704.92 24.6
706.21 6.8
708.43 137.2
709.50 159.6
710.60 2.2
711.65 9.2
712.50 9.5
713.40 8.3
714.26 17.7
715.14 7.6
715.94 3.7
716.86 6.6
717.56 5.3
719.46 9.8
720.58 2.7
721.30 3.9
722.92 4.6
724.30 2.2
725.75 12.6
726.55 14.2
727.51 9.1
728.49 19.1
729.42 5.0
731.97 15.9
733.27 17.2
734.10 2.7
736.99 36.4
741.56 1.4
742.73 2.7
744.39 21.4
745.62 18.0
746.54 13.6
747.46 6.3
748.50 7.7
749.43 4.0
751.02 80.7
751.93 15.8
752.77 11.1
754.47 10.2
755.12 6.4
757.16 4.3
758.53 9.0
759.87 8.7
760.58 16.4
761.65 3.5
762.82 8.8
763.45 3.3
764.22 11.4
765.49 2.9
766.37 2.0
767.14 7.9
768.47 4.9
770.16 10.1
771.96 12.0
772.69 7.5
773.52 14.0
774.40 7.9
776.15 3.4
777.69 2.1
778.81 14.7
779.81 2.6
783.35 12.8
785.38 5.0
786.44 19.7
787.74 24.3
788.34 9.2
789.15 34.1
790.68 6.6
791.55 1.5
793.50 55.4
794.42 11.1
795.91 7.6
797.10 16.6
798.67 19.5
799.76 6.4
800.43 4.6
801.40 4.0
802.08 16.7
803.70 28.1
804.57 65.7
805.53 85.4
806.38 20.9
807.10 2.5
807.74 10.5
809.01 22.2
810.11 9.4
811.60 18.1
812.52 9.6
813.40 27.5
814.56 41.0
815.63 6.5
816.75 27.2
817.76 38.0
818.96 32.8
820.50 48.8
821.70 69.8
822.58 4.4
823.83 32.4
824.76 35.5
825.70 16.0
826.74 78.6
828.46 46.4
829.57 30.9
830.47 26.1
832.35 160.1
833.21 145.1
834.10 47.7
835.47 57.2
836.69 21.5
837.68 21.8
838.68 90.3
839.51 22.2
840.76 24.6
841.64 218.3
842.63 21.5
843.26 17.3
844.36 14.3
845.71 18.5
846.64 156.2
847.67 754.4
848.56 147.7
849.42 24.2
850.64 381.8
851.57 12.3
853.04 35.9
853.67 10.7
856.42 185.7
857.06 48.7
858.38 4.9
870.40 2.0
875.47 2.0
878.54 1.9
881.47 1.1
883.78 2.4
885.18 9.5
886.31 2.7
888.49 1.3
889.90 2.4
891.64 3.3
893.50 13.2
894.63 12.7
896.79 1.8
897.75 2.1
901.47 17.5
902.75 7.8
904.20 6.3
905.32 2.2
907.43 2.1
910.18 2.1
917.83 3.6
920.18 39.3
920.99 42.4
922.36 11.6
925.51 3.1
933.47 4.4
938.68 3.0
940.42 1.2
941.59 17.4
942.39 1.5
943.42 2.2
945.36 5.0
946.42 7.6
950.93 3.0
954.23 5.7
955.21 2.2
957.91 9.0
958.72 31.6
959.55 25.5
960.25 5.7
962.93 5.2
963.54 1.1
964.76 2.1
965.81 8.2
967.40 3.6
968.64 12.3
969.51 3.6
970.56 2.2
972.70 6.0
974.62 3.6
976.62 4.6
978.58 16.0
980.41 4.9
981.92 24.9
982.60 1.6
984.33 1.9
985.54 5.5
987.55 11.9
989.67 4.1
991.03 3.7
993.53 5.2
994.45 5.2
996.90 10.2
997.65 4.3
998.55 14.5
999.75 8.2
1003.90 2.8
1005.46 22.1
1006.73 31.5
1007.48 51.5
1008.60 27.5
1011.64 4.6
1013.66 3.1
1017.58 3.5
1019.50 4.8
1020.44 2.1
1021.19 3.3
1022.30 1.6
1024.52 2.8
1025.52 5.2
1026.46 3.1
1027.22 1.8
1028.43 4.0
1029.15 1.1
1030.98 10.0
1032.16 3.5
1033.17 10.5
1034.51 3.0
1035.56 2.6
1036.52 7.9
1037.43 3.3
1040.63 7.2
1042.62 5.7
1045.69 29.1
1046.47 11.6
1047.39 5.8
1050.46 27.4
1051.58 18.2
1054.20 6.6
1057.61 1.9
1058.52 2.2
1061.77 1.1
1063.78 3.4
1064.74 1.8
1066.90 15.0
1067.62 10.4
1068.35 2.2
1069.81 1.7
1070.73 1.0
1072.53 2.9
1074.43 11.3
1075.50 4.0
1076.54 24.0
1077.66 15.1
1078.59 2.9
1079.40 1.9
1080.28 8.4
1081.28 4.0
1084.72 7.4
1085.48 1.2
1089.14 7.7
1090.58 4.4
1091.37 2.2
1092.69 15.1
1093.79 11.5
1094.50 52.1
1095.55 21.1
1096.19 1.4
1097.83 3.9
1099.94 15.4
1101.24 1.8
1102.57 21.6
1103.76 2.2
1104.37 5.4
1105.76 2.5
1107.38 1.3
1110.95 2.8
1112.60 1.6
1114.56 1.9
1115.58 1.9
1116.77 3.3
1119.54 15.2
1120.47 12.7
1121.30 5.5
1122.77 4.0
1125.47 12.6
1126.11 3.1
1127.11 6.0
1127.76 13.0
1132.58 10.8
1133.36 9.2
1134.90 6.2
1135.59 10.4
1136.56 2.6
1137.63 13.4
1138.60 9.3
1142.40 3.6
1145.55 5.0
1149.75 12.3
1150.73 10.9
1151.70 6.5
1154.70 3.1
1155.37 5.2
1156.32 15.6
1157.68 2.2
1159.53 3.7
1163.52 2.7
1172.79 3.4
1176.96 10.6
1177.70 18.6
1178.53 13.1
1181.66 3.9
1183.62 6.9
1186.51 1.7
1189.43 1.4
1193.51 9.4
1194.42 5.1
1203.85 5.4
1204.45 3.8
1206.70 12.6
1207.77 2.0
1208.71 1.3
1212.75 2.5
1213.64 7.4
1215.62 4.6
1216.60 1.6
1217.30 6.1
1220.58 3.1
1221.79 6.0
1223.94 12.9
1225.63 5.0
1228.57 7.0
1231.55 2.7
1232.80 3.0
1234.54 34.0
1235.38 3.3
1236.57 1.8
1237.54 5.0
1240.63 2.3
1241.50 21.0
1242.56 8.7
1243.74 1.5
1245.54 2.0
1250.76 1.8
1252.35 5.6
1252.96 3.8
1256.83 3.1
1260.43 2.0
1261.56 2.5
1262.50 1.5
1263.72 2.3
1264.62 1.4
1271.20 4.3
1272.70 2.0
1275.80 1.1
1276.59 4.5
1278.06 7.2
1279.48 8.2
1280.68 1.2
1281.66 4.3
1284.80 5.2
1285.54 5.6
1286.48 3.0
1289.84 7.4
1291.90 1.0
1293.56 23.4
1294.55 8.6
1297.51 2.5
1298.72 25.2
1299.70 8.3
1302.56 1.4
1303.63 23.2
1304.53 6.0
1305.87 3.9
1308.75 1.1
1315.09 4.8
1316.74 3.8
1317.69 6.2
1318.88 3.3
1319.49 3.5
1321.56 22.5
1322.74 8.7
1323.65 5.7
1324.77 3.1
1334.51 2.7
1335.76 1.2
1336.84 1.4
1337.70 4.9
1339.07 7.9
1339.79 5.4
1341.72 10.5
1342.64 6.0
1343.41 5.8
1344.46 5.4
1355.40 2.0
1356.31 11.0
1357.42 5.1
1358.69 3.3
1366.18 4.5
1373.68 2.1
1379.57 4.9
1382.37 1.3
1383.85 1.4
1384.80 3.1
1394.31 16.1
1395.83 6.3
1396.68 2.6
1398.86 3.8
1399.82 6.7
1410.38 2.8
1411.67 6.3
1412.69 23.5
1413.35 12.7
1414.99 4.1
1420.00 1.1
1422.88 9.3
1423.81 2.6
1424.60 1.2
1428.73 5.5
1433.48 6.3
1437.58 5.3
1439.95 6.5
1440.77 19.9
1441.78 16.5
1442.68 2.6
1450.58 6.2
1451.67 2.5
1455.74 12.9
1456.62 8.6
1457.36 1.5
1463.95 2.7
1468.53 22.9
1469.59 30.2
1470.42 4.2
1473.60 8.7
1475.80 2.7
1482.92 6.5
1485.75 5.5
1486.81 12.7
1491.02 6.0
1498.04 3.2
1499.55 1.3
1502.85 1.9
1509.73 24.8
1510.63 5.1
1511.68 10.1
1513.47 3.4
1517.51 1.5
1519.69 8.1
1520.54 4.0
1524.60 1.2
1525.87 4.1
1526.68 8.2
1527.72 34.3
1528.81 31.5
1529.95 6.8
1537.57 34.5
1538.76 28.9
1539.78 12.0
1544.58 3.4
1555.64 33.3
1556.77 40.1
1557.71 3.6
1572.70 3.2
1573.84 43.9
1574.80 26.7
1575.89 8.9
1634.87 6.9
1691.14 2.4
