722.4220399999999 2
111.12 1.1
114.23 166.8
115.17 17.7
116.03 11.1
120.28 2.3
122.25 2.7
128.09 1.9
129.29 6.1
130.21 3.8
133.21 21.4
143.27 1.7
144.06 2.4
147.19 3.1
149.06 3.3
150.90 6.0
155.27 2.1
156.96 1.6
159.01 1.1
168.25 1.3
172.81 5.8
175.29 4.5
179.26 4.3
185.02 7.9
189.35 2.7
193.29 3.7
196.11 1.2
199.10 2.8
201.36 1.3
204.17 3.6
205.28 6.1
211.14 19.7
212.16 11.4
213.16 47.0
214.16 5.6
218.21 1.6
219.58 10.3
220.27 5.0
222.33 2.0
223.37 1.8
224.26 1.9
225.34 6.8
226.26 9.8
228.95 12.0
230.17 640.9
231.16 49.4
233.30 4.3
234.20 5.6
240.22 4.7
241.94 7.2
243.22 5.0
245.00 10.0
246.98 121.9
248.07 35.0
248.99 5.8
251.31 2.2
255.32 15.0
256.08 1.5
256.80 3.3
258.13 2.5
259.27 3.5
260.15 2.4
261.27 2.2
263.28 6.0
264.22 2.5
264.93 2.6
266.34 1.1
267.89 38.3
271.41 8.0
272.54 6.5
273.41 15.2
274.05 21.4
275.14 3.4
276.13 2.2
279.34 3.5
284.98 6.0
286.23 4.6
287.17 8.9
288.08 5.2
290.32 19.3
291.26 10.5
295.73 9.4
296.66 13.1
299.31 3.6
302.39 2.3
304.92 204.6
305.85 4.6
307.96 3.4
308.69 5.8
310.57 16.3
312.22 10.8
313.86 11.9
314.78 5.8
317.39 8.3
318.26 6.6
319.54 6.3
320.17 6.7
321.11 34.2
322.77 40.6
325.29 18.7
326.15 7.9
327.23 6.1
328.79 10.7
329.51 2.1
331.83 5.9
333.51 8.2
334.24 3.5
338.94 25.2
339.76 4.7
340.37 4.5
342.22 4.9
343.17 102.9
344.13 44.7
345.20 10.0
347.75 4.8
353.04 451.5
353.83 72.8
362.45 1.5
363.17 2.4
384.57 1.9
387.25 2.7
388.54 7.2
392.86 1.5
395.29 1.8
404.31 10.5
413.36 3.8
415.37 1.6
420.44 9.7
421.11 2.7
423.88 1.4
430.70 2.3
434.03 13.8
435.12 1.8
438.33 42.2
439.39 9.8
442.31 5.1
444.51 6.2
446.51 1.3
447.54 3.7
448.24 2.0
449.34 15.7
450.89 6.4
452.32 4.2
463.30 1.4
465.31 98.5
466.43 20.8
467.25 3.4
468.26 32.5
469.55 2.1
475.38 47.1
476.61 20.2
477.28 3.2
479.33 2.0
481.79 3.1
483.78 8.6
485.53 6.1
489.88 2.8
493.30 257.7
494.37 71.8
495.30 2.3
497.52 3.9
500.38 4.4
501.39 24.8
505.59 1.3
512.37 1.7
529.02 2.1
530.39 5.6
550.32 3.9
557.60 3.8
564.28 20.7
565.32 3.0
577.51 3.1
581.35 409.6
582.37 80.0
592.36 7.7
593.23 7.1
595.45 1.4
608.20 3.9
609.38 10.3
626.32 1.6
644.30 5.2
645.28 6.0
670.44 6.6
688.79 1.5
695.64 1.6
699.48 2.4
700.69 4.5
