1940.93669 2
275.29 2.1
275.98 5.4
279.68 5.1
283.01 15.3
284.49 8.4
288.24 7.2
290.09 5.1
295.26 1.7
299.17 2.1
300.22 17.1
301.21 2.1
302.28 7.2
304.25 5.7
305.32 2.5
306.08 2.2
310.29 1.4
311.19 3.5
317.15 1.9
320.56 5.5
321.37 2.6
324.30 24.8
326.38 2.4
328.20 7.1
329.37 2.9
330.66 2.1
333.60 4.1
336.13 2.9
336.98 4.8
337.60 3.5
338.21 1.4
342.32 14.3
343.37 14.4
344.30 7.9
345.07 5.7
346.04 2.6
347.13 9.3
350.07 1.7
352.05 11.7
354.23 8.4
355.31 5.3
357.36 3.1
358.21 4.4
359.16 4.2
361.38 8.3
363.35 15.6
365.30 5.3
366.21 1.8
367.09 2.6
368.33 5.9
369.22 4.9
371.48 13.4
372.32 30.1
373.44 9.2
376.28 8.0
383.75 4.2
384.82 6.2
386.05 13.0
387.25 54.7
388.28 4.6
389.35 39.4
390.39 8.7
392.64 11.2
393.29 41.2
394.37 17.3
395.29 8.5
396.37 1.6
397.20 5.7
399.33 4.7
401.14 2.7
402.29 5.4
403.18 2.6
404.74 17.4
405.42 8.7
406.36 3.0
407.62 3.0
408.28 3.3
409.32 8.9
410.44 3.9
411.23 15.0
412.26 33.5
413.25 9.7
414.31 34.3
415.36 8.3
420.35 5.8
422.47 3.5
426.94 3.4
428.34 1.7
429.18 40.5
430.29 53.8
432.19 5.1
433.31 14.5
436.36 1.4
437.35 28.1
438.18 51.0
439.42 8.0
441.01 2.0
441.94 1.4
446.32 3.7
447.15 6.3
448.31 1.5
450.16 8.9
454.21 7.1
455.23 12.7
456.36 8.0
457.39 35.7
458.26 5.6
459.54 3.2
460.50 7.3
462.29 3.6
463.30 8.0
465.39 4.1
466.26 12.3
468.10 20.9
470.20 6.5
472.18 42.1
473.43 8.8
474.25 1.9
477.46 2.2
478.42 6.0
480.31 32.5
483.42 6.8
485.24 14.1
486.26 43.1
489.44 3.0
490.53 12.6
491.51 2.6
494.78 4.8
496.43 16.0
497.24 12.6
498.38 12.1
499.56 11.8
500.21 50.8
501.22 18.1
502.23 19.2
503.32 29.2
504.36 40.5
505.27 21.3
506.30 13.9
507.49 8.8
508.37 4.0
510.41 15.6
511.14 3.0
513.36 14.7
514.30 17.4
515.38 19.5
516.32 21.3
517.35 3.6
518.06 15.3
518.84 8.4
519.84 10.3
521.22 105.4
522.20 49.1
523.30 56.2
524.14 7.3
525.14 14.2
526.25 11.6
530.24 5.3
531.32 5.3
532.65 1.9
533.51 6.0
534.31 42.3
535.26 11.5
537.09 5.3
538.20 7.5
539.17 3.9
540.22 33.9
541.24 51.1
542.34 24.3
543.39 45.7
544.43 3.0
546.37 4.3
548.33 2.4
551.39 178.8
552.36 13.9
553.40 6.4
555.41 2.8
557.37 17.5
558.31 60.2
559.29 26.1
560.20 21.8
561.44 28.9
562.48 17.9
563.57 1.5
564.48 2.9
568.38 12.3
569.19 3.5
570.29 7.3
574.76 7.3
576.30 103.4
577.41 10.2
579.36 25.0
580.47 14.6
582.49 9.5
583.40 6.7
585.33 8.5
586.31 8.1
588.58 2.2
590.62 6.2
591.48 2.7
593.36 5.2
597.30 9.5
598.54 5.2
599.59 10.7
601.34 17.6
602.81 27.0
603.65 28.6
604.54 3.1
605.25 4.1
606.12 7.1
607.40 8.8
608.48 6.6
609.23 22.0
610.18 3.2
611.47 5.1
613.24 12.4
614.37 28.1
615.49 20.7
616.37 14.6
617.58 3.6
618.50 2.2
619.41 20.8
620.16 6.9
621.63 10.3
623.47 5.9
624.71 16.0
625.36 15.9
626.48 17.9
627.38 29.9
628.65 18.2
629.66 25.2
631.16 13.5
632.32 56.6
633.18 58.1
634.20 13.3
635.34 2.5
636.34 71.3
637.15 16.5
638.34 24.7
639.22 4.0
639.94 29.9
640.62 12.2
641.29 11.1
642.54 28.5
643.42 13.6
644.36 18.1
645.48 19.1
646.38 39.1
647.30 52.3
648.31 30.5
649.33 37.9
650.46 84.8
651.42 11.5
652.58 14.0
653.54 37.1
654.48 31.7
655.36 71.8
656.34 26.7
657.33 7.4
659.42 18.5
661.01 33.7
662.53 6.6
664.39 450.1
665.48 98.0
666.39 132.7
667.35 49.2
669.05 27.8
670.29 61.0
671.34 150.7
672.27 215.1
673.35 75.5
674.47 4.9
675.65 11.7
676.50 41.9
677.60 18.2
678.45 11.2
679.14 3.8
680.21 3.5
681.78 9.4
682.57 19.2
683.52 9.5
684.53 4.6
687.37 112.2
688.48 104.5
689.38 276.6
690.45 58.3
691.32 5.9
692.39 24.1
693.47 17.4
696.62 4.7
697.61 3.6
698.47 33.7
699.47 19.9
701.78 9.1
702.45 50.3
703.08 24.5
704.56 23.4
705.44 43.8
706.34 74.5
707.23 2.4
708.49 18.2
710.01 68.7
711.00 48.1
711.93 65.1
712.81 4.2
713.57 8.7
715.07 21.6
715.89 6.5
717.51 18.0
718.51 54.5
719.55 28.7
720.46 16.0
722.46 10.5
723.49 15.3
724.71 39.2
725.58 47.0
726.70 43.0
728.13 11.7
729.46 3.1
730.55 10.9
731.62 8.4
732.56 29.0
733.60 76.4
734.74 67.9
735.56 10.1
736.40 6.3
737.22 18.2
737.95 27.7
739.37 27.6
740.28 18.5
741.61 94.7
742.33 42.4
743.23 15.7
744.74 16.2
745.84 24.2
746.79 28.5
747.62 42.0
748.59 29.1
749.68 15.0
750.62 14.2
752.19 70.1
752.96 40.9
753.62 10.1
754.64 25.0
755.62 73.0
756.65 13.0
757.54 69.2
758.40 12.8
759.58 5.6
760.52 32.1
761.46 91.1
762.49 97.1
763.67 47.3
765.35 87.0
766.28 155.2
767.15 85.1
767.95 38.4
768.93 48.0
769.78 39.5
770.43 36.3
771.43 19.4
772.26 23.8
773.19 37.8
774.17 34.0
775.15 413.6
776.21 56.7
777.03 51.6
778.16 15.4
779.47 427.0
780.54 90.5
781.69 55.3
782.68 65.9
783.39 88.3
784.18 195.9
785.38 57.2
786.42 25.4
787.26 28.7
788.32 17.1
789.66 47.3
790.60 66.8
792.03 200.0
792.98 10.6
794.63 30.8
795.75 25.4
796.64 3.6
797.94 56.7
799.04 167.5
800.30 177.3
801.41 186.3
802.48 42.8
803.48 91.9
804.39 177.1
805.38 54.3
806.42 7.1
807.39 7.9
808.75 52.0
809.46 39.4
811.02 20.4
812.43 113.9
813.92 17.1
814.59 10.8
815.56 14.5
816.57 23.5
817.69 70.9
818.43 94.6
819.64 75.7
821.34 362.1
822.50 240.1
823.72 23.3
825.06 33.1
826.13 204.8
827.03 7.2
828.26 7.9
829.48 6.1
830.85 195.2
831.68 342.7
832.69 120.8
833.48 73.9
834.63 163.2
835.52 35.2
836.48 1.8
837.74 50.3
838.56 37.6
839.81 1046.9
840.55 425.7
841.71 24.4
842.47 10.2
843.54 36.4
844.60 30.2
846.70 48.5
847.59 104.6
848.70 1647.7
849.85 35.9
850.62 51.6
851.50 53.3
852.51 21.4
853.74 20.8
854.68 16.2
855.70 98.8
856.72 29.8
860.01 53.8
860.67 86.6
861.52 137.5
862.47 48.3
863.37 4.6
864.55 6.0
865.46 13.0
866.22 7.6
867.28 3.6
868.39 41.6
869.48 18.2
870.86 4.7
872.84 10.3
873.96 69.7
874.62 31.7
875.52 26.0
876.85 12.4
878.50 1748.6
879.47 465.4
880.65 5.3
881.91 66.8
882.76 349.0
883.67 8.0
884.51 26.3
885.61 44.3
887.43 355.5
888.12 207.6
888.74 54.3
889.64 6.9
891.22 468.7
892.51 30.6
893.67 19.1
894.55 1.7
896.29 1557.7
897.08 684.5
898.20 53.6
899.04 25.1
900.45 34.4
901.70 18.4
903.38 5.5
904.99 1372.5
905.59 1065.9
907.19 17.6
908.53 15.5
909.35 3.3
911.02 6.1
911.68 10.1
913.35 81.2
914.50 130.9
915.48 24.3
916.40 8.0
917.34 29.7
918.44 13.5
919.44 14.5
921.36 21.2
922.54 21.5
924.43 55.5
925.69 19.1
926.60 27.1
927.77 24.9
928.59 4.6
929.44 10.9
931.46 116.9
932.39 62.2
933.42 204.3
934.36 89.7
935.33 9.3
936.29 21.9
937.08 4.6
938.52 23.9
940.00 42.2
940.70 27.5
941.55 5.3
943.46 4.2
944.85 51.1
945.53 52.5
946.46 49.3
947.69 36.7
948.61 64.0
950.35 711.2
951.54 192.4
953.40 335.7
954.15 841.0
955.50 6.1
956.14 5.0
956.90 2.9
957.90 3.1
970.45 5.7
972.60 3.6
973.73 3.9
974.68 2.9
975.63 2.9
977.52 1.4
980.50 4.6
981.75 8.5
984.81 3.5
985.65 2.9
986.37 4.5
989.97 11.8
991.58 491.3
992.58 189.4
993.59 17.0
994.54 6.1
996.06 3.9
997.82 10.7
998.53 7.4
999.14 1.9
999.81 6.4
1000.62 3.9
1001.91 4.0
1004.90 9.2
1006.56 4.1
1007.51 61.9
1008.38 12.3
1009.89 9.9
1010.59 15.5
1011.56 2.3
1012.61 15.9
1013.50 43.6
1014.52 32.1
1015.48 42.5
1016.35 5.8
1017.37 17.7
1021.67 3.0
1022.51 1.4
1024.55 5.9
1025.44 24.7
1027.53 2.9
1028.71 43.4
1029.54 58.1
1030.54 75.1
1031.60 20.9
1032.49 26.9
1034.25 12.2
1035.62 43.2
1036.48 10.8
1039.67 7.6
1040.87 13.1
1042.48 6.0
1043.40 2.7
1045.37 64.3
1046.45 305.4
1047.57 96.5
1049.48 9.7
1050.42 7.2
1052.08 15.2
1052.83 2.4
1053.66 1.8
1054.54 4.5
1055.64 4.0
1059.71 12.7
1060.88 9.4
1063.48 856.2
1064.55 232.8
1065.70 9.9
1067.25 5.4
1068.72 21.8
1069.80 2.5
1071.53 2.7
1074.75 1.3
1075.44 15.9
1076.44 18.5
1077.86 4.1
1081.72 2.8
1082.94 4.4
1083.63 4.0
1085.35 11.4
1086.63 12.5
1088.70 4.7
1092.79 7.2
1093.56 38.9
1094.45 28.5
1096.47 2.9
1100.62 10.6
1102.54 74.1
1103.64 86.4
1104.66 44.9
1105.74 2.3
1106.55 9.5
1107.66 5.5
1108.55 8.8
1110.79 21.3
1111.62 6.7
1112.45 9.3
1113.43 1.3
1117.56 6.4
1118.53 6.7
1120.58 1694.5
1121.61 586.3
1122.65 32.4
1125.48 15.0
1126.49 26.4
1127.48 16.4
1128.50 67.2
1129.45 22.0
1130.41 6.3
1131.26 4.6
1136.18 14.3
1137.11 9.4
1138.48 70.3
1139.56 39.1
1141.44 11.5
1142.82 3.7
1143.72 18.1
1145.17 128.1
1145.78 70.9
1146.67 56.6
1148.68 13.2
1149.50 7.5
1150.71 8.6
1151.54 18.4
1153.33 16.0
1154.35 7.5
1155.65 16.7
1157.03 5.0
1157.97 4.3
1159.68 18.9
1160.86 12.1
1162.54 158.6
1163.56 72.1
1164.74 20.4
1166.88 8.7
1167.60 9.8
1168.32 11.3
1169.93 3.9
1171.36 1.4
1172.08 6.2
1174.21 12.8
1175.98 7.6
1177.68 135.9
1178.52 49.7
1179.29 14.9
1180.01 8.0
1180.83 8.5
1181.73 6.0
1182.85 9.6
1183.84 4.5
1188.66 31.3
1189.67 27.7
1194.56 2.9
1195.31 3.2
1197.46 2.2
1198.33 2.3
1200.94 2.3
1204.48 2.3
1206.97 10.5
1208.97 4.0
1210.00 4.4
1211.73 4.8
1212.81 8.6
1213.95 3.2
1214.98 12.9
1215.67 11.0
1216.84 6.0
1218.48 2.6
1219.75 6.0
1222.72 31.6
1223.64 13.4
1224.69 9.6
1229.15 5.2
1230.56 3.5
1231.40 13.1
1232.02 6.8
1233.01 22.4
1233.88 11.1
1234.79 13.0
1236.88 4.7
1238.36 4.1
1239.59 27.4
1240.66 14.8
1241.74 60.2
1242.59 9.0
1243.70 1.9
1246.66 24.1
1247.80 3.3
1249.09 8.5
1249.83 31.8
1250.83 20.5
1251.81 17.0
1252.82 27.6
1253.82 6.6
1254.69 24.9
1255.52 14.9
1256.76 2.6
1258.65 12.4
1259.62 58.3
1260.60 64.7
1261.66 32.0
1262.75 2.8
1263.79 12.9
1264.70 8.0
1265.76 10.6
1266.73 33.4
1267.64 17.8
1268.84 5.4
1271.48 3.3
1273.73 31.8
1274.77 33.1
1275.71 17.5
1276.33 5.0
1277.60 133.2
1278.60 85.3
1279.30 1.4
1279.94 7.1
1280.75 2.6
1282.22 29.5
1283.88 4.1
1284.75 2.7
1285.41 1.9
1291.08 43.0
1291.70 332.5
1292.73 229.3
1293.80 22.7
1295.61 13.7
1296.72 13.3
1297.62 11.1
1299.42 6.0
1307.62 1.9
1308.86 14.5
1309.69 9.5
1311.16 11.5
1312.42 3.2
1314.55 1.3
1316.87 2.3
1319.79 4.5
1320.83 1.9
1321.56 3.2
1324.78 6.2
1325.77 2.3
1326.72 9.7
1327.80 5.8
1332.65 4.8
1333.86 4.9
1335.78 14.2
1336.54 1.4
1337.41 14.5
1338.56 15.4
1340.51 2.4
1342.65 4.0
1343.48 1.6
1344.30 4.3
1345.74 4.8
1347.40 4.9
1350.14 5.8
1351.55 6.1
1352.45 22.0
1353.52 15.0
1354.52 17.0
1355.78 7.9
1356.56 6.4
1358.55 4.6
1359.75 5.9
1360.58 8.2
1361.68 6.4
1362.73 10.7
1363.85 4.5
1365.06 3.0
1367.04 2.5
1367.70 1.4
1368.82 13.6
1369.68 2.8
1370.84 4.5
1373.14 40.7
1373.91 7.5
1375.02 2.9
1375.63 2.4
1376.86 11.9
1378.24 45.1
1379.04 1.6
1379.96 8.7
1380.70 47.7
1381.47 5.8
1382.15 11.0
1383.58 3.0
1384.71 4.0
1385.70 2.7
1386.88 7.1
1390.58 21.1
1391.80 37.2
1392.72 13.4
1394.25 7.1
1395.55 28.5
1396.61 26.2
1397.66 10.4
1398.87 8.5
1402.71 30.9
1403.80 50.0
1404.65 4.5
1405.26 3.3
1409.80 2.8
1411.85 15.6
1414.90 2.9
1417.82 9.4
1418.68 8.0
1420.11 9.1
1420.74 502.2
1421.72 136.1
1422.42 22.6
1424.14 2.1
1425.75 1.3
1430.53 5.1
1431.61 8.5
1435.64 13.6
1436.55 2.7
1437.79 18.7
1438.81 8.3
1439.47 7.3
1441.14 4.5
1444.84 2.7
1446.73 10.1
1447.43 2.1
1448.03 2.6
1449.62 5.1
1450.60 27.5
1451.98 2.6
1452.89 7.3
1454.45 3.5
1458.01 3.5
1459.30 2.5
1463.77 16.2
1465.36 5.7
1466.02 1.9
1466.85 3.7
1467.71 29.5
1468.87 33.5
1469.72 2.6
1470.90 2.5
1471.77 9.4
1474.86 4.1
1475.79 2.0
1476.66 3.7
1477.87 2.9
1479.19 1.4
1481.83 7.3
1482.89 8.6
1484.74 5.0
1486.07 1.6
1487.47 23.8
1488.13 4.7
1488.75 1.8
1490.14 10.3
1490.99 6.8
1492.09 8.4
1492.74 6.3
1494.67 10.8
1495.84 9.2
1504.64 21.2
1505.53 14.6
1507.06 5.6
1509.18 35.8
1509.92 20.9
1510.65 27.5
1513.96 6.1
1515.95 6.6
1516.72 3.7
1519.76 12.8
1520.89 4.4
1522.00 8.5
1523.76 5.2
1524.70 4.1
1526.48 10.7
1528.74 5.9
1530.88 44.2
1531.81 69.7
1532.77 57.8
1533.86 16.2
1534.53 3.1
1548.75 512.8
1549.77 272.7
1550.95 17.7
1551.84 2.8
1561.70 8.9
1562.60 14.4
1564.17 2.1
1565.33 14.4
1565.98 10.6
1566.89 17.0
1567.94 5.3
1578.14 5.8
1578.83 19.5
1579.73 13.6
1580.50 5.7
1581.99 2.2
1584.05 2.0
1593.80 4.9
1596.63 1.7
1597.75 6.3
1607.74 3.5
1621.67 6.1
1624.72 5.9
1626.11 2.6
1638.62 3.3
1640.06 2.3
1642.85 13.3
1645.73 2.1
1648.31 2.2
1650.33 3.6
1660.82 1.6
1661.94 10.4
1662.85 9.6
1665.00 2.6
1665.88 3.6
1676.77 6.2
1677.73 19.1
1678.83 80.6
1679.87 62.1
1680.91 2.0
1693.08 1.5
1695.25 18.6
1695.85 153.8
1696.88 133.8
1697.93 5.4
1706.88 2.8
1710.30 3.6
1737.09 1.5
1791.80 4.5
1808.74 7.2
1810.04 5.6
1810.87 2.3
1822.06 2.9
1823.91 1.2
