1179.60161 2
168.13 1.0
175.10 32.6
176.08 5.2
178.21 1.5
181.16 1.3
181.92 1.5
184.09 3.9
184.97 1.7
187.08 1.7
193.20 2.8
197.27 8.9
199.15 1.4
200.09 5.0
202.17 193.3
203.15 15.6
211.18 3.1
214.03 9.0
215.30 18.2
216.20 1.5
219.23 2.5
220.25 15.2
223.17 2.9
225.16 6.2
227.39 6.0
230.06 6.9
231.01 2.0
232.24 182.1
233.21 4.0
234.28 9.2
241.27 7.2
242.27 4.8
243.27 9.5
244.34 2.9
245.39 2.4
247.19 40.4
248.22 5.0
251.04 1.0
256.20 2.1
257.29 1.6
259.00 29.7
261.16 4.2
265.22 375.0
266.25 17.2
267.19 7.1
268.30 9.0
269.99 3.2
273.43 4.9
275.18 25.6
276.16 21.3
278.31 3.2
283.98 1.2
285.33 4.2
286.14 13.9
290.22 2.4
293.15 501.8
294.18 53.4
295.02 1.3
295.99 1.2
300.87 1.3
303.23 412.9
304.35 31.2
307.98 2.7
308.77 5.3
310.13 3.3
311.23 10.0
314.60 15.6
315.27 2.6
319.80 2.4
320.45 2.0
322.95 1.8
324.60 12.1
325.45 6.8
327.38 3.0
330.32 1.2
331.38 3.6
333.15 3.7
336.36 6.9
337.15 4.2
341.38 1.5
343.30 14.3
344.35 8.7
348.33 1.2
350.36 2.5
352.22 2.6
353.28 50.2
354.36 11.9
355.38 7.1
356.24 2.4
359.29 3.2
360.25 10.3
360.88 2.5
362.26 2.2
363.22 8.0
364.73 8.2
369.18 13.9
371.19 44.9
372.35 34.2
373.40 3.3
375.24 5.5
376.06 3.2
377.29 5.9
378.28 17.0
379.86 6.8
380.96 6.6
382.25 7.1
383.50 4.1
385.29 1.4
386.24 7.3
387.53 17.7
389.13 5.7
393.08 1.6
394.24 7.8
395.35 9.9
397.10 5.4
399.34 6.7
404.31 1389.7
405.26 152.6
406.15 25.3
407.42 10.0
408.08 4.9
410.27 2.1
412.46 1.5
414.30 1.8
416.14 5.1
418.42 3.6
420.35 14.4
422.14 348.2
423.11 60.8
424.11 1.7
426.93 12.9
429.81 19.9
433.96 4.5
435.44 9.3
436.14 6.3
437.15 1.2
438.41 9.2
439.23 9.8
440.89 4.5
442.50 21.0
443.28 2.8
444.36 24.1
445.05 2.5
446.00 9.3
447.86 4.7
449.19 5.5
454.26 6.0
455.05 2.5
456.40 16.3
457.20 4.1
458.05 1.7
459.97 1.1
460.95 4.5
462.44 4.6
464.49 1.7
465.31 3.4
466.27 21.4
467.46 19.1
468.91 38.1
471.43 4.5
472.16 1.8
473.26 5.8
474.02 15.7
476.10 68.1
477.14 3.5
478.37 2.0
480.34 2.3
482.06 13.6
483.39 7.6
484.47 15.0
487.51 19.9
489.28 20.6
490.16 16.0
491.26 4.5
493.39 5.2
494.55 10.6
495.17 4.4
495.90 16.3
496.94 12.8
497.87 7.5
499.51 51.8
500.30 1.7
501.67 9.1
502.56 7.5
503.17 9.1
504.29 40.9
506.67 4.9
507.32 79.9
508.42 20.2
509.17 8.2
510.69 54.6
511.33 12.5
512.33 7.0
513.83 6.6
514.67 25.3
516.02 33.3
517.36 974.6
518.46 180.1
519.54 4.2
520.43 3.4
524.09 160.6
525.09 20.1
526.43 168.0
528.27 9.0
529.71 13.2
530.47 1.8
531.29 4.5
532.74 78.7
533.48 43.6
535.23 380.8
536.38 54.0
537.24 1.0
538.74 5.0
539.83 6.1
543.15 8.9
544.38 22.3
545.52 5.7
546.47 31.7
547.39 14.4
548.65 4.1
550.07 15.8
550.97 32.1
552.25 11.0
554.13 7.4
555.49 23.4
556.35 11.0
557.78 1.4
559.56 114.6
560.61 21.1
562.55 5.1
563.31 6.5
564.15 13.7
566.61 8.6
567.67 32.3
568.49 276.8
572.61 628.6
573.39 130.9
574.19 10.5
575.36 2.0
576.30 1.4
577.38 5.3
578.81 23.9
579.45 2.9
581.50 1013.7
582.47 47.0
583.96 1.1
595.29 1.5
596.08 3.7
600.09 2.3
601.77 8.4
602.43 9.1
603.34 8.0
606.33 2.2
609.39 3.2
613.49 1.0
617.44 9.2
618.55 7.8
620.57 9.1
621.41 1.6
622.51 4.7
623.47 2.3
626.40 2.0
627.52 65.5
628.51 102.5
629.44 25.8
630.50 14.9
633.56 8.7
635.39 17.6
636.35 11.5
638.01 6.5
643.38 1.3
645.41 1114.5
646.41 246.5
647.38 14.8
648.36 49.3
649.40 2.3
652.42 7.4
656.57 1.2
659.47 7.0
661.39 7.5
663.34 283.4
664.35 41.1
667.53 3.2
674.13 8.8
675.35 2.2
677.70 2.9
678.41 1.1
680.52 3.7
684.13 1.0
687.43 3.1
688.38 1.6
689.54 9.3
691.02 2.3
696.43 11.1
697.48 2.2
701.13 4.0
706.36 2.4
707.32 6.4
713.25 8.3
723.28 4.4
729.36 1.4
730.74 16.1
731.54 19.3
732.43 2.4
734.38 9.9
735.36 1.9
738.63 6.2
740.39 25.8
741.45 28.7
742.70 6.5
743.57 2.7
746.38 28.1
747.68 6.9
748.32 31.1
749.27 15.6
749.99 2.4
751.94 6.5
755.48 1.7
758.47 568.2
759.47 211.2
760.42 9.0
764.26 11.3
765.55 7.1
766.48 4.5
770.42 1.9
772.58 1.7
776.38 417.9
777.50 116.7
785.35 15.5
792.00 7.6
798.61 4.2
799.29 1.8
800.54 2.0
801.52 7.9
803.01 7.8
806.38 1.0
808.59 3.2
814.51 1.1
815.50 6.1
817.51 12.3
818.54 8.7
819.43 2.7
821.19 7.6
825.14 3.2
828.91 2.4
832.34 1.1
833.65 7.1
835.19 20.3
836.51 9.4
841.24 5.6
842.56 7.9
843.34 10.3
848.60 5.9
849.44 12.7
856.37 6.0
859.44 77.7
860.32 31.6
861.32 7.2
869.55 47.8
870.56 90.4
871.55 17.2
874.40 5.4
875.43 3.9
877.45 194.2
878.49 100.9
886.34 1.0
887.56 1179.8
888.53 341.8
889.15 5.8
892.44 2.6
902.60 6.2
904.59 4.3
909.44 3.8
912.38 2.1
913.58 4.2
914.52 4.9
920.25 15.0
930.55 56.7
931.47 31.9
932.53 16.3
933.40 5.4
934.62 1.4
935.90 1.9
937.23 5.1
939.85 1.4
948.43 219.0
949.46 48.4
950.59 10.4
960.42 6.9
967.76 10.8
970.44 1.9
972.51 1.8
973.50 2.4
983.34 2.2
987.57 12.9
988.62 10.8
989.49 3.7
998.55 8.9
1005.59 40.7
1006.59 8.3
1007.26 12.5
1016.60 34.7
1017.68 9.1
1026.16 1.4
1026.80 1.4
1027.58 3.9
1046.47 1.0
1051.30 1.3
1052.45 4.1
1141.49 14.5
1142.52 27.1
