1230.60124 2
173.12 2.2
176.05 2.1
177.98 2.1
182.16 5.9
183.08 1.0
186.04 1.4
187.04 4.0
197.15 9.8
199.12 2.8
200.10 8.2
201.37 1.3
202.14 4.7
203.13 1.2
209.02 1.1
211.15 5.8
213.16 2.8
216.24 4.3
218.40 4.1
219.26 1.8
221.25 2.6
222.28 13.6
223.22 3.9
225.97 14.6
228.29 1.6
229.20 8.1
233.17 3.1
234.15 2.2
235.37 5.2
242.20 14.0
243.46 9.0
244.30 12.0
245.14 5.4
247.16 8.6
250.35 5.9
257.25 3.6
260.12 24.5
261.46 1.5
262.34 2.8
264.46 1.5
265.14 3.6
265.91 4.9
268.30 1.6
270.57 4.2
272.07 1.9
274.07 1.5
275.27 7.1
276.19 7.0
277.94 1.2
279.21 4.1
283.07 5.2
284.18 1.6
285.26 1.9
286.18 1.5
288.37 5.6
290.05 5.7
291.29 4.5
291.92 3.3
294.47 3.8
295.10 3.4
295.93 1.8
298.16 8.6
299.18 1.8
301.16 3.5
303.32 2.5
304.04 2.5
305.14 1.4
310.12 3.6
315.17 3.3
316.33 6.1
317.33 2.3
321.34 7.9
322.90 8.0
324.58 3.3
325.39 3.7
326.15 2.4
327.04 5.1
330.29 9.2
331.98 7.0
336.19 12.4
336.95 3.6
338.41 3.2
339.45 5.2
341.32 8.1
342.27 1.3
343.43 11.0
345.16 15.4
346.03 3.9
348.04 11.3
349.55 1.0
350.38 11.4
351.26 4.0
352.22 11.2
353.28 10.3
354.14 4.0
355.38 12.4
357.20 6.0
358.33 9.3
360.32 15.4
361.33 71.3
362.34 10.6
363.28 1.4
365.21 34.2
366.17 10.1
367.20 26.3
368.21 7.8
369.27 7.3
371.77 2.6
375.59 6.3
377.48 3.5
378.26 21.5
380.32 7.7
381.17 3.5
383.33 36.8
384.19 9.6
385.28 2.8
386.17 1.0
387.59 35.6
388.35 7.0
389.34 4.1
390.60 2.9
393.34 2.6
395.23 27.8
396.65 10.4
397.36 2.6
398.46 8.1
400.26 2.3
401.12 3.3
402.35 3.0
404.45 11.1
405.30 14.8
406.07 3.5
407.11 8.4
408.28 1.1
409.23 4.8
410.45 8.6
411.16 4.3
413.22 19.6
414.39 2.3
415.40 5.8
416.27 8.6
417.35 5.0
419.42 2.5
420.15 4.9
424.06 12.9
425.44 8.3
426.24 1.5
428.29 12.3
429.85 11.0
430.68 8.4
431.48 9.4
432.38 2.4
433.44 6.7
434.33 4.1
437.36 18.9
438.34 27.2
439.30 8.9
441.32 5.2
442.82 12.0
443.45 27.0
444.33 10.0
444.97 5.4
448.52 5.0
451.33 2.7
452.25 20.0
453.06 16.1
454.27 3.0
455.30 15.5
456.37 4.6
457.49 9.6
458.64 9.2
459.33 4.7
460.24 9.1
461.16 17.4
463.27 4.4
464.34 6.5
465.22 21.9
467.31 2.3
468.53 16.0
469.32 10.7
470.37 8.3
471.31 3.1
472.74 8.4
473.43 9.5
474.04 1.3
475.24 21.2
476.59 1.1
477.53 28.9
478.71 12.3
480.11 3.2
481.36 12.8
482.40 9.3
483.43 18.8
484.17 13.4
485.04 14.9
486.31 22.7
487.10 6.4
489.26 6.5
490.10 6.0
491.89 18.6
492.71 6.3
493.34 9.6
494.31 24.7
495.38 3.8
496.32 4.0
497.19 16.5
498.41 5.9
499.51 13.6
500.24 5.3
501.22 22.7
502.24 24.8
503.02 9.4
503.89 1.2
504.69 6.4
506.56 8.8
507.64 24.7
508.47 35.5
509.26 27.8
510.23 11.9
511.06 31.8
511.95 33.5
514.18 4.8
515.26 22.1
516.23 4.3
517.40 1.9
518.72 9.8
520.15 47.6
521.01 40.1
521.82 13.7
523.65 20.9
524.29 8.0
524.99 29.0
526.17 32.8
527.30 32.6
528.73 9.1
529.94 322.6
530.90 12.4
531.58 1.6
533.34 72.6
534.06 60.7
535.45 3.6
536.14 8.4
538.58 1.5
539.33 13.1
540.40 8.7
541.73 25.9
542.48 141.4
543.42 31.8
544.58 2.8
545.52 6.6
546.56 11.8
548.51 2.1
550.12 34.1
551.27 51.2
552.30 74.1
553.42 28.4
554.74 32.5
555.81 27.9
556.63 12.1
557.71 11.5
558.48 9.0
559.43 9.9
560.37 4.3
561.88 7.1
563.02 28.4
564.47 13.9
565.49 125.6
566.36 1.7
567.13 8.6
568.96 11.8
570.27 13.6
571.21 66.6
572.11 57.8
573.52 16.3
574.55 4.2
575.28 25.1
575.97 77.0
576.82 8.8
577.46 19.7
578.20 13.1
579.62 22.4
580.39 34.3
581.33 17.3
582.66 14.6
583.29 10.8
584.63 343.4
585.42 121.5
586.35 5.3
587.44 11.5
588.72 52.7
589.59 87.4
590.52 6.6
591.37 40.4
592.43 1.5
593.98 627.1
595.11 2.9
597.67 1069.8
598.44 292.3
599.42 6.7
600.57 8.0
601.20 11.3
602.34 1.3
603.62 27.2
604.63 14.2
606.67 1149.2
607.45 272.5
608.55 4.6
621.12 4.4
623.30 3.1
624.44 32.5
625.32 10.6
629.60 8.1
632.60 4.7
634.19 1.9
637.47 6.6
640.17 7.2
642.76 4.1
643.47 1.4
644.51 1.1
645.40 3.0
646.32 2.3
647.59 2.1
653.59 2.1
654.36 4.7
656.60 1.8
658.42 14.7
660.36 4.5
665.52 5.0
666.45 3.7
668.40 1.8
669.31 20.0
670.67 2.2
671.40 5.6
676.44 3.8
677.84 2.1
679.89 2.8
681.12 3.0
682.42 1.5
683.42 1.7
685.46 3.0
686.34 2.0
687.51 14.6
689.13 1.3
689.73 3.6
690.54 4.2
691.40 5.0
696.85 6.0
697.89 9.0
702.21 18.9
702.88 1.5
704.70 3.1
705.35 3.7
710.98 8.6
711.86 5.5
712.54 3.8
713.53 2.5
714.45 5.5
715.40 3.7
717.62 1.7
718.44 3.3
719.33 8.6
720.10 4.7
722.41 18.9
723.43 12.5
724.24 12.1
725.08 2.4
726.69 13.9
727.52 4.5
729.34 5.9
730.49 16.5
731.50 8.4
736.01 2.0
737.37 4.4
739.40 1.2
740.24 4.4
744.53 27.1
746.83 11.7
749.43 2.5
750.40 5.6
751.85 3.6
756.55 1.4
757.52 1.6
758.40 1.1
760.49 2.9
762.60 14.9
763.36 4.2
765.30 2.0
765.99 2.2
766.62 1.5
767.66 3.8
771.31 51.8
772.47 9.8
774.34 19.6
775.12 14.6
777.45 5.7
779.32 3.9
781.40 26.8
782.07 1.7
783.96 2.0
786.35 2.2
787.28 8.8
788.46 5.7
789.53 12.2
795.57 3.0
799.76 21.1
801.96 5.0
803.46 3.2
807.47 1.9
808.78 20.2
810.36 7.0
813.55 17.6
814.48 7.9
815.26 10.4
816.44 3.1
818.02 4.4
818.65 1.0
819.36 10.7
820.37 5.5
824.41 104.1
825.31 56.2
826.39 11.8
827.58 9.5
828.51 4.3
830.44 2.1
835.32 5.6
836.54 45.2
837.46 6.9
839.35 6.1
840.64 39.6
841.70 19.0
842.52 20.0
845.47 1.8
848.36 10.1
852.47 7.0
853.51 13.3
854.44 12.6
855.51 3.6
858.43 92.2
859.44 34.8
860.59 2.3
862.70 3.9
867.25 2.2
868.47 1.1
870.32 192.0
871.39 41.6
872.73 1.3
874.15 3.5
877.51 4.3
883.48 9.4
884.50 15.3
887.45 2.2
888.52 10.3
889.40 1.3
890.69 6.5
891.71 9.3
894.98 2.8
895.66 5.2
898.43 3.5
902.53 3.1
904.46 10.3
908.23 2.3
909.43 10.5
910.58 1.6
911.76 1.7
912.54 17.1
913.51 9.2
914.52 7.4
917.18 1.6
918.59 2.6
923.21 2.5
925.22 1.5
927.44 52.9
928.34 9.0
930.55 17.8
931.48 6.3
936.46 4.7
937.32 2.0
939.27 2.3
942.87 7.3
943.63 24.8
947.77 7.5
948.57 3.5
949.88 4.1
951.28 6.7
953.39 118.7
954.55 31.3
955.36 3.5
956.72 3.4
965.64 7.1
967.92 12.7
969.51 42.7
970.37 28.0
971.43 274.7
972.40 40.4
976.69 2.3
979.63 2.5
982.57 4.6
983.42 11.0
985.58 2.0
987.47 30.7
988.46 32.6
996.31 21.7
997.31 1.8
1002.61 5.8
1003.76 44.0
1009.23 3.2
1012.46 14.9
1013.78 4.0
1014.59 13.1
1015.42 3.6
1021.77 1.2
1023.31 12.7
1037.52 4.9
1040.55 139.4
1041.47 49.5
1042.69 1.2
1045.38 4.5
1048.50 13.6
1049.67 2.8
1050.78 1.3
1055.54 10.1
1056.54 67.4
1057.72 37.7
1058.57 104.8
1059.61 66.2
1066.51 52.5
1067.50 53.0
1068.66 10.6
1082.51 5.7
1083.88 19.7
1084.54 262.8
1085.62 148.4
1089.67 1.7
1100.64 5.6
1101.82 12.8
1102.59 73.5
1103.64 33.1
1111.92 3.7
1112.54 3.5
1114.76 2.9
1130.75 3.4
1132.01 2.1
1140.46 7.0
1165.67 1.5
1173.74 9.2
1174.50 1.6
1176.31 1.9
1191.00 19.6
1191.80 28.1
1193.80 1.2
1207.54 4.6
1208.90 2.2
