1368.58684 2
196.29 3.8
205.12 2.8
207.17 2.0
210.23 6.1
212.28 3.5
221.23 7.0
223.08 2.0
225.07 2.1
226.17 3.1
230.24 2.2
238.09 2.7
240.51 2.2
241.90 2.6
245.37 1.4
246.59 4.6
250.92 5.5
252.28 1.9
254.27 2.7
255.18 1.6
257.31 1.8
261.06 1.6
266.16 8.4
267.08 3.0
268.09 8.0
276.93 2.1
281.10 4.8
284.26 2.4
285.33 2.7
287.54 2.3
288.23 7.7
295.05 8.5
296.20 6.1
298.21 2.5
300.29 2.1
301.35 3.5
304.22 1.2
306.38 5.6
322.11 2.7
325.15 36.0
326.28 6.1
326.99 2.8
341.03 173.6
342.16 41.4
346.28 7.6
347.32 12.5
349.40 1.2
351.92 2.8
355.09 40.1
356.07 13.7
358.77 6.0
359.95 4.5
361.07 6.0
364.21 8.4
366.80 2.9
370.88 1.2
373.11 2.3
377.41 2.1
378.12 11.5
382.18 1.0
390.15 1.4
396.35 4.5
400.57 6.4
401.19 6.0
402.01 1.5
407.22 3.9
410.18 3.0
413.17 1.3
416.33 5.9
417.54 7.7
421.01 2.7
422.19 2.0
423.30 1.4
424.25 2.7
427.25 2.3
429.06 207.3
430.20 52.7
433.13 1.3
435.40 4.3
436.27 2.9
437.13 3.4
438.27 8.3
439.24 5.6
440.83 10.5
441.97 3.8
443.44 4.1
445.20 2.7
454.22 3.0
455.90 7.2
459.27 1.2
463.20 16.0
465.54 1.4
472.30 2.8
473.26 5.2
474.37 2.4
475.35 1.8
477.15 2.0
486.24 1.7
488.97 9.7
490.70 2.3
491.51 1.6
494.29 3.5
496.41 7.3
498.27 15.8
499.10 3.9
501.15 1.6
502.45 3.2
504.48 8.1
507.32 5.1
509.52 1.3
511.40 2.1
512.87 3.7
514.25 2.9
515.12 2.2
520.47 7.1
523.39 7.9
524.28 8.3
526.46 3.0
528.62 3.2
530.23 6.0
534.30 7.9
535.36 9.4
537.48 2.8
538.82 4.1
542.77 6.5
545.30 2.4
548.96 17.0
551.37 74.7
552.33 14.1
555.44 7.2
556.24 4.8
557.50 7.2
558.50 1.4
559.35 1.5
560.60 1.5
569.31 1.8
570.12 6.0
571.08 7.8
571.72 1.9
574.44 33.5
575.23 7.4
576.38 11.4
577.26 8.6
578.50 12.1
579.29 14.2
580.18 4.2
581.57 2.6
583.15 1.8
585.43 7.2
587.34 3.0
588.62 10.8
590.97 11.3
592.20 8.4
593.36 2.7
594.41 2.8
595.34 7.5
595.96 8.1
598.38 9.4
599.06 5.8
601.56 16.2
602.94 11.6
603.57 1.5
604.61 11.3
606.92 4.8
608.67 1.1
610.45 7.5
611.31 3.4
613.99 5.3
616.01 5.3
618.53 13.3
619.41 8.6
620.98 7.2
622.56 4.7
623.59 5.8
625.45 2.0
627.74 29.1
628.60 4.1
629.50 5.1
630.62 23.7
631.26 6.3
632.03 23.8
632.69 17.3
633.96 9.4
637.44 43.2
638.33 6.2
639.96 14.5
641.34 11.0
642.37 10.1
643.15 6.8
644.85 27.7
646.00 18.4
647.06 15.4
649.23 21.3
649.83 6.9
650.49 3.5
651.22 2.4
652.43 25.9
653.05 27.0
654.80 53.5
655.49 48.8
657.75 9.7
658.78 31.4
659.59 31.4
660.47 12.2
661.21 27.5
662.58 14.1
663.46 54.1
664.28 1.9
665.50 7.9
666.76 149.5
667.59 157.4
668.26 54.6
670.49 7.9
672.39 28.1
673.28 14.4
675.91 69.7
676.60 2.0
692.41 2.8
708.35 12.5
710.15 7.2
711.14 3.3
717.51 6.0
718.47 2.7
724.93 3.1
729.52 2.7
734.27 2.9
734.90 3.0
735.62 11.9
739.38 1.5
740.42 2.7
743.55 9.3
757.99 6.0
760.46 1.9
763.38 3.2
764.23 3.5
771.36 1.5
773.62 1.9
774.56 2.8
775.57 5.0
776.60 10.7
777.74 12.6
778.39 2.6
781.85 15.0
782.92 4.1
786.60 5.3
792.60 1.3
795.46 17.2
796.17 1.6
803.24 1.1
808.31 3.2
812.70 5.2
816.71 4.6
818.30 4.7
820.32 1.8
825.54 1.3
826.98 3.0
828.46 1.4
832.60 2.2
833.29 4.5
836.36 2.8
838.63 5.5
840.58 3.8
844.68 2.5
850.39 7.4
854.74 3.2
864.51 3.6
866.47 3.8
867.76 11.9
877.51 7.3
878.15 8.5
879.40 2.7
886.18 1.6
897.01 10.8
901.24 3.2
903.82 2.0
905.99 16.2
906.86 4.7
907.53 5.1
923.06 2.6
929.20 2.7
931.61 1.9
934.13 1.1
940.60 3.1
946.61 5.0
950.09 2.4
951.73 2.5
952.62 8.5
961.54 3.0
962.80 7.1
964.80 8.6
969.57 11.7
985.70 1.3
987.14 3.3
996.50 3.6
999.18 4.3
1001.45 3.1
1002.57 3.6
1006.17 9.0
1006.85 1.3
1009.78 4.8
1046.72 1.8
1049.56 3.3
1050.64 2.9
1064.21 4.5
1066.49 2.5
1067.62 10.3
1068.54 13.7
1069.46 6.9
1077.66 3.8
1078.86 1.7
1084.38 2.3
1088.69 5.2
1093.26 5.4
1097.36 8.4
1102.56 2.0
1103.47 2.2
1104.43 1.7
1109.73 2.6
1124.36 7.4
1125.85 10.2
1126.74 4.6
1128.29 1.3
1134.60 3.4
1137.57 1.5
1139.55 1.6
1142.67 2.7
1159.30 2.7
1161.69 4.0
1174.71 3.3
1193.51 4.6
1194.40 1.5
1195.42 2.0
1205.74 2.0
1212.78 1.2
1239.57 3.0
1296.46 2.7
1312.58 7.2
1313.81 2.2
1330.91 17.2
