956.46984 2
147.05 1.1
148.22 3.2
156.42 5.9
157.22 1.7
171.15 5.3
175.24 1.9
177.07 1.6
181.38 1.4
183.14 2.5
185.23 5.2
188.21 2.8
199.30 3.0
200.36 1.6
206.84 1.2
211.24 43.5
213.22 2.7
214.04 3.8
215.37 1.3
221.16 3.2
226.39 1.5
228.19 2.3
229.15 16.7
233.27 4.0
234.17 13.8
237.18 1.2
237.95 2.4
239.06 5.0
244.32 1.0
246.10 3.1
248.95 1.1
250.05 5.3
252.27 1.8
257.22 8.9
261.10 4.1
265.40 1.5
268.20 4.9
271.34 1.3
273.40 5.2
274.18 2.5
279.91 7.1
283.26 2.0
288.20 4.4
289.23 2.8
291.58 8.3
292.77 5.9
295.33 8.6
297.29 1.6
298.22 6.6
300.26 5.7
301.94 1.8
303.31 2.7
304.44 3.7
315.11 1.9
321.20 41.4
322.33 4.8
323.32 10.6
325.36 6.9
327.82 8.1
331.86 5.8
332.49 2.6
335.17 1.7
336.10 2.4
337.43 6.3
339.51 2.9
341.97 2.9
343.18 10.3
353.18 1.2
355.79 8.4
357.12 6.1
358.18 5.4
359.87 2.5
364.12 12.1
364.84 64.8
367.22 1.4
368.30 26.9
369.28 14.6
370.16 2.8
370.90 10.2
372.42 26.2
375.96 4.6
377.20 4.6
377.95 2.4
380.19 3.2
382.48 3.5
383.12 2.1
384.35 2.7
385.05 17.7
386.05 27.7
387.92 5.5
388.60 2.8
389.32 1.1
391.19 4.1
392.24 2.5
395.28 5.6
398.58 7.3
399.23 4.1
402.62 5.2
404.20 6.9
405.68 62.6
406.37 1.2
407.22 2.1
408.31 77.8
409.46 4.2
410.09 2.2
412.89 7.4
413.68 7.8
414.36 56.6
415.32 11.0
417.43 4.9
418.07 10.0
419.17 8.5
420.31 2.1
421.47 19.1
422.38 3.2
424.61 4.7
426.15 7.4
427.13 2.0
428.69 2.5
430.36 17.4
432.29 7.7
433.18 4.8
434.09 8.5
435.21 8.5
437.35 4.8
437.96 24.5
439.38 21.4
440.25 3.8
442.13 31.5
443.00 36.4
444.55 10.3
447.30 13.9
448.39 229.7
449.30 7.4
450.38 1.5
452.12 39.4
452.86 23.2
455.07 21.7
456.01 24.0
457.27 48.2
457.89 6.8
459.43 7.2
461.04 375.6
461.83 44.6
462.59 12.3
463.51 2.6
464.70 20.2
466.75 2.8
468.48 5.7
469.82 938.7
470.83 14.5
478.77 6.2
492.42 2.4
497.55 1.8
499.31 4.4
508.56 2.4
510.14 2.5
527.39 2.5
529.17 2.5
531.20 9.6
532.28 8.3
534.41 5.0
535.41 10.8
541.62 1.1
543.79 2.8
545.72 2.5
549.23 34.5
550.94 3.8
552.38 4.7
553.38 8.1
554.70 2.0
556.57 2.7
557.45 1.8
560.89 3.6
564.58 4.8
565.51 14.6
567.58 1.5
571.41 164.5
572.33 17.7
573.50 11.6
577.40 2.9
584.63 2.1
586.08 4.4
588.20 3.8
591.57 3.6
592.48 3.1
597.27 5.0
598.46 6.7
599.31 3.6
600.58 2.4
601.67 3.5
602.30 3.5
610.87 4.4
612.27 2.2
615.60 4.9
616.66 2.4
618.61 12.8
619.26 1.3
620.38 2.0
626.41 2.4
629.24 3.2
636.25 10.7
642.41 11.9
644.35 6.0
647.31 8.8
653.48 3.4
654.47 3.8
656.64 3.8
668.22 2.8
671.70 1.3
674.61 1.1
678.51 2.1
680.72 4.1
682.21 8.2
686.62 4.9
687.31 1.5
688.65 3.7
689.47 1.8
690.53 5.8
692.57 3.7
693.34 1.1
694.08 2.7
695.75 2.1
696.53 7.8
700.74 1.4
711.37 54.2
712.44 6.2
713.49 2.6
718.12 8.5
719.63 6.8
721.60 4.2
723.20 1.5
726.38 1.1
728.54 19.0
729.57 14.0
730.31 7.3
740.24 2.9
740.89 2.2
743.38 2.1
745.26 2.8
747.63 5.0
749.31 4.6
756.46 2.3
757.49 3.1
758.36 6.5
760.51 2.1
768.52 3.1
769.36 4.4
774.24 1.1
779.48 5.5
781.58 3.7
782.58 2.0
786.56 3.8
787.49 1.0
792.46 2.7
793.65 8.6
809.39 3.8
810.40 12.7
824.71 2.0
826.59 1.5
827.61 5.7
828.83 5.2
842.64 1.8
868.48 4.8
869.13 2.1
870.39 5.7
900.27 1.7
917.71 4.2
946.69 2.4
967.67 3.7
