856.52733 2
121.18 1.6
123.27 8.2
128.10 29.6
129.23 7.8
130.14 13.5
131.12 6.3
133.26 23.0
134.09 2.4
135.17 5.8
137.21 5.2
141.28 3.8
145.90 1.6
147.16 6.5
149.17 10.0
150.16 3.5
151.23 10.5
152.89 19.2
154.17 1.0
157.21 10.6
158.08 5.0
159.67 3.7
160.36 1.7
161.13 8.5
162.09 8.8
163.21 10.8
164.22 3.1
167.38 4.4
168.30 3.6
169.25 2.5
170.36 5.2
172.31 2.5
173.19 20.2
174.26 5.0
175.13 11.9
176.05 3.8
177.26 12.2
178.39 5.9
180.16 1.8
181.10 3.8
184.36 1.2
185.35 11.8
186.14 10.8
187.26 3.6
188.11 9.2
189.21 7.0
190.35 2.1
191.37 12.1
193.20 6.8
194.00 2.4
197.18 3.9
198.04 3.5
198.97 2.4
200.14 1.1
201.12 1.1
202.11 4.6
203.24 2.1
205.17 12.5
207.20 10.0
208.36 3.2
209.12 11.0
210.14 4.1
211.29 6.6
212.25 4.3
213.10 10.0
214.15 2.0
215.10 8.3
217.41 10.3
218.38 9.5
219.35 3.1
220.11 1.9
221.52 4.7
222.35 12.5
223.04 5.8
225.29 4.6
226.24 7.1
227.32 2.1
228.59 4.5
229.29 3.6
231.47 4.5
232.26 23.5
233.08 3.8
234.28 2.5
235.16 4.5
237.27 3.1
238.23 1.8
239.55 5.2
242.29 7.0
243.18 2.5
244.25 5.7
245.11 5.1
246.79 8.3
247.50 2.3
248.41 4.5
249.30 6.6
251.18 7.0
256.20 2.3
257.08 11.4
258.24 11.6
259.22 7.2
260.30 11.2
261.18 34.2
262.18 1.7
263.02 10.4
264.06 5.8
265.14 8.3
266.25 2.4
267.11 8.1
268.01 10.2
271.36 7.8
272.28 9.1
273.06 19.7
274.38 10.5
275.11 6.9
276.09 1.6
277.32 7.0
278.27 5.5
279.29 1.3
280.04 5.0
281.23 12.3
282.41 19.0
283.24 3.5
284.23 5.0
285.02 3.0
286.18 25.7
287.09 2.3
288.23 6.3
289.14 6.9
291.06 6.1
292.20 9.8
293.29 11.5
295.09 9.3
297.33 7.1
298.60 4.5
299.32 6.1
300.63 15.1
301.49 12.1
302.37 37.0
303.58 32.9
304.39 147.8
305.28 19.7
306.06 4.7
307.27 110.0
308.33 51.0
309.22 6.9
310.29 14.4
311.29 16.2
312.25 7.6
313.30 19.9
314.28 22.9
315.22 30.7
316.30 21.8
317.18 30.5
318.15 30.3
319.13 41.8
322.08 7.5
322.78 1.2
323.41 6.1
325.19 26.9
326.32 4.0
327.47 13.6
328.21 4.4
329.17 32.5
330.33 99.0
331.17 13.2
332.47 3.2
333.21 4.4
334.31 22.1
335.11 41.4
336.28 23.3
337.26 38.1
339.19 6.7
341.02 914.1
342.43 8.6
343.28 16.0
344.42 9.8
345.25 93.1
346.22 14.5
347.20 14.7
348.22 13.0
349.58 1.6
350.30 1.2
351.40 2.4
353.17 10.4
354.06 12.4
355.30 19.0
356.41 4.5
357.19 4.0
358.55 83.4
359.32 11.8
361.13 11.5
362.51 12.8
363.31 5.1
364.05 6.6
364.73 4.4
366.01 6.1
367.17 17.0
368.27 17.7
369.29 19.6
370.12 12.9
371.45 36.7
372.45 31.9
373.34 27.4
375.31 1.6
376.31 6.9
377.28 4.3
377.99 2.7
379.35 2.4
380.31 3.0
381.29 4.3
382.22 20.2
383.27 20.8
384.44 47.9
385.38 56.6
387.18 182.7
388.00 3.8
391.05 9.1
392.37 19.1
393.19 35.6
394.32 4.6
395.20 19.9
396.48 1.3
398.40 7.9
399.15 5.2
400.32 28.2
401.43 12.5
404.02 2.7
409.66 16.0
410.31 233.0
411.18 215.3
412.11 18.7
413.21 8.7
414.02 13.5
419.81 368.9
420.46 6.2
421.33 3.4
445.91 3.6
447.11 4.5
454.09 4.6
472.38 47.8
549.46 3.3
557.82 1.7
569.59 1.8
571.40 20.5
586.84 1.7
603.45 1.6
672.53 119.3
688.54 3.6
713.35 1.2
725.38 17.7
731.54 2.7
743.47 87.1
744.52 7.2
769.68 3.5
770.62 1.1
