1218.56243 2
175.12 1.4
178.23 3.5
178.91 1.5
183.11 2.2
191.19 2.7
197.18 2.0
201.31 10.9
210.10 4.4
213.13 5.2
215.15 65.9
216.32 5.1
217.41 1.8
221.29 17.7
225.29 7.4
226.20 2.4
227.18 5.1
228.16 8.9
234.19 2.5
235.21 1.1
239.07 2.5
243.13 182.9
244.11 14.2
249.10 8.9
250.53 5.6
251.21 15.3
252.10 3.3
253.46 1.3
254.28 1.7
260.41 8.5
261.48 2.8
262.21 1.2
263.24 3.0
265.20 3.8
267.13 86.8
268.14 1.3
269.18 2.7
270.35 13.3
272.28 34.2
275.54 4.4
277.87 4.6
281.06 23.8
282.11 1.4
283.11 3.6
285.04 2.0
288.34 7.2
292.74 2.1
294.07 4.5
295.12 5.5
296.85 4.0
299.36 4.7
304.01 4.9
309.22 1.9
310.05 3.9
311.39 8.7
312.32 11.2
313.08 1.4
322.30 5.2
327.15 15.8
330.21 14.3
331.25 1.8
332.33 2.9
335.23 1.8
338.09 9.8
340.22 3.3
341.16 1.8
344.37 4.5
345.38 21.7
347.11 1.1
349.29 9.3
353.07 6.8
355.09 258.7
356.30 59.7
357.37 3.6
359.37 4.8
360.42 10.6
361.25 7.1
363.23 10.7
364.25 6.4
367.19 8.3
368.17 7.5
369.41 2.7
370.98 15.6
372.13 1.9
373.18 4.8
375.92 6.9
377.10 21.7
378.31 7.8
379.62 161.0
380.43 2.9
381.48 30.8
382.24 16.6
388.66 30.5
390.55 5.8
391.32 28.1
392.17 12.4
393.29 7.1
394.63 3.0
395.30 3.9
397.17 24.2
398.08 13.2
399.15 67.7
400.74 15.2
401.37 2.4
406.87 6.8
408.34 4.8
409.30 10.9
410.35 16.7
411.20 2.5
413.22 1.5
415.32 6.3
416.27 4.4
417.23 35.1
418.09 2.7
421.44 4.7
422.62 7.8
425.27 35.9
426.35 4.5
427.11 3.5
428.27 2.9
431.27 3.1
432.41 45.3
433.30 6.8
435.50 3.0
436.32 2.5
437.69 6.4
438.37 3.1
439.37 6.8
440.21 2.5
441.90 5.8
443.38 44.8
444.57 8.0
445.30 22.0
446.07 2.8
447.17 1.1
448.60 5.3
455.01 4.2
456.21 6.2
458.22 1.3
462.32 75.3
463.26 7.0
465.26 6.4
466.47 41.6
467.34 16.4
469.35 1.4
470.75 55.6
471.92 20.8
472.95 2.9
474.43 9.2
476.17 2.9
477.29 6.5
478.51 1.4
479.84 72.1
480.65 4.7
483.80 15.7
484.50 15.8
487.69 20.0
488.86 271.9
490.32 77.6
491.36 28.5
492.20 3.6
494.24 29.7
495.41 26.0
496.32 4.7
497.41 5.3
499.22 7.8
500.38 1.0
502.28 23.5
503.32 7.9
504.07 12.6
505.45 3.6
506.94 4.2
509.34 9.1
512.28 97.3
513.63 10.9
514.32 8.1
515.73 13.8
516.36 7.8
517.09 1.9
518.32 4.2
523.34 10.8
524.44 1.7
526.07 3.7
528.08 6.6
529.46 11.8
530.40 118.2
531.35 26.9
532.20 4.9
533.56 7.0
534.39 5.2
535.69 18.8
537.44 3.5
538.45 6.8
539.27 8.8
540.41 2.4
541.30 10.5
542.43 1.7
543.79 6.0
544.69 1.7
546.19 5.7
547.36 4.5
548.62 14.2
549.43 25.7
550.44 7.3
552.75 18.4
553.35 8.5
554.20 2.2
555.36 1.4
556.12 7.2
557.33 32.4
558.19 40.6
560.59 18.6
561.50 11.7
562.24 5.8
563.57 7.1
565.63 41.1
566.34 5.1
567.41 29.2
568.83 6.5
569.94 61.8
570.86 9.0
571.54 10.7
572.47 3.8
573.88 33.0
574.70 6.6
575.57 3.5
576.50 4.3
577.50 4.0
578.68 96.3
579.51 128.1
580.34 29.6
581.18 7.2
582.36 29.5
583.61 63.6
585.46 2.5
586.59 5.3
587.95 624.2
588.92 11.1
589.60 10.3
591.26 98.8
592.04 565.3
592.84 26.1
593.74 1.2
594.80 14.0
598.11 9.1
600.76 177.0
601.40 31.4
618.42 4.0
620.07 4.5
622.38 1.9
626.17 4.5
630.35 6.9
634.47 2.9
635.39 6.9
636.50 13.1
639.02 2.8
639.83 2.4
640.44 1.2
648.10 1.9
650.44 1.9
652.23 40.9
653.31 11.3
654.45 1.0
656.08 7.2
660.87 5.4
661.57 2.7
662.33 5.1
669.65 2.2
670.30 4.2
678.65 1.7
680.54 2.9
681.39 1.0
682.74 5.0
685.40 7.1
686.23 2.6
689.31 839.8
690.41 76.5
693.46 6.4
694.37 4.4
695.18 3.9
698.26 9.4
702.11 1.4
716.41 1.6
717.10 7.3
718.18 11.4
720.40 1.0
729.41 2.4
733.66 10.1
744.44 2.8
747.28 3.9
751.70 7.8
754.07 2.0
758.50 2.5
762.43 2.0
763.49 4.0
767.44 1.7
768.46 1.4
769.18 9.4
772.65 4.3
776.37 273.3
777.36 11.7
778.42 4.4
780.23 17.1
781.37 8.3
786.40 13.5
787.27 9.0
791.32 1.5
792.11 2.2
797.30 3.0
798.42 10.2
799.07 1.4
801.40 6.6
802.53 4.9
805.95 11.1
809.86 6.3
815.32 9.2
817.35 3.7
819.55 2.3
827.33 71.5
828.36 5.1
836.53 10.4
837.48 2.9
838.21 3.1
841.22 10.0
842.48 4.3
845.40 18.9
846.81 10.0
848.66 4.0
854.62 7.8
855.27 1.9
856.24 3.0
860.43 2.0
863.39 550.1
864.41 77.3
865.72 1.9
866.87 2.0
868.73 1.8
872.17 4.2
873.34 9.4
882.56 2.8
891.80 2.6
897.49 2.0
900.49 2.0
902.86 3.0
904.98 5.0
906.59 1.8
911.39 5.8
918.57 1.6
924.37 5.0
928.50 1.8
929.59 9.1
930.46 2.7
931.36 2.5
932.49 9.7
938.46 7.2
940.59 21.9
941.31 4.3
943.41 3.5
947.42 25.1
957.54 2.4
958.39 10.6
973.51 5.6
976.47 384.4
977.39 48.5
984.44 2.8
987.25 4.0
991.42 3.3
992.74 2.5
996.49 4.7
1000.34 16.4
1001.21 9.5
1015.71 6.8
1017.54 4.8
1025.46 1.0
1026.22 1.2
1027.41 1.8
1044.39 8.2
1045.69 3.9
1048.75 1.6
1057.55 1.3
1070.55 1.1
1072.35 1.8
1073.78 3.0
1087.38 2.9
1088.70 3.8
1097.46 1.5
1106.04 1.8
1106.65 3.9
1117.74 3.2
1195.90 2.3
1196.54 1.6
