970.42858 2
140.37 2.8
142.05 2.4
156.26 2.2
157.18 2.2
158.26 2.1
175.22 15.7
183.27 3.6
186.31 6.2
195.16 22.2
208.50 6.0
217.22 1.2
219.31 1.6
226.11 2.9
227.15 3.3
228.38 2.2
234.24 9.8
234.96 1.8
238.20 2.8
239.13 2.3
241.29 2.9
242.31 1.1
244.34 7.6
245.36 2.8
246.25 2.9
247.43 1.8
249.04 2.2
251.18 1.8
262.24 50.9
263.11 4.5
264.32 5.7
269.98 4.5
272.37 5.1
273.45 5.0
274.07 48.2
275.30 1.6
276.34 3.5
282.25 11.9
288.25 76.4
295.21 1.0
297.36 1.2
301.40 2.1
306.35 3.2
309.39 1.7
311.41 3.7
314.41 2.3
315.03 1.9
337.05 3.3
338.35 2.2
340.97 1.8
342.19 3.8
346.49 2.1
350.21 2.4
351.67 7.2
354.31 13.3
358.53 1.9
359.31 7.1
360.32 9.9
364.12 24.3
366.42 4.8
368.45 5.4
369.17 10.5
370.38 9.7
372.07 9.0
377.24 6.4
379.42 1.8
381.26 5.3
385.24 9.4
386.29 1.6
389.08 1.2
390.51 12.0
392.14 3.4
393.49 2.0
395.21 1.5
396.19 16.4
399.05 37.5
399.86 16.7
402.78 10.3
406.35 2.9
408.32 9.2
409.64 29.4
410.43 3.7
411.30 34.6
412.40 27.9
413.83 1.1
416.29 12.6
417.18 1.6
417.88 3.9
418.84 12.3
419.95 3.3
421.02 60.9
422.27 5.9
423.01 9.0
424.45 53.4
425.26 7.3
426.41 5.2
427.32 2.6
428.36 4.6
429.44 3.9
430.87 22.5
432.07 22.5
433.51 93.7
434.32 31.8
439.93 170.7
440.87 28.3
441.75 3.2
442.36 3.6
444.19 5.2
445.09 33.9
445.83 24.7
446.87 39.0
447.53 5.1
448.77 419.3
449.40 140.7
450.33 2.0
450.95 2.6
452.61 25.2
453.58 2.9
454.89 171.1
456.03 78.6
457.00 3.4
461.88 270.1
463.87 988.7
464.90 11.3
466.94 26.8
468.05 159.0
468.90 12.7
470.76 399.5
471.39 156.8
476.65 687.7
477.34 272.5
480.15 2.2
480.96 1.5
486.01 7.8
499.23 5.6
504.28 4.8
508.40 4.2
515.56 7.2
516.47 1.5
521.31 1.8
531.35 6.8
538.26 25.6
543.51 2.3
554.45 2.6
555.13 1.1
562.14 2.7
572.39 11.7
574.51 1.9
577.27 9.1
579.20 13.4
580.52 3.4
581.37 3.1
591.79 10.5
593.29 1.4
597.37 2.0
603.52 4.3
611.61 3.3
617.41 3.4
621.97 7.2
635.29 7.1
636.30 1.1
639.53 3.6
645.48 3.2
646.55 3.5
648.46 7.4
652.43 2.4
653.59 7.9
654.78 1.1
655.50 5.5
656.40 15.3
659.31 2.6
666.41 15.3
669.23 3.4
673.37 4.3
674.34 1.7
684.40 36.0
690.51 31.4
691.39 7.2
692.18 9.2
708.39 78.5
709.43 12.2
719.38 1.4
722.43 2.7
725.31 4.6
741.64 1.8
743.64 23.1
744.60 1.9
749.44 7.4
751.35 2.1
759.46 7.7
765.27 3.4
776.46 1.8
777.51 21.2
778.92 1.8
780.39 5.8
795.45 17.2
797.34 4.9
805.47 4.0
813.43 3.4
816.19 2.5
816.80 2.5
824.42 2.4
825.66 3.4
831.54 1.2
834.66 40.8
883.93 2.5
929.29 12.3
930.71 1.7
932.53 79.4
933.40 14.1
947.71 7.1
