745.4223499999999 2
108.00 1.1
111.13 14.9
112.08 3.6
116.19 13.7
117.32 2.0
119.32 5.0
120.22 1.2
125.98 2.9
128.14 6.2
129.14 41.3
130.19 25.2
131.25 2.4
134.30 2.0
136.18 6.6
137.06 2.6
138.23 7.0
141.10 1.3
143.23 1.9
147.13 44.4
148.19 20.9
149.19 10.9
151.05 2.7
152.22 1.4
155.25 4.3
156.22 5.6
157.24 16.8
158.13 5.0
159.12 5.3
163.40 1.7
165.18 1.9
166.15 2.2
167.26 2.8
169.15 8.4
175.24 1772.4
176.28 15.4
178.19 3.1
180.31 3.2
183.20 129.6
184.19 5.3
186.16 3.5
187.10 14.3
192.25 2.6
195.25 10.6
200.00 2.7
201.27 120.7
203.95 2.7
205.23 2.8
208.77 9.6
211.16 193.4
212.20 107.7
213.13 3.1
214.13 1.1
215.20 4.0
217.25 1.4
219.46 2.2
220.36 11.5
222.10 4.5
223.27 3.1
224.35 2.4
226.31 2.6
227.39 2.7
228.29 3.1
229.13 164.4
230.22 493.8
231.44 3.8
232.31 3.9
233.44 3.3
237.27 4.6
238.23 3.1
239.85 12.5
241.03 13.6
241.68 19.5
242.47 15.3
243.18 6.7
244.09 2.7
245.77 3.0
246.41 3.5
248.86 5.3
250.67 491.5
251.36 4.9
254.35 9.5
255.28 1.7
256.08 3.4
259.24 1594.4
260.28 32.9
261.12 7.0
266.41 1.7
267.11 2.4
269.20 9.0
270.29 6.5
271.18 8.1
272.25 4.5
273.24 6.4
275.27 2.6
276.71 8.9
277.34 14.1
278.03 3.6
279.02 8.6
279.95 1.6
281.26 1.9
282.35 3.6
283.50 9.6
284.21 46.1
285.15 8.5
286.19 1.1
288.24 3419.3
289.28 76.6
290.99 15.7
291.69 5.7
293.22 1.4
294.21 8.5
296.19 2.7
297.91 9.2
301.29 2.1
302.09 1.5
303.37 1.9
305.19 1.2
306.89 8.5
308.62 3.1
310.25 8.5
312.18 963.3
313.34 42.8
314.22 4.1
315.11 26.6
316.10 13.1
317.21 8.0
322.17 9.1
323.76 10.8
327.27 11.1
328.21 11.0
329.22 58.1
330.14 5.5
331.90 32.1
333.68 9.9
334.62 23.4
335.56 6.0
337.72 17.9
338.61 1.3
339.37 7.2
341.28 13.4
342.19 1.8
343.15 7.1
343.91 3.9
346.78 709.2
347.80 5.6
349.92 11.7
350.90 13.6
355.43 2768.3
356.37 99.7
357.12 653.4
358.01 10.0
358.81 1.3
360.95 16.7
361.70 40.6
364.25 11965.6
365.50 68.2
366.59 55.4
367.88 4.3
368.50 7.0
369.25 14.3
370.60 15.7
372.67 1.5
376.03 1.3
378.42 5.0
380.38 1.3
384.73 2.0
387.38 1.1
389.47 3.0
391.34 6.4
391.97 5.4
394.12 7.8
395.99 14.4
399.33 145.3
400.28 3.5
405.29 3.8
406.57 2.4
411.17 3.9
412.25 41.7
416.26 1226.9
417.31 28.3
422.22 347.1
423.27 31.0
424.08 8.1
424.88 2.8
425.53 3.4
427.35 6.1
428.89 7.1
430.28 5.5
431.34 2.6
435.27 9.3
437.53 11.7
438.41 1.9
440.15 1857.8
441.32 61.7
442.84 2.3
444.39 3.6
445.46 11.3
450.36 3.6
451.40 11.1
456.31 13.6
457.21 1.1
458.30 13.1
460.28 1.4
463.94 2.6
466.29 10.0
467.45 8.9
468.41 5.0
469.67 4.3
472.31 1.5
473.30 2.2
474.25 2.5
475.56 2.9
478.04 8.9
479.05 6.4
481.20 1.3
482.48 1.8
486.56 1.5
495.34 6.8
499.17 5.1
500.28 89.2
501.41 35.9
502.97 12.6
504.47 1.3
505.32 3.8
508.29 9.6
509.10 19.0
512.49 5.1
514.13 7.1
517.35 875.3
518.42 50.4
524.55 17.6
525.34 91.0
528.29 2.7
529.22 1.9
530.59 2.0
535.33 8.7
536.27 46.1
537.31 15.6
541.08 6.5
545.43 1.1
546.50 9.9
553.26 1861.9
554.38 81.2
558.49 3.2
566.25 1.0
569.58 2.4
571.42 19.9
573.63 3.3
576.44 3.7
580.26 2.4
581.49 10.2
582.53 2.9
585.32 2.8
589.31 1.6
595.24 2.4
596.05 1.8
597.06 2.4
598.38 2.0
599.22 2.9
616.45 3.2
626.55 2.0
633.22 5.2
647.39 4.6
698.37 2.3
699.00 4.0
706.52 5.4
727.45 11.3
