820.49486 2
129.24 56.0
130.16 36.0
136.21 13.7
139.25 4.7
140.34 2.4
144.12 303.4
145.14 23.5
147.12 115.6
155.23 6.9
159.09 1.9
163.23 1.6
165.17 7.4
167.33 5.4
168.19 4.8
169.47 1.2
174.42 2.6
178.36 4.7
181.32 1.8
185.44 1.3
186.35 2.1
187.39 4.1
191.19 1.0
192.23 17.4
194.36 1.1
195.28 3.4
201.95 2.4
203.29 2.3
209.24 6.5
212.08 8.2
213.18 14.6
214.30 6.0
215.22 1.1
219.32 3.4
219.98 3.3
221.17 1.7
223.20 2.1
226.45 5.7
230.30 35.4
231.37 1.7
237.22 19.8
239.38 2.7
245.18 4.8
246.28 4.0
248.32 69.3
254.31 116.9
255.31 4.5
257.27 5.1
258.19 12.1
261.35 5.5
263.32 1.6
264.67 8.7
265.27 19.9
272.16 1.1
274.15 5.9
275.11 17.4
277.91 1.5
279.06 3.0
280.18 6.1
281.27 5.4
282.37 4.1
283.22 8.6
284.30 2.6
285.08 2.2
287.35 4.2
291.06 22.5
293.20 7.1
295.08 15.0
296.12 378.4
297.12 24.3
298.81 1.7
300.21 8.4
307.13 4.4
310.43 3.8
311.26 5.4
312.43 3.9
313.16 1.7
314.82 29.5
315.86 46.5
317.05 22.3
318.30 7.1
319.01 2.1
322.27 5.6
323.70 15.8
324.30 4.5
325.50 5.7
327.18 32.6
328.67 2.2
330.28 3.3
331.27 3.5
332.10 18.4
332.70 15.4
335.90 3.6
337.66 37.3
340.42 5.9
344.68 1.7
348.25 9.4
349.09 1.8
350.45 5.6
352.87 1.9
357.29 2.1
358.49 13.0
361.12 4.3
361.73 8.5
363.88 1.6
364.49 5.1
365.31 7.7
366.65 26.8
367.39 7.7
369.21 124.1
370.51 13.0
373.99 12.2
375.47 17.9
376.37 23.7
379.44 34.4
380.58 36.5
382.37 101.4
383.61 49.3
384.32 2.0
387.40 4.2
388.44 568.8
389.39 6.2
390.57 4.5
392.24 17.5
393.11 187.8
394.28 30.6
395.24 10.1
396.69 1.2
399.10 53.8
399.91 12.3
401.80 387.6
402.47 142.9
410.36 2.5
417.90 2.3
424.63 1.9
430.31 1.5
433.08 1.2
435.25 2.0
444.38 3.9
444.99 12.1
452.46 2.0
457.32 8.1
458.57 5.6
459.81 11.4
466.44 11.4
467.43 1.1
468.26 8.4
473.05 2.9
474.19 3.7
475.65 10.4
476.59 8.8
487.52 4.2
493.52 2.7
494.52 3.0
500.44 4.9
501.06 5.2
510.51 5.0
511.74 1.1
512.63 5.8
518.29 12.5
522.00 3.2
528.42 15.2
529.40 5.2
531.23 1.5
532.57 4.3
536.53 2.8
537.94 5.1
540.93 2.3
545.50 14.1
546.50 12.4
547.15 3.2
549.46 6.5
550.46 10.3
555.42 11.0
560.61 1.2
562.16 2.6
566.10 10.4
567.39 61.6
568.50 13.9
573.43 100.9
574.40 49.7
575.43 2.8
579.33 8.1
581.58 4.0
585.39 2.6
590.33 8.6
591.32 9.0
592.64 4.8
593.24 8.9
611.40 12.8
612.35 25.7
613.33 6.5
620.62 1.6
628.33 3.2
629.32 8.5
630.49 67.1
631.53 20.2
638.52 13.8
639.63 1.7
645.38 1.9
646.46 51.7
647.58 17.7
648.78 4.6
656.38 148.0
657.44 65.2
664.40 204.1
665.40 70.0
674.42 129.1
675.56 63.7
676.61 5.0
688.54 3.1
692.34 90.0
693.37 15.3
711.62 2.0
717.65 9.3
722.79 2.8
731.70 3.5
757.69 3.5
758.86 2.3
775.37 2.4
