1020.50218 2
148.32 3.4
158.98 3.7
167.17 1.3
169.12 4.9
171.16 2.8
175.12 3.3
178.08 4.9
180.05 5.5
182.27 2.3
186.12 7.9
187.14 80.8
188.03 6.6
195.11 4.6
201.29 2.9
207.37 5.2
209.96 3.8
212.19 5.9
215.15 34.0
215.95 2.9
222.69 3.6
229.26 4.5
230.31 3.1
235.36 1.3
237.17 2.0
238.21 10.3
239.22 1.7
244.10 6.3
245.24 5.8
247.59 4.5
249.02 5.3
250.07 2.3
252.18 3.8
254.44 1.7
256.26 1.2
260.29 15.2
261.35 4.1
263.21 1.3
268.19 1.2
274.45 1.4
275.22 5.7
283.15 3.0
285.20 3.9
296.96 1.7
298.31 1.8
299.78 2.0
309.22 2.5
312.16 1.6
315.66 1.8
316.86 5.3
319.10 2.7
326.23 12.8
327.17 1.3
329.83 14.3
330.45 2.3
333.22 6.5
336.13 1.3
338.36 1.8
339.46 2.1
343.24 12.9
346.37 5.6
346.99 1.0
348.39 2.1
350.39 10.2
352.06 5.0
353.21 1.2
354.09 3.7
356.68 1.5
360.25 3.5
361.31 7.9
362.51 9.6
365.34 2.0
370.24 4.8
371.28 3.5
375.05 5.2
376.19 2.4
378.39 2.9
380.87 7.7
383.22 5.7
384.57 4.0
388.30 2.3
389.31 2.4
390.05 5.9
392.55 2.2
393.48 5.2
394.27 2.5
395.41 19.9
396.99 71.3
398.94 1.7
402.33 9.1
403.85 55.6
408.03 7.5
410.28 1.9
417.43 14.5
418.70 3.5
425.24 2.6
426.30 4.3
427.89 4.8
431.48 5.9
436.23 5.2
437.93 17.6
438.61 22.1
439.39 26.9
440.69 3.2
443.35 1.7
444.41 25.3
445.15 10.0
446.27 6.1
447.32 4.0
449.34 2.6
450.31 14.9
451.09 2.4
452.27 4.9
453.22 58.8
453.95 52.2
457.19 3.8
458.81 3.9
460.32 10.8
461.71 11.6
465.34 6.4
467.74 12.8
468.87 16.7
469.92 28.0
472.87 1.6
474.17 8.4
475.22 28.6
477.41 3.9
478.05 3.1
480.76 6.6
481.40 5.3
482.09 1.7
484.82 11.8
487.42 13.1
488.49 39.0
492.28 46.4
493.21 98.1
494.17 38.6
495.34 13.7
496.18 6.7
496.90 17.1
498.49 25.0
499.26 2.2
500.20 8.9
501.76 125.3
502.77 2.2
509.46 2.1
527.47 2.1
529.44 1.1
532.42 2.5
540.33 2.1
547.32 5.1
548.41 4.1
564.32 2.9
573.43 1.8
577.40 28.2
578.62 7.4
588.46 1.0
594.87 17.5
598.18 4.2
602.49 4.1
608.45 2.2
615.50 7.9
618.10 2.6
622.83 1.5
629.39 13.1
632.80 2.5
635.77 3.2
643.19 1.5
644.71 4.6
648.24 1.8
649.45 3.1
650.55 1.5
656.48 2.3
657.59 10.6
658.89 4.3
660.53 2.9
663.87 2.2
665.83 15.1
672.43 2.6
673.51 2.4
674.59 3.3
675.45 11.7
679.21 4.1
691.47 34.8
692.45 16.4
693.76 6.3
700.54 3.4
701.81 5.9
705.52 3.0
707.45 18.9
708.14 1.2
714.76 5.7
715.94 3.0
744.55 5.6
755.58 1.4
758.42 4.1
760.27 2.6
761.36 3.7
773.53 3.6
776.61 1.2
777.55 1.5
784.56 1.6
788.61 12.9
789.42 28.3
790.46 12.8
791.84 4.0
792.58 3.3
793.53 6.0
795.18 3.5
797.83 1.4
799.44 4.7
801.78 4.8
805.96 18.6
806.60 188.2
807.53 64.5
817.75 4.4
822.50 1.2
825.55 1.0
857.63 3.2
873.83 3.6
874.59 5.7
875.24 3.9
886.19 1.7
887.27 1.6
888.30 1.0
889.66 3.3
891.48 3.7
892.46 8.1
906.68 1.3
907.69 2.5
915.41 2.7
931.29 2.6
982.71 3.3
983.54 1.8
