1111.54338 2
175.18 10.9
183.05 2.2
186.33 2.6
187.30 3.0
189.26 5.2
194.40 2.2
210.46 1.5
211.35 1.8
214.04 3.6
215.44 1.6
216.08 2.5
223.16 1.7
224.21 5.8
226.11 7.4
228.27 2.5
239.33 3.0
246.11 15.4
247.32 6.2
253.30 9.8
254.33 5.8
257.14 4.1
258.25 2.0
270.30 11.8
271.53 1.6
272.27 2.1
279.37 3.1
287.34 55.9
288.39 9.9
289.35 2.5
298.26 4.0
304.41 2.2
309.39 5.4
312.83 6.6
315.12 1.9
317.32 2.4
318.04 4.5
319.13 12.6
320.38 2.0
322.25 1.6
323.35 1.8
325.35 2.8
326.06 7.3
327.46 3.8
332.20 3.6
334.92 7.4
338.16 5.0
339.34 9.0
343.37 17.5
345.28 5.5
353.52 2.8
355.37 1.8
356.31 2.6
359.70 5.4
360.37 9.0
361.56 4.2
362.98 2.7
364.20 4.6
368.02 4.2
369.54 4.0
376.44 15.0
378.86 3.5
381.23 12.3
388.06 3.0
389.05 2.1
398.03 10.5
400.26 6.7
404.85 2.9
406.00 2.8
407.26 6.2
409.86 2.2
411.32 1.0
412.27 2.3
414.61 3.4
415.63 2.0
416.42 1.5
418.06 2.1
419.04 1.3
419.97 8.0
420.60 2.3
424.89 25.6
426.90 12.3
428.24 3.2
429.34 16.3
433.68 27.6
434.54 62.3
436.27 3.4
438.51 2.8
440.30 10.0
442.12 46.5
443.14 43.3
443.85 3.0
444.98 8.8
446.81 5.5
448.41 1.7
450.52 8.4
452.67 8.6
455.08 8.0
455.93 5.8
457.09 19.9
458.34 3.5
459.30 7.2
460.13 4.3
460.91 8.1
462.59 35.6
468.37 18.3
469.61 13.1
470.69 1.1
471.53 1.2
474.09 47.2
475.50 5.4
476.53 10.0
477.37 18.1
478.24 5.6
481.41 8.1
482.12 5.8
483.44 52.8
484.32 9.5
486.22 4.8
488.44 15.9
489.32 5.6
490.51 18.8
492.33 136.7
493.20 7.3
494.34 1.1
495.92 9.9
497.66 3.4
498.37 9.7
499.75 13.5
500.64 4.6
502.19 2.5
503.57 3.1
506.23 1.6
508.75 7.6
510.16 4.2
511.66 2.8
512.37 1.5
513.44 64.0
514.72 18.9
516.37 27.7
517.30 14.0
518.09 5.8
520.10 9.5
521.08 2.2
523.46 76.9
524.54 15.7
525.90 5.2
529.47 47.9
530.39 12.0
532.24 142.0
532.96 60.0
533.72 25.1
534.63 17.0
535.91 6.6
538.51 284.2
539.47 45.3
540.50 11.0
541.31 89.0
542.11 10.1
542.86 8.0
544.11 13.4
545.15 2.2
547.25 508.6
547.90 126.9
548.53 8.1
556.49 1.0
573.46 1.3
577.42 3.1
580.27 9.3
581.30 2.9
585.62 5.9
586.43 1.9
593.37 3.6
596.39 113.8
597.25 16.1
598.24 8.6
599.05 24.2
600.07 1.3
605.15 1.3
608.33 3.9
612.48 3.3
616.52 10.0
617.76 1.6
619.43 8.5
621.46 4.6
624.33 2.4
628.47 29.6
629.32 6.5
630.29 1.1
631.35 2.7
635.90 8.1
639.35 1.4
640.45 4.9
641.94 2.6
646.46 3.6
647.58 2.6
651.80 16.7
655.37 2.7
662.53 1.0
663.73 11.7
664.71 7.9
666.41 7.4
667.28 7.0
668.32 8.1
671.15 1.6
676.45 2.3
678.35 4.8
682.87 2.2
684.62 6.4
690.49 3.1
694.41 1.7
695.10 4.6
701.48 6.2
703.61 3.9
705.24 3.4
709.69 5.7
714.02 11.1
717.92 2.7
720.36 8.7
721.63 4.5
726.38 10.6
727.50 4.0
729.06 12.1
731.41 3.0
733.35 5.4
734.49 5.5
737.40 6.4
738.24 1.2
739.20 14.0
740.73 3.5
745.79 5.3
746.53 4.5
749.38 1.3
751.30 7.9
752.49 22.7
753.35 24.1
754.44 3.7
755.46 8.3
756.18 3.2
757.28 22.2
758.79 5.8
761.44 1.9
769.54 5.8
770.40 2.9
771.48 8.2
776.33 2.5
780.29 6.8
788.41 1.8
789.43 20.7
790.68 3.4
793.64 1.4
794.92 2.8
806.60 9.8
807.46 22.9
808.38 26.2
814.50 9.6
815.29 1.7
818.54 1.6
824.52 12.4
825.46 8.0
826.07 5.1
827.76 1.4
833.34 2.5
835.22 2.7
837.74 5.5
839.04 3.5
842.42 6.6
848.64 1.8
849.38 6.8
851.39 2.5
852.63 2.8
853.73 3.8
854.60 1.9
861.16 5.7
862.24 1.4
865.46 2.2
866.59 5.2
869.17 2.5
870.58 3.8
874.60 1.2
882.65 3.9
891.43 2.9
893.67 1.8
899.37 2.0
913.53 2.8
915.55 1.8
918.84 3.3
925.30 1.5
936.03 8.0
936.87 3.7
945.30 1.1
946.31 2.3
947.60 2.6
951.81 2.5
955.46 1.1
959.44 1.9
962.55 1.5
966.55 3.8
973.66 5.0
982.73 3.1
983.46 2.7
998.65 1.1
1037.63 1.2
1072.31 1.6
1073.69 21.4
1074.65 6.1
1088.57 5.0
