1356.73161 2
195.06 2.2
201.09 2.5
204.04 2.0
207.15 3.8
209.20 1.9
210.34 1.6
211.27 2.7
214.31 1.9
215.23 10.5
216.13 2.5
219.34 1.4
221.11 1.5
226.41 2.3
233.27 2.8
235.06 18.5
242.29 2.8
244.17 2.9
245.17 6.9
251.21 10.8
257.20 1.8
258.22 2.7
259.24 18.8
262.29 4.4
264.28 3.3
265.21 2.9
269.38 1.2
273.09 1.3
275.32 3.3
277.01 7.5
279.19 12.9
282.19 4.9
283.34 2.7
288.32 2.7
289.06 3.2
290.15 4.1
291.26 1.3
292.27 1.4
293.15 1.9
295.14 6.0
296.35 4.7
297.28 2.9
298.14 17.5
301.32 3.5
302.47 10.8
303.37 5.0
304.19 1.6
308.13 3.1
309.47 5.4
310.26 1.6
314.13 1.5
315.59 2.4
317.41 8.8
318.25 5.0
321.17 3.5
323.14 24.8
325.40 1.9
333.24 3.7
335.42 2.4
336.25 5.0
337.38 9.0
338.43 7.7
339.34 2.1
340.50 1.6
341.39 1.4
343.96 2.8
345.38 3.3
347.22 14.3
348.26 3.7
353.08 2.5
355.23 45.0
359.23 2.8
361.37 1.2
362.24 2.6
363.43 4.0
364.27 1.3
366.18 3.6
367.55 4.0
368.29 3.0
369.30 1.9
376.16 5.5
377.36 1.5
379.07 10.0
379.95 1.1
384.14 2.2
386.63 5.9
388.08 1.1
389.30 5.9
391.39 12.9
392.29 3.2
394.60 3.0
396.40 2.0
397.44 2.6
399.22 6.8
401.25 2.5
404.23 3.7
405.50 2.6
406.42 2.8
411.16 13.7
414.50 1.2
415.48 8.2
417.54 2.6
419.12 3.6
420.36 35.3
421.08 3.9
422.27 4.3
425.61 5.6
426.61 6.6
427.35 3.8
428.52 12.4
429.48 5.6
430.13 1.3
431.87 1.8
433.10 3.6
433.80 2.1
435.28 15.9
436.49 6.1
437.21 3.1
439.43 1.9
440.99 1.4
444.70 7.6
446.40 9.0
447.30 2.2
448.36 1.1
450.11 2.2
452.53 1.3
454.09 55.0
455.37 10.4
456.36 3.0
457.31 6.3
459.19 20.4
461.43 24.6
462.56 7.9
464.34 12.3
465.59 30.3
466.44 2.7
467.54 15.8
468.32 12.9
469.27 3.0
471.29 4.5
472.25 3.1
473.29 13.3
474.97 3.3
477.42 3.4
479.40 9.5
482.00 2.0
486.13 1.7
487.23 2.8
488.46 6.0
490.78 6.3
491.48 7.8
492.29 60.7
493.46 21.6
494.08 2.5
495.44 2.7
496.99 2.7
499.11 33.6
500.43 2.8
502.32 4.7
503.40 5.0
504.47 2.7
506.49 5.0
507.15 3.1
510.44 12.7
511.70 9.0
514.47 2.4
515.44 2.5
517.28 13.7
518.47 2.8
520.55 4.3
521.84 16.9
523.26 3.9
526.41 6.1
529.47 16.8
530.66 4.3
535.03 9.8
536.54 1.6
537.39 3.4
541.52 3.7
542.35 5.7
543.05 4.1
545.00 1.7
547.43 4.2
548.47 12.7
550.52 9.1
551.44 13.2
553.06 3.2
555.08 3.9
556.25 3.6
557.28 10.2
558.37 23.2
559.38 8.7
561.39 2.1
562.73 30.4
563.52 28.6
564.52 48.0
565.42 3.5
567.12 54.4
569.60 4.8
572.36 5.1
573.64 17.9
574.87 4.6
575.47 70.4
576.13 1.7
577.53 4.7
578.36 6.3
579.29 37.5
580.36 68.2
581.49 406.0
582.39 16.6
585.15 12.8
586.75 17.2
587.35 4.1
588.89 4.8
590.06 10.8
592.50 8.9
593.45 10.3
594.11 1.9
596.48 18.4
597.22 172.8
598.33 30.9
599.40 9.6
600.65 5.6
602.88 1.9
604.04 1.0
605.21 14.3
605.88 1.1
607.50 12.4
609.52 2.5
612.54 7.0
613.99 8.8
615.23 4.4
617.39 10.0
618.23 10.4
619.15 16.8
620.29 10.1
621.27 2.1
622.52 12.9
623.53 20.2
624.26 1.6
625.56 3.9
629.32 2.9
630.57 2.2
631.38 1.5
632.70 8.6
633.46 8.5
634.65 24.1
635.44 13.3
636.37 5.8
637.48 8.3
638.45 10.3
640.09 28.6
642.24 47.2
643.35 120.1
644.52 10.0
646.37 3.7
647.19 7.3
648.10 24.3
649.17 2.4
650.82 19.4
651.64 21.2
653.59 1.8
654.47 6.7
656.78 70.5
657.56 37.0
659.92 11.4
660.54 119.1
661.46 136.6
662.36 11.4
663.18 2.0
664.57 7.4
665.74 3.2
666.77 13.6
669.32 15.2
670.50 53.2
671.26 8.9
678.61 9.5
679.79 2.4
685.30 2.3
688.48 15.4
689.51 8.5
694.70 2.4
697.85 3.1
706.53 6.1
712.30 1.4
713.46 2.2
716.25 6.7
719.17 1.5
724.29 9.3
725.56 1.5
731.85 2.1
732.85 3.8
733.60 2.3
734.49 5.9
735.19 2.9
736.21 3.6
740.70 5.9
744.51 3.1
747.00 9.4
752.19 5.4
757.24 2.9
758.37 1.4
764.24 50.4
769.78 15.5
770.43 6.9
772.91 13.1
775.35 45.4
776.14 2.3
782.28 20.6
783.58 6.8
786.43 3.3
788.75 7.2
792.71 1.8
799.65 1.7
811.09 3.0
814.20 2.1
821.53 4.5
824.51 5.0
825.55 7.6
828.59 3.0
829.29 4.4
830.55 10.8
832.17 1.8
833.14 6.1
836.24 1.9
840.80 12.3
843.03 4.1
847.75 4.6
848.52 3.1
851.48 7.2
855.60 2.4
861.49 13.9
863.58 4.8
865.60 32.3
866.74 23.3
868.42 16.8
869.66 5.9
870.57 16.2
885.47 8.1
886.38 22.5
892.22 2.1
896.29 6.2
897.78 3.7
898.55 3.6
902.36 1.7
903.56 39.1
904.32 2.2
909.91 4.7
910.58 4.2
911.57 2.4
913.98 1.4
918.85 1.9
920.62 2.3
922.77 3.1
924.50 4.7
926.95 6.2
936.73 5.0
938.61 2.3
941.31 5.5
942.48 6.2
957.04 4.1
962.62 6.0
968.27 2.0
970.90 1.6
985.59 6.3
993.21 4.9
994.57 1.4
996.42 3.3
997.31 2.1
999.37 3.1
1001.77 6.2
1003.75 2.9
1020.69 9.5
1025.80 1.9
1027.36 1.3
1035.60 6.8
1037.37 1.6
1041.55 9.2
1042.73 14.9
1043.49 3.3
1044.49 3.3
1052.56 8.1
1053.83 4.4
1055.30 2.8
1059.63 11.9
1063.30 5.0
1070.60 3.2
1082.61 33.2
1092.44 1.5
1093.98 3.5
1098.44 6.5
1110.15 3.9
1110.76 1.6
1111.55 1.8
1116.94 7.9
1120.90 1.1
1126.74 7.8
1134.72 2.8
1145.79 5.2
1151.29 3.3
1152.76 2.5
1154.79 13.5
1155.62 2.2
1164.49 2.8
1168.96 5.8
1171.34 1.7
1179.83 4.0
1182.63 2.4
1186.88 5.6
1197.56 9.8
1209.97 3.4
1210.91 2.6
1211.65 3.9
1223.94 1.4
1273.58 3.9
1320.44 1.4
1335.81 1.8
