603.0706 2
93.20 1.5
94.17 5.4
97.28 1.8
100.32 1.8
103.15 1.4
107.16 2.1
109.21 3.5
112.96 4.6
114.26 1.3
116.04 2.7
117.18 1.3
120.06 4.8
123.16 1.7
124.26 1.8
128.22 71.3
129.23 5.7
130.06 10.2
131.31 2.3
132.06 1.9
133.27 3.5
135.27 4.4
136.39 1.3
139.14 1.8
141.97 3.4
143.26 1.8
144.22 2.0
145.45 3.5
148.35 1.7
149.20 14.6
150.17 2.0
151.40 1.7
152.18 3.8
153.45 2.5
154.07 1.0
155.14 1.3
156.16 11.6
156.99 2.6
158.14 1.2
159.06 6.8
160.11 16.4
161.23 8.3
162.17 18.4
163.38 2.0
164.33 3.9
165.06 3.7
165.98 1.9
169.14 5.3
170.14 2.5
171.31 3.1
172.14 6.2
173.23 8.3
174.25 15.9
175.29 1.9
176.16 1.5
177.26 3.7
178.09 7.2
179.59 2.7
180.25 9.3
181.16 2.2
183.07 8.1
184.10 4.6
185.22 2.9
186.21 6.1
187.06 4.6
188.13 11.8
189.28 11.4
190.14 9.7
192.15 11.6
194.13 6.3
195.68 8.5
196.37 2.3
197.20 32.7
198.23 4.6
199.17 5.1
200.37 7.6
201.09 2.7
201.96 1.4
203.17 2.8
204.11 3.4
205.33 5.4
206.02 7.0
207.19 22.8
208.11 10.6
210.27 2.6
212.18 1.6
213.08 4.9
214.33 11.5
215.11 2.0
216.31 4.7
217.25 19.8
218.07 2.8
219.38 4.5
220.29 10.5
221.43 1.8
224.45 20.8
225.34 4.8
226.12 5.5
227.07 6.8
228.20 11.8
229.20 7.9
231.09 7.7
232.28 24.0
233.31 2.2
234.24 8.0
235.30 3.2
237.14 8.6
238.49 1.1
239.27 1.8
240.12 7.4
241.11 12.9
242.32 72.8
243.31 26.1
243.92 3.5
245.30 7.0
246.08 8.6
251.38 1.5
253.14 2.5
254.52 25.3
255.18 197.1
256.19 125.8
257.22 4.8
258.26 10.8
259.29 20.0
260.16 6.7
260.99 7.8
265.21 6.7
266.20 7.7
267.17 3.6
268.21 8.7
269.02 3.2
270.35 1.3
271.24 1.3
272.31 5.6
273.06 2.7
274.24 11.5
275.15 2.9
283.38 28.5
284.25 112.3
285.23 29.4
285.89 1.2
287.00 15.9
293.43 10.0
314.00 3.3
321.05 2.3
445.15 4.5
476.05 1.7
