746.40575 2
115.35 1.0
117.09 2.8
122.24 2.1
124.92 1.1
126.34 2.6
128.18 40.0
129.11 3.3
130.15 6.1
130.88 3.4
132.22 1.1
133.23 1.4
141.27 1.6
142.12 21.8
143.25 14.2
148.38 6.3
149.10 3.6
156.29 2.2
158.07 6.6
159.15 1.1
160.06 7.2
162.17 11.5
165.49 1.2
169.28 9.8
170.99 10.7
175.20 42.4
177.37 6.1
178.02 7.6
179.19 1.2
187.23 663.6
188.23 24.9
194.14 1.2
196.44 2.3
197.11 6.2
201.23 5.8
202.22 2.4
208.28 1.3
212.30 1.4
215.21 386.3
215.93 5.7
218.32 1.1
220.99 4.4
225.88 3.8
227.44 1.7
228.13 7.0
230.00 1.3
232.23 1.3
233.23 2.0
235.21 2.4
236.06 4.5
238.20 1.8
240.24 4.4
241.19 2.0
242.51 2.2
243.22 4.8
244.10 6.8
245.19 5.6
247.24 7.5
248.14 1.3
249.23 1.6
250.38 3.0
253.41 3.8
255.29 1.2
259.21 6.7
260.29 7.9
261.03 1.4
263.22 3.1
263.95 1.0
265.51 11.7
268.96 8.8
271.13 3.4
272.28 7.4
277.25 3.9
278.28 1.5
279.42 5.8
280.20 2.5
284.37 3.8
286.18 1.0
288.24 217.9
289.04 6.4
291.04 1.2
294.43 5.4
295.17 1.5
296.05 1.3
298.21 3.4
299.63 16.1
301.36 3.9
301.98 2.2
302.62 3.1
303.27 2.7
305.28 4.7
305.93 3.2
307.31 3.4
310.34 3.4
312.14 9.2
313.21 15.1
314.23 18.2
315.28 76.2
316.21 7.3
317.26 1.0
319.40 1.8
323.36 22.6
326.05 4.2
327.23 19.8
328.08 7.7
329.23 9.7
330.31 14.0
337.50 2.4
338.25 6.1
339.44 14.1
340.14 2.1
343.03 3.5
344.10 49.8
345.12 7.8
346.27 5.3
351.51 8.8
355.32 72.6
356.37 124.6
357.16 75.8
358.30 3.5
364.68 60.7
365.95 8.7
387.35 2.1
403.32 78.5
404.10 4.2
412.45 3.3
422.80 2.7
439.53 3.9
441.48 11.9
452.29 10.0
459.14 68.6
460.23 19.0
480.53 3.4
496.60 7.0
499.25 1.9
504.27 2.3
514.37 15.3
523.94 3.9
532.34 1640.2
533.31 111.0
535.39 5.2
546.62 7.8
554.27 1.7
560.35 2.0
572.44 3.8
576.29 1.5
577.34 5.2
591.63 1.0
604.84 3.2
626.43 2.3
645.36 8.9
647.07 1.4
662.96 2.6
724.76 3.0
746.47 4.1
