864.4227199999999 2
127.04 2.2
128.14 65.5
129.08 15.1
130.01 10.9
130.78 3.1
133.15 3.4
134.04 6.5
135.16 1.9
136.09 1.9
137.17 19.3
138.24 7.8
140.11 15.9
141.32 5.3
143.20 516.0
144.17 40.4
145.30 3.1
147.14 12.1
149.13 4.1
150.24 8.0
153.22 3.9
155.16 17.9
156.29 2.5
157.24 38.2
158.21 63.9
159.18 15.9
160.06 20.8
161.96 15.4
163.07 12.9
164.21 2.1
166.06 5.1
167.06 2.5
167.94 8.8
169.08 17.0
171.20 203.1
172.16 33.2
173.12 42.8
175.13 424.9
176.20 59.6
179.16 234.9
180.17 48.4
181.05 4.9
182.46 6.6
183.32 2.9
184.33 6.5
185.29 18.3
186.16 3.9
187.17 9.3
188.52 2.4
189.24 5.1
190.22 2.0
194.11 19.7
195.08 16.1
196.24 17.9
197.19 168.7
198.53 3.4
199.37 14.3
200.07 5.4
201.07 31.4
202.21 9.7
205.27 3.7
206.29 11.5
207.28 3.6
208.05 8.1
208.98 39.6
210.32 19.6
211.16 94.9
212.24 13.5
213.65 67.8
214.30 543.9
215.28 34.5
217.01 3.7
219.57 5.1
221.34 7.4
223.15 10.0
224.36 5.0
225.20 8.4
226.20 27.0
227.35 32.1
228.37 11.3
229.05 15.9
229.99 20.4
230.74 3.3
231.39 2.9
233.08 19.1
234.16 73.1
235.26 21.0
236.20 1.9
237.25 6.1
238.15 4.5
239.06 3.0
240.23 1.9
242.16 579.6
243.17 33.0
244.26 2.4
246.23 6.9
247.18 26.4
247.87 1.9
248.54 2.5
249.25 8.7
250.23 30.5
251.24 9.1
252.29 7.9
254.19 149.9
255.26 113.7
256.16 18.9
258.13 6.4
258.99 4.1
260.38 8.1
261.45 7.0
263.24 1.7
264.56 4.9
265.31 15.5
266.19 78.0
268.35 31.2
270.21 19.7
271.15 17.8
272.20 465.7
273.26 55.9
274.20 1.6
275.17 4.8
276.19 43.7
277.18 150.5
278.28 40.0
280.25 13.8
281.23 14.2
282.29 20.8
283.34 6.3
284.21 7.2
285.30 17.2
286.77 28.7
288.17 53.5
289.43 14.3
290.10 5.2
291.16 4.2
294.26 185.1
295.36 35.4
296.20 33.7
297.38 45.8
298.29 2.9
299.64 28.7
300.45 7.0
301.25 13.6
302.27 14.9
303.38 27.2
304.93 15.1
306.06 17.9
307.51 22.4
308.56 35.4
309.31 22.0
310.30 35.8
311.22 10.0
312.15 37.2
313.31 108.3
314.30 36.5
315.40 12.2
316.30 13.0
317.22 9.0
318.39 28.1
319.08 25.9
320.19 44.0
321.05 148.0
322.24 1092.0
323.14 218.9
324.33 34.1
325.42 76.3
326.34 30.3
327.77 26.2
329.06 21.8
330.10 92.7
330.98 26.7
331.64 8.0
332.26 14.7
333.37 32.5
335.02 16.3
337.10 26.6
338.56 68.9
339.18 34.8
340.31 35.5
341.27 115.0
342.06 51.4
343.08 165.8
344.07 239.3
345.02 89.9
346.13 28.3
347.72 392.1
348.40 30.8
349.35 11.8
350.19 31.3
351.25 61.6
352.29 31.5
353.30 53.1
354.28 30.7
355.25 20.7
356.41 10.5
357.55 22.1
359.24 79.5
360.42 52.9
361.33 42.6
362.25 18.4
363.48 20.1
365.52 201.5
366.26 107.6
367.43 35.9
368.23 24.6
369.32 23.8
370.49 54.2
371.59 58.6
372.42 65.4
373.31 10.6
374.36 112.9
375.51 35.8
376.33 10.4
377.24 12.1
378.27 41.8
379.18 14.2
380.69 184.1
381.44 67.7
383.44 836.9
384.61 110.0
385.42 105.2
386.21 70.7
387.03 178.4
387.97 143.3
389.22 60.6
390.33 58.2
391.61 39.6
393.07 218.8
393.91 392.2
395.64 494.9
396.37 95.5
397.39 70.3
398.35 22.7
399.50 45.3
401.01 67.4
401.99 1148.0
402.94 642.5
404.22 49.3
405.23 24.9
406.12 60.2
406.78 16.9
407.67 44.7
409.02 310.4
410.69 3440.9
411.33 1183.5
412.12 78.1
413.21 16.8
414.24 371.8
415.18 1126.5
415.96 140.7
417.84 1365.0
419.22 23.6
420.18 49.6
421.16 61.8
422.32 40.3
423.92 6267.9
424.91 33.5
426.72 17.4
433.09 1.6
436.60 5.3
437.36 12.9
438.30 7.8
439.23 5.2
440.43 6.8
441.38 14.7
442.29 2.7
443.12 3.7
445.75 1.5
446.37 5.1
447.38 36.4
448.03 16.5
449.81 4.5
450.42 54.5
452.29 69.6
453.19 4.8
454.43 84.2
455.36 12.3
456.36 6.4
457.41 5.5
458.31 32.7
459.43 56.9
460.56 10.4
461.35 1.8
462.40 13.9
463.89 24.9
464.53 3.7
467.21 11.4
468.06 35.1
469.44 11.9
470.44 7.1
471.73 15.8
472.41 148.3
473.41 34.3
476.34 98.4
477.28 196.1
478.15 26.9
480.19 182.8
481.38 17.9
482.35 20.5
485.20 7.4
487.30 2.2
489.62 22.5
490.36 10.5
491.55 4.7
492.26 4.9
493.34 6.1
494.45 37.1
495.39 19.1
497.41 73.3
498.33 80.5
500.49 6.7
501.58 2.6
502.23 2.5
504.45 2.6
506.39 3.2
507.40 8.1
508.21 13.6
509.25 21.2
510.51 2.0
514.22 4.6
515.62 3.2
517.21 2.7
518.84 17.3
519.59 6.5
520.51 10.4
521.48 13.0
522.27 7.9
524.41 1.8
525.40 51.7
526.34 36.4
527.36 36.3
528.11 1.4
531.02 1.6
533.37 159.7
534.48 29.4
535.41 79.2
536.39 52.2
537.54 24.2
538.51 76.5
539.53 11.7
540.64 8.5
541.91 11.0
543.33 488.7
544.25 85.1
545.36 8.4
547.44 39.4
548.56 5.6
549.27 13.8
552.29 340.2
553.39 138.3
554.27 20.4
554.94 33.0
555.58 5.3
557.33 39.5
558.53 6.6
559.25 4.2
560.57 9.7
562.42 10.2
563.16 13.4
564.68 33.2
565.39 463.0
566.44 144.5
571.50 232.1
572.48 68.2
573.30 9.3
575.37 64.5
576.49 172.7
577.36 60.6
578.48 10.2
579.29 5.2
580.28 2.9
581.72 9.8
583.54 9.4
585.24 3.9
586.39 3.7
587.58 7.1
588.55 1.5
590.42 63.7
591.40 8.3
592.71 10.9
593.47 407.1
594.53 106.4
595.52 9.9
596.87 8.8
597.80 4.4
598.75 20.2
600.00 6.2
601.58 1.5
602.37 7.5
603.25 7.1
604.24 14.1
605.32 16.0
607.38 19.3
608.41 3.5
609.25 64.7
610.21 4.1
611.38 78.7
612.31 29.0
615.46 3.4
616.54 58.3
617.35 10.8
618.29 14.4
619.51 11.2
620.37 10.0
621.30 24.4
623.34 2145.6
624.30 444.4
625.70 1.6
626.45 5.3
627.35 6.1
628.38 18.2
629.53 9.9
632.40 35.3
633.42 42.7
634.46 555.0
635.36 181.1
636.56 21.2
637.54 18.8
638.42 7.1
640.51 4.2
641.32 4.5
642.56 4.4
643.48 23.9
644.44 12.5
646.46 173.1
647.39 60.1
648.01 3.1
650.46 29.8
651.69 10.7
652.43 83.0
653.82 14.9
654.56 8.0
655.46 17.1
656.48 5.8
659.34 19.5
660.44 38.0
661.82 23.2
662.43 52.5
663.39 56.6
664.83 24.4
665.75 8.0
667.12 5.1
670.21 1.8
672.40 129.8
673.54 51.8
675.15 8.9
676.55 201.0
677.41 818.0
678.51 247.6
679.56 16.4
680.71 2.8
686.31 3.3
687.54 102.3
688.49 15.9
689.37 89.0
690.40 527.2
691.54 182.4
692.62 31.6
694.38 514.6
695.49 115.1
698.30 4.8
700.43 14.0
703.76 3.4
705.38 319.2
706.50 130.1
707.60 157.2
708.47 973.5
709.53 364.8
711.11 5.1
713.44 2.6
716.52 5.3
717.29 7.8
718.51 11.6
720.28 3.0
721.40 10.1
723.43 27.9
724.39 12.3
725.40 4.0
726.63 6.8
727.42 7.6
729.93 20.1
730.57 95.1
731.45 45.4
732.32 3.2
734.38 13.4
735.34 16.1
736.61 10.8
743.41 39.3
744.63 12.4
747.48 56.0
748.44 516.4
749.49 156.8
756.36 9.5
761.49 1.4
762.56 8.0
765.46 146.3
766.49 22.1
768.15 7.1
768.96 1.7
780.43 9.0
781.64 10.8
782.88 2.1
789.73 6.1
793.79 2.9
796.60 3.9
798.55 149.4
799.57 54.3
800.54 6.2
801.61 4.9
802.49 4.0
804.48 22.8
805.51 32.4
806.56 3.6
807.63 12.9
808.82 4.5
812.53 8.6
813.33 3.9
819.40 4.8
823.39 2.6
824.63 89.3
825.49 64.0
826.84 6.4
828.56 4.6
836.44 3.1
839.36 9.5
842.55 2793.9
843.56 1253.9
844.60 12.7
846.40 3.1
847.53 20.2
848.66 5.9
