996.5937399999999 2
133.26 1.4
144.07 10.2
147.20 7.9
149.12 13.8
150.15 3.4
151.10 7.7
152.37 1.1
153.08 4.3
154.15 2.0
155.11 5.6
156.37 5.6
157.25 10.0
158.60 7.0
160.12 47.4
161.16 10.9
162.20 17.0
163.19 12.3
164.31 10.9
165.27 4.2
166.25 36.1
167.14 4.8
168.07 10.2
169.23 5.4
170.23 2.4
171.15 8.6
172.25 10.0
173.24 13.7
174.19 6.9
175.20 26.3
176.31 19.3
177.15 98.5
178.20 3.9
179.20 7.4
180.18 8.3
181.17 7.8
182.22 20.5
183.09 4.2
184.07 10.2
185.63 7.9
186.32 14.8
187.26 17.4
188.21 76.2
189.12 11.6
190.19 6.1
191.14 12.2
192.00 9.2
193.24 7.1
195.04 33.2
196.20 49.8
197.06 6.4
198.52 7.7
199.14 14.9
201.21 20.8
202.20 1.5
203.19 5.9
204.08 1.8
205.12 8.6
206.06 1.8
207.19 12.8
208.09 8.0
209.26 29.4
210.14 178.7
211.17 10.6
212.18 4.3
213.20 16.6
214.10 8.6
215.21 11.6
216.25 34.4
217.16 67.0
218.22 28.4
219.29 19.9
220.10 3.3
221.22 41.1
222.12 2.1
223.13 10.5
224.19 17.3
225.20 20.5
226.38 19.4
227.53 10.7
228.19 8.0
230.26 7.8
231.18 13.2
232.16 176.6
233.18 21.1
235.06 13.9
236.35 19.7
237.33 5.4
238.25 17.3
239.21 94.2
240.09 22.3
241.20 15.9
242.27 6.6
243.25 12.1
244.25 18.9
245.12 8.5
246.10 8.8
247.23 4.6
248.12 42.7
249.21 8.9
250.15 14.0
251.05 5.3
252.22 24.2
253.02 8.1
254.15 190.5
255.24 31.4
256.08 15.3
257.23 15.8
258.09 4.4
259.00 11.3
260.30 40.5
261.10 144.0
261.91 37.9
262.58 6.0
263.25 9.3
264.20 22.6
265.23 45.9
266.18 24.9
267.16 29.7
268.28 22.6
269.16 15.6
270.19 11.9
271.16 22.1
272.28 17.5
273.27 15.1
274.31 14.4
275.32 23.2
276.11 73.6
277.18 10.9
278.18 4.6
279.12 30.9
280.22 10.1
281.20 14.8
282.17 19.6
283.17 83.6
284.13 49.5
285.19 8.4
286.21 7.5
287.31 17.8
288.19 13.7
289.23 36.2
290.28 19.4
291.17 24.7
292.06 19.4
293.32 19.3
294.20 4.6
295.28 11.5
296.12 18.2
297.24 42.3
298.13 37.2
299.16 15.6
300.04 16.0
301.21 45.8
302.30 21.0
303.28 78.4
304.24 37.1
305.25 85.1
306.28 12.5
307.19 11.4
308.25 15.4
309.18 31.1
310.32 8.9
311.09 5.3
312.09 5.0
314.16 32.9
315.26 7.8
316.09 9.2
317.31 11.5
318.20 21.0
319.24 31.1
320.21 97.1
321.32 31.1
322.21 19.8
323.16 23.1
324.07 20.8
325.16 15.4
326.17 44.5
327.19 77.6
328.22 20.6
329.13 4.4
330.29 16.3
331.22 18.8
332.15 19.6
333.35 7.1
334.37 7.3
335.23 35.1
336.22 45.7
337.18 57.3
338.22 69.3
339.35 12.3
340.21 12.8
341.20 23.0
342.13 30.9
343.08 7.1
344.29 17.7
345.28 23.6
346.27 8.1
347.32 17.4
348.19 63.0
349.28 76.4
350.10 4.0
351.23 9.4
352.09 16.9
353.17 51.8
354.17 40.4
355.31 49.2
356.22 33.8
357.29 13.7
358.35 13.7
359.21 11.5
360.23 7.0
362.17 870.9
363.27 202.8
364.27 27.2
365.26 14.8
366.34 182.7
367.23 76.2
368.12 12.5
369.25 20.7
370.20 39.8
371.29 44.3
372.43 41.0
373.38 11.7
374.18 6.0
375.42 16.5
376.36 7.0
377.39 13.3
378.65 10.1
379.56 24.1
380.23 101.9
381.31 42.6
382.16 27.0
382.95 16.5
384.21 423.4
385.18 110.9
386.32 21.5
387.50 6.2
388.44 21.0
389.34 9.8
391.57 11.4
392.42 2.4
393.17 31.6
394.23 15.1
395.37 16.9
396.52 15.4
397.28 27.3
398.25 17.7
399.30 15.1
400.25 24.2
401.24 22.4
402.28 9.0
403.23 4.0
404.26 98.4
405.47 15.6
406.29 16.5
407.21 8.3
408.15 9.9
409.11 11.2
410.20 19.0
411.13 62.3
412.30 37.8
413.29 31.0
414.53 33.1
415.35 34.7
416.40 19.1
417.38 53.9
418.22 24.8
419.31 23.2
420.03 2.6
421.17 8.2
422.49 5.5
423.53 10.4
424.25 32.8
425.33 36.1
426.35 34.0
427.37 24.5
428.32 7.6
429.40 10.3
430.39 6.8
432.14 8.4
433.07 39.1
434.25 22.5
435.35 36.5
436.26 52.9
437.27 71.4
438.26 32.9
439.21 45.7
440.38 60.7
441.46 23.5
442.29 26.7
443.25 19.0
444.15 10.9
445.51 11.4
446.31 106.4
447.17 7.2
448.54 24.5
449.21 26.5
450.50 35.0
451.29 69.8
452.20 66.1
453.34 79.2
454.30 64.2
455.28 93.3
456.25 18.8
457.26 28.9
458.00 7.4
458.99 13.5
461.07 29.8
462.19 63.6
463.28 162.1
464.29 11.1
465.29 20.5
466.34 6.1
467.14 7.3
468.29 83.6
469.77 22.7
470.54 22.6
471.41 44.1
472.47 2.9
473.12 1.2
476.60 95.9
477.55 14.9
480.22 626.0
481.25 712.0
482.24 142.3
483.15 5.9
484.26 12.0
485.12 3.3
487.21 10.3
489.66 77.1
490.41 14.8
492.39 1.5
499.12 1.2
509.04 1.6
511.30 5.0
515.68 10.9
521.33 14.1
525.38 135.0
526.40 6.8
528.34 5.3
529.33 4.8
537.50 5.3
538.58 1.3
539.40 19.2
540.29 2.1
541.41 17.7
542.97 1.3
543.58 2.3
551.41 4.9
553.83 1.2
556.06 4.0
558.13 2.0
562.32 1.8
565.31 17.5
567.30 4.3
569.33 213.9
570.57 17.6
572.45 2.4
573.45 6.3
579.16 2.0
581.50 7.6
583.50 45.9
585.31 9.6
586.28 9.3
595.41 14.2
599.53 5.9
607.72 1.3
609.46 34.6
611.40 4.6
613.38 347.0
614.36 6.5
617.07 4.1
625.43 9.7
626.88 11.0
627.54 112.9
628.67 12.1
629.46 24.4
630.66 3.2
636.57 4.6
640.09 105.4
640.95 16.0
643.40 24.8
644.50 1.7
651.50 3.5
653.51 15.0
655.59 4.8
657.45 227.6
658.59 21.4
669.48 8.2
671.45 139.8
672.34 24.9
673.46 13.4
674.64 8.7
677.54 2.1
679.24 3.2
683.47 5.1
687.42 2.6
688.45 12.7
694.59 6.4
697.50 30.9
699.67 4.4
701.43 210.1
702.28 6.8
703.58 3.4
704.50 2.1
713.57 2.8
715.55 203.4
716.72 31.1
717.53 7.0
718.57 5.9
720.53 1.9
730.48 3.2
731.53 19.1
732.36 5.8
733.47 2.5
734.86 3.9
736.52 3.1
739.64 3.6
741.20 3.0
741.99 7.3
743.70 1.0
745.48 128.6
746.59 14.8
751.56 1.2
753.33 1.7
754.47 28.5
755.41 16.1
757.53 3.2
759.51 200.1
760.40 12.9
761.45 9.4
762.57 5.2
763.59 2.4
767.36 1.1
775.52 24.0
776.64 5.4
785.67 9.7
789.70 39.5
790.61 2.1
802.31 4.2
803.60 137.6
805.16 3.9
806.33 2.1
819.51 7.5
833.47 13.4
847.52 43.1
848.69 11.3
859.47 1.4
863.46 11.3
867.88 3.5
874.49 4.9
882.75 1.4
973.57 1.1
975.87 1.6
976.61 5.1
