1104.46599 2
175.19 16.0
176.25 3.9
190.22 5.2
202.14 1.9
206.20 2.0
221.31 2.6
234.11 1.1
236.17 1.9
240.70 3.2
250.32 19.2
251.40 5.0
254.69 6.8
262.22 1.5
263.18 3.0
265.35 6.1
266.28 2.0
268.20 7.8
273.41 5.8
275.69 19.7
285.33 2.1
291.97 2.4
293.00 3.7
294.30 5.4
296.34 4.6
297.21 1.8
298.29 2.3
301.18 1.6
302.16 10.5
303.26 12.6
304.52 3.0
310.07 6.7
310.67 14.8
315.43 5.8
320.31 5.3
322.19 3.2
324.15 9.4
331.52 38.1
336.23 1.9
337.00 13.5
340.32 67.5
341.27 2.6
345.16 2.5
346.33 5.1
349.11 32.3
349.90 4.1
354.45 11.1
359.31 7.4
361.26 2.8
364.27 1.8
365.22 3.2
367.90 10.1
372.20 1.2
374.18 3.6
376.66 32.9
377.30 17.8
380.32 1.7
382.29 1.2
389.32 37.3
390.02 1.1
390.76 6.9
396.37 4.7
398.01 123.3
399.19 4.3
400.25 15.2
401.72 10.4
406.91 241.0
408.64 2.7
409.38 3.7
411.85 1.2
414.74 5.9
415.59 9.0
417.08 16.6
420.99 1.2
422.32 1.3
425.20 2.2
428.72 3.0
431.86 10.2
432.80 4.2
438.25 6.8
439.09 7.3
444.40 5.7
446.02 33.0
446.78 6.4
447.80 5.9
452.96 30.6
453.60 2.2
455.78 4.1
456.55 2.4
457.49 4.2
458.39 8.5
460.26 6.4
462.40 32.6
463.20 2.0
464.28 1.6
465.61 5.8
467.32 8.1
468.17 2.4
468.89 4.2
470.69 10.0
471.33 14.6
474.63 5.6
475.43 1.4
476.31 21.0
477.00 2.0
478.77 6.4
481.84 2.6
483.52 5.2
486.22 7.5
487.58 21.6
488.96 13.3
489.62 4.0
492.36 1.7
495.20 2.7
496.13 1.2
498.38 3.2
499.37 5.2
502.49 4.3
504.26 18.9
504.97 36.2
505.74 5.5
507.33 9.4
508.44 7.0
509.30 2.5
510.53 7.7
511.32 2.3
512.34 5.7
513.64 137.6
514.59 40.4
515.47 4.8
516.93 2.8
517.98 17.9
520.96 25.6
521.60 8.6
522.91 472.0
523.85 14.4
526.15 36.6
527.08 52.3
530.50 32.5
531.37 9.4
532.65 4.9
535.00 482.6
535.76 150.9
536.46 18.3
537.32 7.2
543.82 701.3
544.47 191.6
548.46 1.9
574.33 1.3
575.25 8.1
576.16 1.1
581.41 1.6
589.57 2.1
592.36 4.3
593.37 2.6
597.18 1.7
600.74 12.0
602.33 6.2
620.04 5.6
621.49 1.1
622.28 4.3
630.35 1.8
637.54 5.3
648.59 3.7
666.07 5.3
670.20 4.2
671.21 1.8
672.16 1.9
678.28 1.8
682.29 1.6
687.31 9.0
688.36 3.7
695.21 4.3
696.55 1.8
699.32 2.4
705.38 43.4
706.33 15.4
707.40 3.4
708.61 5.2
717.39 4.5
720.38 9.4
723.30 1.3
728.54 3.9
732.43 2.4
734.35 4.3
735.46 3.3
737.61 3.5
740.22 11.0
741.54 3.3
748.58 4.0
752.44 2.7
753.42 2.5
757.20 2.0
759.34 4.1
762.52 4.4
764.52 5.8
778.40 7.5
788.97 2.8
789.67 2.7
794.65 10.5
795.55 8.0
796.47 3.5
797.81 1.7
801.02 3.7
802.45 20.3
803.40 1.8
804.36 3.2
812.45 3.2
813.50 1.5
817.32 1.7
818.12 7.5
819.18 12.3
820.17 6.6
831.37 4.4
835.71 2.9
854.48 1.9
862.71 2.0
874.45 4.4
876.83 2.3
878.69 2.4
881.53 1.8
891.31 1.2
893.70 1.8
894.34 2.5
895.49 1.8
896.59 2.4
898.34 2.6
912.45 6.7
913.24 6.5
914.35 19.3
915.46 15.8
923.45 4.1
924.42 1.1
927.34 1.6
930.47 39.1
931.56 15.6
934.21 2.8
947.49 2.3
948.38 7.2
950.64 7.1
951.56 11.1
952.73 2.8
959.50 1.3
969.04 1.3
991.26 4.3
1051.47 4.2
1066.62 79.9
1067.39 17.0
1067.99 7.7
1106.87 1.4
