1133.5634 2
160.08 3.0
169.35 1.2
175.17 6.9
180.42 1.3
183.06 1.0
187.15 3.3
195.22 6.0
197.29 38.7
198.33 11.0
199.31 7.7
203.23 4.4
203.94 3.0
205.26 2.3
209.79 2.8
212.35 3.7
213.24 9.1
214.38 7.8
215.35 2.3
216.22 1.8
221.25 3.5
224.26 31.4
225.26 36.6
226.24 8.2
227.15 2.1
230.25 4.6
242.19 19.8
243.18 9.9
244.24 2.7
245.26 1.3
248.38 3.2
249.82 4.2
252.40 2.8
255.39 1.9
257.08 1.7
259.18 3.0
261.15 3.2
262.32 3.1
264.40 4.5
266.13 7.0
268.45 4.7
271.19 5.2
273.23 6.0
275.37 10.5
280.93 1.0
286.24 4.8
288.16 4.7
289.22 1.2
290.27 5.8
294.05 2.8
295.17 1.8
297.24 1.4
300.08 12.6
301.20 17.4
304.00 11.2
307.21 2.3
308.20 5.6
311.32 1.0
315.86 2.5
316.47 4.5
317.33 6.1
318.21 8.9
319.21 5.6
320.28 16.5
321.32 4.3
322.20 2.7
325.22 2.1
325.85 1.1
326.51 5.3
327.42 5.0
328.26 4.4
330.17 2.2
335.29 290.9
336.30 17.2
337.32 27.9
338.27 38.1
339.27 11.8
343.10 3.2
346.12 8.5
347.36 1.6
348.60 2.2
353.24 13.1
354.20 6.4
355.34 27.5
356.38 5.8
357.43 4.2
362.01 1.6
368.23 1.8
369.50 1.7
371.31 4.2
372.36 10.3
375.21 2.2
381.11 2.5
381.75 1.1
383.35 13.3
386.35 1.0
387.13 1.3
388.14 7.5
389.46 1.9
390.16 2.0
393.20 9.7
393.94 1.3
395.30 5.3
397.26 1.2
401.12 7.0
404.15 2.4
404.80 2.8
406.41 10.2
407.18 4.4
410.22 3.3
411.36 5.5
412.41 1.8
413.78 4.9
415.24 2.0
420.39 2.9
421.40 20.4
422.34 7.9
423.12 3.4
425.20 1.7
426.07 6.6
428.35 1.6
429.42 8.0
430.85 280.0
432.11 9.8
433.25 3.0
434.22 2.2
436.39 3.9
437.49 19.8
438.41 8.9
440.50 5.9
445.45 21.3
446.20 8.7
447.08 14.9
448.51 24.5
449.32 6.9
452.90 15.7
456.40 10.8
457.39 1.4
460.27 8.2
462.56 3.1
464.33 115.9
465.36 12.7
466.37 100.9
467.44 34.4
468.47 1.6
470.52 8.3
472.27 2.4
472.95 5.0
475.64 15.1
476.49 7.6
477.51 1.1
478.15 4.2
479.06 2.4
480.61 10.0
481.63 14.7
483.09 5.3
484.38 46.8
485.68 3.0
489.35 2.4
491.53 2.0
493.66 14.3
495.20 12.7
497.95 15.2
498.70 7.8
500.47 1.1
502.16 9.4
503.05 14.4
503.83 27.1
505.69 8.4
506.34 6.7
507.11 2.5
508.55 19.3
509.89 10.7
512.24 4.1
513.18 13.5
514.57 14.7
515.33 2.0
517.78 8.2
520.17 1.6
521.94 19.6
522.88 6.8
523.66 7.2
524.46 4.4
526.03 6.4
527.13 9.6
529.08 9.4
530.27 2.7
532.10 15.1
532.95 13.4
535.20 8.0
536.09 16.9
537.05 12.1
537.98 2.7
539.20 8.8
540.57 26.9
541.46 17.9
543.52 4.7
544.86 26.9
545.96 24.1
549.22 120.2
550.09 112.0
551.02 13.2
552.10 22.0
552.89 3.8
553.57 1.7
554.90 19.6
556.00 6.3
558.18 209.4
559.01 219.2
560.47 1.6
572.38 3.5
575.25 2.5
576.38 4.7
578.40 4.5
591.63 1.0
593.27 36.6
594.44 14.5
598.57 1.9
602.36 5.6
605.34 1.7
606.14 3.1
615.25 6.0
616.50 2.5
617.47 2.7
626.35 1.1
631.32 4.9
632.41 8.1
633.18 2.5
634.50 7.0
635.30 2.8
641.34 7.3
648.46 1.6
650.29 557.5
651.35 109.1
652.33 10.4
653.43 12.0
657.44 2.0
660.25 2.7
660.91 8.7
664.80 9.9
668.56 1.3
670.30 54.6
671.54 19.4
679.07 3.3
684.44 6.9
685.31 1.9
686.46 5.3
688.22 8.5
689.90 4.7
696.65 8.8
697.57 3.4
698.27 6.7
700.14 4.8
700.99 3.2
709.50 9.2
710.21 3.7
713.66 2.7
717.61 8.6
718.92 1.6
720.25 3.7
728.20 6.3
736.58 4.8
742.88 7.9
744.57 1.2
746.61 2.0
748.10 1.1
753.45 4.1
756.02 5.6
757.34 3.3
759.16 2.2
761.34 56.9
762.27 12.5
763.52 10.7
764.66 1.9
765.74 4.9
767.33 1.2
771.63 6.5
772.69 2.4
773.65 2.5
774.52 11.2
775.69 2.5
779.35 332.5
780.47 110.3
781.50 29.8
782.46 27.7
783.40 7.8
786.59 4.0
787.53 5.3
791.56 1.8
794.27 3.6
799.40 132.2
800.44 66.6
819.53 1.3
824.36 1.9
826.61 1.0
828.57 1.8
830.20 15.1
831.86 5.8
832.81 1.7
839.44 4.0
844.49 2.3
846.27 1.1
847.61 1.7
849.73 3.0
856.39 11.0
857.60 11.9
858.57 1.0
873.69 13.2
874.35 1.7
875.58 7.0
876.59 2.7
883.01 2.5
885.48 7.8
886.54 4.0
892.44 626.8
893.56 162.9
896.29 1.5
898.57 1.1
901.64 2.2
913.15 3.6
915.24 2.7
916.52 7.2
920.34 3.9
921.28 1.0
929.89 5.5
938.22 3.4
940.47 4.3
942.37 12.7
943.52 4.4
946.29 1.0
956.68 2.1
957.56 4.6
958.99 13.9
959.64 20.7
960.58 12.6
967.15 1.4
968.69 3.3
975.52 3.3
976.62 8.0
977.87 4.4
978.78 2.2
981.52 2.7
987.61 3.4
988.65 4.7
995.57 4.1
996.23 3.3
1005.54 347.7
1006.57 187.2
1007.46 3.2
1015.47 36.0
1016.81 2.3
1027.54 3.5
1029.26 2.7
1033.81 2.7
1035.92 3.2
1112.83 1.0
1138.53 1.6
