1584.71976 3
155.15 21.5
156.24 1.9
163.25 1.1
169.21 3.9
170.27 3.4
175.16 10.9
177.27 1.5
181.13 1.3
186.01 2.2
187.04 8.6
195.01 3.6
195.95 2.5
199.23 1.3
201.11 1.1
202.21 15.5
203.27 2.3
206.39 2.4
213.46 2.5
224.99 1.5
226.25 1.4
227.49 2.2
230.01 1.7
233.21 10.3
235.15 1.6
236.36 6.1
246.17 4.5
249.20 7.2
258.03 2.4
259.13 6.1
260.32 7.3
261.27 1.2
265.26 19.8
268.27 1.8
270.26 4.7
271.34 4.0
274.34 1.9
277.32 1.8
278.40 6.5
279.03 2.1
282.04 2.0
283.12 1.7
285.73 3.2
287.31 5.6
289.14 13.6
290.35 34.6
291.15 9.7
293.19 50.2
300.23 11.5
301.19 9.1
301.83 1.2
308.08 5.6
311.27 7.7
312.20 13.0
314.38 1.4
318.15 107.6
319.12 13.2
325.01 2.0
328.86 2.8
333.42 1.3
334.32 2.1
335.73 11.8
339.25 11.5
340.49 1.6
343.25 2.5
344.26 4.4
350.46 13.3
355.28 4.1
356.26 8.8
357.16 3.3
361.15 2.0
363.24 1.1
367.43 1.1
368.24 16.8
369.35 99.9
370.38 6.7
370.98 1.3
374.02 1.9
375.15 4.0
378.05 1.9
380.02 7.9
382.16 2.1
384.18 21.2
385.06 7.8
387.10 7.1
388.12 1.1
389.43 1.1
390.27 5.1
391.28 1.8
393.23 8.9
394.20 17.5
396.12 1.4
398.84 2.0
400.69 7.8
401.36 10.3
402.32 1.8
404.29 4.3
405.23 5.3
406.15 1.7
407.33 8.4
408.26 2.1
409.19 3.0
411.20 1.7
412.91 4.9
413.81 1.1
414.97 46.9
416.41 11.7
417.46 4.5
419.27 31.3
420.47 11.2
421.22 7.4
422.81 14.8
425.90 48.6
426.99 7.3
427.91 25.4
429.34 11.7
430.29 10.0
431.19 4.0
432.23 4.0
433.26 5.1
433.92 1.3
434.89 11.0
436.09 1.5
436.81 45.0
437.69 3.2
439.20 7.4
441.04 4.8
441.88 8.4
444.25 5.6
445.48 13.2
447.34 90.0
448.26 21.1
449.27 8.4
453.52 11.5
454.64 39.4
455.43 4.7
456.99 2.0
457.83 7.9
458.94 9.9
459.58 6.1
460.69 3.7
461.30 2.8
462.15 3.7
465.78 46.2
466.64 11.2
469.98 13.5
470.86 4.0
471.87 88.0
472.70 6.2
473.73 2.8
475.25 4.3
476.34 210.8
477.71 61.9
478.54 16.9
480.37 37.6
481.28 7.1
482.16 20.9
484.44 5.1
485.38 5.0
486.29 5.7
487.40 23.9
488.44 32.1
489.35 37.6
490.75 3.3
491.91 2.7
493.71 10.3
494.62 17.2
495.38 6.7
496.47 15.3
497.21 7.2
498.05 128.5
499.03 24.5
500.20 19.0
500.91 8.6
503.89 11.6
504.54 65.7
505.68 20.3
507.19 32.6
508.26 36.6
509.08 29.3
510.22 185.5
511.62 82.9
512.67 24.4
514.40 18.9
515.25 18.5
516.26 16.1
517.40 658.0
519.03 38.2
520.12 24.3
520.82 46.9
530.86 3.3
534.44 1.3
539.42 15.5
540.46 7.4
542.27 3.0
543.23 3.1
545.32 4.6
547.86 2.1
552.08 37.9
555.15 2.0
557.38 1.3
561.04 249.7
562.30 25.8
566.80 8.2
570.04 1080.6
570.93 127.2
572.22 1.6
573.37 13.2
574.67 1.6
575.32 1.3
582.12 9.8
583.34 1.9
584.37 10.5
585.99 6.8
590.99 24.1
591.59 8.6
592.32 2.7
594.84 4.9
595.99 5.2
598.32 12.3
598.95 3.9
600.12 21.7
607.49 15.7
608.64 5.2
609.32 19.0
612.23 2.3
616.49 102.8
617.43 16.7
621.32 1.8
624.45 6.2
625.53 404.4
626.38 109.4
627.26 45.5
628.38 9.0
632.32 3.2
634.54 703.2
635.41 99.7
636.06 15.6
637.36 12.3
642.29 4.3
643.36 2.4
648.37 2.1
651.46 1.6
658.66 2.8
660.61 8.7
661.54 1.9
665.30 10.2
667.91 3.7
669.48 2.4
674.65 3.0
676.58 9.2
677.65 4.5
678.62 10.2
679.84 10.4
683.25 7.2
684.43 1.9
686.07 4.7
692.21 11.3
694.45 1.5
695.30 9.7
696.72 9.9
698.07 53.2
698.99 5.2
699.66 6.4
701.69 1.9
705.74 9.2
707.15 235.0
708.07 7.5
710.47 4.2
713.41 131.7
714.58 34.2
716.12 1050.0
717.07 162.3
718.44 21.3
719.80 2.1
720.95 24.3
722.36 1.6
725.74 3.1
729.52 1.9
735.59 2.4
738.39 4.2
740.51 4.7
749.64 2.3
756.00 4.8
770.06 3.2
773.76 2.9
780.37 4.7
786.76 1.2
787.75 3.8
795.41 1.1
804.53 1.1
805.60 4.4
806.36 3.3
813.67 2.0
814.64 4.0
836.43 6.8
838.47 1.4
840.46 4.0
842.48 2.9
850.36 2.0
852.31 3.0
859.31 2.3
872.13 6.0
873.29 6.4
874.51 5.5
877.54 4.5
882.29 2.9
892.58 8.8
895.68 2.6
896.49 3.3
897.19 1.4
899.59 6.8
907.48 4.7
908.42 4.8
909.76 4.6
912.71 1.5
928.74 1.9
941.50 4.3
965.72 4.6
966.58 1.1
991.37 1.9
994.50 4.6
995.39 3.4
1018.71 4.9
1028.53 3.8
1046.63 9.3
1052.84 1.9
1055.31 1.6
1093.54 1.8
1120.39 2.8
1139.35 4.0
1256.62 8.9
1257.64 5.6
1258.32 5.9
