1762.69109 2
251.01 6.8
254.15 2.4
265.13 1.7
266.17 3.7
269.31 3.3
272.20 3.0
274.25 1.7
284.10 1.6
291.13 3.3
296.57 2.2
299.37 2.1
301.27 5.8
303.16 1.2
305.82 1.3
310.23 4.1
311.34 1.2
313.07 1.3
314.23 3.8
322.23 2.6
326.23 1.8
330.29 5.5
332.38 1.5
335.18 3.5
341.25 9.5
350.22 3.1
357.05 1.4
358.20 7.8
360.14 3.0
362.37 1.7
370.32 4.5
376.19 5.0
377.23 13.2
378.13 3.6
381.40 3.8
386.99 2.6
395.28 12.9
397.05 1.1
398.18 6.9
400.40 5.2
404.13 1.9
405.42 2.7
410.23 4.6
415.14 2.7
416.11 1.8
422.35 4.3
425.59 1.8
426.34 3.6
427.16 4.4
429.50 2.7
433.25 10.6
434.07 4.1
435.07 3.1
436.20 3.8
445.34 2.1
451.46 1.5
455.06 3.4
456.33 1.7
460.13 1.0
461.43 2.1
465.76 2.2
467.37 2.9
468.96 1.7
473.16 5.6
484.37 4.7
485.10 3.1
491.32 5.8
492.60 4.8
499.31 2.0
502.38 1.7
504.30 5.5
506.33 7.6
507.31 2.5
509.60 2.4
525.99 6.8
530.21 4.7
531.26 4.3
532.20 2.2
534.36 2.8
536.45 2.5
539.15 3.3
543.49 1.4
544.17 3.7
549.41 4.4
550.13 1.7
554.28 12.3
555.41 1.1
556.32 1.8
558.41 6.3
562.30 1.9
572.71 6.4
574.24 1.5
583.16 2.1
591.68 4.2
596.51 11.2
597.85 5.1
605.52 1.6
616.08 6.9
617.51 2.6
619.76 10.7
624.77 6.8
626.23 3.1
627.83 4.9
628.43 3.3
632.86 1.8
635.29 8.4
638.94 5.0
641.35 7.4
642.37 2.6
645.57 7.1
647.16 14.7
649.29 1.9
655.37 3.0
657.35 1.7
664.29 7.0
665.50 10.7
666.52 3.9
667.51 1.6
668.34 1.3
674.56 2.1
675.49 3.2
677.15 3.2
683.63 10.0
684.66 10.4
686.44 2.8
687.45 3.3
695.59 3.7
703.27 2.8
704.60 6.5
707.32 4.6
708.72 4.5
709.60 2.3
713.00 6.1
714.37 9.0
715.10 8.4
716.37 1.4
717.61 6.8
721.48 8.4
722.67 19.7
723.49 19.0
728.31 14.7
732.47 6.2
733.30 2.0
734.38 11.7
735.39 2.7
739.60 3.3
740.30 2.1
744.68 2.4
745.55 1.4
747.38 2.2
750.52 2.0
751.32 2.0
753.40 4.8
754.56 1.2
757.80 28.8
758.46 3.2
760.42 1.3
761.63 3.5
762.58 14.5
763.48 3.7
764.84 5.8
766.69 28.2
768.05 11.8
769.24 3.3
770.56 3.7
771.51 2.1
773.45 7.0
774.99 3.6
776.42 7.3
777.48 23.6
778.41 10.4
779.45 2.9
780.70 2.6
781.34 3.2
783.23 4.5
786.43 4.6
789.94 1.6
791.67 18.3
793.31 9.0
798.20 1.4
801.11 12.6
804.69 2.4
806.25 14.0
809.81 13.3
810.44 12.3
811.49 2.7
812.10 2.4
812.72 1.7
814.95 11.8
815.56 6.3
819.50 5.1
821.04 20.3
821.74 1.3
823.01 72.1
825.01 11.3
825.86 1.5
827.13 1.3
829.66 18.4
831.12 7.3
832.22 13.0
834.01 21.0
835.81 7.8
837.57 5.9
838.37 13.6
839.86 130.0
840.79 33.1
842.95 30.5
844.15 8.9
844.85 12.6
845.47 82.9
846.45 1.9
847.59 3.7
849.01 70.3
850.19 40.1
850.94 12.7
851.73 139.4
852.69 87.7
853.75 7.2
854.89 18.5
855.61 40.2
856.32 8.7
858.16 357.8
859.13 30.5
860.16 151.4
861.42 5.9
862.29 4.1
863.03 70.3
864.18 288.6
865.01 167.5
865.94 24.0
867.13 251.3
868.08 54.3
873.17 146.6
874.20 5.0
904.24 2.6
906.27 3.6
907.34 5.4
914.51 15.5
915.58 10.7
919.33 5.2
924.54 12.8
925.28 4.4
927.39 1.7
929.77 2.3
932.42 5.5
935.87 3.2
936.63 8.8
937.41 3.0
945.28 2.8
946.55 3.0
947.51 1.3
949.78 2.5
954.30 5.4
955.60 1.8
957.51 6.9
960.39 1.2
963.61 17.2
964.54 5.2
965.39 6.1
972.72 5.6
975.20 7.7
977.55 4.2
978.30 2.6
979.26 3.1
980.74 1.6
982.64 2.9
983.37 6.2
988.58 5.7
993.22 2.2
994.47 5.8
1001.46 11.3
1002.66 3.0
1003.52 1.8
1006.52 16.4
1007.37 7.1
1011.48 2.5
1012.72 22.8
1014.30 2.2
1017.27 5.0
1024.50 1.1
1026.58 2.3
1032.71 8.2
1033.79 3.3
1034.66 1.3
1035.54 6.6
1036.22 3.7
1040.61 3.3
1041.55 2.8
1045.31 4.3
1050.52 40.9
1051.60 10.7
1052.25 11.9
1053.37 1.2
1056.45 5.8
1057.20 2.5
1058.57 1.5
1063.18 2.0
1070.36 2.3
1075.70 3.2
1076.56 3.3
1077.61 4.2
1081.63 10.3
1088.55 18.0
1091.37 2.8
1093.49 15.3
1094.67 1.7
1095.61 3.2
1098.37 8.5
1099.11 2.2
1100.49 2.8
1101.38 1.1
1107.27 1.6
1121.39 1.3
1122.61 7.4
1131.55 1.1
1137.36 4.8
1139.56 14.6
1140.36 2.0
1142.43 5.6
1149.55 2.6
1150.78 3.1
1155.56 3.5
1164.58 1.7
1167.66 4.2
1168.52 9.1
1170.76 5.5
1203.38 3.8
1212.75 1.2
1213.51 11.0
1214.69 3.5
1224.76 1.7
1226.63 1.0
1232.47 2.7
1233.70 1.3
1238.64 1.1
1240.98 4.8
1242.53 2.6
1244.34 4.5
1247.79 6.9
1251.67 5.5
1252.62 1.6
1254.51 2.2
1255.35 1.8
1256.81 2.1
1257.61 4.2
1266.41 6.6
1270.49 3.5
1271.77 8.2
1273.79 2.5
1279.49 2.5
1284.51 7.9
1288.65 4.6
1293.62 1.5
1298.28 4.0
1300.55 4.1
1301.51 5.4
1302.74 8.9
1303.77 3.9
1305.14 5.9
1309.57 2.7
1312.70 1.7
1313.59 1.6
1314.70 3.8
1321.89 1.8
1327.41 6.1
1328.47 8.8
1329.54 4.5
1330.50 24.5
1331.81 5.0
1347.71 1.1
1348.56 1.2
1351.71 1.3
1352.70 2.5
1354.89 2.1
1355.80 3.0
1357.53 1.5
1359.61 1.4
1364.44 2.6
1368.66 6.8
1370.48 5.6
1371.35 5.7
1373.77 2.8
1375.28 2.3
1376.11 2.5
1384.46 12.9
1385.54 10.5
1386.74 2.7
1387.98 2.9
1389.02 8.5
1390.86 1.6
1396.67 1.3
1399.73 2.0
1405.63 3.8
1406.79 3.0
1408.34 3.2
1411.95 2.0
1417.76 1.3
1427.99 8.0
1428.70 3.8
1435.94 5.2
1438.66 2.2
1439.86 2.0
1446.62 4.8
1447.60 13.7
1456.80 15.1
1457.51 5.2
1459.90 3.5
1461.47 1.4
1471.77 2.8
1474.60 5.1
1475.69 3.2
1476.93 5.6
1484.94 4.6
1486.84 1.8
1492.07 2.0
1500.62 4.7
1503.50 12.8
1513.96 2.0
1515.51 2.6
1531.57 3.0
1532.57 6.1
1541.25 2.1
1544.46 6.7
1553.50 4.5
1558.67 8.1
1560.53 9.7
1561.65 6.9
1570.44 7.0
1572.02 3.6
1577.65 2.5
1588.67 24.7
1589.66 14.5
1590.75 3.8
1601.74 1.6
1605.34 3.2
1606.76 34.2
1607.58 3.9
1608.65 11.4
1742.94 1.5
