2662.39725 3
253.20 4.8
256.15 1.2
261.16 4.5
262.26 2.9
269.20 1.0
269.83 2.1
273.55 2.4
274.39 5.9
281.29 1.4
282.07 1.3
285.27 1.6
296.30 1.5
297.29 3.3
301.11 33.9
302.23 6.0
303.65 1.4
306.16 1.5
307.15 3.5
312.22 2.7
313.28 1.5
315.16 3.0
317.20 1.0
319.13 2.7
323.13 1.5
324.37 2.2
325.23 4.0
326.34 1.7
330.49 3.3
334.24 1.5
340.23 1.4
341.15 2.5
342.48 1.2
351.16 6.5
352.14 6.3
353.34 2.6
354.33 1.7
357.23 2.5
358.32 3.1
359.24 6.1
360.15 3.4
361.27 2.6
367.33 2.1
368.31 1.2
370.29 2.4
371.10 14.0
372.45 3.8
375.39 3.3
376.21 9.9
377.40 1.2
380.32 8.3
383.37 2.0
385.45 14.3
387.46 5.3
388.39 5.3
392.62 2.2
393.66 5.1
394.57 1.5
399.20 6.2
403.25 2.3
408.21 1.2
410.37 1.8
411.35 4.9
412.35 4.8
413.34 2.0
414.78 4.3
415.41 8.5
416.20 20.9
417.20 16.0
419.26 1.9
420.30 2.3
421.41 3.0
423.22 5.8
424.32 2.3
425.16 2.1
426.16 6.5
427.40 4.5
428.35 5.8
429.48 2.9
430.35 4.4
431.36 1.2
433.37 12.1
434.28 2.7
437.19 14.8
438.28 9.1
439.00 3.9
440.33 1.8
445.09 3.0
447.24 2.3
448.31 9.2
449.19 6.0
449.95 1.5
451.47 3.1
453.19 8.6
454.24 13.3
455.32 6.3
456.29 11.5
457.10 3.3
458.26 8.2
464.40 2.8
465.10 10.7
471.06 11.7
472.16 13.2
473.15 4.5
475.42 2.8
481.25 16.0
482.35 11.3
483.23 7.6
484.40 1.3
485.12 3.3
488.03 3.3
490.19 3.1
492.37 5.7
496.37 14.7
497.36 2.1
498.35 12.5
499.24 61.2
500.16 27.1
501.47 3.5
502.45 1.5
506.19 7.4
507.56 2.7
509.85 3.1
514.46 7.4
515.16 8.5
516.34 11.5
517.38 47.1
518.31 11.3
520.30 4.7
523.57 5.4
525.51 2.1
526.53 7.0
527.74 7.5
528.50 3.0
529.62 5.8
531.53 2.5
532.69 1.2
534.28 22.6
535.36 3.7
537.29 1.7
539.28 5.6
539.99 2.6
540.61 1.2
541.31 3.1
542.34 1.2
543.52 9.0
544.14 1.8
547.42 2.0
548.99 4.0
551.28 1.4
552.24 3.6
557.43 4.3
559.34 4.3
562.94 5.6
564.58 1.8
566.36 5.7
567.18 17.9
568.34 4.9
569.29 4.1
570.28 5.5
571.06 2.0
573.48 3.6
574.40 8.1
576.04 4.9
578.13 4.0
579.08 4.9
580.10 7.0
581.26 4.5
582.07 1.9
584.29 23.7
585.21 18.5
586.54 3.9
588.09 2.2
589.20 3.9
590.40 9.2
591.54 1.9
592.50 2.1
593.34 7.6
594.55 7.1
595.22 18.3
596.36 2.9
597.10 4.8
598.22 5.4
600.36 6.1
601.60 165.9
602.43 34.3
607.35 5.4
609.21 5.1
610.26 6.2
611.69 2.6
612.40 30.0
613.22 48.5
614.22 23.7
615.42 2.8
618.22 5.2
619.46 2.7
621.83 1.2
624.95 5.2
627.79 16.4
628.57 4.7
629.56 30.0
630.48 36.3
631.36 14.0
632.66 3.0
634.04 3.6
635.17 2.1
638.45 3.0
639.14 1.6
640.11 3.0
641.46 7.9
642.99 4.3
645.50 3.3
646.42 2.9
647.48 1.4
653.13 2.2
654.38 1.4
655.29 2.4
656.34 3.1
658.25 87.9
659.04 5.3
661.53 26.2
662.19 1.7
663.49 4.2
664.39 8.4
665.90 5.5
670.45 18.3
674.97 6.0
676.56 2.4
677.35 3.1
681.60 1.1
682.25 11.3
684.24 12.8
685.05 5.3
687.22 1.2
688.74 10.3
693.49 7.2
696.40 10.6
697.41 5.4
698.53 8.5
699.57 5.2
701.60 8.5
702.43 1.9
705.50 18.4
706.22 5.5
708.71 4.2
709.52 1.9
710.41 26.7
713.26 1.7
714.80 97.1
715.53 8.1
716.33 1.5
722.65 4.1
723.97 11.6
725.49 1.1
727.09 45.1
728.29 30.7
729.34 25.9
730.24 4.3
730.90 3.9
735.84 7.8
737.28 8.5
738.50 68.0
739.18 7.0
740.23 12.0
742.46 11.5
743.59 3.5
744.48 51.9
745.40 23.3
746.31 6.9
748.13 6.7
748.73 5.2
754.83 4.6
756.30 16.8
757.81 11.7
758.49 185.6
759.47 67.4
760.47 10.3
761.96 16.7
763.36 17.5
764.75 1.9
767.04 5.3
770.33 33.2
771.08 9.2
772.00 4.4
773.03 11.3
775.26 23.2
776.59 43.3
777.46 18.4
778.47 8.1
779.95 103.2
780.78 121.5
781.71 3.2
782.77 4.0
784.37 12.0
785.00 4.0
785.95 13.6
787.48 11.5
788.39 1.4
789.90 33.6
790.83 2.5
792.16 59.9
793.11 13.8
794.91 32.3
795.55 49.2
796.26 10.1
797.43 13.9
799.03 10.2
800.80 64.1
801.74 30.3
802.86 6.0
803.70 3.7
804.61 9.9
805.27 9.8
808.54 8.0
809.54 47.6
810.29 2.9
813.22 26.8
814.78 5.6
816.26 9.2
816.90 10.6
817.74 1.5
819.71 9.3
821.96 52.1
822.79 13.0
824.03 16.8
825.27 3.8
826.29 9.6
827.23 16.4
828.16 7.4
828.91 7.0
829.81 4.3
831.84 13.8
832.48 6.4
833.57 62.2
834.92 14.8
835.61 3.2
836.82 199.0
837.50 51.6
838.39 25.8
839.21 10.4
840.08 10.4
840.71 8.1
841.49 19.3
842.33 4.1
843.31 18.5
844.59 33.3
845.58 98.6
846.37 29.8
847.45 16.3
848.36 21.1
849.13 50.5
850.52 8.7
851.37 18.6
852.82 7.2
854.41 14.9
855.65 10.6
856.93 52.2
857.62 20.3
858.94 43.1
859.86 19.1
860.73 3.1
861.89 47.4
862.80 67.1
864.36 17.2
865.36 64.7
866.15 62.4
867.13 21.7
868.07 19.7
868.95 5.9
870.34 128.8
871.24 689.9
872.79 9.3
873.72 29.0
876.39 318.7
877.16 255.2
879.90 6.2
888.67 9.2
889.61 8.9
894.42 11.4
895.22 3.8
896.57 1.2
897.25 8.5
898.63 2.4
901.17 3.5
906.53 2.5
909.45 8.0
912.79 2.2
913.47 4.5
914.36 19.8
915.65 11.9
918.92 12.6
919.68 3.7
921.80 13.5
922.66 7.9
927.16 16.7
928.43 3.6
929.64 13.6
932.53 134.1
933.55 92.2
934.86 46.9
935.96 12.8
936.67 8.2
937.62 14.1
939.35 5.8
940.84 16.7
942.95 24.5
943.98 16.5
944.81 21.3
945.65 6.6
946.44 4.3
951.30 462.4
952.12 140.7
952.78 58.9
955.32 5.5
956.65 12.9
957.30 1.9
958.36 13.6
959.88 5.8
969.47 7.0
971.29 23.1
972.66 15.9
973.51 12.9
974.46 6.5
975.32 3.1
978.33 15.4
979.29 2.9
984.58 1.7
990.51 7.1
991.89 18.9
992.60 13.9
999.25 23.6
1000.28 66.7
1001.23 21.4
1002.06 5.4
1003.34 6.1
1008.88 1131.1
1009.75 313.7
1010.90 10.0
1011.75 6.7
1012.90 3.8
1014.16 10.7
1015.81 8.4
1016.49 10.5
1018.44 8.8
1019.31 1.6
1021.49 3.9
1025.62 10.2
1028.19 15.3
1028.97 2.6
1030.41 4.3
1034.11 1.1
1036.35 3.3
1038.01 2.8
1041.23 1.2
1042.51 2.2
1043.74 1.9
1045.59 107.5
1046.68 80.3
1047.58 35.1
1051.54 1.5
1052.81 7.7
1053.46 3.9
1055.39 3.0
1056.53 17.7
1057.34 35.0
1058.31 4.3
1061.93 14.9
1063.86 8.5
1065.39 644.6
1066.14 201.2
1066.74 114.3
1067.67 23.9
1068.51 1.7
1070.08 23.6
1071.10 9.7
1072.42 6.2
1073.09 3.6
1073.99 5.2
1074.92 7.3
1076.22 2.2
1078.13 3.2
1079.17 26.8
1082.44 6.0
1084.71 13.5
1085.66 11.8
1086.66 17.2
1087.73 25.0
1090.07 5.7
1091.16 3.5
1093.48 6.1
1095.26 6.4
1096.87 8.1
1098.80 2.1
1102.08 9.0
1105.74 11.2
1106.95 115.2
1108.14 27.3
1111.05 2.6
1112.50 5.0
1115.95 391.6
1116.77 205.9
1117.90 10.3
1120.68 1.8
1121.55 2.7
1123.57 6.8
1125.58 5.6
1126.87 4.5
1127.88 3.6
1132.76 14.8
1135.60 8.4
1136.73 7.5
1137.97 1.9
1139.08 6.7
1141.27 5.6
1143.49 1.2
1144.38 6.0
1146.00 3.5
1147.84 7.7
1151.43 10.6
1152.69 4.7
1154.08 1.8
1155.02 11.2
1157.47 2.6
1161.04 7.4
1163.81 32.6
1164.62 38.3
1165.48 35.4
1167.50 11.8
1168.56 2.0
1172.91 298.2
1173.90 98.0
1175.17 20.0
1176.75 9.1
1180.19 2.6
1183.62 36.0
1184.52 21.9
1185.22 8.6
1185.92 3.3
1186.81 2.5
1187.75 5.1
1188.97 2.5
1193.02 168.6
1193.80 88.3
1194.44 4.9
1195.78 1.1
1197.76 1.3
1198.59 2.7
1200.29 27.8
1201.49 402.4
1202.43 318.3
1203.98 9.9
1204.76 2.2
1207.64 9.3
1210.67 7.3
1211.75 10.0
1212.62 10.1
1216.74 2.3
1218.41 10.8
1220.19 8.8
1222.93 2.2
1226.68 2.3
1231.62 3.0
1232.48 11.0
1236.53 6.3
1239.44 1.9
1240.64 3.3
1241.51 78.1
1242.38 26.0
1243.75 1.4
1246.76 4.4
1249.73 9.6
1250.73 2.8
1251.66 3.9
1255.07 21.5
1255.84 12.7
1256.70 6.9
1259.83 19.2
1260.80 10.1
1261.66 3.0
1263.69 28.2
1264.78 50.4
1268.65 5.1
1277.72 3.3
1280.48 1.6
1282.64 2.2
1284.49 4.9
1286.27 9.1
1299.89 4.8
1301.78 2.0
1304.96 6.1
1307.92 4.5
1314.89 4.4
1315.76 5.0
1316.41 4.0
1317.08 3.5
1328.00 2.2
1330.32 13.6
1331.50 4.4
1332.77 5.9
1339.77 1.4
1342.12 2.7
1349.96 1.6
1353.36 1.5
1361.66 1.0
1369.90 2.9
1373.04 9.1
1373.84 3.7
1388.66 2.2
1395.81 3.7
1396.96 3.2
1410.48 4.6
1416.05 2.7
1423.69 2.0
1426.74 3.8
1427.81 1.5
1428.67 10.3
1429.73 1.5
1434.77 4.5
1442.61 3.2
1444.93 8.8
1445.83 6.6
1447.82 2.3
1461.80 2.7
1462.82 1.5
1464.92 1.8
1472.18 1.0
1480.55 2.7
1482.02 2.7
1526.96 2.4
1529.81 3.6
1551.31 8.3
1555.09 1.0
1556.81 3.5
1558.38 2.0
1561.17 6.5
1562.12 1.9
1583.76 6.7
1584.87 6.3
1609.86 1.6
1624.17 1.2
1626.83 1.7
1643.70 1.3
1671.94 8.7
1672.95 3.0
1695.81 1.1
1723.97 2.6
1810.16 2.7
1820.16 5.5
1841.92 1.7
1843.78 2.7
1852.01 3.6
1860.35 1.3
1955.11 2.2
