1179.60271 2
167.28 1.2
175.19 4.5
178.26 12.4
185.35 2.2
193.08 1.6
195.22 2.6
198.25 3.6
199.88 2.0
200.99 4.4
202.13 11.0
205.05 2.8
212.14 1.9
215.22 1.2
218.97 3.2
220.16 11.2
222.29 4.9
223.13 1.4
224.17 1.4
225.09 3.0
226.42 1.1
227.24 2.5
228.07 2.9
232.25 32.6
234.19 17.3
235.08 1.3
238.28 3.4
241.14 2.5
242.35 6.5
243.28 3.6
244.11 3.0
246.24 1.4
246.93 2.8
251.24 1.3
254.14 2.4
256.96 2.7
258.29 4.5
260.34 8.3
262.28 3.1
264.21 9.6
265.22 25.9
269.98 1.7
274.62 2.8
275.51 3.2
276.28 3.2
283.03 1.4
285.18 1.5
286.27 3.4
288.33 4.4
288.99 2.4
293.23 47.0
294.08 6.8
297.51 8.1
299.53 1.4
303.22 55.0
304.03 3.6
306.10 2.9
308.37 4.6
309.00 2.4
309.91 1.1
312.19 6.2
314.23 2.1
315.31 4.0
317.49 2.3
318.14 4.4
321.28 2.0
323.35 2.9
325.20 1.4
326.38 6.1
327.24 1.8
328.16 1.2
334.04 2.4
337.25 1.4
337.87 6.7
343.10 5.7
345.40 5.9
346.19 6.9
347.39 4.8
348.39 1.7
349.31 6.0
350.15 4.0
351.38 1.4
352.38 2.9
353.22 2.4
353.94 6.7
355.18 4.4
356.07 5.9
359.30 13.6
360.10 1.0
362.53 3.0
363.19 2.2
364.27 14.0
367.05 1.1
368.42 2.2
369.33 8.5
370.75 8.1
371.47 5.2
372.12 7.0
375.03 4.6
377.36 4.8
378.08 10.7
379.05 3.2
380.22 9.2
381.28 1.7
382.51 1.7
384.09 1.9
385.09 1.8
386.34 6.5
386.99 1.6
388.45 3.6
389.57 3.2
390.27 23.5
391.52 3.2
392.32 11.7
393.59 6.1
396.16 4.1
397.05 1.0
398.13 5.4
398.90 17.4
404.38 140.3
407.04 3.0
408.34 1.0
410.36 13.8
413.00 3.6
414.47 1.3
416.18 6.8
417.29 2.4
419.00 1.2
420.13 2.7
421.31 4.2
422.32 35.4
423.14 9.8
424.32 3.0
425.27 13.3
426.15 4.1
431.39 12.1
432.38 5.3
433.08 4.9
435.16 1.7
437.35 3.1
438.32 2.6
438.94 2.6
439.67 4.6
440.30 6.5
441.15 10.1
442.21 1.1
443.26 2.5
444.68 3.6
445.32 12.2
446.52 11.0
450.36 4.2
453.96 21.8
455.38 28.1
456.41 7.6
457.56 4.1
459.54 2.4
460.41 8.3
461.65 3.0
462.35 5.8
465.41 3.1
466.52 12.6
467.98 1.7
468.79 13.6
472.32 4.8
473.13 8.4
474.10 3.9
475.17 13.3
476.20 17.2
477.06 8.5
479.30 1.9
480.90 12.1
481.54 12.5
482.30 2.1
482.96 4.2
484.30 10.2
485.20 5.2
486.49 5.2
487.84 6.9
489.50 7.0
490.39 22.1
491.01 3.5
491.96 10.7
493.37 9.4
494.19 6.2
495.49 13.2
496.92 7.4
497.77 2.9
499.18 5.4
499.79 6.6
501.57 13.2
502.21 3.8
504.21 1.4
506.46 1.0
507.43 4.1
508.31 7.3
509.25 9.9
510.33 13.9
511.46 21.1
512.36 8.0
514.07 1.2
515.30 53.3
516.13 16.3
517.39 143.3
518.35 9.5
519.29 2.2
526.30 15.2
527.51 2.5
528.30 2.4
529.26 10.2
530.15 13.8
531.21 8.5
532.42 4.7
533.11 2.8
535.32 22.0
536.47 9.6
537.37 17.3
538.44 5.8
541.70 8.1
544.20 5.0
545.40 9.5
546.38 29.9
547.31 13.2
548.32 2.8
549.14 6.4
550.95 3.2
551.98 8.5
553.02 18.3
554.55 18.6
555.28 23.1
556.52 8.6
557.45 1.7
558.23 6.1
559.41 7.0
560.04 6.4
561.33 13.6
562.26 1.1
563.67 17.1
564.48 9.4
566.01 1.1
567.68 8.3
568.64 45.6
569.43 5.4
570.22 7.3
572.22 175.4
573.08 100.4
574.04 6.7
574.93 20.5
575.89 6.7
578.59 38.6
579.45 2.8
581.15 137.0
581.95 54.5
595.32 1.6
603.19 2.8
612.55 1.8
614.48 4.0
615.10 3.5
617.57 4.0
619.70 10.8
620.59 1.9
621.52 6.0
625.47 4.9
628.26 3.8
629.38 6.9
631.48 3.5
632.43 3.8
633.28 6.8
634.10 1.0
635.27 1.6
638.25 1.2
639.76 5.2
641.38 1.1
644.56 17.8
645.38 74.2
646.32 25.4
647.29 6.4
648.29 4.0
650.48 1.1
659.61 5.9
660.28 3.6
661.59 3.8
663.41 20.9
664.44 2.2
665.28 3.4
666.07 1.3
667.42 2.0
678.33 2.3
682.31 3.5
692.64 5.6
694.12 3.4
695.51 5.2
701.44 1.4
706.43 5.8
708.94 2.8
710.23 1.8
718.60 2.2
720.30 2.9
722.82 2.8
731.44 5.7
735.42 5.7
736.52 10.3
737.62 1.3
738.24 4.5
740.28 1.9
741.95 13.0
745.39 2.3
749.51 10.3
753.79 7.9
754.65 2.4
758.52 69.8
759.77 3.8
760.97 4.3
763.62 3.4
765.69 2.4
774.12 3.2
776.41 49.9
777.34 12.2
784.47 1.3
785.52 10.6
787.36 3.7
800.31 4.4
802.38 1.7
806.60 1.8
808.38 1.5
810.71 6.5
813.73 4.8
814.48 3.3
816.65 4.2
818.39 6.0
819.11 3.8
819.75 1.5
824.01 3.8
832.12 6.9
834.50 4.7
836.42 1.6
839.21 1.5
859.22 3.6
859.96 1.4
860.57 6.7
861.26 1.4
864.52 7.4
865.82 8.4
867.25 1.0
868.38 1.0
869.25 5.3
870.45 15.1
874.32 3.4
877.44 22.1
878.61 3.8
880.54 2.3
886.44 1.4
887.54 110.2
888.56 17.3
897.74 3.8
903.30 3.2
903.92 2.2
905.63 4.6
907.23 1.2
912.95 1.8
919.57 3.5
930.57 5.0
931.62 5.8
933.37 2.7
938.86 4.4
946.55 1.2
948.38 20.4
949.14 6.8
951.71 5.2
957.58 3.2
960.51 5.0
961.73 1.2
969.48 5.0
977.63 5.5
980.60 3.3
984.32 3.4
987.25 4.0
994.36 4.1
995.61 6.9
998.60 1.4
1000.41 9.8
1005.54 4.6
1008.68 2.3
1015.56 2.1
1016.73 2.1
1018.24 2.1
1027.88 3.8
1029.37 3.1
1031.22 3.4
1033.18 7.8
1046.23 1.4
1049.52 2.6
1052.22 1.3
1064.44 1.6
1105.78 16.7
1139.86 1.9
1158.81 2.0
