994.5700499999999 2
140.29 2.3
147.19 17.9
152.12 1.4
157.14 3.3
159.09 1.9
161.37 1.4
166.19 12.1
175.22 11.6
179.18 1.4
183.24 1.2
186.00 7.1
187.53 2.3
190.10 4.1
192.38 1.6
195.60 5.1
196.29 3.3
197.27 15.8
198.20 14.4
199.94 2.5
202.98 4.1
206.28 1.0
208.02 67.1
209.41 11.1
211.16 3.2
212.20 2.4
214.16 6.8
215.34 2.2
216.35 5.3
217.97 2.6
220.86 1.1
224.40 27.3
225.20 135.7
226.23 12.3
228.18 10.5
229.28 1.6
230.31 2.6
238.06 5.1
242.23 277.2
243.26 25.1
244.21 2.3
245.25 1.6
246.30 49.9
249.53 3.2
254.31 3.9
255.13 30.4
258.24 2.0
262.20 4.1
264.13 1.4
265.11 10.9
266.13 2.3
270.99 9.0
272.18 15.7
278.12 1.6
279.23 3.1
280.10 6.7
281.20 15.4
282.24 14.4
283.30 4.4
284.37 3.0
286.86 1.9
288.18 4.6
289.29 7.0
290.04 1.2
292.09 4.3
296.22 1.0
297.62 2.7
298.55 7.9
299.24 15.4
300.31 13.6
303.75 4.7
304.54 2.5
306.25 1.2
307.27 1.9
308.20 3.0
309.27 1.7
312.51 2.6
315.08 13.9
316.10 1.6
317.05 3.5
321.28 3.5
322.26 1.9
323.25 5.4
324.07 3.2
326.22 14.5
327.36 17.9
328.18 2.8
329.36 1.5
331.20 3.7
333.35 1.7
337.32 2.8
338.15 7.3
339.21 1.1
340.36 4.2
341.11 6.5
343.16 16.2
344.26 8.1
346.38 4.0
347.26 4.4
348.44 11.3
349.18 4.1
351.32 8.2
352.37 4.5
353.37 9.8
354.53 1.5
355.24 2.1
356.65 7.7
357.32 9.6
359.47 3.1
361.72 13.8
363.21 7.1
365.27 25.3
366.14 8.2
368.32 4.9
369.09 9.1
371.35 6.3
372.27 4.6
374.30 1.1
375.11 3.9
376.28 6.6
377.61 17.2
379.44 8.7
381.31 18.1
383.37 83.4
384.70 11.6
385.33 1.8
389.09 11.8
390.10 3.4
391.20 8.7
393.16 15.8
394.33 3.1
396.25 8.8
400.22 8.9
401.28 5.0
403.41 1.9
404.20 6.0
405.32 11.6
406.94 16.0
407.83 6.0
409.05 9.1
410.18 25.9
411.27 37.0
411.99 7.0
413.16 13.8
414.45 2.6
416.17 11.6
418.77 9.7
420.45 2.1
421.22 3.3
422.40 2.5
424.19 10.1
425.27 7.8
426.95 2.8
428.32 39.5
429.27 5.7
430.23 5.5
431.47 7.8
432.60 324.9
433.47 56.3
434.21 2.5
435.48 7.4
436.46 8.4
438.22 5.6
440.09 20.9
441.40 169.5
442.36 3.1
443.00 8.1
444.13 1.6
444.94 5.9
445.91 14.5
446.97 5.0
449.56 12.1
450.36 6.0
451.75 5.6
453.59 39.7
454.39 147.4
455.43 41.8
456.63 40.0
457.91 10.9
461.88 9.2
462.74 16.1
463.36 27.1
465.06 7.5
466.05 10.6
466.91 13.8
469.33 2.4
471.79 101.4
474.45 3.4
475.79 27.8
476.50 11.5
477.61 23.0
479.10 30.4
480.47 1082.2
481.42 24.5
482.22 10.5
483.19 7.9
484.32 1.5
485.28 12.7
486.05 21.3
486.88 20.2
488.66 185.6
489.39 136.4
490.27 18.8
496.60 1.7
505.35 1.2
506.17 3.1
508.36 1.1
509.16 2.7
512.29 5.4
513.39 3.8
514.47 2.4
516.22 4.2
518.33 2.4
523.39 10.1
524.72 3.5
525.77 3.2
526.78 2.4
528.23 1.6
531.45 2.1
536.13 5.1
539.41 4.6
541.31 10.3
542.47 5.4
543.99 13.7
547.36 4.3
550.62 4.8
551.68 4.1
557.63 10.6
560.25 15.6
563.18 6.4
567.38 165.0
568.47 48.0
574.45 3.4
577.41 5.5
579.05 4.4
580.87 4.4
582.60 1.1
584.38 12.5
585.49 3.3
590.36 7.7
592.49 3.2
593.49 10.0
594.83 11.2
595.46 15.4
596.27 4.3
596.88 4.2
599.32 4.7
606.97 9.9
607.59 23.1
608.30 5.1
612.37 13.1
615.51 2.7
616.80 15.1
617.45 6.3
620.43 3.5
622.43 3.8
623.38 6.5
624.02 1.4
625.28 6.4
626.37 8.2
628.35 4.0
633.07 3.7
635.42 4.1
637.45 4.2
638.60 7.0
639.41 6.8
646.75 7.3
656.72 3.2
659.25 10.9
662.29 4.7
663.40 3.0
666.08 9.4
666.86 1.4
672.25 15.6
675.33 7.7
676.10 2.5
678.75 8.6
683.39 4.4
684.37 2.9
689.48 10.2
690.83 2.7
693.69 18.1
694.67 2.2
696.51 86.6
697.51 25.2
699.47 4.3
700.17 2.5
701.35 2.0
704.56 1.5
705.42 9.0
706.33 2.0
712.16 1.5
714.43 2.3
715.45 5.1
718.14 12.5
721.32 12.9
723.37 3.5
728.36 6.1
732.34 6.3
734.50 14.0
735.46 43.4
736.39 17.7
738.72 1.3
740.66 13.5
742.17 3.6
746.61 3.3
747.63 1.2
749.47 49.7
750.31 16.0
753.45 1501.0
754.50 457.0
760.42 6.4
763.60 4.6
764.41 3.4
765.29 5.8
767.12 6.2
776.38 5.0
777.75 3.4
778.48 1.2
782.47 1.3
783.22 2.2
786.28 3.5
790.69 1.7
791.50 1.4
797.32 13.1
798.42 6.4
799.55 3.2
816.66 2.3
820.56 4.3
821.73 5.2
831.19 8.3
832.07 3.2
834.37 4.8
837.60 2.0
844.64 2.2
846.40 4.2
847.39 2.5
848.57 67.5
849.43 13.2
860.57 1.6
863.33 1.8
864.28 18.9
865.57 25.2
867.53 2.4
877.70 2.8
878.37 1.7
881.47 17.7
882.67 7.0
889.68 2.4
891.17 1.5
892.61 4.6
952.22 1.3
956.70 2.4
971.78 1.6
984.03 2.2
986.44 6.6
993.80 3.9
