2748.32192 4
195.01 3.2
198.16 4.1
199.34 1.3
201.44 2.8
204.38 1.1
208.22 2.2
211.29 2.0
212.20 1.8
213.36 3.1
216.17 11.3
219.11 1.3
224.02 1.7
225.27 9.0
229.27 9.3
241.13 11.6
243.20 2.0
251.11 1.7
252.26 2.2
253.22 3.4
257.07 2.1
258.26 37.2
259.23 8.9
261.14 7.6
262.23 4.5
269.09 6.3
270.14 4.5
271.94 5.7
274.39 3.9
278.17 2.3
279.17 2.6
280.25 3.9
281.39 2.1
285.47 1.5
286.10 6.6
289.09 2.2
291.41 4.4
292.16 2.5
297.43 11.9
298.66 6.0
304.40 2.7
310.25 7.3
312.14 7.3
313.13 4.1
314.20 3.6
315.07 2.3
318.02 1.2
319.20 8.9
326.09 6.6
327.17 2.0
327.99 1.8
329.30 1.5
330.20 1.8
336.66 4.8
339.41 2.6
341.00 1.3
342.87 14.2
344.07 3.3
345.45 26.7
349.37 14.1
350.26 3.6
352.42 4.7
353.30 3.1
354.33 5.8
355.23 7.5
356.07 1.4
357.29 1.3
359.47 2.4
361.22 6.6
365.82 1.0
367.31 14.4
368.33 4.7
369.50 1.3
374.53 1.8
375.28 1.8
376.51 1.6
379.22 1.9
383.20 10.7
384.35 2.2
385.19 22.8
386.28 6.3
387.08 1.3
388.24 2.8
389.10 3.7
390.14 4.0
394.07 2.3
395.04 1.5
396.34 2.9
397.00 2.1
398.48 2.5
399.28 4.3
400.38 6.7
401.16 21.7
402.27 13.5
403.45 2.5
404.73 7.7
406.44 4.7
408.30 8.4
409.21 7.6
410.20 3.3
411.70 13.6
412.63 2.8
414.35 12.9
415.08 5.9
416.23 8.2
417.39 1.9
418.36 3.5
420.89 2.1
422.36 2.1
423.38 1.3
426.30 6.4
427.33 2.2
429.39 6.5
430.14 14.9
431.05 4.7
432.21 5.1
433.32 3.6
435.51 4.1
437.34 1.7
438.25 9.2
439.16 2.7
440.19 1.5
442.00 2.4
442.90 2.6
446.13 2.3
448.43 5.7
451.33 10.8
452.34 2.0
453.27 3.6
455.16 4.8
457.32 5.5
458.61 2.7
460.03 8.4
460.70 3.1
462.92 1.5
463.98 5.5
465.32 1.4
467.15 1.2
468.18 1.2
470.25 3.6
471.22 15.1
472.42 6.4
473.39 3.3
474.51 4.1
475.23 4.2
478.38 6.1
480.98 10.4
483.00 1.2
485.59 1.9
486.40 2.2
487.35 9.3
488.47 7.0
490.65 7.7
492.12 8.6
493.32 2.1
494.17 6.5
495.32 5.6
497.91 7.7
499.12 16.1
500.97 4.4
502.63 3.1
505.58 5.0
507.35 1.9
508.85 2.8
514.24 1.5
515.35 15.8
516.22 3.6
520.42 3.3
521.34 11.8
522.41 3.4
523.57 15.7
524.26 3.6
526.13 18.4
527.11 2.3
528.28 10.8
531.12 6.6
534.20 1.9
539.27 10.9
540.39 9.2
541.31 5.9
542.46 8.5
543.80 22.5
545.27 11.9
548.03 1.8
549.30 9.3
550.56 5.3
551.65 17.5
552.26 2.2
553.94 4.6
555.15 9.0
556.16 6.1
557.11 4.1
557.98 8.0
562.26 8.7
563.37 6.2
565.12 22.4
566.73 13.5
567.57 9.7
569.74 7.5
570.97 5.8
571.58 4.7
573.29 53.9
574.30 20.6
575.31 6.9
576.71 8.4
577.70 23.4
578.44 9.4
579.59 9.7
580.45 6.4
581.47 15.6
583.25 10.3
584.31 17.7
584.98 18.2
586.60 9.8
587.44 27.3
589.48 12.2
590.42 1.8
591.49 4.2
592.28 31.3
593.61 9.8
594.60 31.8
596.22 15.1
598.63 43.8
599.39 8.2
600.35 5.1
601.74 23.8
602.52 5.7
603.36 4.6
605.33 42.2
606.32 10.1
607.54 19.5
608.22 9.4
609.45 30.1
610.24 14.0
611.18 1.5
612.41 65.7
613.52 32.2
614.27 50.0
615.36 6.7
616.84 42.4
617.78 7.8
618.57 20.2
619.46 2.7
622.52 60.7
623.54 53.8
625.45 38.9
626.49 42.2
627.25 18.0
629.15 3.2
630.01 71.9
630.98 52.1
632.00 51.1
632.88 3.8
633.90 138.9
634.62 111.1
635.45 24.0
637.75 19.3
638.58 129.9
639.33 17.4
640.30 22.1
641.61 37.4
642.64 16.1
643.41 14.2
644.41 82.8
645.34 30.7
646.18 56.0
647.11 112.9
647.72 81.4
648.39 42.0
649.05 5.9
650.28 31.6
651.28 131.4
652.20 165.9
653.43 47.9
654.75 82.3
655.37 156.6
656.16 268.1
657.33 74.6
658.56 76.8
659.39 163.5
660.58 149.4
662.01 102.5
663.54 284.9
664.46 56.2
665.72 22.2
666.67 15.9
668.12 175.0
669.38 183.6
670.47 297.9
672.01 127.0
672.80 206.6
673.76 24.7
674.88 338.3
675.58 118.0
676.82 189.4
677.51 1.3
678.40 19.8
679.21 17.8
679.86 11.6
698.40 9.3
700.49 3.4
701.54 25.3
702.22 8.3
703.25 4.6
707.08 12.3
707.84 7.1
708.47 5.3
712.17 59.2
712.93 21.3
714.71 6.2
716.33 12.0
717.29 35.2
718.00 4.1
719.79 5.6
720.53 4.6
721.41 4.3
722.96 15.5
724.25 11.9
725.93 12.4
726.81 12.5
729.57 9.0
730.26 13.8
731.32 18.3
732.93 13.5
734.14 15.9
735.51 4.5
736.14 57.9
737.09 8.0
739.20 27.6
740.05 12.8
740.96 11.5
742.54 6.6
745.23 140.7
746.10 39.0
746.84 5.2
748.50 24.0
750.24 112.8
750.98 84.8
752.37 70.1
753.35 10.8
754.42 51.2
755.76 19.3
756.73 25.7
757.76 21.8
758.89 68.7
759.74 41.5
760.75 21.7
763.14 56.9
763.93 54.6
764.73 22.8
765.82 3.2
766.57 2.6
768.16 27.7
769.49 131.4
770.42 30.1
772.55 15.4
773.51 116.4
774.22 23.7
775.08 41.9
777.21 56.6
778.07 48.9
779.18 139.0
780.08 131.0
781.26 8.6
783.35 428.3
784.76 124.3
785.78 49.3
787.64 5.4
788.94 174.0
789.63 128.5
790.97 7.9
793.16 12.3
795.50 12.6
797.66 66.2
798.46 59.7
799.21 37.0
800.71 105.9
801.80 84.8
802.86 47.2
803.60 22.5
805.09 9.8
806.42 114.8
807.49 301.4
808.26 64.9
809.35 10.8
810.15 72.4
810.94 70.3
812.18 165.6
812.99 124.4
814.08 89.5
816.09 410.3
816.94 83.7
817.68 5.2
818.31 158.7
820.09 14.2
820.99 32.4
822.22 554.7
822.91 59.0
823.85 29.4
825.01 4.4
825.88 13.1
826.64 15.1
827.82 63.7
828.53 7.5
829.41 101.8
830.40 90.1
831.31 37.2
832.51 65.3
833.19 23.1
833.84 35.3
835.02 112.7
835.96 184.3
836.93 72.8
837.84 5.4
839.12 65.8
840.12 149.5
841.07 220.9
841.87 93.7
843.92 170.4
844.64 123.6
845.57 1066.2
847.28 22.4
848.97 184.2
849.63 230.8
850.97 385.3
851.75 140.2
852.50 23.3
853.68 56.8
855.19 759.4
856.55 14.1
857.59 2.1
858.78 45.5
859.74 67.8
860.58 22.5
861.24 35.5
862.17 96.5
862.95 75.1
863.66 18.3
864.83 72.4
865.58 9.6
866.47 12.4
867.81 224.7
868.78 205.4
869.77 186.2
870.87 76.7
871.53 22.4
872.52 112.6
873.36 243.6
874.41 491.9
875.47 38.6
876.53 92.5
877.47 137.5
878.38 290.0
879.12 180.5
880.03 113.8
880.70 57.9
881.46 8.4
882.32 216.1
883.09 126.9
884.20 539.2
884.95 97.6
886.05 31.4
887.03 44.2
888.51 85.8
889.39 64.6
890.20 6.4
890.89 25.3
892.51 115.0
893.18 1.8
896.67 15.2
897.45 3.7
898.98 8.7
902.49 7.0
903.77 6.6
904.92 10.0
912.42 20.8
914.13 1.0
915.28 4.6
916.61 2.9
918.64 7.1
919.32 7.0
921.51 1.7
924.89 11.7
925.92 11.4
926.98 3.1
931.31 3.4
932.08 7.6
933.13 2.5
936.09 4.1
936.79 5.4
937.50 2.2
944.02 2.5
945.96 1.2
946.90 3.6
948.34 13.2
951.73 2.0
952.53 5.5
953.62 9.4
954.36 4.6
955.72 24.1
957.81 2.7
958.89 2.1
959.83 3.2
960.85 8.2
962.21 24.7
964.31 5.0
968.55 16.1
970.43 10.5
971.33 17.4
973.56 6.3
974.73 6.4
975.35 1.1
979.52 5.7
982.70 3.8
983.81 1.1
986.46 5.4
987.72 4.1
990.14 4.4
991.65 6.1
993.68 8.3
994.82 5.1
995.53 2.2
996.32 25.7
997.12 9.4
998.36 5.6
999.74 8.1
1002.36 6.2
1004.52 16.1
1006.72 1.6
1009.38 1.0
1011.05 13.7
1012.09 14.0
1012.90 5.5
1014.52 4.2
1016.67 11.6
1018.11 27.6
1019.17 4.4
1019.88 17.8
1021.05 1.3
1026.28 1.1
1029.00 5.7
1031.87 20.6
1032.89 4.4
1037.91 1.1
1041.72 2.3
1044.67 3.9
1047.62 6.6
1048.47 4.8
1050.61 1.5
1051.71 11.5
1053.02 8.8
1054.38 21.6
1055.18 3.9
1058.74 7.9
1060.37 15.2
1061.26 18.3
1064.17 16.1
1065.21 5.6
1066.73 7.0
1067.55 18.9
1068.31 41.0
1068.92 4.1
1073.73 14.0
1074.60 3.7
1075.65 17.3
1076.29 2.0
1079.57 1.7
1081.90 9.5
1083.98 12.0
1087.06 14.0
1087.84 10.2
1089.92 8.6
1093.92 18.5
1097.33 9.6
1099.75 2.5
1100.71 7.4
1104.12 15.0
1104.79 9.9
1106.62 1.5
1109.71 7.7
1110.95 6.9
1111.78 6.4
1113.00 3.7
1113.96 2.0
1117.05 26.9
1117.94 37.2
1118.91 12.0
1119.62 2.3
1121.85 6.2
1124.93 15.1
1125.67 29.5
1129.76 7.2
1130.69 4.1
1135.99 6.2
1138.05 10.9
1138.91 3.2
1141.00 10.2
1143.51 2.9
1144.91 6.5
1145.93 5.5
1146.80 5.7
1147.65 5.9
1148.67 10.0
1151.58 2.6
1153.25 15.9
1154.77 20.5
1155.76 8.7
1156.67 6.8
1158.88 2.8
1159.87 11.0
1160.71 4.1
1163.49 5.6
1168.28 3.2
1169.53 7.4
1170.34 2.1
1171.68 5.5
1173.82 6.1
1174.82 33.3
1175.62 3.1
1176.57 6.7
1180.44 1.6
1183.01 49.6
1184.19 28.5
1185.22 4.4
1186.76 4.9
1194.13 2.6
1195.59 7.3
1199.78 3.9
1200.95 17.3
1201.83 4.2
1203.49 5.0
1209.72 6.2
1210.48 15.2
1211.17 5.9
1212.12 5.6
1213.76 2.0
1215.75 5.2
1218.20 4.1
1220.78 14.0
1224.46 14.6
1225.53 9.6
1226.51 9.0
1227.74 2.9
1232.26 43.9
1233.55 21.5
1238.13 4.9
1239.67 3.7
1242.74 5.1
1243.60 2.7
1244.84 1.9
1251.45 2.0
1252.20 5.1
1258.86 5.6
1260.16 3.0
1260.88 18.0
1261.66 10.9
1265.57 3.4
1266.68 2.3
1267.65 12.9
1276.75 11.0
1281.14 3.0
1283.40 4.8
1312.88 4.1
1335.34 1.4
1348.74 3.0
1349.68 5.5
1381.92 1.0
1397.91 1.5
1400.88 2.8
1519.28 2.6
1520.82 1.5
1562.69 2.2
1600.02 3.6
1651.90 3.3
1720.75 2.0
1741.88 2.1
1782.46 3.2
1808.87 8.5
1871.03 5.5
