1412.66509 2
198.05 1.7
214.09 2.4
215.13 13.1
231.19 7.3
232.18 245.9
233.17 8.1
233.83 3.3
236.17 3.5
238.03 1.3
243.21 3.1
244.40 5.4
252.05 8.0
254.36 2.7
262.29 2.5
268.05 1.9
272.35 10.0
276.16 5.1
279.54 2.3
283.46 5.9
284.16 4.2
286.29 11.4
288.13 1.7
293.34 3.8
304.32 7.7
306.32 5.8
307.24 5.5
312.13 6.6
314.26 7.3
316.29 1.7
318.24 1.1
321.91 1.3
323.30 7.4
325.62 1.5
327.27 7.5
329.25 6.5
330.16 2.0
332.32 11.1
333.18 7.9
334.30 15.4
335.90 6.1
337.06 5.8
338.23 5.9
341.38 4.2
341.98 4.2
343.29 8.7
344.14 8.6
352.38 4.8
355.14 2.5
360.10 5.0
361.17 6.9
366.31 4.6
373.28 7.2
374.54 7.2
376.45 7.9
377.15 3.6
378.59 1.2
379.26 2.6
380.16 4.1
381.12 1.7
382.44 4.2
383.62 1.9
390.09 2.0
394.22 1.5
395.25 2.9
398.30 1.1
400.53 3.0
404.18 8.6
406.23 7.6
407.15 4.4
409.22 5.1
418.38 5.4
422.35 11.9
423.76 6.1
424.56 19.7
425.25 6.1
427.87 1.2
430.37 1.5
432.95 4.5
434.25 14.1
435.32 7.8
438.11 14.9
439.04 3.0
440.25 16.7
441.12 8.6
442.29 8.0
443.26 8.4
444.08 17.5
445.33 12.8
446.55 8.5
447.21 2.4
448.43 2.4
449.27 3.6
452.37 26.2
456.25 2.5
458.02 6.0
459.28 1.4
460.14 3.0
461.26 3.1
462.32 213.4
463.31 218.8
464.30 22.3
465.52 8.1
466.41 5.1
467.29 4.2
468.50 7.6
469.35 1.3
477.20 1.7
478.43 13.6
479.58 4.6
480.33 46.3
481.31 18.2
483.12 2.0
484.46 4.9
486.06 3.2
488.20 3.7
491.31 6.9
492.89 2.3
494.12 5.4
495.07 80.2
496.07 13.5
497.25 20.6
501.89 4.7
504.62 8.6
506.39 5.8
511.16 4.6
512.05 19.4
513.06 4.7
515.10 10.5
516.49 4.5
517.45 1.9
520.37 6.7
523.53 6.6
527.30 3.4
529.13 41.6
530.33 10.3
531.11 7.4
532.90 10.9
534.19 14.4
535.10 9.6
537.26 6.8
538.47 3.0
539.89 4.8
541.60 4.0
543.16 6.6
544.05 1.5
545.23 13.3
546.21 1.6
547.47 2.8
551.39 3.8
552.40 1.6
553.61 15.2
554.76 19.0
556.60 7.1
558.19 16.9
560.52 3.4
561.65 1.7
562.61 20.0
563.38 19.3
564.33 1.0
567.19 1.3
569.16 2.6
570.79 11.1
571.85 4.8
573.35 22.9
574.41 10.1
575.47 12.9
576.38 5.1
577.31 3.0
579.18 8.9
580.34 11.1
581.30 7.0
582.29 6.3
583.62 6.7
584.52 3.5
585.45 5.0
586.41 6.9
587.25 4.3
588.44 4.9
589.36 5.1
590.63 1.4
591.49 17.3
592.98 105.1
594.13 9.0
595.22 4.3
596.15 17.4
597.05 5.7
598.40 2.4
599.50 72.6
600.39 13.8
601.34 1.3
602.03 6.1
603.31 21.4
604.51 2.9
605.46 7.2
606.33 56.2
607.25 2.9
611.00 13.8
611.60 1.8
612.31 2.2
613.29 6.4
614.51 9.8
615.58 5.6
617.08 2.5
618.19 10.5
619.02 6.7
619.83 15.1
621.16 16.2
623.53 3.3
624.29 20.6
625.12 17.4
626.34 9.3
628.31 4.8
628.95 1.2
630.24 1.3
631.31 4.9
633.93 45.7
634.57 23.8
635.35 5.0
636.39 3.4
637.60 5.4
638.52 7.3
641.22 11.8
643.34 22.0
644.69 3.7
645.49 25.0
646.53 23.6
647.29 1.5
648.20 4.3
649.28 2.7
650.28 10.0
651.31 4.3
652.15 4.6
653.63 1.7
654.58 1.3
658.10 28.1
659.10 25.7
661.12 43.7
662.38 22.8
663.29 9.6
663.98 2.5
667.25 117.8
668.07 75.7
669.21 3.1
669.86 6.7
671.34 32.5
672.00 25.3
674.16 49.9
675.97 293.4
677.04 37.3
677.91 6.5
679.85 41.7
680.53 90.7
681.19 14.8
683.10 61.1
684.01 35.5
684.87 81.1
685.62 34.5
686.55 3.9
689.18 1293.4
689.95 221.2
690.84 34.8
692.11 21.8
694.13 22.5
694.86 5.0
696.58 1.9
697.88 952.2
698.58 2009.3
706.59 3.8
719.89 7.4
723.27 9.0
724.62 9.4
725.58 3.5
727.29 1.3
728.02 9.0
728.94 3.2
732.73 3.5
733.45 6.9
734.25 11.5
737.54 8.9
738.17 2.1
738.97 8.1
742.26 1.6
743.91 4.4
748.30 18.1
748.93 7.3
749.61 2.9
751.41 1.5
753.58 4.6
756.92 4.8
757.56 3.6
759.60 4.8
763.13 4.1
764.36 11.2
765.34 1.7
768.04 5.7
769.42 14.2
770.32 7.8
775.48 9.7
776.53 3.5
777.37 11.5
778.12 12.8
780.45 5.6
781.52 11.7
783.53 4.4
784.78 1.1
786.77 4.1
792.68 6.1
793.57 14.5
794.61 13.3
795.26 21.7
797.22 1.9
798.70 2.3
800.26 8.1
804.47 12.3
805.64 22.3
806.50 7.8
808.75 16.9
814.40 20.9
815.63 21.0
817.10 7.4
817.76 4.8
818.45 2.8
821.77 5.1
822.51 11.2
823.34 13.1
824.54 16.9
825.44 15.1
826.86 20.0
827.75 6.7
837.72 11.9
840.39 2.2
842.05 12.8
844.54 9.6
845.29 1.0
846.47 1.5
851.02 10.8
857.27 1.9
858.88 1.3
859.50 2.6
861.27 2.3
862.46 16.0
863.51 12.7
865.41 30.2
866.37 24.0
867.37 49.8
868.53 13.7
870.91 77.2
871.91 15.3
877.65 4.1
878.49 1.6
880.99 7.5
883.56 3.1
884.53 5.5
885.51 3.9
886.77 1.9
889.16 8.7
890.41 14.4
891.23 1.1
894.83 3.6
895.60 16.1
896.46 19.8
899.34 20.7
903.54 4.3
905.52 13.3
906.54 22.5
907.57 12.9
911.64 4.5
912.57 2.3
913.99 11.8
915.53 20.1
916.85 8.4
919.52 2.1
920.41 5.2
921.83 12.3
922.47 3.3
923.61 18.2
924.59 1.6
927.81 8.3
928.47 5.6
929.61 3.6
930.65 3.5
933.51 328.6
934.50 232.4
935.50 33.5
936.66 1.7
938.42 18.6
939.49 12.6
947.51 2.2
951.51 71.9
952.54 47.8
955.75 12.5
956.87 6.2
959.33 3.8
969.07 1.9
972.62 8.8
976.36 2.9
978.81 2.4
983.60 5.1
986.84 12.2
987.62 1.1
991.18 6.0
992.59 11.8
993.39 2.8
1004.25 5.0
1007.59 1.3
1009.92 6.1
1011.61 6.2
1016.52 2.6
1021.74 2.8
1022.82 5.9
1024.62 13.8
1025.79 5.7
1028.83 3.0
1029.69 6.7
1034.62 6.3
1035.53 16.0
1036.42 37.3
1037.74 8.1
1041.35 9.2
1044.01 2.3
1045.40 3.8
1050.37 1.9
1051.61 1.2
1052.85 9.9
1053.70 6.3
1055.83 8.4
1056.68 1.3
1067.62 10.2
1068.39 2.0
1073.43 2.6
1076.74 1.8
1080.68 4.5
1084.71 2.9
1088.11 8.3
1091.51 5.6
1093.72 2.3
1096.17 1.5
1097.52 3.9
1099.34 2.5
1100.43 2.9
1101.52 9.2
1103.09 1.8
1117.35 1.0
1118.59 3.3
1119.72 15.1
1120.61 25.0
1121.53 4.0
1122.52 3.2
1130.70 3.4
1136.05 13.9
1136.81 36.7
1137.65 6.9
1139.17 6.5
1144.70 3.8
1146.72 8.7
1147.61 5.5
1151.55 1.3
1152.48 2.3
1153.55 40.6
1154.69 4.6
1155.83 2.0
1162.94 14.3
1163.79 159.7
1164.57 366.4
1165.60 137.2
1171.70 3.7
1176.67 4.0
1177.58 16.7
1180.02 8.6
1181.53 119.1
1182.61 45.1
1185.70 2.5
1194.33 3.5
1197.70 3.7
1203.48 3.6
1204.60 2.7
1205.50 2.2
1206.75 2.7
1207.95 4.0
1209.91 5.4
1210.94 11.4
1212.87 2.3
1220.66 42.2
1221.49 26.8
1222.66 31.0
1224.97 7.3
1231.99 1.2
1237.79 8.7
1238.60 37.9
1239.61 43.0
1240.62 9.9
1251.96 3.0
1256.84 8.0
1257.87 2.8
1266.87 10.9
1267.57 7.2
1269.79 3.3
1296.90 2.3
1298.00 3.1
1331.81 1.6
1336.70 5.4
1341.74 4.1
1346.75 1.4
1351.92 4.5
1355.84 4.0
