1080.55559 2
157.66 4.6
162.21 2.3
166.25 2.5
167.14 2.3
169.20 5.1
175.09 17.6
176.46 1.8
183.20 6.0
186.16 1.8
187.24 9.1
195.36 2.0
197.43 2.2
199.12 5.1
200.27 7.6
209.95 1.0
213.13 5.3
215.00 7.3
215.96 2.7
217.30 2.0
221.06 1.4
223.08 2.1
227.14 1.8
230.04 7.7
232.23 3.1
234.36 20.9
235.13 3.9
237.33 2.9
240.12 37.8
241.23 20.3
244.29 5.7
245.47 1.1
246.47 1.1
248.34 1.6
250.10 2.2
251.27 1.3
252.07 1.4
258.10 43.8
275.10 9.3
276.12 15.3
280.41 2.8
281.05 10.9
282.25 10.5
283.09 26.7
284.07 20.9
285.24 19.2
286.31 5.8
288.21 1.8
290.38 1.9
291.33 4.2
293.15 1.4
295.78 5.2
299.05 4.4
299.69 1.9
301.23 10.3
302.03 4.1
303.41 3.8
305.26 45.5
308.10 3.6
309.16 1.1
310.01 3.9
314.18 2.5
315.27 1.3
317.37 3.4
323.42 5.6
324.05 1.5
325.20 4.2
326.21 5.1
327.37 1.7
330.14 1.9
333.21 1.4
336.27 7.1
338.14 1.2
339.05 2.9
341.45 42.4
342.23 4.1
343.44 4.9
344.08 4.6
345.56 1.3
346.28 1.8
348.46 9.6
349.20 1.1
351.56 8.0
352.35 5.8
353.18 13.7
361.26 14.0
362.41 10.5
363.31 2.3
365.46 4.0
369.16 9.8
370.31 17.3
371.25 40.5
372.26 8.2
374.65 1.7
376.35 2.5
387.26 70.3
389.25 40.1
390.28 4.4
399.28 1.5
400.47 9.5
404.08 10.6
404.81 4.5
405.41 7.7
406.47 7.8
408.40 2.6
409.23 2.2
410.31 1.8
413.47 6.4
414.36 17.6
415.18 5.0
419.27 6.2
420.68 1.7
421.59 1.1
423.29 3.3
424.22 1.3
425.17 2.9
425.92 8.3
427.04 25.8
428.29 2.8
429.17 1.4
430.41 4.1
431.90 6.0
435.98 18.7
436.63 11.6
438.37 77.1
440.44 21.6
442.11 1.7
444.82 941.4
445.45 181.6
446.40 5.7
447.38 6.9
453.04 15.7
453.87 79.6
454.66 9.0
455.46 3.0
457.19 5.3
458.35 34.8
459.27 5.3
461.27 22.5
462.21 2.4
466.30 4.2
467.37 4.8
469.93 7.4
472.41 8.7
473.30 2.9
475.12 11.9
476.20 30.4
477.45 4.7
479.32 1.1
480.15 3.9
481.28 9.7
482.45 4.9
484.43 7.2
485.04 1.8
485.99 11.7
486.79 19.3
488.24 6.3
489.78 9.7
491.58 8.3
493.39 4.3
495.96 10.8
497.35 1.6
499.92 72.4
500.99 8.7
501.72 6.3
503.28 5.0
504.27 12.8
504.98 20.7
505.62 1.0
507.13 40.3
507.99 8.7
508.73 6.5
509.44 17.0
510.42 18.9
511.19 11.4
513.21 6.5
514.08 20.2
517.12 8.1
518.32 35.2
519.32 7.4
520.35 11.4
522.93 871.7
524.02 36.9
527.21 29.5
527.92 12.0
529.36 6.8
530.05 7.0
532.10 445.4
532.93 9.0
540.78 2.9
541.91 4.0
545.57 3.1
561.01 1.3
563.37 6.8
572.45 4.5
575.78 11.6
576.63 6.8
584.45 5.5
587.37 3.1
589.34 7.9
593.34 4.9
596.10 2.6
600.45 17.0
601.62 3.4
602.32 3.1
605.39 78.6
606.56 14.5
608.53 2.4
609.36 3.9
610.36 3.7
611.44 3.8
624.11 3.0
626.39 17.1
627.38 5.8
634.50 5.1
638.88 4.8
640.92 4.0
644.01 19.0
650.76 4.5
651.90 8.6
654.57 1.7
656.46 8.5
660.27 1.4
661.19 1.4
664.17 3.4
674.88 5.1
675.57 4.7
677.48 2.0
682.39 2.5
688.47 7.0
690.54 4.6
692.43 324.5
693.48 54.0
695.35 141.1
696.27 3.3
702.30 1.2
703.51 8.4
712.01 10.1
717.39 1.1
718.74 6.6
719.51 2.4
722.36 3.8
723.51 6.5
729.49 6.0
735.60 6.0
740.41 11.3
741.41 10.5
743.37 5.5
746.28 3.6
749.50 2.2
759.34 8.8
768.37 8.9
769.76 3.6
776.56 15.6
777.53 10.8
787.71 2.3
788.80 1.4
792.27 1.8
794.22 6.6
796.65 2.7
805.41 62.7
806.42 23.1
807.40 8.4
811.38 7.4
812.45 5.4
813.07 2.0
814.41 5.4
820.50 2.4
824.45 47.9
825.16 2.1
829.45 25.6
830.28 10.1
831.61 2.1
833.02 1.1
834.23 9.1
836.55 3.3
838.58 15.9
845.38 2.7
847.49 28.0
848.65 8.4
852.61 1.2
855.31 4.5
862.74 1.3
864.42 30.3
865.75 4.3
882.52 12.4
886.52 2.6
888.20 3.5
889.72 4.1
890.49 2.7
893.59 11.1
899.36 4.0
906.62 31.6
907.62 9.6
908.72 3.0
916.35 8.7
917.44 11.4
918.71 1.8
921.60 8.3
924.54 1.2
934.45 24.5
935.45 5.3
1060.69 3.1
