1009.54558 2
166.26 1.1
169.19 5.8
174.96 3.4
187.01 2.6
188.00 2.5
199.23 1.3
209.29 1.6
213.25 2.5
221.11 2.5
222.38 18.8
226.20 4.2
232.35 1.3
238.23 15.8
241.53 1.4
242.22 3.8
244.29 4.6
249.29 3.6
251.25 6.2
252.23 26.9
253.20 4.7
254.22 2.4
260.07 5.0
262.30 4.4
263.30 1.7
266.19 1.6
281.08 22.3
282.04 16.4
283.19 23.9
286.21 1.9
288.23 1.5
291.27 1.6
295.12 2.7
297.44 2.7
299.17 5.9
308.29 2.4
310.13 4.3
313.13 1.1
325.23 3.1
326.27 2.9
327.56 3.1
328.21 5.4
331.28 2.9
341.42 6.7
342.93 5.2
350.14 3.2
351.21 3.0
355.50 2.4
359.38 5.7
360.36 1.8
361.25 3.6
362.22 3.0
364.32 2.8
369.32 15.5
370.79 29.7
373.26 1.7
376.31 3.8
379.77 136.0
380.45 15.6
384.21 6.0
386.05 1.9
386.81 5.0
390.08 4.5
391.26 9.3
392.23 5.9
396.48 8.8
403.09 9.2
404.36 4.0
405.10 7.7
406.04 6.8
409.15 1.5
411.46 15.3
414.35 95.6
416.10 3.3
417.02 22.2
417.79 6.6
420.33 6.5
421.56 1.2
424.29 9.3
427.90 8.1
428.76 3.1
434.44 11.1
438.55 1.3
439.71 22.9
445.06 2.5
446.33 15.2
447.35 33.2
448.89 8.8
454.28 1.4
455.47 7.2
456.93 6.2
459.48 7.8
460.54 10.2
466.58 25.4
471.15 4.6
472.96 17.3
474.39 16.5
475.42 48.3
477.38 7.6
478.61 5.4
481.26 19.4
481.93 14.3
483.22 6.6
484.82 5.5
487.45 85.2
488.58 22.8
490.16 67.1
490.99 19.6
496.25 181.6
497.09 14.2
521.48 3.9
527.40 4.1
536.77 3.7
558.24 3.4
584.35 2.3
590.27 43.1
594.50 2.5
601.36 1.6
604.54 4.3
606.59 4.4
608.77 4.7
618.08 2.3
630.12 2.6
633.38 4.0
634.40 2.9
635.22 4.8
643.46 2.9
647.53 1.3
653.24 2.4
661.59 9.0
671.53 3.7
676.10 3.5
688.41 2.9
690.33 6.8
696.42 1.9
698.39 1.4
712.78 11.9
719.54 2.9
721.32 1.5
730.63 14.0
734.47 1.8
739.41 2.3
744.45 3.3
746.43 2.9
748.10 7.7
751.44 1.4
758.56 39.9
759.66 8.3
764.23 4.2
766.17 3.1
767.53 3.6
776.20 1.2
777.47 7.7
782.36 10.1
790.74 1.4
821.24 2.0
828.52 1.4
844.62 3.3
853.47 1.2
855.55 5.9
861.83 6.3
862.46 13.9
863.55 3.5
880.46 1.7
977.64 1.8
986.15 2.6
