934.53783 2
136.20 14.5
137.13 5.3
138.20 1.7
143.34 3.1
145.20 2.0
147.26 77.0
148.10 3.0
151.04 1.4
153.64 5.0
155.04 8.4
156.30 2.2
164.14 5.4
165.24 3.9
167.37 1.9
168.31 3.8
169.24 2.7
171.21 1.6
175.15 9.3
176.14 5.7
185.23 15.0
186.27 1.9
187.11 5.4
192.20 3.3
193.04 2.8
196.31 1.5
199.43 2.1
202.17 14.1
204.15 2.2
209.20 21.9
210.18 2.4
211.27 3.3
212.25 17.3
213.30 24.1
225.04 2.2
226.14 2.4
229.16 2.4
230.20 44.3
231.20 9.6
236.25 5.6
237.13 26.9
238.21 9.4
240.01 2.1
241.05 7.2
248.24 114.0
254.17 381.5
255.23 35.7
260.15 1.7
262.22 2.4
264.86 7.2
265.49 1.5
267.17 1.9
271.10 61.4
272.26 5.5
274.29 2.7
277.05 1.4
279.11 7.8
282.19 2.2
283.35 3.9
289.34 7.0
298.87 3.3
300.24 2.4
303.35 2.5
304.20 2.0
307.76 2.7
315.36 2.8
318.70 5.9
319.91 6.7
321.68 1.5
322.31 10.9
328.24 6.3
330.45 8.9
333.64 9.1
334.67 6.9
339.73 1.0
341.59 19.8
342.46 12.2
344.30 4.3
345.45 5.6
347.19 1.0
349.12 2.7
353.26 12.5
354.17 14.3
355.94 4.2
357.75 5.5
358.53 3.9
359.24 2.2
364.12 5.0
364.92 5.2
367.45 5.8
368.19 15.1
371.82 28.5
372.72 14.8
374.05 7.1
375.37 11.8
376.13 3.4
377.22 1.0
379.94 3.6
380.71 13.1
381.58 4.5
382.35 2.8
384.17 12.8
385.86 30.3
386.88 8.1
388.34 10.4
389.14 3.7
390.36 3.2
393.29 18.4
394.64 42.1
395.35 45.4
396.32 15.0
398.10 9.7
399.19 6.6
401.23 5.9
402.24 4.4
403.02 3.4
404.48 4.6
405.83 3.0
407.93 7.7
409.00 3.5
411.11 176.8
412.25 5.9
413.33 7.0
416.23 46.1
417.39 25.9
418.58 13.1
421.25 1.6
422.14 1.6
423.13 6.5
424.89 4.1
425.54 9.3
427.26 14.5
427.96 6.9
429.07 17.4
432.44 31.4
433.14 22.1
435.20 10.6
436.62 25.0
437.37 17.1
439.44 5.9
440.83 8.4
441.48 14.4
442.25 7.1
443.36 5.0
444.05 8.1
445.68 66.1
446.45 14.7
447.10 13.3
447.88 3.2
450.20 308.9
450.88 49.0
451.94 4.6
455.37 3.5
459.17 1250.7
459.89 271.6
460.71 1.1
461.82 4.3
487.15 2.0
488.26 1.2
490.43 13.3
491.60 3.0
496.36 40.5
497.55 8.3
500.31 8.0
501.14 5.0
504.58 3.1
506.26 7.2
507.56 7.0
508.32 9.7
510.23 2.4
511.27 2.8
518.30 15.8
519.31 3.1
520.60 3.3
523.25 1.1
524.35 262.6
525.45 64.1
528.52 1.9
535.69 7.8
537.47 3.8
541.65 2.9
542.46 1.8
544.45 6.2
546.42 5.6
549.11 2.2
554.51 1.0
559.20 6.8
561.90 6.1
564.44 1.6
565.39 2.6
566.86 6.8
567.66 4.3
568.57 8.3
569.94 14.7
572.16 6.2
573.14 5.3
574.21 3.2
577.63 4.3
578.83 3.3
580.49 4.1
581.53 2.2
583.62 1.7
584.47 2.1
586.78 4.1
590.32 6.5
592.42 6.7
597.93 6.5
602.21 3.0
602.85 4.6
605.49 3.5
607.79 1.9
608.56 12.9
614.23 4.5
617.24 1.1
618.41 1.8
620.55 4.8
623.01 4.0
625.65 5.9
627.37 3.8
628.35 8.1
630.82 6.4
634.48 4.3
635.39 3.1
636.02 6.5
641.32 1.5
642.43 4.4
643.33 4.8
644.69 2.3
645.34 5.0
646.44 36.3
647.22 15.0
648.66 3.8
651.88 7.5
653.49 3.3
656.35 1.1
659.43 36.6
660.41 8.6
664.42 376.7
665.41 88.5
669.52 4.7
670.51 32.0
671.34 7.9
674.57 3.8
675.68 4.0
684.43 12.1
687.40 411.8
688.41 174.0
689.60 12.0
691.15 1.4
704.23 7.1
705.61 2.7
707.25 2.3
708.28 1.2
709.37 4.1
718.57 1.3
721.46 5.3
726.35 3.6
728.31 2.8
736.47 2.5
738.47 1.9
742.89 7.4
743.49 3.7
744.44 67.4
745.66 26.1
748.30 9.3
750.54 3.7
752.40 6.1
753.23 11.3
754.43 7.7
759.36 1.9
760.66 7.0
762.62 3.9
763.71 1.4
770.49 198.4
771.53 72.8
772.46 19.6
777.37 2.8
788.45 226.7
789.52 75.5
790.55 1.5
806.53 63.2
807.52 22.9
814.84 1.1
815.60 2.5
821.46 2.5
827.50 2.0
832.76 4.2
858.87 4.7
912.56 1.2
914.95 2.6
