1140.56462 2
164.05 4.6
165.21 2.1
171.25 7.5
175.18 159.3
176.28 6.3
178.00 3.9
182.07 2.1
185.12 1.4
186.55 15.8
187.18 20.5
187.97 1.6
191.29 2.2
192.17 3.5
194.13 3.5
195.48 2.4
196.13 1.2
197.11 8.2
198.15 5.4
200.30 2.6
201.18 2.1
202.10 2.8
203.43 2.5
205.99 2.3
207.46 2.4
208.64 5.2
211.46 16.0
212.28 11.6
214.33 1.3
215.17 10.3
216.20 11.1
217.14 2.8
218.99 3.6
221.04 2.3
222.22 7.1
226.10 1.6
227.51 1.9
228.19 6.7
229.50 1.4
230.20 1.2
231.15 2.5
232.23 6.3
234.55 4.1
237.42 2.9
238.11 3.1
240.11 51.5
241.10 9.4
242.20 2.2
243.04 2.0
247.31 4.1
249.30 6.9
250.04 3.7
251.23 29.5
252.25 3.5
253.15 3.2
254.31 2.2
255.23 92.5
256.31 2.7
257.21 16.5
259.06 9.6
260.27 1.5
261.21 4.3
262.32 3.9
263.44 3.4
264.32 2.3
265.26 1.2
266.23 5.8
267.29 26.0
268.15 54.3
269.19 13.1
270.02 3.2
271.33 10.0
272.23 17.9
274.13 13.0
276.95 15.0
278.92 13.4
282.41 11.2
284.25 13.4
285.29 19.6
286.16 19.8
288.25 121.2
289.37 4.9
292.98 1.1
294.11 9.0
295.22 15.2
295.97 7.9
297.13 4.6
298.03 4.3
299.40 1.7
302.17 170.2
303.36 3.4
304.10 2.7
306.04 1.7
309.14 9.7
310.26 13.8
311.11 11.4
312.24 4.7
313.14 6.6
314.38 4.8
315.49 6.3
316.18 12.7
318.20 17.4
320.15 13.7
322.24 21.8
324.20 9.0
326.02 2.0
327.51 17.7
328.27 4.2
329.20 9.5
330.31 7.8
333.12 2.5
334.24 3.7
335.23 4.1
336.26 7.8
337.26 21.8
338.25 8.8
340.00 11.9
340.62 3.8
341.46 4.0
342.32 3.0
343.24 11.2
345.24 586.7
346.26 11.8
347.10 1.2
349.48 1.3
351.55 9.5
352.26 6.4
353.48 12.0
354.49 27.4
355.27 1.2
355.99 1.2
357.32 3.5
359.23 15.3
360.23 55.9
361.20 12.4
362.32 7.4
363.19 6.5
365.03 17.7
366.18 4.7
368.23 33.4
369.29 12.1
370.35 10.2
371.67 2.5
373.43 3.1
374.07 4.3
375.11 9.7
378.10 5.8
379.94 7.3
381.05 9.1
383.16 515.5
384.34 27.9
385.27 9.5
386.35 3.8
387.37 8.7
388.59 3.5
389.29 3.3
390.37 18.0
391.07 2.1
391.71 3.6
392.69 26.9
393.31 18.6
394.22 1.2
395.12 3.6
398.25 2.3
401.09 42.9
402.23 2.4
405.01 10.2
406.17 1.8
407.30 16.7
408.25 47.5
409.13 19.8
410.18 2.6
411.64 1.3
412.48 3.8
413.52 12.6
414.24 2.0
415.18 8.9
416.24 14.5
418.19 4.7
419.49 6.4
420.51 4.6
421.22 10.9
422.44 58.5
423.35 6.7
424.16 18.2
425.17 21.9
426.24 116.9
427.15 15.6
428.72 15.7
430.44 2.8
431.29 30.8
432.28 2.4
433.36 20.9
434.06 8.0
435.32 10.3
436.26 82.2
437.27 102.2
438.87 13.7
439.90 20.1
441.31 58.6
442.30 198.2
443.46 11.7
444.58 5.5
445.23 8.8
448.12 5.4
449.09 11.3
450.21 6.6
451.84 10.3
454.17 1106.7
455.22 57.9
456.21 80.2
457.16 37.6
458.06 4.7
459.34 1654.5
460.46 84.5
461.85 11.8
462.54 4.9
463.38 4.3
465.46 14.8
466.41 2.6
469.00 59.6
471.08 38.9
472.21 12.3
473.26 8.1
475.24 8.2
476.87 12.6
478.08 51.5
479.30 25.1
480.33 26.1
481.32 8.9
482.28 14.3
483.20 3.0
484.42 2.1
485.21 3.1
486.85 58.4
487.94 16.2
488.98 12.2
490.02 6.2
491.38 50.3
492.36 12.3
493.65 6.0
494.47 4.1
495.39 1.2
496.80 15.1
497.98 46.4
499.47 28.9
501.47 5.2
502.28 7.7
503.15 5.7
504.25 8.5
505.26 23.7
506.21 12.2
507.33 3.4
508.47 13.1
509.68 17.9
510.33 33.3
511.12 33.3
512.29 35.3
513.37 12.0
514.36 2.5
515.34 5.7
516.26 42.7
517.76 5.7
519.03 10.9
520.39 26.5
521.46 25.7
522.53 17.5
523.40 16.1
524.32 9.5
525.30 11.4
526.24 45.0
527.14 17.3
529.22 7.6
530.11 7.1
531.47 2.0
532.64 15.0
533.46 9.6
534.24 47.7
535.30 55.5
536.25 19.2
537.36 44.6
538.55 65.8
540.43 27.6
541.25 23.9
542.53 6.1
543.38 1.3
544.42 19.5
546.48 7.3
548.06 34.7
548.97 46.7
549.77 24.2
551.21 506.7
552.53 372.3
553.40 675.1
554.43 47.6
555.40 200.2
556.64 31.3
557.36 11.1
558.42 10.8
559.34 38.4
560.44 17.6
561.32 46.5
562.04 322.5
566.47 2.3
572.65 1.0
584.05 6.2
586.17 3.1
587.26 6.2
588.33 4.4
594.62 14.8
595.73 4.8
597.31 9.7
604.32 38.5
604.94 4.7
606.50 3.9
607.57 4.2
609.56 4.0
613.21 1.2
615.22 3.2
616.47 3.2
618.98 8.6
621.89 4.4
626.21 22.0
629.44 3.1
632.28 10.7
633.51 5.2
635.95 44.0
636.58 1.2
637.37 4.6
640.39 5.3
641.67 11.6
642.40 10.5
645.28 3.6
648.30 2.0
649.37 8.4
650.16 9.3
651.33 2.6
652.53 7.5
654.14 224.3
654.83 51.6
655.77 11.8
656.38 13.8
661.26 1.3
662.83 3.6
664.24 136.5
665.02 24.6
665.99 22.4
669.57 114.1
670.51 242.6
671.38 10.8
673.57 1.8
675.94 10.1
678.69 19.1
680.16 6.0
682.21 893.8
683.37 37.8
684.34 6.2
685.57 6.8
687.43 1430.2
688.50 69.9
690.15 14.9
690.90 14.8
691.68 12.7
692.97 4.5
694.22 7.5
697.12 10.9
699.27 11.5
701.17 13.9
706.02 1.6
707.52 1.4
708.53 2.6
709.50 2.3
711.52 2.7
712.36 3.0
714.63 1.7
719.26 7.2
722.55 11.0
723.58 6.1
724.32 5.7
725.74 4.1
726.75 24.2
727.58 21.7
731.57 2.0
733.48 38.1
734.50 16.0
735.55 23.6
737.56 3.4
738.70 8.4
740.41 47.9
741.39 27.9
742.31 3.1
743.65 1.6
747.21 59.5
748.27 17.0
749.37 3.0
750.24 16.8
752.31 1.3
753.49 5.7
754.45 4.7
755.42 19.7
756.12 9.8
757.23 2.3
758.46 290.3
759.63 14.3
760.39 3.4
761.22 7.3
762.41 37.1
763.56 6.6
768.31 4.6
772.86 6.4
777.10 3.4
778.34 78.1
779.39 23.8
780.50 23.4
781.21 7.1
784.16 1.2
784.78 1.1
785.98 4.3
788.30 3.2
791.25 3.1
793.06 7.9
796.31 134.6
797.40 15.4
800.33 4.2
801.50 6.1
802.76 2.0
807.70 8.3
808.59 5.5
809.45 9.3
811.17 2.7
812.87 4.5
823.31 3.4
824.25 4.7
825.43 2.5
826.34 33.3
827.03 7.3
829.72 1.5
833.43 4.6
834.95 4.7
835.55 31.1
836.42 15.6
837.56 1.6
838.51 15.9
839.47 1.5
840.61 6.0
841.26 1.7
843.56 1.8
844.18 6.8
845.56 7.4
846.91 8.9
848.82 1.3
850.77 7.3
853.38 143.1
854.82 31.5
855.58 20.2
856.46 36.6
861.44 36.1
862.34 11.7
863.54 8.6
864.15 2.0
872.16 7.4
873.46 88.9
875.28 4.2
877.05 1.9
877.87 12.7
878.60 3.7
880.76 5.2
882.97 4.2
883.69 8.6
894.40 1.9
895.07 4.4
896.27 9.9
898.23 3.2
899.42 3.9
900.80 1.0
903.43 8.2
907.69 2.2
909.34 2.1
913.58 6.7
915.44 7.3
917.98 4.0
920.40 12.1
921.13 7.7
921.76 5.1
922.37 4.3
923.73 4.1
930.29 6.3
931.22 10.6
932.23 2.3
933.37 2.6
934.48 3.5
938.22 73.6
939.22 5.0
948.38 172.1
949.42 55.0
950.40 13.5
951.54 3.5
953.56 5.8
955.71 15.8
959.77 2.5
966.36 541.6
967.39 20.5
975.82 1.5
977.42 1.3
980.65 4.0
982.21 5.5
984.00 6.3
991.57 1.9
993.39 6.4
994.52 7.2
998.41 23.2
999.33 5.7
1000.54 15.5
1005.73 1.9
1009.77 2.8
1012.70 10.7
1013.70 4.8
1022.47 2.6
1035.56 12.2
1036.29 2.8
1147.81 3.4
