2083.01299 2
293.38 2.5
299.26 1.8
315.25 1.0
317.32 2.0
326.26 2.1
327.49 1.7
328.21 2.8
333.21 2.8
334.27 4.0
336.13 3.2
336.98 3.1
342.30 6.0
344.58 2.1
350.43 1.5
353.43 4.0
358.24 5.7
359.22 5.1
360.46 3.1
364.55 3.3
366.51 2.4
367.14 1.3
368.30 2.7
369.15 4.3
370.22 13.3
371.32 9.6
372.40 5.9
373.28 5.8
374.42 1.4
375.23 20.7
376.39 4.0
384.37 7.7
385.18 1.2
387.22 14.3
388.31 34.1
389.34 5.3
393.29 4.7
394.22 7.0
395.99 2.8
397.25 6.4
398.76 5.0
399.37 1.6
409.27 2.3
410.58 4.0
412.15 10.7
413.60 3.3
414.46 2.4
418.44 1.8
420.38 5.2
425.01 1.7
429.21 14.6
430.24 13.6
431.18 5.1
432.24 1.3
437.31 13.6
438.31 16.9
439.26 8.8
441.49 4.2
446.36 27.1
447.29 2.8
448.37 1.8
452.49 6.4
453.40 1.7
455.51 5.5
457.27 5.8
460.20 4.1
464.11 4.6
468.71 7.5
471.41 7.4
472.34 6.3
473.55 7.0
476.35 4.5
478.45 5.5
480.34 13.6
483.30 8.9
484.46 11.4
485.35 8.7
486.37 6.3
488.37 11.4
489.42 2.0
490.07 2.1
494.45 2.5
496.30 6.9
500.03 4.5
501.09 7.9
503.16 4.7
504.82 6.3
506.02 6.8
509.51 1.8
510.26 1.8
512.03 1.5
513.43 2.9
514.30 1.9
515.56 1.5
516.22 2.2
517.38 10.4
518.32 36.5
521.38 2.0
523.27 18.6
524.22 3.4
525.15 9.7
527.18 2.4
529.52 5.0
530.33 1.1
532.17 1.4
533.36 4.4
535.12 29.9
536.25 9.5
537.33 4.7
540.34 10.0
541.43 3.3
542.39 17.7
543.42 5.8
544.41 5.7
550.23 4.4
551.39 55.1
552.40 4.0
556.78 6.0
557.47 24.7
558.47 22.3
559.34 11.9
560.71 3.1
561.44 11.2
562.34 6.2
569.44 1.3
573.13 1.2
574.29 11.1
575.31 9.6
576.36 6.1
577.28 2.6
579.47 9.0
580.32 1.9
581.26 3.8
582.58 2.2
583.49 4.1
584.36 4.6
585.28 2.4
587.28 1.9
589.05 3.7
596.54 2.8
598.28 5.1
603.01 1.4
607.03 3.9
609.51 12.4
610.31 1.7
613.18 3.9
615.05 10.3
619.67 7.0
620.74 8.0
621.43 1.8
623.82 1.3
625.31 5.0
626.43 2.5
627.53 6.7
628.33 10.9
629.31 4.2
630.40 3.6
631.29 10.3
632.39 22.1
633.21 1.9
635.17 10.1
636.34 9.2
637.69 16.9
639.10 1.1
642.50 12.9
643.51 6.1
645.62 18.6
646.62 17.4
647.39 13.9
648.45 13.2
649.31 5.6
651.29 3.1
651.98 2.0
652.63 2.3
653.37 3.3
655.00 7.6
655.63 8.4
656.53 4.4
659.05 2.3
660.15 9.8
661.37 1.5
663.28 40.8
664.46 119.3
665.44 38.7
666.43 25.3
667.50 9.0
668.37 2.8
669.31 7.9
670.35 43.6
671.44 41.8
672.45 44.1
673.46 14.5
674.53 2.9
675.39 1.1
676.39 3.6
678.37 4.3
679.37 6.7
682.54 7.5
683.42 5.4
685.52 16.8
686.75 35.2
687.41 31.1
688.31 29.2
689.26 38.5
690.43 10.4
691.38 5.3
692.49 11.6
693.31 6.1
694.26 2.4
696.31 2.7
697.34 6.6
698.16 2.4
699.38 5.2
700.35 3.4
701.34 5.4
702.14 3.9
703.00 9.4
704.68 17.5
705.54 8.8
706.69 10.6
710.09 24.2
711.46 5.3
712.56 9.5
713.24 1.2
716.09 6.6
718.27 10.5
719.33 8.8
720.67 21.3
722.50 3.5
723.33 1.8
725.00 10.5
725.71 7.8
727.03 21.6
727.67 5.1
728.58 5.3
730.37 19.7
731.21 9.3
733.35 18.2
733.98 9.0
734.93 12.5
736.73 6.6
737.99 12.2
739.39 4.2
740.39 6.5
741.62 18.3
742.27 2.2
743.51 2.4
744.36 8.0
746.61 9.9
747.48 16.9
748.43 8.6
749.61 8.2
750.46 4.7
751.88 3.7
752.68 9.8
753.46 7.0
754.45 7.0
755.44 9.1
756.57 7.1
757.66 1.7
758.54 2.7
761.59 7.2
762.38 21.9
763.46 10.1
764.60 8.9
765.54 39.6
766.38 76.1
767.33 17.0
768.43 21.0
769.36 11.4
770.44 15.5
772.45 17.5
774.05 21.3
775.16 73.2
775.92 12.3
777.09 24.6
778.41 14.4
779.46 160.9
780.60 39.4
781.41 14.0
782.69 25.8
783.74 36.2
784.73 20.2
785.51 6.8
786.43 23.0
787.53 3.7
788.72 3.5
790.10 23.7
790.93 8.2
792.26 40.8
792.97 20.6
793.73 2.2
795.28 2.8
796.09 4.7
797.60 2.1
799.04 49.7
800.37 55.4
801.28 46.9
802.36 16.2
803.45 61.8
804.40 10.0
805.41 5.9
806.79 1.5
808.44 9.1
809.05 4.1
810.23 13.1
811.44 13.5
812.42 11.4
813.25 14.7
814.32 11.6
815.41 4.4
816.35 9.3
817.50 20.0
818.60 43.0
819.62 28.9
821.52 42.6
822.51 31.3
823.60 17.6
824.41 11.6
825.82 37.9
826.44 8.3
827.33 24.9
828.36 4.8
829.49 6.0
830.53 58.0
831.42 38.2
832.27 11.5
833.42 28.4
834.63 32.7
835.69 6.5
836.44 1.1
838.09 12.8
840.01 262.8
840.88 18.0
841.61 18.8
842.79 8.7
843.60 5.7
844.59 2.2
846.78 27.7
848.23 51.3
848.91 106.2
849.75 21.7
850.48 35.9
851.47 9.4
852.95 18.0
853.81 12.5
854.60 3.3
855.58 25.3
856.49 9.8
857.45 73.9
858.47 45.3
859.56 37.7
860.61 46.9
861.52 68.7
862.44 37.4
864.21 5.9
865.96 8.8
868.21 26.7
870.88 11.2
871.54 11.1
872.57 1.9
874.29 78.1
875.37 40.5
876.53 30.4
878.51 523.4
879.48 136.4
880.38 32.2
882.26 43.4
883.20 42.7
884.27 12.4
885.60 11.5
886.74 42.7
887.69 66.7
888.57 39.3
889.57 9.1
890.86 62.9
891.73 28.4
893.17 32.7
894.71 22.0
896.26 261.8
896.99 94.8
897.74 30.3
898.78 19.4
899.67 8.1
900.43 8.7
901.45 1.1
902.51 12.3
903.83 30.4
905.18 256.7
906.01 41.1
907.25 17.5
908.25 4.6
909.42 9.6
910.82 28.2
912.48 13.3
913.38 31.4
914.44 28.9
915.18 35.0
916.23 16.6
917.73 11.5
918.80 17.0
919.48 14.3
920.37 4.9
921.60 3.2
922.37 21.1
923.87 18.2
924.74 23.8
925.87 9.4
926.66 11.0
927.80 20.6
930.32 13.1
931.41 35.9
932.67 71.7
933.62 41.7
934.58 3.1
935.98 6.9
936.61 5.8
937.58 3.1
939.01 6.8
939.65 23.9
941.12 46.5
941.86 16.2
942.56 20.1
944.69 38.7
945.59 64.2
946.50 61.0
947.53 34.4
948.15 32.8
949.46 15.9
950.44 10.1
951.53 9.8
953.54 204.5
954.53 25.6
956.48 12.8
957.85 35.4
958.68 2.0
959.62 18.2
960.38 15.6
961.02 6.4
962.24 324.0
963.35 240.3
964.44 42.6
965.61 34.1
966.85 35.1
967.66 34.3
968.66 10.5
969.28 36.2
970.20 16.0
971.58 47.0
972.46 25.4
973.46 16.1
974.77 58.8
975.87 40.6
976.95 60.6
977.57 5.5
980.10 167.3
981.26 98.2
983.77 46.3
984.70 25.2
985.44 24.9
986.53 56.7
987.51 18.6
989.12 570.9
990.12 39.7
991.55 418.0
992.63 126.1
993.66 35.0
994.76 1.7
995.40 4.8
996.46 16.2
997.76 1133.6
998.63 120.0
999.35 1.3
1001.37 7.7
1003.30 35.0
1004.15 14.5
1005.69 10.6
1007.17 84.5
1008.25 17.4
1009.90 16.2
1010.75 21.9
1012.36 18.9
1013.51 35.0
1014.47 1.7
1015.56 28.1
1016.83 20.5
1017.57 8.5
1018.42 3.2
1019.76 27.1
1021.11 54.2
1022.26 9.1
1023.36 2.1
1024.35 172.5
1025.16 264.5
1026.14 18.1
1028.62 24.4
1029.52 6.6
1041.81 5.7
1045.60 2.1
1046.69 14.6
1047.49 2.6
1049.62 1.6
1050.57 5.6
1057.65 12.6
1058.62 9.3
1059.50 3.2
1060.64 10.5
1062.89 4.5
1063.53 14.4
1064.52 10.2
1065.49 2.9
1066.27 12.2
1071.46 12.1
1074.59 8.6
1075.45 33.7
1076.49 16.7
1077.47 5.6
1078.56 6.4
1079.23 1.5
1081.73 4.3
1082.63 5.1
1083.46 3.1
1084.72 3.5
1085.88 3.7
1086.65 7.4
1087.71 2.5
1088.84 4.5
1090.65 4.7
1091.91 29.0
1092.56 117.2
1093.61 48.4
1094.60 8.5
1095.74 1.9
1098.74 2.1
1099.62 26.3
1100.62 9.0
1101.35 6.0
1102.56 32.6
1103.58 38.4
1104.73 13.1
1109.54 3.0
1110.42 17.8
1111.58 5.5
1113.67 7.4
1116.54 53.9
1117.52 44.7
1120.58 562.8
1121.57 238.7
1122.62 34.4
1123.86 8.2
1126.56 6.4
1127.76 7.0
1128.66 11.8
1130.40 8.5
1131.77 5.2
1133.54 1.6
1134.69 12.8
1135.73 2.0
1137.56 1.9
1138.78 7.7
1139.62 1.8
1143.51 15.6
1144.57 8.9
1145.50 19.9
1146.36 10.0
1147.59 2.5
1149.85 1.9
1150.80 3.6
1153.77 5.4
1154.77 2.9
1156.40 12.8
1157.56 5.2
1159.52 12.8
1160.62 4.6
1161.40 11.5
1162.82 1.2
1164.61 2.2
1167.81 3.4
1168.88 1.5
1169.53 2.7
1170.81 8.2
1171.79 3.2
1176.74 25.1
1177.58 29.5
1178.57 50.0
1179.87 9.9
1180.57 4.1
1181.74 8.8
1182.48 2.7
1184.92 5.2
1186.31 9.4
1187.61 16.8
1188.55 59.4
1189.56 13.9
1190.58 6.6
1191.67 27.5
1193.72 15.0
1194.65 3.6
1195.40 14.6
1196.62 3.8
1197.63 1.8
1198.72 6.0
1199.80 8.2
1202.42 2.9
1204.02 7.2
1205.52 251.6
1206.61 80.0
1207.61 23.1
1208.73 2.0
1209.41 1.8
1210.69 2.5
1212.00 3.9
1213.33 3.1
1215.63 32.2
1216.45 22.9
1217.35 1.3
1220.72 1.5
1224.65 1.8
1226.66 6.9
1227.71 3.9
1228.73 4.2
1229.56 4.8
1232.42 12.3
1233.70 5.1
1235.13 6.7
1235.83 2.2
1238.82 2.1
1239.58 3.6
1241.43 11.0
1242.51 5.9
1247.58 6.6
1248.59 9.3
1250.38 13.1
1251.54 12.6
1252.90 4.2
1253.79 1.6
1254.93 7.5
1259.64 15.4
1260.64 7.8
1261.65 2.3
1262.55 4.4
1263.68 3.1
1264.72 6.7
1265.51 3.1
1266.84 19.4
1267.64 6.9
1270.94 4.4
1272.58 9.0
1273.62 2.2
1274.45 9.1
1275.44 7.7
1278.52 6.3
1279.79 2.2
1281.78 3.6
1286.60 8.3
1287.91 7.4
1288.64 8.1
1291.60 129.0
1292.82 56.9
1293.75 19.5
1295.63 3.2
1296.61 3.7
1297.29 2.2
1297.98 2.3
1300.79 4.2
1301.62 3.6
1302.62 4.7
1304.70 69.4
1305.70 46.0
1306.79 12.7
1308.02 7.6
1309.87 3.0
1311.71 5.7
1312.65 3.6
1314.10 5.7
1314.75 5.7
1316.87 1.5
1319.20 9.0
1322.31 4.3
1323.75 7.8
1324.62 7.3
1325.48 13.8
1330.00 5.2
1330.64 33.2
1331.81 10.9
1334.58 3.3
1335.42 4.8
1344.69 6.0
1348.69 9.0
1349.88 3.8
1350.57 2.0
1352.48 8.8
1353.51 12.9
1354.55 6.6
1355.68 9.6
1357.60 4.0
1361.99 10.0
1363.58 6.3
1364.94 9.3
1365.86 5.3
1367.39 3.7
1369.89 6.3
1372.74 4.9
1373.88 1.2
1377.71 19.8
1378.75 10.6
1379.63 9.7
1381.04 11.8
1382.02 4.3
1384.00 1.0
1385.15 9.6
1388.00 4.7
1389.56 4.3
1390.96 4.2
1395.72 1.9
1396.93 8.7
1397.75 2.6
1399.63 2.3
1401.38 4.2
1402.81 30.3
1403.78 29.3
1404.86 10.1
1405.70 2.9
1411.05 3.3
1411.86 2.3
1416.88 1.6
1418.83 18.3
1419.70 29.5
1420.69 174.0
1421.77 147.5
1422.79 9.3
1423.87 2.9
1424.93 2.5
1427.87 1.8
1428.76 8.0
1432.23 1.1
1433.72 2.7
1434.41 5.8
1435.94 4.1
1436.79 13.6
1438.08 19.7
1438.94 2.4
1443.39 5.8
1444.88 4.7
1446.77 6.5
1449.89 4.1
1452.07 8.4
1453.59 8.3
1454.90 2.3
1457.04 2.1
1467.81 3.0
1468.44 2.4
1473.57 1.6
1477.11 10.3
1477.96 2.8
1482.76 5.3
1487.12 7.3
1488.46 1.9
1489.51 2.8
1491.50 11.8
1492.62 7.8
1493.41 1.1
1494.51 4.9
1496.59 4.7
1499.88 8.4
1505.47 1.5
1508.96 10.5
1510.00 14.5
1510.84 25.4
1511.70 2.7
1513.12 3.3
1513.80 1.7
1514.71 12.6
1515.50 4.5
1516.24 3.7
1517.83 3.3
1518.70 1.0
1519.66 5.6
1520.51 1.0
1531.01 17.8
1531.83 23.7
1532.76 17.7
1533.66 19.8
1534.60 10.3
1536.27 8.5
1537.95 1.3
1538.68 4.7
1540.78 2.3
1547.12 1.2
1548.81 251.9
1549.88 156.2
1550.89 25.3
1553.47 6.8
1556.61 4.5
1557.92 9.1
1558.86 1.9
1560.17 4.0
1561.57 9.2
1562.76 1.1
1564.89 4.1
1565.79 8.7
1567.10 9.4
1567.99 3.1
1575.66 9.0
1578.35 2.3
1580.10 5.3
1581.04 2.5
1582.08 1.1
1582.87 3.3
1584.09 6.3
1588.31 2.1
1593.06 8.3
1595.69 2.2
1596.83 18.4
1598.09 5.7
1599.89 8.8
1603.33 3.0
1608.72 6.8
1610.60 1.1
1611.77 2.1
1616.92 2.4
1619.04 4.4
1619.96 5.7
1620.61 1.7
1622.74 12.6
1623.97 7.2
1624.77 1.8
1628.99 3.7
1629.85 5.8
1633.81 2.5
1635.26 2.3
1635.99 10.0
1636.95 4.6
1637.86 6.3
1642.91 1.6
1646.81 15.9
1647.85 11.1
1650.88 3.1
1651.61 3.4
1653.67 5.7
1657.26 1.1
1661.18 2.8
1662.40 3.8
1664.92 1.4
1667.66 8.5
1673.14 2.4
1674.56 3.6
1677.98 13.3
1678.83 49.8
1679.83 19.1
1680.88 2.7
1683.68 3.2
1690.26 4.2
1690.91 6.0
1691.87 2.4
1692.99 2.2
1693.97 2.7
1695.84 141.2
1696.87 113.6
1697.80 33.9
1703.73 1.5
1706.53 8.3
1708.80 5.5
1709.71 3.9
1710.57 3.9
1712.98 1.9
1720.19 3.1
1727.79 11.2
1736.94 3.3
1739.90 3.8
1746.67 2.3
1747.53 1.3
1748.93 2.2
1749.75 1.3
1758.32 1.9
1764.05 1.9
1764.78 1.2
1775.15 3.1
1776.01 3.2
1788.78 1.8
1791.41 27.3
1792.32 34.1
1793.44 6.0
1794.26 1.1
1800.86 2.3
1804.86 1.9
1806.03 5.9
1807.93 2.4
1808.95 177.4
1809.86 114.1
1811.03 30.6
1829.91 3.6
1858.50 1.2
1881.01 4.2
1900.41 9.2
1919.82 3.6
1937.07 8.5
1938.05 1.0
