1048.42375 2
153.20 1.4
168.25 1.1
170.01 3.5
171.05 3.0
173.05 3.8
175.12 8.2
178.19 7.4
180.07 5.3
181.22 3.9
183.15 2.0
184.19 2.9
185.31 1.7
187.12 1.7
188.02 2.4
190.17 1.9
196.14 2.7
198.87 4.3
201.29 5.3
201.97 6.5
205.06 2.3
207.41 3.1
209.53 6.5
210.17 10.8
211.13 9.8
212.00 6.5
214.27 6.0
220.11 3.3
223.14 5.3
225.09 3.4
226.89 4.6
228.40 2.0
229.19 9.6
230.27 9.0
232.00 12.8
234.11 2.8
235.30 1.3
237.00 3.6
238.18 3.8
239.11 7.6
240.00 1.3
241.33 2.4
243.17 5.1
244.07 7.0
245.16 2.8
246.22 6.1
248.34 4.4
249.99 1.3
251.18 2.9
252.28 4.0
253.08 1.2
254.23 4.6
257.17 1.5
260.16 1.8
261.88 2.6
263.11 3.6
264.28 1.8
265.25 16.9
268.96 1.5
270.22 8.9
271.20 6.8
272.20 4.2
273.06 3.5
274.15 3.0
276.42 7.0
277.22 1.9
279.36 1.6
280.08 3.2
281.08 1.0
282.17 6.2
283.25 6.4
284.41 9.6
285.15 7.0
286.19 1.5
288.08 8.3
289.14 17.6
292.15 2.2
293.26 11.6
294.12 17.4
295.29 8.6
296.03 6.5
297.48 10.7
298.12 2.6
299.02 2.2
300.46 1.1
301.33 3.5
303.33 10.4
304.41 9.1
305.50 5.0
307.11 2.1
310.58 6.9
311.39 8.3
312.84 12.8
313.95 9.1
316.29 17.1
319.73 2.6
321.43 3.5
322.38 6.5
326.72 3.2
327.91 2.5
328.96 13.5
330.20 5.2
332.38 2.5
335.43 2.0
336.32 9.3
338.40 2.0
339.14 3.5
340.12 4.6
340.99 4.3
342.80 11.9
344.56 4.4
345.26 1.6
346.27 3.0
348.15 8.8
349.27 3.9
350.16 3.4
351.37 6.6
355.05 1.3
356.07 4.8
358.06 8.9
359.49 1.7
361.43 8.9
362.19 3.3
363.35 3.4
364.30 6.6
364.99 2.3
365.66 1.2
366.33 3.0
367.25 11.3
368.49 16.7
369.43 9.4
372.80 15.9
374.51 3.9
375.26 8.0
376.15 8.3
377.81 3.9
378.94 23.5
380.18 38.1
381.26 20.1
383.44 2.5
384.34 7.1
385.34 1.3
387.31 2.9
388.37 6.2
389.30 12.2
390.46 11.2
391.28 4.1
392.15 6.7
393.19 18.4
394.47 8.8
395.29 6.1
396.26 14.7
397.18 10.4
400.31 12.1
402.30 13.0
403.56 15.3
404.20 27.9
404.97 3.4
406.27 17.3
409.16 11.9
410.16 80.2
411.08 37.0
414.67 114.1
415.36 161.8
417.30 2.2
418.39 19.9
419.55 6.7
420.24 1.4
421.11 4.0
422.07 8.9
423.67 43.1
424.36 71.3
425.28 10.7
426.79 7.6
428.07 31.6
429.31 13.5
430.78 9.3
431.75 13.4
432.49 8.4
433.28 1.3
434.25 11.0
435.33 5.4
435.94 2.6
437.39 14.9
438.02 5.7
439.29 1.4
441.42 6.5
442.22 2.7
443.33 26.2
444.41 7.2
445.16 2.4
446.31 7.9
448.18 10.1
449.34 17.2
451.10 2.2
452.98 22.1
454.19 10.1
456.36 14.7
459.82 16.7
460.92 20.4
462.25 16.0
464.13 17.9
465.02 16.9
465.96 20.6
467.58 24.1
468.50 6.8
470.86 16.8
471.52 12.8
472.19 2.5
472.80 4.3
474.20 19.3
474.83 6.8
476.14 22.1
477.15 10.1
478.30 34.0
479.21 29.6
480.27 62.9
481.50 14.8
483.03 38.0
483.95 39.7
486.05 15.1
487.23 12.4
488.38 39.2
489.28 41.9
490.18 32.4
491.68 100.6
492.38 31.1
493.15 12.3
494.60 53.8
495.32 57.8
496.26 6.1
497.65 40.7
498.48 12.0
500.99 171.3
501.89 32.9
502.74 14.8
503.45 12.1
506.22 287.0
507.19 313.3
508.11 98.6
510.00 377.8
511.20 8.4
511.93 21.1
512.78 16.6
513.74 14.5
515.49 192.5
516.27 79.2
516.97 7.1
518.01 4.5
519.71 2.5
524.20 1.9
529.41 2.6
537.33 2.5
539.42 2.2
541.40 2.3
542.35 1.6
547.56 2.6
551.33 2.5
556.46 12.5
562.64 2.5
564.49 3.0
566.43 1.8
567.48 4.0
578.06 5.5
580.91 6.8
584.29 3.6
587.47 2.1
590.42 2.3
591.55 9.8
592.24 15.3
593.41 3.6
596.47 2.3
598.38 5.4
599.36 2.0
601.74 7.1
603.88 1.6
604.50 4.2
605.45 1.2
606.43 4.9
612.34 1.5
618.64 11.9
620.49 4.7
626.60 4.9
629.04 14.4
630.37 11.0
633.42 4.3
634.14 7.8
637.23 4.6
639.42 1.8
643.55 4.3
647.84 4.5
655.99 4.7
659.50 3.5
661.11 3.3
662.42 2.5
663.75 1.0
664.49 8.5
665.16 4.5
668.60 3.9
671.51 3.1
672.56 6.1
674.43 5.9
675.54 1.4
679.10 5.3
682.52 7.6
685.47 4.4
686.16 4.0
687.36 7.7
688.22 7.0
689.37 2.3
690.30 5.4
691.53 2.7
693.42 7.2
694.48 5.2
697.43 6.3
698.80 2.8
699.44 2.4
701.36 4.1
704.91 11.2
710.22 3.0
711.63 1.4
714.26 4.3
715.79 2.4
716.83 4.3
717.60 2.6
720.61 5.8
722.25 1.3
724.85 2.0
728.20 1.8
730.61 2.6
732.44 3.9
733.68 3.8
736.19 7.6
737.70 1.2
738.72 3.9
744.36 1.6
747.05 6.2
749.20 2.7
754.21 2.2
755.20 2.8
758.39 12.0
759.62 37.2
760.48 37.0
761.73 11.5
762.39 3.0
765.21 2.7
766.25 18.6
767.88 4.8
770.56 3.5
771.61 6.4
774.32 2.7
776.61 5.7
777.58 1.6
778.25 1.3
783.28 4.4
784.32 6.9
785.79 3.1
786.70 4.5
789.01 4.7
789.63 1.1
791.57 8.8
796.51 1.5
799.25 9.3
801.41 9.9
803.62 2.4
804.44 1.8
806.01 5.6
817.57 10.4
819.51 33.8
820.68 6.4
828.66 1.7
833.35 5.3
835.06 13.8
836.43 2.1
837.42 4.7
845.43 2.7
846.56 20.6
847.53 37.6
848.51 2.8
849.50 3.2
852.44 1.7
856.43 3.1
857.55 8.1
861.08 2.0
868.23 3.6
871.14 2.2
873.57 5.1
874.73 7.4
875.71 3.3
884.56 2.7
890.95 3.7
892.21 8.5
899.38 1.6
901.32 2.5
902.43 1.8
903.59 4.5
915.78 3.5
919.50 2.7
920.62 2.0
928.72 2.7
929.46 2.5
934.59 1.5
945.48 3.8
949.66 3.0
956.52 3.1
1011.59 14.5
1027.53 2.3
1033.77 5.8
