1104.57402 2
175.41 2.0
178.27 3.3
180.09 4.5
186.09 1.9
187.23 1.4
188.21 2.4
195.77 1.4
197.25 8.8
201.36 2.9
203.89 5.6
209.26 1.9
210.07 5.2
216.14 3.8
218.21 1.7
219.19 3.8
221.38 1.6
222.19 2.4
223.04 1.6
226.19 62.5
227.15 6.6
229.36 5.2
231.11 1.5
232.15 3.9
233.15 2.6
236.04 6.0
240.30 13.5
242.20 68.5
244.06 6.4
249.08 2.2
254.29 1.5
256.08 2.8
258.14 15.4
259.05 6.0
261.23 27.5
262.03 3.2
263.04 1.4
265.16 14.3
266.24 1.7
268.45 2.5
270.17 36.5
271.18 9.3
272.24 2.6
274.21 45.9
275.35 7.9
276.47 3.4
279.24 28.7
280.16 9.4
283.28 29.3
284.12 10.4
288.43 4.9
292.48 1.2
293.25 2.1
296.29 3.8
299.04 4.4
300.28 2.8
301.03 7.1
302.33 2.5
303.24 8.3
304.21 5.4
305.10 1.4
306.10 4.8
308.99 4.1
310.23 8.6
314.47 6.5
315.11 4.6
317.20 4.2
321.25 75.3
322.30 17.3
323.26 1.7
324.29 4.6
325.22 6.6
326.35 1.3
327.29 20.8
328.11 5.7
331.27 38.3
332.33 9.6
333.24 1.9
335.32 2.3
337.22 5.9
339.39 7.1
340.18 8.8
341.11 8.0
342.29 1.1
343.06 4.9
345.18 1.2
349.29 8.4
351.29 2.1
353.25 33.9
358.21 9.7
360.27 7.2
361.18 7.9
363.18 2.3
365.23 4.8
367.29 3.1
368.11 2.8
371.18 14.7
372.18 5.9
373.19 2.2
374.17 5.9
375.24 143.7
376.21 10.8
378.17 7.2
379.22 1.3
380.43 2.2
382.20 3.2
384.14 9.3
387.08 2.6
390.34 2.9
391.24 2.9
391.89 3.8
392.67 1.9
394.29 9.4
395.18 1.0
398.32 3.0
400.48 1.9
401.26 6.0
402.84 4.7
404.29 2.9
405.14 5.1
406.26 2.6
407.50 3.7
408.52 7.0
410.48 7.2
411.31 1.6
412.25 4.4
414.44 25.0
415.92 8.9
417.35 28.7
419.20 4.6
420.01 2.1
421.31 3.7
424.37 33.5
425.12 1.2
428.17 16.1
429.28 5.3
430.05 1.8
433.22 5.5
433.97 1.4
435.23 2.9
435.99 1.6
437.14 10.9
438.16 14.5
439.18 24.2
439.98 7.1
440.68 2.9
442.87 11.9
445.37 1.0
446.11 2.1
447.73 6.3
448.73 3.3
450.34 27.0
451.56 15.2
452.26 3.4
453.32 6.9
454.39 3.8
455.99 1.4
457.12 13.9
458.18 4.5
458.78 5.1
459.39 3.5
460.84 4.3
463.24 8.2
464.31 1.5
465.40 7.3
467.49 18.8
469.24 4.7
471.26 1.8
472.26 4.2
473.07 17.3
474.27 12.7
475.23 1.5
477.20 1.0
478.13 8.3
479.05 4.1
480.19 9.5
481.44 7.5
482.29 11.0
483.27 8.2
484.94 14.8
486.80 29.6
488.35 132.4
489.37 21.9
490.26 2.2
491.22 18.0
492.60 16.9
494.76 5.5
495.37 2.7
496.23 8.4
497.29 1.4
498.38 2.3
500.15 109.9
501.11 14.6
502.19 15.9
503.53 4.3
507.33 7.4
508.39 28.6
509.31 13.4
512.17 51.2
513.45 2.8
515.45 27.4
516.40 29.6
517.37 51.8
518.22 17.6
518.97 3.7
520.61 26.4
521.54 9.1
522.71 17.4
524.13 1.9
526.36 19.9
527.39 17.2
528.29 7.2
529.24 7.3
530.40 111.9
531.57 18.4
532.50 28.2
534.46 188.5
535.31 172.7
535.97 173.3
537.02 6.2
538.01 13.1
539.72 2.1
541.92 15.2
544.22 228.2
544.92 34.8
558.51 1.2
559.22 2.1
569.47 5.1
570.56 2.5
571.32 16.6
575.98 14.4
576.80 4.6
578.11 1.1
581.17 1.6
584.38 2.3
587.48 79.3
588.50 9.0
590.46 7.4
599.32 76.7
600.23 29.7
601.75 5.7
604.36 3.0
607.40 1.9
608.39 1.1
615.57 1.6
616.89 2.0
618.44 2.0
631.27 1.6
640.63 3.8
645.23 1.4
647.40 2.1
648.41 6.7
649.34 3.1
658.46 4.3
660.34 2.3
662.38 2.6
665.30 2.8
668.40 2.3
670.63 2.3
671.44 3.7
672.25 36.5
674.58 6.3
677.41 52.2
681.97 4.4
685.59 6.6
687.84 5.6
688.50 3.5
689.51 11.8
696.57 1.2
698.25 1.8
699.43 7.7
700.58 3.4
701.44 1.6
702.45 2.4
703.41 2.7
712.31 114.3
713.42 37.2
717.25 7.5
721.36 17.1
722.28 1.4
727.72 3.2
728.45 4.2
729.70 9.0
731.37 3.8
734.37 74.8
735.46 29.5
754.98 5.4
756.32 2.0
757.66 5.0
758.42 6.7
759.61 23.6
761.38 5.0
763.07 4.7
769.49 1.8
778.39 35.4
779.41 11.5
780.77 9.3
788.64 5.5
791.31 1.6
798.29 1.7
799.28 4.6
802.24 7.0
803.53 9.3
804.32 2.6
805.54 22.6
807.51 3.9
809.40 4.5
812.74 10.6
813.44 6.1
817.26 3.6
818.57 17.7
819.35 9.0
826.34 20.6
830.65 4.8
831.70 6.4
835.38 340.3
836.43 70.4
840.70 4.7
842.82 1.4
844.24 3.2
846.13 19.1
846.96 2.4
847.56 15.1
848.56 15.4
849.93 1.8
854.76 2.3
857.46 12.7
860.57 1.8
872.45 2.2
876.20 8.2
884.48 2.0
890.57 8.7
892.45 11.9
893.35 1.5
901.59 2.9
902.22 1.0
904.41 3.6
916.44 18.4
917.61 2.3
923.56 3.3
927.88 15.3
928.81 5.0
930.37 1.9
934.43 27.2
940.59 13.9
941.43 2.9
943.62 1.7
944.55 9.1
945.36 4.2
948.40 4.9
957.69 1.3
958.38 2.5
959.47 1.4
965.75 2.9
972.50 48.5
973.50 20.3
975.54 6.6
998.44 1.1
1066.06 3.7
1081.36 2.4
1082.22 1.1
1104.79 3.6
