870.54161 2
125.31 1.5
126.09 1.8
128.15 8.9
129.06 3.3
130.31 1.6
131.70 1.4
132.98 2.8
134.30 2.3
136.25 3.3
139.09 2.5
140.34 2.5
141.31 2.5
143.24 2.3
145.16 3.4
146.26 1.2
148.01 3.0
149.36 1.8
151.09 1.4
153.25 1.8
155.25 1.7
156.26 11.7
157.14 7.6
158.26 15.1
159.08 1.2
160.17 14.6
161.13 1.4
162.07 2.4
162.98 3.6
164.13 3.2
165.05 3.3
166.01 7.5
167.34 9.3
168.07 3.8
169.29 1.9
171.20 50.8
172.79 1.2
173.40 5.4
174.29 7.8
175.20 108.4
176.40 2.8
177.31 3.1
178.24 7.4
179.14 4.1
180.34 6.8
182.93 3.4
183.96 1.2
185.15 17.5
186.19 2.9
187.47 4.7
189.17 21.8
190.13 5.4
191.14 7.1
192.10 7.7
193.20 2.0
194.32 2.8
195.31 2.2
197.07 10.1
199.22 110.5
200.29 11.9
201.39 3.6
202.13 5.2
202.97 1.2
206.18 2.9
207.18 2.6
209.19 12.8
210.17 7.2
211.15 2.0
212.38 3.3
213.17 6.1
214.71 4.5
216.10 7.0
217.32 10.5
218.12 12.0
218.98 14.8
222.05 23.4
223.22 8.5
224.27 11.6
225.23 22.8
226.36 11.2
227.25 1.2
228.19 3.0
228.93 4.7
232.14 20.9
234.25 5.7
234.91 8.7
236.17 7.9
237.00 2.1
238.57 12.1
239.25 41.1
240.18 2.7
241.18 2.6
242.11 43.3
243.23 1.2
244.13 3.7
247.22 3.6
249.12 2.6
249.81 3.4
252.30 3.7
253.29 6.3
254.20 8.8
255.26 32.8
256.25 23.7
257.32 4.0
259.20 4.4
260.27 8.7
261.16 4.7
262.20 4.0
265.11 8.6
266.23 3.7
267.25 5.3
270.47 9.3
271.28 15.8
272.26 54.8
273.34 10.3
274.28 13.8
275.40 9.2
276.22 14.3
277.16 10.0
278.15 1.5
279.22 23.0
280.27 5.9
281.09 5.7
282.19 10.9
283.29 12.9
284.40 8.8
285.31 12.0
286.23 1.0
288.22 267.9
289.32 34.0
290.28 7.4
291.44 9.3
292.22 1.9
295.14 3.2
296.22 2.8
297.25 6.2
298.23 12.3
299.27 3.7
300.27 65.6
301.36 10.7
302.24 6.1
303.31 21.5
304.26 13.4
305.27 14.9
306.33 3.6
307.21 7.6
309.52 2.6
313.17 11.0
314.30 2.0
316.22 141.1
317.38 22.4
318.26 5.2
319.01 4.2
320.53 9.4
321.24 28.2
322.14 29.4
323.58 7.0
324.31 5.9
325.06 2.3
327.47 16.5
328.48 9.2
329.49 5.4
330.23 13.6
331.16 8.6
332.26 5.9
333.15 8.2
334.13 5.2
335.22 21.6
336.28 15.1
337.25 12.7
338.27 1.4
339.28 5.9
340.60 12.5
341.52 34.4
342.24 11.6
343.37 10.7
344.63 3.4
345.24 11.5
346.11 7.7
347.10 14.4
348.25 13.5
349.31 31.1
350.73 15.8
351.34 5.0
353.34 12.2
354.21 22.5
355.36 14.1
356.25 3.9
357.08 6.4
357.95 1.7
359.23 4.7
362.76 7.2
363.43 10.1
364.07 18.2
365.38 13.0
366.24 11.5
367.59 6.4
368.53 6.7
369.36 15.3
370.28 13.8
371.31 26.0
372.20 9.2
373.34 17.3
374.16 20.9
375.19 26.3
376.25 10.3
377.28 28.8
378.22 9.7
379.55 11.1
380.74 15.0
381.37 57.2
382.43 18.9
383.31 5.9
384.39 1.3
385.44 119.5
386.49 32.9
387.44 8.0
388.29 16.0
389.26 12.0
391.24 66.9
392.34 37.3
393.21 1.9
394.89 71.1
396.31 1.7
396.93 12.7
398.25 5.4
399.26 105.8
400.38 60.6
401.34 8.5
402.34 28.1
404.54 57.8
405.31 33.6
406.25 14.1
407.25 5.3
408.49 28.3
409.22 7.7
410.61 5.5
411.59 17.2
413.46 738.0
414.33 111.4
415.02 34.3
417.22 235.2
418.09 288.3
419.09 104.6
420.57 74.7
421.51 7.0
422.72 7.9
423.67 14.4
424.54 18.1
426.93 1630.7
427.79 12.5
429.54 12.2
430.99 3.0
440.60 3.0
442.28 4.6
447.30 1.2
450.39 1.1
450.99 1.4
453.41 17.5
454.24 4.1
455.64 5.8
458.35 7.1
460.39 5.7
464.46 1.6
466.43 3.6
468.28 40.0
469.38 24.2
472.39 295.8
473.49 37.9
474.77 1.4
478.32 5.9
479.97 15.4
480.99 15.2
483.16 3.7
484.25 1.2
486.39 36.0
487.39 6.1
488.58 13.0
489.84 1.4
491.98 10.2
495.35 10.2
497.06 1.6
498.40 5.8
500.00 15.2
500.61 2.2
502.79 7.7
505.37 5.5
506.23 1.5
508.57 1.0
510.37 4.0
513.48 2.8
514.92 10.6
516.11 19.0
518.14 13.6
523.38 16.0
524.61 8.4
525.39 6.0
526.26 5.0
527.89 8.7
529.18 2.7
533.11 7.9
533.76 2.7
534.47 3.5
537.29 16.9
538.72 5.1
539.37 13.4
540.33 6.7
542.38 4.4
545.54 5.7
551.57 6.5
553.84 12.0
554.50 28.7
555.25 22.0
558.43 8.8
560.71 7.2
564.38 14.1
565.45 3.7
566.69 3.4
568.44 3.1
570.24 16.0
571.40 148.2
572.44 27.7
574.09 1.9
576.11 2.0
577.28 3.2
578.01 2.5
579.43 4.2
581.29 49.0
582.28 269.9
583.27 45.3
584.40 14.0
586.33 7.2
587.09 7.6
588.40 6.3
592.36 6.6
593.32 9.6
594.44 8.8
596.57 11.0
597.28 46.8
599.38 1.4
602.03 15.3
602.66 1.4
603.43 7.7
605.17 1.5
608.45 1.2
609.34 1.8
610.53 6.6
612.08 2.1
614.43 9.4
615.21 4.9
615.82 2.1
616.56 6.1
618.41 3.1
624.19 1.3
625.28 3.4
626.38 1.6
627.38 2.8
628.37 8.7
629.49 4.2
630.28 4.5
631.46 141.3
632.57 76.0
633.79 2.1
636.43 34.8
638.26 1.7
639.68 1.7
641.45 2.6
644.55 3.9
645.31 5.0
649.13 4.3
652.31 41.7
653.37 22.6
654.45 5.1
655.69 7.7
657.23 2.2
658.66 1.2
659.39 5.2
665.29 6.4
666.45 4.0
667.47 19.2
668.34 10.0
669.22 21.2
672.42 809.4
673.56 210.1
674.40 9.3
676.36 2.8
679.44 7.4
683.55 5.3
685.68 4.6
686.47 2.1
692.37 2.0
695.35 62.4
696.21 22.9
697.52 5.5
699.26 6.7
700.51 23.8
701.29 1.1
702.90 3.0
710.47 6.3
713.44 15.0
714.35 5.6
715.72 3.3
718.46 2.7
723.39 11.3
724.25 7.6
725.46 117.9
726.47 46.0
727.52 2.1
732.63 4.9
736.67 1.3
737.66 3.1
738.82 3.6
739.45 5.9
743.51 5309.5
744.55 1574.7
747.68 1.0
753.44 41.4
754.66 1.7
756.54 2.2
757.47 3.3
764.57 1.3
766.21 2.5
768.77 1.0
771.45 119.3
772.62 31.3
773.50 2.5
778.23 7.0
782.60 1.6
785.51 3.1
793.50 2.2
799.56 3.9
800.77 2.8
803.59 8.2
817.82 3.1
822.29 3.7
826.33 5.9
829.88 1.1
830.92 1.8
847.49 233.2
848.52 131.1
849.51 37.6
873.26 11.7
