735.3155399999999 2
111.31 1.9
112.03 6.5
114.40 1.2
129.29 1.3
130.06 1.6
131.29 1.9
132.18 2.1
137.26 3.8
142.08 1.6
143.02 1.4
145.15 1.6
148.26 3.7
151.96 2.8
154.42 7.4
155.20 1.4
165.12 3.1
167.42 2.7
168.97 2.3
173.21 2.3
175.27 17.2
179.37 1.4
181.46 4.4
183.10 2.5
185.03 3.4
186.14 3.5
188.47 4.9
189.13 2.2
190.99 2.3
193.66 9.8
194.42 5.5
195.22 10.5
199.28 1.4
200.35 1.1
210.31 2.6
211.27 3.8
212.42 1.4
213.20 5.8
217.28 1.5
219.19 14.7
229.17 1.9
231.31 1.8
233.38 1.0
236.38 2.2
237.32 2.7
239.15 2.2
241.24 3.4
243.12 1.1
245.14 4.1
247.25 2.5
248.24 8.8
249.10 5.0
250.31 13.5
253.83 38.9
254.46 4.0
255.28 15.6
258.18 1.2
260.02 2.5
262.16 31.9
263.31 9.8
265.41 9.7
266.94 1.6
268.13 4.0
269.09 3.7
271.91 3.1
274.00 31.3
275.21 10.5
276.19 2.4
277.22 1.9
279.47 4.8
283.11 59.5
284.43 4.1
285.33 2.6
288.36 3.3
293.28 1.9
294.36 5.4
295.27 5.3
297.53 6.1
299.26 7.9
300.73 12.3
302.60 1.9
304.79 45.4
308.45 5.7
309.24 4.5
310.67 3.4
311.30 26.7
311.96 1.7
313.48 9.5
314.24 1.8
315.13 8.2
318.18 4.3
319.81 9.5
321.20 7.3
322.39 2.6
323.43 3.3
325.35 33.9
327.05 141.7
329.27 1.9
331.65 2.3
333.26 7.7
336.33 448.3
337.51 9.7
338.68 7.9
340.39 5.9
341.03 1.4
342.30 15.9
344.60 15.3
345.54 11.0
349.05 6.1
349.96 79.6
350.75 7.9
351.46 4.5
352.17 2.7
354.05 12.6
356.06 2.4
358.97 53.0
359.72 80.5
360.36 5.9
368.01 4.7
385.53 6.7
386.20 4.6
389.35 5.0
407.28 1.1
410.41 1.3
415.76 11.1
425.31 130.7
426.27 23.7
432.34 3.1
433.72 3.4
441.36 2.1
448.72 3.4
459.30 2.3
463.14 7.8
464.14 16.2
469.62 1.8
473.93 10.1
482.38 50.4
483.85 1.6
488.26 1.8
497.41 2.1
498.27 3.6
524.23 1.1
533.57 1.7
535.45 7.0
536.34 3.0
560.39 3.4
563.66 1.6
579.30 7.0
588.28 40.3
589.44 4.3
591.29 1.2
598.44 10.8
605.38 2.2
637.53 5.2
695.94 5.1
