1125.54375 2
160.12 4.4
167.16 5.7
168.04 1.1
169.12 1.1
173.19 18.6
176.15 17.2
177.19 3.8
178.16 50.7
179.26 3.7
180.21 5.8
182.80 4.5
185.22 13.0
186.18 3.5
187.13 14.3
189.19 4.4
191.96 4.9
193.89 20.0
195.24 5.5
196.13 1.2
197.08 8.5
198.15 1.9
199.13 21.7
201.08 15.1
203.24 2.3
204.14 2.1
205.21 4.8
207.30 1.2
208.02 4.5
209.10 2.9
210.10 27.5
212.20 10.2
213.17 2.7
214.24 11.6
215.07 21.0
216.29 4.4
217.23 4.6
218.20 4.6
219.18 3.1
222.44 5.9
223.21 2.2
224.09 1.5
226.20 6.0
227.04 27.0
228.41 3.7
229.30 6.7
230.26 5.5
232.22 16.2
233.33 11.6
233.95 3.2
235.20 3.1
236.45 1.4
238.14 4.3
239.12 12.9
240.15 15.6
241.25 3.7
242.35 15.7
243.23 25.7
244.17 3.4
245.30 3.5
246.13 1.3
247.34 1.8
248.13 11.7
249.23 3.8
250.24 17.0
251.16 1.4
252.05 32.0
253.21 10.3
255.26 2.1
256.85 16.8
259.08 12.4
260.24 195.0
261.46 13.4
262.23 4.0
263.28 12.1
265.26 14.6
266.27 15.5
267.17 2.0
268.05 22.0
270.19 6.0
271.20 2.5
272.34 7.5
274.19 25.1
275.38 9.9
276.29 4.1
277.39 9.4
278.29 25.5
279.20 31.6
280.22 54.1
282.46 10.4
283.14 21.1
284.17 2.7
285.30 8.0
286.38 1.9
287.04 6.4
288.63 18.7
290.38 4.7
290.99 2.4
292.53 8.8
293.18 6.7
293.97 1.0
294.88 3.6
296.13 40.6
296.77 1.4
298.23 240.5
298.95 5.1
300.21 12.3
301.22 33.4
302.31 11.4
303.33 31.8
304.26 13.1
305.21 9.3
306.16 5.1
307.07 1.3
308.16 9.3
309.31 21.6
310.24 22.4
312.06 29.3
314.28 2.8
315.32 6.8
316.29 6.6
317.33 1.7
318.17 9.8
319.03 42.1
320.14 16.4
321.19 21.8
322.26 16.6
323.36 1.1
324.11 2.4
325.19 15.5
327.03 7.7
328.00 17.2
329.02 1.2
331.08 12.4
332.31 9.0
332.97 1.5
334.30 34.1
335.31 28.0
336.37 1.0
337.43 16.4
338.31 11.1
339.35 10.8
340.44 5.6
341.10 10.1
342.30 18.9
343.12 5.6
344.06 18.6
345.30 11.5
347.24 2.5
349.62 16.6
350.51 7.8
351.54 8.8
352.17 67.1
353.17 58.4
354.20 20.1
355.23 14.8
356.18 8.9
359.62 2.9
362.13 21.6
364.25 12.8
365.27 9.5
367.47 11.2
368.15 9.6
369.47 19.8
370.13 115.3
371.13 25.9
372.35 13.6
373.30 38.3
375.37 7.2
376.19 9.7
377.37 21.0
378.18 4.0
379.19 4.5
380.52 8.9
381.24 15.1
383.31 291.8
384.25 22.8
385.19 10.1
386.19 19.4
388.10 71.8
389.38 26.8
390.30 35.0
391.17 19.3
392.52 11.7
393.34 69.6
394.37 7.1
395.09 14.1
396.40 5.9
397.16 6.2
398.41 29.1
400.23 15.5
401.33 17.5
402.06 67.6
403.09 15.4
404.02 4.7
406.12 146.9
407.16 34.7
408.21 8.2
409.23 33.7
409.85 1.7
411.20 720.8
412.22 21.4
412.96 6.1
414.14 20.1
417.29 51.5
418.42 22.9
419.28 12.9
420.46 3.7
421.11 6.6
423.08 9.1
424.10 8.2
425.18 13.6
426.19 27.2
427.21 30.1
428.20 9.0
429.24 28.3
430.22 4.5
431.16 18.4
432.29 25.8
433.70 11.8
435.22 3.5
436.01 17.9
437.26 11.7
438.50 3.2
439.56 10.5
440.33 23.6
441.10 15.3
442.43 52.6
443.67 28.3
444.27 20.0
445.07 16.4
446.28 18.1
447.21 5.1
449.06 91.2
449.96 7.0
451.03 12.7
452.46 12.9
453.30 25.0
454.31 27.6
455.38 63.3
456.34 20.2
457.80 45.0
458.79 44.4
460.14 101.5
461.32 9.9
462.26 12.6
463.66 17.7
464.35 42.6
465.45 36.9
466.25 16.6
467.33 9.0
468.36 6.5
469.58 34.5
470.32 20.0
471.30 6.0
472.31 7.0
473.40 29.1
474.12 28.5
475.05 19.1
475.66 6.8
476.28 24.0
477.11 11.0
478.48 23.0
479.30 19.3
480.16 15.8
481.21 53.2
482.30 42.7
483.34 30.3
484.39 11.4
485.18 13.9
486.24 18.4
487.26 21.2
488.31 52.5
489.20 27.0
490.32 94.5
491.04 60.2
492.17 19.6
493.29 10.4
495.02 10.5
497.08 80.1
498.17 101.7
499.19 83.4
500.06 29.7
501.27 28.5
502.36 36.8
503.34 75.5
504.41 48.3
505.38 56.5
506.39 36.6
507.38 30.0
508.10 4.2
510.24 27.8
511.05 17.6
512.17 29.6
513.38 20.3
515.18 251.4
516.24 123.8
517.39 28.0
518.31 8.6
519.34 57.6
520.21 38.5
521.15 99.9
522.35 58.8
523.37 46.3
524.28 31.8
525.37 35.8
527.05 79.7
528.36 79.8
529.82 65.9
530.58 31.3
531.90 16.4
533.23 533.9
534.17 65.5
535.30 26.2
536.49 64.8
537.51 6.3
539.34 406.4
540.47 174.2
541.43 88.8
542.60 9.7
544.79 310.6
545.59 900.3
547.09 42.9
548.13 35.1
549.07 26.9
550.45 152.7
551.29 367.4
552.31 57.5
553.73 131.1
554.61 218.2
555.41 21.6
556.60 5.7
562.92 3.5
564.21 1.1
567.19 1.4
569.22 278.3
570.35 38.3
572.14 13.1
573.58 1.2
574.47 24.4
575.70 38.8
577.67 5.8
580.42 7.2
582.95 29.1
583.76 23.3
584.73 19.5
587.35 3.8
588.45 46.2
589.21 16.8
590.07 29.6
590.79 15.4
591.85 1.2
593.70 17.9
594.61 8.8
596.08 64.3
597.09 31.3
598.30 4.3
598.95 5.8
599.59 1.4
600.26 5.6
601.37 6.7
603.39 9.7
605.58 27.3
606.52 17.3
607.52 10.5
609.25 7.6
612.23 9.0
612.89 10.6
614.01 27.2
614.70 3.7
615.97 29.0
619.83 14.5
620.81 71.5
621.68 24.0
622.31 12.9
624.30 10.3
625.44 20.5
626.41 38.5
627.33 22.8
628.60 9.4
630.00 79.6
631.17 24.8
633.23 1.9
636.16 8.0
638.14 4.7
639.34 19.6
641.06 10.5
642.49 4.4
643.28 5.8
644.24 8.4
645.29 3.3
646.39 2.4
647.50 28.4
648.38 46.2
649.19 29.4
650.31 12.3
651.33 21.8
652.53 27.7
653.72 22.9
654.84 26.4
656.62 12.9
657.58 23.5
658.80 6.3
659.62 5.4
661.55 30.8
663.62 56.3
664.31 21.5
665.68 78.2
666.50 93.2
667.29 7.4
669.40 112.3
670.28 77.1
671.46 1.6
673.30 41.0
675.43 387.5
677.15 37.0
677.95 8.5
678.70 6.6
679.36 6.3
682.24 5.9
683.12 13.3
684.24 5.2
685.72 41.9
686.81 36.0
687.70 19.4
688.38 15.3
689.27 4.4
690.49 6.2
691.55 14.7
693.37 1.5
693.98 3.8
695.71 3.8
696.32 2.2
697.42 20.1
698.37 13.1
699.44 45.7
700.47 13.9
701.42 18.8
702.46 30.2
703.38 26.5
704.79 5.8
705.47 10.8
706.96 45.0
707.79 21.2
708.69 7.3
709.61 6.4
710.69 6.1
711.44 4.7
712.82 59.3
713.49 74.4
714.50 22.1
715.79 8.1
716.54 10.4
718.08 21.2
718.91 19.8
720.38 395.0
721.70 16.7
723.25 28.3
725.57 19.0
726.45 1.6
727.47 13.3
728.76 1.3
729.74 8.5
730.71 6.9
731.45 12.3
734.79 4.5
735.62 35.4
737.31 38.2
738.44 17.0
739.45 3.8
740.41 2.2
741.49 8.2
743.62 37.2
747.62 5.8
748.55 3.4
749.56 4.0
752.21 11.2
753.36 72.3
754.24 1.7
755.25 9.9
756.70 6.6
759.35 12.1
762.28 46.6
763.59 27.2
764.45 12.2
765.25 1.5
766.72 7.0
770.74 19.4
772.53 1.4
773.34 3.5
774.40 28.0
778.92 7.8
779.63 10.9
780.78 8.7
781.69 6.5
785.66 15.4
787.56 23.0
788.47 2.6
789.36 1.6
791.24 1.9
792.48 7.3
793.66 36.6
794.73 33.4
796.44 13.8
797.38 6.0
798.46 4.3
799.38 2.6
800.52 1.6
801.63 4.3
802.61 11.7
803.61 3.8
804.33 2.8
806.68 6.8
807.36 53.3
810.42 8.7
811.35 3.0
812.46 14.5
813.41 13.4
817.11 2.2
820.44 22.1
821.21 15.0
822.31 9.4
823.47 12.2
824.83 8.5
825.43 4.8
826.43 5.1
828.53 5.8
829.62 1.6
830.43 23.6
831.24 2.3
832.75 3.7
834.52 7.3
835.78 1.8
838.65 1.6
840.65 5.4
841.56 3.6
842.57 1.2
843.50 1.7
845.87 2.2
847.95 15.2
848.55 77.1
849.31 1.2
850.37 15.5
851.00 3.5
852.82 4.7
854.00 9.6
854.90 3.4
857.59 8.8
858.50 2.3
859.59 17.2
860.55 26.1
861.48 8.9
864.53 4.3
866.45 199.4
867.37 20.1
876.34 7.2
878.51 19.7
879.22 4.6
880.51 2.0
881.43 3.5
882.63 9.6
883.56 16.5
884.86 36.5
886.46 2.8
887.23 1.0
890.08 9.0
892.81 6.2
893.62 45.9
894.65 10.1
896.98 4.0
898.65 4.4
899.38 3.7
904.78 3.4
906.64 15.0
907.71 7.4
908.51 14.5
909.55 45.5
910.60 28.5
911.85 9.4
912.60 3.8
913.54 3.6
914.43 5.3
915.57 5.7
917.20 2.2
918.52 2.4
919.37 3.3
920.44 4.3
921.49 2.2
923.31 2.9
924.54 5.0
925.76 21.7
927.26 26.2
928.12 9.0
928.87 4.1
933.48 7.2
934.17 10.3
935.57 1.9
937.51 3.4
938.78 6.7
939.54 3.4
940.57 2.5
941.58 4.8
943.47 51.5
944.62 4.5
945.83 4.2
950.81 13.5
951.58 5.2
952.37 16.4
959.88 7.3
961.47 176.7
962.50 10.2
966.57 1.9
968.97 2.6
976.54 7.9
977.66 3.1
979.46 468.3
980.51 131.6
981.83 2.2
984.31 4.3
991.74 2.5
992.55 1.9
994.71 4.2
995.62 7.2
996.59 1.7
998.63 23.3
1003.56 1.2
1005.29 1.1
1007.23 2.4
1008.24 3.9
1015.59 1.6
1021.71 2.5
1026.01 9.3
1028.13 2.9
1040.60 12.3
1043.20 2.1
1044.58 3.9
1046.75 1.6
1047.47 1.6
1066.04 2.0
1080.16 1.8
1083.82 1.6
1086.88 4.5
1087.57 7.4
1104.57 22.1
1109.44 5.0
1120.46 4.7
1125.57 1.2
