1357.72051 2
198.23 2.1
200.08 3.7
201.15 6.4
205.06 1.7
206.19 2.9
208.14 5.8
211.81 20.8
212.99 14.8
214.17 2.0
217.86 4.8
222.23 8.0
223.28 4.7
224.01 2.1
225.13 2.2
227.45 1.9
229.22 16.9
230.26 12.6
232.03 5.1
232.93 2.2
233.74 3.6
234.99 4.2
236.31 5.1
237.14 2.4
240.16 7.8
242.88 1.7
244.65 1.6
247.10 4.5
248.27 4.3
251.40 49.0
253.30 5.7
254.08 1.7
256.11 2.1
259.89 1.1
261.56 3.2
266.25 18.0
266.99 3.3
268.32 8.1
269.07 6.6
270.66 9.1
271.38 1.8
275.14 6.6
277.26 8.0
279.95 13.6
281.21 8.1
283.26 1.6
284.16 5.2
285.19 2.7
286.40 5.8
288.21 43.8
289.33 4.1
290.47 25.7
292.30 3.6
293.41 14.0
294.22 16.3
295.32 2.5
297.10 12.2
298.15 26.5
300.11 60.1
301.09 7.4
303.15 8.1
308.58 41.3
309.30 1.5
310.02 6.9
311.02 8.0
312.06 23.1
313.15 6.0
314.31 24.6
315.57 15.7
316.19 44.5
317.11 2.1
320.24 3.6
322.17 13.3
323.24 20.1
323.98 5.1
325.04 6.0
326.91 14.1
328.32 6.3
329.16 3.1
331.31 4.7
332.28 7.5
333.28 6.1
334.28 3.1
335.90 6.7
337.29 12.9
338.37 9.9
339.43 5.2
340.61 30.7
341.50 6.0
342.36 1.5
343.23 2.5
345.31 69.9
346.44 4.0
349.17 52.1
349.81 35.0
350.93 1.3
353.33 2.1
355.11 3.2
356.45 2.4
357.91 1731.4
359.21 9.6
360.26 5.9
362.84 5.5
364.33 4.1
365.38 255.3
366.14 3.5
367.19 5.8
369.54 14.5
370.64 3.2
372.68 3.5
376.12 10.4
377.22 27.8
378.16 7.1
379.13 25.5
380.25 2.0
381.50 2.9
383.18 1.2
385.22 3.7
385.86 1.8
387.36 6.4
389.41 5.3
390.46 6.8
391.20 1.6
392.21 6.0
395.27 1.2
397.32 17.2
398.30 13.1
399.09 4.4
400.55 1.6
402.32 6.9
405.12 6.5
406.28 35.2
406.99 20.7
407.90 2.8
409.32 12.3
411.15 25.8
411.84 18.6
413.05 17.4
413.70 1.9
415.48 80.2
416.49 1.1
418.10 1.9
419.26 1.2
420.18 2.2
422.74 24.0
424.43 7.2
425.21 2.0
426.56 7.7
427.32 26.0
429.36 11.4
431.31 1.9
433.21 4.5
434.47 3.2
437.66 1.9
438.36 6.0
439.34 2.9
440.22 68.7
441.18 90.4
442.42 35.7
443.42 3.0
444.31 18.6
445.43 7.0
446.91 6.9
449.49 6.5
450.81 483.9
451.47 154.6
452.36 6.0
453.99 4.8
454.72 2.0
456.01 1.5
458.37 139.1
459.50 20.3
460.43 13.5
462.54 3.5
463.29 5.5
466.50 5.0
467.31 9.4
468.22 23.2
469.11 11.7
470.25 1.1
471.20 5.3
472.19 9.2
477.86 5.2
479.71 6.2
481.09 6.3
483.17 29.3
484.42 62.4
485.26 4.1
486.35 2.5
488.09 1.4
489.89 5.5
490.83 3.6
493.09 2.4
494.32 13.1
495.21 5.3
497.28 45.9
498.29 43.0
499.30 41.2
500.45 29.6
501.40 293.4
502.18 20.9
503.76 5.0
504.91 12.6
506.96 33.6
508.48 1.1
509.08 1.6
510.69 1.2
511.37 24.5
512.27 64.8
513.21 9.3
515.52 61.6
520.32 10.0
521.09 5.4
522.85 4.8
523.52 8.4
524.28 2.7
525.33 6.6
526.59 12.1
527.60 8.8
528.24 3.1
529.35 20.1
530.29 4.4
531.29 13.1
532.30 5.2
533.42 8.0
535.54 1.1
537.37 5.3
538.59 5.5
539.32 3.8
540.39 180.1
541.40 34.6
542.15 8.9
543.21 112.0
544.24 19.9
545.01 7.8
546.92 3.5
548.34 5.9
548.98 1.9
552.40 3.5
553.02 1.2
554.60 12.9
555.39 38.6
556.39 23.7
558.41 89.3
559.44 27.5
561.64 5.1
565.02 136.7
565.90 4.1
567.09 15.8
569.29 5.5
570.21 9.1
571.25 17.9
572.36 20.8
573.37 115.3
574.44 13.4
577.32 1.6
579.49 9.2
580.39 6.3
581.35 25.3
582.39 4.3
583.31 9.5
584.15 5.1
585.19 7.0
586.10 1.7
586.95 5.1
588.13 8.9
591.37 16.5
592.42 25.3
593.05 13.4
595.41 10.5
596.86 7.8
598.32 155.6
599.47 85.5
600.50 29.1
603.65 7.5
604.63 7.7
606.24 41.3
606.97 37.7
608.43 30.7
609.39 11.5
610.21 1.3
610.82 9.8
612.29 97.4
613.13 27.0
613.78 1.3
615.17 50.3
616.20 43.1
618.01 8.9
619.54 19.0
620.47 14.6
621.51 2.3
624.73 8.3
626.29 456.1
627.30 207.6
628.32 13.4
630.20 31.1
631.78 22.5
632.43 28.4
633.14 15.9
634.66 16.5
635.69 4.3
636.59 6.0
637.25 13.4
638.15 9.9
639.18 52.3
640.53 82.8
641.44 22.4
643.11 12.9
644.26 191.7
645.37 32.2
646.98 29.2
648.64 128.0
649.70 76.4
650.51 29.6
651.57 8.2
652.78 64.8
653.44 81.5
654.41 37.0
655.58 41.7
656.41 11.9
657.36 22.5
658.11 21.9
659.13 7.9
661.83 1888.2
662.55 797.0
663.40 14.7
664.38 2.6
665.37 10.8
666.75 5.0
667.61 24.0
670.80 5305.2
671.82 14.8
672.53 1.6
683.37 1.2
689.57 1.7
692.41 3.7
694.42 3.1
696.64 41.3
697.52 109.1
698.48 43.7
699.31 6.2
704.59 1.2
708.47 10.6
709.41 3.3
711.52 110.8
712.72 3.0
714.47 707.4
715.47 246.7
716.49 13.7
720.22 4.2
724.30 2.1
726.10 84.6
727.25 18.4
729.41 187.0
732.36 1.6
734.00 2.3
743.54 2.9
744.50 7.0
745.60 2.7
748.53 3.5
751.17 6.1
758.46 8.2
759.64 18.2
768.31 4.4
769.48 47.4
770.74 3.6
771.48 11.8
772.89 1.7
780.88 4.5
784.51 5.8
786.44 139.6
787.85 16.1
793.37 1.6
794.51 18.7
795.79 2.9
796.53 2.9
800.18 23.1
800.79 3.8
802.41 5.7
804.50 4.0
806.65 1.1
807.52 1.0
808.40 3.1
809.26 3.0
811.40 3.8
812.54 88.6
813.45 40.2
817.13 2.5
822.16 4.8
822.77 7.7
826.75 9.5
827.40 2.6
829.47 23.5
830.45 13.6
831.18 2.0
836.42 1.6
839.92 19.0
840.56 62.6
841.57 10.7
844.52 4.8
845.43 6.3
846.86 2.7
855.53 2.9
858.16 31.7
858.85 6.0
860.78 4.7
861.53 1.4
865.42 16.0
866.64 8.4
867.28 3.2
873.59 1.9
880.34 3.2
881.85 9.3
882.74 17.4
883.65 69.0
884.62 22.5
885.36 3.9
895.45 1.4
896.58 7.4
897.51 20.7
898.39 5.3
899.48 17.4
900.60 71.8
901.63 23.3
909.36 1.0
915.49 14.0
916.88 7.2
926.40 8.8
928.59 2.3
929.57 1.8
930.60 2.6
931.83 9.3
934.75 5.7
942.48 1.2
946.31 2.9
951.16 1.4
952.11 4.3
954.69 4.8
956.62 1.3
965.53 4.8
969.60 8.4
970.58 3.7
972.59 5.4
973.70 1.8
975.57 1.2
978.83 1.5
984.47 3.7
985.73 2.3
987.57 4.3
990.22 6.0
992.66 1.0
996.49 9.1
997.42 1.1
1001.72 2.6
1005.14 10.1
1008.11 1.1
1009.56 7.6
1010.58 2.7
1011.61 1.2
1012.59 15.2
1013.44 15.0
1014.55 66.5
1027.36 2.5
1029.76 5.1
1034.32 4.5
1051.13 1.1
1056.60 4.1
1062.66 3.0
1065.87 2.4
1068.67 4.3
1069.91 3.7
1071.51 5.5
1073.66 1.7
1074.63 2.5
1078.58 1.0
1083.00 2.1
1087.55 1.3
1097.57 3.9
1108.58 1.3
1111.99 8.0
1112.75 4.2
1114.90 3.0
1122.43 1.9
1123.51 7.0
1125.55 4.9
1126.76 2.1
1128.74 5.2
1129.94 1.9
1130.61 1.4
1135.66 5.7
1138.77 7.0
1139.80 2.2
1144.49 3.8
1148.02 7.7
1148.75 12.0
1149.74 17.1
1155.71 1.6
1156.45 2.7
1165.84 90.3
1166.69 176.9
1167.74 47.3
1168.56 1.7
1169.65 9.0
1183.73 49.5
1184.65 51.1
1185.74 26.6
1194.87 3.0
1201.70 18.0
1202.70 18.1
1206.76 2.9
1209.40 1.2
1212.85 3.5
1298.89 3.4
1319.77 2.2
1320.47 5.3
