1119.57317 2
169.13 6.8
173.09 1.3
179.27 5.7
182.19 3.5
185.21 3.9
188.24 1.1
197.18 2.4
198.33 1.6
199.11 4.6
201.36 1.9
209.97 2.2
213.14 4.2
214.28 1.6
216.16 2.8
224.07 1.6
228.20 4.0
233.47 1.3
234.23 7.5
244.35 4.1
248.03 3.5
254.15 7.1
256.29 1.7
262.41 2.7
278.13 2.7
288.54 6.6
294.48 3.9
295.32 1.2
296.41 34.8
298.15 2.1
313.18 3.7
315.45 1.2
316.21 3.0
327.24 5.8
329.47 5.3
331.33 1.8
332.12 1.0
333.18 9.4
334.47 2.2
335.15 1.9
343.33 3.2
347.28 9.1
348.33 5.8
351.20 3.5
356.89 2.9
363.32 2.5
364.30 5.5
367.18 2.3
368.30 2.0
369.47 3.5
374.42 2.1
375.54 2.7
376.90 3.6
381.39 2.1
382.52 1.6
385.45 6.0
388.43 6.0
391.93 1.1
393.20 5.0
395.32 6.1
400.30 5.3
404.28 2.4
405.45 8.1
409.85 50.9
410.65 17.1
411.29 14.3
413.18 5.5
418.39 3.4
422.45 1.4
423.75 3.8
424.73 7.6
427.74 7.9
428.61 8.1
432.15 1.7
439.34 19.0
443.44 1.9
445.84 45.3
447.13 2.9
449.18 7.1
457.12 7.3
459.55 2.6
460.27 8.3
461.39 4.7
464.65 6.0
466.03 21.7
467.12 1.7
473.52 12.7
474.51 8.3
475.36 13.2
477.28 1.6
479.21 5.1
480.42 6.8
483.63 1.6
485.55 2.3
486.29 1.6
487.44 5.4
488.29 2.1
489.57 10.4
491.51 22.5
494.37 1.4
496.50 11.9
497.43 5.4
498.51 6.5
499.41 17.6
500.50 3.3
504.34 1.8
505.55 11.1
507.12 9.7
508.14 4.8
509.30 135.0
510.51 31.0
515.24 8.9
516.38 6.1
517.47 3.0
518.91 10.6
522.48 1.6
523.99 4.6
524.63 8.0
525.44 10.7
526.27 11.3
526.94 1.7
527.63 12.4
528.81 10.0
529.87 9.1
530.62 3.0
531.30 2.6
533.30 20.3
534.22 4.0
535.21 5.3
536.89 7.8
538.07 11.6
539.25 6.3
542.25 126.9
543.30 17.4
545.93 4.6
546.91 14.2
550.84 30.0
551.55 62.1
569.35 1.6
576.65 2.6
578.44 7.2
579.15 9.1
591.18 1.0
595.48 1.1
598.33 7.6
603.54 12.2
606.21 1.4
611.49 16.8
612.41 11.6
614.11 2.3
616.39 2.4
621.02 2.0
624.42 17.9
627.47 1.5
641.71 7.1
643.15 7.6
655.53 2.1
656.80 8.0
663.66 5.2
671.76 3.6
687.37 9.0
688.06 6.1
693.27 3.7
698.50 1.9
700.36 2.0
703.56 2.1
711.37 54.0
712.52 6.8
713.90 5.8
716.46 5.1
727.35 6.9
739.59 3.5
743.61 2.4
745.12 3.9
746.65 7.0
747.65 8.5
748.47 1.4
751.65 1.7
752.52 6.0
754.22 2.1
761.55 2.1
763.31 2.5
767.62 4.0
771.44 1.3
777.32 3.4
780.20 1.5
780.87 5.9
786.70 2.8
787.49 3.2
789.04 3.7
791.80 4.2
804.37 6.0
810.56 1.3
813.58 5.1
817.29 1.6
824.48 50.0
826.19 1.6
831.49 1.1
843.34 3.6
846.52 4.4
848.47 32.1
859.20 4.8
869.80 4.9
876.84 4.1
893.27 3.2
905.19 6.9
917.57 1.8
918.87 2.4
923.72 16.9
924.62 5.3
925.38 3.3
926.68 1.6
934.50 3.0
945.54 6.2
946.67 1.3
957.81 3.4
981.85 1.7
984.64 2.1
991.55 1.0
1001.99 10.4
1002.90 9.1
1003.59 3.4
1020.51 798.7
1021.64 280.0
1022.71 2.5
1035.65 1.6
1049.56 4.3
1091.42 1.3
