1201.69292 2
180.10 1.6
182.43 1.0
183.12 12.6
184.35 7.3
186.34 20.6
193.28 2.9
194.20 1.8
195.14 1.7
197.12 4.6
202.15 3.7
205.09 1.2
211.23 8.7
212.13 4.7
213.06 4.5
214.03 27.8
215.24 1.1
217.16 3.6
218.16 1.9
222.10 3.8
223.04 1.0
225.52 8.3
226.25 3.5
228.17 35.3
228.98 4.3
230.04 15.6
238.34 2.7
240.30 6.2
241.02 5.0
245.47 2.1
246.23 5.6
248.93 6.2
253.31 70.9
254.27 4.5
255.21 1.2
257.33 58.4
258.38 10.1
266.02 2.0
270.24 70.5
271.24 21.2
272.04 1.4
275.30 82.1
276.22 8.9
280.15 1.4
284.29 3.3
287.38 1.1
288.25 12.0
290.24 5.2
294.20 2.7
295.29 2.5
301.22 3.6
307.24 9.9
308.09 2.4
311.44 1.6
315.43 4.9
318.25 1.0
324.27 1.2
325.14 13.8
326.24 1.3
327.31 2.9
328.12 2.8
329.35 7.5
330.23 6.1
332.42 1.5
335.35 4.9
338.37 1.3
339.55 4.6
340.31 12.3
341.17 1.4
342.29 25.1
343.42 13.0
344.29 6.5
346.61 4.2
348.69 3.2
351.35 1.4
356.25 6.0
357.42 15.1
358.34 4.3
360.26 36.7
361.21 4.6
366.60 2.1
369.31 4.6
371.15 1.1
371.96 2.5
374.19 31.0
375.41 1.5
384.29 3.3
392.50 11.2
396.31 2.3
397.34 5.1
399.66 3.1
401.16 3.0
403.76 4.8
406.32 17.8
411.81 7.3
413.48 5.6
414.76 21.4
415.41 1.8
416.72 5.7
421.20 3.3
422.68 21.8
424.35 1.6
425.37 4.7
426.32 2.3
432.28 1.8
433.24 11.0
433.87 3.9
436.37 12.6
440.20 22.1
441.87 16.9
442.54 7.2
450.30 20.0
454.46 1.6
455.78 31.0
456.57 2.6
457.25 2.1
458.29 40.9
459.53 7.1
460.57 5.6
461.69 1.3
464.52 52.0
468.22 11.4
469.23 4.1
470.32 56.7
471.41 109.8
472.42 14.1
475.10 1.7
478.99 4.6
480.21 4.6
482.50 1.0
486.29 237.5
487.22 40.2
488.35 530.7
489.49 78.6
493.47 1.5
497.28 2.3
498.28 2.0
501.92 2.0
503.14 2.1
504.45 6.5
506.43 10.1
507.75 11.1
511.00 26.9
512.87 3.3
514.54 8.9
515.40 10.0
516.71 7.8
517.88 2.4
518.63 10.8
519.77 133.3
520.46 53.8
522.41 2.6
524.74 1.7
526.21 2.9
526.97 1.0
528.46 74.8
529.49 24.5
530.17 3.1
531.63 2.7
533.12 1.5
535.39 8.6
536.15 7.3
537.37 497.7
537.97 170.8
539.25 5.3
539.95 12.0
541.07 10.3
541.91 7.2
543.43 8.9
544.96 16.9
550.14 14.5
551.81 20.7
552.91 42.5
555.17 7.4
557.40 4.3
558.16 2.2
559.13 36.5
560.01 11.1
561.26 10.3
562.75 11.2
563.49 3.1
564.98 9.3
567.09 6.1
568.34 8.0
569.88 14.3
571.52 42.4
572.58 11.5
574.83 37.1
575.48 26.4
579.17 53.6
579.92 34.4
580.69 4.3
581.56 11.0
583.28 173.1
584.07 404.6
585.41 24.5
586.71 20.0
587.46 16.7
588.47 3.8
589.41 16.2
591.06 8.7
592.49 655.1
593.53 14.8
594.52 2.3
605.60 1.5
607.79 2.1
612.11 2.1
613.49 2.2
614.31 2.7
615.16 6.7
616.53 32.7
617.60 4.6
636.32 6.8
637.34 3.5
638.39 3.9
640.67 4.8
641.34 6.2
642.53 11.4
651.22 1.4
653.38 9.4
658.42 8.7
659.43 2.4
662.47 3.2
663.92 3.4
668.35 1.1
669.53 1.7
677.60 2.7
679.53 6.5
680.61 4.3
682.10 1.3
685.47 3.7
686.33 3.8
687.31 1.9
696.35 7.4
697.48 8.5
698.46 20.5
699.47 12.3
700.42 7.2
706.36 4.4
708.28 1.7
711.62 3.1
714.40 1185.8
715.45 337.1
716.47 92.6
717.41 35.9
719.42 5.6
722.28 2.7
728.66 3.5
730.43 2.9
731.30 13.2
732.63 4.7
750.40 3.9
751.20 2.4
752.54 4.3
768.55 5.9
769.32 10.1
771.87 2.9
777.86 2.1
780.11 7.0
781.55 2.8
782.48 4.0
787.62 1.9
788.36 2.9
795.39 6.5
796.33 6.9
797.68 5.1
798.39 8.8
799.32 2.8
800.58 7.6
801.77 1.2
803.62 3.6
804.51 7.0
810.52 25.0
811.55 10.4
812.38 5.6
813.23 9.0
814.41 4.4
819.79 8.3
822.27 2.1
823.38 3.3
824.30 1.3
828.43 344.9
829.47 161.2
830.63 6.7
835.77 1.8
843.57 3.7
845.75 4.6
846.80 3.6
847.58 4.3
848.64 3.6
855.68 3.2
867.16 4.6
869.72 4.0
873.82 4.9
875.85 3.7
877.54 2.4
878.44 6.6
879.86 5.4
881.60 11.5
882.59 16.0
883.57 6.5
892.60 4.8
893.55 20.8
894.52 1.6
896.78 3.6
897.64 24.3
898.38 8.1
899.59 328.9
900.63 87.3
909.55 72.0
910.61 56.6
911.60 19.8
913.78 2.1
914.54 27.3
915.46 17.9
916.35 4.0
917.58 4.5
925.38 2.2
927.50 1319.2
928.62 497.9
931.54 7.9
932.55 90.2
933.51 27.2
942.76 1.9
944.48 17.7
945.66 14.9
946.86 3.2
953.31 1.2
957.54 2.5
968.71 2.4
970.63 2.3
977.75 1.5
984.87 1.4
996.37 3.8
997.12 2.3
1003.81 2.2
1010.86 2.1
1015.55 2.2
1016.41 1.4
1020.63 8.2
1022.92 2.8
1027.72 3.0
1028.61 2.8
1030.88 5.1
1037.71 30.3
1038.65 64.9
1039.66 18.5
1040.72 1.6
1045.87 2.6
1055.66 924.7
1056.58 346.8
1057.53 10.8
1073.56 55.4
1074.62 34.0
1083.72 1.5
1107.76 3.3
1143.77 4.2
