1298.63262 2
184.45 3.8
185.07 12.8
193.12 2.1
194.11 1.3
197.18 3.2
199.35 4.4
201.20 15.1
203.11 10.4
207.04 1.1
209.15 2.9
210.06 2.2
211.01 2.1
212.31 12.3
213.40 4.1
218.29 1.7
219.24 4.7
220.36 5.1
221.45 1.6
226.08 1.5
229.26 2.2
230.32 1.0
231.86 1.0
233.25 8.0
234.03 7.5
237.00 1.1
238.02 1.0
239.25 6.8
241.18 2.0
244.02 5.8
246.06 3.4
246.95 5.6
248.11 6.8
251.38 2.9
254.06 1.9
255.07 2.9
256.18 43.1
258.27 1.2
259.19 1.4
260.17 52.1
261.11 6.7
265.24 1.0
271.24 3.6
272.31 2.9
274.20 15.6
275.60 4.0
276.35 7.5
277.17 1.6
279.23 1.4
281.10 1.2
288.27 3.0
290.42 1.3
296.33 6.1
297.12 2.7
298.37 1.3
302.32 9.0
303.28 3.7
303.98 11.5
305.62 3.9
311.31 3.2
314.08 1.1
315.34 12.6
316.22 10.6
318.22 11.2
319.36 1.2
320.04 6.2
322.04 6.1
323.27 2.9
326.27 4.5
327.36 1.2
328.47 8.8
330.39 6.6
331.27 3.4
332.21 7.8
334.23 1.7
336.14 3.4
339.46 2.9
341.30 4.3
342.21 8.3
343.25 22.6
344.52 11.7
345.51 15.7
348.07 14.0
349.33 4.7
355.31 1.7
356.96 1.2
359.32 3.8
360.12 5.1
361.22 5.0
364.30 1.6
365.32 4.7
366.25 3.4
367.44 6.0
368.26 6.2
370.25 4.5
373.32 4.5
376.40 16.1
381.17 5.0
385.20 16.5
386.23 3.7
387.41 5.6
389.30 5.1
390.35 3.2
391.32 15.6
392.07 1.6
393.07 2.8
394.12 17.0
394.97 1.4
396.38 1.3
398.25 5.9
399.38 6.3
400.36 6.2
401.34 2.0
403.29 35.8
404.39 7.2
407.31 292.8
408.29 25.7
409.19 1.7
409.95 2.3
411.32 4.2
413.11 6.7
413.96 1.7
416.38 3.6
417.22 5.8
418.64 1.1
420.15 15.8
421.22 3.6
423.17 1.0
425.03 2.1
426.31 2.2
427.21 8.7
429.38 4.4
430.22 3.5
431.15 3.7
432.41 3.2
433.86 5.2
437.27 3.6
438.16 76.5
439.19 10.0
440.14 9.1
440.84 7.3
442.35 9.8
443.25 10.4
443.96 5.8
445.49 10.3
447.86 8.9
448.97 13.2
452.29 9.6
454.36 6.2
455.28 7.3
456.60 13.0
457.35 3.7
458.48 6.5
459.47 1.9
460.37 2.4
462.03 2.8
463.35 2.0
464.31 2.9
465.42 3.4
466.56 3.4
469.16 1.2
470.38 8.5
472.16 7.1
473.54 5.4
474.32 1.1
476.25 21.0
478.53 2.5
479.33 7.7
480.61 6.6
481.29 12.7
482.42 15.2
483.19 1.4
484.65 5.4
485.44 3.7
486.18 2.8
487.09 1.9
489.06 1.9
490.70 1.3
491.30 23.0
494.41 5.0
495.12 5.4
498.02 3.9
499.48 16.5
500.33 38.3
501.82 18.7
503.26 4.9
504.45 17.5
506.28 138.7
507.39 14.4
508.37 1.3
510.37 2.6
512.31 6.2
513.40 12.1
515.25 4.2
517.21 28.4
518.47 16.4
520.08 14.5
521.12 22.8
522.11 7.6
523.44 1.2
524.50 1.1
526.10 4.4
527.25 8.9
528.19 9.4
529.33 23.6
530.18 6.8
531.05 17.6
534.31 2.5
535.21 2.3
536.01 7.4
537.13 4.2
539.87 42.4
540.73 24.0
541.45 3.2
542.17 4.1
543.09 9.9
544.03 4.2
545.75 7.0
546.63 10.6
547.83 19.5
548.78 91.1
549.39 25.5
550.32 16.2
550.98 4.0
551.58 2.7
552.19 4.9
553.74 4.9
554.62 1.6
555.69 8.7
556.58 13.9
557.44 9.0
558.46 15.1
561.03 2.4
563.16 10.1
565.38 4.1
566.09 2.9
567.57 30.3
568.47 3.2
569.13 3.4
570.38 9.8
571.44 7.1
572.09 4.7
573.03 4.3
574.45 8.5
575.64 13.5
576.86 1.7
581.05 7.0
583.08 13.4
584.02 20.1
585.71 6.7
587.27 19.2
588.30 19.6
589.48 73.8
590.36 32.6
591.18 10.4
592.17 11.5
593.21 24.1
594.13 4.4
595.72 8.9
596.91 40.5
597.73 5.5
599.73 35.1
601.11 28.1
603.24 17.8
604.39 17.9
605.42 22.4
606.46 8.5
607.20 20.3
608.04 7.3
609.12 35.7
610.14 64.0
611.26 57.0
612.29 29.9
613.32 1.1
614.37 25.3
615.31 12.5
617.94 87.4
619.05 579.9
619.91 6.5
621.44 15.0
623.01 18.0
624.04 8.3
624.89 4.9
625.63 1.6
627.54 61.3
628.25 106.0
629.28 69.8
630.39 14.8
631.76 200.3
632.46 153.4
633.40 8.5
634.61 1.4
635.65 1.7
637.89 26.8
640.83 85.8
641.77 25.8
648.98 12.0
650.03 4.0
653.37 1.6
654.34 6.5
657.17 5.0
660.82 4.0
662.24 1.7
664.06 4.6
668.52 3.0
670.36 7.6
673.21 2.3
674.29 5.5
675.37 3.4
682.31 4.7
690.45 3.3
692.57 31.6
693.46 5.3
696.27 1.6
697.46 2.9
698.47 2.0
703.42 3.2
704.66 2.7
706.33 1.3
710.43 8.1
711.65 1.1
712.45 1.4
713.10 2.6
715.96 7.0
716.66 5.7
717.42 4.2
718.60 12.6
721.51 1.9
722.84 12.0
723.64 10.1
724.97 7.4
728.43 4.3
729.59 2.5
730.33 4.4
732.63 1.4
733.50 1.2
740.23 8.5
741.38 9.3
743.55 1.0
744.59 11.8
745.30 3.8
746.59 6.7
747.43 2.9
748.40 2.9
749.46 3.3
750.48 2.3
751.54 7.2
752.38 6.3
755.26 1.8
756.38 9.0
757.52 11.6
758.44 11.1
759.32 3.7
764.52 11.1
765.49 2.3
766.44 13.8
770.20 14.9
772.11 1.1
772.71 2.1
775.66 30.7
776.38 45.6
778.41 4.3
781.75 23.1
782.44 139.0
783.47 30.8
785.31 3.8
786.23 6.7
790.23 5.1
791.47 2.2
792.37 4.0
793.38 13.4
794.61 16.2
797.65 9.8
804.94 2.4
807.60 3.4
811.59 2.9
813.89 7.0
819.07 1.1
820.44 10.0
821.53 2.1
822.34 1.3
823.50 20.5
824.37 1.3
826.99 2.8
830.29 8.4
831.37 6.1
832.42 8.8
833.30 8.9
835.61 1.9
837.72 16.1
838.42 5.9
839.40 6.8
840.40 4.7
841.49 1.8
842.78 5.8
847.47 2.5
852.11 1.4
856.28 27.5
857.33 13.4
858.35 13.3
860.00 2.5
862.14 2.2
864.64 7.4
865.30 7.5
867.95 10.1
869.73 8.5
870.62 1.5
872.72 9.0
874.34 32.0
875.36 33.9
876.36 12.1
877.38 3.2
878.08 21.7
879.03 26.4
879.69 2.5
880.41 2.4
883.54 5.3
885.69 6.7
887.61 17.3
892.27 56.7
893.39 31.4
895.32 5.2
896.48 229.1
897.43 65.7
903.46 1.2
907.44 5.2
912.14 2.6
915.99 5.5
923.08 4.4
933.35 3.4
935.33 16.9
936.43 1.1
938.61 3.4
941.63 6.9
942.72 1.6
950.62 3.4
952.37 4.6
960.29 5.3
961.68 3.8
962.72 3.0
966.66 2.0
975.58 4.1
977.02 18.4
988.18 1.4
990.45 7.6
991.56 2.2
995.47 1.3
999.73 4.3
1002.71 8.6
1004.42 30.9
1006.38 14.2
1007.30 5.2
1008.26 4.8
1009.57 2.9
1011.08 3.2
1011.72 2.9
1021.29 15.8
1022.42 19.9
1023.55 8.8
1025.49 130.4
1026.55 61.9
1027.46 8.7
1030.54 4.5
1032.95 10.7
1033.85 5.2
1034.81 2.4
1036.29 5.0
1037.50 5.7
1039.28 9.9
1040.55 17.2
1041.49 1.1
1042.42 10.0
1044.63 1.6
1054.55 5.7
1055.27 3.1
1057.72 2.5
1061.29 7.0
1061.99 5.3
1062.85 3.0
1067.70 2.4
1078.53 6.2
1079.75 1.6
1080.49 1.4
1082.13 3.6
1082.76 1.7
1091.50 1.0
1093.97 3.9
1096.62 233.9
1097.60 147.2
1098.69 1.4
1099.72 17.3
1105.21 5.2
1106.53 16.3
1107.60 7.9
1108.92 2.2
1116.39 6.6
1117.53 10.8
1123.97 13.8
1124.74 5.8
1132.90 4.4
1134.90 43.8
1135.76 15.7
1136.45 2.1
1143.40 2.9
1151.55 1.7
1152.58 33.8
1153.52 48.5
1203.48 3.6
1258.81 1.8
1259.95 4.9
1276.35 3.3
1277.41 2.1
