1588.72441 2
221.12 1.5
223.27 4.3
224.19 4.8
233.82 1.7
235.28 7.7
237.38 1.6
240.98 4.2
243.98 3.4
245.30 1.1
249.18 9.2
250.45 1.3
252.30 11.4
254.30 3.1
258.33 4.5
261.38 3.0
267.06 9.8
267.96 1.0
269.39 5.8
270.27 3.2
272.05 1.0
276.43 3.3
278.21 3.5
280.14 4.5
281.24 5.6
282.35 4.1
284.14 6.8
285.27 2.0
288.01 13.7
290.32 1.1
294.51 2.2
295.22 5.8
298.16 3.1
300.37 2.7
306.14 9.4
308.30 8.4
322.26 9.0
323.31 19.1
324.24 12.2
330.33 2.8
338.14 1.1
339.43 1.5
341.30 8.8
342.34 6.3
343.29 2.5
344.36 1.9
346.24 8.1
347.34 12.3
348.24 9.9
349.16 3.3
352.34 6.9
354.32 3.6
355.25 1.2
358.82 1.6
362.39 5.9
363.13 6.5
364.23 3.8
365.51 6.3
374.47 1.3
380.27 1.3
381.17 4.4
385.32 4.9
389.13 2.9
390.57 2.1
391.38 4.6
392.31 1.8
393.30 4.6
395.23 12.2
397.15 3.0
402.28 3.0
403.19 7.8
406.05 9.4
409.27 39.5
410.44 6.2
411.57 6.5
412.25 31.0
413.11 10.1
415.85 1.0
419.17 17.6
420.34 5.1
421.38 9.7
422.41 3.2
424.40 7.3
426.18 1.5
429.12 2.0
430.23 2.3
431.28 1.8
432.29 1.6
433.09 3.1
434.04 10.3
437.23 74.4
438.28 23.1
441.16 1.6
443.25 1.9
445.04 3.2
446.10 2.4
447.30 16.0
448.29 4.6
449.39 6.5
450.22 4.2
451.59 12.8
452.32 30.8
453.38 1.7
454.00 2.9
454.98 3.1
458.86 1.9
461.12 5.8
462.24 1.9
464.42 4.3
465.23 5.7
466.40 1.0
469.20 229.8
470.29 22.4
473.43 2.4
474.17 2.1
476.25 11.1
477.34 3.0
479.13 1.6
480.29 17.7
481.30 3.0
485.03 1.7
489.24 3.8
490.63 1.5
491.43 4.6
494.21 5.1
495.39 11.5
496.99 2.8
497.97 4.2
499.39 6.2
500.49 2.7
505.17 8.9
506.45 10.9
507.18 8.5
508.54 3.2
509.51 7.0
510.15 3.4
512.69 3.3
513.30 3.4
513.92 11.2
514.57 1.3
515.53 5.6
516.38 1.1
517.41 3.9
518.43 2.4
519.16 2.1
522.04 4.1
523.38 5.4
524.24 5.5
526.28 7.5
527.32 3.4
530.45 1.8
532.40 1.9
533.26 11.7
534.31 54.1
535.32 20.1
536.39 6.1
537.32 4.6
539.51 2.6
541.15 9.0
545.26 2.9
546.40 1.9
551.25 128.5
552.23 16.9
553.54 1.2
554.48 4.1
555.29 2.3
556.51 4.1
558.31 5.1
559.65 1.8
562.42 5.6
564.20 13.4
565.33 14.2
566.40 15.8
567.36 2.9
568.39 3.5
570.18 3.8
572.22 33.2
573.15 10.2
574.43 6.3
575.34 11.5
576.73 11.9
579.16 3.1
580.32 37.3
581.38 5.0
582.54 4.0
583.26 3.8
584.11 9.2
587.99 2.8
591.47 7.5
592.32 5.3
594.61 6.4
598.27 145.6
599.36 33.8
600.31 11.2
601.41 5.9
602.03 2.5
604.16 4.3
605.40 4.9
608.32 1.7
609.42 3.1
611.24 4.8
614.91 5.8
618.42 18.1
619.52 32.3
620.32 2.9
622.64 3.4
623.25 7.3
625.14 2.2
625.96 5.1
628.11 37.3
629.37 29.4
630.09 1.3
630.84 7.4
632.44 1.2
633.28 3.6
634.14 1.8
636.63 181.7
637.48 24.5
640.06 21.2
642.14 17.4
643.06 14.0
644.28 4.5
645.55 546.5
646.44 27.5
647.41 68.6
648.34 32.1
649.80 29.8
650.75 8.0
657.21 89.9
658.02 83.9
659.18 5.2
661.68 3.8
662.59 5.6
664.32 178.3
665.43 76.7
666.47 28.7
667.79 10.7
668.43 2.2
669.56 10.0
670.42 3.1
671.44 8.5
672.74 7.4
673.90 2.0
675.30 25.5
676.44 17.9
677.24 6.5
678.46 3.4
679.34 11.5
680.29 28.5
680.98 28.4
681.91 3.8
682.63 5.4
683.64 3.4
685.30 1.7
685.99 1.1
687.38 1.1
689.51 28.2
690.68 29.7
692.23 32.6
693.15 36.0
694.36 10.8
696.19 5.5
699.22 30.2
700.21 8.0
700.95 36.7
701.73 32.9
703.90 17.0
704.98 27.5
706.38 3.6
707.91 56.5
708.58 19.5
709.89 38.2
711.34 211.3
712.57 130.7
713.43 105.8
714.16 27.4
715.21 7.3
716.16 4.0
717.07 16.7
718.41 2.5
720.98 51.0
722.16 585.0
724.01 1.9
725.04 7.6
726.31 5.6
729.57 58.1
730.53 61.7
731.54 15.8
732.75 2.5
734.13 19.9
735.24 18.0
736.78 36.9
737.44 9.5
738.36 32.8
738.98 48.4
739.71 4.5
741.48 8.6
742.47 9.5
744.02 38.4
744.88 5.9
747.55 1.5
748.26 6.1
749.27 1.9
750.56 7.4
751.28 14.5
752.28 6.6
754.35 8.4
755.01 9.8
755.70 2.5
756.88 7.1
757.67 2.8
758.46 1.9
759.55 17.9
760.74 12.8
761.43 21.5
762.51 36.5
763.56 21.2
765.52 9.7
766.48 19.0
768.14 43.8
769.22 64.5
771.55 5.4
772.76 74.1
773.80 4.0
777.27 362.6
777.99 350.2
779.34 233.5
780.36 87.1
783.25 6.9
785.85 9.6
796.83 1.3
801.61 8.9
802.62 5.5
803.38 1.0
805.52 3.7
810.40 106.0
811.53 69.5
816.71 3.9
818.73 2.6
820.86 2.6
821.54 8.1
824.32 2.8
829.77 1.2
831.58 3.1
832.25 5.6
833.56 3.9
835.39 2.4
842.58 2.5
843.56 7.7
844.55 3.8
850.41 10.3
851.10 1.7
853.75 6.1
859.39 1.2
860.64 20.7
861.49 7.5
862.42 15.4
872.51 7.7
873.62 8.5
875.21 3.3
876.76 4.5
877.51 18.9
878.50 76.5
879.49 44.3
880.36 6.2
883.30 1.3
884.64 1.4
887.56 8.8
889.49 6.2
890.54 6.4
891.32 1.2
892.84 3.6
895.61 2.9
900.52 35.4
901.52 11.4
903.59 1.3
907.43 13.4
908.55 73.2
909.48 17.7
915.65 6.6
923.60 2.5
925.41 475.3
926.37 129.1
934.60 1.9
936.07 5.4
946.69 8.2
947.58 2.3
950.59 1.8
952.00 3.4
952.84 3.5
954.64 8.5
955.53 1.6
957.24 4.2
959.80 8.3
963.54 19.0
964.62 5.5
965.37 3.1
968.89 7.0
973.08 4.5
974.08 12.5
974.79 19.1
975.75 2.5
986.14 5.6
988.39 2.0
989.50 8.4
990.41 1.1
991.53 123.3
992.53 27.9
993.64 3.9
999.65 2.8
1006.60 15.2
1007.50 7.1
1010.58 2.7
1013.49 25.0
1014.54 14.5
1016.58 1.8
1017.95 19.8
1020.43 12.7
1021.56 32.4
1024.57 2.3
1030.08 2.6
1032.35 1.9
1033.88 2.2
1038.48 212.2
1039.54 104.6
1040.91 2.4
1044.04 2.4
1046.28 2.0
1048.78 1.8
1058.47 4.6
1059.62 4.1
1063.11 5.4
1065.49 2.8
1070.50 5.8
1075.46 1.1
1081.00 1.5
1082.45 1.8
1085.57 8.1
1086.64 1.5
1091.44 1.5
1092.88 1.9
1099.05 2.8
1102.64 11.6
1103.62 11.5
1104.57 9.6
1116.62 1.7
1117.85 3.2
1118.56 12.3
1120.58 126.9
1121.62 66.7
1123.58 1.3
1124.43 1.5
1125.53 16.9
1126.57 3.4
1134.84 27.7
1135.66 61.7
1136.74 33.2
1138.12 3.4
1142.61 31.8
1143.62 19.6
1146.00 4.4
1146.86 3.0
1148.05 1.4
1152.50 295.6
1153.47 165.5
1154.21 3.1
1154.86 3.6
1163.49 11.5
1164.74 6.7
1166.80 1.0
1177.57 10.7
1178.81 6.0
1181.29 4.4
1198.57 4.8
1199.59 23.5
1200.80 6.0
1201.41 1.6
1202.60 3.4
1206.25 2.6
1207.27 3.8
1226.46 5.4
1227.57 4.0
1228.84 4.8
1229.83 3.7
1232.32 2.8
1233.07 2.1
1247.41 5.0
1250.66 7.1
1254.36 1.1
1255.05 2.0
1260.65 1.9
1268.98 2.3
1271.86 5.2
1272.75 8.5
1273.64 1.1
1274.95 1.4
1277.03 2.1
1289.56 44.1
1290.58 3.3
1291.94 2.3
1292.55 2.0
1296.51 7.7
1297.41 9.0
1305.83 2.3
1312.37 1.2
1313.72 9.3
1314.87 13.0
1315.69 2.7
1316.94 1.8
1321.26 2.7
1324.03 1.2
1345.96 4.8
1359.34 2.7
1360.41 5.2
1401.26 3.3
1408.65 2.1
1414.66 1.2
1419.77 3.4
1424.73 2.9
1426.11 2.8
1426.95 2.3
1435.56 3.3
1442.63 28.5
1443.43 9.4
1444.05 7.1
1454.54 1.6
1460.60 1.8
1550.11 1.5
