2128.07109 2
364.39 3.7
450.21 9.4
451.17 1.0
458.49 1.8
460.91 4.3
548.48 5.5
557.20 2.1
577.52 1.3
615.97 3.8
621.22 10.1
633.40 2.1
634.33 1.3
639.62 2.0
655.53 2.8
709.85 1.8
730.33 1.3
735.53 11.9
738.47 1.4
742.39 5.9
756.48 1.5
761.35 6.9
772.69 1.8
778.96 2.1
796.08 1.1
797.37 2.6
805.40 1.6
814.71 1.5
825.47 2.6
831.89 7.3
839.12 7.0
844.41 2.2
850.35 9.2
860.46 2.7
861.36 5.4
878.48 3.8
884.62 1.1
888.48 1.2
901.64 1.2
904.36 1.8
919.77 2.7
922.43 4.8
925.26 1.8
931.57 4.1
933.67 4.2
936.34 4.7
944.56 3.8
956.79 6.1
959.69 3.4
961.49 8.8
973.56 15.7
974.47 5.4
977.31 3.0
979.45 17.6
986.91 12.7
991.51 31.8
1000.62 2.0
1003.65 4.2
1009.60 94.5
1023.87 3.8
1028.41 5.4
1035.31 8.1
1036.83 9.6
1039.50 47.3
1045.63 769.6
1046.82 15.4
1083.54 234.8
1238.68 1.3
1258.55 3.8
1287.72 6.6
