1531.684629999999 3
146.30 1.7
155.10 1.7
156.16 2.7
160.07 4.2
162.21 1.5
163.59 3.1
164.21 4.3
168.94 3.0
173.12 2.6
175.17 20.4
177.22 2.1
178.19 1.7
181.17 13.2
182.23 2.0
185.27 2.2
186.21 4.0
187.41 7.9
193.28 1.7
194.15 4.3
197.24 2.0
198.31 7.9
199.25 11.6
200.17 8.7
210.01 16.9
210.91 1.6
212.03 1.5
213.12 9.0
214.13 9.4
216.21 78.9
217.06 14.2
220.13 1.2
221.27 2.6
221.96 1.6
223.75 1.5
225.05 4.5
225.93 1.9
227.04 4.5
229.15 5.1
230.30 1.6
231.18 8.9
232.01 8.1
233.56 2.0
236.22 1.3
237.30 1.8
240.53 4.8
244.26 4.9
245.19 6.7
247.12 3.1
249.05 10.3
250.06 6.2
251.21 1.8
252.19 1.9
254.17 4.9
260.57 4.1
262.16 3.5
265.29 1.3
266.05 3.8
268.08 2.9
269.20 9.7
270.21 1.7
272.30 7.8
273.39 5.5
274.19 4.3
275.24 4.7
276.21 3.7
277.16 1.9
278.07 4.0
279.17 4.6
280.18 3.7
281.17 1.7
282.17 10.1
283.38 2.2
284.13 3.1
285.57 1.8
286.19 4.3
288.42 1.2
289.35 15.9
290.14 6.1
293.14 15.9
295.11 3.8
297.20 2.2
298.20 4.2
299.20 2.8
300.37 2.6
301.34 1.5
302.29 2.9
303.33 7.9
304.20 3.5
309.32 2.2
311.10 2.0
313.04 2.0
314.04 1.2
316.16 4.1
318.06 4.7
319.47 2.0
320.11 4.3
321.12 4.0
322.45 15.6
323.34 18.4
324.34 7.5
326.37 10.1
327.98 3.4
328.81 23.1
330.57 7.1
332.66 1.2
334.31 3.2
336.01 11.9
337.59 9.4
338.37 23.1
339.65 9.5
340.44 7.0
341.79 6.3
343.43 2.4
344.22 2.8
345.09 6.5
346.12 6.0
347.31 8.2
348.34 2.9
350.21 1.9
351.24 2.3
353.46 7.4
354.08 5.1
356.60 14.3
357.59 2.8
360.06 5.1
361.20 2.7
362.49 10.6
363.49 17.5
365.24 14.9
366.38 2.8
367.29 8.1
369.12 11.3
372.16 15.5
372.91 38.8
374.99 16.9
376.07 5.1
377.45 12.4
379.27 26.7
380.20 31.7
381.04 8.3
382.26 30.5
383.27 15.3
386.56 4.2
387.91 4.0
390.77 3.6
393.76 21.1
394.41 21.2
396.17 16.7
397.10 67.4
397.82 3.8
398.43 2.3
399.36 27.2
400.33 40.8
401.41 21.7
402.35 1.2
403.15 13.7
403.76 2.5
404.62 4.8
406.44 1.1
408.09 16.4
409.58 8.6
412.20 1.2
412.95 8.5
413.90 1.7
415.74 51.6
417.15 66.4
418.05 11.5
419.00 33.0
420.54 11.9
421.31 4.8
422.24 12.1
423.62 5.2
424.46 3.2
425.17 4.4
426.05 4.1
427.12 15.5
428.10 35.9
428.94 5.7
429.67 44.9
430.30 27.2
431.46 26.5
432.32 6.4
433.55 15.7
434.26 51.0
435.27 5.5
436.19 5.8
437.73 35.2
438.81 35.3
439.75 79.3
440.43 40.8
441.41 23.3
442.98 19.1
443.73 6.2
444.97 38.9
445.90 10.9
446.99 98.6
447.62 8.6
448.86 57.0
450.16 26.6
451.18 144.3
452.28 7.7
453.40 34.8
454.33 27.3
456.97 54.5
458.85 59.2
459.46 10.0
460.18 8.4
461.79 21.4
462.89 519.8
463.68 47.7
464.79 23.1
465.98 26.1
467.09 15.5
468.80 2634.2
469.99 58.4
471.02 33.1
472.04 26.3
474.86 63.6
475.93 89.4
476.78 56.5
477.40 12.5
478.44 17.7
479.21 11.1
480.21 38.3
480.95 49.5
482.29 47.6
483.96 169.8
485.19 84.1
485.98 49.8
486.90 25.3
488.04 230.6
488.92 41.0
489.98 197.6
491.32 44.0
493.50 455.0
494.33 542.6
495.43 227.2
496.43 74.8
497.34 1.2
499.14 102.0
499.77 432.4
500.53 37.7
501.72 240.4
502.59 144.3
504.10 77.3
504.76 1.2
505.40 4.8
517.31 5.0
518.20 3.2
527.43 21.6
528.51 47.7
529.43 12.5
530.51 1.9
532.03 17.3
532.73 2.4
533.56 1.5
534.45 6.4
537.34 4.1
543.51 16.6
545.49 89.6
546.44 32.0
547.42 1.7
549.48 11.1
550.43 1.2
551.61 14.9
556.02 19.7
557.53 30.7
558.52 21.4
560.00 53.8
563.33 4.0
564.85 40.5
566.26 4.4
566.87 7.4
567.54 24.7
568.60 100.4
574.90 2.9
577.32 83.2
578.31 7.7
579.16 2.4
585.98 172.7
586.97 42.6
591.38 3.9
592.46 7.9
595.04 191.1
595.91 19.2
598.72 4.6
599.86 2.5
602.06 4.5
602.82 11.5
603.59 2.1
606.23 39.1
608.43 11.8
611.95 6.1
613.05 1.7
615.20 26.5
615.82 7.4
616.46 28.5
618.41 6.6
619.30 11.3
620.23 10.0
620.94 4.7
622.35 2.2
624.03 15.4
625.19 7.3
626.46 15.3
627.09 11.3
628.02 1.7
629.29 33.0
630.51 3.1
631.46 7.8
632.42 30.2
633.43 1.0
634.46 12.3
635.23 2.7
636.26 1.1
637.65 13.6
638.77 11.7
639.57 11.2
641.11 87.1
642.03 60.2
643.20 13.6
643.93 4.3
645.27 16.2
646.62 8.8
647.50 5.6
648.41 10.5
649.80 154.9
650.47 317.0
651.38 10.9
652.23 7.6
655.49 4.0
656.54 13.4
657.79 14.4
659.06 659.4
659.96 94.6
660.90 5.2
661.63 7.9
663.67 15.6
664.56 22.8
665.30 4.6
667.45 4.6
669.93 3.6
671.30 9.1
672.50 75.4
673.82 13.7
674.46 24.5
675.71 8.6
676.48 26.3
677.62 23.9
678.44 14.5
681.57 3.3
682.51 1.5
683.36 6.1
684.73 31.6
685.75 18.8
688.26 9.9
689.79 2.9
690.43 6.1
691.35 2.2
693.48 119.2
694.38 40.2
696.49 7.6
697.47 2.3
701.53 7.4
702.48 380.8
703.39 43.9
704.46 5.1
705.79 32.7
706.70 11.7
710.86 8.6
711.62 3.0
713.77 28.7
714.52 29.1
715.16 5.1
715.95 4.6
719.67 26.8
720.51 7.5
721.24 1.4
723.71 8.7
726.15 17.0
727.29 13.8
728.76 49.6
731.63 3.7
736.50 2.4
737.66 15.5
743.74 9.9
744.46 2.0
745.25 10.3
746.61 3.1
748.66 2.6
749.58 7.1
751.52 3.8
755.57 3.1
756.85 2.3
758.33 13.7
759.35 5.6
761.82 2.8
765.60 1.2
772.34 3.2
773.49 2.0
774.62 1.9
786.49 2.4
792.39 11.8
793.41 5.7
794.62 4.0
795.55 1.2
801.53 3.6
809.11 5.2
810.19 1.4
811.24 2.2
814.83 1.0
815.54 2.7
820.35 4.6
822.56 30.5
823.59 1.7
829.38 5.0
841.27 6.3
842.61 2.0
844.16 2.0
846.41 6.7
847.34 2.3
851.45 1.5
858.33 1.5
860.39 3.5
865.54 2.3
873.51 1.6
874.81 3.0
875.68 11.9
880.53 6.4
885.65 4.7
888.66 1.7
896.84 1.4
900.59 3.1
901.47 3.9
907.08 2.6
912.39 7.0
917.46 12.0
918.45 4.2
939.57 1.5
961.89 2.0
987.45 1.2
988.89 5.0
997.51 2.3
998.35 2.1
1004.62 4.0
1006.37 2.9
1014.20 3.1
1015.61 2.4
1033.03 5.8
1132.32 8.1
1231.56 4.0
