824.50047 2
123.05 1.5
127.48 4.1
128.11 26.9
129.09 19.4
130.15 13.6
133.01 1.8
137.29 3.8
138.09 1.2
140.23 3.4
143.25 5.0
144.38 6.3
153.18 1.2
155.14 39.6
156.39 2.5
157.36 4.5
158.17 2.0
159.13 2.1
160.20 2.6
162.12 8.3
163.96 1.4
167.31 5.2
168.02 3.3
169.17 4.9
169.90 1.6
170.97 15.3
172.35 9.2
173.17 7.2
174.08 1.6
175.21 21.3
176.20 2.2
177.28 1.7
178.13 5.4
179.12 4.0
181.17 3.0
181.88 1.1
183.20 91.9
184.18 5.9
185.15 2.2
188.67 7.4
189.27 5.5
190.34 5.9
193.99 3.2
195.26 4.0
197.24 1.3
199.01 3.4
200.85 8.2
202.07 1.4
203.48 5.5
204.18 2.3
206.20 3.9
207.34 3.3
208.09 3.8
209.32 2.0
210.25 24.9
211.10 12.6
212.17 8.6
213.24 2.0
215.19 2.4
216.33 2.4
217.15 3.6
218.30 1.5
219.22 5.6
220.24 2.5
222.17 3.9
223.31 6.0
225.10 3.2
226.19 5.9
227.39 9.4
228.18 2.2
229.04 6.5
230.22 7.4
234.28 8.5
235.11 2.3
236.26 1.4
237.29 3.1
238.12 2.0
240.22 5.4
241.32 4.5
242.16 7.7
244.57 4.5
245.95 1.9
246.99 7.5
248.24 1.5
249.87 2.3
251.23 8.8
252.20 4.1
254.13 65.1
255.19 16.3
256.43 2.1
257.36 6.0
258.27 4.2
260.26 5.5
261.30 1.1
263.14 4.0
264.41 3.1
265.11 4.5
266.16 7.5
268.11 4.3
270.19 16.8
272.30 279.7
273.29 14.5
274.27 4.5
277.27 14.0
278.10 2.4
279.12 5.8
280.27 5.5
281.27 5.4
282.28 10.3
283.19 1.5
284.24 11.5
285.14 5.6
286.28 34.8
288.32 17.5
289.12 4.2
290.19 1.5
290.98 8.8
292.21 5.6
293.25 9.6
294.24 5.0
295.21 4.6
296.02 5.7
297.28 26.5
298.33 8.3
299.35 15.7
300.16 1.1
301.26 117.0
302.08 2.8
303.67 1.7
305.39 1.7
306.27 531.9
308.35 5.5
309.45 14.6
310.25 57.5
310.86 17.0
312.28 64.4
313.32 3.8
315.20 6.3
316.91 4.5
318.89 60.6
320.21 25.2
322.10 1.5
323.47 8.4
325.21 436.4
326.37 45.5
327.76 5537.3
328.36 553.5
329.43 3.4
330.31 3.0
331.13 6.8
332.18 8.4
333.79 6.1
335.16 12.8
336.16 7.5
338.28 2.7
339.29 14.0
340.27 42.8
341.46 26.0
342.16 2.9
343.06 5.7
345.23 6.5
346.41 7.1
349.45 7.8
350.34 11.8
351.48 8.1
353.16 371.6
354.26 40.1
355.37 26.4
356.12 4.2
357.35 3.0
359.34 103.2
360.41 4.5
361.07 1.7
363.35 1368.6
364.34 7.8
365.27 11.2
366.36 11.2
367.18 6.7
368.20 30.2
369.30 38.8
370.20 28.6
371.28 3.7
372.89 5.3
376.29 20.9
377.34 45.0
378.32 4.1
380.63 26.2
382.26 40.1
383.28 43.0
384.43 13.9
385.28 108.0
386.37 3.0
387.26 2.5
388.65 5.3
389.42 51.1
391.36 1902.6
392.74 13.3
394.26 126.5
395.28 111.9
396.34 24.2
397.49 26.8
402.33 4.8
403.77 306.0
404.44 81.7
405.34 2.7
418.94 2.0
422.18 13.6
423.47 3.1
424.90 11.4
425.59 6.3
430.66 16.1
431.51 2.8
437.22 5.3
438.45 4.3
439.32 4.5
440.30 32.0
441.27 15.3
445.50 2.7
454.43 14.7
458.45 58.9
459.53 5.8
466.01 3.2
472.30 1445.1
473.33 96.5
474.05 1.5
480.26 4.0
482.37 16.0
483.26 15.9
488.78 3.4
490.62 9.4
491.50 1.8
492.36 3.9
495.29 4.1
497.64 11.2
522.35 8.5
522.95 13.2
524.40 2.7
525.37 22.0
535.10 26.8
535.79 1.4
537.26 1.7
541.53 2.3
553.45 118.1
554.42 2.0
558.13 5.5
561.85 2.6
563.30 2.1
565.40 1.2
566.69 1.5
568.22 1.2
569.47 2.9
571.46 105.7
572.39 26.5
581.41 34.1
582.18 2.0
583.20 3.0
585.97 7.0
593.47 4.5
597.44 14.2
598.84 7.6
599.72 1.7
607.41 1.2
611.45 161.2
612.56 24.0
614.22 1.5
615.53 1.4
632.07 1.4
633.42 4.7
637.56 2.1
638.58 7.9
639.54 11.5
648.53 2.0
650.09 5.2
650.81 2.7
654.40 38.3
655.47 3.7
668.45 1.6
675.22 1.4
681.88 10.8
682.49 74.8
683.53 8.7
690.39 6.4
691.46 1.2
697.37 7.8
725.51 106.2
726.49 4.6
730.25 3.9
731.40 2.9
735.50 14.2
742.50 3.4
753.66 10.9
760.53 7.5
764.40 1.8
777.31 3.3
778.31 11.5
781.39 8.5
817.23 1.6
820.41 2.6
