1115.5009 2
172.56 1.2
180.04 2.8
184.28 1.6
201.22 2.2
220.36 1.5
229.95 2.3
232.27 2.6
239.17 7.8
241.90 1.6
243.09 3.5
244.10 1.4
246.44 2.1
251.06 3.8
257.03 2.1
259.22 2.3
262.19 1.6
273.87 3.4
280.22 4.6
286.87 1.6
288.56 4.2
302.30 3.7
305.16 3.7
307.34 1.1
308.15 3.6
316.18 1.5
317.31 2.1
329.93 2.1
334.10 2.8
342.39 1.4
345.44 2.5
348.41 2.1
361.09 5.5
362.25 4.7
367.68 1.4
376.22 6.2
399.47 1.7
401.72 9.5
408.08 1.3
410.08 4.4
410.82 1.6
418.31 1.2
420.94 5.8
422.27 10.5
426.49 3.8
427.26 4.1
428.51 8.6
429.92 1.6
432.25 1.2
437.12 12.6
439.04 2.0
443.14 9.7
443.76 18.4
444.42 10.6
445.10 8.6
446.01 4.8
446.88 5.7
452.41 4.6
454.03 13.3
455.29 3.9
462.08 3.8
462.69 7.7
464.37 3.7
465.23 3.8
477.53 3.4
483.91 1.9
489.35 4.4
492.10 17.4
492.88 11.1
495.03 5.4
496.24 3.4
497.34 15.2
499.34 5.3
500.93 130.6
504.25 4.6
504.87 4.0
505.48 6.7
507.54 6.5
510.36 9.8
511.01 2.0
518.93 1.3
520.23 9.6
522.35 5.5
523.68 8.4
524.68 6.6
526.82 3.5
527.48 8.1
528.84 10.2
529.81 25.5
532.44 2.7
536.20 9.8
537.26 6.6
540.39 74.7
541.47 26.0
545.82 46.2
546.83 5.9
549.28 103.5
549.97 21.5
557.53 1.7
574.10 1.7
580.50 3.1
598.29 3.5
599.44 5.8
609.38 1.5
613.67 7.3
619.58 1.7
627.19 16.4
649.24 7.7
660.78 5.7
679.72 3.6
684.62 3.5
686.48 7.3
687.38 1.7
688.69 1.5
692.44 15.3
701.87 11.1
709.42 9.7
711.30 1.6
723.28 2.9
730.64 3.6
734.36 1.2
736.53 7.7
747.63 4.3
754.76 1.6
771.39 3.6
772.64 1.9
773.47 6.2
785.27 2.9
787.52 1.2
803.40 3.0
820.50 7.2
836.38 4.6
837.51 11.4
838.55 3.5
839.67 3.8
842.74 1.5
849.21 4.9
856.42 5.7
868.42 1.5
869.57 3.2
871.36 3.6
872.69 5.6
883.13 5.1
917.63 2.9
927.43 5.3
933.49 7.8
937.72 6.6
958.59 1.3
961.62 5.0
969.64 12.3
973.59 3.7
1001.44 7.7
1011.46 1.3
1075.80 2.8
1076.55 2.5
