1254.56914 2
178.26 4.0
181.07 10.1
182.10 5.0
185.41 2.5
186.53 1.7
197.29 1.8
198.16 9.1
199.05 2.2
201.19 1.1
204.97 4.7
206.08 2.1
210.04 7.7
212.31 2.5
215.17 7.3
223.22 4.5
225.01 4.2
227.38 1.9
229.10 1.6
231.16 3.9
232.27 3.3
234.05 1.3
237.31 3.1
238.96 1.6
240.34 1.1
241.34 5.4
243.82 1.9
244.98 13.0
249.17 1.8
250.18 6.4
255.08 3.3
257.30 3.4
259.25 5.4
261.38 10.1
262.18 51.7
263.25 9.3
266.05 2.4
270.23 2.6
272.27 7.5
273.07 1.1
273.96 1.1
276.29 15.4
279.41 11.2
282.07 1.3
284.45 5.0
286.34 3.5
288.09 6.0
289.23 4.9
290.11 4.0
292.14 12.9
294.20 104.6
295.25 16.2
297.01 12.5
302.33 3.8
304.33 3.8
306.20 2.7
307.15 5.5
308.29 2.4
309.08 8.7
310.78 5.7
312.69 1.8
316.38 2.1
317.03 2.9
318.12 3.2
320.55 6.4
322.30 5.7
323.35 4.9
325.23 1.1
326.26 12.8
327.19 1.4
328.61 6.1
329.59 8.4
330.38 5.0
331.09 1.3
335.27 4.0
338.47 7.8
341.93 9.2
343.51 1.2
344.72 3.4
348.56 3.9
349.37 1.9
356.25 24.7
357.12 2.0
359.16 1.5
361.11 8.7
362.28 1.8
364.59 1.4
368.45 1.5
370.68 3.4
371.81 3.2
373.36 4.7
374.06 4.0
375.21 1.8
376.21 8.2
377.29 3.2
378.25 3.0
380.48 2.4
381.12 4.0
383.17 1.6
385.40 2.2
390.08 30.9
391.27 21.1
392.33 7.5
394.26 2.4
395.65 24.1
397.48 1.7
398.16 2.0
399.34 2.0
400.12 1.3
401.42 4.2
407.14 12.7
409.31 80.9
410.35 9.3
411.22 7.0
412.09 3.9
413.19 2.8
416.26 10.1
417.35 4.1
418.20 9.5
422.20 1.7
423.32 7.3
425.45 1.6
426.15 3.6
427.32 2.0
429.29 10.4
431.50 5.5
432.17 2.0
436.10 14.2
437.40 5.1
438.46 13.4
439.28 12.1
440.63 10.2
441.97 3.6
444.13 1.6
445.14 8.0
448.39 3.0
449.76 7.2
452.19 2.9
453.53 17.6
454.38 20.2
455.28 12.0
456.51 5.9
459.12 6.5
460.39 4.1
461.43 1.4
462.62 14.0
463.24 37.9
464.35 12.3
465.48 7.1
468.30 2.5
469.92 7.9
471.21 8.9
472.03 1.4
473.32 3.8
474.29 3.1
474.92 1.9
476.15 1.2
478.10 3.4
479.57 3.4
480.40 6.8
481.38 5.0
482.27 3.2
483.35 4.2
484.59 5.2
485.32 3.4
487.07 2.9
488.24 34.1
489.36 23.2
490.04 1.2
491.32 4.0
492.37 5.8
493.38 24.9
494.49 9.1
495.55 12.1
496.71 11.8
497.36 4.0
498.19 9.5
499.12 4.7
500.00 8.3
501.41 3.6
502.60 11.6
504.38 22.1
505.27 66.4
506.19 13.3
506.80 7.6
508.32 5.4
510.42 3.3
511.34 3.0
513.13 9.2
514.39 28.9
515.70 10.9
516.42 1.1
519.33 9.4
520.39 102.0
521.31 19.1
525.40 19.0
526.45 3.2
528.48 9.8
529.31 14.6
530.62 14.1
532.17 1.4
533.85 5.0
535.00 13.6
536.25 8.6
538.21 267.8
539.42 47.9
542.07 8.5
543.29 2.5
545.16 2.6
546.04 7.9
547.54 10.4
548.76 10.5
550.35 2.6
552.34 5.6
553.74 23.5
554.51 6.0
555.51 19.3
556.34 9.2
557.47 6.3
558.37 12.0
559.14 6.9
559.86 19.0
560.96 14.5
561.75 21.3
562.56 37.0
563.59 32.4
564.35 17.1
565.66 18.5
566.68 44.3
567.39 25.1
568.35 9.9
569.23 19.9
570.62 76.0
571.58 21.5
573.34 5.4
574.87 42.2
575.53 20.1
576.37 12.1
577.29 1.6
578.68 51.5
579.41 42.4
580.28 16.7
581.28 8.9
582.12 15.5
583.44 14.7
584.31 27.5
585.41 11.4
586.71 35.6
587.43 42.9
589.66 6.8
590.42 11.3
591.47 13.6
592.30 12.7
592.95 17.3
593.66 6.1
594.57 12.3
595.71 39.2
596.38 35.7
597.48 24.7
598.32 1.2
599.35 4.3
601.10 121.3
602.09 96.7
603.47 21.3
604.26 2.7
605.45 32.2
606.09 31.8
609.38 98.2
610.13 94.0
610.86 198.0
611.70 7.2
612.66 7.9
613.65 16.9
614.47 3.2
615.73 8.0
616.49 9.0
618.68 82.3
619.41 13.7
620.17 20.8
635.16 1.6
636.63 18.9
637.46 47.3
638.62 12.3
641.37 1.1
643.48 2.2
646.01 4.2
646.82 1.1
647.65 2.0
653.44 1.3
654.12 5.9
654.97 4.8
656.48 6.9
657.39 8.8
658.28 5.9
661.48 26.0
662.24 4.4
663.43 1.6
665.32 13.9
666.30 8.4
669.36 2.3
671.29 8.8
671.98 4.5
675.34 15.3
676.66 5.8
678.09 3.2
680.65 1.9
682.10 19.7
683.12 13.6
684.56 9.6
685.23 3.0
687.32 1.6
688.18 3.8
689.57 4.5
692.36 2.9
693.37 7.0
694.69 5.1
695.60 9.8
696.51 10.6
699.40 9.9
700.35 83.4
701.55 9.5
704.13 2.2
705.39 1.3
706.57 13.5
707.87 5.5
711.37 2.5
712.33 4.5
714.74 9.5
717.32 33.4
718.38 23.5
719.28 6.1
721.53 2.2
726.46 1.9
727.42 7.0
729.54 3.7
732.65 5.4
733.84 1.6
738.40 4.3
741.61 2.8
744.44 3.5
747.42 3.6
748.15 2.2
750.52 89.4
751.74 23.0
753.44 5.4
758.68 4.7
761.07 7.9
762.53 2.9
763.30 1.2
764.46 1.5
766.32 9.0
767.45 1.8
768.19 2.7
769.42 6.9
770.22 1.3
774.30 3.4
779.37 8.8
780.47 1.1
781.20 3.2
782.32 5.4
783.56 1.4
784.45 5.4
787.55 2.0
789.58 4.3
792.06 15.0
792.84 1.2
793.49 8.0
795.03 2.7
796.54 4.4
800.51 2.2
802.17 1.2
805.51 4.1
807.57 2.3
810.15 6.0
811.09 7.5
812.10 5.3
813.29 10.8
815.40 7.6
819.82 8.1
822.47 1.8
826.82 5.0
828.18 7.3
829.20 19.3
830.49 8.7
831.92 7.8
833.95 8.9
835.15 4.9
837.61 2.7
839.36 1.7
840.31 3.0
841.25 7.5
844.58 3.4
846.00 22.5
846.95 15.5
847.62 14.1
848.95 4.0
850.64 1.1
852.85 2.8
861.51 8.9
862.36 4.6
863.12 5.6
865.36 106.7
866.48 75.1
869.61 4.5
871.36 1.1
873.47 3.9
876.57 12.3
878.57 3.6
880.23 11.6
892.64 5.8
896.10 4.4
898.01 2.2
901.48 2.0
902.49 2.6
916.27 9.4
918.51 1.8
923.36 6.3
925.51 4.7
926.36 16.9
928.63 1.0
930.55 5.5
932.88 2.6
935.75 2.8
936.66 3.5
938.42 6.0
942.48 2.3
944.40 24.8
945.57 3.7
956.98 4.2
958.56 10.5
961.40 61.3
962.33 16.7
963.52 2.7
967.59 2.1
968.50 2.2
970.82 2.9
974.80 2.0
975.64 37.4
976.53 55.8
977.50 37.7
982.47 2.5
991.86 1.8
992.46 5.4
993.55 224.3
994.54 52.5
997.56 1.7
1000.23 1.7
1009.52 4.5
1013.65 4.1
1027.19 5.4
1028.69 3.6
1031.34 6.0
1041.57 7.1
1049.40 1.9
1050.34 1.6
1054.66 1.7
1074.49 4.2
1075.79 3.3
1078.58 3.6
1080.56 6.1
1081.47 2.6
1083.66 5.9
1090.70 7.9
1091.37 16.3
1092.21 7.0
1100.44 5.8
1103.81 1.6
1106.90 3.8
1108.44 9.7
1109.55 23.5
1120.03 1.3
1126.59 2.8
1127.88 1.4
1132.46 2.5
1133.58 1.3
1140.93 2.4
1150.45 8.4
1153.39 2.0
1216.76 5.5
