1497.73357 2
210.36 17.2
211.22 4.8
212.18 4.8
213.17 7.6
214.06 12.1
215.18 9.7
216.07 39.1
221.35 5.5
223.06 3.7
224.60 20.2
225.29 70.1
226.15 11.3
227.04 7.2
228.16 17.1
232.30 1.7
234.38 1.8
235.78 5.9
236.51 2.6
237.42 2.2
239.34 2.7
240.29 3.3
241.20 44.3
242.13 23.3
243.24 32.9
244.11 15.5
245.16 1.8
247.19 3.9
249.25 24.7
250.21 5.4
251.20 11.3
252.67 20.2
253.37 25.2
254.04 25.4
255.27 2.5
256.97 7.8
258.22 18.4
259.18 75.6
260.19 9.3
261.04 2.2
263.28 10.1
265.99 34.2
267.49 16.5
268.30 3.6
269.17 9.0
270.19 21.6
271.25 19.8
272.33 16.5
273.19 6.1
276.18 83.9
277.30 16.3
278.30 3.0
279.17 7.4
280.24 18.6
281.21 6.1
282.26 16.5
283.19 5.5
284.31 4.3
285.25 14.0
286.88 3.3
288.25 33.3
289.12 2.4
290.23 2.2
292.21 8.1
293.27 29.1
294.22 10.6
296.07 11.1
297.46 1.6
298.23 26.7
299.25 143.3
300.14 37.3
301.13 7.2
302.12 10.3
303.14 4.2
304.12 3.6
304.94 7.3
306.39 2.6
307.61 5.5
308.35 6.9
309.35 6.6
310.23 23.5
311.25 22.8
311.98 3.5
313.36 11.8
314.83 5.5
316.20 194.9
317.35 30.0
319.36 8.2
320.32 12.5
321.19 12.3
322.22 5.8
323.34 7.4
324.12 28.9
325.35 20.8
327.30 5.7
328.32 37.7
329.25 3.9
330.35 5.9
331.22 3.7
332.28 21.0
335.33 4.2
337.29 14.8
338.23 37.2
339.23 16.5
340.51 7.8
341.17 16.7
342.22 41.4
343.32 2.9
344.54 18.9
345.41 51.1
346.33 46.2
347.24 1.8
348.32 10.8
349.25 34.3
350.24 10.0
353.15 11.8
354.04 18.9
355.25 36.3
356.35 33.2
357.58 15.3
358.24 14.9
359.21 13.0
360.25 8.8
362.06 5.4
363.29 149.5
364.42 20.7
365.27 5.5
366.28 23.0
367.35 30.2
368.26 40.8
369.24 24.9
370.17 1.9
372.40 15.9
373.34 2.2
375.26 12.1
376.29 35.9
377.39 37.9
378.31 8.9
379.30 3.2
380.35 10.6
381.33 9.0
382.38 31.4
383.33 17.6
384.35 48.4
385.36 72.5
386.09 5.4
387.42 5.8
388.30 10.5
389.51 4.8
390.31 5.0
391.24 11.2
392.11 8.6
393.29 19.9
394.49 42.7
395.36 2.1
396.26 1.8
397.11 6.9
398.29 13.6
398.93 2.4
401.28 22.8
402.37 184.7
403.33 69.6
404.37 9.3
408.19 8.0
409.16 3.1
411.25 77.7
412.17 47.0
413.24 5.9
414.47 8.1
415.18 5.5
416.28 13.0
417.35 27.3
418.28 7.3
419.44 48.9
420.29 545.1
421.43 71.4
422.34 13.1
423.05 18.2
424.36 12.2
426.29 140.8
427.33 39.8
428.25 35.9
429.35 243.7
430.43 91.3
431.40 11.9
432.53 2.5
433.38 4.2
434.46 65.6
435.21 8.7
437.32 21.9
438.48 4.1
440.07 3.5
441.43 14.7
443.32 5.7
444.17 6.2
446.24 406.1
447.31 251.1
448.39 37.6
449.30 8.4
450.25 6.0
451.32 40.7
452.45 37.1
453.21 1.7
454.39 20.8
455.40 2.9
456.25 19.7
457.07 16.2
458.51 6.0
459.65 6.8
460.29 2.2
461.86 29.1
464.30 5898.7
465.30 801.9
466.41 20.5
467.08 3.2
468.32 3.5
469.32 85.6
470.40 26.3
471.39 16.6
472.18 9.0
474.44 30.9
475.39 10.0
476.28 7.6
477.42 17.0
478.60 41.6
479.42 6.4
480.14 14.6
481.69 11.4
483.03 14.6
483.66 12.2
484.39 10.1
485.11 11.8
486.16 32.7
487.36 5.0
488.64 13.3
489.31 11.0
492.08 11.8
493.47 25.0
494.20 8.7
496.14 15.9
497.40 34.2
498.63 20.2
499.48 6.1
500.10 3.4
501.21 9.4
502.31 9.0
503.42 12.0
505.10 69.8
506.36 16.9
507.37 2.0
508.33 13.6
509.06 3.4
511.04 2.8
512.27 11.6
513.38 10.4
514.58 19.2
515.52 9.8
516.15 6.9
517.38 8.4
520.21 15.6
520.96 9.1
522.38 19.0
523.43 23.5
524.31 14.5
525.41 46.1
526.23 6.3
528.65 18.7
530.45 24.4
531.40 7.2
532.48 15.0
533.60 7.9
534.32 32.9
535.37 118.3
536.34 38.6
537.52 12.1
538.34 18.6
539.32 12.1
540.27 39.7
541.30 89.5
542.35 37.7
543.36 7.8
544.30 14.4
545.64 35.4
546.41 28.9
548.09 37.0
549.31 10.5
550.25 7.7
551.48 12.3
552.55 9.4
553.42 5.0
554.38 11.5
555.35 32.3
557.19 40.5
558.47 30.0
559.47 11.1
560.45 6.1
561.41 63.8
562.34 58.2
563.28 7.1
564.48 127.1
565.48 3.3
566.50 14.4
567.38 10.4
568.56 23.4
570.07 285.7
570.88 6.8
571.51 7.2
574.35 29.0
575.11 54.1
576.58 93.9
577.49 17.3
579.30 214.5
580.45 59.4
581.43 16.3
583.11 676.5
584.10 160.5
585.18 33.8
586.28 69.1
587.44 5.6
588.19 26.4
589.04 6.9
590.17 14.6
592.06 5569.2
593.05 22.6
594.21 13.3
595.47 9.9
596.27 14.8
598.00 6.8
599.09 8.1
601.23 48.8
602.34 20.2
603.45 32.0
604.30 28.5
605.35 37.7
606.39 27.8
607.12 8.4
608.18 10.3
610.49 35.7
611.43 14.2
613.24 42.0
615.27 22.6
616.52 14.2
617.33 2.8
618.42 43.8
619.21 15.7
620.74 11.0
621.67 30.3
622.53 23.8
623.55 18.3
625.23 24.2
626.13 62.1
628.56 25.0
629.19 5.0
630.22 29.3
631.30 18.8
632.17 17.8
633.32 4.1
634.66 69.6
635.58 12.8
636.43 55.8
637.58 22.2
638.70 24.6
639.83 25.0
640.49 53.2
641.41 13.6
642.10 33.4
643.06 26.0
644.46 48.5
645.34 33.0
646.03 28.0
647.52 154.8
648.58 23.6
650.30 97.6
651.57 32.2
652.44 13.4
653.33 30.1
654.04 8.5
655.36 42.7
656.68 102.7
658.05 58.9
658.73 16.1
660.52 2.5
661.35 25.8
662.86 26.5
664.26 129.9
665.48 29.2
666.92 63.5
667.82 6.2
668.43 1.8
669.48 23.7
670.65 43.0
671.49 4.5
673.26 37.3
674.67 40.3
675.65 37.2
676.39 15.5
677.53 39.5
678.52 133.2
679.60 16.0
681.37 96.9
682.61 60.6
683.56 63.6
684.36 104.1
685.18 32.0
686.03 36.8
687.47 201.8
688.94 129.1
690.23 68.5
691.23 27.3
692.35 143.7
693.46 55.7
694.80 72.7
695.52 10.3
696.69 267.9
697.43 50.0
699.30 21.2
700.66 89.7
701.51 65.7
702.37 57.9
703.40 116.5
704.15 49.7
705.63 580.3
706.55 47.8
707.40 16.3
708.24 17.8
709.76 477.8
710.60 246.5
711.39 11.0
712.50 43.3
713.64 89.1
714.48 64.2
715.50 16.1
716.37 31.6
716.99 51.0
718.66 829.0
719.45 844.4
720.48 248.0
721.84 45.6
722.77 297.2
723.74 189.6
724.51 57.1
725.68 278.3
727.62 2594.8
728.66 35.9
729.53 23.3
731.34 762.6
732.20 1239.1
732.94 214.8
733.63 44.8
734.71 191.6
735.55 25.3
737.52 50.4
738.46 38.9
739.28 11.3
740.67 986.0
741.58 26.7
748.80 9.6
751.64 3.4
752.58 3.8
753.32 4.0
758.91 7.6
763.37 4.4
764.43 9.5
765.68 18.6
766.48 10.5
768.30 134.6
769.46 72.0
770.45 9.8
771.68 2.9
773.44 2.8
774.58 7.7
775.56 18.2
776.51 14.6
777.43 13.6
779.30 16.4
780.39 17.0
781.54 11.5
782.43 18.0
783.49 26.4
784.31 7.9
785.88 2.6
786.78 29.1
787.74 14.4
788.52 24.0
789.56 20.0
790.27 12.4
791.70 11.0
792.58 146.1
793.54 58.2
794.60 37.6
795.65 7.2
796.60 17.5
798.68 3.8
799.80 16.1
800.68 8.0
801.39 7.6
802.16 15.1
803.48 13.0
804.81 17.4
805.88 13.0
806.59 80.6
807.44 18.2
809.75 11.3
810.76 13.9
811.44 64.2
812.48 34.0
813.51 4.6
816.28 5.4
817.48 19.3
819.50 12.0
820.47 134.3
821.40 32.3
822.78 2.5
827.09 4.2
827.87 8.2
829.45 3.6
830.30 6.1
831.46 27.1
834.38 39.7
835.49 15.6
837.90 16.7
839.40 29.4
840.55 3.3
841.38 2.4
842.65 14.6
843.57 8.7
846.91 4.9
848.73 106.9
849.55 50.0
850.60 19.6
851.39 6.2
852.40 11.8
853.98 14.1
855.17 9.6
856.44 8.1
857.10 9.4
859.58 18.4
860.51 11.2
861.44 41.0
862.24 17.2
863.56 13.5
864.44 4.7
865.37 2.0
868.06 32.8
869.52 34.6
870.46 2.8
871.63 7.3
872.39 7.8
874.26 27.9
875.01 3.9
875.92 4.3
876.75 8.4
877.97 9.5
878.69 107.0
879.51 158.6
880.62 43.6
881.38 5.1
884.11 2.1
886.30 5.3
887.36 21.3
888.50 3.1
889.51 21.0
890.94 47.8
891.73 184.1
892.60 77.3
893.67 6.2
894.43 9.8
895.61 16.4
896.53 152.9
897.44 114.0
898.52 27.4
899.62 25.6
900.95 22.6
901.58 13.9
902.49 17.7
903.41 6.9
904.39 16.9
905.82 92.5
906.59 79.4
907.57 17.8
908.44 4.3
909.63 3.8
911.00 12.2
912.28 8.3
913.67 21.8
914.67 16.7
915.90 9.9
916.58 44.0
917.53 43.9
918.98 72.6
919.62 190.4
920.61 77.2
921.69 85.1
922.46 85.3
923.50 33.6
924.67 7.5
925.43 9.0
927.54 22.4
928.47 5.9
929.45 4.8
931.07 8.5
932.73 10.5
934.43 21.3
935.78 49.0
936.59 135.9
937.50 166.2
938.59 69.9
939.51 121.5
940.60 40.9
942.61 4.0
943.66 8.8
945.49 42.7
946.62 37.0
947.54 37.1
950.34 3.6
951.03 5.1
952.64 2.8
955.41 37.0
956.43 9.3
957.63 2.9
958.72 1.8
960.01 2.5
962.58 311.7
963.48 116.9
964.41 47.6
965.59 34.4
966.46 3.4
967.25 3.4
967.90 7.2
970.38 2.4
971.16 12.6
972.30 25.9
973.61 10.5
974.54 26.8
975.17 14.2
977.89 10.3
979.20 19.3
980.60 34.4
981.66 23.9
982.59 14.5
983.81 4.8
985.25 24.8
986.13 11.5
987.75 5.8
988.59 4.3
990.54 67.5
991.63 37.6
992.58 4.2
994.47 3.1
995.18 10.1
997.11 5.7
998.58 51.9
999.50 43.0
1000.37 15.3
1001.88 6.8
1004.11 11.8
1004.77 3.3
1006.15 32.1
1006.79 32.2
1007.61 36.1
1008.59 45.9
1009.56 218.2
1010.64 98.4
1011.56 7.1
1013.31 7.2
1016.55 134.9
1017.53 275.3
1018.63 147.9
1021.22 8.9
1023.40 3.6
1024.57 3.5
1025.79 13.9
1026.66 113.1
1027.54 22.7
1028.56 8.0
1032.62 5.5
1034.58 7977.3
1035.54 3148.9
1036.37 67.5
1043.76 11.8
1044.81 9.4
1046.89 17.0
1047.73 16.8
1048.69 2.9
1049.61 23.4
1051.82 13.7
1052.59 157.5
1053.59 102.2
1055.28 3.4
1056.71 2.1
1059.49 14.9
1060.82 8.6
1063.73 8.7
1065.49 2.4
1069.48 43.4
1070.51 15.4
1072.17 13.9
1073.17 11.4
1074.10 23.7
1076.52 14.3
1078.75 16.8
1079.66 19.4
1080.80 15.2
1085.01 3.8
1086.98 13.6
1088.50 1.7
1089.43 4.3
1090.64 17.9
1091.60 43.9
1092.61 27.7
1093.55 13.1
1097.68 4.5
1100.60 3.7
1101.63 9.7
1102.91 14.5
1104.59 26.4
1105.40 20.8
1106.54 5.3
1107.74 41.9
1108.58 6.8
1109.84 2.1
1110.55 3.6
1113.57 2.2
1116.06 12.5
1116.72 5.3
1117.47 38.2
1118.61 55.1
1119.60 11.6
1121.02 4.9
1122.58 220.3
1123.69 125.5
1124.66 13.1
1125.43 9.0
1127.78 2.0
1131.65 1.9
1134.94 19.5
1135.68 99.3
1136.64 29.8
1137.81 9.1
1138.59 3.7
1141.56 1.9
1143.33 6.1
1143.94 5.7
1147.92 5.0
1148.61 26.4
1150.56 13.4
1151.90 5.5
1152.60 5.5
1153.59 33.0
1154.70 8.5
1155.72 4.6
1156.93 6.4
1158.24 6.8
1160.59 47.6
1161.61 35.5
1165.45 156.4
1166.75 46.4
1167.74 4.6
1169.64 4.0
1170.67 7.1
1174.54 8.1
1175.82 4.6
1176.74 5.9
1177.76 16.8
1178.64 9.9
1179.79 2.0
1182.90 2.9
1183.78 3.6
1186.62 2.6
1187.72 2.1
1188.82 4.5
1190.61 2.2
1191.50 3.7
1194.54 39.0
1195.85 13.0
1197.96 3.5
1199.66 5.4
1202.21 8.5
1204.71 62.0
1205.62 23.3
1206.88 6.6
1212.22 6.4
1216.54 6.5
1217.66 3.5
1219.74 16.1
1222.72 71.2
1223.62 54.0
1224.89 5.0
1226.33 9.5
1227.89 4.7
1233.55 37.2
1234.98 26.0
1235.92 10.4
1238.72 7.4
1239.70 10.3
1240.56 46.1
1241.53 9.9
1244.26 19.6
1249.12 11.2
1249.89 8.3
1250.54 3.5
1251.76 28.6
1252.86 19.2
1253.86 7.9
1254.95 2.6
1260.72 4.6
1261.58 32.6
1262.76 16.8
1263.62 6.8
1264.73 3.2
1265.84 11.8
1266.81 5.4
1269.56 2.3
1270.82 3.3
1271.69 2.6
1272.78 5.3
1275.80 2.0
1276.71 26.4
1277.69 20.5
1278.88 86.1
1279.70 168.5
1280.74 75.0
1285.71 4.2
1287.63 34.8
1288.61 31.7
1289.80 19.5
1290.72 2.0
1291.70 8.4
1293.51 20.7
1294.65 70.0
1295.71 177.3
1296.73 105.9
1297.47 3.6
1298.43 4.8
1299.47 1.6
1300.27 5.3
1305.65 258.8
1306.66 198.1
1307.58 20.2
1309.05 6.8
1311.71 3.7
1313.61 1.8
1318.50 8.9
1321.81 2.2
1322.60 6.9
1323.70 339.9
1324.78 136.3
1325.78 11.4
1335.30 2.3
1340.66 64.1
1341.78 260.8
1342.75 120.0
1343.66 2.3
1349.65 15.4
1350.83 7.5
1364.62 3.0
1368.74 1.7
1370.97 27.3
1395.20 2.6
1421.66 4.1
1422.57 4.5
1447.92 9.0
1457.89 2.5
1465.90 3.3
1475.66 12.2
1476.62 2.9
1499.01 1.8
1499.88 2.7
