1104.52776 2
157.18 1.7
173.89 1.9
175.13 8.5
176.26 2.8
179.15 6.7
179.95 2.6
180.99 10.7
182.24 20.5
183.16 3.0
188.09 3.3
189.24 1.5
195.34 8.2
197.02 1.5
198.21 2.9
199.50 8.4
203.98 1.5
207.13 5.3
209.34 12.8
210.34 6.4
211.02 3.7
217.13 8.6
221.12 5.7
226.16 8.5
227.42 2.8
228.27 9.9
229.12 2.6
231.12 7.8
234.29 5.6
235.03 5.5
236.15 2.6
237.22 1.5
238.76 23.8
239.41 4.2
240.06 2.3
241.21 6.0
243.37 4.3
244.15 6.9
245.28 3.7
249.12 2.2
250.75 9.5
252.31 2.0
257.59 5.9
258.26 4.1
259.08 1.2
261.12 1.2
261.91 1.5
263.52 3.2
265.41 2.4
266.69 5.5
267.32 5.4
269.01 3.1
273.01 2.0
277.32 1.3
277.96 1.3
282.20 2.7
283.19 4.0
284.34 2.1
287.30 2.2
288.54 2.0
290.26 3.6
291.23 1.0
293.19 1.8
294.98 3.4
297.10 8.1
298.26 3.6
300.22 3.7
301.29 5.1
302.32 5.4
303.34 4.4
304.51 1.6
305.40 6.4
306.26 8.3
308.33 14.2
309.33 9.5
311.18 4.5
312.23 3.8
313.17 5.5
314.12 2.7
315.05 2.8
316.08 5.2
318.07 4.6
320.22 2.8
321.18 2.0
322.23 3.0
323.27 10.4
323.92 4.2
326.17 5.4
327.35 3.1
331.35 9.1
332.43 3.1
333.17 4.9
339.26 2.7
340.21 2.2
341.07 9.0
342.39 2.9
343.41 4.9
344.18 5.6
345.01 4.0
346.31 19.9
347.11 1.4
348.29 2.4
350.40 14.3
351.12 3.2
352.28 25.2
353.16 8.0
354.24 3.2
355.22 7.3
356.98 1.4
358.09 5.4
359.24 5.9
359.90 3.8
360.80 10.1
363.89 6.3
365.44 1.9
367.74 9.9
368.45 15.3
369.36 9.3
370.16 1.9
371.24 9.0
373.34 10.7
374.41 3.9
375.39 11.4
376.21 5.7
378.19 7.8
379.57 4.3
380.40 1.6
381.40 2.1
382.28 2.2
383.48 4.8
386.31 3.2
387.56 2.8
388.36 5.6
390.38 36.1
391.10 3.6
392.56 11.8
393.50 20.3
394.35 21.9
395.48 8.3
396.43 2.2
397.93 4.2
401.03 2.0
403.27 6.6
404.05 5.1
405.39 2.6
406.37 2.0
408.45 14.6
409.32 10.1
410.38 3.8
412.34 34.5
413.39 3.6
415.01 11.7
416.90 16.7
417.98 5.4
419.41 7.8
420.38 10.9
421.39 19.4
422.26 7.6
423.36 5.8
424.51 6.8
425.39 26.2
426.22 1.3
427.24 4.7
429.10 10.7
430.30 2.2
431.35 18.4
432.15 1.1
433.41 1.9
434.03 2.3
436.37 1.9
438.31 57.7
439.13 42.9
440.37 2.7
441.83 2.2
443.45 3.8
444.10 7.2
445.12 3.1
446.16 12.5
447.22 8.1
448.17 1.6
449.15 1.5
450.36 4.1
451.43 8.9
452.36 10.8
453.33 9.3
454.40 4.1
456.62 2.6
458.87 7.4
459.60 5.6
460.44 10.8
462.01 1.0
463.35 51.6
464.40 32.1
465.27 208.8
466.34 24.4
467.41 4.2
468.40 24.3
469.57 7.9
470.27 7.0
471.50 5.3
472.64 5.3
473.28 3.5
474.75 13.0
475.53 7.8
478.18 7.6
478.97 2.1
479.60 2.4
480.33 11.7
481.41 11.0
483.58 20.8
484.30 3.1
486.34 4.2
487.28 8.0
488.27 20.2
489.35 20.6
490.86 35.2
492.07 28.1
493.14 40.9
495.24 23.3
497.25 3.5
499.53 51.2
500.65 69.8
501.46 24.5
502.39 6.1
503.37 21.8
504.70 16.3
505.46 12.4
506.32 8.9
507.25 12.0
508.69 128.2
509.42 80.1
510.35 11.1
511.93 13.4
512.94 34.6
513.86 18.4
514.97 21.2
516.38 9.4
517.15 8.4
518.20 9.0
519.04 1.9
520.50 12.4
521.98 367.9
523.11 155.9
523.92 8.6
524.81 8.9
525.65 14.9
526.39 9.2
527.22 12.7
528.35 1.2
530.93 541.5
531.95 9.7
533.17 7.1
534.25 112.7
535.11 348.1
536.07 79.7
537.41 8.7
539.29 4.6
540.01 1.0
540.88 8.1
541.70 4.1
543.96 1012.5
544.84 26.4
552.61 1.4
553.91 1.0
565.86 1.0
572.16 6.7
573.04 1.3
574.42 1.2
576.35 6.7
578.34 3.7
579.07 4.1
580.37 12.8
582.77 2.3
584.43 1.6
586.86 4.7
592.49 2.6
595.53 9.6
596.28 14.6
597.70 2.1
599.33 2.8
600.06 13.4
600.75 1.2
604.51 12.5
605.37 5.2
607.41 1.5
615.43 1.9
617.22 14.6
617.82 4.8
618.55 4.4
621.45 5.6
622.33 92.7
623.51 15.3
628.57 1.8
632.82 3.8
634.17 6.2
640.50 47.6
641.35 28.9
642.51 1.2
643.37 1.2
645.82 5.6
649.35 8.1
650.19 8.9
655.32 4.3
659.60 1.9
660.71 6.2
661.32 1.8
662.23 20.2
663.65 1.7
669.45 1.5
670.20 1.8
671.34 4.4
672.66 18.7
673.52 4.8
674.16 1.5
675.16 4.6
686.41 2.6
689.36 5.0
691.39 8.6
692.51 3.3
693.41 92.2
694.49 17.5
698.65 5.4
703.19 20.9
703.80 4.1
712.09 1.6
715.38 21.4
716.59 7.9
717.84 6.2
718.72 1.0
720.44 2.2
729.17 3.7
732.48 5.3
733.77 2.6
736.68 1.7
737.64 5.4
738.45 4.4
744.75 1.3
749.43 3.7
750.63 3.7
753.15 2.7
757.88 4.8
758.54 2.0
760.50 1.2
773.05 8.0
776.30 2.3
777.50 1.9
779.79 2.0
780.47 1.3
789.17 3.4
790.25 4.0
791.52 4.1
798.61 2.0
800.49 5.8
804.57 1.5
811.80 10.6
812.42 6.6
826.47 2.3
829.31 4.2
830.29 3.6
836.35 1.1
840.79 2.0
842.38 4.6
846.40 2.9
847.53 5.3
848.55 4.3
850.88 6.7
853.17 2.6
857.68 2.1
858.43 1.2
859.35 1.1
862.66 4.6
863.55 2.0
865.45 2.2
866.51 8.7
868.82 10.7
871.00 4.4
871.62 2.9
877.48 4.0
878.43 3.3
883.55 4.5
884.38 2.4
886.42 12.3
887.47 1.2
889.76 1.2
891.19 3.2
895.33 2.0
901.53 20.2
902.42 7.3
903.38 1.8
904.47 5.4
905.49 2.1
911.12 1.4
912.54 8.0
913.45 3.2
914.87 4.1
916.60 9.9
919.61 5.7
927.61 4.7
928.48 1.5
929.77 1.1
930.58 9.4
931.59 5.0
940.57 1.8
948.53 8.3
949.55 3.1
955.07 3.0
956.50 5.5
957.66 4.7
971.27 1.7
976.21 2.8
1038.84 3.3
1046.02 2.2
1064.42 1.5
1066.58 8.7
1067.89 6.3
1082.43 13.1
