711.3366599999999 2
123.02 13.0
127.06 2.8
129.12 124.3
130.13 12.4
136.08 17.5
137.25 4.2
140.88 1.5
143.54 2.9
145.30 1.5
147.14 10.7
148.17 4.7
149.06 2.2
159.34 1.6
160.08 10.3
165.20 3.6
166.09 4.5
174.46 4.7
175.26 19.5
176.70 4.7
180.14 4.2
183.39 3.7
184.22 1.2
187.29 10.3
188.81 3.4
190.17 1.6
191.09 9.6
192.73 7.2
198.18 2.0
199.17 4.6
201.32 1.5
202.28 11.3
205.21 3.1
209.20 3.9
210.12 8.5
211.07 3.3
212.02 10.0
215.17 1.3
217.07 1.0
218.27 2.3
219.24 3.7
220.99 2.1
221.91 5.1
223.01 12.9
226.35 1.3
227.22 2.0
231.76 6.8
235.11 1.5
238.69 9.2
240.56 120.2
241.33 22.0
242.11 33.1
243.17 2.6
244.92 7.0
248.25 2.4
249.18 223.8
249.91 21.7
251.00 12.1
252.15 6.7
253.08 1.3
254.19 5.6
257.61 5.2
258.25 1.3
259.94 9.7
261.90 33.6
262.82 7.7
263.86 3.5
265.13 37.8
267.04 291.9
268.03 760.5
269.11 102.9
270.05 12.8
273.24 9.0
275.20 2.3
276.42 10.4
277.26 1.9
279.77 6.4
281.00 2.1
282.12 6.5
283.26 2.4
285.02 44.0
286.01 43.6
287.26 33.3
288.19 1.4
289.62 33.5
290.38 13.9
291.26 3.9
292.93 44.1
296.11 10.0
297.95 598.0
298.79 60.7
300.03 1.9
301.29 4.5
302.37 2.5
303.60 11.7
304.55 2.3
306.80 437.3
307.88 25.3
310.26 3.7
311.71 20.4
313.28 4.6
314.76 8.4
316.26 1.8
316.87 37.7
317.67 10.9
320.21 9.1
321.52 16.1
323.78 5.5
324.48 3.7
325.36 14.7
326.16 7.5
327.47 2.2
328.32 7.0
330.01 27.4
330.67 6.2
333.43 10.1
334.10 9.3
337.94 213.8
338.97 181.9
340.10 51.3
341.26 39.7
344.56 43.5
345.26 2.1
347.50 8578.2
348.24 1297.0
349.63 124.1
350.32 18.4
352.10 3.0
353.89 9.9
355.82 6.5
362.81 10.8
363.42 5.3
367.36 1.8
369.04 5.4
374.19 2.1
378.79 4.2
380.27 8.4
387.97 203.3
388.83 13.2
395.25 1.9
400.43 2.4
401.24 1.8
402.57 3.1
404.87 9.9
409.33 1.5
415.88 9.2
417.39 10.2
418.32 10.9
419.58 42.5
424.30 3.0
428.29 7.8
431.05 20.8
432.45 7.6
435.20 10.0
437.02 6.7
439.29 1.5
439.91 5.6
440.71 1.9
442.12 14.8
443.36 93.9
444.25 3.9
446.94 9.7
447.82 6.4
450.21 1.5
451.12 2.7
452.59 94.3
453.50 3.9
454.25 1.4
455.28 1.8
459.17 4.6
459.97 5.6
460.97 4.5
461.83 8.4
466.43 1.4
467.32 17.9
468.35 12.9
470.43 15.5
473.23 1.8
474.19 2.4
475.23 2.0
477.80 4.8
479.71 4.2
480.40 9.4
481.09 2.5
483.88 12.4
484.87 4.4
486.58 2.5
488.23 3.6
489.05 1.3
494.23 25.6
495.30 5.0
497.42 28.0
498.46 2.2
499.56 1.6
501.56 1.8
505.30 11.6
508.28 6.2
512.18 2.1
516.16 5.2
518.19 7.4
523.31 1.6
524.41 10.6
525.34 26.4
530.68 5.1
531.54 2.1
533.44 4.7
534.19 7.0
536.48 9.2
541.49 1.7
543.02 9.4
547.15 2.9
548.31 4.0
552.06 1.4
565.36 17.5
566.26 12.7
567.52 1.0
576.27 2.6
577.24 6.0
578.38 18.1
583.29 364.1
584.40 78.4
594.29 136.3
595.28 172.2
596.20 34.2
598.37 6.9
599.27 3.6
603.72 2.1
604.91 10.5
610.21 1.3
612.40 75.6
613.47 16.2
622.12 22.9
623.34 15.3
638.30 1.5
640.28 6.9
