1067.54558 2
155.19 1.2
158.97 2.4
161.20 5.0
162.14 2.7
163.69 6.9
164.90 3.2
166.24 2.4
167.12 13.6
170.11 1.4
171.20 2.8
175.18 10.1
176.04 4.0
177.21 19.2
178.15 2.4
179.30 5.1
180.22 1.5
181.36 2.4
183.16 10.3
185.21 7.9
186.35 3.7
187.35 3.6
189.07 2.0
191.13 5.5
196.12 4.8
199.29 2.9
200.19 20.0
201.11 3.8
201.93 1.5
203.32 6.3
204.26 1.8
205.02 5.1
209.13 4.5
210.27 10.7
211.22 4.4
212.29 1.3
213.31 8.6
215.34 5.4
216.92 2.4
219.25 3.7
221.11 24.0
223.12 1.0
225.05 1.7
226.15 2.0
227.09 7.2
229.11 2.3
230.18 1.1
231.23 2.6
232.97 3.5
235.05 23.0
236.24 3.1
236.87 11.5
238.13 5.1
239.28 8.8
240.21 1.5
242.23 10.2
243.07 4.2
245.30 3.6
247.39 2.0
249.29 4.8
250.28 6.3
251.34 5.1
255.44 14.3
256.38 3.4
257.30 5.9
258.07 3.2
261.23 2.7
262.19 9.7
262.98 1.1
265.13 31.2
266.22 5.5
267.58 10.2
268.22 3.8
270.18 3.4
272.19 8.3
275.13 6.3
276.04 1.5
277.64 6.0
278.40 2.4
279.10 3.1
282.20 7.1
283.15 14.2
286.11 5.3
287.05 3.1
288.45 3.7
289.15 4.6
289.96 2.1
291.17 7.3
292.26 5.1
293.32 9.7
294.09 3.6
295.22 2.2
296.23 6.9
297.09 15.7
298.28 15.8
299.28 16.2
300.27 8.8
302.26 7.6
303.40 8.2
304.24 12.4
305.05 8.7
306.44 1.3
307.11 2.5
309.12 25.7
310.13 9.3
311.04 5.9
311.96 3.3
313.32 13.8
315.45 3.8
318.11 2.2
321.09 7.0
321.93 8.9
322.99 17.6
323.70 10.5
325.30 8.7
326.28 6.4
327.32 3.1
328.43 6.6
330.08 4.6
331.30 3.8
332.10 3.5
332.91 6.3
334.18 4.8
336.15 7.9
337.31 10.0
338.92 20.9
339.85 12.7
340.55 4.4
341.48 11.5
342.36 3.6
343.53 6.9
344.47 2.5
346.23 1.1
348.48 14.6
350.32 4.8
352.46 24.7
353.12 15.3
354.25 14.4
355.32 13.3
356.17 7.3
357.38 2.0
358.20 9.2
359.18 10.1
360.14 3.7
361.16 19.3
361.84 44.5
362.48 17.1
363.25 4.0
364.25 2.1
365.18 11.4
366.33 13.8
367.32 8.8
367.93 3.9
369.04 4.0
370.81 123.5
372.44 11.8
373.06 5.2
374.05 11.9
375.25 11.8
376.26 7.3
377.26 5.6
378.01 7.8
378.78 2.3
380.06 14.1
381.13 2.2
382.26 9.8
383.54 4.2
384.32 7.1
385.62 14.7
386.64 1.8
387.76 10.7
389.63 21.7
390.76 9.4
391.87 6.4
393.29 24.8
394.38 10.0
396.54 19.3
397.41 7.4
398.24 4.2
399.23 4.2
400.43 6.5
401.19 1.7
402.26 12.4
403.30 14.0
404.57 19.6
405.36 3.7
406.28 20.0
407.18 1.1
408.08 17.9
409.29 3.7
410.45 10.9
411.38 23.9
412.36 10.1
413.19 6.0
414.16 10.1
415.47 3.4
416.45 3.7
417.38 9.5
418.32 7.0
419.34 7.6
420.07 61.6
421.12 7.2
422.52 7.4
423.25 4.9
424.33 6.9
425.74 12.8
426.38 6.1
427.16 6.2
428.21 11.8
429.17 4.6
430.30 10.3
432.27 10.6
433.22 17.8
434.19 50.2
435.18 13.9
436.44 11.6
437.52 24.0
439.17 13.1
439.81 18.6
441.29 41.8
442.41 17.3
443.37 2.9
444.27 2.2
445.18 6.5
446.29 93.2
447.45 6.3
448.42 19.8
449.44 5.3
450.30 3.5
451.96 43.4
453.01 36.5
454.21 40.8
455.23 24.4
456.90 3.2
457.97 2.4
459.28 42.5
460.26 24.9
461.34 5.2
462.52 3.9
463.28 6.8
465.58 3.8
466.58 10.4
467.20 8.7
468.41 47.6
469.47 44.4
470.55 22.2
471.41 4.7
472.50 26.7
473.56 7.0
474.28 8.6
475.25 5.3
476.23 22.9
477.46 31.6
478.41 5.3
479.33 17.6
480.27 10.9
481.37 18.3
481.99 16.3
482.69 50.3
484.65 34.4
485.38 31.1
486.37 30.7
487.40 24.3
488.49 41.7
489.64 33.9
490.35 26.6
491.20 36.1
492.17 29.5
492.93 131.2
494.04 70.6
495.03 71.1
495.97 29.7
496.60 1.7
498.06 69.9
499.27 148.8
501.58 27.7
503.44 716.4
504.55 106.8
505.48 37.5
506.40 9.0
507.23 16.6
508.52 31.7
509.68 97.6
510.54 163.1
512.47 1158.9
513.59 29.8
516.18 425.2
517.09 407.8
518.05 98.9
518.98 1135.8
519.93 142.6
521.76 81.7
523.43 6.0
525.18 1007.9
525.92 257.2
531.10 2.7
538.65 3.6
550.34 3.9
552.26 6.5
553.69 4.4
555.42 9.2
558.55 2.8
565.47 2.7
566.82 2.8
567.48 2.2
568.53 5.3
569.30 2.2
570.38 1.5
572.48 2.8
573.61 15.3
575.37 13.0
576.21 3.6
577.65 35.6
578.41 14.2
579.24 1.7
580.46 17.9
582.39 1.1
583.40 6.4
584.45 28.6
585.59 10.6
588.26 12.2
589.36 2.5
590.29 11.5
591.35 27.6
595.52 6.8
597.26 15.8
598.19 2.6
599.77 3.5
601.82 20.2
602.95 6.1
604.50 6.6
605.69 4.1
606.61 21.2
607.33 9.2
608.83 28.9
610.94 1.1
612.02 16.2
613.18 108.5
614.14 11.3
615.35 12.3
616.46 10.0
617.33 19.6
618.42 8.6
619.54 4.4
620.57 23.6
622.26 1.5
623.08 11.4
624.53 3.3
625.16 7.8
626.50 32.0
630.54 43.0
632.13 9.3
634.36 128.5
635.29 68.2
636.30 2.4
638.04 32.6
639.17 75.5
640.46 36.8
642.37 36.7
645.27 3.8
646.41 26.8
647.34 10.1
648.50 7.2
651.05 41.2
651.84 12.2
654.26 3.9
655.71 7.6
656.61 2.9
658.30 15.2
659.32 21.6
660.05 6.0
662.76 37.6
665.69 12.0
666.58 5.4
670.52 3.6
671.43 1.6
674.68 15.9
677.05 1.3
677.76 3.3
679.32 6.6
683.04 14.6
684.25 15.6
685.29 11.6
686.43 8.4
688.31 9.8
689.21 52.9
694.20 5.8
695.49 1.7
696.47 9.0
697.63 1.5
698.48 6.2
703.17 9.5
704.76 13.6
711.42 1.1
712.35 1.7
717.16 15.9
720.26 2.9
721.05 15.0
721.84 16.4
725.69 1.9
727.13 4.7
728.02 2.5
730.37 1.5
731.36 10.3
732.51 3.0
733.92 3.1
734.52 2.8
736.35 11.8
738.70 4.1
739.62 1.4
741.55 9.2
743.39 4.1
746.69 1.9
750.39 2.0
751.57 7.0
752.46 6.4
753.08 2.9
754.78 19.3
756.03 11.1
757.44 5.8
758.48 11.8
759.84 6.2
761.31 13.9
763.53 4.0
766.35 7.0
768.50 42.4
769.55 6.5
770.43 1.3
774.44 26.4
775.50 5.5
776.52 1.5
778.23 3.1
779.24 20.7
782.74 6.0
783.69 8.7
784.36 5.9
785.62 2.0
787.66 9.6
788.65 18.5
790.23 10.6
791.75 5.5
792.61 1.5
794.25 18.7
796.14 7.0
800.47 2.7
802.88 3.1
804.24 5.9
805.38 2.0
806.47 1.5
807.43 18.5
808.46 4.0
809.34 2.4
811.53 6.9
812.46 1.6
814.21 9.3
817.47 7.1
818.19 18.6
820.48 6.2
821.48 2.5
822.61 23.0
823.25 4.8
825.48 2.8
826.67 2.9
828.63 2.3
832.86 2.1
834.47 1.7
836.62 16.0
837.46 17.5
838.55 7.9
841.35 10.9
842.61 2.6
843.54 4.2
846.93 1.3
847.80 10.6
850.65 3.8
852.86 9.7
853.86 1.4
854.48 4.4
856.26 1.5
865.45 19.0
866.30 26.5
867.44 75.6
868.33 17.6
869.15 2.2
869.78 2.0
871.34 5.3
872.33 2.1
876.15 10.3
878.81 15.4
879.49 1.9
881.51 10.0
882.33 4.3
893.60 5.4
894.74 6.8
895.74 2.6
896.74 2.3
899.10 4.6
900.57 1.8
901.77 3.9
904.34 3.4
905.51 2.6
907.33 3.5
910.67 1.5
911.34 5.5
912.51 5.0
914.73 3.1
916.83 2.1
918.59 8.2
919.95 5.8
921.22 6.8
930.22 2.2
934.56 2.9
935.56 17.1
937.49 9.4
938.59 3.6
941.29 3.2
950.27 2.0
953.75 1.9
967.64 1.7
968.42 1.4
969.37 1.7
979.83 1.5
984.50 2.4
986.60 2.0
1001.79 1.5
1014.48 10.7
1015.58 5.3
1016.26 1.4
1026.69 6.7
1027.96 7.9
1028.69 46.8
1029.69 72.3
1030.69 13.7
1033.81 2.8
1044.45 5.9
1045.56 10.3
1046.81 3.7
1054.08 4.6
