1237.58647 2
180.30 2.2
181.18 2.0
183.29 4.0
184.13 4.5
185.00 3.8
187.23 4.7
197.04 4.7
198.17 3.8
199.04 6.5
201.18 4.4
209.24 12.2
210.03 2.0
211.24 3.8
212.24 5.2
213.27 3.5
217.11 2.4
218.41 1.7
220.90 4.0
222.20 7.6
225.32 4.0
226.28 77.8
227.26 52.5
228.22 6.2
229.26 5.8
230.32 4.5
231.03 1.6
231.91 1.3
234.32 12.4
235.11 3.8
236.02 1.6
238.31 6.4
239.14 1.5
240.20 15.1
241.11 4.3
242.36 2.3
244.19 57.1
245.12 4.3
246.30 19.4
247.20 2.4
248.34 12.1
249.39 7.4
255.05 6.2
257.02 1.8
258.24 53.8
260.33 2.3
261.83 3.7
263.12 5.1
265.37 1.4
267.24 4.7
269.21 2.5
270.16 4.8
272.21 2.4
274.42 1.8
275.18 2.4
276.14 21.7
277.15 1.4
279.34 4.6
281.24 10.8
286.49 3.7
287.28 2.4
288.17 9.2
290.91 3.6
292.18 3.0
293.72 3.5
297.20 33.1
298.23 32.1
301.95 1.6
302.77 1.6
304.30 6.3
306.25 1.2
307.30 7.8
309.22 3.9
310.19 12.1
314.28 2.0
315.21 41.5
316.00 22.0
317.14 19.6
318.04 13.9
319.14 9.1
320.16 8.3
321.09 5.0
323.20 2.2
324.12 2.9
325.21 10.3
326.53 1.4
327.18 1.7
327.98 7.7
329.12 6.1
331.11 1.6
332.26 4.8
333.32 1.2
334.33 7.0
336.16 2.2
337.33 12.1
342.46 4.4
343.42 1.2
344.19 7.8
349.38 1.1
351.78 8.7
355.13 26.5
356.30 2.0
359.35 13.7
360.15 4.5
361.37 3.5
363.60 2.4
367.08 1.4
368.27 2.8
369.30 9.5
370.22 3.2
371.26 4.4
373.20 55.4
374.30 19.5
379.13 3.3
380.48 6.4
381.28 22.6
382.20 14.1
383.38 1.8
384.05 3.1
385.16 2.3
386.00 3.4
387.34 20.4
390.27 85.9
391.29 38.1
392.24 7.3
393.13 8.1
396.21 5.5
398.41 3.0
399.37 8.4
400.26 1.5
401.17 3.2
402.47 7.1
405.32 14.2
406.46 7.5
408.23 40.1
409.34 28.1
410.38 25.9
411.35 13.0
412.50 1.6
413.27 7.5
414.39 10.3
415.40 4.7
422.30 2.6
426.24 44.6
427.32 59.8
428.36 10.9
429.40 9.6
430.41 20.1
432.62 4.1
434.32 1.1
435.22 5.2
436.44 8.5
437.28 1.1
439.72 5.6
441.33 10.6
441.98 3.9
443.55 3.5
444.20 76.4
445.26 9.5
446.19 3.0
447.28 5.7
448.31 3.2
449.21 5.2
452.40 13.0
453.47 1.7
454.48 5.5
455.38 3.1
456.32 8.7
457.24 2.0
458.32 20.5
459.30 8.3
460.50 1.1
461.24 7.7
462.27 5.3
464.46 8.1
465.18 2.0
468.33 5.7
469.28 6.1
470.24 5.7
473.01 20.2
473.77 15.1
475.00 2.4
476.49 2.2
478.85 56.9
480.18 20.4
481.22 13.5
482.27 47.0
483.03 60.5
484.25 39.7
485.76 12.8
487.27 195.7
488.18 34.6
490.08 5.9
491.30 4.4
496.17 239.2
497.12 83.7
498.34 46.4
499.38 6.8
500.42 10.7
501.18 17.1
502.44 40.0
503.69 8.7
504.82 16.9
505.42 30.1
506.41 4.0
507.20 4.1
507.97 4.0
509.44 2.5
510.22 1.2
511.60 13.7
512.27 1.4
513.32 14.1
514.32 14.3
515.24 38.8
516.40 30.8
517.34 21.5
518.39 5.2
519.32 9.1
520.29 61.7
521.33 46.3
521.95 12.7
523.49 9.8
524.48 1.0
526.21 1.9
528.27 5.3
529.44 15.4
530.40 17.8
531.19 9.9
532.29 9.5
534.56 23.1
535.73 20.1
537.34 269.0
538.72 184.1
539.75 7.4
540.77 7.3
541.55 9.0
542.49 1.7
543.72 157.9
544.55 111.8
545.63 6.2
546.67 34.4
550.27 12.7
552.82 378.0
553.79 38.4
555.29 20.4
556.02 9.1
556.71 2.3
557.54 10.2
558.21 7.0
559.14 14.5
560.34 36.7
561.34 21.2
562.15 11.2
562.91 9.3
564.51 13.6
569.38 2.2
570.63 6.7
571.40 7.1
572.28 6.1
573.40 8.4
574.25 3.3
575.33 21.0
576.90 18.6
577.83 1.4
578.60 4.6
579.63 12.6
580.45 20.6
581.22 11.5
582.29 11.5
583.30 34.2
584.14 9.0
585.17 13.9
586.07 5.1
587.02 2.5
587.69 19.2
588.54 7.0
589.19 1.9
590.17 1.8
591.06 7.6
592.17 6.4
593.24 19.6
594.40 12.6
595.53 4.3
596.74 7.0
599.05 7.4
601.19 230.1
602.08 218.5
603.39 4.3
604.74 39.7
605.78 6.2
607.26 18.9
610.57 482.3
611.50 29.9
612.38 3.0
615.32 3.4
630.34 9.7
634.15 1.0
635.64 3.0
637.98 8.0
638.78 9.0
640.43 2.7
644.67 5.3
648.31 6.4
650.91 7.3
651.65 2.0
654.82 1.2
655.45 7.7
656.36 6.1
657.42 4.5
658.40 1.4
659.17 7.5
662.41 4.8
665.01 10.2
666.54 1.1
669.38 1.4
670.40 4.7
672.40 3.5
673.44 9.5
676.06 20.1
677.12 22.8
678.26 3.8
678.89 4.6
683.27 58.4
684.36 33.7
685.72 2.9
688.18 3.5
689.19 5.1
690.16 7.4
696.04 5.6
699.11 1.9
700.78 34.7
701.39 105.2
702.42 49.4
703.51 2.3
704.28 5.3
705.57 6.2
706.32 25.7
711.14 1.8
713.30 1.2
716.45 1.9
718.45 1.7
719.52 4.8
720.36 23.6
721.31 5.6
723.37 287.9
724.46 78.8
733.35 5.3
734.84 5.6
736.05 3.3
737.68 3.2
739.68 1.2
740.62 10.9
741.42 4.2
745.46 4.6
746.23 2.5
749.52 7.3
751.50 2.9
756.27 2.0
758.51 4.7
759.21 6.3
760.36 3.3
761.19 1.5
762.31 2.3
769.81 2.0
773.19 3.0
774.45 4.5
776.82 12.2
777.65 9.4
778.71 3.6
783.63 1.9
785.66 12.3
790.57 14.0
791.44 18.3
792.65 9.5
794.39 353.3
795.55 123.2
803.54 11.1
804.47 2.6
808.20 1.0
809.39 8.8
810.68 1.6
811.33 1.0
812.52 4.4
813.63 8.0
814.88 2.7
815.77 8.0
817.50 1.5
820.43 10.5
821.64 8.4
825.18 2.0
827.05 7.6
827.94 3.8
828.86 2.1
830.38 9.9
831.42 44.5
832.41 11.8
833.39 1.5
835.37 2.4
841.62 1.7
844.39 6.8
848.35 69.9
849.51 49.5
851.89 3.1
854.16 5.2
859.78 3.4
860.56 9.5
861.54 4.4
862.46 4.7
864.56 2.1
865.47 1.9
866.27 3.0
867.40 5.8
868.35 8.0
869.07 4.1
875.38 4.5
877.61 13.5
878.37 34.6
879.42 7.0
880.34 2.7
882.74 1.2
887.56 8.7
888.47 1.5
889.35 2.5
892.57 3.3
899.79 1.0
900.77 2.7
903.46 3.9
904.58 8.3
905.47 28.4
906.35 8.4
908.73 3.0
914.66 3.1
917.44 3.3
923.48 125.3
924.53 45.2
925.52 1.2
927.32 2.3
928.49 7.3
931.70 1.4
935.62 12.2
936.27 4.9
938.57 2.1
944.41 11.5
945.49 38.2
946.50 14.7
947.32 3.0
950.47 4.3
955.27 5.9
957.02 10.3
959.75 4.8
960.59 2.0
962.49 32.5
963.55 25.2
965.79 7.7
966.77 1.9
972.78 21.8
973.61 40.6
974.36 17.9
975.30 4.5
976.41 3.2
977.25 6.4
978.08 10.1
978.76 5.2
982.69 2.3
985.38 2.9
988.89 1.0
990.59 68.5
991.47 194.0
992.46 92.6
993.88 36.6
994.56 318.5
995.50 130.9
996.50 11.9
997.86 2.6
1003.16 3.0
1007.71 2.2
1012.57 3.5
1017.55 7.6
1018.80 1.7
1020.72 1.4
1023.63 2.7
1030.60 6.8
1031.61 2.8
1038.47 6.2
1040.33 4.1
1051.88 1.0
1053.36 1.2
1055.63 4.5
1056.33 5.2
1057.56 18.3
1060.48 1.7
1063.56 3.5
1070.86 2.2
1072.58 3.1
1073.62 39.4
1074.52 41.7
1075.54 9.8
1076.76 1.2
1080.95 1.9
1081.60 4.3
1086.59 3.8
1087.47 1.0
1088.50 7.3
1089.84 1.3
1091.46 131.0
1092.51 74.5
1093.50 21.2
1103.80 10.0
1104.51 157.3
1105.57 47.7
1106.75 7.5
1109.51 627.5
1110.59 355.4
1119.52 26.9
1120.54 23.1
1134.83 3.6
1137.65 6.5
1197.40 1.2
1200.90 2.4
1214.16 1.9
1215.28 2.8
