1497.73564 2
215.02 6.8
216.04 2.1
217.39 2.5
224.33 4.6
225.22 12.9
227.88 2.9
233.15 13.1
236.98 1.5
240.09 3.4
241.34 13.6
242.17 12.7
243.17 1.3
244.32 9.2
245.05 2.4
249.17 1.7
253.03 8.3
254.17 2.1
259.20 3.5
261.07 4.8
262.32 1.8
263.45 4.1
266.56 4.6
268.27 2.5
269.11 3.8
272.96 1.4
275.15 1.0
276.30 10.7
277.11 4.6
281.21 6.3
282.34 1.5
283.54 1.4
287.36 2.8
289.18 2.4
290.02 7.1
293.05 2.5
294.12 6.1
302.10 3.0
304.21 1.3
310.39 2.7
311.19 5.1
316.14 37.9
317.40 2.1
318.62 1.9
320.05 3.4
321.22 7.7
324.32 4.8
325.39 6.7
326.37 1.2
327.18 5.5
328.29 5.8
331.25 1.9
332.48 1.8
335.04 2.5
337.93 5.0
338.54 2.1
342.42 5.0
344.49 3.2
345.29 18.0
346.25 2.1
347.22 4.6
349.50 1.9
355.34 8.2
359.30 1.9
363.24 7.3
365.33 2.6
366.04 3.5
367.45 15.6
368.38 1.6
369.28 2.8
375.28 2.7
376.07 3.7
377.77 5.4
379.41 1.9
381.05 2.6
382.26 13.3
383.21 2.3
384.52 8.8
385.26 17.3
386.32 2.1
388.06 2.0
394.26 8.7
395.32 3.9
396.47 1.7
399.36 7.7
402.33 20.2
403.29 11.7
404.51 4.3
405.68 4.5
408.50 9.1
409.96 2.3
411.26 6.6
412.14 2.9
413.43 2.7
415.33 4.6
416.39 8.7
418.26 1.2
420.27 81.0
421.38 14.8
422.99 1.1
426.44 12.4
427.36 2.8
428.15 2.1
429.21 26.4
430.12 1.9
434.38 24.7
439.99 2.1
443.81 4.1
444.61 2.6
446.33 76.9
447.28 47.6
448.28 8.8
450.14 6.4
451.14 5.1
453.33 4.3
454.17 3.8
456.24 2.4
461.35 2.5
464.28 805.1
465.41 82.1
466.56 7.5
468.27 4.7
469.35 12.3
470.40 8.2
473.10 3.5
474.20 3.9
477.33 7.1
482.23 5.7
483.72 7.6
484.54 2.6
486.24 5.9
487.17 2.0
490.40 8.1
493.25 1.4
494.92 12.4
497.38 1.2
498.13 1.6
500.51 3.8
502.47 3.3
503.26 1.5
505.34 3.1
506.50 3.5
507.27 2.0
509.26 4.5
510.30 1.2
511.23 3.3
515.32 1.5
519.29 5.8
520.26 7.8
523.75 9.6
527.17 3.6
527.96 1.2
529.91 5.5
530.80 3.0
533.71 9.5
535.39 24.8
536.23 27.1
537.23 16.0
538.07 4.4
539.27 5.1
540.39 8.0
541.58 13.1
542.54 9.4
543.55 3.6
544.46 4.1
546.12 13.8
547.34 7.4
548.52 10.5
550.65 1.9
551.42 7.5
553.00 14.7
555.45 1.4
557.74 6.0
559.07 9.1
560.52 12.6
561.58 10.0
562.37 22.6
563.40 8.8
564.33 20.7
567.04 3.6
568.25 1.9
570.03 102.4
570.69 3.2
571.69 4.0
573.39 1.2
574.46 5.1
575.52 1.6
577.25 26.1
579.33 32.6
580.34 4.1
581.40 3.4
583.02 125.0
584.02 32.5
584.71 5.0
587.87 3.4
589.41 2.0
591.88 601.8
592.55 193.3
593.75 1.2
597.38 14.8
599.16 1.9
600.31 13.6
601.33 13.2
602.43 2.6
603.09 2.5
605.20 10.6
606.33 1.5
607.98 6.1
609.79 10.7
610.47 1.3
613.47 788.4
616.39 2.8
617.22 3.7
618.56 16.7
619.55 5.5
620.65 5.5
621.45 19.1
623.53 7.5
629.11 1.5
630.07 2.2
632.38 1.0
633.40 5.0
634.72 42.9
635.39 49.3
636.36 1.9
639.45 5.2
640.40 9.3
644.99 2.9
647.30 8.0
648.05 2.1
649.20 4.3
650.11 15.4
650.72 8.2
651.35 4.5
653.03 8.5
654.25 12.8
654.90 3.5
656.04 13.2
656.94 14.4
659.35 6.0
662.17 8.5
663.31 6.0
664.34 4.1
665.75 7.0
666.93 16.9
668.74 3.1
669.79 10.0
670.95 3.4
671.86 4.1
672.91 4.6
674.24 14.4
675.11 1.7
676.63 7.2
677.57 10.9
678.76 25.1
680.46 3.6
681.44 2.7
682.54 4.0
683.34 5.2
684.06 11.7
685.25 9.4
687.73 24.7
689.12 24.7
690.30 22.2
691.47 11.6
692.47 19.3
693.11 3.6
693.76 4.4
695.22 1.3
696.49 75.7
700.92 9.5
702.47 11.3
703.60 36.0
704.65 7.9
705.71 95.1
707.74 30.6
708.61 5.7
709.72 59.3
710.52 27.7
713.40 12.4
714.29 32.6
715.37 2.4
716.70 14.3
718.36 116.5
719.32 200.0
720.36 31.5
721.30 1.7
722.78 45.5
723.63 4.3
724.47 8.6
725.59 15.0
727.30 297.7
727.95 192.5
731.30 187.7
732.16 225.2
733.00 50.0
734.56 66.9
735.47 1.4
736.58 3.2
737.53 8.1
739.67 3.3
740.67 201.8
741.45 6.7
763.88 2.2
765.38 1.4
766.57 6.1
767.81 2.8
768.47 8.3
769.37 6.8
772.66 1.8
773.54 7.1
774.31 3.9
776.56 11.0
780.80 1.2
782.25 15.1
783.87 10.7
785.61 3.2
788.50 3.8
789.36 9.5
790.67 1.2
792.50 11.6
793.31 1.2
794.60 13.2
803.90 2.7
805.30 3.0
806.75 4.9
810.33 1.0
811.47 11.0
812.45 2.0
813.72 2.1
814.61 5.7
815.27 2.0
817.40 5.0
820.54 9.0
821.60 6.6
823.06 3.5
828.14 1.6
828.89 3.4
830.21 1.8
833.32 1.1
835.55 4.5
836.63 1.0
838.39 4.5
845.68 4.6
848.56 7.8
849.65 1.0
851.58 10.7
852.45 3.0
857.43 5.8
860.52 4.8
861.72 5.0
862.33 4.5
865.25 1.4
867.60 1.1
872.48 5.1
876.17 4.8
878.26 16.1
879.12 3.3
879.81 18.5
880.49 3.7
883.51 11.9
886.63 1.3
891.45 24.6
892.44 4.3
896.44 17.1
897.53 6.1
898.23 3.6
899.08 2.1
900.65 5.8
902.75 3.7
903.45 8.2
904.09 2.2
904.99 7.0
907.82 7.3
909.38 2.8
910.49 1.1
916.54 20.1
917.51 13.4
918.54 17.0
919.53 29.9
920.47 10.8
922.54 29.1
923.31 10.0
926.49 3.8
930.57 5.5
932.70 1.5
934.52 13.9
935.58 5.5
936.61 42.5
937.61 13.4
938.54 9.5
939.49 16.0
940.38 3.1
941.04 1.2
945.36 6.1
946.32 2.9
947.34 7.3
949.67 6.4
956.45 1.7
959.65 4.3
962.63 33.9
963.79 11.2
964.69 9.5
965.55 5.5
966.30 3.3
974.45 2.3
976.14 11.4
980.18 16.6
981.73 5.2
982.50 1.4
988.27 2.0
990.40 12.5
991.89 6.0
992.66 10.2
998.72 4.5
999.77 12.9
1006.29 10.4
1008.54 22.7
1009.48 25.9
1010.45 20.6
1011.62 2.9
1012.56 2.4
1016.21 12.7
1016.87 4.2
1017.52 45.7
1018.53 8.4
1019.82 1.4
1022.68 3.4
1026.83 8.4
1027.63 4.9
1030.01 2.1
1034.55 1214.6
1035.56 540.9
1036.96 10.0
1046.37 2.2
1047.68 5.3
1050.56 2.7
1052.67 17.3
1053.46 22.0
1064.69 3.5
1070.39 3.3
1073.65 2.8
1077.57 3.5
1078.54 1.4
1087.59 3.1
1090.36 13.4
1091.55 2.5
1092.59 5.1
1097.32 5.1
1100.44 2.8
1101.60 4.1
1102.38 1.8
1104.69 4.9
1105.76 5.6
1107.58 7.1
1108.70 2.9
1109.71 1.9
1113.83 3.7
1117.61 9.2
1122.42 48.4
1123.52 20.3
1125.05 1.3
1133.59 2.8
1135.73 19.5
1136.75 2.0
1138.67 4.2
1153.60 1.6
1160.32 3.2
1161.81 3.8
1165.35 20.3
1166.39 5.8
1176.02 3.4
1177.04 5.0
1178.62 4.8
1182.59 1.4
1186.95 3.9
1187.73 7.1
1189.95 5.5
1192.63 1.2
1194.70 11.8
1198.64 3.9
1199.63 9.3
1204.89 7.5
1205.69 8.6
1216.08 6.7
1217.65 1.4
1222.45 13.0
1223.67 5.0
1234.13 5.8
1234.79 1.2
1237.36 1.5
1238.00 1.2
1240.39 6.6
1241.02 5.2
1241.84 2.4
1242.81 2.3
1243.54 1.1
1250.12 4.2
1251.47 13.8
1252.74 6.3
1260.84 1.0
1262.83 8.3
1276.41 6.7
1277.76 5.5
1278.61 1.2
1279.49 16.2
1280.87 5.6
1287.71 6.9
1289.09 6.4
1294.57 9.0
1295.87 27.2
1296.89 14.3
1297.71 2.8
1305.51 54.8
1306.56 22.6
1323.75 19.9
1324.68 16.9
1325.72 1.0
1327.58 2.4
1340.96 4.2
1341.86 59.3
1342.66 32.3
1343.47 2.5
1351.77 3.6
1368.74 2.0
1477.09 2.0
