1124.597420000001 3
112.14 3.6
117.09 3.5
118.23 3.8
120.18 6.6
121.13 1.2
121.90 5.9
123.14 3.4
127.26 4.6
128.14 98.1
129.15 17.6
130.12 26.4
131.08 2.8
133.20 8.7
134.30 1.8
135.11 4.3
136.11 14.2
137.16 2.2
138.23 9.3
140.49 4.2
141.30 3.9
142.04 5.3
142.96 2.6
147.07 19.7
148.28 3.4
149.26 8.8
150.23 7.6
151.09 6.4
152.05 1.3
153.11 1.6
155.11 4.9
156.04 2.5
157.21 4.7
158.29 4.1
159.20 5.2
160.09 11.0
161.16 17.0
162.09 31.2
163.01 7.4
164.08 8.3
165.10 1.6
166.10 5.2
167.06 5.2
169.19 12.4
169.99 3.5
170.95 4.9
172.29 1.9
173.80 16.8
175.02 25.2
176.28 3.8
177.29 2.4
178.11 3.6
179.10 7.2
179.82 4.1
182.27 16.3
183.22 37.0
184.18 13.3
184.87 1.1
186.38 5.8
187.23 8.2
187.83 1.7
188.83 9.8
190.15 2.9
193.13 2.9
194.31 3.3
195.40 8.1
196.09 6.5
197.02 8.7
199.26 12.9
200.12 1.1
201.84 8.9
203.33 7.7
204.96 12.3
206.48 1.9
207.19 2.2
209.24 1.8
210.26 11.2
211.06 23.6
212.25 5.6
213.05 4.1
214.09 7.6
215.06 15.2
215.98 4.9
217.10 4.8
218.14 7.4
219.04 9.8
221.49 15.6
222.21 4.4
225.20 6.9
226.07 29.1
227.16 9.4
228.40 4.3
229.24 11.8
230.55 37.1
231.41 7.7
232.26 15.1
233.29 10.9
235.20 28.2
236.22 12.4
237.22 13.5
238.29 3.5
239.17 3.3
240.26 19.6
241.03 2.2
242.34 9.9
244.15 11.1
246.11 1.8
247.37 13.9
248.13 8.0
249.23 6.3
251.26 3.0
253.09 5.5
254.23 36.3
255.22 28.8
256.35 13.6
257.35 11.1
258.27 39.0
259.05 16.4
260.17 15.4
261.01 29.8
262.13 30.2
263.14 11.5
264.26 2.4
265.29 3.4
267.33 4.4
268.30 4.1
269.21 4.4
270.33 10.2
271.17 16.2
272.09 10.8
273.54 5.2
274.30 7.8
276.20 169.7
277.40 27.6
278.49 11.4
279.16 9.0
280.17 10.9
281.19 16.0
282.18 8.1
283.13 1.8
284.21 22.6
285.19 6.2
285.98 6.8
287.06 11.7
288.25 14.0
290.15 20.1
291.10 9.7
292.48 8.3
293.32 6.4
294.45 2.6
296.23 26.3
297.26 4.1
298.23 30.1
299.46 12.7
300.32 9.4
301.75 16.6
303.09 20.2
304.08 7.2
304.78 7.7
306.32 15.7
307.12 3.4
308.46 5.5
309.18 2.6
310.77 26.9
312.06 23.3
313.19 10.8
314.06 5.8
315.09 160.0
316.23 261.5
317.44 48.8
318.34 41.9
319.20 54.7
320.13 7.4
321.65 12.3
322.41 15.6
323.37 21.2
324.23 20.9
325.01 25.8
325.68 16.8
326.71 16.4
327.44 1.6
328.33 10.8
329.29 30.0
330.24 32.9
331.16 33.2
332.40 29.7
333.45 31.5
334.36 6.7
335.54 38.9
336.29 11.3
339.11 26.4
340.19 76.9
341.27 8.2
342.20 33.5
343.38 8.0
344.36 33.5
345.58 28.7
346.41 17.0
347.07 7.0
348.35 22.2
349.17 3.1
350.68 10.7
352.01 67.7
353.00 12.6
354.23 18.2
355.44 5.7
357.28 1028.5
358.22 554.2
359.18 140.2
360.11 6.3
361.32 53.3
362.22 2.2
363.98 374.8
366.20 90.4
366.82 81.4
367.60 26.1
369.19 1.6
376.13 1.4
381.24 2.3
382.00 4.4
384.75 5.4
392.75 72.0
393.43 39.6
394.80 2.7
399.27 7.1
401.84 83.5
403.18 2.1
405.43 8.8
409.23 4.9
409.90 3.8
418.24 1.6
422.51 6.1
424.63 15.0
425.26 127.7
426.29 33.6
432.43 9.0
438.37 53.5
439.43 12.3
441.84 20.9
442.70 15.4
445.79 6.2
449.52 144.2
451.92 2.1
454.30 3.9
455.20 11.0
456.12 3.2
457.19 1.8
458.29 99.6
460.32 62.5
461.38 1.8
462.80 22.3
463.41 9.5
469.66 29.8
470.69 5.0
471.76 4.7
472.37 11.8
474.22 4.4
475.24 8.9
480.69 9.4
481.34 21.4
486.41 4.9
488.66 19.9
489.43 83.1
490.52 8.1
492.26 3.2
496.52 13.0
497.55 18.9
498.51 11.0
499.41 5.3
502.48 1.1
504.46 3.6
505.95 24.0
506.76 19.3
508.01 1.3
509.23 6.9
510.67 7.7
512.13 4.4
516.35 4.5
520.48 3.6
522.29 3.0
523.30 2.1
527.25 4.3
535.31 26.3
536.52 12.5
537.22 3.5
538.27 2.8
541.52 1.8
547.40 2.6
552.33 261.4
553.43 92.4
554.33 74.7
554.94 72.0
555.55 2.7
558.33 3.6
565.34 11.3
566.03 5.5
568.26 1.6
570.30 10.9
571.43 4.0
572.36 2.7
573.26 7.8
582.26 1.1
585.53 3.8
586.43 1.4
589.73 5.3
593.53 1.3
595.40 3.8
603.51 2.9
625.31 5.3
627.56 2.4
630.71 2.2
634.02 4.4
635.53 1.4
636.39 3.4
637.62 3.2
647.55 1.4
650.30 2.3
651.51 2.0
652.61 3.9
656.23 1.7
661.61 3.1
665.59 23.4
666.60 1.2
667.48 4.3
669.38 2.9
670.28 1.7
721.41 2.9
722.45 1.2
726.32 3.2
729.54 10.9
738.15 2.5
750.47 4.6
785.40 3.6
