856.52928 2
121.32 5.2
122.13 1.3
123.32 9.2
125.15 20.8
126.25 1.9
127.50 27.7
128.18 445.6
129.12 61.1
130.21 33.7
131.19 7.1
131.97 3.4
133.18 31.6
134.20 9.5
135.25 21.6
136.22 11.6
137.25 22.7
138.50 13.9
139.22 10.7
140.04 7.2
141.17 15.7
142.17 6.5
143.39 21.5
144.09 28.3
145.14 12.0
146.26 12.2
147.15 27.1
148.13 11.0
149.24 15.7
150.16 1.7
151.20 75.4
152.28 20.5
153.25 6.9
154.07 10.7
155.24 19.4
156.19 37.9
157.12 33.4
158.46 8.0
159.39 25.6
160.07 54.0
161.24 20.4
162.13 175.5
163.30 35.0
164.11 14.2
165.28 15.0
166.12 13.0
167.21 15.9
168.31 6.0
169.21 3.3
170.36 47.6
171.34 22.7
172.12 6.4
173.25 35.9
174.25 71.2
175.18 37.0
176.18 20.5
177.22 36.3
178.15 12.3
179.23 13.4
180.23 21.6
181.11 8.5
182.13 15.9
183.24 21.9
184.22 13.4
185.23 98.3
186.25 21.6
187.20 13.3
188.20 3.1
189.31 28.1
190.21 7.1
191.21 16.1
192.30 9.7
193.20 11.9
194.22 43.3
195.27 53.6
196.18 102.3
197.27 56.0
198.29 435.1
199.23 63.8
199.91 12.1
201.21 19.5
202.41 14.7
203.32 20.9
204.14 5.5
205.16 16.2
206.25 7.9
207.22 28.4
208.12 45.0
209.01 55.2
210.23 14.2
211.12 25.4
212.38 15.9
213.23 78.8
214.29 51.6
215.15 33.5
216.19 24.8
217.17 18.7
218.29 22.0
219.14 20.7
220.25 11.7
221.22 12.8
222.21 15.4
223.18 7.0
224.17 2.8
225.25 24.7
226.12 7.5
227.19 29.3
228.19 20.6
229.35 22.2
230.48 43.1
231.18 327.9
232.23 32.6
233.20 21.8
234.11 11.8
234.71 11.4
235.31 25.0
236.29 14.8
237.25 11.8
238.25 15.5
239.22 20.8
240.20 7.2
241.19 23.8
242.09 26.3
243.29 28.8
244.17 14.8
245.06 25.7
247.06 63.7
248.32 69.9
249.27 156.4
250.36 97.0
251.12 32.5
252.33 11.3
253.25 26.7
254.20 9.2
255.23 21.4
256.10 31.5
257.11 41.9
258.22 35.5
259.20 46.2
260.09 28.6
261.20 16.0
262.32 14.4
263.27 13.2
265.03 55.2
266.18 72.3
267.27 129.6
268.25 69.8
269.25 14.7
270.20 20.4
271.26 35.5
272.23 51.5
273.15 26.5
274.14 40.3
275.34 18.5
276.31 23.4
277.34 18.7
278.34 11.4
279.28 21.9
281.19 37.3
282.19 64.4
283.23 46.6
284.26 35.0
285.16 48.0
286.25 148.9
287.25 30.7
288.46 28.6
289.25 88.4
290.21 24.9
291.07 17.7
292.42 37.1
293.38 33.8
294.13 24.0
295.28 46.8
296.27 78.2
297.18 30.7
298.39 36.4
299.42 26.7
300.37 29.7
301.18 41.6
302.23 39.4
303.33 15.7
304.38 22.8
305.27 12.4
306.33 7.2
307.26 41.2
308.30 23.8
309.20 47.4
310.24 48.6
311.26 67.8
312.21 24.0
313.67 73.0
314.34 327.5
315.20 164.6
316.35 19.5
317.18 27.8
318.26 17.1
318.99 142.0
320.79 25.3
321.54 10.6
323.18 1265.8
324.24 229.3
325.16 36.4
326.22 31.3
327.59 23.3
328.31 20.0
329.21 43.5
330.16 19.6
331.38 19.2
332.34 7.5
333.45 17.0
334.28 11.1
335.28 68.2
336.17 17.3
337.19 41.6
338.29 26.8
339.22 73.2
341.08 2789.4
342.41 102.9
343.43 45.9
344.34 28.2
345.28 14.0
346.32 71.4
347.23 40.1
348.15 36.9
349.38 10.7
350.21 9.8
351.10 16.4
352.40 149.4
353.31 35.0
354.26 40.2
355.24 50.7
356.40 26.8
357.30 43.5
358.17 41.3
358.86 133.4
359.51 8.0
360.22 2.8
361.16 1.3
362.26 1.7
363.42 20.0
364.32 23.6
365.15 23.5
366.37 96.0
367.25 162.2
368.24 67.1
369.22 96.7
370.29 222.4
371.24 39.4
372.23 32.9
373.21 61.5
374.18 6.1
375.32 93.6
376.14 11.6
377.69 2.6
378.47 2.3
379.40 6.4
380.28 28.2
381.32 24.5
382.18 77.1
383.41 66.0
384.26 97.3
385.33 181.6
386.18 35.9
387.28 18.4
388.00 5.9
390.41 2.3
392.42 296.3
393.19 228.9
394.22 25.9
395.33 12.3
396.42 4.7
397.70 23.2
398.46 27.1
399.15 14.7
400.24 103.6
401.20 50.7
403.48 1.1
404.26 7.4
405.31 3.4
407.07 3.2
408.36 5.0
410.32 4981.1
411.26 1712.0
412.27 62.7
413.12 6.3
414.31 11.8
416.84 20.3
419.92 2185.3
421.06 21.2
423.22 4.5
424.16 3.9
425.14 2.8
427.33 2.1
429.21 3.0
436.13 4.8
444.49 1.6
445.70 3.7
449.95 5.6
454.38 21.0
455.50 8.5
472.36 396.7
473.41 53.8
478.01 20.2
503.37 1.6
512.14 4.9
527.33 3.5
549.13 29.9
550.25 5.0
551.56 3.9
560.18 3.9
562.71 10.7
571.38 122.6
572.46 37.3
581.55 2.1
585.16 3.3
615.65 8.2
616.66 2.9
619.34 2.3
632.24 2.9
647.95 1.3
654.55 9.0
655.17 1.1
672.47 689.2
673.43 183.9
680.17 7.7
681.53 1.7
682.63 1.6
709.48 6.2
725.60 60.0
726.54 34.7
729.44 8.2
743.43 321.8
744.60 97.1
756.04 1.1
782.61 2.2
821.01 1.2
858.63 3.5
