1081.48247 2
166.95 1.9
170.30 1.5
175.28 2.3
179.08 3.4
180.10 2.8
185.12 6.7
186.11 4.4
191.26 1.6
194.82 2.3
197.29 1.3
199.18 11.8
208.23 1.1
211.98 5.4
213.20 20.3
213.92 4.5
215.27 3.0
222.11 1.1
227.19 11.4
231.17 1.3
234.37 1.6
238.31 2.1
240.09 11.7
241.16 23.5
242.05 7.9
244.15 18.4
245.16 4.4
258.03 19.5
259.03 1.2
262.36 20.1
265.20 1.8
268.76 2.3
272.29 4.3
276.05 2.9
277.01 3.6
278.13 7.5
279.20 2.8
282.05 1.6
283.83 11.2
285.18 6.5
286.06 3.4
288.71 2.7
291.19 1.8
294.44 3.3
296.12 4.2
299.39 3.8
303.12 1.5
309.51 1.3
310.35 14.8
312.26 13.0
313.50 1.8
318.29 7.6
319.06 1.6
322.78 4.8
324.19 2.4
325.19 1.8
327.25 4.6
329.12 1.3
332.37 1.5
334.36 5.7
335.30 1.5
336.29 3.0
339.45 3.0
341.24 54.4
342.35 7.8
343.29 4.8
347.17 6.6
348.36 42.9
352.12 7.8
361.26 2.1
362.73 4.4
369.19 56.0
370.01 26.2
371.44 6.4
372.19 2.1
374.63 2.3
376.39 13.5
377.22 5.8
384.31 4.7
387.19 154.5
388.22 16.3
390.98 3.9
392.15 7.7
393.29 4.2
395.71 9.8
397.84 1.3
404.14 9.7
405.00 5.3
405.91 9.5
410.73 4.9
412.19 1.8
413.34 5.7
415.96 7.3
417.46 5.3
418.34 8.5
420.28 34.4
421.40 18.1
422.55 1.1
424.42 7.4
425.89 5.0
426.89 37.1
427.91 3.1
434.37 10.0
438.30 191.4
439.31 30.6
441.30 4.2
442.47 3.8
445.31 9.9
447.72 14.5
449.33 3.8
450.39 8.6
452.30 6.4
452.93 1.6
454.38 15.9
460.10 5.5
461.28 48.6
463.72 11.4
465.11 3.8
466.04 11.2
467.30 2.7
470.42 1.1
471.56 2.7
472.72 1.9
474.68 1.4
476.75 10.6
479.44 3.2
480.28 6.0
483.73 31.8
484.43 22.0
485.24 6.5
488.01 22.3
489.19 21.9
490.46 11.4
491.65 4.9
492.74 9.0
493.77 14.6
494.43 1.5
496.32 4.3
497.39 12.5
498.23 12.6
499.87 91.2
500.93 21.2
502.56 9.0
503.43 4.2
505.48 33.2
506.23 13.1
508.00 16.2
508.76 1.8
510.31 35.7
513.17 4.8
515.17 29.2
517.74 18.7
518.64 23.2
520.24 14.5
521.26 3.6
522.72 42.3
523.35 58.2
524.02 87.5
526.39 17.4
527.02 4.1
527.74 3.3
529.76 42.8
532.43 678.3
533.27 5.0
540.29 7.2
547.57 2.5
553.47 2.2
557.43 7.3
558.18 3.0
561.32 2.6
562.77 2.6
567.15 3.1
573.23 5.9
575.34 5.5
577.52 7.9
581.48 5.8
584.83 2.4
593.41 5.8
595.56 2.4
597.35 2.3
598.51 19.5
599.38 3.0
604.16 2.7
607.33 1.3
609.49 7.1
610.30 3.6
611.30 1.3
612.46 2.4
613.28 2.4
615.35 2.6
616.52 1.7
617.96 8.3
618.60 4.6
619.67 1.8
622.24 2.7
626.30 10.9
627.19 10.7
628.67 3.6
638.50 7.2
644.22 42.4
645.34 3.0
657.43 1.6
658.04 4.6
659.08 3.1
662.05 1.8
664.47 4.9
667.16 3.8
670.74 4.4
676.35 2.9
677.42 10.5
678.43 7.7
682.51 3.3
685.43 2.8
687.46 3.8
688.51 2.1
690.15 1.2
690.90 3.4
692.63 1.7
695.40 240.9
696.38 79.3
703.49 2.4
706.34 6.1
710.62 5.6
713.99 10.8
717.23 1.3
723.32 5.8
724.18 2.1
725.41 3.2
727.46 1.7
729.42 1.4
730.82 4.4
731.47 2.6
735.57 5.0
741.38 7.7
742.26 5.2
742.96 1.2
746.40 7.1
747.57 11.8
754.39 3.2
761.53 1.1
764.51 1.9
770.62 1.5
775.60 3.0
782.60 2.3
789.31 7.6
794.18 3.0
795.75 4.2
803.78 6.0
806.26 29.9
806.89 4.8
809.61 1.4
812.73 8.8
821.37 6.0
824.42 82.0
825.32 18.8
838.28 6.4
839.50 9.5
840.52 1.3
844.72 1.0
852.70 4.1
855.54 3.3
856.37 3.8
864.70 2.9
882.53 11.4
887.04 7.2
894.62 2.8
904.58 5.3
908.38 3.6
921.25 3.2
922.59 6.3
955.99 1.1
966.50 4.4
1041.43 2.4
