2211.107090000001 3
210.28 4.7
215.18 2.0
218.29 12.6
219.32 7.3
225.31 3.8
226.15 3.3
237.36 7.7
240.13 3.7
242.19 9.5
246.11 4.1
249.24 5.6
253.04 3.4
258.14 9.8
264.32 14.0
267.18 6.0
270.42 6.7
272.07 1.8
276.43 2.6
283.04 8.8
284.23 2.7
289.27 25.8
290.30 5.9
294.13 3.7
299.25 31.2
301.23 8.7
302.15 4.9
310.19 5.2
316.26 40.5
318.37 2.4
324.16 7.5
326.07 3.6
336.23 3.1
338.34 1.8
339.25 4.2
341.29 3.3
342.42 7.8
344.05 5.7
351.42 4.2
363.30 38.4
363.95 7.2
367.53 7.8
372.17 8.7
373.37 6.7
377.26 5.2
381.42 5.4
382.56 2.5
386.41 14.1
387.27 19.8
392.38 3.7
394.16 6.0
397.24 7.2
398.16 1.8
399.49 6.6
401.44 1.9
403.30 242.4
404.33 57.0
405.14 4.2
408.14 3.4
411.22 7.4
412.27 13.7
413.36 9.6
414.45 31.9
415.42 1.8
417.36 2.5
419.55 3.8
424.33 41.7
426.27 12.7
427.19 3.2
429.29 78.2
430.41 12.6
431.10 6.0
433.86 6.1
435.10 3.0
436.44 5.2
437.44 6.5
438.79 15.3
440.18 4.6
448.11 5.8
450.43 22.9
451.30 4.8
452.76 7.5
455.24 2.3
456.00 11.9
458.48 10.9
459.27 6.7
461.22 9.0
464.29 87.3
465.20 4.6
469.27 6.1
472.49 7.4
473.64 28.6
474.45 9.3
477.60 5.6
478.44 17.0
482.63 26.0
483.26 3.8
484.18 28.4
487.38 8.3
488.04 7.5
489.00 12.3
489.65 4.5
490.26 2.4
491.12 4.0
494.45 8.7
495.39 9.3
496.22 39.8
497.02 25.7
498.33 8.4
499.41 22.3
500.29 27.9
501.41 10.6
504.37 42.1
507.23 9.9
508.78 23.1
509.69 22.2
511.14 24.7
512.59 7.1
514.36 24.8
515.14 4.0
516.45 214.2
517.44 59.8
519.06 16.0
522.39 8.3
524.11 22.1
525.14 17.6
526.26 22.0
527.25 12.6
529.01 23.9
529.73 5.3
531.40 7.5
534.81 8.9
538.08 39.7
539.23 19.0
541.35 4.4
542.12 3.5
542.87 6.6
546.63 76.9
547.35 22.7
549.42 5.8
551.40 39.4
552.22 9.3
553.45 2.6
557.07 1.8
557.83 14.5
559.03 7.3
560.28 14.1
561.07 129.6
563.52 14.7
564.19 5.1
565.35 1.9
566.37 1.8
567.46 3.0
568.22 6.5
570.27 2.2
571.41 6.0
573.16 5.0
576.10 13.6
577.23 8.0
579.36 140.5
580.29 22.8
581.06 46.0
582.52 6.6
584.42 6.1
585.47 10.0
587.52 10.1
588.40 3.1
589.61 78.1
590.48 40.3
591.37 4.4
593.12 8.0
594.56 2.1
596.48 2.5
597.35 6.5
599.39 6.6
602.04 29.3
602.67 58.8
603.82 3.9
605.29 9.3
606.25 4.5
608.09 6.1
609.67 5.4
611.18 122.3
612.18 15.0
613.01 5.6
614.70 20.3
615.54 10.9
621.12 17.6
623.21 10.5
624.07 15.7
625.37 13.7
626.26 9.8
627.93 13.0
629.32 3.8
630.29 19.2
631.11 7.2
632.62 9.4
633.25 3.9
634.25 2.3
636.44 26.1
637.50 46.4
638.77 12.1
640.60 9.5
641.21 1.9
644.62 11.0
646.22 47.1
646.85 28.3
647.60 3.1
648.42 2.7
650.25 34.7
651.22 17.9
652.44 27.7
653.29 22.1
654.38 3.3
655.38 11.1
656.32 7.9
657.29 6.3
658.16 32.8
659.05 51.8
659.96 15.6
660.58 21.9
662.01 45.1
663.43 257.3
664.48 68.7
665.65 38.9
666.55 16.4
667.46 49.8
668.49 43.1
669.85 23.4
670.56 9.3
671.46 35.5
672.50 12.6
675.47 9.8
677.86 11.0
678.54 109.3
680.24 49.7
681.21 10.6
682.47 8.9
683.84 19.9
684.88 23.5
685.48 8.9
686.35 6.2
687.39 22.7
688.56 39.2
689.30 2.0
692.34 19.1
693.22 36.0
693.88 46.5
694.68 4.1
695.81 17.2
697.09 16.1
701.83 29.4
702.56 34.5
703.41 14.7
704.29 7.2
705.34 17.0
706.16 24.4
707.16 45.2
708.00 25.8
710.84 252.8
711.58 283.0
712.98 4.1
715.04 11.9
715.95 21.9
717.08 31.7
718.39 40.1
719.21 23.1
720.53 165.0
721.49 17.0
723.05 29.9
725.27 23.9
726.52 163.0
727.18 71.8
728.21 15.0
738.87 4.9
747.58 4.2
749.37 29.4
753.20 15.1
753.91 6.4
755.04 5.7
757.44 19.8
761.23 13.4
762.47 9.6
763.54 3.5
765.05 4.8
766.60 133.7
767.45 17.1
768.51 5.4
769.40 9.0
770.48 5.7
771.81 2.3
773.59 17.5
774.51 66.8
775.24 96.1
776.06 14.5
779.59 37.6
780.64 29.9
781.56 7.1
783.92 10.4
786.44 4.5
788.31 15.4
789.50 30.0
791.41 157.2
792.40 57.1
797.60 8.8
798.69 23.1
799.87 34.1
801.21 12.5
802.26 2.5
803.40 13.9
804.46 2.2
806.50 98.4
807.61 4.9
808.52 7.7
813.14 4.9
819.28 16.9
822.19 3.1
825.57 18.2
826.53 12.9
827.84 6.8
830.56 22.3
831.75 57.8
832.66 8.2
833.85 10.8
834.57 19.2
835.17 14.4
836.26 7.0
839.28 42.2
840.19 142.3
841.02 17.5
842.71 13.6
844.03 1.8
847.16 16.0
848.81 186.9
849.71 42.5
850.97 24.7
852.73 6.1
854.44 42.2
855.45 48.3
856.52 3.1
858.37 10.8
860.20 3.1
861.66 4.5
864.39 5.2
866.60 21.4
867.27 12.2
869.47 20.1
876.50 16.6
878.55 153.0
879.48 98.9
880.63 14.6
881.62 3.8
882.99 59.3
884.12 16.4
887.51 22.0
888.49 54.7
890.47 7.8
891.39 39.3
892.58 2.1
893.49 3.9
894.17 4.6
895.71 4.2
896.35 144.8
897.16 100.7
897.83 20.2
899.52 3.0
902.51 11.0
903.53 5.8
904.92 175.1
905.61 314.5
908.45 6.7
913.94 5.9
915.15 21.1
916.47 36.4
917.50 57.2
918.53 12.0
920.51 84.9
921.77 12.9
922.58 12.5
926.46 5.0
928.34 2.2
932.37 25.9
934.49 105.2
935.49 2.7
939.93 20.3
941.10 3.9
941.91 3.2
945.44 29.2
946.18 2.5
952.57 15.9
953.58 86.3
954.47 5.6
955.51 14.0
959.40 8.0
960.55 9.9
962.50 128.6
963.19 9.4
964.32 5.8
966.62 15.1
968.45 51.3
969.51 15.1
971.66 3.2
974.82 4.0
975.47 2.0
976.76 24.2
980.66 13.9
981.37 5.4
985.30 5.1
988.39 1.9
989.37 77.3
990.12 39.9
991.57 204.9
992.68 30.0
993.49 4.9
994.10 5.7
994.74 3.2
995.53 12.9
997.24 24.9
997.89 126.7
998.70 38.7
1001.51 18.7
1002.57 4.1
1003.67 1.9
1007.60 34.5
1008.55 6.0
1009.80 8.4
1010.57 7.2
1012.47 70.9
1013.80 11.0
1015.36 5.0
1015.98 14.8
1017.29 34.7
1018.64 17.0
1019.31 2.4
1021.76 2.6
1022.47 4.3
1024.23 58.5
1024.89 122.6
1025.73 31.3
1026.66 3.9
1029.80 11.0
1030.55 4.7
1033.20 293.3
1034.06 164.1
1034.85 53.4
1035.50 30.9
1036.77 11.0
1037.92 5.3
1041.17 19.2
1041.91 12.3
1047.61 62.3
1048.81 2.0
1057.76 5.1
1058.47 8.7
1062.66 6.0
1064.81 1.8
1071.56 8.9
1074.49 69.8
1075.54 71.9
1076.77 4.0
1079.59 4.5
1083.56 3.9
1088.47 3.6
1089.82 9.9
1090.55 2.8
1091.61 104.2
1092.71 96.6
1093.80 14.1
1102.07 2.3
1106.58 2.9
1110.62 5.2
1113.76 12.0
1120.56 91.9
1121.67 64.2
1122.40 6.1
1126.42 9.1
1128.74 9.0
1131.75 12.3
1137.62 4.0
1139.63 4.8
1141.77 7.9
1144.16 6.9
1153.89 3.1
1160.78 89.2
1162.55 2.6
1166.37 4.0
1170.73 3.6
1173.77 3.9
1177.67 35.9
1178.44 8.1
1182.31 6.4
1183.78 6.6
1185.55 19.4
1187.48 2.8
1195.30 4.9
1196.86 3.5
1200.69 8.9
1202.52 5.5
1203.74 40.4
1204.77 20.0
1207.13 1.8
1208.84 17.6
1213.85 6.5
1215.79 13.5
1217.25 3.8
1218.87 4.9
1219.58 3.2
1220.84 20.6
1221.72 16.1
1222.73 9.5
1228.35 2.8
1236.34 4.0
1239.77 3.5
1245.06 4.7
1247.84 5.6
1254.98 4.7
1259.04 5.0
1267.76 5.7
1271.40 2.6
1275.52 2.8
1289.73 11.2
1291.96 21.8
1292.63 4.3
1297.68 4.9
1299.44 14.0
1337.33 5.9
1341.66 3.0
1354.79 1.8
1373.71 5.2
1381.97 3.1
1386.51 3.4
1394.91 7.1
1403.86 4.9
1418.52 5.4
1432.52 7.8
1437.70 4.8
1463.69 3.5
1467.52 4.4
1468.97 2.1
1485.49 4.9
1493.97 2.3
1513.53 3.7
1514.97 4.6
1532.80 5.3
1551.17 1.9
1579.33 8.0
1581.04 2.2
1607.78 1.9
1635.90 5.5
1637.04 9.5
1662.06 6.0
1678.85 8.5
1723.42 15.5
1756.02 4.2
1767.02 5.4
1847.37 6.0
