672.4056899999999 2
97.31 5.9
98.28 1.1
100.15 12.9
101.19 42.3
104.22 3.4
108.13 4.4
109.12 1.0
110.09 3.7
111.05 23.6
112.10 53.1
113.26 4.9
114.06 5.0
115.07 8.8
116.23 2.0
119.23 1.4
121.41 3.2
122.21 11.2
123.11 5.3
125.17 6.8
126.16 12.3
127.09 30.8
128.14 172.5
129.20 61.8
130.08 119.1
131.21 9.4
133.09 6.0
134.32 3.9
139.23 16.8
140.16 23.7
143.24 5.0
144.09 9.1
145.14 6.7
146.15 2.7
147.15 5.4
148.10 1.7
149.28 11.2
150.16 4.0
150.97 3.0
152.22 4.2
153.20 3.6
154.16 6.5
155.25 14.6
156.35 4.0
157.35 2.8
158.45 5.8
159.16 8.0
160.17 8.3
161.42 10.0
162.15 18.7
164.13 11.6
165.08 3.4
166.10 4.4
167.17 8.4
168.09 2.3
169.19 3.3
170.07 3.3
173.20 2283.0
174.23 133.5
175.22 6.7
176.16 7.2
177.14 2.7
178.01 5.1
179.20 4.6
180.20 10.7
181.24 11.0
182.26 62.1
183.25 14.8
184.27 1.4
186.18 5.7
187.32 4.9
188.27 4.8
189.65 1.8
191.30 14.3
192.21 27.9
193.43 12.7
194.24 10.7
195.13 17.1
196.28 4.7
197.40 4.1
199.11 12.4
201.10 2371.8
202.18 119.3
203.00 9.8
206.15 2.1
207.21 15.0
209.14 210.0
210.20 992.0
211.18 6.3
212.37 1.8
213.21 3.8
214.17 18.5
215.30 10.7
216.56 11.0
217.33 9.6
218.14 28.3
219.08 6.3
220.08 4.6
221.15 11.7
222.16 67.4
223.16 43.1
224.24 9.4
225.28 11.5
226.21 12.7
227.20 79.7
228.14 25.6
228.92 13.7
230.11 2.8
231.12 8.4
232.31 6.3
233.26 26.0
234.26 1.2
235.11 6.1
236.06 1.7
237.02 14.1
238.22 19.4
239.17 10.0
240.29 10.4
241.20 9.9
242.16 9.8
243.08 19.6
244.21 17.4
245.09 11.8
246.31 18.6
248.25 6.8
249.14 3.3
249.90 12.7
251.10 9.2
252.23 8.7
254.05 83.6
255.16 238.1
256.18 84.4
257.18 7.6
258.33 12.8
259.20 4.1
260.85 9.8
262.23 35.0
263.31 12.1
264.72 12.0
265.63 12.9
267.17 7.8
268.26 10.7
269.35 7.3
270.08 9.6
271.03 4.5
272.24 74.8
273.30 17.4
274.10 12.9
274.80 9.8
275.96 13.4
277.12 23.0
278.35 29.5
279.13 18.8
280.16 19.7
281.18 2.2
282.22 2.9
283.33 4.3
284.56 19.8
286.44 13.5
288.09 92.3
289.27 10.5
290.27 40.6
291.26 37.3
292.27 29.7
293.32 88.5
294.21 13.5
295.34 15.8
296.32 4.4
297.36 22.3
298.06 3.8
300.43 21.1
301.25 27.1
302.32 16.9
303.21 4.8
304.21 6.9
305.68 10.5
307.01 12.1
308.25 26.9
309.21 8.1
312.10 1.6
313.19 16.1
314.51 7.6
315.20 3.6
316.31 2.5
318.14 197.2
319.21 296.4
320.21 47.7
322.33 25.2
323.79 3.9
327.86 2274.5
328.77 17.5
329.46 2.9
330.86 9.5
332.03 2.0
346.14 1.7
353.83 4.1
359.05 2.2
360.25 1.8
367.49 1.7
373.54 7.6
374.36 1.5
374.96 2.9
376.30 2.5
379.03 11.1
380.27 1.6
381.79 3.7
382.49 1.4
383.18 24.6
385.36 70.9
386.50 12.9
394.55 5.2
395.31 5.2
396.09 6.1
397.52 6.7
400.94 10.3
401.64 7.7
402.51 1.7
403.55 1.0
413.34 1.4
418.83 5.5
421.27 6.4
422.93 1.6
427.43 1.2
428.04 4.9
430.26 5.3
435.30 5.3
444.67 6.7
446.29 12.1
448.10 16.9
452.33 2.1
453.39 1.2
454.37 20.8
455.63 4.1
459.42 34.2
460.48 2.0
463.07 2.8
470.33 8.4
472.37 7550.9
473.35 1216.3
473.99 5.9
481.96 3.6
483.15 3.2
485.62 5.8
487.38 11.2
497.36 3.3
500.33 6.8
502.28 4.8
503.45 2.2
508.33 1.6
514.16 4.7
535.03 2.5
541.28 1.8
548.28 1.4
552.48 4.1
553.25 1.1
571.51 3.9
573.29 8.5
574.47 24.7
577.48 2.6
585.49 1.2
586.12 2.2
588.61 5.6
628.45 1.1
