1250.63994 2
193.11 53.5
194.30 2.0
199.43 1.2
206.19 1.8
212.24 2.3
215.32 1.1
220.13 1.9
220.86 2.4
222.29 8.4
223.18 1.1
227.23 3.6
232.13 102.2
233.13 2.7
238.25 1.5
241.25 7.9
243.18 7.3
246.86 3.9
249.20 4.5
251.76 2.8
256.06 1.1
259.06 3.0
260.90 4.6
262.07 5.5
263.15 1.2
264.05 1.3
268.15 2.2
269.23 1.8
270.10 3.2
272.30 2.1
276.48 3.5
277.24 14.7
279.20 6.8
281.00 1.3
287.49 1.0
290.05 1.8
293.55 1.6
295.02 1.9
296.29 2.5
302.41 3.0
305.18 28.5
308.02 1.2
314.69 1.6
320.18 1.5
322.28 101.5
323.28 2.1
326.41 8.8
329.40 1.7
331.24 85.2
332.17 23.4
333.18 12.0
334.43 3.4
342.24 5.8
343.44 7.4
347.21 8.5
349.09 1.3
350.24 140.1
351.24 5.3
353.29 2.5
354.39 2.5
359.29 14.1
360.54 1.4
361.39 3.7
371.13 4.0
373.09 6.1
380.10 3.3
382.51 6.0
385.39 5.9
386.49 1.6
387.95 1.8
389.39 3.8
390.11 2.1
395.35 5.0
398.29 1.3
399.52 3.5
404.04 2.3
405.01 2.3
407.20 1.1
410.49 3.2
411.62 1.4
414.34 2.6
415.01 2.0
415.65 1.4
421.60 2.8
426.86 9.9
428.97 2.7
432.30 301.5
433.39 23.8
434.20 8.3
435.06 2.5
437.44 1.3
439.09 2.0
439.96 2.5
442.56 13.5
446.50 6.8
448.30 1.3
449.30 1.2
451.24 10.8
457.31 13.5
461.14 5.4
462.15 8.5
465.11 1.2
466.03 2.6
469.04 9.7
470.16 5.1
473.61 2.5
474.30 6.9
479.27 214.6
480.36 25.3
484.01 1.4
487.47 12.5
490.43 9.2
491.86 5.5
493.44 8.7
495.24 2.2
499.22 3.0
500.38 2.7
502.29 3.2
503.50 1.8
504.27 5.3
505.37 13.2
506.10 9.6
508.38 3.4
509.42 12.7
511.32 11.5
512.18 19.9
514.30 1.9
519.58 14.3
522.09 2.4
523.47 6.1
524.16 8.0
525.46 5.0
526.35 19.1
528.40 12.9
529.85 6.4
531.36 249.5
532.48 52.1
534.23 17.4
535.31 10.3
539.50 4.5
540.46 11.6
543.37 7.2
544.29 1.9
545.27 5.1
546.13 1.6
547.40 34.1
548.30 3.1
549.21 8.2
550.49 6.5
552.58 13.2
553.48 4.9
554.58 8.9
555.83 6.3
557.97 6.2
559.32 4.7
562.24 7.4
563.32 16.0
564.30 23.7
564.94 1.3
565.96 8.4
567.02 16.7
567.71 7.7
569.06 11.6
571.36 11.8
572.30 5.0
574.20 27.9
575.64 2.8
577.39 2.7
579.39 1.5
580.16 5.2
581.33 8.0
582.36 8.8
583.38 3.7
584.44 6.7
585.20 17.6
586.24 9.6
587.32 5.2
589.93 6.4
591.10 9.6
592.27 139.4
593.09 18.0
594.24 44.3
595.13 31.9
596.58 13.9
597.63 5.0
598.78 2.3
603.41 124.0
604.48 27.2
607.29 70.0
608.05 129.8
609.19 24.4
609.89 3.1
610.54 2.4
611.67 36.5
613.24 9.2
614.50 4.0
616.56 60.1
617.49 18.7
641.73 13.7
642.66 25.6
643.43 1.7
646.48 2.7
647.14 4.6
647.82 3.3
653.49 2.3
659.48 256.3
660.45 11.2
663.09 2.1
671.48 6.2
675.28 13.7
678.22 2.2
679.65 2.4
681.15 2.7
682.65 2.0
685.35 3.1
689.54 15.5
693.30 2.2
699.76 2.3
702.50 2.3
703.31 6.3
711.50 5.0
713.37 6.1
714.72 9.1
716.42 9.3
718.50 2.3
720.28 122.8
721.21 21.6
723.36 2.7
724.19 5.9
726.06 3.0
727.46 1.3
731.92 11.2
737.81 2.8
744.56 6.5
746.34 1.1
748.45 2.2
750.95 9.7
754.50 5.8
755.91 5.1
760.08 4.5
762.30 1.4
772.49 149.7
773.43 34.7
774.58 6.6
784.77 3.9
791.15 6.9
792.34 4.2
800.63 6.9
801.60 2.9
802.42 22.2
803.47 3.0
809.72 3.3
815.65 2.1
817.47 5.5
819.41 210.1
820.50 31.4
824.41 2.0
827.44 3.6
831.40 5.1
832.72 5.2
834.50 8.8
838.34 1.4
843.36 5.1
844.00 2.3
846.44 2.4
847.57 3.3
850.70 2.5
858.11 6.7
865.66 9.8
869.01 1.4
872.30 2.3
873.49 4.2
876.50 6.1
883.54 5.5
884.60 19.4
885.60 12.6
888.13 1.3
889.42 3.3
892.67 4.6
901.55 444.5
902.54 125.9
903.34 13.4
907.64 4.7
912.52 1.3
920.43 35.4
921.62 9.4
925.57 2.3
939.55 2.5
943.16 4.7
959.52 2.2
967.73 1.9
969.12 3.9
970.94 6.5
979.56 4.0
983.58 7.1
984.56 9.4
985.86 2.2
989.58 1.0
991.50 4.6
994.81 1.7
1001.37 95.7
1002.47 25.5
1003.62 2.0
1012.70 17.0
1013.61 3.4
1019.45 22.6
1020.51 2.2
1021.40 5.3
1030.58 14.2
1031.69 3.8
1037.55 5.2
1043.50 4.2
1046.32 3.7
1059.58 3.4
1060.92 5.1
1063.84 2.1
1076.61 15.6
1077.57 6.5
1090.20 3.0
1109.22 2.8
1146.64 2.9
1193.92 3.0
