1851.83965 2
258.21 3.2
276.30 18.3
280.94 3.1
282.12 1.1
283.14 12.8
288.19 1.5
289.32 8.9
292.04 2.6
294.15 4.7
299.13 3.3
304.21 6.1
306.78 1.1
311.21 11.2
312.98 8.0
314.75 2.5
315.35 2.2
321.25 3.3
323.11 1.1
325.44 1.5
329.34 1.6
331.18 11.0
333.26 12.2
335.15 5.0
338.27 3.9
339.30 1.9
340.09 7.2
341.37 2.9
345.19 2.3
350.28 3.8
351.61 3.9
352.27 6.7
353.66 3.7
355.21 2.0
357.04 8.5
358.25 2.0
367.20 2.2
368.72 4.4
370.26 22.1
372.11 7.6
373.35 18.1
377.50 2.4
381.27 1.1
383.59 2.6
384.44 5.1
385.43 11.8
387.23 2.7
388.33 2.8
390.31 31.0
392.26 8.0
395.30 13.4
396.37 3.5
400.05 1.2
405.08 8.5
406.08 8.9
408.12 3.3
409.23 10.2
411.25 3.5
412.20 24.3
416.33 6.1
417.31 4.3
418.34 5.2
419.25 2.0
422.54 12.5
423.23 18.2
426.70 3.2
427.48 11.2
428.39 6.7
429.43 45.3
430.30 34.7
433.50 1.1
435.42 5.4
437.29 8.6
439.08 2.1
442.11 4.2
443.27 1.5
447.30 440.6
448.25 21.9
450.97 1.7
452.13 6.5
453.17 5.0
454.14 4.8
455.23 1.6
456.87 2.9
459.27 2.5
460.22 2.9
462.70 9.0
465.14 8.1
469.44 5.7
473.52 1.4
475.15 6.9
476.25 7.2
476.88 1.9
480.08 6.4
482.27 3.9
483.36 23.5
485.93 7.3
486.62 14.6
487.41 22.9
488.50 1.9
491.34 7.3
492.76 4.5
496.47 2.3
498.11 2.0
500.00 10.5
501.38 3.6
502.27 7.9
504.33 209.5
505.38 33.7
506.14 4.6
506.96 5.1
509.37 5.3
510.25 18.4
511.41 4.8
512.18 10.0
515.06 1.2
516.34 13.7
518.29 9.3
519.31 2.4
520.21 3.1
522.36 6.9
523.41 5.2
525.46 6.4
526.39 11.5
528.51 13.7
529.22 1.6
530.14 8.9
531.32 5.3
533.30 6.7
534.25 5.3
535.24 9.5
536.43 3.7
538.22 1.0
540.19 1.5
542.14 2.1
543.19 1.7
544.34 3.4
547.23 5.0
548.40 8.0
550.07 1.9
552.32 22.8
553.23 6.3
558.36 12.2
560.43 4.4
562.15 1.7
564.19 12.1
565.19 3.3
566.85 6.8
568.28 4.9
570.11 14.7
571.17 5.2
572.53 3.9
575.30 16.2
575.96 4.9
578.41 1.7
579.36 5.7
582.52 10.0
583.51 1.2
584.44 5.2
585.29 1.5
586.45 4.3
589.54 8.9
593.31 3.6
594.28 4.0
597.72 1.9
599.44 8.4
600.34 2.5
602.17 8.2
603.62 8.0
604.37 14.8
606.28 6.1
607.15 1.5
610.25 2.7
611.35 21.8
612.76 3.4
615.35 36.2
616.31 37.5
617.44 8.5
618.34 5.2
619.36 2.5
621.16 24.4
622.21 8.0
623.35 2.5
626.25 1.2
627.71 1.0
628.48 4.9
629.42 4.8
630.37 16.2
631.54 5.8
633.35 297.8
634.24 6.9
634.88 1.9
635.54 3.6
637.55 3.7
638.70 5.9
639.40 54.3
640.40 12.3
641.71 4.5
642.43 1.3
644.55 13.9
645.43 13.2
646.30 17.0
647.33 1.0
648.50 3.2
649.10 2.5
649.71 4.6
650.67 2.1
655.22 1.6
656.60 13.3
657.31 30.3
658.33 19.9
659.47 1.9
660.47 8.3
662.31 1.8
663.45 6.0
664.19 9.7
665.28 4.6
667.70 2.7
670.71 4.6
672.40 55.1
673.49 60.4
674.33 3.1
675.45 31.8
676.25 7.2
677.30 1.3
678.36 3.3
679.79 4.5
680.43 1.2
681.05 6.3
683.14 7.0
685.18 7.9
687.09 5.5
688.36 7.7
690.40 989.3
691.35 111.7
692.29 5.6
697.48 15.0
699.55 5.3
700.79 5.0
702.96 4.4
704.25 14.0
705.23 18.9
706.25 26.4
707.75 11.1
708.48 4.0
709.29 4.2
710.65 9.8
712.17 2.3
713.44 3.9
714.94 8.6
715.68 1.2
716.34 11.1
717.23 13.6
718.06 9.0
722.26 9.9
723.34 8.6
725.82 4.0
727.30 12.1
729.28 18.7
730.34 24.3
731.24 22.8
732.91 29.4
733.61 10.7
735.25 10.6
736.56 2.4
739.05 2.4
739.94 12.2
741.73 17.3
742.54 17.3
743.37 5.4
744.39 35.3
745.47 14.3
746.25 12.7
747.37 245.2
748.53 70.7
749.24 12.2
750.29 24.2
751.26 4.6
752.30 5.0
753.17 6.3
755.31 1.9
756.50 19.3
757.54 6.4
758.86 62.0
759.49 105.6
760.45 85.8
761.68 5.1
762.35 90.2
763.43 3.0
764.47 10.2
765.93 11.3
766.59 2.0
768.42 36.9
769.06 4.6
769.69 3.7
770.49 5.5
771.35 6.1
773.51 23.5
774.39 50.0
775.18 33.5
777.41 1741.5
778.56 236.7
780.64 14.0
781.50 7.3
782.86 9.2
785.52 15.0
786.22 5.6
786.90 2.7
788.43 20.3
790.30 16.6
791.34 13.2
792.38 9.4
793.29 6.7
794.67 8.6
795.65 19.9
797.09 8.1
798.33 3.0
799.44 2.1
800.26 11.5
801.34 14.0
803.20 22.8
804.30 87.6
805.13 12.5
806.48 9.4
808.50 18.3
809.58 10.8
811.31 18.2
812.33 18.4
813.19 84.6
814.40 3.3
815.22 5.2
816.49 62.2
817.53 55.5
818.52 28.3
819.94 21.2
821.02 18.9
822.37 9.9
823.58 20.9
824.35 1.6
825.48 9.4
827.17 29.1
828.24 12.2
830.45 34.3
831.27 71.1
832.24 19.1
834.41 712.3
835.53 155.3
836.84 12.8
838.11 8.4
839.43 74.0
840.35 8.8
841.18 2.5
842.34 7.3
843.47 13.6
844.71 29.8
845.70 18.0
846.54 21.0
848.23 68.3
849.31 70.7
850.35 14.3
851.57 11.8
852.91 84.0
853.58 28.1
854.22 19.8
855.67 12.9
856.76 21.5
857.60 22.7
858.72 82.9
859.47 45.4
860.51 27.4
861.64 38.0
862.45 6.2
863.88 19.0
864.70 8.6
865.50 17.5
866.38 10.8
867.36 3.5
868.40 4.5
869.28 32.2
871.16 35.3
872.41 43.7
873.64 91.8
875.32 121.7
876.68 29.3
877.62 26.4
878.89 10.7
880.29 39.5
882.26 30.9
882.93 15.6
883.70 29.7
885.67 43.1
887.38 171.9
888.38 28.0
889.28 18.8
890.54 443.8
891.52 89.5
893.38 3.2
894.43 25.8
895.17 33.3
895.93 41.0
896.84 13.0
897.49 2.1
899.05 51.7
899.71 159.6
900.92 34.5
902.09 12.1
903.66 36.8
904.83 47.0
905.62 41.3
906.47 18.4
908.69 779.2
909.57 95.1
911.05 29.1
912.13 31.9
913.09 6.5
914.64 6.2
915.56 3.2
916.37 3.1
917.33 5.2
927.93 2.6
929.33 1.5
931.49 1.2
934.21 8.6
935.40 3.7
936.87 3.0
938.52 65.8
939.42 6.5
940.37 4.5
941.94 3.8
944.32 137.5
945.44 46.0
947.42 104.1
948.55 35.5
950.64 4.0
952.82 11.0
953.58 15.4
955.41 8.0
956.41 11.3
957.36 14.9
958.13 1.6
959.42 1.3
960.61 6.0
962.34 105.9
963.38 6.0
964.88 8.3
965.62 6.3
967.26 2.5
968.23 14.1
970.25 18.5
971.19 18.4
972.51 15.8
973.47 19.9
974.37 15.6
975.28 19.5
977.17 2.8
979.69 1.6
982.30 49.6
983.44 16.6
985.59 23.7
986.58 23.7
987.76 40.7
988.38 187.8
989.33 18.9
990.52 14.3
991.72 9.8
992.42 1.8
993.27 2.1
995.32 1.8
996.29 4.2
997.42 2.5
1000.36 290.4
1001.49 54.8
1002.53 1.5
1003.56 136.7
1004.55 33.7
1006.34 10.1
1007.41 3.5
1011.79 5.2
1012.43 15.9
1013.24 11.1
1014.33 18.8
1016.49 1.4
1018.42 77.0
1019.42 45.0
1020.21 3.4
1021.69 6.3
1022.51 1.4
1024.52 1.9
1028.74 8.2
1029.74 12.2
1030.50 15.7
1031.57 19.8
1032.52 5.5
1034.94 3.2
1036.49 1.6
1038.75 10.9
1039.51 66.4
1040.36 19.5
1042.17 8.4
1043.78 3.3
1045.42 2.8
1046.57 6.0
1047.40 47.5
1048.52 7.3
1050.04 5.0
1051.28 4.8
1053.35 1.3
1054.33 4.6
1055.48 1.4
1057.47 509.4
1058.49 124.6
1059.11 5.7
1060.59 64.0
1061.54 47.1
1064.89 1.1
1066.72 12.3
1069.48 44.1
1070.50 22.4
1071.31 7.9
1072.31 1.9
1073.47 1.1
1075.37 329.9
1076.47 81.5
1077.38 7.0
1078.83 2.5
1079.45 19.5
1080.46 22.0
1081.12 15.1
1082.21 14.0
1083.20 13.8
1085.71 1.6
1086.49 1.5
1087.53 40.8
1088.58 23.0
1089.64 8.5
1090.50 8.2
1092.54 2.9
1097.05 9.3
1098.92 16.8
1099.64 1.2
1100.59 3.6
1101.76 3.2
1102.52 9.7
1104.34 12.1
1105.54 36.0
1106.53 8.1
1107.67 6.3
1108.69 15.2
1109.57 10.6
1112.06 12.2
1114.26 11.4
1115.84 4.4
1116.83 5.7
1117.76 5.4
1119.74 4.5
1126.38 67.8
1127.37 29.8
1128.34 5.3
1129.45 13.0
1130.71 15.5
1132.25 9.4
1132.87 1.5
1134.51 20.4
1137.47 5.5
1138.98 12.4
1140.97 14.4
1141.73 1.8
1142.78 2.5
1144.47 251.0
1145.56 78.2
1146.46 4.0
1150.35 3.2
1153.10 2.5
1155.21 7.1
1158.23 4.8
1159.87 46.1
1161.08 18.1
1162.44 159.7
1163.45 54.1
1164.50 4.3
1165.13 6.7
1167.77 8.1
1168.85 14.6
1170.98 8.3
1171.99 4.0
1173.42 2.3
1174.50 3.1
1175.65 19.7
1177.57 37.7
1178.50 10.5
1179.40 2.8
1181.56 12.2
1182.49 9.1
1183.35 15.7
1184.03 3.2
1184.78 5.2
1186.52 1.7
1189.00 1.5
1191.52 1.0
1195.58 315.5
1196.63 54.5
1197.44 6.4
1198.31 5.1
1199.61 4.3
1201.47 111.2
1202.37 6.0
1204.41 1.8
1205.45 17.7
1206.75 3.8
1209.40 2.5
1212.65 2.8
1216.98 7.6
1217.69 3.3
1219.48 78.6
1220.42 29.0
1225.43 1.2
1231.82 8.6
1232.66 1.6
1233.70 7.4
1234.60 7.9
1235.33 2.2
1236.53 5.6
1237.58 1.5
1238.91 3.3
1241.45 2.4
1243.18 3.5
1245.30 1.2
1246.45 3.8
1248.99 13.2
1249.62 3.3
1251.73 2.0
1258.62 11.3
1259.89 4.6
1261.32 2.7
1262.77 11.9
1263.42 3.7
1267.42 2.2
1270.53 2.8
1272.17 7.8
1274.54 9.7
1276.47 10.4
1277.57 9.0
1280.71 16.6
1281.83 1.1
1285.35 2.9
1286.10 3.2
1287.59 2.4
1288.39 6.5
1290.46 4.3
1291.87 4.8
1294.42 7.3
1295.61 2.0
1296.60 4.4
1298.46 4.2
1299.37 9.8
1303.69 10.7
1304.61 1.8
1306.66 8.0
1307.81 11.3
1312.37 15.9
1313.11 1.7
1316.47 2.2
1318.45 11.1
1319.53 5.3
1320.75 1.5
1324.68 126.7
1325.84 6.6
1328.59 1.3
1329.87 7.5
1330.56 62.5
1331.68 48.4
1332.39 2.4
1334.39 15.1
1338.95 1.4
1340.04 3.4
1340.86 3.0
1343.32 3.1
1344.69 5.5
1347.12 1.5
1348.56 66.5
1349.63 43.1
1350.49 2.7
1351.67 2.7
1360.59 19.1
1361.61 3.0
1362.58 2.3
1365.75 3.3
1369.56 7.3
1370.45 11.3
1372.82 3.1
1373.70 4.0
1375.85 5.3
1377.83 11.5
1378.75 3.4
1387.56 170.5
1388.60 65.5
1389.21 5.3
1389.91 1.8
1390.90 1.0
1391.86 4.8
1393.67 1.5
1394.84 2.8
1402.58 3.0
1405.48 292.1
1406.63 139.6
1407.81 13.8
1408.77 12.4
1413.79 1.0
1414.59 1.0
1415.51 3.0
1416.81 1.1
1419.63 4.8
1421.80 5.0
1422.96 9.7
1423.85 2.5
1425.75 31.2
1426.89 4.2
1432.73 3.3
1444.50 23.8
1445.33 14.3
1447.66 3.5
1450.28 1.4
1456.49 3.3
1458.77 1.3
1461.46 2.9
1462.54 50.7
1463.75 33.1
1464.77 85.4
1465.76 27.7
1466.81 4.2
1469.55 5.7
1477.01 3.3
1478.30 1.4
1482.70 163.5
1483.71 34.1
1484.35 1.4
1489.87 2.3
1492.70 3.3
1493.78 9.2
1494.72 1.4
1500.98 1.6
1501.98 6.2
1502.77 1.4
1505.08 2.5
1507.59 1.3
1511.86 7.6
1515.73 5.1
1519.52 5.0
1520.17 2.4
1520.94 5.7
1523.90 4.2
1528.87 5.2
1532.74 4.3
1535.79 20.5
1537.14 3.5
1538.02 6.4
1540.16 4.3
1541.56 3.3
1553.80 39.4
1557.76 5.9
1558.83 16.0
1559.78 6.5
1560.70 2.8
1564.77 2.9
1576.14 15.0
1576.78 65.5
1577.79 6.7
1583.32 3.7
1585.10 8.4
1586.37 5.0
1590.69 2.5
1602.63 8.6
1604.07 6.3
1606.73 8.8
1616.98 7.1
1617.98 3.3
1620.63 6.7
1622.09 1.3
1623.58 5.9
1624.57 36.4
1625.54 9.4
1641.58 10.1
1659.66 6.3
1660.62 30.3
1665.80 1.4
1677.82 67.5
1678.86 9.8
1696.04 2.3
1700.43 1.2
1704.94 1.4
1706.93 3.3
