1263.69621 2
183.12 26.9
185.12 190.1
187.05 21.4
193.18 8.5
195.15 9.2
199.25 2.4
201.14 25.1
206.24 16.5
209.17 2.8
210.28 2.9
211.23 25.2
213.10 20.4
215.04 22.8
219.94 3.1
225.27 27.3
227.24 8.9
229.16 91.5
230.33 7.0
231.28 11.3
232.10 5.1
232.94 6.2
234.14 18.5
237.24 5.7
239.44 27.8
240.39 12.2
241.11 13.6
242.88 3.1
245.00 3.3
247.32 4.0
250.12 3.8
251.23 21.7
252.18 14.4
253.30 178.6
255.14 10.9
257.20 3.2
258.20 25.6
260.22 8.4
266.88 5.4
267.89 2.4
269.40 4.3
272.11 6.5
273.05 3.2
274.26 4.7
275.10 7.5
276.25 8.0
277.85 6.3
279.62 8.1
280.44 2.4
281.19 17.9
282.51 17.8
283.31 21.5
284.24 26.4
285.23 5.4
286.13 28.9
287.18 5.9
292.29 3.5
294.32 7.2
296.16 20.3
297.52 19.2
298.30 136.9
299.62 8.3
300.30 155.7
303.31 5.0
304.04 13.8
310.12 17.1
311.81 29.8
312.52 4.2
313.45 3.7
316.47 2.6
319.17 4.9
320.28 10.7
321.34 54.1
322.09 6.1
324.35 28.0
325.23 5.9
326.23 16.9
328.20 94.6
329.40 9.2
330.12 3.3
331.32 30.8
336.20 17.0
338.29 1093.9
339.34 43.7
340.07 12.9
341.30 9.3
342.22 33.7
343.25 2.8
344.19 9.9
345.39 9.5
347.33 15.3
350.21 15.7
351.51 25.5
352.41 35.0
353.24 7.9
354.13 10.2
355.16 10.2
356.28 21.0
358.17 7.0
360.32 19.4
361.12 4.4
363.17 4.7
365.35 15.1
367.22 95.6
368.17 25.3
369.14 27.9
371.13 78.2
371.97 4.0
373.17 22.2
377.58 6.0
378.34 3.8
381.26 29.7
383.24 12.6
385.26 14.1
387.34 9.8
390.16 33.8
393.07 14.2
395.22 169.1
396.37 51.4
397.27 48.1
399.28 796.7
400.19 22.4
404.10 6.2
405.48 15.0
409.24 38.6
411.39 35.1
413.30 602.0
414.38 10.6
415.29 16.1
416.30 11.9
417.65 13.2
420.28 7.7
421.39 131.5
422.32 77.5
423.39 13.1
424.16 17.5
425.45 32.7
426.43 78.2
427.30 27.0
429.27 7.2
435.19 11.3
437.44 5.0
439.26 3936.7
440.33 93.8
441.20 32.0
442.28 17.2
443.35 16.8
447.34 23.1
449.91 9.9
452.36 4.8
453.32 18.2
454.10 7.0
455.06 11.4
457.27 163.7
458.22 12.3
460.55 15.4
464.28 17.0
465.75 55.4
466.44 95.5
467.29 153.1
468.29 9.7
469.96 20.9
473.72 11.7
474.35 25.3
475.11 13.1
476.11 8.3
477.30 8.0
478.28 8.4
479.02 8.2
480.21 14.0
481.25 20.4
482.43 4.2
484.35 372.7
485.29 14.7
488.69 7.0
490.42 2.6
492.39 373.7
493.36 44.4
494.22 244.9
494.96 20.6
496.16 27.6
497.18 148.4
498.15 43.4
499.44 5.3
500.40 16.4
501.39 18.9
503.61 13.0
504.68 18.1
505.40 14.5
506.36 12.3
507.21 11.4
508.02 8.8
510.31 3507.2
511.29 99.6
512.36 1312.5
513.61 25.3
515.45 7.6
518.14 59.4
518.95 18.4
519.62 5.6
521.77 8.3
522.38 6.7
523.35 5.3
524.36 126.6
525.39 23.0
526.33 63.4
527.36 32.8
528.26 208.2
529.27 14.7
530.53 30.5
531.42 551.9
532.48 18.7
533.58 12.7
534.22 17.2
536.79 16.0
538.32 12.6
540.36 1142.3
541.69 32.9
542.35 89.6
543.21 11.4
544.52 25.6
546.60 10.0
552.40 42.7
553.34 10.1
554.22 4.2
555.28 16.9
556.43 11.1
557.84 10.9
559.32 11.4
560.22 23.5
561.58 3.6
562.28 15.3
562.89 4.9
564.89 10.2
566.35 11.5
567.04 17.8
568.36 18.4
570.36 193.8
571.25 38.5
572.01 13.8
575.77 44.8
577.86 52.7
578.50 27.8
579.48 42.7
580.84 87.2
583.57 9.9
584.34 3.7
586.44 19.3
587.37 21.7
588.41 57.3
589.54 22.1
590.15 15.7
593.46 10.8
594.54 2.4
595.39 52.0
596.37 53.1
597.56 123.8
598.40 66.5
599.30 4.8
600.07 8.3
600.96 47.3
601.91 28.1
603.35 31.4
605.34 358.4
606.16 36.1
607.25 22.6
609.35 63.6
610.41 15.9
611.66 3.4
614.16 316.9
615.14 172.3
616.36 84.6
617.82 43.1
619.57 18.5
620.40 46.5
621.20 7.3
623.43 2827.0
624.45 69.3
625.57 12.8
636.60 7.3
637.48 37.2
639.43 14.8
641.34 441.4
642.44 13.3
651.23 20.7
654.40 9.9
655.52 34.8
658.48 5.8
659.34 10.5
663.14 16.7
665.62 7.9
666.42 28.2
669.32 11.0
671.74 4.5
673.97 15.0
676.39 8.6
680.38 41.6
683.88 9.8
684.51 3.8
690.73 22.8
691.55 10.9
694.31 56.9
696.64 26.7
698.29 9.8
700.62 13.1
702.21 4.6
708.15 77.6
709.39 99.6
710.41 64.3
711.04 19.8
712.31 572.8
713.05 21.3
715.75 10.6
718.21 48.8
719.12 7.5
724.48 7.7
726.41 212.4
727.60 10.3
734.33 338.7
735.32 12.3
736.49 170.0
737.48 4.1
738.43 8.2
742.48 34.8
743.09 3.4
748.55 5.1
750.24 14.7
752.42 5392.4
753.54 389.5
754.43 1356.6
755.40 48.4
758.63 9.2
759.30 12.2
762.31 22.3
769.42 7.5
773.41 3.1
774.86 4.5
777.48 21.0
780.26 64.0
792.14 7.8
793.54 10.0
795.49 12.1
797.12 83.3
797.78 7.4
798.41 3.3
802.07 10.1
803.81 17.0
804.49 11.4
806.75 43.7
807.40 197.6
808.07 17.1
809.67 22.3
811.46 19.9
813.33 49.5
814.26 13.0
815.60 5.6
816.54 4.6
819.07 12.0
825.42 2115.9
826.44 87.7
827.77 12.7
829.47 9.5
831.46 47.0
833.50 177.2
834.31 4.9
835.88 7.0
837.47 34.8
840.36 8.6
847.10 5.5
847.82 6.9
851.50 2038.1
852.47 89.7
854.59 14.4
855.70 11.0
857.45 19.8
859.38 15.3
860.62 26.1
869.87 22.4
872.35 8.7
877.61 11.7
880.14 5.8
887.45 16.5
888.07 4.1
889.16 5.1
890.48 12.2
898.65 8.1
901.83 3.7
905.68 13.9
908.44 363.3
909.58 22.1
916.81 2.6
926.49 481.6
927.80 26.8
930.44 5.3
931.68 7.6
943.41 8.9
948.55 152.1
949.61 35.1
950.89 6.3
958.66 20.3
963.70 4.3
966.53 2426.3
967.44 159.7
976.27 14.4
991.59 15.2
992.79 20.6
993.77 5.3
999.64 17.7
1004.73 9.4
1017.03 10.3
1027.90 5.2
1035.47 3.8
1044.61 4.7
1053.32 20.8
1061.59 146.6
1062.45 21.4
1071.41 281.2
1072.23 10.4
1079.64 2340.0
1080.64 146.2
1089.60 57.9
1092.63 5.0
1098.97 4.0
1115.20 13.3
1116.53 20.4
1132.84 6.6
1147.09 3.7
1150.68 202.0
1151.85 17.6
1160.59 11.8
1224.69 7.3
