1150.51213 2
172.43 1.7
175.23 13.4
215.19 8.2
216.22 2.7
226.07 2.0
231.13 1.1
235.23 7.9
240.22 3.4
244.34 2.0
246.28 3.6
247.42 3.2
248.46 2.4
258.32 3.3
262.35 1.1
263.27 1.1
268.39 4.6
270.26 4.1
288.41 5.2
292.63 3.9
295.06 3.1
299.34 4.9
300.24 1.5
302.29 1.1
309.37 14.2
311.27 3.7
315.26 1.1
321.30 1.9
323.29 6.4
327.46 1.8
329.47 6.7
340.97 1.4
343.23 2.1
351.13 4.1
354.26 1.5
360.49 2.6
366.36 8.4
370.25 5.1
375.54 1.6
377.09 3.2
379.81 2.1
381.21 9.3
383.94 2.2
385.16 2.4
386.35 2.0
394.49 1.7
403.21 3.3
411.27 8.4
412.33 15.2
415.00 2.6
416.42 9.7
423.34 1.5
429.47 5.1
434.44 2.7
437.22 1.3
439.11 2.0
442.42 2.9
443.70 9.8
444.34 3.0
444.96 1.1
446.34 4.7
447.34 5.5
450.39 5.3
454.27 30.5
455.75 7.9
456.45 15.9
457.30 6.2
459.27 8.5
461.71 25.7
462.53 2.0
463.38 3.0
464.33 3.4
466.27 2.4
468.55 8.3
473.84 6.4
476.16 3.9
477.35 6.4
480.27 1.5
482.15 6.7
483.65 10.9
484.33 4.1
485.40 2.6
490.30 5.2
495.40 10.9
496.36 21.6
497.68 13.9
499.22 6.1
504.04 1.4
505.14 12.4
506.19 4.6
507.22 2.0
509.30 38.4
510.44 7.2
511.48 101.3
513.35 1015.9
514.49 239.8
517.89 9.3
518.59 3.6
521.28 5.8
522.68 21.2
523.30 20.2
524.44 21.8
526.96 3.6
529.32 3.7
530.67 1.5
531.57 16.6
533.44 3.6
534.17 5.5
534.89 9.9
537.37 6.4
539.91 9.6
541.16 10.6
541.84 5.2
544.35 6.6
545.06 22.5
545.70 8.3
548.75 7.8
549.38 13.9
550.71 2.1
551.33 3.7
552.33 8.3
553.83 10.7
554.50 13.5
557.64 73.9
558.31 48.8
558.92 7.4
559.53 1.7
560.47 12.3
561.14 20.0
563.28 5.4
564.23 3.2
565.14 7.4
566.91 846.8
568.14 25.3
576.70 2.6
594.48 2.2
596.60 1.0
602.84 14.8
606.32 1.4
608.58 1.4
609.36 4.7
610.44 4.1
611.59 3.1
613.36 2.9
620.20 298.3
621.16 95.5
622.35 2.1
626.95 1.4
628.47 25.8
629.66 1.9
633.29 11.0
636.28 1.1
638.23 809.8
639.23 162.3
640.17 1.4
641.51 2.7
642.97 7.8
644.32 1.8
652.22 1.5
658.25 2.0
660.55 3.8
661.97 1.7
664.98 14.4
665.78 4.7
670.34 13.4
677.46 2.4
685.44 5.3
691.38 3.4
694.46 24.9
696.09 10.0
705.26 1.3
723.12 4.1
724.51 1.5
730.52 9.2
732.04 7.2
734.91 4.0
737.75 5.9
739.46 3.2
747.75 9.6
748.99 1.3
751.51 5.7
752.43 4.4
761.55 1.0
763.36 2.7
769.34 3.5
770.48 1.8
779.55 4.1
786.59 2.8
798.52 1.9
804.41 3.3
813.28 1.5
815.26 1.5
816.72 3.0
819.65 5.2
820.72 5.6
832.41 1.7
834.53 7.4
835.57 5.3
847.46 6.2
857.15 2.3
860.44 2.1
862.27 17.3
863.49 3.1
867.38 2.1
871.48 3.1
872.52 4.7
877.42 2.8
885.79 2.1
886.57 2.4
887.47 5.1
888.45 1.0
890.92 2.5
899.19 5.9
900.05 1.1
905.60 4.0
913.28 1.3
918.82 1.9
930.60 3.7
935.58 4.0
936.43 2.7
937.37 3.7
940.59 4.9
948.55 9.3
957.50 2.7
958.42 18.1
959.77 1.9
962.47 4.9
965.39 4.0
966.57 5.7
974.40 3.1
975.35 2.5
976.50 19.3
977.45 15.6
978.92 1.7
979.89 1.0
982.48 2.0
994.66 4.9
995.69 2.0
999.65 5.9
1005.64 3.0
1020.80 1.0
1021.87 6.5
1022.75 1.0
1034.36 3.6
1035.53 2.2
1036.62 3.1
1045.83 4.2
1071.75 4.4
1105.55 2.1
1111.72 5.8
