973.4257699999999 2
139.50 5.5
147.07 2.5
151.29 5.6
155.16 3.0
156.21 6.0
157.22 1.6
166.20 2.0
169.25 4.0
175.24 5.4
178.18 2.0
181.99 1.1
187.17 34.0
195.26 3.5
196.35 3.5
202.11 1.1
208.14 1.9
209.06 1.9
212.28 8.9
213.30 2.1
215.12 4.7
218.28 1.2
225.27 1.4
234.13 5.7
235.16 3.2
236.28 1.4
245.40 3.4
248.15 3.3
250.41 1.1
253.38 1.5
258.22 10.6
269.30 1.7
270.35 6.1
274.52 3.6
276.35 9.8
277.15 1.5
287.37 1.1
289.18 2.8
291.19 2.2
296.28 1.6
298.62 2.5
301.43 3.5
312.25 1.5
333.27 3.7
334.95 1.4
337.21 4.3
338.33 3.4
339.28 1.6
340.99 1.2
349.80 2.9
350.97 5.4
352.04 5.8
353.36 3.8
354.97 2.2
367.18 7.2
369.95 22.3
371.06 7.7
373.09 14.5
374.07 2.6
378.60 12.9
379.81 18.0
382.31 5.2
391.13 1.4
392.88 6.0
393.94 5.0
396.26 7.4
398.83 4.0
400.15 6.0
401.26 14.5
402.46 4.6
403.60 1.1
404.69 9.6
407.81 9.0
412.34 3.2
413.72 43.3
414.59 17.2
415.96 7.8
416.94 2.7
420.99 3.9
422.65 10.7
423.42 21.0
424.10 3.4
426.23 5.9
427.58 3.4
429.94 14.0
430.57 7.8
437.10 7.8
438.11 18.1
439.89 14.8
442.40 8.1
444.59 25.4
445.84 22.0
447.08 7.1
448.83 4.8
450.80 6.4
451.68 10.8
452.63 3.2
453.65 6.7
454.26 14.7
456.43 20.9
457.32 4.2
459.50 2.0
460.80 11.8
462.61 8.9
464.33 11.8
465.26 159.3
465.86 52.7
466.70 7.0
467.99 5.3
469.01 59.1
469.91 28.3
472.01 22.6
472.87 9.2
473.83 3.6
476.04 31.9
477.19 9.1
478.06 362.4
478.82 80.5
479.49 27.3
500.46 4.6
506.96 6.4
510.14 7.5
531.91 2.4
554.50 2.6
555.29 9.7
572.14 2.7
572.96 7.9
578.38 2.4
586.44 7.0
587.38 6.4
588.44 3.1
591.49 6.2
593.36 3.8
597.15 9.2
603.39 7.2
609.18 11.3
612.26 1.7
617.90 5.3
619.36 3.3
622.48 5.9
623.53 2.5
625.49 3.8
628.25 4.0
631.43 9.2
632.42 2.1
639.91 3.2
643.53 1.9
644.68 10.5
645.45 1.8
660.48 1.1
663.93 2.6
665.85 4.0
686.14 4.5
688.50 7.2
689.30 5.1
697.70 3.4
699.55 1.3
701.70 3.4
702.59 3.1
715.47 5.6
716.35 4.1
726.38 3.4
727.36 6.4
737.43 5.9
738.31 2.5
740.88 7.7
741.74 3.6
742.53 4.8
744.31 36.5
745.47 27.2
756.62 2.5
759.47 30.2
760.32 16.4
763.64 6.4
770.14 1.1
771.04 6.9
773.29 1.6
780.77 1.9
783.39 13.4
784.49 1.5
791.37 2.1
799.76 1.4
800.95 6.3
801.76 8.3
802.53 3.0
808.50 2.6
809.47 3.5
810.63 9.1
818.16 1.5
826.52 10.5
827.34 8.8
839.99 5.3
843.59 2.4
844.47 1.3
845.47 8.7
846.41 6.7
883.47 2.3
932.51 6.3
934.66 1.6
952.46 2.0
