1008.46758 2
140.96 3.1
143.20 8.4
145.16 8.0
146.19 7.3
147.13 5.3
148.31 3.8
149.43 5.3
150.97 8.4
152.27 7.6
153.25 12.3
155.07 4.7
156.13 4.9
157.32 17.7
158.32 7.6
159.33 12.4
160.23 15.5
161.15 15.4
162.12 64.6
163.15 15.3
164.09 22.0
164.96 11.6
166.18 11.2
167.12 22.4
167.99 6.3
169.22 8.8
170.43 7.5
171.17 20.0
172.26 3.3
173.14 31.9
175.01 30.9
176.20 13.1
177.28 20.4
178.22 19.2
179.13 13.1
180.16 11.8
181.19 16.6
182.25 9.6
183.20 9.6
185.12 20.9
186.41 15.9
187.40 13.9
188.63 14.3
189.28 11.9
190.18 11.8
191.25 11.1
192.09 14.2
193.12 37.1
194.25 8.2
195.28 15.2
196.16 1.4
197.11 5.5
198.22 9.9
199.25 16.7
200.16 25.7
201.18 13.9
202.09 12.7
203.09 6.0
204.11 13.9
205.13 23.4
206.25 26.8
207.17 20.6
208.18 3.5
209.13 13.2
210.20 29.9
211.22 23.4
212.09 12.1
213.31 20.2
214.18 18.1
215.22 22.3
216.24 17.4
217.16 13.9
218.15 9.5
219.23 17.2
220.32 5.7
221.20 47.9
222.16 26.6
223.17 34.5
224.20 17.5
225.13 15.8
226.19 19.9
227.21 7.8
228.11 32.7
229.18 28.2
230.24 17.7
231.02 16.7
232.61 9.9
233.34 6.1
234.29 12.6
235.24 2.9
236.14 32.9
237.28 13.8
238.30 26.1
239.33 26.1
240.35 20.9
241.18 10.1
242.21 9.9
243.21 8.0
244.03 10.8
245.21 8.4
246.12 13.6
247.19 32.3
248.18 19.5
249.15 12.8
250.15 38.3
251.23 26.8
252.13 14.2
253.01 8.6
254.31 14.6
255.26 21.4
256.21 25.2
257.26 31.0
258.44 13.4
259.28 14.7
260.22 22.0
261.28 32.7
262.24 36.0
263.25 27.6
264.23 13.5
265.21 36.9
266.20 24.7
267.14 27.2
268.24 10.7
269.10 8.0
270.15 6.2
271.21 24.9
272.11 45.8
273.33 33.0
274.28 13.2
275.27 38.6
276.31 5.9
277.50 36.1
278.29 18.7
279.27 16.7
281.02 242.8
282.08 241.8
283.09 170.3
283.96 7.4
285.22 13.6
286.13 11.2
287.19 9.6
288.21 34.7
289.19 63.6
290.32 96.5
291.36 30.4
292.22 36.7
293.09 45.9
294.23 47.3
295.14 39.3
296.18 20.8
297.29 30.4
298.52 18.9
299.18 49.3
300.15 33.6
301.15 32.0
302.32 22.3
303.21 33.0
304.29 22.4
305.22 34.2
306.44 68.0
307.23 163.2
308.23 90.4
309.31 37.4
310.16 29.4
311.21 14.7
312.17 29.6
313.31 16.8
314.37 18.0
315.17 8.9
316.26 27.7
317.20 13.3
318.21 23.0
319.26 18.4
320.29 5.8
321.27 18.0
322.17 18.3
323.21 56.2
324.25 49.9
325.24 122.8
326.22 98.1
327.18 67.1
328.31 54.5
329.26 24.6
330.32 24.8
331.56 6.9
332.17 18.7
333.21 22.0
334.26 13.4
335.21 13.6
336.24 4.0
337.39 6.6
338.32 5.0
339.29 21.9
341.06 180.3
342.17 135.2
343.21 129.9
344.29 51.5
345.30 5.9
346.25 30.5
347.19 25.9
349.17 74.1
350.31 19.4
351.29 28.5
352.22 9.0
353.25 18.4
354.21 19.1
355.15 28.4
356.06 22.0
357.31 31.9
358.22 42.9
359.26 45.4
360.19 46.7
361.20 26.3
362.11 21.4
363.24 20.7
364.59 8.7
365.70 26.5
367.38 9.1
368.25 19.5
369.28 5.2
370.22 78.4
371.09 51.8
372.14 21.5
373.19 10.2
374.36 33.2
375.26 33.0
376.10 14.3
377.19 54.4
378.23 11.5
379.28 43.2
380.16 11.4
381.24 18.4
382.14 15.0
383.24 13.9
384.18 16.9
385.35 19.6
386.45 23.2
387.20 21.7
388.23 59.2
389.34 27.4
390.32 20.4
391.19 53.0
392.24 4.4
393.48 1.8
394.51 47.7
395.42 3.7
396.59 9.2
397.53 13.4
398.37 17.4
399.40 18.9
400.31 37.8
401.19 29.8
402.28 58.9
404.03 101.4
405.03 20.7
406.22 22.6
407.19 15.1
408.24 23.7
409.13 14.8
410.40 17.6
411.33 19.2
412.47 7.5
413.41 13.7
414.29 49.7
415.06 65.8
416.17 150.8
417.16 150.3
418.32 42.5
419.29 12.0
420.35 27.1
421.50 15.9
422.98 242.9
424.07 57.2
425.17 56.6
426.15 15.6
427.33 8.4
428.19 23.9
429.25 11.2
430.25 31.6
431.21 17.1
432.16 49.1
433.09 40.9
434.19 9.4
435.28 10.3
436.31 76.7
437.34 35.6
438.31 100.8
439.33 56.0
440.54 92.2
441.41 27.3
442.44 22.4
443.40 28.6
444.47 94.1
445.31 65.5
446.30 88.6
447.35 94.8
448.36 23.9
449.78 49.3
450.98 25.8
452.36 15.8
453.59 155.7
454.40 749.5
455.36 232.9
456.35 261.5
457.32 117.0
458.60 131.3
459.41 95.1
460.47 100.8
461.38 19.6
462.30 27.0
463.27 20.9
464.06 10.4
465.07 2.8
466.30 6.7
468.31 154.7
469.21 184.5
470.25 48.4
471.22 4.7
472.69 27.2
473.53 41.0
474.29 33.7
475.69 33.2
476.92 34.5
478.05 42.8
478.73 3.3
479.52 3.6
481.05 8.9
481.65 188.3
482.35 69.9
483.48 12.2
484.51 7.4
486.26 2065.8
487.26 1474.8
488.22 195.3
489.16 4.4
490.47 509.2
491.46 30.5
492.47 8.9
493.21 1.2
494.11 26.3
495.43 305.8
496.32 21.9
497.07 3.1
497.93 2.6
513.24 14.4
514.17 7.3
518.33 63.5
519.22 7.4
520.41 2.1
521.24 9.1
524.29 1.4
530.27 21.3
531.26 10.1
532.27 4.5
533.56 2.2
539.24 7.2
545.56 3.9
549.25 2.1
566.25 4.3
567.71 5.7
568.47 5.9
570.37 3.7
573.21 16.3
574.08 3.1
576.40 4.5
577.33 6.6
583.78 2.1
586.21 5.0
587.35 5.4
588.06 12.3
591.25 36.0
592.19 4.6
597.16 1.3
598.97 2.2
602.41 3.1
603.46 4.9
604.52 29.8
605.33 5.0
610.27 19.6
611.42 6.3
612.41 23.0
613.34 33.7
614.31 15.3
615.30 6.7
616.96 3.1
618.62 13.0
620.26 5.8
624.18 3.2
629.41 20.2
631.20 110.4
632.45 43.3
638.39 10.0
639.60 7.2
647.19 4.0
650.92 4.0
652.41 3.4
653.66 3.3
663.46 22.1
667.59 2.8
669.20 3.6
670.23 1.5
674.31 6.3
675.43 1.5
681.28 26.6
682.45 6.7
684.87 6.8
688.66 7.9
691.54 5.5
692.44 4.1
695.35 3.0
698.62 4.9
701.36 4.8
703.66 2.2
704.37 3.6
705.76 7.4
706.50 7.8
709.40 13.9
710.20 16.2
711.33 5.7
712.37 7.3
713.41 18.5
714.24 4.2
718.61 5.4
723.43 3.3
726.48 26.1
727.43 1.1
730.36 91.7
731.43 36.3
732.47 7.1
733.24 4.1
738.29 3.1
739.38 2.4
741.57 1.0
743.25 8.4
744.42 4.3
751.47 7.4
752.34 3.6
753.80 6.7
757.44 1.5
758.48 2.1
762.33 9.6
764.23 1.6
770.42 6.1
771.22 2.5
772.14 2.8
774.57 7.8
776.60 14.0
777.38 3.7
778.65 7.3
780.15 43.8
780.97 19.0
781.62 14.3
786.68 1.4
787.43 12.6
794.34 26.6
795.37 27.6
796.39 21.3
803.46 1.6
806.54 2.0
810.46 5.8
816.47 3.1
817.14 2.4
822.37 51.2
823.46 9.4
826.36 60.5
827.44 88.5
828.46 27.1
829.67 11.3
830.49 2.9
831.21 1.8
832.60 1.1
833.49 1.4
834.25 8.7
835.24 1.4
836.20 3.6
837.52 3.2
838.38 1.3
844.39 480.5
845.50 216.8
846.54 13.0
847.46 4.3
848.50 4.7
849.41 3.2
851.40 54.5
852.52 18.3
853.48 7.1
856.42 1.7
864.32 5.2
865.67 4.8
866.48 9.9
875.95 6.7
876.56 5.6
877.40 14.4
878.45 2.8
880.11 3.5
885.43 2.0
890.27 21.1
891.40 37.1
892.60 24.2
894.30 194.5
895.45 72.7
896.16 2.6
903.17 2.3
904.29 1.6
906.46 22.8
908.42 307.0
909.41 120.4
910.42 16.5
919.37 11.2
935.84 9.9
936.45 88.9
937.45 29.0
938.47 13.5
988.93 1.3
