1064.61174 2
155.32 13.1
155.96 3.7
157.24 86.8
158.08 16.9
159.04 6.5
160.06 9.0
161.70 2.7
166.02 3.2
167.09 3.2
169.13 3.5
173.24 7.5
175.08 214.9
176.31 6.3
178.23 10.0
179.27 2.9
182.12 1.1
183.41 6.6
184.33 38.3
185.19 167.0
186.20 16.5
187.23 8.1
188.19 13.8
193.19 14.8
196.21 3.7
197.28 5.0
199.25 14.2
200.22 42.5
201.31 6.9
202.22 9.3
203.21 5.1
204.39 12.2
205.15 12.2
206.10 3.6
208.27 1.4
209.29 5.0
210.16 4.3
211.04 2.0
212.05 3.0
214.09 3.9
215.15 4.9
219.24 3.7
220.10 1.3
221.10 4.1
223.15 293.4
224.22 59.9
225.27 4.9
227.01 24.1
228.16 20.8
229.23 95.4
233.12 15.0
234.32 10.8
235.27 4.8
236.26 2.4
237.04 2.1
238.19 4.2
240.33 3.3
241.07 5.0
244.48 6.8
245.30 3.4
246.22 24.6
247.19 5.0
249.13 33.2
250.44 10.5
251.10 162.2
252.17 6.7
253.58 33.0
254.22 196.9
255.26 25.9
256.29 12.6
257.28 12.5
258.13 8.9
259.20 3.8
260.45 2.4
261.38 5.8
262.11 2.3
263.14 3.6
264.16 7.9
265.32 1.6
267.41 2.6
269.34 1.2
270.39 7.5
272.27 141.3
274.20 184.4
275.30 44.2
276.24 7.5
277.15 23.8
278.35 6.7
280.15 6.2
282.27 4.0
283.15 5.0
284.43 6.7
285.19 12.5
286.51 3.7
287.30 13.2
288.37 10.9
289.28 5.3
290.04 3.4
291.40 4.4
292.32 2.0
293.17 7.8
294.43 5.1
295.27 3.8
297.20 5.1
298.27 16.9
299.14 7.6
299.98 10.3
301.24 7.3
302.29 4.2
303.17 32.2
304.25 64.4
305.24 12.6
306.71 8.8
307.44 10.6
309.36 2.7
310.36 1.2
312.37 3.5
313.17 3.7
314.45 3.5
315.76 128.8
316.41 66.4
317.29 11.5
318.10 23.5
319.46 9.3
320.15 17.3
321.55 18.9
322.22 73.1
323.29 19.9
324.38 1.6
325.21 10.4
326.41 1.8
327.20 1.8
328.02 4.5
329.05 14.1
330.17 5.1
331.27 3.4
332.24 6.5
334.18 2.5
335.24 3.2
337.13 5.3
339.16 15.0
340.28 4.1
342.14 46.9
342.95 1.7
344.38 12.1
345.43 17.1
346.27 49.0
347.27 27.1
348.17 5.9
349.31 3.2
350.22 14.4
351.25 3.4
352.58 11.6
353.31 6.3
354.54 10.3
355.34 1.5
356.18 3.0
357.58 12.4
358.37 13.2
359.17 9.5
360.95 3.1
362.17 2.2
363.58 33.7
364.28 32.2
365.15 4.3
366.36 3.4
368.20 10.1
369.47 3.3
372.15 54.5
373.19 21.0
375.28 12.3
376.24 2.3
380.33 5.6
381.25 1.1
383.26 14.7
384.41 14.6
385.26 8.3
386.25 7.7
386.99 6.2
389.11 184.8
390.20 74.3
391.19 7.7
392.33 31.5
393.64 5.1
394.25 3.1
396.05 8.7
397.48 370.0
398.42 10.0
399.35 13.4
400.27 13.6
402.34 1441.5
403.46 265.6
404.29 8.8
405.25 11.7
407.18 142.3
408.26 19.4
409.49 29.2
410.50 13.6
411.11 22.5
412.10 2.3
413.46 8.0
414.47 37.3
415.68 9.5
416.43 17.8
417.18 67.5
418.06 46.2
419.15 24.8
420.32 1.6
423.13 184.9
423.91 24.3
425.55 21.6
426.30 2.4
427.27 6.0
428.62 8.3
429.43 14.3
431.74 331.6
432.42 191.4
433.31 4.5
433.97 2.5
435.16 124.6
436.20 21.7
437.76 47.2
438.61 23.6
440.96 4276.5
442.13 29.4
443.63 5.3
444.45 29.4
445.20 27.4
446.06 25.7
447.08 2.1
447.83 5.6
449.21 7.5
450.18 14.2
451.32 5.9
452.83 17.6
454.32 5.9
455.29 19.2
457.32 11.0
458.30 7.0
459.12 52.5
460.25 17.5
461.14 44.8
462.05 24.8
463.22 11.8
464.21 14.5
466.13 54.9
467.48 271.1
468.57 5.4
469.28 4.6
470.07 18.9
470.80 21.5
471.75 6.0
472.37 22.7
473.05 10.7
474.15 14.2
475.16 107.3
476.46 1867.0
477.36 23.9
479.47 142.9
480.41 16.9
481.54 23.2
482.71 12.2
483.37 6.1
484.67 9.7
485.28 30.8
486.30 71.0
487.22 17.3
488.30 48.2
489.41 20.0
490.34 10.7
491.11 13.6
492.11 29.2
492.97 14.8
493.97 6.8
494.83 20.2
496.22 24.2
497.30 20.6
497.99 34.7
499.42 32.3
500.47 25.5
502.18 108.4
503.32 50.7
504.23 19.3
505.18 9.3
506.33 63.1
507.17 17.7
508.93 77.1
509.80 15.9
510.71 24.4
511.51 8.0
513.04 20.4
514.25 134.9
515.20 796.3
515.95 215.3
517.36 1154.3
518.39 257.0
519.20 2.5
520.41 38.2
521.29 14.9
522.35 1.5
523.83 1793.5
524.45 699.1
527.84 1.9
529.04 3.1
530.26 1.4
541.54 4.9
544.18 6.9
546.09 6.5
547.33 7.6
548.42 43.5
549.57 18.6
550.38 28.0
551.36 9.1
552.30 5.3
554.54 1.3
557.29 4.5
559.30 8.6
560.45 2.0
561.38 3.7
562.12 1.0
563.72 3.6
564.58 2.9
566.46 4.1
568.35 2.7
569.87 4.4
570.49 3.3
571.38 3.2
572.31 11.8
573.18 10.9
574.26 30.8
575.12 4.4
576.60 3.2
577.31 1.2
581.58 2.3
582.41 1.9
587.33 1.5
590.07 9.7
590.72 1.3
592.29 19.5
593.21 1.7
595.64 6.0
596.48 1.0
600.50 13.0
601.45 5.1
604.41 6.8
607.45 19.5
612.38 29.1
613.48 22.3
614.58 10.2
615.40 1.7
617.23 10.4
617.93 10.9
619.56 18.9
620.38 6.5
622.00 1.1
625.36 1.5
627.29 19.8
628.53 8.1
630.43 1422.9
631.46 394.5
633.39 1.7
635.52 29.6
636.24 5.5
638.53 5.1
640.38 9.2
642.50 9.8
645.33 116.6
646.40 45.7
647.39 1.0
648.38 1.2
649.20 1.6
651.49 4.0
652.63 2.6
654.42 6.9
656.88 7.9
660.48 2.1
663.30 247.5
664.28 79.6
667.38 9.7
669.85 4.7
670.79 4.3
671.52 2.4
672.60 8.4
674.47 1.5
677.39 5.7
678.06 3.7
679.17 2.0
681.08 2.6
681.82 1.5
684.29 1.9
685.39 1.4
686.33 2.2
688.34 6.8
689.01 8.8
690.55 4.7
691.36 3.0
692.52 7.7
694.31 1.2
695.09 1.4
698.29 3.2
701.89 5.2
703.27 13.9
706.36 18.5
707.36 22.9
712.59 4.5
713.96 2.2
718.42 22.5
719.57 17.1
720.39 9.3
721.48 1.4
723.46 1.9
724.52 1.4
726.92 1.7
729.51 2.7
731.52 4.4
732.64 10.6
733.55 3.1
741.42 16.4
742.58 10.4
744.53 1.4
745.30 3.9
753.62 1.2
754.47 1.9
757.44 5.8
758.52 21.0
759.50 5.6
760.56 6.9
763.46 9.7
771.43 4.9
774.37 1.1
775.45 5.0
776.70 16.3
777.56 23.3
778.33 3.3
779.55 11.9
781.01 7.9
784.49 2.9
789.70 7.4
790.79 27.9
791.43 64.5
793.45 785.3
794.51 248.2
795.26 11.3
796.37 2.9
798.40 2.9
804.58 2.1
805.65 12.6
807.55 2.9
808.80 15.3
809.81 3.3
810.48 9.8
816.46 2.8
817.50 32.3
818.46 41.2
819.48 7.1
820.45 5.5
821.49 1.9
827.57 16.4
828.63 3.6
831.35 4.5
834.77 3.4
835.59 8.8
836.61 61.3
837.45 15.3
839.53 1.5
840.27 2.5
841.57 6.7
843.72 2.7
845.44 196.3
846.49 81.0
847.27 6.0
848.28 4.1
849.02 2.3
851.55 47.6
852.29 1.1
853.23 1.2
862.54 38.0
863.57 29.5
864.32 16.1
866.50 72.3
870.26 4.1
872.49 80.9
873.50 25.2
874.57 29.6
875.64 6.5
877.24 2.3
880.51 1350.9
881.60 467.4
890.49 208.0
891.57 69.6
892.53 1.6
894.37 1.9
903.31 4.1
905.89 2.3
906.66 3.6
908.28 5.2
909.26 1.8
909.96 3.2
915.36 2.0
916.56 30.9
917.51 22.3
918.58 9.3
919.57 6.5
930.40 2.3
933.43 19.8
934.35 6.3
935.63 3.5
943.62 1.0
950.01 3.3
951.60 102.0
952.61 53.3
958.71 6.1
959.69 1.9
962.76 4.0
976.79 1.7
977.73 1.6
1025.26 2.9
1042.67 1.1
