870.5464999999999 2
128.14 152.4
129.17 7.1
130.25 8.1
131.16 8.0
132.24 5.3
133.19 8.0
134.48 3.4
135.44 20.6
136.20 42.0
137.26 54.2
138.15 46.3
139.19 45.4
140.31 9.7
141.18 14.6
142.17 10.2
143.21 19.5
144.00 5.7
145.10 2.9
146.11 3.5
147.13 6.3
148.13 2.7
149.38 8.7
150.96 11.2
152.22 12.0
153.13 11.2
154.09 7.2
155.10 2.7
156.26 40.9
157.15 6.3
158.27 6.1
158.98 7.2
160.17 43.2
161.24 11.9
162.19 86.9
163.17 26.4
164.17 54.8
165.23 15.0
166.08 14.6
167.23 20.0
168.18 8.6
169.12 18.1
170.05 5.8
171.07 8.4
172.18 15.7
173.12 21.8
174.11 21.8
175.23 27.3
176.11 9.8
177.12 18.7
178.46 4.6
179.32 21.2
180.28 12.8
181.16 21.4
182.33 10.1
183.14 16.2
183.94 3.9
185.20 23.3
186.22 8.5
187.13 15.5
189.10 36.1
190.20 6.3
191.11 18.9
192.12 13.8
193.19 18.3
194.13 13.3
195.19 20.4
196.20 20.9
197.24 16.0
198.07 29.9
199.09 46.9
200.18 11.7
201.11 7.5
202.30 2.1
203.23 7.6
204.39 9.3
205.18 10.1
206.10 9.3
207.26 53.4
208.18 28.0
209.19 37.7
210.34 40.3
211.17 18.1
212.18 9.8
213.29 11.4
214.23 8.8
215.21 17.3
216.11 12.0
217.13 18.7
218.04 7.6
219.23 32.7
220.24 4.1
221.17 25.2
222.38 6.0
223.24 15.0
224.16 6.2
225.19 20.8
226.19 44.5
227.21 30.5
228.12 16.7
229.29 30.5
230.31 19.7
231.43 9.6
232.43 13.3
233.13 23.2
234.11 8.6
235.18 32.3
236.05 16.9
237.18 19.7
238.14 15.8
239.19 17.7
240.45 10.1
241.19 28.0
242.18 18.2
243.18 15.3
244.14 6.0
245.12 8.4
246.36 11.5
247.25 15.9
248.16 13.0
249.13 38.6
250.24 17.2
251.19 62.0
252.15 16.3
253.29 15.1
254.37 16.7
255.26 23.4
256.31 37.7
257.26 30.3
258.49 18.9
259.29 24.4
260.23 12.1
261.20 24.7
262.03 13.6
263.21 33.0
264.17 15.2
265.12 33.5
266.19 31.2
267.08 9.2
268.17 14.0
269.33 12.1
270.41 20.3
271.36 18.1
272.15 34.9
273.26 56.6
274.23 67.5
275.25 114.8
276.31 31.6
277.19 38.9
279.22 35.8
280.22 33.5
281.15 23.9
282.20 17.2
283.16 16.3
284.19 15.8
285.11 12.3
286.21 25.8
287.20 18.8
288.24 23.2
289.42 22.3
290.29 23.5
291.24 44.5
292.38 17.9
293.35 48.7
294.28 21.9
295.43 13.9
296.50 18.2
297.36 4.9
298.29 19.1
299.31 35.5
300.42 55.2
301.18 179.0
302.20 88.9
303.35 25.8
304.28 14.7
305.27 32.6
306.33 40.9
307.34 55.4
308.16 20.0
309.38 27.4
310.35 6.2
311.31 20.1
313.09 25.5
314.28 25.4
315.31 19.0
316.41 37.0
317.20 19.4
318.14 22.3
319.27 35.0
320.54 40.6
321.20 273.2
322.17 109.2
323.21 46.5
324.09 38.7
325.25 23.8
326.12 11.9
327.15 19.2
328.14 8.8
329.32 12.7
330.32 22.9
331.27 13.9
332.30 18.1
333.16 31.2
334.49 10.8
335.26 23.5
336.33 131.8
337.27 78.3
338.30 86.1
339.31 42.6
341.07 489.6
342.18 132.2
343.35 28.7
344.33 27.4
345.22 11.3
346.41 40.7
347.26 42.3
348.16 48.0
349.26 42.4
350.31 25.8
351.18 37.2
352.15 140.9
353.35 35.0
354.27 33.6
355.35 39.0
356.27 18.4
357.10 10.0
358.38 20.9
359.21 10.5
360.30 17.1
361.25 44.2
362.28 38.1
363.21 33.3
364.25 34.0
365.20 45.7
366.16 7.7
367.33 27.3
367.95 4.5
369.18 5.0
370.18 6.2
371.39 41.4
372.19 26.8
373.15 35.6
374.34 33.0
375.18 44.0
376.21 64.6
377.28 79.3
378.23 34.9
379.21 31.7
380.23 17.0
381.33 30.4
382.35 3.1
384.04 4.7
385.34 17.3
386.14 11.4
387.43 24.4
388.47 20.6
389.52 55.4
390.31 59.0
391.22 74.2
392.21 92.3
393.26 29.9
394.37 12.3
395.20 4.4
399.20 112.1
400.21 73.5
401.27 29.8
402.52 20.2
403.50 15.0
404.52 8.6
405.32 24.8
406.29 65.8
407.22 34.5
408.34 27.0
412.95 5.2
413.84 10.4
414.57 7.2
415.59 9.5
417.23 631.1
418.23 1039.1
419.27 89.1
421.17 13.3
421.90 3.8
426.93 545.9
428.02 2.1
429.03 1.0
430.73 3.9
435.05 1.3
436.80 6.3
454.45 3.2
467.46 2.7
468.56 3.1
472.43 134.8
473.42 23.3
486.20 4.4
488.16 2.0
500.76 7.3
504.35 2.7
532.40 3.0
537.49 8.8
538.28 1.0
539.35 2.1
553.51 2.5
555.06 2.2
555.80 2.1
570.76 9.1
571.52 55.9
572.57 10.6
573.51 2.0
575.94 3.4
578.49 1.8
581.24 2.8
582.34 8.1
586.59 1.8
591.34 4.1
606.34 2.0
629.35 5.0
630.48 8.2
631.81 6.0
654.44 1.2
659.48 10.9
664.61 1.8
665.86 1.5
672.48 374.1
673.54 71.1
696.91 1.7
699.78 11.6
700.51 7.0
707.31 6.8
708.77 2.9
711.41 1.4
724.96 2.0
725.57 38.2
726.60 18.3
743.48 1948.8
744.50 647.0
753.66 5.0
765.45 4.9
771.50 40.0
772.60 28.8
847.93 5.2
