1050.52226 2
148.08 15.3
156.39 5.0
158.13 2.5
160.27 2.1
167.06 3.3
168.18 5.9
173.03 1.2
175.25 43.3
176.17 4.9
178.01 8.8
179.13 1.7
180.00 10.9
181.22 1.3
182.98 3.5
184.28 8.9
185.25 11.9
186.21 8.1
188.39 2.3
193.14 203.3
194.16 11.4
195.40 3.6
196.77 9.5
197.44 14.6
198.37 6.5
202.32 8.4
204.25 1.2
205.82 2.9
210.03 1.2
213.25 18.6
214.13 16.2
215.09 4.9
216.03 18.7
217.34 1.8
219.30 2.0
220.14 1.4
222.25 7.7
224.45 2.4
225.23 1.3
226.17 6.1
227.20 6.5
228.17 3.3
230.11 4.4
232.10 60.8
232.97 1.6
238.17 8.6
239.29 5.9
240.26 11.4
241.59 13.1
242.32 99.0
243.22 17.7
244.25 11.8
245.28 4.7
246.05 4.7
248.28 9.3
251.22 2.1
252.21 1.9
254.29 1.6
257.13 2.6
258.19 100.6
259.33 27.6
260.13 5.3
262.18 2.3
263.34 1.5
265.14 13.7
266.16 3.5
267.43 1.9
270.12 117.1
271.06 3.4
272.08 1.6
273.37 3.5
274.34 8.6
276.30 4.0
277.22 27.4
278.13 4.9
281.23 4.3
283.43 2.7
288.30 74.0
289.33 8.0
291.39 2.2
293.24 17.7
297.36 6.9
298.24 5.6
299.18 7.5
301.29 7.0
302.14 1.7
303.21 2.2
305.18 129.5
306.32 4.2
307.28 11.2
308.20 1.8
309.49 4.2
310.11 3.6
311.14 6.5
312.32 9.5
314.19 7.0
315.20 2.4
316.30 2.9
318.16 1.3
319.19 3.5
320.12 1.3
322.21 206.6
323.23 22.5
324.31 12.4
325.29 10.9
326.95 4.2
327.77 9.0
330.11 3.2
331.21 1.4
332.10 52.0
333.22 31.2
334.89 6.6
338.34 14.2
339.67 5.4
341.10 19.8
342.25 5.5
343.30 14.2
344.20 4.4
346.04 1.6
347.27 1.5
348.26 4.1
350.22 200.1
351.26 27.0
352.54 5.8
353.23 9.5
354.18 1.3
355.40 2.1
356.40 4.3
357.22 6.8
359.28 254.2
360.28 66.0
361.48 6.7
362.56 8.5
364.19 17.5
365.21 5.3
366.39 4.0
367.23 2.9
369.53 5.0
370.16 3.1
371.43 20.8
372.52 26.8
373.41 4.6
374.17 1.2
375.19 10.2
375.98 13.7
377.04 25.4
378.20 12.1
379.28 3.2
379.90 6.0
381.59 7.8
382.31 6.7
383.25 5.1
385.35 8.6
386.24 5.5
387.53 8.4
388.85 20.9
390.01 26.4
391.22 3.7
392.25 6.8
393.41 3.9
394.15 6.2
394.98 1.4
396.17 25.4
397.10 6.2
398.04 15.2
399.16 13.3
400.28 1.6
401.14 5.1
403.44 23.4
404.30 7.4
405.33 2.0
407.26 12.9
408.04 8.3
409.03 12.9
409.86 5.8
411.01 22.2
412.38 42.2
413.39 2.6
414.65 9.4
415.61 51.9
416.28 87.6
417.13 4.9
418.26 6.7
419.22 14.9
420.21 19.0
421.06 12.4
421.71 3.8
423.51 25.0
424.25 80.3
425.22 100.5
426.33 54.0
427.26 15.9
428.56 6.2
429.27 5.4
430.11 2.0
431.48 19.6
432.55 8.3
433.24 10.8
434.59 12.5
435.46 23.9
436.33 16.4
437.60 16.4
438.31 11.2
439.20 22.0
441.15 28.3
442.29 18.2
443.62 5.7
444.48 4.2
445.14 3.8
446.67 32.3
447.95 9.2
449.05 2.3
450.78 19.6
451.67 18.0
452.35 29.0
452.95 18.5
454.21 16.8
455.17 10.8
457.00 23.8
458.33 221.3
459.52 93.1
460.31 18.1
461.31 29.1
462.34 24.7
463.33 37.9
464.29 52.4
465.46 25.5
466.14 378.6
467.68 32.5
468.74 100.4
469.46 59.6
472.16 23.4
473.33 5.9
474.14 14.4
475.26 13.0
476.32 2.2
477.25 26.5
477.86 20.1
479.24 48.5
480.31 39.6
481.55 6.5
482.36 8.2
483.36 10.4
483.99 32.8
485.58 55.6
486.50 7.0
487.33 8.6
488.93 18.9
490.14 41.9
490.95 22.3
493.25 43.3
494.62 105.8
495.34 21.1
496.15 23.9
496.89 6.2
498.47 51.1
499.23 12.3
499.95 35.6
501.55 14.3
502.48 6.0
503.43 163.6
504.36 19.0
505.43 6.1
507.22 509.3
508.01 789.3
509.10 72.3
510.17 5.4
511.07 77.6
512.27 9.7
514.22 26.7
515.06 10.0
516.50 3599.1
517.37 365.5
518.40 6.3
519.89 3.7
523.11 3.5
526.06 1.2
534.03 1.2
535.22 5.3
541.61 7.0
543.55 1.2
546.17 4.5
547.12 5.8
548.24 22.0
552.38 3.8
554.26 4.7
555.45 2.7
556.44 1.9
558.05 5.6
560.35 4.6
561.30 2.5
563.80 14.6
565.21 12.0
565.98 2.3
567.15 3.2
569.09 11.3
570.34 2.9
571.27 1.9
574.03 1.7
575.12 10.3
576.38 7.2
578.42 1.4
579.49 6.5
581.64 4.1
582.45 2.1
583.25 1.4
584.47 3.6
585.38 4.8
587.39 83.8
588.42 32.0
589.21 2.8
591.25 18.3
592.21 24.2
593.31 101.8
594.30 26.4
595.33 5.8
599.79 12.1
601.27 1.0
602.22 12.9
603.38 4.2
607.23 10.6
608.25 19.3
609.36 15.2
610.52 24.2
611.44 19.7
613.13 16.2
614.16 2.0
615.36 3.1
616.35 2.5
617.29 2.1
618.20 7.5
619.26 5.4
620.32 1.7
621.72 4.7
622.35 4.2
625.22 107.6
626.29 51.6
627.46 29.5
630.26 8.0
631.15 10.6
635.59 12.0
638.75 4.0
639.85 16.9
641.18 4.6
643.52 3.0
644.37 10.6
645.35 14.2
647.20 27.9
648.35 7.8
649.20 3.7
650.36 4.9
653.14 1.3
655.90 3.7
656.72 4.3
658.00 6.0
658.68 2.1
659.40 7.5
661.45 1.0
662.33 7.9
663.29 4.4
664.38 21.8
664.98 3.3
665.94 5.7
668.33 3.2
670.87 3.0
672.94 12.1
675.27 17.7
676.33 13.5
677.73 11.3
678.66 27.7
679.57 30.4
680.33 2.9
681.27 11.0
682.48 5.2
683.46 12.4
684.41 16.0
685.40 8.4
686.24 3.1
689.21 12.0
690.33 4.6
691.18 13.5
692.35 43.4
693.48 19.3
698.39 1.2
699.34 3.1
700.02 8.4
701.47 905.1
702.48 208.4
703.39 6.4
704.58 2.5
705.45 3.4
709.39 6.4
715.89 8.7
718.27 23.9
719.72 11.5
721.34 3.4
722.35 6.0
723.50 14.6
724.69 3.5
726.71 7.3
727.45 2.9
728.29 3.5
729.31 9.0
730.04 1.1
732.47 3.5
736.65 6.2
737.83 2.0
740.48 2.8
741.36 6.4
746.28 41.0
747.30 11.1
748.09 4.4
751.91 7.0
754.05 19.7
755.31 31.9
756.29 11.1
757.48 6.7
758.14 7.3
758.76 13.0
760.27 7.0
761.63 6.0
762.47 4.9
763.36 39.2
764.27 11.8
771.22 4.0
772.28 74.5
773.29 49.0
774.39 78.9
775.32 73.5
776.44 11.8
777.42 2.0
778.24 3.4
779.45 7.6
780.43 2.8
790.31 106.2
791.29 63.5
792.46 24.8
794.36 1.4
803.30 1.7
805.41 1.4
806.59 27.3
808.25 69.8
809.36 40.8
810.42 28.0
812.65 17.0
813.41 7.2
814.16 6.9
814.95 5.8
815.65 5.6
816.47 1.1
818.42 4.2
819.49 3.0
820.50 13.2
825.53 1.3
828.55 4.3
830.45 116.1
831.56 34.8
832.64 2.0
833.33 1.7
834.60 1.5
835.33 10.0
836.32 70.8
837.43 137.8
838.39 50.7
839.09 1.6
840.43 10.7
841.47 50.6
842.57 24.6
843.68 1.3
844.66 2.4
846.71 3.7
848.45 5.0
849.58 14.4
850.61 2.2
852.45 7.3
855.57 2.5
857.52 11.4
858.65 7.4
859.38 16.8
861.26 9.9
862.39 2.7
872.47 1.2
873.47 1.9
874.22 1.4
875.30 1.6
876.32 16.8
877.42 20.4
884.58 5.3
885.60 5.8
886.49 3.5
887.51 9.6
894.72 10.7
895.52 1.5
900.55 3.6
901.24 4.7
902.14 6.3
903.40 60.1
904.43 29.8
905.56 10.2
911.24 2.4
914.43 3.3
917.42 13.1
918.47 11.9
919.35 2.4
920.71 10.5
921.59 12.6
922.54 10.3
923.29 3.5
926.54 1.7
935.50 2.6
936.32 10.9
937.24 6.8
938.53 2.1
945.03 5.6
945.63 9.2
950.46 11.0
963.70 2.4
976.37 1.0
1009.92 1.0
1012.45 1.5
1013.59 1.1
1027.91 5.6
1029.09 10.2
