995.51946 2
144.32 32.7
146.01 7.9
147.18 772.8
148.25 105.4
149.41 25.1
150.42 21.3
152.42 8.0
157.21 106.9
158.17 50.2
160.13 25.1
162.18 12.9
164.17 25.2
169.11 56.5
172.21 10.1
175.20 1101.6
176.22 115.9
177.16 59.6
179.31 57.2
181.75 46.8
182.46 10.3
183.30 10.2
185.16 44.0
193.37 8.3
195.09 103.2
197.14 2767.5
198.15 168.2
202.16 1795.5
203.13 546.4
204.16 103.6
205.20 27.8
207.28 79.0
208.29 43.9
209.26 16.2
212.30 15.2
213.25 105.5
214.44 13.4
216.18 58.1
219.52 9.6
220.18 179.2
221.05 13.3
222.21 186.8
223.35 67.7
224.39 138.3
225.21 966.0
226.11 211.6
227.24 52.3
228.76 100.9
230.07 15.7
231.23 65.4
235.37 12.0
240.20 592.2
241.26 149.6
242.20 4507.0
243.20 571.7
244.19 329.9
245.17 89.3
246.34 25.9
247.24 247.0
248.29 111.6
249.17 65.3
250.27 21.9
251.08 15.7
252.34 20.1
253.44 39.8
258.20 883.5
259.30 81.8
260.39 72.6
262.15 17.5
263.53 8.1
265.15 3795.9
266.21 1383.9
267.25 166.7
268.10 166.6
270.52 98.9
271.27 134.0
272.12 10.7
273.31 21.9
276.19 963.4
277.25 123.2
278.57 8.8
279.35 72.4
286.21 687.4
287.23 49.9
288.33 1233.8
289.32 409.2
290.14 85.8
293.13 5908.4
294.16 1925.2
295.16 191.4
298.02 67.3
299.23 36.0
303.21 25.3
304.08 27.9
306.26 40.1
308.62 24.9
310.37 75.2
311.35 120.1
315.02 52.8
316.29 134.0
317.01 8.1
318.22 42.2
319.34 17.2
320.68 9.7
322.12 43.2
324.15 17.2
325.39 74.2
326.19 118.3
327.91 13.1
333.85 90.5
334.96 53.8
336.29 168.5
337.20 59.8
338.45 60.9
339.08 8.8
342.11 25.4
343.29 411.0
344.27 125.3
345.40 68.7
346.49 72.6
349.34 27.4
350.42 81.1
351.36 263.7
352.48 125.5
353.37 509.5
354.44 109.4
355.19 40.3
356.23 24.3
358.23 10.2
359.28 3789.6
360.28 2080.8
361.42 284.1
362.10 24.1
363.07 57.4
365.21 53.7
366.22 13.3
369.25 21.6
371.34 3763.3
372.25 667.9
373.03 8.8
374.45 72.6
375.38 18.1
377.11 62.4
379.23 34.0
381.38 22.1
383.41 66.9
384.72 84.3
386.68 14.8
388.56 77.3
389.21 72.2
390.21 222.9
391.24 12.6
392.27 25.3
393.69 82.4
394.36 30.0
396.30 9.6
397.66 15.2
398.80 17.5
399.50 22.2
401.31 119.3
402.23 97.4
403.11 81.8
404.23 19.8
404.99 43.9
406.25 32.4
407.20 528.6
408.37 317.8
409.49 185.6
410.25 44.2
411.64 144.2
413.33 12.9
414.30 22.4
415.39 8.5
416.39 31.3
417.03 28.1
418.14 14.8
421.25 271.9
422.33 55.7
424.00 353.4
425.21 275.4
426.00 20.4
427.36 28.0
428.16 84.9
429.38 32.0
430.67 94.8
431.38 49.3
432.66 440.6
433.44 4863.0
434.53 36.2
436.34 9.3
437.29 49.0
439.28 2574.5
440.27 450.9
441.95 23773.4
442.79 177.1
443.42 25.7
444.36 327.2
446.45 1614.5
449.29 227.4
450.14 68.1
451.47 21.3
452.50 53.5
454.27 211.0
455.15 247.2
456.16 151.5
458.31 2761.1
459.37 2211.1
460.48 543.3
461.35 240.7
462.40 153.4
464.32 14.9
466.38 143.1
467.33 59.0
469.36 19.0
470.62 56.2
472.23 976.4
473.37 227.1
474.36 121.0
475.11 32.0
476.06 163.3
477.41 89.0
479.45 952.6
480.48 2177.0
481.40 570.1
482.30 47.2
483.23 19.4
485.61 108.9
486.30 22.1
487.09 44.6
489.15 9376.2
489.89 3607.0
491.02 24.9
491.65 11.7
493.20 62.5
498.45 7.3
507.23 82.5
508.25 125.2
509.28 56.1
510.26 63.5
511.21 50.0
512.46 12.4
513.42 40.3
517.18 18.2
518.28 94.1
519.30 463.9
520.27 301.5
521.21 71.2
522.55 19.8
523.76 42.5
525.36 46.2
526.20 26.0
528.69 22.2
529.32 104.3
530.61 36.7
532.12 8.4
533.87 20.2
534.56 28.6
535.32 8.8
536.24 890.2
537.27 492.0
538.25 100.9
539.38 133.2
540.39 91.6
541.42 25.2
543.54 7.0
545.23 22.6
546.10 51.3
549.53 47.0
551.09 10.7
554.39 19.5
555.42 34.9
556.69 59.5
557.38 927.4
558.34 309.6
560.36 45.6
562.45 40.3
565.46 19.4
569.45 79.8
570.31 42.6
571.75 34.2
573.06 95.0
574.67 17.5
575.37 54.2
576.28 26.8
578.35 29.2
579.31 12.6
580.30 71.0
582.22 8.6
583.35 160.0
584.34 28.7
587.43 1462.1
588.46 1581.3
589.45 210.4
590.34 514.8
591.38 188.5
592.28 102.9
593.38 46.6
594.41 17.3
600.32 156.6
601.23 85.1
602.36 65.5
603.99 31.3
607.23 306.0
608.17 811.2
609.25 346.6
610.51 28.7
612.27 7.6
613.79 21.3
617.47 412.9
618.35 474.5
619.27 450.3
620.36 137.2
621.40 40.0
622.03 7.0
622.80 11.8
625.33 8459.9
626.40 3073.6
627.55 64.4
628.32 24.8
629.20 31.8
635.35 1094.1
636.36 821.5
637.29 216.8
638.43 88.0
639.80 265.9
640.47 132.1
641.30 17.5
643.37 19.9
645.36 54.8
646.24 43.4
651.19 32.3
654.98 23.5
656.80 24.5
657.54 25.6
659.63 11.0
661.68 24.2
663.37 78.8
664.62 32.4
666.93 162.2
667.75 140.4
668.45 68.2
671.49 41.8
672.62 123.3
674.19 49.7
675.39 65.9
676.57 24.2
678.19 19.9
684.38 466.9
685.42 482.6
686.43 190.9
687.25 13.4
689.27 310.0
690.40 297.2
691.16 60.8
692.54 109.3
693.70 22.3
696.15 33.1
701.47 8933.7
702.45 12423.4
703.47 2607.6
704.39 420.8
705.85 126.4
706.45 180.0
707.44 284.2
708.58 78.1
712.37 7.0
716.56 14.7
717.47 36.4
718.35 182.0
719.58 311.5
720.49 829.5
721.46 467.6
722.49 28.0
729.22 24.6
731.06 7.0
732.22 48.0
736.36 6512.9
737.46 2408.3
738.43 72.2
745.66 36.3
746.46 171.4
747.41 28.5
752.32 40.2
754.36 50061.6
755.36 17046.5
756.19 20.4
758.02 7.5
759.24 10.2
764.30 444.2
765.36 106.1
766.63 7.0
773.60 32.4
775.49 64.8
782.32 22.3
785.48 116.8
786.13 8.8
787.23 24.9
788.31 49.7
792.37 54.8
801.44 38.6
802.41 424.6
803.51 579.7
804.53 130.2
805.26 21.1
806.45 89.9
812.50 140.4
813.50 241.4
814.42 240.5
815.49 38.6
816.43 7.5
819.27 156.0
820.39 364.5
821.53 67.6
822.51 82.4
829.63 14.4
830.74 548.8
831.56 1600.5
832.43 640.3
833.24 63.8
840.39 122.5
841.51 543.4
842.54 812.7
843.66 200.6
844.43 10.1
846.64 85.6
849.39 3398.3
850.44 1574.6
851.40 17.6
863.30 65.5
864.51 265.8
865.51 166.1
866.39 36.8
867.47 874.4
868.46 242.2
874.96 14.8
875.74 27.6
877.40 148.6
878.61 64.8
882.46 4379.8
883.47 2591.7
891.50 258.9
892.53 459.7
893.47 454.6
894.38 32.9
972.93 17.3
