1129.66155 2
159.07 2.0
166.11 1.2
169.99 10.2
175.25 17.7
176.29 1.1
177.98 1.7
180.11 2.0
181.13 1.6
182.16 1.8
184.36 1.7
187.13 18.0
188.03 7.0
204.29 2.4
208.17 8.7
209.08 13.7
225.14 6.4
226.18 38.1
227.12 7.1
238.28 7.5
239.49 3.3
242.34 17.5
244.09 11.3
245.12 4.2
246.26 118.4
247.28 10.1
248.19 8.1
251.73 9.7
252.45 3.7
258.13 66.6
259.33 3.1
269.29 5.2
270.35 2.4
272.53 1.1
280.33 2.7
281.67 3.3
284.09 1.5
287.24 2.7
292.09 5.4
297.20 80.6
302.05 22.1
307.80 5.9
308.82 4.1
310.19 1.5
313.02 7.1
313.99 4.4
315.29 15.4
316.55 6.5
329.54 1.9
336.26 6.7
337.30 14.2
338.02 3.4
343.34 10.7
354.19 109.5
355.32 26.5
356.24 2.4
359.28 11.4
360.10 3.4
369.43 1.9
371.21 4.1
372.26 4.9
373.16 30.0
374.20 15.7
375.41 2.7
377.66 4.9
379.02 2.2
379.85 2.4
390.44 7.4
400.97 1.9
403.04 4.6
405.32 1.1
407.12 1.2
408.03 6.2
409.29 1.8
412.30 3.1
416.51 13.2
417.46 7.1
420.94 2.3
428.22 3.4
429.05 1.8
431.15 1.8
432.28 1.7
434.34 28.4
438.19 4.7
441.01 4.4
442.23 9.0
443.46 74.1
444.33 16.9
445.29 6.0
446.18 2.4
449.07 1.6
451.15 12.5
453.82 4.3
454.44 1.1
456.32 4.9
459.09 1.6
460.43 1.8
465.30 22.7
466.19 30.8
467.10 10.8
468.37 10.5
471.19 6.3
473.31 3.2
476.96 9.8
479.14 1.9
479.85 3.7
481.11 4.6
483.14 167.6
484.30 46.4
485.42 14.1
487.62 10.0
491.21 12.3
492.34 4.5
493.01 4.3
496.29 2.8
500.40 18.5
501.14 36.1
502.21 2.6
503.04 1.6
503.88 2.6
505.31 14.3
507.47 8.7
508.24 12.7
509.01 12.8
513.24 760.3
514.39 197.5
515.36 20.4
516.38 3.2
517.23 7.2
521.02 23.0
523.88 8.2
525.00 3.3
525.69 1.3
528.27 2.3
529.12 3.3
530.02 2.9
532.05 6.3
533.13 11.5
533.78 8.8
535.52 2.1
538.17 26.1
538.98 4.0
541.53 41.0
543.03 20.8
543.84 3.8
544.53 8.9
547.03 111.1
547.83 86.5
548.47 59.4
549.18 6.2
550.02 20.4
550.79 4.0
551.95 12.7
553.72 4.8
554.48 12.0
556.16 79.6
557.07 10.6
569.44 2.2
576.75 7.3
580.34 16.7
581.20 39.3
582.27 25.9
583.31 2.3
590.93 5.8
598.26 77.2
599.29 39.3
600.36 7.0
603.48 2.2
616.30 32.8
617.09 6.4
618.24 3.3
622.41 1.7
624.36 2.9
628.41 457.3
629.48 174.3
630.44 23.2
631.08 1.8
640.39 2.1
660.11 4.5
675.77 3.4
688.35 20.0
689.42 11.2
695.41 21.5
707.49 3.4
708.33 7.0
709.06 2.4
715.62 2.3
717.23 9.2
719.41 4.4
720.01 1.6
735.42 7.3
738.74 2.0
740.49 2.4
752.36 26.8
753.49 15.7
757.38 64.4
758.23 21.5
758.85 8.1
759.53 1.5
760.39 2.3
767.32 1.9
770.63 1.1
772.51 1.5
775.63 4.5
776.59 4.0
796.43 3.2
811.69 3.7
812.61 3.9
814.45 134.0
815.42 44.0
816.32 5.0
817.57 16.1
818.60 9.5
819.48 1.5
820.59 4.0
821.47 3.9
824.36 2.9
831.49 7.0
832.36 1.1
838.12 19.3
847.44 15.4
848.54 6.5
849.55 2.5
855.41 1.8
856.23 8.3
862.51 7.1
865.49 52.4
866.43 28.9
867.31 6.3
870.52 1.8
883.61 12.9
884.22 7.1
885.44 61.3
886.55 25.3
887.40 13.4
888.62 92.2
889.73 39.5
913.77 6.5
914.77 3.3
917.65 3.1
918.35 1.9
919.72 1.5
920.76 8.0
924.80 3.4
927.54 4.2
936.44 19.6
937.57 12.6
954.39 6.1
973.54 9.8
980.36 4.5
982.89 2.2
983.53 1.8
984.66 1.3
985.26 5.1
1000.30 8.7
1010.22 2.3
1041.65 3.2
1057.79 2.1
