1438.68511 2
214.38 2.1
215.30 1.8
228.34 2.3
229.28 3.9
232.08 3.1
237.99 2.6
240.26 1.0
242.24 1.6
244.26 2.4
253.11 4.5
254.47 2.2
255.23 1.4
256.32 5.9
256.93 1.1
258.05 1.7
259.26 3.9
265.18 2.8
268.27 1.1
269.22 2.3
270.40 4.0
271.46 3.3
277.03 3.7
279.30 1.0
280.12 2.2
286.29 3.4
289.17 18.6
290.38 5.0
295.09 3.6
296.51 1.6
299.15 5.0
304.34 4.9
305.30 1.7
312.12 7.1
312.80 1.4
317.07 3.1
320.10 1.2
322.09 4.3
323.43 12.5
324.42 1.2
331.34 5.6
335.27 2.3
336.35 3.1
338.25 2.7
339.34 8.4
340.43 4.5
344.06 1.8
345.61 1.4
354.22 6.0
355.34 1.9
357.52 1.5
358.39 4.9
361.40 6.3
364.35 1.9
365.16 2.0
367.50 1.1
371.08 2.6
372.16 8.4
375.28 3.4
378.99 1.3
382.27 1.4
383.23 2.4
384.51 3.1
386.27 1.3
388.21 5.0
389.36 4.8
393.31 4.5
394.36 3.9
395.48 2.0
396.26 6.3
397.45 2.3
400.51 2.3
404.42 3.5
405.55 4.4
406.19 6.8
408.31 1.4
411.20 5.6
415.00 5.9
416.33 5.4
418.33 4.0
419.17 2.3
421.03 1.5
421.78 1.6
423.06 1.1
427.25 3.8
428.26 2.1
429.40 5.9
431.17 3.1
432.05 1.5
433.79 3.6
436.38 23.3
437.64 7.1
439.40 2.3
442.25 1.1
446.23 1.8
448.14 1.9
450.48 2.5
453.38 3.4
454.44 1.6
457.08 14.0
459.55 1.7
464.34 4.7
465.21 12.6
468.15 7.3
469.23 9.4
472.38 4.7
476.57 14.3
479.24 2.8
481.99 4.0
483.39 6.6
484.33 4.5
486.10 22.7
487.36 1.9
489.30 8.0
490.07 2.0
491.17 2.2
492.28 11.6
493.38 43.9
494.38 7.4
498.08 11.3
500.38 1.9
501.23 1.7
503.13 11.5
504.34 7.8
505.75 24.5
507.29 21.6
509.02 22.6
510.39 5.3
511.25 2.9
512.24 1.3
513.38 15.6
514.83 10.5
515.59 2.7
516.29 5.8
517.37 1.3
517.98 3.5
519.33 3.9
520.30 14.4
522.19 12.0
523.38 10.6
524.21 3.4
525.22 39.1
525.98 18.0
526.74 1.1
528.19 3.0
530.43 16.2
531.37 7.8
532.52 1.0
533.45 2.0
534.72 5.7
537.98 7.3
541.73 2.3
542.40 13.7
543.37 11.5
547.26 2.2
550.37 123.1
551.46 15.3
554.31 4.9
557.54 2.7
558.36 2.6
559.55 2.6
560.27 6.8
561.28 7.2
562.18 1.9
563.18 14.7
566.44 6.3
568.10 6.3
569.75 10.2
570.53 8.7
571.18 2.2
573.14 7.3
575.20 4.1
578.19 2.6
579.53 2.7
580.56 2.4
582.18 16.8
583.17 15.9
584.32 10.7
585.22 6.8
586.07 7.5
587.30 2.6
588.16 12.2
588.82 1.2
590.26 3.8
591.59 54.5
596.42 1.1
598.31 7.1
600.20 8.4
601.21 20.4
602.20 5.6
603.51 3.9
604.63 7.3
605.34 15.5
606.21 23.5
608.34 1.6
609.51 1.8
611.28 3.5
613.31 11.5
614.36 28.2
615.56 7.4
616.56 3.5
617.90 38.7
618.54 5.3
619.35 3.4
621.37 131.0
622.40 12.2
624.40 2.7
626.03 12.1
627.08 219.1
627.94 4.5
628.83 3.9
630.08 11.7
632.41 7.1
633.44 5.0
635.12 3.1
636.69 9.3
637.42 5.3
638.56 2.2
639.92 5.8
640.53 14.0
641.96 8.3
642.62 2.1
644.42 15.0
645.45 9.3
646.52 6.5
647.58 9.3
648.24 1.3
648.90 4.4
652.37 1.5
654.62 11.8
655.57 5.1
657.25 7.1
659.17 164.9
660.28 41.2
661.27 4.2
662.07 8.4
663.03 6.2
666.76 13.8
667.42 16.0
668.98 2.8
670.75 4.6
672.27 54.9
673.19 6.7
674.38 17.5
675.34 5.6
676.39 6.5
677.49 2.5
679.89 13.6
680.62 7.2
681.27 4.3
682.56 18.0
683.43 18.4
684.24 27.2
685.41 7.3
686.33 13.6
687.44 5.9
689.40 16.9
690.12 11.2
691.57 12.2
692.49 40.9
693.51 42.7
694.11 15.8
695.82 21.0
697.20 24.9
697.85 15.4
699.31 9.2
701.36 51.4
702.17 91.7
703.35 17.3
704.33 4.3
705.75 32.7
707.89 18.3
708.64 11.8
710.53 15.5
711.25 25.3
711.91 5.2
728.13 6.0
729.15 4.5
730.31 9.7
731.58 11.4
735.40 5.8
745.33 2.9
748.91 21.5
749.51 149.7
750.41 40.9
754.53 1.0
755.41 3.1
756.53 9.4
757.73 4.7
758.71 8.4
763.63 1.8
773.51 1.2
775.39 2.6
782.58 2.7
783.47 4.2
799.86 34.9
800.53 39.7
801.46 14.6
803.40 3.0
804.17 1.7
805.50 2.8
809.66 4.5
810.65 1.3
811.53 2.1
818.21 3.2
819.74 3.2
822.44 2.6
830.81 2.3
831.49 3.7
835.44 7.7
840.36 2.6
842.21 2.8
842.87 2.1
852.46 3.6
854.30 1.6
855.66 2.4
856.65 1.1
858.48 1.7
861.47 2.6
864.16 3.6
868.75 2.9
870.77 7.4
871.53 17.5
872.59 19.1
874.37 3.6
879.80 1.7
880.47 3.6
885.39 23.7
886.10 15.2
889.30 10.5
890.55 13.2
896.50 67.4
897.50 5.4
898.85 1.2
900.65 2.5
908.43 6.4
909.57 6.5
910.70 11.1
914.34 2.3
915.58 3.5
916.53 1.8
922.93 3.4
923.60 2.6
924.68 15.2
925.48 1.4
926.60 7.6
927.52 4.8
928.22 11.8
928.84 23.2
929.64 12.7
930.31 4.1
936.56 2.8
940.20 6.6
945.19 5.4
947.63 3.3
948.61 1.2
949.79 1.8
950.61 2.5
953.52 34.5
954.55 6.8
955.40 4.2
968.12 2.2
974.69 5.4
976.85 2.6
977.74 6.2
982.48 1.6
984.04 3.9
985.93 69.8
986.83 12.7
992.06 4.6
993.56 8.7
998.62 8.6
999.58 11.3
1003.24 9.4
1005.70 2.5
1006.67 2.1
1008.46 1.8
1010.51 37.8
1011.60 24.0
1012.97 2.8
1014.54 6.5
1018.55 3.2
1029.77 3.4
1030.62 1.3
1035.82 3.2
1038.59 3.2
1042.58 2.1
1046.49 1.9
1049.51 3.5
1054.49 2.8
1060.90 2.4
1067.56 24.3
1079.14 1.5
1081.35 1.8
1089.48 2.8
1090.62 1.8
1091.78 3.1
1097.90 1.6
1099.69 1.8
1100.61 1.8
1113.59 2.6
1114.59 5.0
1121.34 1.3
1123.62 4.6
1124.72 16.6
1125.67 9.4
1132.87 17.8
1133.66 2.8
1138.38 1.6
1139.61 1.7
1149.50 3.9
1150.61 11.6
1151.63 2.3
1162.50 2.2
1163.74 7.2
1167.61 19.5
1168.54 15.3
1170.49 2.4
1177.63 6.3
1178.75 4.2
1180.84 3.1
1181.77 16.3
1182.40 8.8
1187.22 3.8
1189.50 15.3
1190.53 3.2
1191.97 4.9
1194.28 7.6
1195.77 2.5
1198.74 2.7
1204.50 2.5
1205.35 1.9
1210.00 3.1
1219.77 7.3
1222.49 4.6
1234.12 6.1
1235.85 3.4
1238.59 1.4
1246.79 4.0
1252.80 14.2
1253.77 4.4
1263.80 8.0
1264.74 9.1
1265.49 4.8
1269.56 2.0
1271.59 5.6
1272.76 1.4
1280.81 4.8
1281.79 1.3
1282.89 2.3
1313.79 3.7
1407.79 2.2
