1195.46391 2
175.09 2.0
178.19 1.7
179.07 1.1
187.06 2.3
190.26 1.0
195.53 4.9
200.06 3.6
202.08 5.5
203.36 4.0
212.20 5.1
214.45 1.4
225.22 2.2
229.20 5.8
230.36 1.4
232.28 1.7
233.46 1.5
241.03 2.9
251.14 11.7
257.11 4.1
265.22 24.7
266.19 3.9
267.11 1.7
268.31 2.4
274.80 2.3
276.20 2.3
280.28 3.8
281.24 1.8
281.85 3.1
286.35 4.5
288.49 1.5
293.05 27.7
294.20 5.2
295.44 1.2
297.09 2.8
299.34 2.0
303.31 10.8
306.21 1.5
309.41 1.8
311.36 1.5
313.25 5.1
314.24 9.4
319.30 9.5
321.95 5.2
329.21 1.7
331.46 1.0
334.22 1.9
337.35 3.1
342.38 1.4
344.33 1.4
345.19 2.0
353.15 4.3
354.31 13.9
360.79 3.7
363.27 1.2
367.40 2.0
368.15 1.7
369.12 1.7
371.54 3.7
372.14 1.6
373.28 1.5
374.47 2.0
377.57 2.9
379.05 2.7
381.32 6.5
384.62 8.7
385.89 5.4
387.01 4.4
388.21 10.3
389.22 1.6
391.22 2.2
394.23 2.2
395.26 12.7
400.61 4.8
401.31 2.2
403.18 1.3
404.37 24.9
405.53 4.0
407.41 1.6
408.78 2.6
416.11 1.5
417.25 7.1
418.20 8.5
419.29 4.4
421.05 7.5
422.34 16.6
423.15 3.8
423.92 3.0
427.32 1.1
430.34 5.9
432.29 4.4
437.32 6.8
438.39 4.7
439.57 1.5
441.41 5.9
442.24 1.4
443.25 5.1
444.98 6.0
446.18 3.6
449.29 1.1
450.24 15.3
451.00 1.1
451.62 17.5
452.43 4.4
458.99 8.8
460.33 11.4
462.00 1.2
462.94 7.0
464.44 2.0
465.32 13.0
466.82 1.7
467.76 2.8
468.62 6.9
470.20 8.3
471.49 4.2
473.91 7.1
475.15 18.7
477.11 11.4
477.89 8.1
480.36 6.1
482.33 15.8
483.81 48.5
484.79 12.9
485.57 3.6
487.03 25.4
488.36 13.1
489.28 7.3
492.03 5.4
494.01 19.3
495.81 2.0
496.99 11.3
499.88 39.6
501.29 6.5
502.06 15.4
503.26 17.2
504.42 17.1
505.62 3.6
506.35 5.7
508.90 42.2
510.05 12.1
511.14 3.7
512.17 26.4
512.79 10.3
513.73 5.8
514.37 7.1
515.17 6.2
515.82 11.1
516.90 16.2
518.98 27.0
523.25 21.3
525.59 21.1
527.11 3.9
530.76 3.3
531.70 67.7
532.33 112.6
534.25 158.1
535.25 48.6
536.12 39.1
536.93 8.6
538.03 3.4
538.90 4.3
540.83 58.8
541.48 21.8
544.27 71.7
544.97 9.3
545.91 1.4
547.81 9.2
548.68 1.7
549.46 14.8
550.39 10.3
552.00 2.8
552.95 37.5
554.40 4.5
555.34 2.8
557.39 242.5
558.53 13.7
559.51 19.0
561.26 11.8
562.09 15.2
563.36 1.1
564.14 2.4
566.34 249.9
567.38 113.0
568.32 9.7
569.28 1.5
570.26 4.4
571.11 7.8
572.16 9.8
573.01 3.1
573.83 1.4
574.47 2.8
576.42 244.1
577.40 3.2
580.51 220.4
581.29 64.5
582.80 17.4
583.44 8.4
589.21 439.8
589.91 129.4
618.44 1.3
620.26 1.9
623.87 3.5
624.54 3.9
635.36 1.7
642.31 4.6
643.43 8.8
644.06 2.2
647.39 5.5
658.13 2.4
660.36 52.9
661.47 9.1
662.67 2.2
663.51 13.7
664.31 1.2
665.74 2.3
668.34 5.3
671.10 2.9
677.93 11.0
681.21 1.4
683.53 6.1
686.20 1.2
687.39 2.1
689.44 1.1
695.34 2.3
699.36 3.7
713.22 1.6
714.15 11.5
721.49 3.7
725.06 4.8
731.33 11.6
732.00 18.1
734.51 1.7
735.73 1.5
740.75 1.3
744.29 3.0
746.53 6.7
755.50 2.1
757.48 6.2
761.99 1.5
767.86 1.8
771.64 5.9
773.53 34.9
774.52 38.7
775.34 7.7
780.69 6.1
788.98 1.3
791.45 5.4
792.50 7.7
804.84 3.1
813.54 3.4
822.78 2.1
824.54 3.5
825.48 1.4
829.63 5.9
830.24 8.2
834.58 2.7
835.44 1.1
840.32 1.5
847.32 1.4
849.78 4.6
850.56 3.8
851.60 5.4
852.47 8.6
856.78 2.3
858.83 3.2
861.82 2.0
862.71 3.5
866.66 2.7
875.60 1.9
878.31 1.9
885.01 8.1
886.58 2.0
892.46 3.9
893.68 5.9
902.44 60.0
903.49 19.8
904.50 5.5
905.44 3.8
913.53 1.2
932.47 2.3
935.51 2.9
945.38 5.7
947.81 3.8
949.02 6.0
950.70 3.5
952.13 4.3
953.53 4.3
963.48 5.8
966.04 1.6
967.58 4.8
973.62 1.8
986.00 6.3
987.50 2.4
988.34 4.1
992.47 1.5
995.46 2.2
1003.40 5.8
1005.80 4.7
1017.27 6.4
1020.53 1.3
1023.51 5.4
1031.82 1.5
1033.66 1.1
1067.35 12.3
1095.05 1.2
1136.71 1.8
1156.26 1.8
1157.66 48.6
1158.52 18.6
1197.49 2.1
