1045.56597 2
153.07 1.5
155.18 11.5
156.10 12.9
157.03 21.0
158.15 1.6
159.25 4.4
160.31 10.1
161.16 5.7
162.24 9.5
163.39 2.8
164.18 23.4
165.10 5.4
166.42 11.5
167.35 5.0
168.33 8.7
169.25 13.1
173.22 20.5
174.12 11.1
175.24 5.5
176.11 4.5
177.43 14.0
178.16 4.7
179.28 4.4
181.27 3.6
183.11 30.6
184.22 3.6
185.04 14.0
186.20 2.0
187.18 11.8
188.43 2.4
189.27 19.5
190.28 6.2
191.14 7.9
191.80 1.5
192.97 14.9
194.30 3.0
195.01 4.8
196.04 11.6
198.17 15.3
199.24 7.3
200.51 6.9
201.21 61.6
202.31 6.2
204.09 7.1
205.09 6.9
206.14 5.7
207.10 5.8
208.05 9.3
209.30 10.2
210.19 8.9
211.11 24.4
212.11 3.1
213.32 9.5
214.12 3.5
215.14 14.3
216.34 5.1
219.09 5.7
220.10 1.3
221.14 10.6
222.30 6.5
223.29 10.8
224.66 6.5
225.30 23.9
226.07 9.4
227.29 4.4
228.22 4.0
229.24 15.7
230.24 20.7
231.27 2.5
232.27 1.3
233.40 9.6
234.22 10.8
235.11 5.9
236.25 13.8
238.10 200.3
239.20 28.4
240.58 16.3
241.24 40.4
242.28 16.3
243.20 59.4
244.27 10.2
245.15 9.9
246.36 4.8
247.25 5.2
248.25 15.1
249.15 14.6
250.61 4.0
251.28 14.1
252.20 23.5
253.27 7.6
255.19 3.1
256.08 19.0
257.05 13.2
258.28 22.0
259.28 18.8
260.32 4.0
261.38 30.9
262.24 31.7
263.42 17.3
264.21 10.8
265.15 26.0
266.40 1.7
267.22 8.4
268.43 4.6
269.24 38.0
270.18 176.6
271.40 2.2
272.58 16.3
273.29 15.7
274.10 2.9
275.06 9.2
276.19 3.5
277.25 10.4
278.21 6.9
279.34 9.7
280.17 18.3
281.28 16.2
282.17 16.3
283.17 39.1
284.32 20.3
285.13 31.3
286.51 18.7
287.98 27.8
289.07 10.3
290.54 9.1
291.21 40.4
292.21 4.5
293.34 14.5
294.32 7.8
295.10 19.3
296.24 14.1
297.15 13.0
298.24 9.3
299.20 21.6
300.14 6.3
301.13 7.2
302.71 13.5
303.34 52.3
304.32 16.5
305.24 22.6
306.35 12.2
307.17 34.4
308.24 14.0
309.19 33.8
310.15 9.1
311.38 19.6
312.53 12.5
313.20 39.9
314.07 1.3
315.22 11.9
316.15 8.5
317.26 13.2
318.17 7.1
319.17 13.4
320.75 10.3
321.39 15.8
322.38 19.5
323.21 21.1
324.13 13.5
325.22 28.8
326.36 23.4
327.21 17.9
328.17 7.7
329.63 18.7
330.53 6.4
331.33 5.7
332.11 7.6
333.61 17.9
334.54 9.4
335.31 10.4
336.11 10.2
337.26 12.3
338.24 17.7
339.20 16.0
340.22 7.9
341.31 1.3
342.29 9.4
342.94 1.5
344.25 14.3
345.34 23.6
346.41 12.8
347.41 7.4
349.22 163.9
350.46 5.2
351.43 18.9
352.33 4.6
353.27 12.5
354.40 14.6
355.05 22.3
356.13 8.4
357.44 25.6
358.26 2.6
359.21 15.5
360.23 16.3
361.17 17.6
362.31 25.1
363.18 227.4
364.31 24.8
365.30 16.9
367.05 28.2
368.13 13.2
369.51 36.5
370.99 101.9
372.17 12.4
373.09 14.9
374.30 7.2
375.52 25.8
376.32 128.6
377.30 35.4
378.40 25.1
379.84 481.8
380.64 4.6
381.27 32.0
382.23 10.4
383.31 28.4
384.28 20.0
385.24 10.2
386.10 11.6
387.27 11.4
388.28 6.4
389.25 39.4
390.32 31.9
391.32 29.3
392.26 6.3
393.22 30.6
394.20 12.3
395.07 8.4
396.37 23.6
397.21 23.3
399.32 7.8
400.12 2.0
401.17 8.9
402.17 16.7
403.28 20.8
404.32 11.5
405.62 262.3
406.27 42.9
407.43 40.6
408.45 41.2
409.16 245.1
410.19 19.0
411.33 51.7
412.33 14.7
414.42 3371.0
415.46 14.9
417.24 23.3
418.20 1.9
419.34 20.8
420.23 35.1
421.32 30.9
422.21 8.5
423.41 974.8
424.60 16.0
425.26 17.0
426.28 8.7
427.25 16.5
428.56 20.0
429.27 24.7
430.21 6.9
431.22 16.7
433.10 158.8
434.22 9.1
435.15 39.8
437.31 46.1
438.33 36.6
439.40 146.4
440.39 42.6
441.29 135.2
442.45 41.3
443.35 62.8
444.33 3.9
445.35 15.8
446.27 8.7
447.42 23.4
448.52 7.5
449.30 26.7
450.16 7.2
451.38 13.3
452.51 25.3
453.15 29.8
454.59 9.7
455.56 13.3
456.45 22.8
457.41 18.0
458.30 12.6
459.33 20.0
460.30 28.2
461.34 21.3
462.36 35.7
463.13 75.9
464.26 43.1
465.27 77.1
466.72 33.4
467.33 9.5
468.15 8.6
469.24 8.6
470.26 23.2
471.34 27.3
472.01 13.1
473.37 105.8
474.39 26.7
475.26 211.8
476.47 22.1
477.33 26.2
478.29 23.6
479.25 37.0
480.33 24.9
481.26 8.8
482.16 1.6
484.64 3.6
485.57 10.6
487.11 66.1
488.11 44.5
489.37 104.9
490.32 23.7
491.05 8.6
492.70 8.8
493.61 19.7
494.48 13.7
495.25 32.7
496.23 33.4
496.98 16.6
499.18 2.4
500.98 5.7
501.60 2.1
503.55 8.7
505.26 1597.5
506.17 736.9
507.27 47.6
508.10 2.6
509.27 7.8
511.85 17.2
512.47 8.2
514.28 179.5
514.93 44.6
517.19 2.0
526.03 1.5
539.16 15.0
540.24 3.7
546.28 1.9
557.34 3.7
558.38 3.1
567.37 4.7
568.57 2.2
569.41 2.8
573.01 1.1
573.61 5.2
577.64 1.5
590.34 342.9
591.43 96.1
593.41 5.7
597.35 7.5
599.41 6.1
608.44 15.9
615.14 6.8
618.13 2.6
625.43 2.8
627.60 2.0
632.19 2.3
634.44 10.2
635.37 4.3
643.31 6.9
644.71 4.8
648.29 1.2
652.47 24.5
653.59 2.2
654.65 2.2
657.47 3.0
661.42 72.9
662.49 28.6
670.38 16.7
671.25 4.2
672.69 5.6
676.39 4.1
686.48 1.4
688.66 3.4
693.39 3.0
717.42 2.1
718.93 4.4
720.41 2.4
736.89 1.2
737.53 3.3
740.38 3.6
741.70 6.1
748.79 9.5
758.43 597.5
759.49 196.5
763.94 5.9
766.28 11.0
767.58 6.4
768.87 2.0
773.22 2.8
776.22 5.6
778.57 3.4
779.43 5.5
783.72 6.2
784.74 3.2
785.59 3.7
789.43 1.9
798.60 2.2
827.62 11.2
828.32 2.2
835.27 6.2
836.28 6.2
845.45 298.1
846.53 93.5
852.41 2.6
853.42 1.1
855.51 22.9
856.42 3.0
900.81 1.7
912.09 1.4
914.52 1.3
915.65 1.8
932.50 51.7
933.36 11.0
942.58 11.9
943.63 3.2
966.97 2.6
1022.93 4.4
