1153.45598 2
169.08 2.3
177.39 5.6
178.32 3.8
185.06 4.6
187.19 3.5
189.22 1.6
200.11 2.3
201.20 6.2
206.14 3.2
208.99 2.3
210.00 7.7
211.32 2.1
217.30 1.8
221.16 59.6
223.21 3.0
227.19 1.3
229.13 3.3
232.20 1.5
233.11 1.8
234.07 2.2
234.98 5.9
237.32 1.8
238.97 1.4
241.99 3.0
246.33 4.0
247.16 1.6
249.25 5.4
250.22 3.0
251.16 9.3
257.32 1.8
258.22 4.3
259.25 1.7
260.16 5.0
261.07 2.9
262.03 13.7
265.23 6.0
265.94 3.8
267.21 26.2
270.09 1.1
271.16 1.8
274.26 3.1
278.19 14.5
280.16 14.3
281.15 36.7
282.53 3.3
285.18 2.5
287.22 1.7
290.38 2.0
291.30 6.1
292.32 2.2
295.28 3.5
296.41 4.6
297.54 7.6
298.28 3.1
300.08 9.6
301.36 3.3
304.31 2.9
305.37 1.2
306.18 1.5
306.88 1.3
309.37 2.7
313.23 3.6
316.13 3.0
320.04 1.2
322.07 1.3
323.42 1.7
324.38 3.2
326.20 5.2
327.02 6.3
329.36 7.7
330.36 6.7
331.27 2.2
332.16 7.2
333.02 2.3
335.29 1.6
336.16 3.3
337.94 19.7
340.13 3.8
341.15 2.0
342.17 1.9
345.23 1.6
346.14 3.2
347.24 8.2
347.96 2.8
349.22 2.4
350.21 1.8
351.27 2.3
355.06 85.5
357.13 8.3
357.99 2.0
359.00 4.4
361.23 4.6
362.55 4.8
365.27 5.5
366.19 11.7
367.03 4.1
368.28 5.0
371.07 2.7
371.77 2.2
372.71 7.0
373.42 3.5
375.54 3.8
376.31 4.6
377.33 7.9
378.37 3.2
380.80 3.1
382.09 7.4
383.87 12.3
385.33 6.3
386.22 8.8
387.08 7.7
389.38 4.4
390.32 6.9
391.46 10.7
392.28 6.7
395.15 11.8
395.93 7.1
397.40 4.9
399.10 6.5
400.24 3.2
401.22 9.2
401.91 4.1
403.20 1.8
404.25 4.0
406.26 3.0
407.34 8.9
409.28 4.9
410.15 10.8
412.18 6.7
414.09 7.2
415.19 28.9
416.09 3.0
416.92 9.0
424.22 13.7
425.32 4.7
428.18 3.1
429.71 4.1
431.95 16.1
432.94 8.1
433.62 2.3
437.06 2.8
439.88 26.3
441.47 20.8
442.22 3.2
444.39 1.9
445.30 4.5
446.12 14.0
447.39 8.0
448.39 22.7
449.54 3.1
450.29 1.9
452.57 1.0
454.41 1.8
455.82 62.4
456.51 1.5
457.96 3.3
459.21 11.3
460.26 22.2
461.69 10.2
463.02 31.7
464.11 6.6
465.33 2.6
466.42 16.5
467.10 3.0
468.10 19.0
469.15 5.2
470.29 2.8
471.13 6.5
472.61 3.2
473.62 10.2
475.23 20.5
476.73 3.1
478.26 52.4
479.27 52.4
480.22 6.5
481.68 3.7
484.20 29.1
484.94 2.5
486.20 3.8
487.27 1.8
488.19 22.3
489.19 40.1
490.49 22.7
491.45 1.4
492.18 4.9
495.48 9.6
496.32 2.7
497.29 13.7
498.27 3.4
498.96 1.5
501.16 2.5
502.07 21.8
502.67 5.7
503.46 8.9
504.37 171.2
505.27 5.8
506.43 6.0
507.24 1.3
510.61 94.1
511.26 48.5
512.10 13.0
513.41 462.8
514.63 5.1
515.66 2.3
516.40 1.8
517.31 2.4
518.33 14.2
519.89 258.6
520.85 11.1
521.94 6.9
523.10 5.7
524.45 3.6
525.63 8.5
527.00 10.7
529.05 17.2
529.93 7.1
531.49 12.8
532.45 15.0
533.33 18.0
534.46 7.8
535.61 3.3
536.21 1.0
537.46 6.8
539.11 17.0
540.34 16.5
541.45 68.8
542.28 178.6
543.50 14.6
544.18 1.2
545.44 3.1
546.35 26.4
547.10 10.7
547.96 3.1
549.29 19.2
550.08 12.8
551.24 25.7
551.92 9.9
552.67 4.2
553.78 9.5
554.74 19.5
555.53 30.8
556.96 22.0
558.50 72.7
559.47 311.3
560.29 151.6
561.11 19.6
562.13 16.5
563.99 22.7
564.85 25.0
565.47 9.8
568.14 326.7
568.84 220.8
584.54 3.7
597.30 14.0
602.05 15.7
602.74 5.4
604.63 6.4
607.58 3.2
610.45 3.6
613.47 5.7
616.00 2.5
616.96 2.3
618.29 4.7
619.58 6.6
621.65 3.5
625.50 3.3
632.39 16.5
633.89 7.0
641.30 9.3
643.18 4.7
644.37 4.9
646.99 4.7
651.73 6.1
652.93 6.4
654.11 4.2
656.40 12.7
657.48 8.9
658.89 5.9
662.50 2.0
663.40 6.8
664.45 3.0
665.57 6.7
668.32 6.2
670.49 6.5
671.37 1.1
672.18 1.7
674.39 18.7
675.38 43.4
676.18 5.2
678.19 12.3
680.62 1.3
682.94 7.5
688.26 20.1
689.34 4.0
690.57 2.9
691.58 15.0
692.72 20.8
697.33 1.2
698.26 15.5
702.10 8.9
703.92 6.0
705.95 5.3
706.76 9.2
707.73 10.4
708.37 5.2
709.91 7.5
715.50 21.1
716.47 11.3
718.15 4.1
718.94 13.0
725.98 13.1
728.16 8.7
731.18 13.7
734.34 10.3
741.53 11.8
742.68 2.7
744.85 13.5
745.65 8.2
746.47 5.2
750.05 4.9
751.42 1.4
752.33 3.1
758.18 6.7
758.92 6.5
761.84 5.1
762.52 4.8
763.32 5.4
765.33 1.3
767.39 2.1
774.24 10.0
776.41 5.6
778.28 2.2
779.09 11.2
779.80 2.4
782.60 6.4
784.18 7.6
791.53 4.4
793.43 3.9
796.41 5.1
797.07 6.2
798.78 14.8
799.44 1.8
800.36 6.5
801.47 5.3
804.48 2.0
805.68 2.6
806.53 2.5
816.39 20.2
817.49 8.0
822.34 2.3
827.13 2.6
827.74 4.5
832.42 16.9
836.16 4.6
838.60 2.9
839.52 4.6
840.82 11.6
844.83 10.5
845.51 2.6
851.88 3.6
853.94 4.3
856.52 4.5
857.57 4.1
862.58 2.4
864.78 3.0
865.86 5.8
866.59 1.0
868.41 1.5
870.48 4.9
871.60 9.8
874.76 2.2
875.46 14.3
878.47 8.7
882.13 3.9
888.54 49.7
889.42 16.3
890.80 4.3
894.41 6.3
896.15 1.8
898.97 5.9
904.52 1.4
905.53 5.0
908.42 1.8
911.22 1.7
928.46 4.2
941.11 2.1
942.35 4.7
945.55 1.0
948.68 8.3
951.73 14.9
957.64 3.5
958.93 1.2
962.54 4.8
966.67 3.1
967.35 1.5
968.55 6.8
969.66 1.5
970.61 2.7
971.91 3.8
973.37 4.9
975.38 2.4
980.83 2.8
983.72 1.4
985.44 50.3
986.41 27.1
987.29 5.6
989.33 1.1
990.44 11.4
997.68 2.2
998.46 2.3
999.51 1.5
1003.43 242.3
1004.37 78.0
1007.75 9.2
1008.48 15.4
1016.55 23.4
1017.92 6.2
1020.59 1.2
1023.48 1.9
1024.33 3.2
1025.28 8.3
1047.65 9.0
1070.87 2.8
1096.91 2.8
1113.49 14.0
1115.75 4.3
1116.55 1.5
1131.62 35.0
1132.64 23.5
1163.97 1.7
