913.5477199999999 2
128.10 2.3
129.35 2.0
133.19 1.7
134.07 3.1
137.24 3.1
139.12 2.1
143.23 376.6
144.03 16.6
145.06 3.6
146.14 2.0
154.30 2.3
155.11 3.1
157.23 4.0
159.39 3.0
160.27 7.3
161.15 5.8
162.14 10.4
165.22 7.3
166.05 4.1
167.99 3.2
169.09 2.0
171.07 12.8
172.05 6.9
173.41 2.7
174.31 1.2
175.30 9.9
177.23 2.1
178.17 10.4
181.22 5.0
182.24 1.3
183.03 7.2
184.17 9.2
185.17 4.9
187.23 5.5
191.08 9.5
192.12 3.0
195.10 5.8
196.10 8.1
197.24 35.5
199.30 8.5
201.19 9.2
202.40 1.4
207.29 10.9
208.19 1.0
209.26 1.5
210.22 5.1
212.45 11.1
213.19 6.4
214.07 66.7
215.24 2.5
216.10 2.3
217.34 1.4
218.04 2.4
220.97 2.6
222.19 2.2
223.19 1.6
224.98 4.3
226.93 1.0
228.08 1.3
229.11 4.6
230.19 2.7
231.28 7.2
235.28 9.4
236.06 3.7
238.04 5.1
242.15 392.7
243.08 26.1
244.19 4.3
245.65 15.4
246.33 5.5
247.03 7.3
248.54 9.3
249.18 10.6
249.98 3.1
252.61 1.0
254.07 13.9
255.19 2.3
257.02 3.7
258.29 5.8
258.94 3.4
260.30 15.1
261.11 12.3
262.25 5.9
263.04 16.6
264.12 16.1
267.28 3.9
269.21 4.5
270.17 6.0
272.17 118.4
273.22 7.7
275.42 2.5
276.94 9.5
278.29 24.7
279.23 3.9
280.30 21.9
281.40 6.0
283.38 1.1
284.03 1.2
285.41 7.7
286.19 9.7
288.23 3.8
289.59 2.8
292.22 2.6
294.35 8.8
295.05 1.6
296.31 7.6
298.28 53.6
299.38 4.2
300.39 5.4
301.28 1.1
302.18 1.3
303.00 5.5
307.13 3.4
308.27 2.6
309.28 8.5
310.38 5.3
311.44 14.9
312.19 12.8
313.19 14.5
314.15 4.3
315.42 5.1
316.28 8.3
318.32 2.1
319.23 1.2
320.32 4.7
321.17 3.9
322.40 40.8
323.39 5.7
324.08 3.5
325.24 27.6
326.32 11.1
328.11 4.5
329.21 11.6
330.33 6.9
331.22 10.1
335.06 4.5
335.89 6.1
337.32 12.2
339.13 3.9
340.23 6.3
341.04 3.4
343.10 147.1
344.11 25.9
347.17 1.8
348.19 7.0
349.22 5.8
350.44 3.4
351.59 3.4
352.98 6.6
354.41 10.6
356.19 8.3
357.19 12.7
358.28 16.3
359.31 2.9
360.18 6.0
361.29 113.4
362.29 24.2
363.74 48.0
364.86 12.7
366.05 18.3
367.40 2.9
368.19 5.7
369.20 8.5
370.33 6.5
371.31 58.1
372.22 14.0
373.12 1.0
375.26 11.3
377.38 6.0
379.33 80.0
380.43 6.3
381.35 2.4
381.98 3.8
383.11 8.8
385.33 111.1
386.16 10.7
386.87 1.4
389.58 1.1
391.40 7.0
392.55 10.5
393.72 10.4
395.30 12.8
396.64 9.9
397.24 47.5
398.14 24.9
399.10 11.8
399.86 7.4
400.52 2.5
402.48 4.5
404.16 12.0
405.88 3.3
407.21 5.1
408.37 9.9
409.61 5.9
410.45 2.3
411.34 13.4
412.23 4.2
413.35 43.5
414.25 22.1
415.59 7.4
416.72 13.4
417.93 4.1
419.09 34.8
419.76 14.5
420.58 5.5
421.25 33.1
422.23 26.2
423.73 24.4
424.37 74.2
425.91 828.7
427.16 17.5
427.98 44.3
429.18 10.3
430.19 8.2
431.28 10.4
432.86 25.6
433.90 15.0
434.93 465.9
435.98 27.2
436.85 2.5
437.50 2.3
439.18 541.7
440.17 260.6
441.79 49.3
442.42 32.5
443.08 2.9
445.65 6.8
448.40 2584.9
449.31 29.0
450.03 8.9
451.16 11.4
451.90 4.5
466.37 10.0
472.42 384.5
473.43 46.8
474.55 4.0
477.49 6.2
484.24 26.3
485.31 10.5
486.47 2.2
488.17 1.3
491.91 4.3
499.62 5.2
500.26 2.9
503.22 2.7
510.44 1.6
511.34 8.2
512.17 6.3
517.32 3.6
522.46 8.2
527.51 8.3
529.39 14.2
534.11 4.7
536.42 2.8
539.29 1.7
547.43 1.9
552.10 12.4
553.37 5.4
554.15 3.1
555.39 2.2
557.30 6.7
561.53 4.3
562.21 6.8
563.98 4.0
566.37 6.4
567.35 4.5
568.57 2.3
569.43 5.9
571.40 248.6
572.34 27.2
574.35 21.3
575.26 2.8
579.39 4.2
580.28 2.5
581.28 5.7
582.11 4.3
584.40 3.1
587.52 3.9
588.36 2.5
592.32 6.8
593.31 4.0
594.66 1.8
596.14 2.9
598.65 2.3
612.23 1.4
613.55 3.2
615.50 7.1
620.47 5.7
622.70 2.3
624.34 29.5
625.52 6.7
626.58 1.2
627.33 4.3
628.41 2.2
641.40 1.7
642.59 1.8
644.28 1.3
654.60 6.4
655.76 1.9
659.58 1.7
662.19 1.9
663.52 12.4
665.29 10.9
667.49 3.6
671.09 8.7
672.46 1913.7
673.51 360.1
681.00 2.4
682.69 4.1
685.86 5.0
687.31 6.9
689.46 1.9
690.69 1.3
693.36 1.8
694.35 2.3
700.49 3.6
702.16 5.5
707.38 8.2
708.39 5.4
714.35 5.3
715.47 2.4
725.52 104.8
726.65 6.5
727.60 2.6
730.44 2.8
735.46 1.5
736.50 3.0
737.51 15.9
738.56 1.8
739.47 1.7
740.55 4.8
743.48 397.5
744.54 125.9
750.54 2.3
752.67 3.3
753.50 10.1
754.51 1.3
755.55 1.7
756.50 4.2
758.35 4.0
759.62 1.9
767.58 3.2
768.70 1.7
771.66 3.1
783.33 1.7
785.53 26.3
786.89 4.4
787.62 4.2
789.65 2.6
814.55 4.5
831.70 3.7
