2230.21733 2
322.37 2.5
325.16 1.4
330.36 2.1
341.27 3.2
342.10 5.1
343.23 9.1
344.40 2.0
345.31 5.4
346.17 2.3
347.09 1.4
352.53 3.2
357.46 2.1
358.38 2.9
359.28 1.9
363.56 1.3
376.09 7.3
377.18 4.3
383.37 4.0
392.30 1.6
395.57 2.5
396.20 2.6
398.32 3.5
406.31 2.9
411.22 6.7
413.21 1.4
414.49 1.3
420.35 3.1
421.41 2.1
422.44 6.1
425.35 8.4
428.13 15.9
429.48 1.7
430.33 1.8
431.27 3.0
434.26 1.2
438.35 3.8
439.54 1.8
443.29 1.5
445.03 6.6
453.35 3.9
454.42 7.4
456.44 2.9
457.36 3.9
458.29 4.1
460.47 1.6
461.31 2.8
464.18 1.7
467.34 2.6
471.45 1.1
472.07 2.7
473.95 2.8
478.68 3.4
481.25 1.6
487.44 1.1
489.53 15.7
490.88 6.3
494.35 2.2
496.34 6.4
497.13 7.8
498.24 1.0
501.70 4.0
505.31 4.4
506.54 2.5
508.13 3.6
512.43 4.8
513.60 4.2
514.50 8.7
515.15 2.5
522.27 2.9
523.49 3.9
524.36 8.1
525.30 3.1
527.48 5.3
535.17 3.8
538.18 4.7
539.38 4.3
540.20 18.4
541.22 8.5
544.21 6.1
548.31 7.2
549.42 1.3
552.40 6.3
553.05 2.4
556.82 3.4
557.49 2.9
558.09 2.2
559.35 8.1
566.51 2.4
568.45 5.5
569.22 4.9
570.63 12.1
571.49 6.6
572.36 8.8
573.31 3.4
574.40 7.3
575.52 2.7
579.49 8.5
584.38 3.3
586.46 3.9
587.13 4.7
588.60 2.4
590.27 12.0
590.99 8.3
591.77 5.8
592.52 3.8
599.59 3.0
600.38 4.1
601.65 20.9
603.80 2.3
606.33 2.5
607.43 3.0
608.27 3.4
609.44 13.3
610.30 3.2
611.70 2.3
625.01 3.4
627.35 29.5
628.65 9.7
629.51 2.9
630.80 3.1
634.39 4.3
637.30 6.4
639.25 4.6
640.80 13.9
643.42 2.7
650.67 2.0
651.45 4.4
652.24 8.7
653.36 19.0
654.37 3.9
655.37 18.5
656.37 5.1
657.21 9.3
657.89 31.8
658.61 3.8
661.54 9.6
663.02 12.9
663.75 2.7
664.81 1.9
665.41 4.2
666.28 3.3
667.37 6.4
668.53 1.6
669.50 2.9
670.53 11.6
671.38 2.7
673.91 3.1
677.41 2.5
679.48 1.6
681.29 6.1
682.36 10.9
683.25 3.8
684.52 5.8
685.26 7.2
687.49 1.3
688.95 3.2
689.72 5.1
691.76 6.5
696.94 2.9
697.58 1.8
698.57 6.6
699.46 1.2
701.91 4.9
704.50 7.3
705.63 6.9
706.49 4.4
712.50 2.3
713.69 3.7
714.62 7.7
715.30 6.9
716.20 1.1
720.47 2.2
722.70 1.1
723.30 6.6
724.47 2.6
727.40 4.3
732.43 4.3
740.46 35.4
741.49 18.2
742.54 5.4
743.70 4.6
750.22 11.1
750.95 3.3
755.42 3.1
758.40 116.3
759.47 31.4
760.38 17.5
765.52 2.6
766.74 6.4
768.39 17.8
769.79 8.6
770.61 5.9
771.80 11.0
773.13 3.4
774.59 3.1
776.84 6.9
780.29 39.2
781.09 6.6
782.41 11.1
783.50 2.3
784.75 9.2
785.37 12.7
786.32 13.5
787.31 8.7
793.42 2.3
798.10 3.1
798.75 2.1
799.62 3.8
801.65 3.8
803.02 9.5
803.62 2.8
806.05 2.6
807.19 5.5
808.96 3.1
809.80 3.6
810.62 6.2
811.63 6.7
812.25 2.6
813.94 4.5
814.57 1.9
819.40 14.1
821.61 3.2
822.34 4.4
823.60 5.4
826.62 8.3
827.85 41.6
828.70 15.2
829.48 3.4
830.58 3.1
832.68 6.7
836.82 296.7
837.63 45.9
838.55 9.7
841.08 4.4
842.23 6.3
845.58 97.5
846.56 37.0
847.70 3.6
850.47 2.9
853.72 3.7
856.49 17.1
857.74 4.6
861.35 8.3
862.83 20.5
864.25 2.7
866.63 3.1
868.57 1.3
869.67 7.8
871.97 6.3
872.69 3.2
873.54 7.9
874.46 1.3
876.67 11.5
879.48 4.6
880.60 8.0
881.50 15.7
885.07 4.0
886.12 12.0
887.29 11.9
888.27 7.0
889.29 1.5
892.54 3.8
894.43 44.2
896.65 5.1
897.35 10.0
898.51 31.2
899.46 5.6
900.38 3.0
903.71 5.7
904.74 3.8
905.73 2.2
907.79 6.0
914.51 21.2
915.49 10.0
916.27 5.5
917.33 8.5
919.78 8.9
920.77 12.7
922.21 6.1
923.51 7.4
925.22 1.3
927.15 6.2
929.16 14.7
930.24 1.4
932.48 285.3
933.66 127.9
934.54 15.8
935.58 1.6
940.39 3.2
942.51 58.8
943.15 64.5
944.27 6.2
945.16 1.4
951.24 335.1
952.21 92.7
952.92 5.1
953.72 16.0
954.64 4.3
955.82 2.5
956.83 2.1
957.45 5.7
960.11 15.3
962.55 1.2
965.23 4.0
968.24 7.3
969.73 18.9
971.23 20.1
972.45 7.9
974.66 3.8
976.64 7.7
977.91 7.1
978.51 2.2
979.77 8.5
980.61 5.4
983.75 3.0
984.99 4.1
985.94 4.0
988.58 4.0
991.48 23.2
992.65 4.5
993.77 8.1
994.62 16.1
996.25 5.8
997.00 1.1
1000.30 25.6
1001.17 17.1
1001.92 6.2
1005.47 3.6
1008.53 37.7
1009.22 55.5
1010.32 9.3
1011.33 25.1
1012.72 34.5
1013.36 1.9
1015.36 7.1
1023.62 3.0
1027.58 35.9
1028.41 22.0
1029.11 8.0
1029.73 4.0
1030.58 3.4
1033.56 4.1
1034.53 11.0
1037.57 1.1
1038.60 2.5
1039.95 30.4
1040.63 11.0
1042.53 4.9
1043.21 5.7
1045.59 338.9
1046.65 99.9
1047.64 27.6
1048.61 3.2
1051.16 6.6
1051.96 10.4
1052.85 1.4
1053.64 7.1
1054.81 9.6
1055.68 7.6
1056.62 3.0
1057.64 5.8
1058.84 7.3
1059.76 2.1
1063.49 2.4
1066.97 2.7
1067.68 5.7
1068.41 5.6
1070.17 21.4
1071.22 5.3
1072.42 12.5
1075.92 16.6
1076.75 15.1
1078.94 8.9
1079.97 18.7
1081.42 3.7
1084.97 30.1
1085.85 5.7
1087.20 8.5
1088.24 6.0
1089.52 22.3
1090.18 11.5
1092.58 20.0
1093.73 140.6
1094.47 86.4
1096.04 11.0
1096.78 3.3
1097.86 60.7
1098.54 68.3
1099.27 21.4
1101.59 19.0
1115.00 2.7
1116.43 13.2
1117.76 3.4
1120.82 2.3
1124.64 5.0
1125.73 4.3
1132.71 4.1
1139.58 3.0
1141.63 17.0
1142.57 5.3
1143.96 10.7
1147.50 1.1
1150.40 2.1
1152.38 2.6
1153.71 6.3
1154.45 3.7
1155.60 2.9
1157.49 5.8
1158.64 7.2
1159.58 5.1
1162.00 4.3
1166.58 17.0
1167.63 9.5
1168.73 18.6
1169.61 9.0
1170.93 3.7
1172.98 6.9
1173.77 2.5
1183.68 13.7
1184.71 11.8
1185.72 152.1
1186.81 76.1
1187.74 26.2
1188.59 6.6
1194.80 3.7
1198.92 3.9
1201.69 314.8
1202.82 151.7
1203.98 21.6
1209.14 1.1
1209.83 1.8
1211.68 4.6
1212.79 1.5
1213.60 4.3
1218.96 3.0
1221.57 2.5
1230.41 1.8
1237.59 5.8
1243.43 1.0
1244.78 1.6
1247.87 2.1
1248.81 1.9
1250.54 1.6
1252.79 4.7
1254.40 7.4
1255.98 5.4
1258.45 5.1
1260.84 4.8
1265.86 1.5
1270.93 1.6
1271.76 2.4
1272.83 1.6
1276.02 4.0
1279.91 1.3
1280.73 6.4
1281.54 3.9
1296.65 15.3
1297.67 19.0
1298.68 73.6
1299.92 68.7
1300.90 12.9
1303.72 4.0
1304.96 4.8
1305.81 1.1
1307.12 1.0
1311.80 2.0
1312.50 2.7
1314.78 125.5
1315.84 70.6
1316.94 14.8
1323.93 9.7
1325.05 5.7
1325.87 4.6
1326.82 6.2
1332.54 5.9
1333.61 2.4
1341.88 1.5
1345.90 1.6
1349.98 1.7
1351.96 3.4
1352.84 6.0
1355.96 1.3
1356.90 5.8
1359.66 12.3
1366.76 1.7
1368.01 16.8
1368.80 7.1
1369.68 2.5
1382.54 1.1
1384.66 3.0
1386.03 29.5
1386.88 11.3
1387.93 3.3
1388.93 2.4
1392.56 4.2
1394.51 5.2
1400.51 6.1
1403.27 1.6
1403.93 3.2
1408.05 14.3
1408.88 6.7
1409.78 6.9
1411.93 4.2
1421.75 1.7
1427.82 72.6
1428.92 35.2
1429.94 17.0
1431.57 3.8
1436.70 29.0
1437.87 15.5
1438.88 6.7
1440.30 18.5
1441.31 9.9
1445.66 1.6
1454.66 32.4
1455.96 28.0
1457.06 6.2
1459.98 6.8
1460.84 4.0
1472.05 2.8
1473.05 20.8
1473.92 11.6
1474.74 3.7
1477.91 10.5
1482.08 5.4
1484.59 1.6
1487.77 2.2
1492.08 2.1
1493.15 1.8
1497.14 2.4
1498.60 3.1
1499.82 1.6
1500.94 4.9
1507.91 2.9
1510.01 2.2
1516.40 2.1
1518.18 3.1
1524.08 3.6
1526.10 6.6
1531.23 5.7
1532.77 1.7
1540.56 1.4
1542.05 7.4
1542.74 3.1
1543.95 6.6
1550.80 8.0
1555.90 2.7
1556.93 2.7
1558.98 66.0
1560.03 35.3
1561.12 8.6
1566.63 1.9
1568.82 1.7
1569.74 8.4
1570.89 2.8
1588.09 3.9
1595.01 1.4
1598.65 3.5
1612.99 6.7
1613.80 1.4
1624.56 4.7
1637.09 2.1
1640.66 7.8
1641.51 3.6
1645.91 3.3
1654.05 1.1
1667.73 2.0
1670.05 4.6
1671.81 13.0
1672.77 10.0
1673.48 2.2
1674.32 1.9
1677.26 1.1
1680.08 1.4
1689.65 1.3
1699.03 1.4
1707.48 1.4
1724.05 2.5
1725.21 5.4
1735.90 2.6
1737.07 4.8
1741.98 9.1
1742.82 6.4
1743.98 3.2
1746.12 5.2
1751.17 4.2
1755.24 2.9
1787.24 10.6
1790.15 2.2
1794.02 2.7
1795.30 2.1
1796.22 1.4
1812.92 2.4
1828.95 1.5
1838.40 2.9
1854.33 2.4
1855.31 4.2
1857.08 4.3
1872.46 4.6
1884.55 2.1
1888.36 2.5
1900.97 2.3
1939.88 2.3
1970.10 3.6
1985.52 1.9
1989.72 3.1
