881.5217799999999 2
129.24 85.8
130.21 18.5
138.21 6.4
146.28 17.7
156.28 14.4
157.25 37.9
158.16 20.2
159.16 26.8
172.19 5.3
173.20 15.7
174.33 13.1
175.31 71.7
176.28 62.8
179.08 14.7
180.14 11.0
182.35 35.4
183.37 21.8
185.22 9.1
186.25 17.3
187.20 6.1
188.22 15.6
189.05 9.4
195.18 13.6
197.34 37.3
198.04 24.5
209.35 13.4
211.23 8.2
216.25 5.2
220.30 18.4
223.25 19.3
224.41 14.1
225.25 5.1
226.22 49.7
227.19 29.7
228.31 7.7
230.15 17.7
232.45 11.6
235.03 7.2
241.43 18.2
243.40 7.5
248.38 14.0
250.24 49.8
253.33 15.0
254.13 65.9
255.38 104.3
256.07 11.3
259.33 15.2
264.17 7.7
267.35 14.9
268.19 13.2
268.98 20.2
270.09 7.1
272.19 318.9
273.34 72.5
275.26 85.0
277.07 8.2
280.21 8.4
283.19 20.0
284.16 13.4
285.04 12.8
286.31 18.0
287.36 31.8
287.98 30.5
290.65 76.3
294.29 7.8
296.53 114.4
297.23 9.4
298.56 11.3
305.36 141.2
306.48 28.2
308.57 6.9
309.53 9.5
312.54 6.8
316.14 27.4
316.82 132.2
317.68 47.8
322.88 20.6
324.20 56.1
324.86 21.3
325.90 18.3
326.89 71.7
327.84 238.2
330.78 11.1
332.17 15.7
333.03 19.7
337.45 252.6
339.56 146.1
340.85 72.0
341.98 7.4
345.60 15.0
346.97 134.8
347.74 16.1
348.87 96.5
349.52 11.0
350.52 14.6
351.70 37.4
353.61 20.0
354.36 100.2
356.50 5.0
358.27 24.0
361.00 91.9
363.22 1087.2
364.01 50.5
365.30 227.0
366.72 37.0
367.41 85.5
368.54 63.1
369.26 90.2
370.06 55.9
371.34 62.4
372.64 83.1
373.68 277.0
374.35 126.0
375.46 7.6
377.46 10.1
378.24 30.5
379.91 575.3
381.16 76.7
382.41 461.4
383.47 107.2
384.22 162.1
385.35 294.0
386.64 131.6
387.40 54.9
388.90 4898.9
390.22 629.5
391.51 70.8
392.58 320.2
393.24 249.2
393.90 55.5
394.96 298.6
395.92 1329.0
397.30 116.9
401.65 5049.5
402.40 1696.0
403.78 1028.3
404.66 465.4
405.55 69.0
407.13 8.3
407.99 194.6
409.96 8915.1
410.92 41575.7
411.84 1736.7
413.48 350.2
414.50 316.4
416.91 2178.0
417.90 181.7
418.92 20543.9
419.87 1228.9
420.91 10.4
421.92 11.5
422.76 4270.3
423.43 2994.8
424.45 41.2
425.92 7875.2
427.00 82.5
428.33 16.6
431.94 68050.0
432.84 2520.8
433.48 92.3
436.12 6.0
452.37 83.6
453.37 28.0
454.35 23.1
456.29 10.4
468.48 20.2
472.33 1281.1
473.43 176.4
474.46 15.6
477.36 14.3
478.29 28.3
479.25 21.9
480.36 10.4
492.28 14.1
495.44 7.2
497.26 66.5
507.39 9.2
511.27 12.2
520.46 10.4
535.33 53.6
536.26 32.4
536.98 13.4
537.66 24.3
539.62 11.2
541.27 14.8
545.27 30.8
547.43 14.6
550.44 34.0
553.38 7.6
561.34 5.8
562.54 15.0
566.58 13.3
567.45 29.5
569.87 8.4
571.64 9.8
572.54 8.1
573.45 26.6
575.01 63.9
576.47 9.5
578.88 36.2
580.56 34.1
581.46 81.2
582.51 6.2
583.57 28.2
592.21 22.8
593.36 24.4
594.32 8.1
595.41 42.3
601.54 14.1
606.29 16.4
607.28 11.2
609.48 84.6
610.47 33.5
611.45 49.9
613.59 27.7
614.42 11.5
617.81 5.2
620.60 25.6
626.41 56.0
627.40 13.8
632.21 15.6
633.62 29.9
634.39 10.9
635.63 67.7
636.58 82.3
651.19 26.1
654.47 165.3
658.52 20.4
661.37 79.6
662.19 19.1
663.46 13.5
676.28 12.1
677.22 8.1
678.39 13.4
679.54 102.1
680.51 75.3
682.27 53.2
688.53 9.2
694.83 11.6
695.59 8.6
696.46 45.5
702.43 12.6
704.62 21.2
705.58 55.6
706.59 155.3
707.62 165.5
708.64 8.2
709.56 22.0
712.62 7.5
719.39 7.8
722.34 8.4
723.65 156.1
724.51 248.3
725.50 1291.5
726.47 183.2
735.51 55.1
747.65 18.8
748.45 15.6
749.51 117.9
750.46 238.8
751.87 7.2
752.59 8.2
753.54 61.6
766.43 84.8
767.59 200.4
768.92 6.6
769.64 9.1
814.67 7.3
821.51 5.2
840.53 7.4
842.44 358.5
843.65 112.1
845.70 7.2
858.53 556.5
859.62 96.2
860.73 4.7
