784.49169 2
111.03 1.5
113.03 2.6
114.05 4.6
115.10 4.1
117.08 11.2
118.15 1.8
119.19 11.3
120.19 7.3
121.06 14.9
122.14 21.0
123.07 13.0
124.17 21.3
125.12 10.2
127.99 190.7
129.09 43.2
130.19 4.0
131.07 28.0
133.08 555.7
134.16 18.1
135.08 26.7
136.16 30.3
137.18 13.4
139.02 18.9
140.10 1.2
141.21 6.1
142.24 6.2
143.18 7.4
144.33 2.8
145.15 9.8
146.19 14.3
147.13 11.7
148.97 365.6
150.11 174.3
151.16 21.9
152.16 6.3
153.07 10.3
155.02 86.8
156.19 72.4
157.08 15.1
158.23 9.1
159.15 14.8
160.07 42.5
161.15 38.0
162.12 38.3
162.92 13.1
164.12 59.9
165.28 31.9
166.24 12.2
167.13 71.6
168.16 43.8
169.23 13.8
170.36 7.8
171.14 13.7
172.21 23.3
173.09 24.3
174.06 7.6
175.19 40.9
177.09 618.6
178.23 7.8
179.13 22.7
180.40 21.5
181.21 14.4
182.24 19.2
183.29 16.7
184.11 8.6
184.95 17.5
185.89 4.3
187.13 15.0
188.10 6.4
189.17 20.8
190.12 13.0
191.57 23.0
192.33 21.8
193.17 14.7
194.10 26.5
195.21 123.3
196.23 10.4
197.25 24.4
199.11 730.8
200.09 25.5
201.24 33.7
202.25 4.2
203.08 16.1
204.15 9.4
205.15 11.1
206.10 7.8
207.54 197.7
208.23 29.1
209.13 11.3
210.07 4.0
211.13 17.3
212.21 12.9
213.20 31.9
214.16 18.9
215.21 24.2
216.17 18.0
217.29 16.1
218.28 1.3
219.25 26.7
220.26 28.6
221.17 1303.1
222.25 14.1
223.24 21.1
224.65 11.1
225.34 11.4
226.21 13.1
227.21 35.1
228.06 25.9
229.60 219.4
231.16 68.5
232.18 46.9
233.25 88.5
234.07 33.3
235.14 41.8
236.31 10.2
237.34 30.0
238.45 8.6
239.28 86.2
240.22 21.8
241.25 20.1
243.12 1963.7
244.26 25.3
245.31 38.6
246.20 41.9
247.28 35.5
248.16 32.8
249.27 13.9
250.42 44.2
251.53 256.2
252.18 17.9
253.28 29.1
254.13 17.3
254.90 5.9
256.44 23.4
257.12 31.2
258.16 54.1
259.16 63.2
261.03 233.1
262.13 42.4
263.18 39.6
265.09 1084.4
266.16 26.2
267.18 18.2
268.35 15.3
269.14 15.8
270.38 12.5
271.34 59.1
272.36 48.6
273.49 142.0
274.25 18.0
275.33 41.0
276.20 21.7
277.24 41.8
278.15 27.3
279.20 95.8
280.15 116.6
281.24 73.5
282.24 21.1
283.24 46.0
284.32 9.3
285.15 16.1
286.19 31.4
287.11 569.3
288.18 29.8
289.24 121.1
290.16 42.4
291.25 40.1
292.17 19.0
293.36 65.5
294.39 26.6
295.54 96.0
296.46 9.6
297.17 1.9
298.35 11.8
299.29 15.0
300.33 14.7
301.27 26.6
302.14 22.1
303.12 26.3
304.26 53.8
305.30 46.7
306.52 23.2
307.27 27.7
308.44 65.0
309.15 169.1
310.29 41.1
311.21 45.4
312.21 37.0
313.22 12.8
314.15 13.0
315.23 14.4
316.42 10.3
317.55 7.9
318.25 92.7
319.28 45.6
320.28 30.2
321.16 81.9
322.19 29.1
323.17 14.5
324.43 13.3
325.39 12.9
326.23 23.7
327.43 18.5
328.25 21.8
329.25 56.9
330.24 67.1
331.11 260.3
332.27 70.5
333.20 64.2
334.24 117.0
335.24 48.3
336.21 29.6
337.28 52.8
338.25 6.6
339.34 66.7
340.28 681.0
341.61 8.0
342.39 6.3
344.11 148.6
345.22 155.3
346.32 97.3
347.18 50.6
348.17 107.3
349.10 145.9
350.12 20.9
351.34 33.2
352.47 25.5
353.29 89.5
354.49 8.1
355.43 6.5
356.27 80.2
357.20 172.1
358.32 27.2
359.23 21.2
360.50 10.9
362.27 425.6
364.10 326.4
365.23 138.1
367.50 6.0
369.23 9.6
370.48 36.5
371.11 89.5
372.22 23.9
374.28 1539.5
375.22 1171.1
376.21 139.3
377.30 16.8
378.43 7.0
383.13 106.0
384.21 8820.3
384.85 217.4
386.07 45.1
387.43 8.4
388.50 4.2
397.18 14.9
399.36 3.7
414.31 4.4
415.39 90.2
416.51 8.2
417.47 4.0
419.42 4.7
421.01 1.4
425.57 3.0
426.24 6.3
430.54 1.9
432.32 8.9
437.33 3.7
439.18 14.6
441.14 23.9
442.49 1.5
443.32 2.1
448.25 1.7
453.62 5.7
454.44 2.7
457.56 5.3
459.34 224.9
460.42 11.0
461.55 7.5
464.23 2.8
465.49 1.3
468.30 9.5
470.36 1.5
474.38 3.4
476.33 44.5
477.34 12.2
479.55 1.5
481.46 2.6
485.05 43.4
485.91 3.6
487.15 15.0
497.09 2.2
502.15 4.8
503.35 397.8
504.35 29.3
505.39 1.1
507.12 2.2
513.73 3.6
514.83 9.2
516.35 9.4
520.27 188.4
520.94 2.4
521.58 2.5
525.61 1.9
527.77 2.0
529.19 21.4
531.52 1.8
535.79 2.0
540.37 1.4
541.10 3.8
547.33 642.9
548.19 32.3
551.38 2.9
554.31 1.8
559.38 6.8
560.98 14.6
564.35 283.6
565.11 5.6
565.72 3.6
567.44 7.3
569.59 2.0
571.73 7.4
573.29 7.3
579.06 3.7
583.73 4.3
585.37 6.5
586.35 1.4
591.32 363.4
592.40 32.5
599.36 3.9
608.37 287.0
609.46 8.2
611.08 5.2
617.04 5.8
618.17 1.8
626.92 4.3
630.49 5.5
635.40 123.2
636.60 8.1
638.57 5.1
649.55 1.8
652.50 140.8
653.52 4.5
654.47 1.1
663.24 1.6
668.93 6.9
679.24 5.8
696.70 3.6
746.74 3.6
761.55 3.1
