1146.55791 2
164.13 1.1
169.16 4.9
170.29 2.2
172.66 5.1
173.48 4.5
175.10 8.8
178.29 2.0
180.01 1.8
181.06 2.1
181.90 2.6
183.15 4.3
184.11 4.3
185.01 7.0
186.10 2.6
187.18 3.0
188.17 5.5
189.16 2.9
191.33 5.5
195.18 4.8
196.19 8.2
197.16 5.2
198.01 1.4
199.27 9.7
200.06 10.1
201.15 10.0
202.07 5.0
205.13 2.5
206.28 1.1
207.09 1.8
207.94 4.2
210.30 15.4
212.51 3.7
213.58 6.8
215.22 11.7
216.09 14.7
217.43 2.6
218.08 6.0
222.20 6.6
223.41 2.6
227.24 4.8
228.27 12.2
229.29 6.3
231.09 6.4
232.11 4.6
233.07 2.5
234.00 3.6
235.21 5.8
236.15 6.3
237.21 2.5
239.26 1.3
240.21 1.9
241.15 7.1
242.29 1.1
244.32 1.8
245.26 4.7
246.27 3.6
246.95 4.6
251.04 1.8
252.24 1.4
252.94 6.3
257.32 8.3
258.18 47.7
259.09 3.6
260.07 5.7
263.74 2.4
265.94 2.8
267.19 10.2
269.09 1.9
272.30 21.6
273.19 2.9
274.24 13.9
276.19 31.2
278.40 5.7
279.12 1.5
280.45 1.5
282.23 4.1
284.20 1.7
285.33 1.7
286.11 9.3
287.08 1.8
288.13 8.0
289.61 8.5
290.50 1.9
291.21 1.7
292.22 5.2
293.15 1.5
294.02 10.0
296.26 8.3
297.12 6.7
298.16 19.2
299.46 4.3
300.18 7.3
301.25 8.4
302.05 1.7
303.12 5.0
304.18 7.9
306.30 3.1
307.41 2.2
308.07 8.1
309.17 5.0
310.22 4.6
311.09 8.3
312.13 18.7
313.10 8.8
314.29 2.4
315.62 6.1
316.29 3.3
317.17 8.9
318.16 11.4
319.41 10.2
320.14 12.9
321.11 5.8
323.20 3.2
324.17 4.4
325.00 5.3
326.27 5.3
327.25 11.3
328.32 4.2
329.32 2.5
330.35 2.4
331.12 1.3
332.40 4.0
333.30 12.3
334.42 5.9
336.21 10.1
337.62 17.7
338.63 7.7
339.41 6.9
340.18 8.8
341.98 13.3
343.01 27.5
344.38 3.6
345.25 15.6
346.42 20.1
347.21 7.9
349.17 18.9
350.14 2.4
352.92 26.2
353.78 1.1
354.49 11.4
355.32 6.6
356.38 6.4
357.79 2.0
359.17 4.4
360.24 1.1
361.17 6.4
361.99 7.4
363.27 15.8
364.32 3.7
365.12 4.9
366.15 10.6
367.20 11.4
368.21 6.3
369.22 7.6
370.21 12.5
371.10 1.1
372.49 10.7
373.37 22.4
376.20 1.1
377.44 4.2
379.23 6.8
380.17 17.5
381.23 2.4
382.44 1.3
384.29 32.1
385.24 2.4
386.18 3.1
387.10 16.2
388.15 7.9
389.30 9.9
390.28 9.7
391.33 9.3
392.41 5.9
393.17 9.8
394.01 11.1
395.41 1.3
396.56 5.0
397.33 7.9
398.36 15.3
399.41 16.7
400.41 7.4
401.16 7.0
402.41 9.8
403.46 11.9
404.20 6.5
406.18 11.0
407.67 69.4
408.36 6.0
409.35 11.8
410.40 25.6
411.25 13.9
412.24 13.1
413.19 11.3
414.45 12.7
415.18 2.5
416.12 9.7
416.82 45.7
418.16 19.2
419.23 3.6
419.86 2.5
421.47 8.5
422.36 1.1
423.51 8.2
424.39 6.2
425.37 9.2
426.40 9.4
427.47 17.8
428.46 20.1
429.24 18.3
429.90 13.8
432.31 15.6
433.04 17.9
434.21 8.8
435.41 3.4
436.70 42.3
437.36 28.9
438.20 11.5
439.12 5.7
439.94 19.4
441.07 15.8
442.05 42.2
443.65 25.7
445.55 73.4
446.27 8.1
447.34 17.5
448.49 14.1
449.42 6.4
450.86 13.7
452.19 55.0
452.84 53.2
453.93 17.4
454.91 5.2
456.31 37.2
457.56 22.3
458.29 25.2
459.24 64.6
460.17 34.8
460.98 41.3
462.52 29.5
464.12 31.1
465.18 49.0
466.18 11.5
467.08 7.5
467.97 6.6
469.30 13.6
470.07 11.2
471.35 49.2
472.33 35.4
473.70 66.8
474.56 17.8
475.49 14.4
476.50 9.1
477.31 6.6
478.51 13.0
480.09 72.0
481.17 33.8
482.28 34.1
483.25 16.9
484.22 30.6
485.31 6.8
486.28 11.5
487.28 41.5
488.49 15.4
489.52 23.8
490.42 29.4
491.40 12.9
492.15 30.1
493.22 54.8
494.18 13.4
495.52 22.7
496.28 3.2
498.04 122.6
499.04 71.9
500.02 15.5
501.22 150.6
501.93 61.1
503.43 15.4
504.34 17.1
505.26 8.2
506.47 40.3
507.78 313.1
510.21 270.8
511.44 34.1
512.33 6.2
513.20 33.6
514.17 45.4
515.11 26.3
516.77 279.8
517.68 9.0
518.48 9.0
519.50 22.9
520.64 32.9
521.76 14.0
522.56 9.2
523.57 23.6
525.33 7.5
526.37 9.6
527.19 106.3
528.25 54.2
528.90 74.5
529.57 38.1
530.47 42.5
531.35 3.9
532.50 6.1
533.96 29.9
534.79 33.9
535.67 36.4
537.36 65.5
538.06 34.9
538.85 74.5
539.50 11.3
540.35 46.8
541.49 142.1
542.23 47.2
543.09 48.5
544.05 31.7
544.94 51.7
545.60 2.8
546.42 28.3
547.67 85.7
548.32 24.4
549.89 64.3
551.11 68.0
551.97 81.1
552.75 15.6
554.27 45.6
555.51 403.4
556.51 797.3
557.34 37.5
558.11 122.9
558.75 105.6
559.93 28.7
561.16 190.2
562.07 126.6
562.87 131.7
564.71 373.0
565.43 1203.2
567.37 4.5
580.14 7.5
581.63 29.7
582.49 3.6
583.32 2.3
589.25 8.1
591.45 10.5
593.09 11.6
593.72 10.5
595.37 2.7
596.38 16.4
597.46 19.6
598.51 11.7
599.61 9.9
600.78 4.7
601.60 4.3
603.01 6.1
604.25 28.9
606.63 24.0
608.46 9.8
609.49 6.5
610.78 3.9
611.83 6.3
612.95 25.2
613.61 2.4
615.29 7.5
616.16 9.6
617.30 6.6
618.32 14.7
619.34 3.7
620.37 16.9
621.85 15.4
622.58 4.5
624.25 11.1
625.89 11.4
626.65 13.2
627.61 13.2
629.78 21.4
630.94 54.6
632.08 16.1
632.88 2.2
634.14 30.2
635.07 46.5
636.12 6.8
637.39 5.3
638.52 37.6
639.28 23.0
640.14 21.3
641.55 56.5
642.50 40.5
643.84 21.3
645.61 26.1
647.54 2.5
648.21 9.2
649.69 12.2
650.41 11.7
651.52 11.9
652.48 1.4
653.48 26.4
654.80 61.7
655.58 59.5
657.60 54.2
658.55 28.4
659.29 51.7
660.13 13.4
661.77 44.1
663.09 81.4
664.17 87.4
665.65 38.4
666.38 24.6
667.30 3.7
668.50 4.8
669.44 14.6
670.20 37.9
670.86 58.2
672.01 12.9
673.66 11.0
675.61 2.3
676.76 36.2
677.56 22.5
678.56 22.8
679.85 91.3
680.68 41.9
681.48 25.9
682.38 23.7
683.13 77.1
684.08 49.4
685.04 115.6
685.93 22.7
687.52 119.7
688.59 111.9
689.60 36.3
690.68 23.0
691.74 28.9
692.47 75.7
693.21 217.1
693.86 63.0
694.78 5.1
695.92 34.6
696.86 43.8
697.86 22.6
698.89 82.0
699.92 3.9
700.93 1.9
702.88 60.9
705.23 179.4
706.38 104.7
707.37 18.2
708.12 15.6
708.74 20.5
710.12 18.9
711.40 18.5
713.17 9.8
714.27 5.4
715.00 9.9
715.72 71.4
716.42 19.1
717.47 11.2
718.09 111.8
720.58 9.7
721.38 323.0
722.46 23.8
723.54 2.5
724.92 10.5
725.60 1.3
727.00 215.8
727.68 112.5
730.18 45.5
731.08 22.0
731.98 19.4
732.66 10.8
733.44 5.6
736.34 17.1
740.43 11.9
742.17 16.1
742.84 1.9
744.09 14.0
745.33 13.4
746.53 38.4
747.60 12.0
749.67 3.5
751.17 43.1
752.48 23.6
754.20 15.5
755.21 16.5
756.17 55.6
757.47 14.0
758.13 8.0
759.40 28.1
760.45 14.9
761.47 3.2
763.60 2.7
764.40 1.6
765.31 2.2
766.92 14.5
768.25 4.8
769.37 10.5
770.76 3.2
772.56 4.1
773.99 14.3
774.76 8.2
775.56 13.1
776.82 8.5
782.05 5.8
782.98 8.9
783.63 10.5
784.40 6.4
785.37 3.7
786.73 16.7
787.34 4.3
788.65 25.0
789.73 17.4
790.33 13.0
790.93 2.4
798.68 5.2
800.71 19.4
801.55 16.7
802.69 2.4
803.48 9.5
806.65 5.2
809.01 4.8
809.84 1.7
810.73 1.4
811.46 5.1
812.72 8.6
814.49 1.4
816.47 1.9
817.98 15.9
818.67 3.3
819.43 6.6
820.56 2.4
821.86 19.9
822.59 2.5
823.82 6.0
824.60 8.8
825.43 3.6
827.16 22.1
828.21 17.2
830.34 19.7
830.94 3.0
832.56 19.4
833.50 4.2
835.22 6.2
837.18 9.2
838.43 4.6
839.10 5.3
840.19 10.0
841.17 5.1
843.56 7.8
844.54 3.0
846.22 27.9
847.85 15.6
849.80 10.6
851.04 2.1
852.08 4.9
854.52 16.1
855.40 35.7
856.31 1.8
857.14 4.1
860.80 44.0
861.51 2.7
862.32 1.1
864.69 4.5
865.49 1.6
866.45 26.8
869.31 3.0
870.40 2.1
871.49 4.1
872.29 28.8
873.52 9.4
874.51 5.5
875.66 1.7
876.67 4.6
879.96 9.8
882.38 13.1
883.49 18.5
885.60 4.0
886.34 4.4
886.94 3.0
888.96 16.4
891.34 10.2
893.09 2.9
895.29 1.1
896.58 19.5
898.30 4.5
899.92 2.3
902.41 1.8
904.34 15.4
905.34 2.4
908.67 1.6
910.50 3.1
912.34 1.2
914.19 2.1
915.62 4.9
918.05 1.9
918.85 1.6
921.25 1.2
925.71 27.2
928.44 9.9
933.28 17.8
934.07 3.1
935.32 2.8
937.89 2.2
943.10 9.1
944.51 1.3
945.63 10.1
946.46 9.0
948.17 3.3
959.45 15.6
961.42 6.0
962.46 3.6
968.57 12.0
971.80 7.5
973.52 3.3
974.71 1.2
981.25 6.1
981.89 17.1
982.54 1.1
983.41 5.2
984.35 14.6
985.48 7.0
990.06 19.4
995.14 7.8
995.74 2.9
996.47 3.7
999.51 5.1
1001.39 83.3
1002.39 12.8
1012.17 2.8
1013.33 12.9
1014.83 7.4
1016.90 9.1
1017.61 2.7
1019.44 39.1
1027.23 4.0
1031.47 2.0
1033.60 9.2
1038.57 1.8
1042.82 2.3
1055.53 3.1
1057.27 6.8
1073.75 4.5
1076.93 1.4
1081.73 1.6
1095.46 2.1
1109.56 42.1
1115.87 3.7
1124.83 2.3
1126.85 1.1
1134.96 1.4
1147.50 3.0
1150.22 3.3
1156.01 1.3
