2250.17837 4
158.51 5.7
161.19 9.6
162.22 1.1
166.00 5.5
167.23 8.2
168.47 1.8
169.13 3.9
170.91 7.1
173.17 1.1
175.17 8.8
176.13 8.9
177.12 19.1
178.12 184.8
179.23 2.9
180.11 3.0
181.02 3.3
183.07 8.6
184.18 1.5
185.26 18.1
186.16 3.0
187.24 9.2
190.67 1.3
191.89 5.7
193.24 9.7
194.01 6.4
195.16 54.3
196.12 3.1
197.28 14.3
199.15 278.4
200.25 17.3
201.24 7.4
202.07 10.4
204.84 6.0
206.42 9.9
207.35 5.1
208.11 5.6
209.34 15.4
210.08 84.8
211.20 16.6
211.99 24.2
213.56 2.7
214.29 2.8
215.05 9.0
216.09 14.7
217.13 4.3
219.13 3.4
220.01 1.9
221.21 12.9
222.09 21.7
223.19 3.1
226.06 20.6
227.12 150.1
228.22 35.3
229.32 10.5
230.38 16.4
231.22 8.5
233.10 4.6
234.35 7.3
235.20 19.9
236.12 3.8
237.12 12.6
239.17 200.4
240.27 17.5
242.24 4.7
243.24 7.2
244.29 1.3
245.02 4.8
246.18 39.3
247.18 3.1
248.27 5.5
249.23 9.8
250.18 9.9
251.12 1.2
252.24 41.6
252.90 1.5
254.10 3.5
255.09 1.9
256.40 8.1
257.30 2.9
258.09 8.4
259.98 33.2
261.34 5.8
262.20 13.9
263.33 8.5
264.42 6.7
265.37 3.3
266.21 9.1
267.45 8.6
268.43 12.2
269.29 16.2
270.22 4.8
271.22 4.4
273.12 8.2
274.34 6.4
277.19 5.0
278.15 5.9
279.25 7.5
280.21 22.6
281.30 8.7
282.41 20.7
283.43 12.3
284.28 11.6
285.07 5.9
286.15 7.5
287.21 15.4
287.92 4.3
289.09 1.9
290.23 13.9
292.51 44.8
293.37 10.9
294.22 12.9
295.26 11.8
296.23 12.8
296.89 4.5
298.34 50.6
299.35 24.7
301.61 5.4
303.29 4.0
304.17 5.7
305.05 9.6
306.20 4.6
307.33 9.5
308.33 9.2
309.30 9.1
310.00 18.6
311.06 13.3
312.06 57.2
313.71 6.8
315.28 3.8
316.21 11.2
317.21 3.9
318.44 30.1
319.35 18.1
320.12 13.1
321.05 1.0
321.94 7.0
323.28 8.4
324.33 3.0
325.32 6.7
326.34 21.5
328.06 61.9
329.36 13.7
330.21 3.9
331.29 15.0
332.06 11.0
333.70 25.5
335.06 29.2
336.45 12.8
337.43 21.8
338.54 44.9
339.35 10.2
340.28 2.1
341.12 20.6
341.85 15.3
343.82 38.5
345.21 21.1
346.13 11.1
347.56 25.0
348.40 1.9
349.35 37.8
350.21 10.3
351.18 4.2
352.21 54.7
353.19 8.8
354.12 5.2
355.18 7.9
356.39 1.7
357.22 5.3
358.15 7.0
358.97 16.9
360.06 9.4
362.20 26.8
363.15 2.9
364.20 2.6
365.63 8.7
366.49 6.8
367.24 10.5
368.35 1.4
370.06 79.4
371.23 13.5
373.30 14.5
374.05 4.0
375.35 21.6
376.16 10.4
377.32 5.6
378.16 4.6
379.44 1.9
380.10 13.9
380.94 12.4
381.64 14.2
382.70 14.0
383.36 46.6
384.38 11.5
385.29 18.1
386.22 9.3
387.51 51.0
388.26 34.9
389.37 51.0
390.49 46.5
391.40 4.4
393.35 18.8
394.48 11.8
395.18 7.9
396.42 5.3
397.06 5.0
398.36 79.6
399.10 20.8
400.11 19.0
401.28 24.3
402.14 119.5
403.38 45.0
404.40 28.1
405.31 6.6
406.64 158.9
407.57 76.0
408.44 9.3
409.23 6.9
410.21 5.5
411.28 133.6
412.27 64.0
413.29 72.9
414.18 35.0
415.11 13.9
416.46 31.2
417.36 27.9
418.19 13.0
419.41 31.5
420.67 30.9
421.39 4.2
421.99 12.5
423.61 3.8
425.01 10.7
426.07 16.0
426.98 49.2
428.17 10.8
429.39 10.7
430.86 20.2
431.50 18.7
432.47 25.8
433.15 33.6
434.29 25.6
435.17 2.4
436.25 16.2
437.32 61.4
438.25 18.8
439.13 4.5
439.84 6.7
441.20 25.5
442.16 21.8
443.07 29.8
444.13 10.0
445.27 9.3
446.30 21.9
447.30 59.6
448.36 31.4
449.33 65.8
450.35 29.7
451.36 10.8
452.63 29.7
453.54 55.0
454.39 30.3
455.23 27.4
456.14 49.7
457.06 22.4
458.12 66.7
458.99 10.0
460.20 42.4
461.08 80.4
461.92 4.5
462.60 2.8
464.47 373.5
465.30 134.4
466.62 43.6
467.67 12.2
468.49 60.9
469.72 96.5
470.58 133.9
471.62 14.6
472.80 51.1
473.76 38.8
474.44 57.2
475.26 49.7
476.32 8.5
477.35 37.7
478.43 10.9
479.27 8.1
480.29 18.2
481.47 68.3
482.26 19.1
483.40 77.3
484.36 49.7
485.05 18.3
485.99 28.4
487.35 20.7
488.24 23.6
489.30 51.6
490.23 44.9
491.01 42.4
492.69 66.8
493.39 29.2
494.57 16.8
495.66 13.1
496.45 12.2
497.43 80.6
498.35 56.5
499.15 31.6
500.13 14.1
501.40 37.9
502.40 35.1
503.30 28.2
504.25 25.0
505.28 41.5
506.26 38.2
507.20 14.1
508.11 7.4
509.51 14.5
510.42 31.5
512.24 97.3
513.16 40.8
514.68 28.9
515.30 63.1
516.29 55.3
517.39 30.8
518.56 36.4
519.54 77.4
520.79 322.5
521.66 98.9
522.38 15.8
523.33 18.2
524.33 53.5
525.56 81.7
526.31 63.7
527.15 91.0
528.05 53.5
528.86 31.4
529.78 73.6
530.39 51.0
531.31 54.6
532.11 59.5
533.26 141.3
534.12 31.0
535.24 62.5
536.41 69.0
537.08 24.8
538.43 13.1
539.31 73.5
540.43 193.8
541.58 95.5
543.04 23.9
543.76 18.8
544.59 38.4
545.23 625.5
546.25 273.7
546.97 119.1
548.00 44.3
548.94 48.9
549.85 246.3
550.49 279.4
551.29 73.8
552.29 25.6
553.04 27.4
553.79 64.8
554.61 380.3
555.72 15.0
556.42 13.6
562.01 3.1
562.94 5.4
565.20 6.8
569.32 30.7
570.47 10.5
571.37 8.6
573.09 21.7
574.38 11.8
575.18 3.3
575.96 10.0
576.62 2.3
577.42 8.3
578.47 13.5
579.55 1.5
583.47 155.8
584.43 87.9
585.23 15.0
587.17 2.5
588.26 89.3
589.64 20.2
590.43 271.3
591.70 41.8
592.71 7.8
593.42 5.1
594.38 3.3
596.22 699.0
597.07 298.8
598.07 106.4
599.31 13.1
600.21 7.3
602.12 18.4
603.25 11.9
606.03 429.9
607.01 59.8
609.50 3.0
611.30 3.4
612.41 23.3
613.50 8.3
614.53 8.6
615.38 4.2
616.17 14.3
617.30 3.1
619.69 41.0
620.41 38.9
621.16 34.5
622.14 13.3
624.02 4.1
625.26 3.5
627.33 33.2
628.45 79.2
629.29 54.6
630.32 53.7
631.26 6.4
632.12 21.0
633.56 3.7
635.45 30.1
636.39 17.7
637.63 5.0
639.73 38.5
640.90 4.4
642.08 87.6
643.35 5.8
644.29 12.6
644.99 64.9
645.81 36.7
646.49 3.6
648.52 87.8
649.70 61.3
651.13 21.0
652.37 22.4
653.56 77.8
654.49 32.6
655.43 2.7
657.07 177.2
658.21 20.1
659.44 3.9
661.14 31.0
662.23 35.6
663.39 118.7
664.10 359.8
665.72 27.5
666.45 104.9
667.26 18.3
669.76 1660.1
671.23 14.9
672.03 29.4
673.07 21.8
674.12 37.7
675.67 5940.6
677.34 86.5
678.01 12.7
678.88 19.4
680.09 26.2
681.20 22.4
681.81 2.3
682.42 9.9
683.62 4.5
684.49 3.7
686.01 44.6
687.03 74.5
688.24 83.0
690.14 17.7
691.65 60.6
692.82 12.9
693.77 32.5
694.91 23.4
695.72 4.2
696.62 7.5
697.71 35.1
698.61 65.1
699.44 36.3
700.06 7.2
700.74 8.4
701.66 72.9
702.58 15.7
703.31 29.5
704.17 4.8
704.79 11.1
705.85 33.2
707.01 97.6
707.62 327.2
709.34 13.3
710.62 37.0
711.38 30.1
713.22 1337.4
714.36 124.7
715.02 132.2
716.58 33.7
717.36 1.2
718.21 6.8
720.32 128.1
721.36 65.6
722.11 48.4
723.13 37.5
724.82 9.3
725.86 9.5
727.09 23.1
728.30 22.0
729.32 21.2
730.42 22.9
731.38 18.1
732.03 5.3
732.63 4.2
733.28 2.0
735.60 35.4
736.70 43.7
737.70 27.0
738.57 46.1
739.59 7.5
740.49 4.8
741.66 22.9
742.68 10.4
744.90 14.8
746.24 11.8
747.38 14.8
748.24 3.6
749.47 3.2
750.72 28.9
752.37 10.0
753.34 11.9
754.49 4.4
756.19 1.6
757.63 5.0
759.80 3.2
760.89 11.3
761.69 2.9
763.61 9.6
764.97 16.8
765.78 1.5
766.54 7.3
767.44 18.5
768.41 37.9
769.56 31.2
770.39 19.0
771.87 4.7
772.74 15.0
777.50 21.8
778.46 39.1
779.36 43.0
780.39 10.5
781.39 11.2
782.58 6.8
783.77 22.6
784.86 13.4
785.76 7.7
787.80 90.8
788.44 62.3
789.69 21.2
790.58 2.9
791.50 5.6
793.33 43.1
794.21 60.8
795.20 18.0
796.55 9.9
797.39 2.0
798.01 5.6
799.65 20.6
801.27 3.5
802.63 11.4
803.76 10.6
804.96 28.0
805.65 6.1
806.55 4.6
807.51 5.4
808.32 2.1
809.22 12.6
810.34 16.8
812.51 169.6
813.54 64.6
814.52 3.5
815.48 3.1
816.32 6.9
817.07 1.3
818.21 10.2
819.52 4.9
820.68 4.7
821.44 8.7
822.75 21.0
823.57 55.3
824.69 35.2
825.75 52.2
826.61 11.8
827.56 10.7
828.45 15.9
830.50 10.7
831.90 7.9
833.58 1.0
834.71 14.8
835.37 19.4
836.38 1.2
837.61 9.7
838.40 2.1
839.55 6.0
840.65 8.5
841.56 6.6
842.52 13.2
843.89 2.2
845.10 17.7
846.32 10.1
848.55 19.0
849.18 12.7
850.42 32.7
851.10 6.6
852.54 4.8
853.74 2.2
854.73 4.9
855.73 4.5
856.64 16.3
859.26 9.7
860.17 5.9
864.49 12.7
865.47 23.9
866.55 42.0
867.53 13.9
868.33 6.1
873.74 4.5
876.17 20.5
877.21 7.7
877.82 4.5
878.61 9.7
879.43 5.4
880.41 20.8
881.08 10.0
882.33 6.9
883.55 29.4
884.64 113.0
885.42 152.5
886.23 11.7
887.99 4.2
889.17 4.8
890.61 3.8
893.79 1130.7
894.52 139.0
896.97 4.9
898.51 8.6
899.66 3.7
900.40 8.0
903.68 2.7
905.71 1.3
907.42 20.5
908.70 1.4
909.57 17.4
910.47 49.9
911.66 49.3
912.62 19.2
915.47 1.7
917.56 2.5
918.43 4.4
919.41 11.6
920.40 7.9
922.57 7.6
923.21 2.1
924.39 21.1
925.28 10.9
927.53 357.8
928.62 120.7
929.59 24.9
930.59 10.5
931.52 1.5
932.69 94.5
933.52 5.8
934.34 3.8
936.42 1.5
938.55 32.1
939.54 12.7
940.41 15.8
941.86 11.9
942.96 14.4
943.69 2.9
944.42 6.1
948.71 3.3
949.68 1.2
950.30 4.6
951.56 8.4
955.30 1.2
957.46 2.4
958.55 3.2
961.50 66.0
962.35 16.9
963.99 2.3
964.69 5.6
966.35 3.4
967.57 10.1
969.26 2.0
971.48 6.5
973.56 1.9
974.52 17.5
975.43 2.5
976.77 9.6
977.61 8.0
978.33 5.5
979.50 97.4
980.49 28.3
981.14 3.0
981.91 2.1
984.35 17.8
985.50 4.3
989.21 22.5
990.24 8.9
991.14 4.5
992.52 4.4
993.51 2.8
995.51 56.2
996.49 13.0
997.69 12.0
998.32 2.1
1004.45 3.2
1008.50 10.1
1010.59 2.9
1011.60 4.3
1013.39 3.3
1014.77 4.5
1015.86 3.2
1018.08 1.7
1022.53 9.7
1023.77 4.1
1024.71 3.9
1026.77 3.5
1030.32 2.0
1033.51 3.8
1040.77 28.7
1041.67 8.4
1046.57 1.2
1050.85 2.4
1052.45 4.0
1053.73 2.8
1062.46 1.7
1063.53 2.0
1073.65 1.8
1074.45 1.7
1077.90 2.7
1079.63 8.3
1080.58 6.2
1081.23 3.5
1091.43 6.3
1092.16 1.9
1092.84 1.7
1093.62 1.5
1094.42 1.7
1095.05 2.9
1096.73 11.8
1097.47 7.3
1098.72 3.6
1101.39 4.5
1104.58 9.2
1110.01 8.2
1110.89 9.2
1121.64 1.6
1128.90 3.2
1135.00 6.7
1141.71 2.6
1142.87 5.3
1145.88 3.1
1152.67 2.9
1164.58 1.5
1166.77 3.8
1168.00 3.3
1169.87 2.2
1176.01 4.3
1177.24 1.9
1194.99 6.8
1199.55 2.4
1204.79 6.7
1210.63 14.1
1212.51 8.9
1219.84 5.7
1224.73 1.7
1268.08 14.6
1269.74 2.9
1277.38 2.7
1295.59 3.3
1308.85 4.0
1312.78 13.4
1314.11 2.8
1325.13 4.8
1364.68 1.0
1409.79 2.1
1414.76 4.5
1438.58 3.5
1441.52 6.9
1442.65 2.0
1443.76 3.6
1554.81 7.3
1575.01 2.5
1585.57 4.3
1607.63 2.0
1626.20 1.1
