1270.548219999999 3
128.13 1.9
129.22 3.2
143.07 4.6
144.23 15.5
144.97 3.2
146.33 3.9
151.12 2.7
152.14 4.2
153.87 6.3
154.84 6.2
156.32 9.9
157.39 5.2
158.31 14.7
159.14 22.6
166.24 2.3
168.05 3.5
170.27 4.0
172.27 2.4
173.27 7.6
174.19 2.7
175.11 10.1
176.21 3.0
177.24 3.0
178.40 5.4
179.33 1.7
180.04 5.2
181.11 1.2
182.20 2.5
183.18 2.5
185.13 2.2
186.09 2.6
187.08 12.0
191.24 3.8
193.16 16.1
200.31 3.5
201.24 10.5
202.11 5.7
205.00 6.2
208.15 3.5
210.49 2.0
212.09 2.6
213.30 1.4
215.27 1.3
217.17 9.2
219.96 3.9
222.36 2.4
223.19 1.6
223.97 5.0
225.07 2.3
227.34 5.7
229.15 1.7
231.19 2.8
232.07 1.1
237.57 6.4
239.34 7.1
240.93 5.6
243.38 1.6
244.36 4.4
246.05 3.0
247.30 4.1
249.96 5.1
252.85 3.8
254.29 3.1
257.44 3.8
259.16 2.6
260.21 1.2
262.24 5.1
263.40 11.1
265.16 2.3
266.03 9.0
267.23 16.6
268.20 3.9
273.12 2.5
274.08 16.3
275.03 7.2
279.90 5.2
282.16 7.7
285.27 4.6
288.29 4.2
290.30 3.2
290.90 6.1
292.28 3.9
294.14 4.8
296.03 52.8
296.73 2.1
298.10 6.2
299.29 1.7
302.11 3.8
303.06 16.2
304.35 5.2
305.70 20.8
306.71 10.9
307.34 9.2
308.68 12.9
309.97 115.2
311.15 19.1
313.90 4.7
315.29 12.9
316.43 1.5
317.39 7.3
319.09 1.7
319.95 10.4
322.24 1.6
325.45 2.8
326.18 5.9
329.40 4.4
330.34 18.1
331.05 18.7
332.11 29.8
334.55 13.4
335.70 5.6
337.39 2.0
338.40 13.0
342.19 7.0
343.00 5.9
344.47 8.7
345.40 2.0
348.47 9.7
350.32 2.4
357.43 19.4
360.40 1.0
361.42 9.9
362.62 6.0
364.31 38.1
366.70 10.2
370.56 10.4
372.07 1.9
374.32 2.7
376.49 37.9
377.96 28.6
379.08 2.3
380.56 11.9
381.26 5.3
382.63 9.5
383.61 16.9
384.27 6.1
385.58 16.7
386.79 7.3
387.79 3.2
388.52 11.7
389.41 34.1
391.80 5.2
392.67 7.4
393.45 9.0
394.81 4.9
395.42 48.9
396.45 64.2
397.31 8.3
398.88 16.3
401.44 9.9
402.73 134.6
404.88 26.4
406.04 96.1
407.06 158.2
408.48 66.4
409.60 26.4
410.76 19.9
412.33 130.6
412.98 13.4
414.39 154.7
415.47 127.4
416.21 2.6
418.38 12.1
424.23 4.6
432.34 1.7
441.31 6.8
446.41 6.2
453.35 1.3
459.35 2.4
461.23 15.3
463.42 6.9
470.38 8.2
471.27 1.6
478.28 21.5
479.75 9.7
483.33 21.9
486.34 6.2
489.41 18.0
490.42 4.4
492.08 8.9
493.08 15.5
497.06 3.2
497.72 8.9
498.54 5.0
501.39 7.3
503.51 8.7
504.83 4.2
505.60 11.3
507.07 7.7
508.04 5.1
510.54 14.9
511.68 7.4
514.40 5.1
516.08 3.1
518.27 7.6
519.60 16.6
521.84 6.6
522.77 13.4
525.00 22.6
526.19 16.4
526.93 4.5
528.06 20.1
528.73 6.1
529.53 1.7
530.24 1.7
531.01 7.1
533.19 1.1
533.92 41.3
535.00 98.1
535.94 34.1
537.37 4.9
540.11 34.6
541.54 1.3
543.17 5.9
546.21 27.3
549.13 40.4
550.00 10.0
553.55 14.0
554.91 78.6
555.85 14.2
557.28 2.2
558.18 22.5
559.40 15.9
562.52 21.6
563.82 104.3
564.69 34.7
566.18 7.1
568.61 7.2
570.54 1.6
574.41 24.9
576.57 10.0
577.56 12.7
583.44 60.9
584.32 5.2
586.46 2.0
590.74 1.5
592.50 113.4
593.50 15.8
594.51 13.7
595.48 9.5
598.32 7.9
599.78 11.1
601.51 4.3
602.31 3.2
603.60 11.9
606.61 7.4
614.24 3.5
620.40 4.7
621.48 1.8
629.60 18.1
631.44 1.0
632.40 2.0
633.49 10.6
634.52 6.6
640.76 5.2
643.39 7.3
647.31 26.5
655.23 2.6
659.57 2.5
661.58 3.3
662.56 2.7
670.17 2.7
675.67 3.5
681.36 1.7
682.47 3.6
692.46 3.8
699.73 2.2
701.52 5.8
715.63 4.1
718.43 3.2
719.66 2.6
728.73 3.3
740.60 5.6
745.50 3.0
750.78 2.4
826.26 2.7
