717.4601299999999 2
105.27 1.2
108.35 3.4
111.14 11.0
112.05 6.1
113.09 10.3
114.15 2.0
115.15 3.2
116.05 7.6
119.32 8.6
120.14 3.0
121.17 4.3
122.12 2.1
123.18 14.2
124.15 2.0
125.11 14.1
127.42 23.0
128.07 172.5
129.18 42.5
130.24 21.0
131.16 5.9
132.10 7.5
133.21 6.2
135.30 15.1
137.24 4.3
138.25 16.5
139.17 43.9
140.30 3.5
141.10 10.2
142.09 8.7
143.25 20.9
144.11 93.1
145.18 15.9
146.62 2.3
147.25 10.0
148.27 1.4
149.25 14.2
150.23 7.5
151.21 23.2
152.13 4.6
153.12 9.5
155.09 11.8
156.62 8.0
157.29 15.9
158.22 3.9
159.15 9.7
159.97 28.8
161.12 19.5
162.07 36.3
163.08 27.9
164.16 15.3
165.16 18.9
166.20 78.2
167.33 16.4
168.31 3.1
169.19 11.2
170.55 4.2
171.26 29.3
172.24 12.3
173.10 25.2
174.25 12.7
175.14 30.4
175.96 7.8
177.12 4.2
178.02 4.5
179.04 4.2
180.17 5.3
181.20 10.1
182.19 3.4
183.15 29.0
183.83 1.1
185.22 11.3
186.24 4.9
187.33 15.9
188.00 4.8
188.96 5.0
190.00 3.9
191.22 21.8
192.24 18.8
193.24 25.1
195.16 39.1
196.04 11.8
197.20 15.9
198.15 7.9
199.26 17.4
200.25 7.9
201.20 24.5
201.85 1.6
203.10 18.5
204.37 26.9
205.38 6.0
206.13 4.5
207.18 23.4
209.19 258.9
210.23 52.5
211.24 27.7
212.12 14.4
213.08 19.6
214.19 15.3
215.09 12.9
215.98 41.2
216.88 38.7
218.08 18.8
219.25 27.4
220.26 2.4
221.09 15.1
222.24 8.9
223.41 19.5
224.40 35.9
225.14 43.2
226.30 12.1
227.10 9.1
228.22 135.3
228.93 99.6
230.25 11.0
231.19 32.1
232.09 4.0
233.19 22.0
234.30 7.6
235.24 18.6
237.31 1341.2
238.34 34.9
239.26 13.8
240.93 35.9
241.60 2.3
242.41 35.0
243.29 24.1
243.90 17.8
245.16 184.7
246.29 1003.0
247.37 32.1
248.24 15.8
249.21 26.5
250.31 38.7
251.41 22.6
253.37 7.9
254.15 1.6
255.25 23.2
256.19 21.5
257.23 51.3
259.07 335.1
259.87 32.9
260.89 91.3
263.13 32.7
264.59 41.3
265.23 421.9
266.05 7.0
266.98 2.5
268.16 12.2
269.41 45.5
270.47 84.0
271.25 45.3
272.24 55.7
273.35 33.1
274.48 27.2
275.33 10.8
276.34 24.0
277.33 29.3
279.10 421.7
279.77 74.2
280.66 12.2
282.30 25.9
283.13 38.4
284.30 186.5
285.32 86.0
286.20 20.2
286.97 99.5
288.50 59.9
289.22 27.1
290.20 36.2
291.39 61.5
292.33 71.5
293.68 133.8
294.92 131.4
295.93 242.5
297.14 47.0
298.27 17.3
299.42 131.5
300.36 90.1
301.41 78.5
302.34 46.4
303.40 53.4
304.37 28.4
305.04 16.5
305.89 13.3
307.30 16.2
308.42 239.0
309.47 98.5
310.69 25.1
311.37 13.8
312.31 4.0
313.28 92.3
314.23 36.4
315.31 79.1
316.33 51.1
317.32 24.0
318.00 7.9
319.07 37.6
319.91 42.1
321.33 2.2
322.17 6.6
323.31 192.7
324.33 40.6
325.32 12.4
326.51 18.8
327.69 49.3
328.72 232.1
329.49 44.6
330.46 27.7
331.29 134.1
332.46 509.8
333.45 16.7
336.53 10.6
337.26 7.5
337.87 19.7
339.14 9.4
341.38 4090.9
342.35 179.1
343.26 16.2
344.37 14.2
347.48 1.7
350.43 14710.0
351.37 114.1
352.90 20.3
354.72 2.6
356.37 3.9
359.21 3.3
372.12 3.0
373.53 9.3
374.35 15.1
375.07 3.1
377.39 1.2
378.23 3.9
382.52 3.3
389.43 6.8
390.36 5.9
391.41 10.0
392.34 18.8
393.59 5.8
401.22 4.9
404.43 2.8
405.36 7.2
407.40 33.8
408.35 8.8
409.50 1.1
410.52 1.8
414.38 2.1
423.24 1.6
425.43 1.0
428.37 2.7
429.50 2.3
433.46 6.0
434.48 2.5
437.38 3.5
438.23 4.8
444.12 1.2
446.50 1.7
447.27 4.1
453.09 4.2
455.49 9.4
456.46 2.7
471.34 2.0
473.40 91.1
474.47 28.2
475.53 6.9
486.31 5.8
488.43 6.8
489.09 3.5
490.38 61.0
491.35 577.5
492.34 199.9
494.35 2.1
498.30 11.1
499.17 2.3
507.20 1.3
509.46 6.8
516.30 51.7
517.51 29.4
518.40 3.4
520.65 5.5
534.47 4.8
535.65 1.7
539.42 2.8
545.37 3.1
546.27 2.2
555.43 1.2
556.42 39.4
557.40 10.5
559.50 1.6
564.17 3.9
567.35 3.7
575.19 2.4
581.35 5.5
581.97 4.1
583.05 3.3
591.47 3.9
595.31 1.9
598.44 4.9
599.52 6.4
600.41 8.4
602.61 15.4
617.28 2.2
618.57 4.7
619.38 4.3
679.60 25.1
