916.52269 2
130.23 2.8
135.20 1.0
138.05 2.8
140.05 2.5
141.07 3.6
144.14 4.6
147.04 4.4
152.14 1.2
156.22 5.0
157.33 11.0
158.11 11.4
159.05 3.2
160.31 5.2
161.16 1.9
162.26 4.3
166.32 2.5
167.07 1.4
170.37 3.7
172.24 3.8
172.96 7.8
175.13 101.7
176.29 10.9
178.17 6.7
179.94 13.8
182.14 2.2
183.10 2.1
185.21 8.2
190.65 2.4
194.15 4.2
197.07 25.2
198.26 6.0
200.13 6.3
201.27 5.8
202.42 3.9
203.15 9.2
204.17 2.4
204.94 2.9
208.03 4.1
209.16 6.5
210.39 8.0
211.20 4.5
213.17 17.8
215.21 56.7
216.34 17.3
217.28 6.1
218.26 4.3
219.12 3.5
220.29 13.5
221.12 3.1
222.71 136.4
223.33 28.3
225.05 13.3
226.59 16.0
227.23 4.5
228.28 17.6
229.19 4.5
230.25 1.8
231.14 27.7
234.22 2.6
235.18 1.2
236.21 5.5
237.12 3.7
237.89 6.3
239.21 14.7
240.04 4.2
241.19 5.0
242.48 8.0
243.11 9.0
244.12 4.7
245.05 2.5
246.47 2.0
248.18 3.5
252.26 2.4
253.17 6.0
254.06 10.8
256.43 3.0
257.24 41.3
258.21 23.6
261.08 1.8
262.15 6.8
264.30 35.4
265.22 2.8
268.12 10.7
269.96 23.6
271.16 7.3
272.21 18.3
274.09 165.2
275.17 23.2
278.32 3.3
279.45 12.1
281.07 8.5
282.24 5.9
284.26 2.0
285.95 2.9
287.29 13.7
288.22 16.1
289.24 2.0
290.19 5.4
291.16 2.3
291.94 2.2
294.26 4.5
296.11 5.9
297.15 2.8
298.13 3.0
298.86 3.3
301.00 2.6
301.93 4.0
303.25 1.2
303.97 2.6
307.33 10.2
308.29 31.2
309.33 7.1
311.31 20.7
313.26 19.7
314.38 24.1
315.36 11.2
316.18 1.3
320.47 38.2
321.94 2.3
323.02 9.5
324.17 3.9
326.24 59.9
327.13 9.4
329.07 33.3
329.98 16.4
331.18 24.9
337.99 56.1
338.98 7.0
341.26 1.6
342.58 13.9
344.41 16.2
345.18 28.5
346.22 12.1
347.04 2.1
348.41 3.0
349.56 4.9
350.37 2.9
352.30 13.4
353.61 2.3
355.29 11.4
356.61 3.5
358.89 13.6
360.22 15.4
361.23 11.8
363.18 7.3
364.23 15.5
365.35 11.5
366.18 2.5
371.37 11.2
372.51 15.3
373.24 5.8
374.48 1.1
375.32 1.1
376.57 3.3
377.81 2.8
381.38 6.3
382.64 9.0
384.45 17.6
385.53 29.3
386.45 2.6
387.36 4.9
389.27 1.2
392.90 5.2
394.44 440.2
395.36 3.2
396.27 5.9
397.39 4.6
398.14 2.4
399.40 4.5
400.32 3.4
401.64 11.6
402.37 6.3
402.98 3.1
406.37 6.6
408.68 13.7
411.31 5.9
412.60 16.0
413.29 1.5
414.79 31.7
417.93 2.3
418.74 6.1
419.47 5.0
421.12 12.5
422.51 24.7
423.26 17.4
424.24 29.4
426.28 11.7
427.25 148.6
428.17 43.6
429.05 22.3
430.19 1.7
431.26 2.5
432.52 26.8
433.34 2.1
436.95 106.6
438.05 12.7
438.99 9.0
440.28 90.4
441.20 211.2
442.15 82.9
443.31 2.0
444.30 111.9
445.37 20.0
446.43 8.0
447.47 7.7
450.00 2041.3
450.86 41.0
456.49 2.4
462.08 3.9
476.15 2.0
483.39 2.2
488.63 7.2
495.41 6.6
500.27 9.2
512.43 5.6
513.35 20.5
514.20 7.2
518.51 25.0
519.53 3.7
522.57 1.5
524.13 2.0
532.17 3.1
533.58 3.7
537.49 4.6
538.78 6.0
540.51 1.7
542.31 1.1
544.34 1.7
556.45 47.3
557.34 1.8
558.19 2.8
559.28 5.5
566.69 17.2
568.31 9.5
573.33 8.5
574.45 9.0
575.47 1.6
581.45 3.1
582.39 12.1
583.31 6.3
585.68 3.5
586.33 3.5
587.28 6.0
588.46 1.3
589.10 2.5
591.54 11.9
595.39 1.0
610.20 2.2
613.71 11.6
614.35 25.2
615.55 6.7
617.54 1.4
621.49 5.1
629.37 9.2
630.40 2.8
631.71 9.5
632.44 4.6
633.42 1.5
638.53 1.9
639.49 2.3
640.59 3.7
641.41 6.5
642.55 2.9
644.44 3.0
645.22 8.1
653.02 12.0
656.44 11.9
657.46 79.4
658.52 24.2
667.21 4.3
670.84 1.6
671.48 4.7
674.48 43.5
675.61 11.6
681.28 2.2
684.12 3.5
685.51 6.1
688.60 22.7
689.37 5.2
690.47 1.2
697.53 8.2
699.38 1.7
702.71 3.7
705.64 1.4
706.94 3.4
707.58 5.4
708.81 1.4
714.61 6.4
715.49 8.5
717.45 2.4
724.38 23.6
725.35 18.6
726.54 3.6
731.48 7.4
742.38 144.3
743.51 27.8
744.63 1.0
754.39 20.0
755.61 6.3
757.74 8.3
760.61 40.4
761.61 16.2
767.13 1.4
770.59 7.6
783.39 13.8
784.53 10.9
786.32 5.8
787.68 7.8
800.42 4.1
825.45 3.0
833.44 1.2
882.63 2.4
