1364.702150000001 3
132.17 1.9
134.27 2.1
135.99 8.1
138.23 3.0
143.16 5.2
144.12 2.5
147.20 2.9
150.01 1.8
152.99 2.9
154.11 8.9
158.17 3.2
159.04 2.5
160.07 4.0
161.28 1.8
162.11 2.1
165.12 1.1
168.21 3.5
169.23 4.1
169.99 6.4
171.67 11.6
175.35 4.4
176.15 6.8
178.01 5.9
181.27 3.8
183.75 9.5
185.21 5.7
187.14 13.1
192.25 1.5
193.14 7.1
194.14 1.9
197.28 6.3
198.25 3.3
199.37 5.9
200.15 5.1
202.16 7.7
203.19 8.5
206.16 3.7
207.13 1.2
209.30 15.2
210.20 4.0
213.20 9.7
214.46 7.8
215.19 1.7
216.15 5.6
218.12 3.7
219.87 1.6
220.52 5.3
221.20 7.5
222.83 3.7
226.12 4.3
226.88 13.5
229.10 1.7
229.88 4.6
233.08 6.1
235.23 1.1
236.16 3.4
238.27 4.1
240.23 4.2
242.14 16.4
243.15 9.0
244.13 6.4
245.34 6.2
247.12 1.2
249.20 11.2
250.19 1.3
251.68 5.5
252.31 5.7
254.21 3.0
255.20 6.6
258.27 4.3
262.12 35.0
263.21 16.5
265.42 12.1
266.06 2.5
267.25 17.8
270.16 1.3
271.18 6.3
272.61 3.3
275.27 1.9
276.19 2.7
278.41 2.0
281.44 6.2
282.27 8.2
283.99 10.9
286.72 4.8
292.41 1.9
293.12 1.7
294.00 17.2
294.81 10.7
296.14 3.8
297.10 4.6
298.24 5.7
299.36 2.0
300.22 6.1
302.24 12.0
303.35 2.3
305.43 10.7
309.46 9.5
310.16 9.8
312.00 11.4
313.05 9.2
314.21 3.6
316.08 1.7
321.32 39.1
322.35 5.3
325.44 5.6
328.11 1.5
330.41 32.1
333.15 5.2
333.89 6.1
335.25 28.6
336.20 2.6
337.40 2.6
338.48 9.9
339.28 9.1
340.22 6.3
341.40 39.8
342.16 40.7
345.32 1.6
346.23 6.2
348.18 13.6
348.79 4.2
350.38 4.7
351.31 4.0
352.47 5.3
353.39 6.4
355.10 22.8
356.01 8.8
356.95 4.5
358.22 1.7
359.42 11.8
361.18 7.6
361.78 3.0
363.39 13.1
364.15 8.2
364.88 7.7
365.83 3.9
368.20 9.8
370.22 3.2
371.26 1.1
372.53 5.1
374.09 2.9
375.00 11.2
376.17 5.8
377.39 8.4
378.60 3.2
379.50 8.4
380.32 1.4
381.29 3.9
382.38 1.3
383.33 13.9
384.45 2.8
388.07 13.5
389.54 27.5
390.31 11.0
391.05 2.7
392.25 7.0
394.01 3.4
394.97 8.2
396.21 15.3
397.07 1.9
397.75 8.9
398.53 9.5
399.28 10.2
400.06 13.4
400.70 12.1
402.15 30.7
404.23 5.5
406.40 5.7
407.26 12.6
408.05 10.3
409.32 13.9
410.84 14.5
412.19 82.2
414.29 5.5
415.12 17.9
415.96 21.8
417.42 40.5
418.48 10.8
419.34 10.3
420.81 28730.1
422.04 142.8
422.81 76.8
423.78 53.1
424.76 22.5
425.79 127.9
427.06 44.7
428.05 36.4
428.82 11.7
430.09 28.4
431.87 3.7
433.58 55.6
434.48 66.2
435.49 16.1
436.41 7.3
437.40 82.7
438.24 141.6
439.01 142.6
439.94 14.7
440.58 7.5
441.32 19.5
443.41 37.6
444.52 72.1
445.18 44.8
446.96 167.2
447.78 101.5
455.86 2.6
463.89 17.9
464.71 5.3
465.60 2.3
468.22 3.1
469.98 8.4
473.38 5.8
474.24 6.6
475.40 17.2
478.36 3.7
479.29 1.2
480.07 13.5
481.00 5.0
481.70 2.6
486.73 6.8
489.37 11.9
490.41 3.1
491.69 9.3
492.48 8.3
495.28 1.5
496.60 6.4
501.49 12.6
503.21 4.1
504.26 4.3
505.38 11.0
507.04 8.3
510.13 150.0
510.99 6.5
512.42 15.5
513.27 4.6
516.95 5.2
518.95 8.5
520.04 2.5
525.79 1.6
530.44 9.6
531.26 16.6
533.87 130.7
534.77 1.3
535.54 2.7
538.68 15.6
540.22 17.4
542.82 1.4
546.44 5.3
547.70 7.5
550.87 26.1
552.03 15.4
553.74 3.7
554.42 1.3
555.50 1.9
557.35 6.9
559.32 3.7
560.88 8.3
561.51 10.7
563.14 13.3
565.20 18.9
566.07 14.8
567.82 15.5
570.66 5.7
571.55 2.3
574.13 119.2
575.07 12.6
575.90 7.9
578.39 3.1
579.41 3.4
580.94 9.8
583.60 4.7
585.76 7.9
587.28 1.9
588.23 10.5
592.20 2.4
593.70 8.7
595.85 5.2
596.65 1.1
597.67 3.5
599.40 4.0
600.00 3.1
601.40 9.6
603.00 14.3
604.93 5.4
606.39 1.2
609.50 2.0
610.35 3.4
611.07 5.9
616.36 4.3
618.21 27.1
619.35 2.0
620.24 2.0
622.49 9.2
624.45 21.9
626.68 17.0
627.55 13.1
630.61 3.3
632.26 4.5
633.23 6.3
634.42 6.4
637.86 5.5
641.42 58.4
642.40 20.1
643.38 7.6
649.26 7.0
650.23 10.1
654.08 7.5
659.54 12.6
660.54 24.6
664.10 5.9
666.62 5.3
667.51 5.5
669.40 9.0
671.39 4.3
672.35 7.7
677.43 2.0
678.46 3.9
681.19 3.2
682.76 3.4
684.42 8.5
685.95 1.5
690.72 2.5
691.44 3.6
693.78 4.6
694.90 2.8
696.57 3.3
697.59 7.1
700.18 11.7
705.46 1.2
708.36 26.7
710.14 3.6
715.09 1.9
718.33 4.9
719.39 1.3
724.47 4.0
725.45 9.1
726.42 11.9
727.29 1.6
728.42 6.3
730.57 1.2
731.34 1.5
733.36 2.3
736.40 1.9
742.25 14.2
743.35 9.4
744.60 5.2
747.51 8.7
748.44 2.5
756.40 6.0
757.41 2.7
758.19 2.0
762.26 3.5
764.35 10.2
769.30 1.6
770.08 1.9
772.26 2.3
779.92 7.9
780.64 2.5
790.59 7.2
792.49 6.8
799.38 1.3
803.32 2.2
809.15 4.6
809.88 1.8
812.72 3.0
817.44 8.1
819.45 3.8
824.86 2.2
826.57 12.6
832.35 3.1
836.59 2.6
837.31 4.8
838.21 2.2
841.42 4.1
842.38 4.3
844.36 1.6
845.22 2.4
853.82 10.1
859.42 9.4
860.66 7.2
861.65 4.7
871.70 12.1
872.59 6.2
888.94 1.3
890.67 1.9
899.19 2.6
901.08 2.2
903.40 3.0
917.49 2.5
938.24 1.5
944.43 2.2
983.70 1.2
990.17 1.9
998.53 1.4
1002.80 3.7
1018.45 9.3
1019.51 10.5
1029.89 3.1
1048.70 3.7
