1119.43071 2
158.94 5.8
175.09 2.8
182.07 1.9
187.31 3.6
190.93 1.8
201.28 6.0
213.12 2.0
221.18 1.6
226.08 1.1
227.27 3.1
230.39 1.8
231.97 2.4
244.25 7.1
246.05 4.1
247.13 4.8
250.05 8.1
251.15 3.6
255.19 3.7
265.37 1.1
271.28 3.6
272.10 1.6
288.16 1.8
292.32 1.4
293.22 4.7
303.39 14.2
309.22 3.7
309.97 2.6
318.21 6.0
320.10 5.0
323.27 3.5
324.44 2.6
328.23 1.6
335.29 3.6
335.90 2.2
346.16 2.7
349.26 1.9
358.40 6.5
359.33 5.8
365.09 1.5
367.27 4.3
371.83 9.7
375.14 1.4
375.84 3.7
389.16 3.2
389.99 9.6
391.29 2.7
392.62 7.7
399.38 1.5
400.31 9.7
403.60 2.9
405.68 40.2
406.45 3.3
408.14 6.7
410.48 6.4
411.56 2.7
413.79 8.0
415.09 4.3
416.67 11.6
417.34 9.2
419.43 5.8
421.82 3.2
423.07 3.7
424.12 6.8
424.94 13.1
427.75 5.6
434.14 1.4
440.24 1.5
441.04 4.1
441.67 3.4
443.70 5.4
444.31 2.6
446.14 3.3
449.74 7.0
452.33 7.1
458.33 3.1
461.33 6.6
462.87 8.6
463.93 4.4
467.26 16.5
468.32 2.0
470.69 3.5
474.80 2.0
476.44 30.6
479.95 7.7
485.41 14.3
486.45 21.2
487.10 7.6
489.31 19.2
492.23 5.3
493.14 13.3
496.53 4.9
498.27 52.7
498.93 1.8
500.01 3.3
500.66 3.2
502.64 16.1
503.73 1.3
504.38 9.7
505.21 6.0
507.31 31.0
507.91 26.9
510.64 13.4
511.43 8.2
513.58 2.5
514.96 7.8
515.73 2.7
516.67 13.3
517.71 2.8
518.88 9.6
521.59 16.3
522.22 2.4
523.22 8.8
524.98 18.4
527.46 12.5
528.46 1.3
529.07 17.3
530.71 141.9
532.74 1.8
533.76 36.0
534.57 13.5
537.40 6.0
538.67 5.4
540.96 4.1
542.59 168.1
543.45 26.6
544.85 9.0
549.61 11.5
550.87 22.3
551.72 33.4
552.38 13.7
556.44 4.5
573.01 4.6
589.14 5.1
591.18 16.0
595.39 2.2
600.30 2.3
604.49 4.8
608.00 3.8
635.27 1.4
653.34 2.6
658.14 3.1
659.30 5.7
678.21 1.8
684.56 1.7
686.42 4.0
695.72 5.0
703.33 8.7
704.29 5.6
706.52 3.5
710.57 1.6
713.49 15.4
720.40 3.4
721.32 3.2
723.89 2.2
730.33 1.2
738.37 3.0
740.37 5.0
749.86 1.1
751.35 1.7
761.72 1.2
777.63 3.1
781.42 1.3
782.57 5.9
783.49 2.0
785.12 2.6
787.41 3.6
790.27 1.9
792.66 3.6
800.26 3.8
803.54 4.6
809.84 4.5
818.42 10.0
822.84 2.2
823.60 2.8
828.43 9.5
829.29 2.3
834.47 2.2
835.42 8.6
855.74 2.7
860.56 1.7
861.57 4.0
862.27 1.2
872.83 2.4
887.48 1.7
893.04 6.0
906.82 3.9
910.15 4.3
916.17 4.8
918.52 2.0
944.50 6.2
945.55 3.8
946.39 27.8
949.68 2.7
954.39 3.0
972.68 7.6
982.42 1.3
989.25 1.4
