1003.55412 2
142.34 2.1
145.33 1.1
147.18 3.0
153.01 12.1
154.16 74.2
154.94 6.1
156.19 9.1
157.38 39.8
158.15 39.8
159.11 1.8
160.07 1.8
162.15 3.8
167.02 4.1
167.82 1.6
169.02 9.6
170.14 47.1
171.13 78.2
172.22 17.7
175.24 686.0
176.28 37.6
176.99 5.3
178.11 3.7
181.13 1.1
183.23 2.1
184.23 2.3
185.13 6.4
186.09 5.7
187.11 40.7
189.09 270.0
190.19 10.8
193.07 2.1
194.00 5.8
195.25 4.2
197.19 58.0
198.13 1.1
199.11 38.3
200.09 16.9
200.93 4.9
202.09 1.1
203.28 8.0
205.20 9.9
209.35 3.8
210.62 8.7
211.64 2.4
212.42 6.2
213.06 13.7
214.24 9.8
215.12 78.1
216.51 47.4
217.17 593.9
218.19 43.9
219.57 4.1
220.26 4.0
221.21 3.1
222.76 247.9
223.59 1.6
224.99 13.0
228.35 5.5
229.14 1.7
231.16 33.3
232.20 4.3
234.17 1.0
235.13 4.4
236.20 26.4
237.23 8.2
238.22 3.4
239.44 6.0
240.39 4.3
241.22 2.6
242.18 6.3
243.14 22.3
244.41 3.5
245.19 2.0
246.16 5.1
248.50 22.6
249.32 24.9
251.20 6.4
253.30 44.9
254.33 39.8
255.12 13.1
256.28 6.8
257.22 15.1
258.27 13.0
259.24 3.8
260.10 1.8
261.32 6.0
263.48 3.5
264.23 8.2
265.37 4.8
266.29 3.3
268.11 1.1
270.10 81.8
271.23 47.9
272.26 24.9
273.14 1.1
274.18 5.1
275.06 2.7
276.38 3.8
277.20 3.1
278.51 36.0
279.28 4.6
280.97 13.3
282.19 23.7
283.09 6.8
284.26 22.6
285.18 45.7
286.34 8.5
287.44 71.1
288.29 341.2
289.30 20.9
290.32 12.8
291.35 1.6
292.82 4.6
294.22 8.8
295.25 2.6
296.44 13.0
297.68 16.0
298.29 6.8
299.59 16.1
300.22 25.1
301.23 14.2
302.40 20.3
303.21 1.9
304.40 5.0
305.15 1.3
306.72 4.8
308.32 21.4
309.56 10.6
310.50 1.1
311.45 14.8
312.29 46.1
313.25 60.7
314.29 120.0
315.36 18.4
317.30 9.8
318.20 16.7
319.30 2.0
320.70 19.4
321.63 10.2
322.38 1.5
323.36 1.6
324.31 1.0
326.24 63.2
327.24 10.0
328.59 37.5
329.47 46.0
330.19 88.1
331.25 77.3
332.19 8.4
334.41 10.6
336.16 7.4
337.85 312.8
339.13 9.0
340.98 23.7
342.16 12.3
343.00 16.5
344.28 33.8
345.34 13.2
346.31 10.3
348.17 2.5
349.12 4.6
350.59 7.9
351.50 7.7
352.30 9.9
353.23 1.6
354.24 17.5
354.98 10.8
356.44 10.0
357.55 3.5
358.44 1.5
359.29 4.7
363.13 21.9
364.20 42.0
364.87 3.2
366.13 16.8
367.42 20.5
368.36 12.1
369.35 5.1
370.47 2.8
371.19 3.5
372.30 136.8
373.10 94.6
373.94 17.9
374.92 11.8
377.01 69.9
378.00 24.9
380.92 12.2
382.42 3.8
383.75 7.7
384.38 110.4
385.57 394.6
386.35 30.6
387.26 12.5
388.15 23.0
389.28 5.7
390.22 2.7
390.93 12.2
392.12 17.0
393.25 35.2
394.43 4615.3
395.32 37.8
396.10 21.5
399.28 50.3
400.62 14.2
401.31 6.3
402.33 22.8
403.30 10.5
404.14 1.8
408.00 22.1
409.30 33.0
410.14 48.4
411.16 58.8
412.18 7.2
413.27 104.9
414.27 29.5
415.48 1.3
416.40 8.8
417.30 44.5
418.53 3.0
419.62 10.6
422.32 2.3
422.93 13.3
423.96 16.8
426.35 117.6
427.31 273.4
428.31 70.7
429.15 68.8
430.30 25.0
431.28 89.6
432.33 32.6
433.09 1.5
434.06 3.0
435.25 5.6
436.54 12.2
437.42 10.8
438.08 11.1
439.03 11.8
439.84 12.1
440.63 12.3
441.74 17.4
442.71 17.7
444.36 731.4
445.44 132.1
446.26 13.7
447.66 44.5
448.56 22.0
450.05 72.0
450.93 22.7
451.89 9.0
452.50 1.7
453.75 27.9
454.67 11.7
455.81 21.7
456.55 5.6
457.42 22.5
458.71 109.0
459.47 46.9
460.45 15.7
461.18 21.6
462.05 32.3
463.47 63.9
464.29 7.3
465.98 10.7
466.95 21.6
469.17 89.6
469.85 86.1
470.70 27.8
471.64 94.4
472.36 35.2
473.92 24.9
475.70 127.8
476.53 30.5
478.48 43.7
479.39 104.6
480.51 367.2
481.54 96.8
482.37 8.5
483.37 34.5
484.61 233.3
485.39 90.1
487.55 302.8
488.44 7.2
489.63 7.3
490.90 19.5
491.51 10.6
493.30 703.3
493.97 621.3
495.02 9.2
496.57 1.1
503.84 1.5
506.39 4.2
507.39 2.5
510.31 2.6
513.42 85.6
514.43 33.2
515.38 21.3
516.28 11.8
517.28 23.5
518.42 50.4
519.34 12.0
520.38 3.2
524.30 79.7
525.38 44.6
526.15 2.1
528.32 10.6
529.59 8.7
531.39 12.9
532.43 34.6
535.08 6.2
537.59 6.5
538.37 19.1
539.58 16.4
540.54 1.0
542.18 136.4
543.27 36.9
543.99 5.2
545.52 5.4
547.13 28.5
548.32 14.3
550.95 13.6
552.55 3.7
553.47 4.3
555.34 15.2
556.39 375.0
557.41 107.1
558.38 15.4
560.43 76.1
561.39 11.8
564.56 6.4
568.37 3.7
569.56 10.4
570.54 13.5
571.68 19.6
572.39 3.7
573.48 142.9
574.36 13.5
575.07 5.0
578.17 14.2
579.37 17.2
580.26 13.9
580.97 3.5
582.58 2.5
584.58 6.8
585.39 12.0
586.47 17.1
587.48 27.3
588.56 4.2
589.32 10.0
591.60 3.0
592.39 3.0
593.48 7.8
595.57 9.5
596.45 46.4
597.46 32.4
601.49 2.4
603.41 8.2
604.42 1.3
605.37 1.1
606.57 8.0
609.17 30.8
610.43 6.9
611.35 4.2
613.31 182.2
614.41 301.8
615.46 76.5
616.66 3.5
617.31 2.3
619.27 3.1
621.25 11.8
624.22 7.6
625.99 11.6
628.25 3.6
629.45 9.5
630.77 44.1
631.48 74.8
632.43 47.3
633.57 21.1
635.71 4.3
637.45 21.1
639.43 86.0
640.46 25.2
641.31 6.7
642.56 4.1
644.12 5.6
645.46 1.6
646.24 1.8
647.16 9.2
649.34 3.7
650.72 5.9
651.43 2.3
652.95 7.9
655.08 38.3
656.36 51.7
657.41 980.4
658.42 289.1
659.08 4.6
659.86 5.0
662.71 2.8
665.15 14.3
667.54 21.0
668.58 2.7
670.01 5.4
670.69 1.2
671.33 5.3
672.38 10.1
673.50 52.3
674.45 348.1
675.56 78.4
676.50 7.4
678.92 1.3
682.30 4.8
683.51 3.2
684.39 15.6
685.34 1.9
686.68 7.2
687.60 7.1
688.45 27.4
689.41 21.5
690.42 1.3
691.47 1.4
692.52 11.6
695.09 4.8
697.91 18.2
698.65 4.4
699.36 19.4
703.73 3.3
705.45 7.4
707.54 1.1
709.59 23.2
710.38 2.2
712.47 2.1
715.67 73.1
716.44 272.8
717.52 77.0
718.57 7.0
726.60 14.0
727.59 122.4
728.46 33.6
729.52 25.6
730.81 1.7
732.45 1.9
733.59 3.9
735.53 6.4
738.35 2.1
739.27 3.1
742.47 20.9
743.52 16.6
744.40 6.3
745.56 20.9
746.46 17.9
748.83 5.4
751.38 2.0
752.39 18.5
753.50 16.8
754.77 10.4
757.12 7.7
758.58 10.4
760.46 9.5
761.55 2.2
762.31 2.6
763.40 6.9
767.43 4.8
769.24 25.0
770.50 619.8
771.54 205.9
773.81 3.0
775.71 2.8
780.64 1.6
782.25 2.7
784.60 3.3
785.54 19.9
787.53 88.4
788.52 23.9
789.41 6.6
791.54 2.5
793.22 8.4
795.52 4.4
799.57 19.2
800.28 5.1
801.52 58.6
802.47 31.5
803.56 8.9
804.51 4.6
811.55 20.0
812.53 17.7
813.26 3.6
813.87 5.8
814.77 2.3
817.13 9.1
818.66 2.9
829.44 1180.2
830.48 362.8
831.41 12.6
832.02 4.5
838.87 12.7
839.65 8.6
847.51 410.7
848.52 121.0
849.68 10.4
855.45 6.1
856.65 10.1
858.47 11.5
872.32 2.3
873.47 6.4
874.83 3.5
881.75 6.1
882.71 7.3
883.44 2.3
899.65 13.1
900.59 3.4
901.75 1.4
916.41 1.7
927.30 3.1
940.10 1.3
944.63 4.4
945.37 2.5
986.64 2.5
987.97 1.5
