1026.58879 2
143.96 2.5
147.21 1.8
149.13 1.7
154.05 1.2
155.28 6.0
157.89 2.3
159.29 9.8
160.05 11.3
161.08 2.8
162.03 11.7
163.09 10.0
164.22 2.2
165.04 2.7
167.20 2.4
168.09 8.9
169.14 4.8
170.19 2.1
172.16 1.8
173.10 4.7
174.21 2.2
175.20 7.3
177.08 2.9
178.13 5.7
178.94 10.8
180.81 13.5
183.02 3.6
184.44 3.4
185.27 21.6
186.07 4.7
187.00 5.9
188.31 3.7
189.23 1.0
191.30 6.4
192.07 4.4
193.97 1.0
195.23 8.5
196.25 3.4
197.28 5.5
198.19 4.1
199.18 18.1
200.13 5.3
201.22 4.6
202.58 13.4
203.20 8.2
204.39 3.1
205.41 3.5
206.06 2.6
207.15 4.4
208.11 5.0
209.15 18.3
210.24 12.3
211.16 20.5
212.00 3.8
213.22 6.4
214.23 2.3
215.18 6.1
216.23 4.2
216.99 7.1
218.09 9.1
219.13 15.8
220.19 4.1
221.08 6.1
222.40 2.8
223.26 6.7
224.99 3.8
226.08 1.4
227.32 13.1
228.24 7.4
229.08 5.7
230.09 5.2
231.09 10.0
232.05 12.8
233.25 4.8
234.20 4.8
235.21 17.2
236.19 4.3
237.23 24.8
238.21 4.1
239.33 4.7
240.43 12.0
241.23 10.5
242.44 13.9
243.26 7.4
244.12 9.5
245.21 12.5
246.38 7.5
247.30 6.5
248.22 7.3
250.19 4.8
251.23 6.3
252.30 3.4
253.20 13.3
254.27 8.0
255.16 5.2
256.22 9.3
257.55 24.1
258.37 7.9
259.10 4.8
260.24 8.7
261.12 3.2
262.08 4.4
263.16 3.7
264.09 5.7
265.20 4.6
266.17 9.8
267.23 9.7
268.18 4.8
269.18 6.1
270.19 15.5
271.33 4.4
272.29 5.1
273.11 5.1
274.21 47.2
275.16 11.4
276.18 3.0
277.15 2.7
278.22 8.0
279.28 5.6
280.30 1.0
281.31 8.7
282.32 12.9
283.22 147.9
284.21 17.5
285.26 10.4
286.43 13.4
287.13 6.3
288.36 8.3
289.52 19.5
290.99 2.1
292.32 11.4
293.27 3.0
294.36 6.0
295.38 2.9
296.28 9.1
298.09 26.1
299.12 31.4
300.18 17.2
301.24 18.2
302.15 13.6
303.15 34.7
304.35 3.9
305.33 8.0
306.31 5.6
307.29 5.7
308.19 21.7
311.22 111.0
312.27 31.1
313.47 7.1
314.15 10.5
315.33 1.1
316.13 22.1
317.42 44.2
318.30 8.2
319.16 7.4
320.22 6.6
321.23 5.7
322.27 3.4
323.25 9.4
324.27 3.5
325.24 13.1
326.22 23.3
327.02 9.8
328.18 19.6
329.27 22.8
330.38 4.8
331.44 11.0
332.28 6.8
333.55 16.4
334.23 26.4
335.20 24.4
336.14 4.5
337.21 22.4
338.35 10.7
339.32 4.5
340.26 15.4
341.16 8.7
343.00 22.6
344.21 10.5
345.21 3.5
346.17 17.3
347.56 2.6
348.40 3.3
349.43 17.1
350.27 40.7
351.20 9.1
352.28 18.2
353.34 56.3
354.26 14.1
355.29 25.4
356.15 32.0
357.35 22.6
358.30 16.9
359.06 13.4
360.27 8.5
361.66 23.6
363.23 15.2
365.21 15.0
366.35 20.1
367.36 20.6
368.23 15.6
369.34 41.5
370.22 26.0
371.25 4.3
372.20 18.0
373.21 12.3
374.26 3.9
375.07 7.4
376.13 8.4
377.44 13.4
378.24 62.2
379.31 15.2
380.35 12.7
381.17 24.9
382.01 20.0
383.08 22.0
384.26 35.2
385.19 28.0
386.00 28.2
387.08 4.6
388.26 6.2
389.33 8.7
390.33 5.1
391.25 5.2
392.21 9.5
393.24 23.8
394.29 12.0
395.31 19.2
396.20 4.2
397.28 9.9
398.08 32.3
399.18 78.6
400.18 68.6
401.14 17.6
402.44 3.6
403.18 2.0
403.95 6.5
405.09 11.8
406.05 5.6
407.53 18.2
408.14 3.6
409.28 12.6
410.18 3.3
411.14 8.3
412.27 56.4
413.22 25.2
414.12 29.3
415.87 17.8
417.51 2.1
419.33 11.6
420.37 15.0
421.36 8.5
422.54 13.0
423.67 22.4
424.45 7.9
425.26 22.3
426.30 39.6
427.35 18.9
428.17 17.5
429.17 23.7
430.25 12.0
431.57 8.8
432.48 23.0
433.38 12.4
434.34 17.9
436.17 15.1
437.22 32.8
438.18 4.9
439.04 59.4
440.41 25.3
441.26 25.1
442.39 29.9
443.23 8.4
444.92 4.7
447.80 23.9
448.82 5.4
449.48 8.1
450.40 25.6
451.33 31.9
452.35 25.2
453.24 38.5
454.24 73.9
455.30 22.6
456.07 7.3
457.16 17.8
458.12 7.5
459.39 13.6
460.33 11.7
461.35 17.7
462.32 3.4
463.35 11.9
464.34 16.4
465.32 31.7
466.25 43.2
467.30 33.5
468.19 79.7
469.19 81.8
470.30 74.1
471.48 41.7
472.62 16.3
473.53 15.9
474.99 4.1
477.20 46.5
478.20 63.2
479.18 22.1
480.19 12.6
481.50 11.2
482.80 24.0
483.52 7.8
484.53 27.2
485.25 20.0
486.35 18.3
487.46 5.0
489.00 2.9
490.31 20.2
491.27 1.9
493.53 7.1
495.22 601.9
496.27 535.0
497.23 45.4
498.20 5.7
498.97 9.9
499.82 1.2
501.59 6.3
502.40 33.6
503.33 2.0
504.89 928.2
505.99 14.1
509.49 1.5
523.44 2.9
532.52 1.5
535.30 1.9
536.28 7.6
544.09 3.2
550.66 9.3
555.39 2.3
556.26 1.4
558.60 2.1
564.25 10.6
566.47 2.4
571.60 4.4
579.10 6.9
584.04 7.5
594.98 11.5
597.16 18.1
604.20 3.1
607.58 3.4
608.32 5.8
609.42 2.9
615.47 28.5
616.53 13.5
617.43 1.5
618.33 5.5
620.54 1.2
621.39 1.5
622.45 1.5
631.80 4.6
635.51 1.8
636.13 2.1
637.91 3.9
638.67 9.9
649.61 5.1
653.48 1.4
660.44 3.1
663.93 16.3
665.17 3.7
668.23 4.8
669.61 4.5
676.51 4.3
677.22 2.4
678.45 3.6
683.49 2.8
684.38 1.8
689.12 1.0
690.71 4.2
698.43 52.3
699.48 22.4
706.40 2.5
715.40 1.8
716.50 282.0
717.45 62.7
722.42 4.3
730.55 1.3
735.59 4.4
738.37 4.1
743.48 3.3
745.29 4.9
749.34 3.4
754.80 1.5
755.85 3.7
760.68 3.2
763.05 1.0
781.58 2.9
782.37 3.3
790.44 1.5
795.98 2.2
797.90 2.8
798.72 8.3
801.39 1.5
809.74 2.2
822.10 1.3
832.41 2.3
833.72 1.1
841.75 1.0
843.88 4.7
861.69 13.3
862.46 9.8
863.34 1.2
873.56 16.1
876.31 3.6
877.08 1.7
879.55 19.0
880.58 3.1
881.62 3.3
883.40 2.4
884.50 3.5
889.32 4.5
893.90 17.7
894.66 2.8
895.72 8.3
896.47 1.5
926.61 5.3
937.57 1.0
987.70 1.4
