1844.95171 2
262.15 2.2
265.97 1.1
267.29 13.7
268.22 2.5
269.29 1.7
270.18 1.4
272.49 2.7
285.25 9.4
286.20 18.8
288.11 5.7
290.19 13.9
292.35 1.6
295.18 4.1
297.49 2.4
298.25 1.1
302.36 6.6
303.20 114.7
304.25 12.9
307.63 10.6
309.44 3.3
312.21 1.2
315.36 7.8
317.20 2.8
318.49 3.1
322.18 7.1
323.41 2.4
326.41 1.1
327.20 2.6
334.71 7.1
335.33 17.2
336.50 2.5
339.22 2.7
342.46 7.0
344.19 1.6
346.09 1.3
351.65 11.2
352.39 22.5
353.28 17.6
354.48 6.5
355.44 1.2
357.64 3.7
361.60 1.1
362.56 2.4
363.20 1.1
364.08 3.6
365.42 1.0
367.13 4.7
368.22 6.2
370.34 24.3
371.44 10.9
372.42 3.8
376.18 3.1
377.82 6.2
378.43 9.9
380.09 4.4
381.34 1.9
387.26 3.4
388.35 2.6
391.25 4.0
395.42 1.2
396.47 4.1
398.11 2.1
400.03 1.6
400.90 2.0
403.46 11.4
404.45 5.0
406.44 9.8
408.21 12.6
409.25 7.1
411.34 4.4
412.51 2.5
414.21 2.8
415.45 4.1
420.13 6.8
422.17 8.6
423.28 6.8
425.69 2.4
426.45 11.8
427.67 10.2
432.25 34.2
433.38 17.0
434.11 6.4
436.03 13.3
438.35 1.6
439.40 7.8
440.68 7.5
442.98 3.0
445.38 3.0
446.31 5.0
448.53 2.0
450.00 1.1
451.35 2.1
453.37 4.2
454.29 5.0
454.98 5.4
457.42 15.9
458.30 14.5
459.46 5.8
460.19 5.6
463.44 1.7
464.38 1.3
468.31 5.4
469.27 1.6
471.99 1.5
473.28 3.8
474.14 10.1
475.12 9.9
477.32 3.0
479.51 8.4
481.38 6.0
483.30 4.3
484.82 13.8
486.48 16.6
489.21 1.8
490.40 2.5
491.40 2.5
492.59 11.2
493.55 3.2
494.31 1.3
497.41 4.4
498.96 3.7
499.59 8.0
501.06 2.3
503.29 424.1
504.39 85.0
505.21 8.2
508.40 4.0
509.42 3.0
510.21 1.1
510.94 4.2
512.21 3.4
513.62 5.1
516.19 7.7
517.62 2.7
518.36 5.0
519.42 9.4
520.36 4.1
521.26 4.9
523.43 4.5
524.52 6.1
526.39 1.9
527.35 2.1
531.37 1.8
533.54 1.1
535.53 5.4
536.32 20.3
537.44 17.0
538.27 14.5
539.37 53.9
540.39 9.8
543.49 4.2
545.30 3.0
553.59 19.5
554.48 23.6
555.48 6.1
556.22 5.8
561.55 3.5
562.38 1.6
568.50 5.5
569.40 1.5
570.57 5.8
571.54 19.1
572.41 4.8
573.50 7.7
574.50 3.0
575.15 6.8
576.46 6.7
577.22 1.4
578.37 1.4
580.38 4.5
584.07 3.1
585.27 1.2
586.45 1.1
588.07 3.5
589.24 1.6
591.42 2.1
597.42 2.0
600.46 2.6
601.45 4.4
602.53 2.7
603.51 6.7
604.45 3.3
605.46 7.1
607.25 1.2
610.42 3.2
611.51 1.6
612.76 3.1
614.56 3.1
616.78 2.2
618.38 63.4
619.38 8.1
620.57 11.1
621.28 7.1
622.47 15.5
624.19 5.9
626.41 1.3
631.53 1.3
632.50 5.2
633.22 3.3
635.12 1.9
636.31 3.4
639.61 1.3
640.61 12.0
641.40 3.8
642.50 3.3
643.45 4.0
646.47 2.0
647.35 17.0
648.38 3.3
649.78 27.2
650.69 24.1
651.45 4.6
652.30 2.8
652.90 1.7
656.72 4.5
660.57 1.5
664.14 7.8
664.74 3.5
665.55 17.3
666.48 26.5
667.45 70.1
668.31 15.1
669.29 17.1
670.48 8.5
671.10 1.8
672.46 1.0
674.38 3.5
676.26 1.2
677.42 5.4
678.38 3.9
679.98 4.2
681.53 15.2
682.63 2.7
684.46 64.5
685.27 10.2
686.21 43.6
687.57 11.1
688.24 12.2
689.37 3.1
691.33 3.9
692.29 4.3
693.37 2.3
695.22 8.1
698.49 10.1
700.31 2.9
702.21 13.2
705.36 329.3
706.35 89.6
707.36 32.4
707.99 5.0
709.25 2.5
710.36 7.1
711.21 2.6
712.10 1.7
713.51 5.1
716.41 1.4
718.10 4.5
720.28 2.0
721.22 3.0
728.28 13.4
729.31 2.2
731.53 5.9
732.71 6.4
733.59 2.0
736.50 5.3
737.61 5.2
738.50 5.3
741.22 1.7
743.37 6.3
746.02 1.5
749.80 5.6
750.80 10.5
754.63 2.3
755.51 2.4
756.44 9.0
757.23 5.3
758.31 9.0
759.25 8.2
760.57 21.0
762.36 2.8
763.69 13.1
765.46 2.2
766.58 1.0
767.30 13.0
768.18 4.0
769.21 1.7
770.35 6.1
771.42 2.4
772.23 4.0
773.79 4.5
775.19 2.1
776.28 14.8
777.24 6.4
778.29 43.8
779.31 11.6
783.18 8.3
784.47 5.3
785.30 3.8
786.16 5.6
786.86 8.9
791.43 1.0
792.66 1.2
793.31 5.2
794.54 33.5
795.45 38.3
796.46 14.6
797.58 2.7
799.12 2.4
800.45 2.7
801.14 10.9
802.60 6.3
804.60 2.6
808.89 9.1
810.56 7.3
811.92 4.5
812.58 33.5
813.68 12.5
815.17 6.6
816.29 5.1
817.77 4.3
818.45 118.2
819.46 27.1
820.64 9.0
821.48 2.7
822.51 7.9
823.65 4.1
825.15 9.4
826.87 8.0
829.52 3.9
830.36 1.3
833.18 4.4
834.16 3.0
835.52 2.2
839.86 7.7
840.50 4.8
841.35 39.4
842.32 4.6
843.70 11.6
844.40 3.5
845.79 1.7
847.69 26.0
849.76 82.7
850.41 44.1
851.07 21.8
852.34 9.1
854.67 11.1
856.61 10.2
859.00 45.9
859.68 12.6
860.54 4.8
861.50 16.4
862.53 1.1
863.25 14.6
864.43 5.3
865.62 18.2
867.17 15.5
868.98 6.6
870.39 16.0
871.45 18.0
872.20 3.5
875.37 29.7
877.57 1.7
878.72 1.5
879.62 14.9
881.13 4.8
881.79 6.8
882.78 21.4
883.63 3.1
884.56 3.8
885.60 3.3
887.27 41.8
888.31 45.9
889.15 27.8
891.64 10.0
892.52 13.7
893.70 18.5
895.26 9.9
896.34 37.9
897.20 18.6
898.10 12.3
898.85 5.8
899.58 3.9
900.35 3.7
901.03 4.1
901.97 7.1
904.82 52.9
905.43 602.2
906.26 371.2
907.42 35.6
908.38 8.2
909.20 3.1
910.43 1.5
911.20 11.3
931.71 1.2
939.44 2.1
940.61 8.4
941.84 5.2
949.43 1.1
952.76 2.2
955.74 1.5
957.22 8.4
958.64 2.4
959.87 10.9
965.81 13.2
969.48 7.0
970.13 5.5
971.75 5.3
973.72 1.5
974.63 15.2
975.37 3.9
977.38 6.5
978.65 14.0
987.49 1.6
988.34 3.7
991.96 3.5
992.66 2.4
993.66 2.4
994.67 9.8
995.73 7.5
996.65 2.6
997.85 5.7
998.60 16.6
999.78 3.3
1000.53 2.7
1005.45 3.9
1006.42 4.4
1009.59 5.7
1010.67 12.6
1011.50 4.2
1012.71 7.6
1015.52 82.2
1016.53 168.7
1017.52 91.4
1018.56 13.5
1020.58 5.0
1027.52 16.5
1028.64 8.9
1029.47 13.2
1033.49 138.8
1034.53 38.5
1035.62 11.1
1042.57 3.1
1045.69 2.3
1047.90 1.6
1049.51 2.4
1052.54 4.2
1053.79 2.7
1055.50 7.4
1057.79 6.0
1059.17 3.5
1064.32 2.8
1065.70 4.3
1066.75 3.5
1068.47 4.1
1069.70 3.5
1070.51 4.5
1072.66 2.3
1073.30 1.4
1075.26 1.5
1077.72 3.8
1078.56 9.7
1081.25 4.9
1083.54 2.5
1084.41 3.0
1087.90 9.0
1088.84 2.0
1089.79 7.4
1094.05 5.4
1094.86 1.8
1095.66 8.6
1099.57 12.1
1100.60 1.1
1104.71 8.5
1105.64 27.2
1106.73 19.5
1108.01 1.4
1109.56 1.7
1110.58 6.4
1112.58 6.0
1113.71 2.6
1115.62 1.7
1122.78 15.9
1123.76 41.2
1124.51 26.9
1125.58 4.2
1126.62 19.4
1127.53 7.1
1128.99 7.7
1129.72 4.1
1135.80 5.1
1140.63 59.8
1141.74 30.5
1142.67 15.8
1143.59 40.0
1144.57 198.8
1145.55 93.1
1146.49 13.6
1150.87 2.1
1154.38 1.3
1156.56 1.0
1161.64 161.1
1162.66 83.2
1163.66 15.4
1169.04 14.4
1174.24 8.7
1175.64 1.5
1182.44 1.4
1187.34 2.8
1193.55 5.4
1194.18 1.4
1197.41 8.6
1210.53 31.1
1211.53 7.6
1212.66 4.1
1214.80 10.2
1221.87 1.1
1227.67 20.6
1228.55 2.4
1229.77 2.9
1231.40 2.4
1239.88 4.8
1242.22 6.1
1244.94 1.6
1245.61 9.9
1255.58 1.5
1256.26 1.5
1257.00 11.1
1257.81 11.1
1258.72 3.8
1261.84 6.9
1263.59 1.5
1268.72 2.1
1274.66 98.6
1275.70 52.8
1276.68 12.2
1277.63 1.3
1278.94 2.4
1280.66 2.3
1282.95 35.2
1283.82 14.0
1284.83 2.4
1285.68 7.4
1291.31 7.0
1291.93 4.7
1298.84 13.1
1301.47 2.4
1306.64 4.0
1307.65 12.8
1308.81 1.2
1309.72 2.9
1314.21 1.9
1319.81 1.9
1324.16 21.1
1324.83 23.4
1325.72 52.5
1326.67 15.9
1327.94 4.9
1337.21 1.8
1342.65 219.8
1343.68 112.5
1344.73 14.3
1354.67 2.0
1355.67 5.2
1361.49 2.1
1363.70 1.1
1364.88 4.1
1370.90 7.5
1371.93 9.2
1372.88 6.1
1374.16 4.2
1379.65 2.5
1380.81 7.6
1381.70 9.3
1385.73 2.7
1386.92 3.5
1388.56 47.1
1389.75 46.9
1390.80 3.0
1394.87 1.7
1395.50 1.6
1396.42 7.8
1397.81 17.4
1398.65 7.5
1413.83 28.4
1414.83 8.3
1415.68 12.1
1416.73 1.3
1422.11 2.4
1426.87 3.2
1434.74 2.1
1440.81 3.9
1441.64 1.4
1457.75 27.4
1458.76 36.2
1459.79 12.5
1460.64 13.1
1475.77 209.2
1476.78 88.8
1477.82 40.1
1488.27 3.4
1507.26 3.9
1507.90 6.9
1508.74 1.8
1509.65 5.1
1511.69 4.2
1513.33 6.1
1514.07 1.8
1525.09 4.3
1525.96 23.3
1526.91 27.9
1527.75 7.2
1540.04 3.6
1542.83 92.7
1543.88 33.2
1544.87 26.2
1560.06 6.0
1569.87 3.1
1570.54 4.2
1571.71 19.1
1572.91 4.1
1573.85 4.7
1574.81 1.6
1588.81 100.4
1589.84 108.9
1590.91 21.1
1598.80 4.1
1602.10 3.6
1620.08 4.0
1624.77 3.5
1625.63 2.5
1637.02 1.5
1653.59 13.6
1654.99 11.5
1670.67 30.1
1671.85 25.4
1681.62 4.2
1682.91 6.3
1684.72 2.5
1689.73 2.3
1700.00 16.7
1701.18 6.1
1702.04 7.0
1711.44 1.6
1717.07 1.5
1718.03 7.4
1719.09 3.3
1727.10 5.0
1728.92 6.0
1729.94 4.7
1746.18 3.1
1773.18 1.2
