5558.8893 4
394.29 12.5
396.21 3.5
412.58 10.4
415.29 17.5
416.32 11.5
418.30 7.0
419.48 5.4
420.49 18.5
421.13 9.3
422.38 9.1
423.43 8.7
425.41 18.3
427.07 6.7
428.04 10.5
430.27 3.1
431.11 7.4
433.40 6.7
434.55 13.5
435.25 3.8
436.21 4.8
437.27 52.7
438.24 43.7
438.99 7.5
441.34 4.8
442.12 4.2
443.40 4.0
444.48 12.4
448.56 5.7
449.55 14.6
454.24 4.2
455.46 7.0
457.11 12.1
458.36 8.3
459.28 7.9
461.43 7.6
462.67 20.4
463.46 8.4
464.36 22.7
465.21 16.0
466.26 8.8
469.05 3.6
470.17 8.7
473.51 15.4
474.40 13.7
475.45 32.7
476.51 3.2
477.36 9.2
478.44 20.6
480.33 69.6
481.42 14.9
483.24 4.8
484.56 4.1
486.36 20.2
487.84 49.6
488.55 16.4
489.53 41.5
491.48 11.7
493.28 19.1
494.31 9.4
496.38 10.2
498.39 26.4
499.48 11.0
501.20 8.1
502.58 4.1
503.26 17.9
504.30 3.5
505.27 22.7
506.38 52.6
507.24 8.8
508.52 6.7
509.28 12.9
511.55 21.7
514.42 10.7
515.52 5.9
516.18 23.7
517.17 25.0
519.50 12.9
521.27 4.3
523.09 28.3
524.39 9.8
526.39 23.8
527.60 5.3
530.57 3.5
532.52 7.3
533.39 4.9
534.35 139.7
535.37 19.2
536.46 5.3
537.99 29.1
539.30 15.4
540.29 21.6
545.19 30.4
546.73 12.6
547.63 22.8
548.73 20.1
549.35 3.9
550.20 15.0
551.27 174.8
552.28 101.7
555.38 20.8
556.24 11.9
557.34 27.7
559.43 15.0
560.37 3.6
561.52 18.4
562.46 17.9
563.32 34.3
564.62 10.6
565.38 8.4
567.26 13.4
568.14 6.7
569.10 21.9
570.30 21.1
572.39 29.0
575.46 18.4
578.06 11.3
579.33 44.3
580.39 17.8
581.56 5.8
583.43 7.8
584.29 21.9
585.21 23.3
587.33 5.7
590.32 91.9
591.51 24.1
592.22 20.4
593.28 32.2
594.24 6.0
595.46 3.8
596.27 22.9
600.43 7.9
601.61 207.5
602.54 41.6
603.21 9.8
605.59 13.7
607.30 3.7
608.73 14.8
609.33 29.7
610.52 10.1
611.61 64.8
612.69 3.0
613.49 11.2
616.34 25.5
617.02 5.3
618.42 16.2
619.41 68.9
620.39 31.0
622.47 13.7
627.48 81.5
628.45 34.7
629.45 54.4
630.73 13.8
631.60 25.2
632.39 22.3
633.41 25.7
634.49 20.1
636.21 59.5
637.27 32.6
638.18 7.2
639.47 80.8
640.44 10.0
642.44 7.8
643.45 12.4
644.39 19.8
645.54 38.8
646.41 29.8
647.32 100.3
648.24 43.1
649.49 22.7
650.44 6.3
651.72 10.1
652.76 59.8
653.84 14.4
656.65 21.0
657.93 116.8
661.54 21.5
662.40 23.8
663.46 25.0
664.46 321.4
665.46 82.4
666.37 41.5
667.25 10.1
668.67 4.9
670.60 9.6
673.49 27.7
674.66 8.2
675.68 16.9
676.97 13.1
677.60 7.2
678.27 3.1
681.30 20.1
682.37 22.7
683.44 6.4
684.24 34.7
685.52 5.3
687.36 12.1
688.26 13.5
690.45 16.9
691.76 8.0
692.43 22.0
693.36 11.7
694.42 27.1
695.42 126.0
696.32 10.7
697.54 6.0
698.43 8.6
700.70 21.5
702.44 3.1
703.35 9.8
706.43 3.1
707.03 20.7
708.45 7.9
710.29 7.2
712.43 43.0
713.41 15.7
714.72 111.3
716.28 17.0
717.49 15.5
722.49 31.5
723.45 51.8
725.04 35.6
726.23 13.3
728.50 39.4
729.61 6.5
730.41 10.2
731.47 27.0
732.37 8.3
733.32 24.1
734.36 34.5
735.38 26.8
736.21 7.6
737.71 18.9
739.99 9.8
740.63 49.8
741.37 61.6
742.26 69.0
743.48 34.6
744.46 31.2
745.56 43.7
746.53 6.6
747.21 65.5
747.84 6.4
748.48 32.1
749.28 29.0
750.33 22.8
751.28 22.4
752.79 12.6
753.40 14.1
756.49 34.3
758.45 402.2
759.44 177.7
760.55 49.4
761.62 145.3
762.59 124.8
763.35 100.0
764.52 32.7
765.33 55.9
766.43 33.7
768.69 13.9
770.57 5.9
771.86 9.6
773.49 17.0
774.98 7.6
775.86 14.9
776.62 4.7
779.40 417.6
780.43 172.1
781.21 44.3
782.38 25.9
783.41 12.8
784.30 19.3
785.17 3.2
786.55 9.0
787.21 6.6
789.78 10.3
790.74 5.6
791.60 16.2
792.88 12.4
793.73 16.5
796.04 31.3
798.46 23.5
799.49 8.4
800.36 17.8
801.40 41.6
802.53 9.3
803.44 4.0
804.67 21.2
805.50 5.8
806.67 16.0
808.81 10.6
809.62 25.3
810.67 16.3
811.53 20.3
815.50 19.9
816.63 24.7
817.49 22.4
819.16 30.3
820.47 4.5
821.34 11.7
823.72 4.3
824.49 55.4
825.94 36.1
826.66 30.7
827.67 62.9
828.54 62.9
829.47 29.5
831.62 16.5
833.35 85.2
834.28 27.7
835.34 11.5
836.75 941.5
837.65 139.5
838.32 16.7
840.49 12.3
841.82 31.9
842.49 48.7
843.74 29.9
845.46 428.0
846.51 233.2
847.56 52.6
848.24 16.6
850.49 31.6
851.51 36.0
852.40 4.5
853.62 4.1
855.16 9.1
856.46 47.3
857.73 56.6
858.74 17.7
859.72 14.5
860.48 60.2
861.53 133.4
862.43 62.6
863.54 3.2
865.42 25.2
870.99 5.4
872.34 24.9
873.78 14.9
874.40 12.4
876.37 17.1
878.36 342.9
879.52 260.1
880.75 30.3
884.97 42.8
886.04 41.0
887.63 3.9
888.47 21.2
889.51 18.0
890.50 32.2
891.62 16.0
892.51 8.7
893.43 20.2
894.13 83.9
894.74 20.8
895.36 15.2
896.59 25.8
897.50 26.0
899.43 15.1
900.78 13.9
901.84 6.4
902.58 50.4
903.80 47.6
906.96 5.1
908.07 20.3
910.61 18.7
911.54 14.6
912.70 33.0
914.52 111.3
915.42 90.2
916.81 21.5
917.68 33.3
919.70 4.1
920.77 37.1
922.33 34.0
923.25 8.8
924.54 17.2
925.69 4.3
926.72 17.0
928.84 17.3
929.50 9.2
930.50 49.1
932.54 1032.8
933.53 514.1
934.64 40.7
935.84 4.7
937.39 20.4
938.38 68.9
939.78 56.8
940.68 51.1
941.69 94.4
942.82 191.3
944.81 30.7
945.56 27.3
946.40 15.6
947.22 21.9
948.56 7.5
951.29 1314.4
952.12 353.9
952.89 123.4
953.67 24.8
955.46 11.7
956.66 92.9
957.54 83.4
958.39 24.9
959.61 35.8
960.65 7.1
961.63 31.7
962.64 49.2
963.66 4.1
964.93 38.0
966.10 12.9
967.33 35.9
967.98 4.1
969.53 118.2
970.43 9.2
971.74 28.1
972.44 4.0
973.72 68.6
974.59 137.7
975.57 49.3
976.54 18.0
977.44 8.2
978.60 8.0
979.58 19.1
983.57 32.4
984.97 55.2
985.78 3.9
987.45 12.1
988.70 20.7
989.71 29.4
990.94 71.8
991.57 341.5
992.56 183.6
993.75 55.0
994.52 9.8
995.63 30.5
996.66 10.1
998.17 71.3
999.00 25.2
1000.57 15.5
1001.41 67.7
1002.37 16.2
1003.04 8.2
1004.03 22.0
1004.75 9.9
1006.09 9.3
1007.05 26.4
1007.66 51.6
1008.88 141.0
1009.87 50.6
1010.71 21.8
1012.08 54.7
1012.78 10.9
1013.57 3.0
1015.54 19.5
1016.51 4.6
1017.51 11.6
1018.21 7.5
1018.93 10.1
1020.14 6.4
1020.75 8.1
1021.96 13.1
1022.85 11.2
1024.57 6.9
1025.59 16.6
1026.54 30.1
1027.69 90.6
1028.73 111.5
1029.52 46.3
1030.66 6.8
1033.87 22.0
1034.99 14.3
1035.90 8.3
1037.70 14.8
1038.64 57.5
1039.56 20.9
1041.14 5.4
1042.83 44.2
1043.59 10.7
1045.60 1155.3
1046.67 530.8
1047.62 183.7
1048.43 6.1
1049.89 9.3
1052.80 10.9
1053.69 42.4
1054.50 37.5
1055.23 22.0
1056.55 60.9
1057.56 31.6
1058.47 4.7
1059.76 12.1
1060.48 16.6
1061.34 6.3
1062.75 6.8
1063.63 7.3
1065.09 85.5
1065.83 72.4
1066.70 46.6
1067.77 13.5
1068.91 12.5
1070.50 63.1
1071.45 80.3
1072.49 34.3
1074.72 40.9
1075.93 140.2
1076.68 5.3
1077.55 7.9
1078.58 4.7
1080.66 25.6
1082.71 18.9
1083.48 13.4
1084.77 31.9
1085.85 22.4
1087.54 20.9
1088.40 28.8
1089.66 73.9
1091.23 35.4
1092.67 29.8
1093.90 28.7
1095.26 92.5
1096.19 13.4
1097.67 47.9
1098.47 22.8
1099.99 6.9
1101.66 49.7
1102.83 353.4
1103.72 129.4
1104.68 34.5
1105.56 12.0
1106.76 71.2
1107.82 39.4
1108.90 47.2
1111.01 170.1
1111.87 142.1
1112.62 52.7
1114.14 51.5
1115.24 89.3
1116.44 209.4
1117.29 43.0
1118.73 9.1
1119.57 30.5
1120.64 541.1
1121.57 211.1
1122.50 74.5
1123.70 20.4
1124.61 42.6
1125.72 47.7
1126.60 4.0
1127.45 37.1
1128.98 56.6
1129.60 5.4
1131.44 28.1
1132.32 14.6
1134.72 14.0
1135.60 22.7
1136.24 2.9
1137.75 29.1
1138.59 27.1
1139.46 29.1
1141.13 42.5
1143.86 4.4
1145.59 27.7
1147.49 52.0
1148.28 9.6
1149.71 9.7
1150.77 24.2
1151.84 28.6
1153.50 44.5
1154.81 16.1
1155.64 41.0
1156.88 67.0
1157.84 25.4
1158.78 105.7
1159.67 169.0
1160.66 66.9
1161.51 61.8
1162.64 8.1
1164.14 21.8
1164.92 39.9
1165.98 179.5
1167.72 228.2
1168.73 98.5
1169.52 33.1
1170.82 15.9
1171.82 54.1
1172.64 47.4
1173.50 20.4
1174.38 24.6
1175.12 17.4
1176.35 41.2
1177.62 67.3
1178.50 32.0
1179.82 190.3
1181.58 41.8
1182.27 34.9
1183.50 98.6
1184.44 222.7
1185.23 202.7
1186.44 144.4
1187.54 10.8
1188.32 18.7
1189.90 179.5
1190.93 44.5
1192.57 507.0
1193.22 225.5
1193.84 246.3
1194.66 41.5
1195.97 61.5
1197.38 49.3
1198.36 19.3
1201.53 3994.3
1202.57 1462.9
1203.74 200.9
1204.60 59.3
1206.05 31.8
1207.28 35.9
1207.93 52.5
1208.93 22.8
1210.20 91.5
1210.86 34.0
1211.60 36.6
1212.75 85.2
1213.71 160.3
1214.74 108.2
1215.95 99.6
1216.89 32.7
1218.11 34.1
1219.17 54.3
1220.04 91.2
1220.80 5.4
1221.86 14.5
1222.73 3.9
1224.35 310.8
1225.31 154.0
1226.38 57.2
1228.28 10.3
1229.78 13.9
1230.85 74.4
1231.80 56.3
1232.58 31.7
1233.56 18.1
1234.55 29.9
1235.55 41.5
1236.64 91.6
1237.82 32.9
1239.92 30.1
1241.11 73.0
1242.98 23.8
1243.88 30.6
1245.26 197.3
1246.49 23.9
1247.91 13.5
1248.59 74.3
1249.88 130.3
1251.01 234.5
1251.81 204.5
1252.88 47.3
1253.62 74.3
1254.36 11.2
1255.11 4.0
1255.78 4.4
1257.42 130.3
1258.61 266.2
1259.44 109.3
1260.63 5.7
1261.41 20.5
1262.52 80.9
1263.65 50.8
1264.51 17.2
1265.90 312.3
1267.01 214.8
1268.22 56.7
1270.41 43.4
1271.02 24.1
1272.07 16.8
1272.91 51.8
1273.77 58.3
1274.96 187.2
1275.82 86.1
1277.59 180.5
1278.24 102.9
1278.86 49.8
1280.01 5.6
1280.67 32.7
1281.91 208.2
1282.80 34.5
1283.69 72.5
1284.31 41.8
1285.32 60.9
1285.94 24.1
1287.32 22.1
1288.49 14.6
1289.18 177.0
1289.94 78.0
1291.45 161.2
1292.56 107.4
1293.21 36.6
1294.70 8.5
1296.29 108.1
1297.34 158.8
1298.76 47.5
1299.91 59.9
1301.27 3.4
1304.40 182.3
1305.67 37.4
1307.37 119.5
1308.19 8.5
1309.56 11.2
1310.39 17.8
1311.86 536.0
1312.98 82.5
1314.13 135.5
1314.93 345.8
1315.77 705.1
1316.40 731.2
1317.44 107.9
1318.38 29.4
1319.55 68.7
1320.35 38.6
1321.17 93.9
1322.13 277.2
1323.50 232.1
1324.56 44.7
1325.61 89.1
1326.48 221.1
1327.72 117.4
1328.81 217.1
1329.78 403.7
1330.81 69.0
1332.16 333.7
1332.93 330.8
1334.40 623.2
1335.12 621.1
1335.99 244.1
1337.57 77.4
1338.28 288.2
1339.04 56.8
1340.02 43.0
1340.87 15.7
1341.76 36.0
1343.59 1083.4
1344.35 1340.0
1345.64 63.8
1346.62 83.2
1348.11 79.6
1348.75 14.5
1349.69 28.5
1350.82 44.6
1351.67 70.1
1352.53 52.0
1353.79 144.8
1354.76 68.6
1355.68 27.3
1356.88 123.1
1357.97 197.6
1358.89 54.7
1359.92 14.7
1360.98 111.0
1362.58 298.3
1363.45 145.2
1365.14 38.3
1366.05 58.1
1367.09 90.4
1368.23 125.7
1369.06 141.7
1370.02 11.5
1371.16 171.9
1372.42 95.2
1373.30 89.1
1374.12 69.2
1374.99 19.4
1375.65 36.3
1391.55 9.2
1392.71 6.5
1393.69 3.0
1395.55 13.3
1397.43 12.2
1399.42 14.0
1400.74 56.1
1402.51 44.9
1403.75 53.1
1404.48 12.1
1405.08 30.6
1406.30 69.4
1407.28 58.9
1408.47 51.4
1410.19 58.6
1410.80 52.9
1411.82 105.6
1412.67 74.0
1413.30 12.6
1414.96 31.3
1416.36 36.1
1418.15 78.1
1420.13 221.1
1420.96 187.1
1421.84 92.1
1423.40 86.6
1424.49 121.9
1425.85 13.3
1426.87 26.8
1428.01 188.0
1429.08 548.3
1430.07 397.8
1430.96 237.7
1431.96 41.8
1433.01 11.2
1433.61 38.5
1434.65 26.7
1436.80 65.5
1437.68 1178.3
1438.60 1165.9
1439.63 175.9
1440.50 130.5
1441.55 142.6
1442.33 67.5
1443.20 156.3
1444.16 67.5
1445.05 11.7
1446.41 18.6
1447.02 3.4
1448.60 54.0
1449.97 190.3
1450.93 34.9
1452.77 15.6
1453.54 73.6
1454.42 100.6
1455.14 22.3
1456.41 125.2
1457.04 54.1
1457.90 91.7
1458.94 27.5
1459.96 45.2
1461.74 292.1
1463.00 110.0
1464.03 37.7
1465.72 31.4
1466.74 55.9
1467.76 35.2
1469.03 106.8
1470.18 168.5
1470.98 100.4
1472.12 36.5
1473.40 9.8
1475.14 593.7
1476.11 373.4
1477.40 26.1
1478.50 11.9
1479.47 56.2
1480.83 1996.4
1481.70 413.2
1482.45 10.4
1484.10 39.2
1485.08 57.5
1486.53 88.6
1487.86 31.6
1488.82 162.2
1489.93 150.4
1490.62 57.8
1491.54 53.0
1492.93 43.8
1494.29 70.4
1495.00 31.9
1496.54 72.1
1497.44 183.1
1498.41 374.2
1499.81 299.1
1500.57 91.7
1501.58 78.5
1502.32 4.1
1503.58 35.2
1505.73 403.9
1506.48 629.0
1507.24 118.9
1507.94 72.0
1508.59 57.0
1509.57 36.3
1510.80 45.7
1512.08 146.6
1513.08 64.1
1513.82 87.4
1514.83 82.6
1516.40 40.3
1517.80 341.4
1518.65 202.8
1519.79 44.5
1520.72 26.8
1522.24 145.8
1523.74 691.3
1524.54 247.5
1525.23 33.1
1526.46 19.0
1527.13 10.8
1529.25 24.8
1530.02 106.3
1530.76 5.7
1531.70 47.6
1532.78 24.3
1534.77 92.2
1535.49 109.5
1537.72 356.9
1538.99 150.6
1540.06 115.5
1540.87 52.0
1541.50 45.7
1542.11 42.8
1543.30 310.7
1544.31 375.0
1545.10 8.4
1545.75 13.6
1546.66 146.1
1548.18 299.9
1548.88 111.6
1549.89 319.9
1550.88 98.7
1552.29 16.6
1553.31 47.4
1555.32 418.5
1555.94 567.3
1556.95 620.2
1557.92 241.6
1558.73 286.0
1559.98 261.5
1561.58 764.0
1562.38 579.5
1563.23 71.9
1564.18 85.8
1565.18 49.3
1565.93 157.0
1566.95 312.8
1567.95 60.6
1568.66 15.4
1569.98 33.8
1571.60 470.8
1572.47 344.6
1573.43 68.4
1574.45 69.5
1575.45 24.1
1577.60 39.5
1578.73 59.9
1580.18 1537.2
1581.02 931.6
1581.99 61.5
1582.75 90.5
1583.70 199.3
1584.49 17.2
1585.63 7.5
1586.25 21.4
1589.13 772.3
1590.02 305.8
1590.80 69.8
1591.59 20.1
1592.57 19.7
1594.14 354.7
1594.95 1460.4
1595.91 249.7
1596.80 47.9
1597.78 69.1
1599.20 11.0
1599.99 15.7
1600.95 9.7
1602.31 62.3
1603.43 25.8
1604.60 198.4
1605.74 93.3
1606.70 44.9
1608.24 26.3
1609.48 80.4
1610.72 91.8
1611.47 39.4
1612.64 209.7
1613.33 319.2
1614.08 290.2
1615.41 55.0
1616.45 86.2
1617.65 51.4
1618.38 61.1
1619.90 82.2
1621.31 316.7
1622.16 250.6
1623.18 33.7
1623.99 17.9
1626.41 58.5
1627.03 232.3
1627.87 187.0
1628.79 8.4
1630.51 19.5
1631.14 3.3
1632.95 1157.8
1633.69 458.8
1634.39 5.2
1635.30 23.4
1636.50 110.2
1637.43 11.8
1638.18 7.0
1638.84 10.6
1640.13 44.1
1640.96 5.0
1641.77 44.6
1642.88 8.3
1644.76 75.5
1645.89 60.5
1646.98 78.7
1648.70 28.6
1649.85 17.8
1650.99 6.7
1651.64 77.9
1652.94 64.6
1653.85 104.1
1654.99 65.6
1656.06 57.2
1656.97 174.2
1658.49 48.6
1659.56 118.6
1661.37 203.8
1662.51 111.0
1663.30 44.9
1665.38 243.7
1666.50 48.3
1667.41 31.3
1668.21 62.7
1669.33 79.3
1670.34 450.7
1671.15 640.0
1672.07 591.5
1673.12 466.7
1674.07 152.1
1675.15 41.7
1676.21 78.6
1676.91 55.2
1677.89 102.7
1678.88 56.2
1680.09 41.6
1681.18 142.9
1681.96 28.7
1682.72 49.0
1684.48 76.2
1685.35 109.3
1686.12 25.9
1687.71 26.0
1689.33 81.9
1690.49 95.4
1691.74 146.9
1692.55 49.3
1694.86 57.4
1696.01 127.9
1697.07 153.6
1698.32 120.9
1699.07 97.9
1699.84 53.6
1701.85 35.1
1703.08 184.5
1704.04 30.6
1704.96 15.2
1705.91 7.6
1707.14 15.0
1707.80 6.1
1708.85 292.3
1709.67 148.0
1711.31 29.7
1713.14 4.9
1713.83 57.5
1715.75 25.2
1717.02 34.2
1717.70 23.7
1718.76 5.3
1719.91 16.2
1720.80 13.7
1721.41 8.0
1722.31 36.4
1723.80 42.8
1726.84 38.1
1727.80 25.6
1729.08 148.8
1729.90 5.1
1731.06 37.7
1732.37 78.7
1733.01 4.3
1733.87 53.9
1735.26 24.1
1736.77 32.5
1738.17 22.1
1739.29 23.8
1740.38 23.7
1741.38 31.5
1741.99 11.8
1743.09 10.5
1744.79 16.2
1746.07 118.7
1746.85 23.6
1748.29 47.5
1749.28 49.7
1750.13 31.0
1751.08 15.5
1752.09 5.9
1752.85 5.5
1754.08 109.7
1755.23 110.7
1756.05 106.7
1757.08 15.6
1759.08 8.1
1761.36 90.0
1762.41 120.0
1763.11 10.8
1763.74 19.7
1764.82 13.0
1766.88 234.7
1767.54 254.0
1768.17 216.5
1769.96 78.5
1771.53 14.4
1772.75 62.4
1773.93 69.8
1774.73 38.4
1775.88 80.0
1776.84 40.6
1778.08 54.0
1778.85 34.2
1780.20 12.3
1781.63 8.1
1782.40 80.8
1783.40 98.9
1784.18 162.8
1785.07 48.2
1786.02 11.7
1787.13 54.6
1787.91 75.6
1789.60 73.0
1790.44 73.1
1791.12 135.5
1792.21 112.4
1792.96 17.8
1793.93 48.1
1797.98 36.0
1798.86 13.2
1799.95 24.9
1801.11 31.4
1802.01 23.8
1802.89 28.2
1804.40 15.4
1807.58 30.3
1808.94 164.7
1810.15 354.0
1811.07 101.8
1812.07 83.1
1813.01 77.4
1814.15 8.1
1816.09 30.0
1817.06 7.2
1818.28 14.0
1819.47 142.9
1820.94 57.4
1821.67 273.3
1822.59 145.1
1824.12 36.9
1825.48 33.7
1826.59 25.3
1827.22 15.3
1828.92 36.3
1829.70 100.4
1830.31 600.2
1831.18 329.9
1832.16 64.7
1833.02 60.4
1836.32 12.5
1839.39 10.5
1840.18 4.8
1841.01 14.4
1841.93 10.6
1843.18 22.1
1846.11 55.1
1847.62 50.7
1848.43 8.0
1849.14 42.6
1849.75 28.1
1850.38 24.5
1851.04 5.2
1852.15 31.8
1853.04 4.7
1853.79 10.8
1855.06 16.7
1857.23 3.4
1860.34 89.6
1861.22 38.0
1862.03 6.4
1863.91 15.6
1866.14 9.3
1867.47 185.6
1868.44 107.9
1869.68 98.2
1870.84 15.8
1873.00 70.8
1876.72 65.0
1877.56 8.1
1878.20 5.3
1880.82 44.5
1882.08 5.9
1883.49 68.2
1884.24 119.6
1885.30 27.8
1886.03 4.3
1887.53 42.9
1888.23 58.1
1889.09 22.3
1890.27 45.1
1894.47 19.9
1896.32 25.7
1897.69 75.1
1898.56 17.1
1899.34 34.9
1901.16 309.2
1902.15 392.4
1903.13 179.2
1904.42 94.2
1905.14 44.8
1906.26 25.4
1907.20 100.1
1908.11 106.6
1909.17 61.6
1909.88 23.2
1910.52 9.7
1911.70 74.0
1912.61 8.1
1914.60 7.9
1915.55 31.3
1917.28 6.6
1918.60 74.0
1920.07 25.7
1922.02 10.2
1922.97 42.5
1924.14 84.3
1925.28 47.6
1926.36 56.5
1927.21 82.4
1927.94 72.7
1928.91 27.3
1929.80 18.1
1931.60 27.3
1932.85 21.2
1933.63 25.1
1934.90 47.2
1936.47 115.8
1937.30 84.7
1939.44 20.6
1942.07 51.1
1942.92 31.4
1943.72 34.5
1944.45 156.2
1945.46 214.0
1947.10 12.9
1948.41 29.2
1950.53 37.2
1951.50 15.4
1953.81 35.8
1954.74 21.3
1961.41 45.0
1962.21 13.8
1963.01 26.0
1964.03 21.1
1965.50 26.1
1966.27 13.5
1967.04 14.6
1968.70 23.8
1969.44 4.8
1970.32 6.6
1971.32 23.3
1972.15 52.4
1973.03 5.0
1973.63 10.7
1977.16 4.0
1980.21 11.5
1981.33 15.9
1982.64 36.1
1983.47 69.9
1984.30 33.7
1985.02 7.4
1985.99 6.2
1987.14 14.7
1988.77 19.7
1990.23 20.6
1991.48 6.0
1992.23 5.8
1993.89 87.2
1994.61 50.3
1995.29 65.4
1996.05 27.5
1997.08 29.3
1998.40 21.7
1999.22 34.0
