1093.55461 2
156.27 1.0
159.19 22.3
160.21 4.9
160.99 2.2
166.34 1.6
169.19 3.1
170.25 2.6
173.23 4.1
174.13 1.1
175.23 14.5
176.30 2.1
177.16 29.1
178.14 17.0
179.25 3.9
183.86 6.7
185.08 6.1
186.28 4.5
187.11 18.2
188.19 1.7
189.66 3.7
191.15 1.9
194.99 2.7
198.93 1.4
200.15 4.5
201.35 24.8
202.10 33.8
203.11 11.9
204.41 2.5
205.03 2.5
207.17 2.3
209.17 3.5
210.10 5.4
211.63 5.6
212.27 5.7
213.31 3.6
214.90 3.8
217.26 3.2
219.10 4.7
220.09 97.6
221.04 20.3
222.09 1.3
223.02 1.4
226.05 3.7
227.05 3.8
228.31 12.2
229.13 1.2
231.10 1.8
233.07 8.0
235.19 2.5
236.29 2.6
237.26 1.3
239.29 1.5
240.44 1.8
241.35 4.7
243.23 4.2
244.21 6.9
245.11 7.5
246.12 20.6
247.49 7.2
248.43 4.5
250.20 8.5
253.31 4.8
255.26 3.2
257.17 2.4
258.32 4.8
259.35 2.4
260.46 6.1
261.50 1.6
262.19 3.8
263.28 7.5
264.63 5.7
265.35 9.3
266.43 7.9
267.37 1.4
269.04 6.8
270.21 1.0
271.15 4.7
272.31 9.7
273.40 3.6
275.63 3.3
278.35 3.4
280.14 7.9
283.33 10.4
284.23 4.1
288.07 10.9
289.48 1.8
290.26 14.4
292.04 2.6
293.05 6.1
294.48 2.8
296.33 3.9
297.40 2.9
298.08 12.9
300.10 14.0
301.02 8.9
302.11 4.0
304.36 1.9
305.24 11.6
306.02 9.4
309.16 7.1
312.18 17.0
313.30 1.2
314.05 9.3
315.17 22.0
316.31 5.4
318.31 10.4
321.39 3.1
323.21 2.1
324.30 1.8
327.51 20.0
328.18 7.9
329.29 116.0
330.35 23.1
333.31 55.4
334.05 2.6
335.27 1.6
336.45 9.0
337.28 4.0
338.67 16.4
339.44 5.5
340.31 3.3
341.64 3.5
343.22 3.3
344.45 5.2
345.87 2.7
347.49 9.0
350.38 6.6
351.18 8.8
351.85 2.0
353.22 15.3
354.41 4.9
355.37 8.1
356.34 17.8
357.42 4.7
358.19 6.2
360.50 4.2
362.16 2.8
364.04 1.1
365.24 4.4
367.37 11.6
369.33 20.7
370.28 7.3
371.17 7.4
372.52 12.1
374.51 1.5
375.23 2.4
376.20 8.3
378.27 2.7
380.09 1.7
381.19 2.5
382.25 6.8
383.55 8.8
384.51 16.7
385.23 12.2
386.29 8.6
387.27 3.4
388.38 7.5
389.27 37.8
391.39 5.6
392.07 1.1
393.26 10.0
396.08 19.1
397.01 11.5
398.26 10.7
399.15 4.4
402.12 119.5
403.23 61.6
404.07 7.2
404.81 2.6
405.55 2.8
406.48 1.7
407.37 6.7
408.45 15.6
410.94 20.2
412.30 3.1
413.08 3.0
414.42 15.0
415.28 14.7
416.15 2.7
417.48 9.4
418.32 3.5
420.19 678.7
421.13 3.4
422.07 8.0
423.22 6.2
424.17 2.9
425.50 8.7
426.24 12.4
427.38 2.4
429.35 2.3
430.24 8.9
431.49 7.5
433.10 25.0
433.94 15.2
434.99 4.1
436.44 5.4
437.27 8.3
437.94 7.2
438.97 10.4
440.34 15.1
441.24 10.2
442.04 20.9
442.95 8.3
444.29 5.5
445.45 358.3
446.56 20.1
447.23 7.7
448.63 11.0
450.21 2.9
451.27 17.0
453.03 6.6
454.32 131.9
455.37 17.3
456.21 6.1
457.15 18.6
459.27 24.0
460.18 5.2
462.96 10.7
464.20 14.1
465.33 13.1
466.34 13.4
467.19 8.8
468.11 9.0
469.31 11.7
470.08 9.5
471.11 4.8
472.12 3.5
473.38 6.7
474.28 11.5
475.31 16.5
476.18 9.4
477.33 1.3
478.09 7.0
479.32 5.8
481.42 22.0
482.15 10.4
483.11 25.6
484.18 10.6
484.94 15.8
485.71 6.3
486.56 3.6
487.25 19.8
488.34 44.6
489.40 11.8
490.18 1.2
491.37 3.9
493.03 9.8
494.04 27.9
494.88 19.0
496.32 21.8
498.15 3.9
499.45 21.2
500.67 37.6
501.42 22.2
502.56 54.0
503.33 45.1
504.39 40.4
506.21 7.4
508.74 10.0
509.52 19.2
510.38 25.7
511.35 52.1
512.43 27.3
513.45 1.3
515.56 31.4
516.82 21.5
517.59 1.7
519.18 116.1
520.29 4.2
521.27 3.6
523.19 7.3
524.61 77.8
525.57 55.6
527.06 8.7
529.21 289.8
530.12 121.1
531.24 18.5
532.23 7.0
533.21 22.7
535.15 20.8
535.97 7.8
537.95 128.3
538.85 39.8
539.47 13.6
557.20 12.8
561.09 3.6
563.54 4.0
567.40 3.8
569.39 5.2
571.50 1.7
572.91 1.0
573.55 2.4
574.45 9.1
575.28 78.2
576.14 2.2
578.57 2.5
581.69 3.0
584.32 2.0
589.56 2.4
590.87 7.6
592.61 2.2
596.59 2.6
597.30 1.2
598.08 7.7
603.51 1.3
609.32 2.5
612.46 4.0
615.19 8.6
616.29 7.0
616.91 11.7
620.46 11.8
621.90 4.5
624.37 10.9
625.31 2.0
628.17 1.8
630.55 13.2
631.40 6.4
633.42 5.1
634.13 10.8
638.38 6.7
639.54 1.2
644.39 2.8
646.33 17.6
647.41 13.5
649.75 2.3
650.68 15.0
653.56 5.7
654.45 4.3
656.43 276.1
657.51 7.5
658.75 1.3
659.64 3.4
664.44 2.1
668.88 2.8
670.78 6.1
672.18 2.8
674.32 1108.8
675.27 28.2
676.25 4.3
677.50 15.1
678.38 13.2
680.35 1.8
682.98 3.8
686.58 2.3
687.54 1.0
688.39 6.9
689.40 7.4
690.47 5.2
691.62 1.5
694.80 3.3
696.57 1.8
698.33 5.4
699.58 12.6
700.38 4.2
701.16 2.6
703.15 7.4
705.36 6.1
707.31 10.0
710.07 5.3
711.68 2.5
714.68 8.5
715.34 9.2
716.43 5.5
725.36 15.7
728.04 12.1
728.74 2.8
730.12 5.0
732.52 2.6
734.59 4.3
736.40 5.2
743.42 17.4
744.59 3.4
748.20 5.1
750.45 1.9
753.07 2.5
755.50 4.1
756.42 1.2
758.31 9.3
760.17 2.7
761.17 12.0
761.79 16.8
762.41 4.6
763.51 2.0
765.86 4.8
766.53 5.5
773.49 2.7
775.73 4.3
791.43 4.7
794.60 6.9
795.25 1.1
800.59 1.7
803.89 1.5
804.86 6.1
807.97 6.3
810.50 2.9
818.88 1.8
821.59 4.1
822.62 5.5
823.35 1.5
826.36 2.0
834.48 5.2
836.36 3.8
837.54 2.2
838.42 4.5
840.28 5.2
847.45 2.5
851.43 3.0
853.56 1.5
856.52 15.0
857.50 11.5
860.29 5.7
861.55 7.4
864.51 6.4
865.73 4.6
872.51 4.1
873.33 1.1
874.48 28.5
878.02 3.9
878.64 8.6
879.47 5.8
880.49 6.2
881.54 1.7
889.50 56.3
890.49 48.8
891.74 2.3
893.49 11.8
894.79 11.7
895.69 1.3
900.08 2.5
907.46 105.3
908.49 15.1
919.31 2.4
920.41 7.5
923.43 4.2
939.42 1.2
944.33 2.0
947.30 4.9
948.66 2.3
949.44 1.4
959.44 1.7
963.67 3.4
970.91 4.0
979.76 3.6
988.53 10.7
989.50 4.2
991.80 3.5
995.35 2.1
1007.41 2.3
1032.54 1.5
1040.49 4.8
1052.73 1.1
1056.63 3.6
