827.43926 2
128.08 8.3
129.15 5.1
132.28 1.7
137.14 9.0
138.22 1.3
139.22 1.8
141.24 24.6
142.99 1.9
144.00 2.3
150.14 3.3
153.13 3.1
155.23 5.1
157.22 11.7
161.27 4.1
162.13 2.8
163.04 6.5
165.00 1.2
166.21 1.1
167.10 11.1
169.21 26.0
170.06 4.3
171.12 10.1
171.82 1.7
174.12 2.1
175.22 12.5
176.35 1.7
178.24 2.4
179.07 6.8
179.96 4.0
183.12 1.8
184.06 5.0
185.17 18.0
187.22 8.4
188.21 3.6
189.02 7.9
190.07 3.2
192.09 3.6
197.05 3.1
199.10 4.2
203.18 1.1
204.15 2.2
205.33 2.0
208.15 14.7
210.13 29.7
211.18 6.8
213.26 4.4
215.02 1.3
216.29 8.1
217.21 1.2
219.17 2.4
221.06 3.2
224.23 1.3
225.15 2.2
227.16 2.2
231.16 2.9
234.27 2.6
235.18 3.0
238.13 1372.1
239.20 105.6
240.40 3.6
241.23 8.2
248.12 2.8
250.23 6.3
251.05 1.4
252.32 5.3
253.38 5.1
254.28 4.5
255.66 2.5
256.30 13.5
257.26 1.0
258.17 2.3
262.17 12.3
264.32 5.8
266.22 3.8
269.85 6.8
270.46 2.9
272.33 3.8
273.33 5.4
274.34 3.0
277.26 1.4
278.15 11.1
279.12 1.2
280.32 3.8
282.29 2.1
285.06 5.0
286.14 6.1
288.33 6.9
292.09 4.5
293.23 7.5
294.28 3.9
295.59 8.9
296.39 3.6
300.13 2.7
301.21 24.1
302.27 57.8
305.10 2.7
308.59 4.3
310.28 2.5
311.62 9.1
312.22 11.8
313.85 12.3
315.27 3.3
316.64 1.3
320.06 3.4
321.01 8.0
322.43 89.9
323.39 7.9
324.12 5.9
325.49 6.7
326.99 698.1
328.55 64.5
329.39 12.5
332.23 5.4
333.41 1.4
334.18 9.1
338.05 1.5
339.36 14.9
340.45 11.8
342.87 10.9
344.90 48.8
347.09 4.2
347.70 3.7
348.94 12.6
350.38 10.6
351.44 4.1
352.11 1.5
353.35 15.4
354.20 2.6
355.39 13.0
356.28 11.3
357.34 20.1
358.47 5.5
359.45 7.3
360.07 2.7
361.27 15.0
362.59 36.8
363.57 5.1
364.22 16.6
365.75 17.7
367.35 3.0
368.47 16.6
369.98 85.0
370.81 39.4
372.25 9.1
373.00 5.9
373.78 1.7
374.93 3.1
376.33 53.2
377.03 5.6
378.89 133.8
380.06 65.9
381.30 4.9
382.73 2.5
384.62 79.8
385.50 48.3
386.47 5.4
387.27 6.3
387.90 5.9
389.82 6.4
390.69 15.3
392.21 61.0
392.83 34.4
393.57 9.1
396.13 126.9
397.03 137.7
398.27 24.3
399.02 52.1
401.25 2.3
402.28 12.1
403.17 1.5
405.24 494.5
405.94 294.5
414.15 6.2
416.48 1.2
421.35 1.3
424.35 2.5
442.51 3.8
449.27 1.2
450.27 5.8
452.48 2.7
456.23 3.4
457.33 2.0
468.57 2.6
469.34 9.1
471.28 3.1
472.52 9.3
473.37 5.7
474.34 10.3
476.00 1.9
478.44 6.8
486.75 1.7
488.78 10.7
489.48 35.8
490.34 13.8
499.34 1.9
499.96 2.4
505.98 19.5
507.12 7.2
514.99 30.1
515.92 9.8
516.61 6.2
517.27 4.9
521.48 7.1
528.48 3.4
531.82 2.3
533.62 4.7
534.61 1.2
537.38 1.3
538.41 1.5
539.39 5.9
546.13 4.8
548.23 7.3
555.21 4.1
556.86 11.0
563.36 1.9
565.16 10.0
566.15 4.5
567.60 6.0
571.37 1.8
572.60 23.2
573.48 11.8
580.26 3.2
590.37 1658.2
591.36 321.0
596.31 3.2
598.32 2.0
599.27 2.2
600.36 5.8
601.36 3.3
602.23 1.0
603.25 1.1
609.58 2.0
610.55 4.5
613.49 4.6
615.71 2.5
616.39 1.8
618.38 1.5
622.18 3.0
626.57 1.2
627.53 3.8
633.44 2.8
634.42 3.3
643.47 22.2
644.40 17.3
650.29 2.1
652.14 5.9
654.55 1.6
655.53 10.7
656.30 2.5
657.53 2.9
661.43 34.7
662.39 14.4
663.37 1.9
664.38 2.7
671.42 5.0
680.40 2.1
681.66 1.9
686.34 3.0
694.43 2.7
696.44 1.6
697.60 3.5
699.81 1.0
712.36 1.3
713.55 4.0
715.57 3.5
731.81 2.5
738.48 2.6
739.80 3.5
740.53 4.5
741.47 1.6
756.39 3.8
758.28 10.4
759.72 6.3
770.80 2.2
779.27 4.9
788.78 4.0
804.36 2.5
