726.35393 2
105.38 1.6
109.11 1.1
121.27 3.2
123.24 1.3
125.18 1.7
128.32 2.8
129.19 2.7
130.17 3.0
133.17 3.8
135.18 3.1
136.93 4.1
139.15 2.1
143.13 3.4
143.97 3.2
145.01 1.6
147.15 3.8
149.24 27.8
151.14 2.6
152.29 7.0
159.13 5.0
160.10 1.3
163.10 1.2
165.15 6.5
169.21 1.7
172.12 1.2
173.26 1.8
177.67 7.5
178.32 6.8
180.95 1.5
183.25 3.2
185.32 1.8
191.23 3.8
193.16 1.2
195.23 5.8
199.33 6.4
200.35 3.8
201.21 3.1
203.55 5.4
204.19 2.5
205.32 1.2
207.13 2.5
209.16 7.3
210.14 8.5
211.36 1.2
220.32 10.2
221.13 2.0
222.25 2.2
226.47 5.6
228.01 4.8
229.22 2.9
231.04 1.9
233.30 9.6
234.84 8.5
236.28 5.4
237.27 2.9
239.89 1.2
240.86 6.6
242.09 9.3
243.16 7.4
245.04 16.7
245.93 8.0
246.77 7.2
247.40 5.4
249.03 42.4
250.02 40.9
251.17 130.2
252.19 3.3
254.25 8.6
257.52 16.3
259.13 1.8
260.05 6.5
261.22 2.5
262.21 2.0
264.82 14.7
265.84 6.8
268.09 2.3
269.46 21.3
270.39 4.7
271.19 6.1
274.08 14.9
277.49 3.6
279.19 27.8
279.89 3.0
282.82 4.2
287.47 1.5
289.11 18.5
290.11 1.3
292.90 10.6
295.39 1.6
296.65 7.8
298.28 3.2
299.31 16.2
301.41 13.0
303.01 17.0
304.14 2.9
305.23 9.1
306.49 27.6
307.38 19.2
308.62 7.2
309.35 20.3
311.92 11.2
315.66 35.3
316.36 4.2
317.52 11.9
320.32 3.5
321.91 48.9
322.98 72.5
324.17 39.7
325.39 2.8
326.13 11.3
327.15 9.1
328.11 6.8
328.88 6.6
331.25 4.5
332.93 1.5
333.81 23.5
334.91 18.3
336.35 6.4
337.62 15.8
340.10 31.1
341.14 6.3
342.33 4.2
345.17 97.3
346.07 241.0
346.89 7.2
348.80 20.2
349.53 19.0
350.26 2.1
351.93 10.2
354.85 879.9
355.84 73.4
356.82 7.2
361.97 1.6
373.34 1.3
375.92 1.8
388.35 8.9
401.32 4.6
404.18 2.5
408.48 2.3
411.28 3.0
412.46 5.1
415.35 8.1
417.33 13.8
422.05 37.9
422.73 10.8
424.47 12.5
431.13 33.0
431.83 7.3
432.92 6.7
443.81 4.7
444.96 4.6
446.42 4.8
450.83 5.3
452.61 7.9
456.28 1.5
457.62 17.8
459.72 8.3
461.45 1.0
464.16 2.9
466.17 1.7
467.27 4.1
471.21 11.0
472.38 4.5
473.38 2.8
475.60 3.8
480.59 7.1
481.29 3.0
482.53 4.1
483.37 1.7
487.75 22.6
488.50 14.9
489.61 5.8
490.36 6.4
498.40 1.8
501.24 2.5
503.27 1.9
525.12 1.8
528.51 1.6
530.43 3.9
534.41 6.8
541.64 4.4
547.62 2.5
552.15 1.4
562.36 2.6
565.34 7.1
566.37 2.7
568.40 1.4
569.52 1.9
571.41 4.3
579.26 4.1
580.34 12.7
582.32 4.9
583.36 9.1
589.46 3.9
591.50 2.1
592.63 1.1
593.33 7.7
595.10 53.2
596.27 13.4
598.47 6.7
605.33 3.1
612.69 12.1
613.43 27.0
614.56 15.5
621.46 2.0
657.46 3.1
672.66 1.4
704.33 46.7
705.27 10.7
717.94 1.3
731.31 4.0
