1794.81963 2
253.66 3.6
260.57 6.0
268.12 2.4
276.40 10.6
279.24 2.2
280.01 2.3
282.40 3.8
283.14 1.8
284.56 1.3
291.43 4.0
292.07 2.6
293.49 10.6
296.37 1.6
297.22 1.9
298.10 1.7
299.39 1.1
304.57 5.1
306.16 1.3
307.34 6.6
309.15 5.1
312.26 1.6
313.28 2.8
315.48 2.3
319.03 1.3
321.12 4.6
322.41 1.9
323.21 2.8
324.16 1.9
327.89 2.8
329.26 1.5
332.33 4.4
333.30 11.9
335.33 4.0
337.52 2.3
338.44 4.1
342.37 4.3
343.74 3.7
344.97 6.1
346.55 3.2
349.57 9.5
353.27 4.9
354.56 1.4
357.43 2.3
361.15 1.7
362.21 5.7
364.35 1.0
366.16 1.3
367.31 4.4
369.20 1.7
370.35 2.0
371.12 3.5
372.30 1.6
373.11 6.0
376.21 3.0
382.30 1.5
385.39 2.9
386.40 7.1
387.50 11.6
390.37 27.4
391.51 8.7
394.48 3.0
395.36 6.9
396.40 1.2
397.28 2.9
399.10 2.4
403.18 4.5
405.44 12.1
407.36 7.7
409.14 3.6
411.22 1.1
412.31 16.8
413.18 7.5
416.33 1.8
420.25 4.5
421.87 6.5
423.36 6.3
424.25 4.4
426.26 1.3
429.32 11.4
430.27 10.2
433.73 9.2
435.51 1.0
436.27 3.9
439.26 3.7
440.55 5.8
441.38 3.8
443.93 4.0
444.81 1.2
447.37 202.1
448.39 40.5
449.32 3.1
453.32 9.3
454.02 2.2
455.60 2.2
458.47 1.2
459.50 3.8
460.72 1.5
462.42 1.1
463.39 1.1
465.30 4.2
468.47 1.8
470.38 4.3
471.22 4.4
472.16 2.7
474.14 8.2
476.03 11.9
477.35 12.5
478.31 7.8
482.05 3.5
483.12 19.2
485.38 7.1
487.24 3.4
488.38 4.3
489.50 2.6
490.37 3.0
491.80 2.6
494.48 1.6
495.32 5.4
496.17 3.6
497.92 1.1
499.94 4.8
501.32 5.4
502.84 1.1
503.91 1.9
504.58 1.1
505.22 1.5
508.10 4.9
509.48 3.8
510.52 2.4
511.36 3.1
512.59 1.5
513.28 1.1
519.52 2.0
523.80 7.5
524.63 5.1
525.58 5.1
526.38 2.2
527.34 4.3
529.34 5.9
530.65 2.3
534.33 1.2
535.28 3.0
536.49 2.3
537.16 2.8
539.60 5.2
542.56 2.4
543.54 12.5
544.20 2.5
545.15 6.8
547.16 7.6
548.87 2.9
549.64 2.3
551.56 4.6
552.55 1.3
553.34 1.0
554.85 8.8
556.36 3.2
559.15 4.5
560.34 4.7
561.30 2.2
562.55 1.4
565.62 1.7
566.51 9.5
567.50 14.3
569.25 11.7
573.58 5.7
575.17 1.1
576.40 4.4
577.26 5.0
578.02 1.7
581.49 2.2
582.65 3.8
583.29 12.6
584.29 3.7
585.53 6.9
586.27 2.2
587.34 7.7
588.59 8.5
589.44 10.2
590.74 12.4
595.56 5.3
597.13 3.8
598.46 11.6
599.49 13.4
600.53 10.1
601.54 11.5
602.47 1.4
603.55 4.6
604.37 3.6
607.51 3.7
608.28 4.3
610.24 4.1
611.07 3.5
612.56 8.9
613.93 9.0
614.98 12.4
615.92 25.1
616.85 5.8
617.89 7.5
618.79 1.7
621.70 7.7
622.42 7.2
623.12 4.7
624.52 4.5
625.38 8.8
626.61 10.3
627.54 2.3
628.41 2.3
630.13 4.4
630.78 4.8
631.50 2.6
632.27 5.1
633.45 122.0
634.25 28.6
635.36 16.3
636.09 6.6
639.32 3.7
640.25 3.0
641.75 9.3
642.57 7.0
643.44 2.7
645.21 4.1
646.47 9.7
648.42 1.3
652.21 8.1
653.46 4.9
654.39 3.6
655.36 17.8
656.29 7.1
657.31 9.3
658.30 8.8
659.04 1.0
660.32 12.1
662.32 2.6
663.11 6.4
664.39 5.4
666.43 2.9
669.28 9.5
671.42 3.4
672.46 9.1
673.35 19.8
675.24 8.9
676.35 9.9
677.56 7.2
679.12 1.3
680.61 1.6
682.36 1.6
684.20 19.3
685.48 5.3
686.83 6.0
687.56 7.1
688.48 2.6
690.42 374.1
691.39 133.1
692.40 12.1
694.31 3.1
696.35 1.6
697.47 6.7
698.55 3.7
699.59 12.1
700.50 9.6
701.44 2.0
703.20 11.1
704.25 2.3
706.76 5.5
707.40 5.6
709.38 7.3
710.77 4.2
711.71 10.5
714.26 8.2
715.30 14.2
716.37 6.0
717.38 13.6
718.42 3.9
720.43 6.4
721.30 2.6
722.88 11.8
723.81 5.1
724.44 3.6
725.63 12.2
728.56 10.5
729.18 24.3
730.17 10.5
731.20 22.0
732.05 8.3
735.69 3.3
737.78 10.1
738.66 14.2
739.45 1.9
740.43 11.4
741.55 5.0
743.45 5.0
745.39 13.7
746.68 5.5
747.60 1.4
748.65 2.9
749.29 7.9
749.99 6.1
752.86 2.8
753.61 6.8
755.14 17.1
756.40 34.2
757.42 24.3
758.42 7.1
759.61 40.6
760.61 40.1
761.47 13.9
762.73 7.8
764.37 24.6
765.51 3.6
766.63 7.6
767.56 7.9
769.72 10.1
770.52 6.0
771.32 8.2
772.81 13.6
774.24 76.8
775.26 53.2
777.39 962.3
778.38 351.1
779.37 37.8
780.82 18.6
782.20 25.6
783.70 7.4
784.58 33.0
785.50 4.6
786.45 7.5
787.33 10.8
788.41 15.2
789.27 18.3
790.30 8.5
792.41 19.2
794.20 8.6
795.21 18.4
795.83 3.6
798.05 14.3
799.78 7.5
800.42 7.7
801.67 16.9
802.68 12.3
805.49 6.0
807.07 2.8
807.67 13.0
808.44 9.2
810.51 15.7
811.55 5.1
812.68 6.8
813.58 2.7
814.67 8.1
815.83 17.4
816.72 18.9
817.40 8.2
818.47 11.9
819.56 3.8
821.27 2.3
822.48 13.0
823.53 8.1
824.80 22.3
825.97 19.6
826.74 15.2
827.65 5.0
828.91 9.4
829.62 1.5
830.46 13.5
831.93 9.4
833.57 15.0
834.43 3.3
835.20 5.8
836.29 35.6
837.67 12.1
838.47 9.2
839.13 5.1
839.88 10.9
840.74 10.2
842.28 32.3
843.47 13.5
844.50 16.4
845.27 10.8
846.36 3.9
847.38 4.2
849.26 5.8
850.34 28.6
851.74 9.2
852.47 3.4
853.55 16.2
854.43 19.1
855.33 33.6
856.02 12.8
858.23 32.3
859.27 32.3
860.27 32.3
861.27 11.3
862.28 16.7
863.26 21.6
864.02 3.3
864.94 2.3
865.59 10.8
866.42 8.6
867.58 19.7
869.38 92.9
870.43 35.5
871.40 18.2
872.41 51.8
873.59 51.8
874.55 41.3
875.90 13.2
876.72 10.7
877.51 21.5
878.31 5.5
879.62 40.5
880.36 255.8
881.22 167.6
882.47 16.0
883.12 9.6
884.08 3.3
884.69 6.4
886.47 18.1
887.36 32.8
889.05 10.1
890.51 16.0
903.57 1.5
905.90 2.8
910.29 1.1
911.47 3.3
913.33 5.5
915.06 1.4
916.48 7.6
918.38 3.0
919.42 9.1
928.30 15.1
929.57 9.7
930.67 8.3
931.58 3.4
932.53 1.6
938.27 1.3
939.12 3.5
941.32 2.1
946.29 7.4
947.25 5.0
948.59 9.4
955.35 11.5
956.40 12.2
957.47 4.9
958.36 3.7
959.68 9.2
961.40 4.4
963.45 1.8
965.18 6.7
967.01 6.5
967.72 12.7
970.35 2.8
972.31 5.4
973.66 10.5
974.29 19.5
975.11 1.1
982.46 19.3
983.48 15.1
984.27 1.1
985.51 2.3
986.56 9.5
987.69 6.3
990.37 21.3
991.48 8.8
992.47 5.5
993.34 1.4
998.45 4.6
1000.43 416.3
1001.41 124.2
1002.53 49.0
1003.72 122.6
1004.60 56.6
1005.45 20.9
1010.31 2.2
1018.56 79.7
1019.54 33.2
1020.45 20.6
1025.56 1.4
1031.37 5.3
1033.19 1.3
1034.23 1.2
1035.31 4.1
1036.88 2.0
1039.82 4.4
1041.21 2.5
1042.03 6.7
1043.67 1.7
1046.35 18.6
1051.87 13.1
1053.24 6.4
1055.51 1.3
1059.18 2.7
1060.75 2.3
1061.58 3.2
1066.73 1.4
1069.33 21.5
1070.44 27.3
1071.30 14.0
1071.94 3.9
1073.47 8.5
1074.69 6.7
1075.49 4.6
1076.30 1.1
1077.58 6.3
1079.25 9.2
1085.43 1.0
1087.43 96.2
1088.50 44.9
1089.42 12.7
1090.64 2.2
1093.82 3.1
1101.38 11.6
1105.41 53.8
1106.51 9.0
1107.64 8.4
1111.99 2.0
1113.09 6.3
1117.84 6.8
1118.63 5.6
1123.22 2.5
1126.81 8.7
1128.76 5.9
1131.22 3.9
1135.40 5.0
1138.73 6.6
1139.52 5.4
1140.58 5.3
1141.77 8.8
1144.61 49.8
1145.65 10.6
1146.61 14.0
1147.61 2.6
1148.57 2.8
1154.14 4.6
1155.52 4.3
1159.67 2.9
1160.43 3.4
1162.62 37.7
1163.43 3.2
1168.34 5.1
1171.81 2.0
1172.73 2.3
1178.65 2.5
1181.78 7.7
1184.68 2.8
1195.46 2.7
1197.40 3.4
1203.76 12.4
1204.55 3.2
1205.60 6.4
1207.63 1.4
1215.82 2.9
1217.66 1.9
1219.16 3.8
1220.64 6.7
1221.56 3.7
1225.19 6.6
1228.33 7.2
1229.86 2.5
1231.59 3.0
1232.38 2.6
1233.57 1.3
1235.59 2.9
1236.53 3.1
1241.04 3.1
1243.60 5.7
1247.13 14.4
1248.83 2.2
1249.45 2.3
1250.31 6.1
1259.55 4.7
1260.63 3.1
1263.71 3.8
1267.85 4.1
1275.74 2.0
1280.07 8.8
1281.99 4.1
1284.72 2.8
1286.75 2.1
1288.91 13.3
1289.98 15.3
1291.24 3.0
1292.68 9.2
1293.73 1.7
1295.49 1.7
1298.29 4.2
1300.22 2.5
1302.54 2.1
1303.53 1.0
1304.45 1.6
1306.02 3.6
1310.81 12.2
1312.62 30.0
1314.03 17.1
1318.74 5.1
1320.68 3.8
1330.63 106.5
1331.66 48.8
1332.56 15.1
1345.72 1.8
1348.40 27.1
1349.52 36.0
1350.56 3.1
1353.41 3.3
1365.55 7.4
1367.46 1.2
1370.05 2.3
1371.86 4.3
1374.57 2.5
1376.60 1.2
1380.94 2.5
1388.09 6.4
1388.81 15.6
1389.73 3.8
1401.49 2.5
1405.50 21.2
1406.66 8.2
1407.48 4.5
1420.03 1.8
1423.30 2.0
1424.14 1.1
1425.86 1.5
1427.92 3.1
1428.55 1.6
1432.16 1.7
1432.92 1.2
1436.85 4.5
1441.19 1.5
1446.85 5.9
1450.78 1.3
1457.96 2.6
1462.80 2.8
1470.11 1.5
1475.51 2.7
1479.10 1.8
1484.93 1.1
1490.69 3.9
1494.16 1.6
1496.16 6.5
1501.66 9.2
1502.67 2.8
1509.57 3.3
1519.59 6.4
1520.66 7.6
1521.57 1.6
1525.89 2.1
1527.60 3.4
1534.12 3.2
1536.29 2.1
1536.90 2.4
1549.79 2.1
1550.65 3.9
1567.68 3.3
1568.53 11.9
1569.15 15.0
1585.58 5.1
1586.66 2.5
1591.89 3.9
1602.67 15.1
1603.80 22.6
1604.64 2.0
1611.82 2.1
1617.07 3.3
1620.13 5.3
1620.73 7.6
1621.73 5.4
1622.79 4.1
1635.27 4.4
1668.61 1.8
