733.43242 2
105.30 4.8
107.23 4.4
109.23 21.9
111.21 13.0
112.17 4.3
113.24 7.3
114.04 1.5
115.10 12.4
116.15 3.0
117.15 8.6
118.34 9.0
119.22 11.4
120.04 3.6
121.22 21.7
122.46 8.2
123.18 19.0
124.13 1.3
125.09 11.1
126.09 2.5
127.22 41.9
128.10 323.2
129.14 93.1
130.09 13.6
131.14 9.7
133.19 17.6
135.10 30.7
136.17 16.0
137.18 28.6
139.10 68.0
140.15 4.3
141.18 49.6
142.19 4.4
143.19 50.4
144.00 3.2
145.23 19.7
146.73 2.0
147.34 24.0
148.09 2.2
149.20 36.1
150.00 3.5
151.20 40.3
152.15 3.3
153.21 22.8
154.12 6.6
155.24 24.2
156.10 12.0
157.12 31.8
159.16 8.3
160.08 40.2
161.08 29.2
162.13 35.0
163.21 28.2
164.34 31.6
165.32 35.0
166.26 13.3
167.09 40.6
168.21 27.6
169.11 23.5
170.19 12.2
171.22 7.3
172.18 37.8
173.18 16.5
174.22 19.9
175.21 31.8
177.16 24.1
178.21 10.9
179.18 33.2
180.34 9.7
181.19 34.4
182.06 1.7
183.18 51.6
184.12 5.1
185.16 30.2
186.08 12.2
187.13 41.1
188.27 9.1
189.11 16.0
190.56 6.0
191.21 49.2
192.20 32.4
193.18 23.7
194.31 29.1
195.16 61.0
196.21 18.3
197.27 66.8
198.31 8.8
199.19 32.3
200.12 14.2
201.22 30.3
203.20 28.3
203.95 3.5
205.14 37.8
206.30 20.1
207.25 48.2
208.27 43.3
209.25 580.8
210.20 60.5
211.18 40.5
212.28 18.9
213.22 42.7
214.25 22.9
215.19 80.9
216.24 11.7
217.21 22.5
218.25 11.7
219.32 22.7
220.18 7.2
221.13 47.6
222.25 20.9
223.20 50.7
224.34 35.8
225.18 21.6
226.20 17.6
227.26 55.9
228.08 30.2
229.15 22.2
230.25 17.6
231.22 22.2
233.08 1416.8
234.30 19.3
235.18 71.3
236.22 208.7
237.09 90.7
238.24 20.5
239.21 37.2
240.26 20.2
241.19 28.8
242.27 27.7
243.26 13.6
245.25 682.6
246.28 27.2
247.18 36.7
248.17 18.7
249.22 46.9
250.03 8.7
251.15 53.4
252.13 21.8
253.29 114.0
254.19 124.0
255.16 47.0
256.21 23.6
257.14 39.2
258.17 18.9
259.30 28.9
260.57 17.7
261.23 68.9
262.23 18.3
263.20 37.4
264.20 16.1
265.10 51.5
266.69 41.5
267.34 36.3
268.20 38.6
269.20 49.5
270.43 20.5
271.18 26.3
272.02 7.6
273.11 52.3
274.13 10.3
275.24 39.3
276.00 17.4
277.17 29.2
278.17 19.6
279.10 116.9
280.12 43.6
281.18 67.8
282.05 48.8
283.33 49.6
284.54 4.6
285.26 35.0
286.43 12.9
287.18 81.6
288.06 25.9
289.25 51.2
290.52 6.8
291.25 39.7
292.21 21.9
293.16 141.5
294.06 45.3
295.08 91.5
296.19 114.5
296.97 45.6
298.05 13.9
299.53 65.0
300.43 63.1
301.16 21.6
302.14 54.6
303.06 80.5
303.91 160.6
305.13 46.3
306.04 17.5
307.17 174.5
308.11 66.5
309.14 150.0
310.05 69.8
311.07 106.1
312.14 35.5
313.42 22.5
314.28 12.1
315.35 21.8
316.45 54.0
317.47 44.6
318.79 39.8
320.02 9.0
321.16 169.2
322.18 43.7
323.35 113.4
324.33 115.0
325.13 66.7
325.99 40.4
327.11 20.9
328.10 6.6
331.09 163.2
332.13 52.0
333.34 28.4
334.90 23.9
336.35 39.5
337.27 36.9
338.43 36.8
339.26 78.0
340.27 96.8
341.19 6.8
342.25 9.7
343.78 2.9
344.63 24.0
345.56 16.0
346.49 48.9
347.34 23.0
349.16 2200.3
350.04 685.2
351.16 23.3
352.20 39.5
352.84 30.3
353.47 1.6
354.56 15.9
358.36 6358.3
359.35 65.9
360.16 3.3
361.40 8.9
373.40 2.9
374.22 4.7
379.23 3.8
380.46 3.5
385.25 3.0
389.10 2.3
390.15 25.2
391.34 1.8
392.34 1.4
393.30 1.1
395.25 2.1
398.37 1.9
399.59 5.0
405.43 1.1
406.34 1.0
407.22 2.3
409.54 6.7
410.35 6.1
412.94 5.9
417.42 3.0
419.94 5.6
422.57 1.1
423.47 9.6
424.25 9.4
426.44 2.8
427.58 1.5
430.06 4.4
435.37 20.9
443.13 2.0
452.68 1.7
455.21 4.4
459.22 3.5
461.79 6.7
463.43 2.7
468.02 5.8
470.50 2.9
473.56 11.2
475.55 3.5
476.33 2.4
488.34 25.2
489.30 236.0
490.20 61.0
491.32 11.1
492.92 3.9
494.49 1.6
502.37 2.4
504.47 17.1
506.58 88.7
507.32 844.8
508.28 240.6
509.42 14.1
511.12 3.2
515.66 7.6
520.43 1.4
521.41 4.7
526.49 3.0
530.66 3.7
532.34 4.5
533.25 14.9
534.18 5.1
541.38 2.4
548.32 6.8
562.36 2.4
563.31 2.3
582.67 2.7
586.40 6.6
590.26 1.7
591.36 1.4
600.60 7.7
601.61 6.8
602.29 3.9
603.35 9.9
607.24 5.0
613.35 1.9
615.49 35.2
616.47 40.9
617.51 8.9
618.50 3.6
619.60 6.1
621.33 1.7
657.29 12.8
680.41 1.6
683.55 1.1
685.22 2.4
710.30 2.5
711.34 2.4
