2622.19278 3
256.04 2.2
263.04 5.3
268.38 3.2
301.13 4.6
303.22 1.2
317.34 2.0
321.35 3.1
342.20 3.0
343.29 3.2
348.42 1.5
361.22 1.6
366.11 11.8
367.23 1.2
372.13 7.6
373.41 3.5
377.53 4.4
385.99 3.7
395.34 1.6
399.55 2.8
401.15 3.7
409.30 6.2
422.18 4.1
429.18 1.4
430.29 5.3
432.43 3.0
433.27 1.6
437.52 7.3
440.64 1.6
455.52 3.1
463.59 3.3
467.19 1.8
470.02 4.2
473.60 1.8
474.32 3.0
476.15 9.9
477.49 4.7
480.11 2.8
482.37 2.5
487.28 5.8
494.06 2.3
498.02 5.0
502.50 4.9
509.12 4.2
511.38 3.1
514.17 2.2
515.38 3.3
517.40 5.5
520.79 2.3
527.37 4.0
530.41 3.0
538.27 11.9
541.30 1.1
548.42 3.3
549.48 2.5
550.31 1.5
552.34 1.0
553.17 1.7
556.38 10.4
557.52 4.4
560.85 8.2
563.17 1.1
566.57 3.2
569.62 4.0
573.29 1.2
578.08 2.5
582.45 1.2
585.29 3.7
592.46 4.6
595.43 3.4
597.39 5.8
599.41 1.2
600.63 1.0
603.32 2.4
607.32 3.8
614.53 4.7
619.21 3.1
620.41 4.6
623.16 5.1
626.23 2.4
627.68 4.6
633.19 4.8
638.56 5.9
640.69 1.3
646.07 10.8
649.09 5.7
651.38 2.2
656.79 3.9
663.31 3.2
665.10 4.7
666.30 1.6
669.53 4.4
675.40 2.7
680.04 15.9
681.01 3.8
683.48 2.5
685.87 3.3
690.65 3.3
691.36 5.9
693.41 2.9
694.92 1.6
701.29 1.0
703.47 3.4
705.11 7.2
709.36 2.4
712.15 13.4
715.69 1.6
717.40 4.6
719.51 1.7
723.40 3.6
726.44 1.5
728.46 1.2
732.69 2.5
733.37 5.5
734.25 5.2
738.04 4.7
739.27 10.5
741.80 7.9
745.36 2.1
747.51 3.1
751.06 3.3
751.77 2.3
752.59 2.9
753.69 2.8
754.97 3.2
755.61 3.0
759.08 11.8
761.30 11.6
762.33 22.8
763.15 5.6
764.55 1.9
766.54 11.6
769.97 3.7
772.93 3.8
775.00 2.8
776.61 33.4
780.03 7.2
784.58 6.6
786.41 1.4
788.55 11.7
790.25 1.3
793.59 9.9
794.63 9.1
797.54 2.0
798.33 7.6
799.59 1.3
800.54 2.7
802.57 11.5
803.93 24.0
806.39 45.0
807.22 5.9
811.03 13.7
812.50 5.9
814.07 21.6
815.12 3.7
816.26 3.7
818.17 16.1
819.52 1.2
822.76 6.1
826.24 7.8
827.55 2.5
828.40 13.2
830.05 3.3
830.94 4.5
831.73 9.2
834.23 165.5
835.02 8.2
835.84 7.5
836.49 6.5
837.49 2.3
838.22 3.2
840.05 22333.2
841.04 155.6
841.89 94.3
842.77 22.5
843.95 31.6
845.31 72.5
847.12 41.2
848.09 7.0
848.70 3.6
849.36 4.6
850.17 14.9
851.02 2.1
852.16 5.9
853.25 7.8
856.51 27.2
857.40 120.9
858.67 14.3
862.85 12.8
882.38 3.5
886.80 4.3
895.72 3.7
902.25 2.9
914.14 3.5
948.57 8.2
951.66 5.7
955.62 1.2
956.86 3.9
963.01 9.9
965.34 24.6
966.07 77.7
969.55 39.8
972.44 6.6
973.55 9.5
980.49 8.5
991.47 2.8
992.70 5.6
1001.85 12.0
1003.46 6.8
1013.59 2.4
1028.93 6.1
1032.56 2.1
1034.75 2.6
1037.02 1.2
1041.59 3.7
1042.74 2.7
1043.94 3.0
1049.13 17.5
1053.27 1.5
1059.36 8.1
1060.07 2.3
1060.69 3.0
1062.99 3.6
1073.66 3.2
1077.62 4.9
1079.64 3.7
1081.30 41.5
1082.10 16.4
1083.48 1.8
1085.83 2.2
1091.64 1.5
1092.32 8.8
1098.58 3.0
1100.63 1.1
1102.50 4.2
1105.19 6.2
1110.89 1.6
1117.94 4.0
1124.48 3.1
1129.11 12.0
1130.83 1.1
1139.60 2.0
1142.58 1.2
1144.74 2.8
1152.71 1.7
1160.74 7.6
1161.60 2.0
1164.10 8.4
1174.54 2.4
1180.55 3.5
1184.62 3.2
1186.40 4.7
1190.13 2.9
1190.81 2.6
1191.71 1.4
1193.58 3.1
1196.63 6.6
1205.18 13.1
1211.36 1.5
1212.75 4.1
1217.36 1.1
1223.12 29.4
1223.79 11.3
1229.32 5.1
1230.90 8.6
1235.54 2.0
1247.83 23.7
1248.64 8.9
1249.82 3.3
1302.65 1.8
1326.10 2.4
1340.02 5.9
1341.26 2.0
1346.85 14.0
1347.92 2.6
1362.80 7.1
1372.15 1.9
1384.14 3.0
1390.36 2.7
1411.84 3.0
1415.42 2.0
1418.08 1.5
1433.68 19.0
1434.87 11.0
1436.09 3.9
1443.48 3.0
1461.89 3.8
1473.93 1.5
1503.75 1.5
1521.15 1.7
1533.06 3.0
1533.97 2.5
1558.55 4.8
1568.84 1.1
1576.39 3.1
1584.14 6.0
1591.14 1.6
1602.07 5.4
1619.91 9.0
1620.87 14.2
1621.58 6.5
1694.50 1.1
1702.14 4.3
1720.08 2.5
1773.94 1.5
1931.27 2.0
