650.2151399999999 2
93.14 1.6
95.00 9.4
96.03 1.4
97.23 5.0
98.18 1.3
99.20 2.1
100.21 18.3
101.32 7.0
102.99 4.8
105.19 2.8
106.07 2.5
107.20 11.1
108.31 1.1
109.22 11.9
110.44 11.9
111.15 22.1
112.07 6.0
113.21 3.8
114.32 1.3
115.15 5.4
116.04 2.8
117.09 1.4
118.24 2.9
119.12 25.0
120.19 7.3
121.22 20.0
123.22 25.6
124.20 6.8
125.19 10.6
126.35 1.3
127.13 19.7
128.10 200.1
129.16 11.5
130.12 10.1
131.27 10.6
132.21 3.4
133.21 15.6
134.19 5.9
135.16 33.0
136.09 10.2
137.25 14.1
138.25 4.2
139.14 29.1
140.22 11.3
141.12 13.2
142.28 14.2
143.18 13.6
144.19 5.3
145.26 9.7
146.22 5.3
147.19 18.5
148.20 8.0
149.16 19.7
150.52 12.4
151.26 24.5
152.17 10.4
153.25 11.7
154.25 6.2
155.23 12.5
156.11 9.0
157.16 8.1
158.49 8.1
159.33 11.4
160.19 21.7
161.04 29.3
162.11 30.1
163.30 20.7
164.30 13.1
165.13 51.7
166.25 5.3
167.15 8.6
168.16 6.6
169.18 27.3
170.20 12.5
171.23 17.8
172.12 10.0
173.21 12.5
174.23 35.9
175.15 29.2
176.09 9.5
177.24 20.4
179.23 23.1
180.17 9.2
181.14 19.8
182.29 46.9
183.06 15.5
184.27 18.0
185.09 13.2
186.07 36.1
186.99 5.7
189.16 13.9
191.49 389.1
192.15 78.5
193.21 19.6
194.34 8.7
195.24 15.3
196.27 12.9
197.27 46.9
198.32 17.6
199.04 31.3
200.16 20.1
201.21 13.1
201.92 23.3
203.24 10.6
204.17 10.6
205.24 14.4
206.38 7.5
207.29 14.3
208.06 5.8
209.20 130.6
210.14 107.1
211.21 28.3
212.31 22.8
213.07 19.7
214.12 8.0
215.22 21.3
216.16 7.1
217.12 14.7
218.29 3.9
219.24 6.9
220.12 3.7
221.29 37.1
222.21 44.2
223.16 52.4
224.07 23.9
225.05 39.4
226.16 31.1
227.22 75.5
228.15 55.6
229.21 22.3
229.99 4.9
230.99 12.7
232.12 3.9
233.29 21.6
234.18 13.8
235.26 10.9
236.31 10.0
237.19 50.1
238.24 14.6
239.21 17.4
240.26 23.4
241.14 35.4
242.19 8.5
243.28 20.0
244.22 15.7
245.15 36.4
246.32 10.0
247.29 9.8
248.16 4.6
249.04 16.2
250.16 17.6
251.13 84.4
252.23 37.7
253.21 44.0
254.31 33.9
255.29 32.2
256.32 26.3
257.35 1.3
258.60 616.7
259.51 2.1
261.14 9.9
262.33 13.0
263.15 33.0
264.29 10.6
265.22 80.2
266.31 61.6
267.21 67.0
268.16 29.7
269.22 58.5
270.12 28.7
271.20 1.1
272.31 13.2
273.35 14.4
274.29 3.5
275.19 1.5
276.34 7.0
277.35 9.4
278.28 18.2
279.30 55.4
280.22 48.4
281.21 76.9
282.29 46.5
283.19 24.9
284.26 25.0
285.35 5.5
287.22 2.5
288.76 19.6
289.45 38.8
290.34 42.7
291.26 37.7
292.35 7.3
293.41 23.3
294.21 8.6
295.31 15.0
296.36 33.5
297.25 33.0
298.20 72.3
299.36 5.8
302.13 5.1
303.34 4.4
304.08 2.1
307.18 672.3
308.22 544.4
309.20 52.5
310.12 38.9
311.24 7.2
316.21 41.0
317.26 14.8
319.24 1.9
325.27 2.6
328.95 2.5
334.28 4.6
337.17 1.2
342.51 2.3
343.47 4.4
353.11 2.4
368.18 1.7
381.07 5.3
382.39 2.5
388.53 2.6
392.52 1.5
397.94 1.8
406.18 6.2
425.48 3.0
435.40 2.0
436.18 24.0
437.29 1.5
447.39 6.4
454.39 2.3
476.32 6.7
488.80 1.1
494.94 2.4
516.18 3.0
522.39 6.2
533.58 1.6
547.50 1.4
559.89 2.4
579.09 1.1
591.38 7.4
627.11 1.5
