1056.54839 2
155.01 1.2
156.38 2.1
159.31 3.9
161.15 6.7
162.11 2.5
163.29 1.1
164.08 7.5
166.09 1.3
167.05 5.0
169.34 6.6
171.21 10.0
173.20 2.9
175.17 4.1
177.01 3.6
180.10 1.1
181.21 4.1
182.21 10.1
183.06 7.3
184.12 7.9
185.17 5.2
186.26 3.3
187.10 9.1
188.16 2.4
189.21 2.0
191.29 3.2
195.29 1.2
197.24 2.6
199.22 3.4
200.45 7.0
202.18 5.1
203.13 3.7
204.16 29.6
205.27 7.3
206.21 1.8
207.13 1.8
209.58 6.0
210.33 6.5
212.05 5.8
213.30 14.0
215.23 16.0
216.04 6.2
217.13 14.0
217.93 5.0
219.20 2.8
220.35 1.1
224.14 5.5
226.21 3.7
227.43 12.4
228.15 24.3
229.12 4.2
230.24 4.8
231.22 6.7
232.08 11.3
233.13 7.2
234.10 9.3
235.25 8.5
235.98 4.6
237.09 3.5
239.30 1.8
240.38 2.8
242.10 71.3
243.14 4.6
244.11 18.3
246.31 9.9
247.16 12.1
248.25 5.9
249.23 2.9
250.31 2.4
251.30 1.8
253.15 3.8
255.13 6.1
256.27 11.6
257.05 3.7
258.15 8.4
259.20 3.3
262.05 19.0
263.25 20.2
264.94 3.1
266.18 6.1
267.30 14.9
268.08 2.6
270.22 6.4
271.33 11.2
272.15 3.1
272.94 3.3
274.11 40.9
275.13 189.8
276.17 47.4
277.26 15.1
278.20 7.3
280.03 5.0
281.08 1.8
282.15 7.6
283.83 10.5
284.97 8.6
286.20 9.8
287.11 10.9
288.17 5.9
289.25 8.1
291.06 4.2
292.13 9.2
293.01 11.8
294.96 4.9
298.22 1.9
300.24 2.0
301.29 5.7
302.03 3.3
303.21 9.0
304.20 4.9
304.98 4.0
306.12 1.7
307.16 29.0
308.19 16.6
309.08 20.7
310.17 5.6
311.94 2.8
313.63 1.6
315.26 1.8
316.14 50.4
317.12 15.4
318.16 32.4
319.09 29.1
320.19 36.2
321.78 3.0
323.24 6.4
325.13 1.5
326.54 5.1
328.28 1.6
329.15 5.2
330.17 35.3
331.13 37.0
332.19 49.0
333.17 18.7
334.12 20.0
334.95 8.3
336.07 2.9
337.29 7.7
338.25 8.2
339.00 1.5
340.22 12.1
341.14 6.6
342.49 10.3
343.30 4.4
344.73 2.8
346.46 3.2
347.25 6.9
348.36 3.0
349.26 15.1
350.17 20.1
351.20 13.7
352.21 9.0
353.14 9.4
354.15 7.5
355.50 18.8
356.47 4.8
357.30 8.7
359.26 5.7
360.36 5.9
362.19 10.4
363.30 3.4
364.14 6.3
366.33 5.7
367.08 5.1
368.17 26.0
369.29 5.0
370.19 2.9
371.29 7.9
372.23 4.7
373.29 6.3
374.17 13.3
376.27 2.0
377.17 37.7
378.07 143.0
379.10 210.0
380.18 179.7
381.29 3.8
382.20 30.6
383.15 3.2
384.14 15.0
385.21 52.1
386.34 6.3
387.21 15.6
388.21 54.7
390.05 1.8
391.10 6.4
392.27 17.6
393.13 21.8
394.06 15.1
395.19 29.8
396.31 10.2
397.20 6.0
398.25 13.8
399.14 2.9
400.13 9.8
401.34 6.6
402.49 3.6
403.29 2.5
404.13 1.3
406.42 28.5
407.17 33.6
408.10 64.1
409.16 88.6
410.08 12.7
410.98 9.0
412.14 24.3
413.17 11.9
414.14 49.9
415.03 38.6
416.22 12.8
419.24 9.0
420.34 11.8
421.28 69.5
422.27 130.7
423.13 57.2
424.18 3.9
425.18 9.6
426.21 19.4
427.26 89.6
428.37 2.0
429.29 1.4
430.20 2.8
431.15 9.3
432.20 2.3
433.02 13.9
434.75 29.1
437.77 20.6
438.77 9.0
439.63 2.9
440.27 43.0
441.27 8.8
442.68 15.3
443.31 11.8
444.24 5.8
445.21 4.3
446.30 16.2
447.33 6.7
448.49 32.6
449.35 14.5
450.17 4.2
451.80 14.2
453.89 8.1
455.09 7.7
456.59 11.1
457.29 5.3
458.18 9.5
461.78 12.9
462.67 81.7
463.36 12.2
464.31 11.3
465.06 15.4
467.00 125.0
468.08 757.0
469.16 773.4
470.31 28.3
471.43 22.2
473.35 8.7
474.47 6.0
475.14 19.2
476.28 7.5
477.34 1.5
478.54 11.6
479.47 17.3
480.39 12.2
481.31 20.1
482.06 3.0
483.05 26.8
484.11 36.4
485.05 30.8
486.61 7.0
488.01 21.5
488.75 13.9
489.59 8.3
490.44 2.7
491.34 19.9
492.27 35.9
493.36 39.2
495.34 13.8
496.48 1.7
497.29 2.7
498.53 11.1
499.35 3.7
500.29 17.1
501.24 15.0
502.67 6.6
503.73 18.0
504.38 6.8
505.64 14.4
506.52 23.5
507.21 9.2
508.51 14.8
510.18 305.1
511.21 305.1
512.15 79.6
513.62 11.1
516.69 16.5
518.09 2.9
519.72 113.4
520.58 4.5
521.34 5.0
524.19 2.3
528.66 1.5
529.67 1.8
537.40 1.8
540.52 3.0
546.87 7.2
549.07 12.3
568.31 19.5
570.25 7.0
575.74 1.8
576.73 8.1
577.87 4.2
580.21 3.8
584.69 3.6
588.48 3.6
595.53 6.1
599.29 7.7
613.26 7.3
615.16 6.5
616.14 3.2
617.26 11.3
624.71 1.2
628.41 1.5
629.37 1.3
630.06 1.5
632.99 13.6
635.62 1.2
640.56 2.4
643.49 4.4
648.13 6.1
649.99 5.8
650.65 6.9
652.03 7.3
661.51 1.2
669.46 40.9
671.11 13.8
672.39 16.4
673.34 5.0
677.28 1.3
680.42 1.5
681.69 1.9
684.88 5.8
685.68 19.8
687.45 1.2
691.44 20.6
697.13 2.6
698.19 4.6
701.52 2.0
702.48 3.9
706.21 4.2
709.55 2.1
710.45 4.1
712.38 1.4
714.60 3.9
715.34 4.1
715.96 2.8
721.41 1.3
736.03 5.1
737.45 1.5
738.55 7.4
748.80 3.1
751.16 3.5
764.39 120.3
765.33 10.3
769.42 2.7
773.55 6.8
778.99 3.1
780.52 6.9
781.77 15.8
782.47 340.2
783.41 12.6
795.63 1.5
799.58 5.1
803.44 3.4
804.67 5.4
811.38 6.3
813.07 6.5
814.62 13.5
816.48 1.4
818.50 4.0
822.61 2.6
825.80 5.8
835.63 2.0
836.61 5.8
845.34 7.8
852.34 1.3
853.39 146.9
854.79 3.3
858.04 2.8
858.97 1.3
863.72 1.3
877.88 3.3
878.55 5.4
880.39 1.2
881.97 1.9
885.65 1.6
886.70 4.8
893.54 1.7
902.78 1.4
906.49 2.6
924.53 428.3
925.51 3.9
935.55 1.2
936.82 2.2
975.68 4.9
1010.62 2.8
1017.67 2.1
1034.20 2.1
