1309.64165 2
190.07 15.9
197.24 6.0
199.31 2.0
209.09 6.0
210.00 1.9
212.42 5.8
215.15 10.7
225.28 5.9
226.41 2.1
228.17 2.5
230.32 3.1
237.24 1.6
238.11 11.0
241.06 1.9
243.17 48.1
247.42 1.4
250.05 1.4
252.13 1.2
253.25 4.8
255.20 3.1
256.08 2.8
264.12 9.5
272.43 1.8
274.09 1.2
283.10 16.4
284.18 29.4
285.07 5.5
286.46 2.9
288.24 9.5
291.25 4.6
292.18 1.9
294.26 7.5
296.05 2.1
297.22 1.5
300.13 53.8
301.19 51.1
302.24 15.3
304.32 3.3
306.28 2.2
311.28 5.1
317.18 1.3
319.19 50.1
320.06 6.6
321.30 2.5
323.65 10.3
324.26 5.3
325.57 1.2
327.22 5.6
328.20 3.8
329.26 6.6
332.28 3.4
340.45 2.6
342.30 2.3
343.14 4.3
344.39 2.1
345.46 1.8
348.22 1.8
351.21 3.3
352.13 2.3
354.23 3.0
357.27 2.2
362.33 3.3
364.13 2.3
370.46 2.1
371.33 3.3
373.16 2.9
376.34 5.2
379.20 4.3
381.18 2.1
385.42 2.5
388.46 4.6
389.17 2.7
392.28 2.1
393.40 8.4
394.95 1.9
396.33 13.5
397.26 10.6
399.38 2.0
400.29 4.3
401.29 4.6
402.53 2.2
403.32 4.5
407.03 5.9
409.49 9.3
414.13 21.3
415.32 102.3
416.22 8.6
417.36 1.8
418.56 2.5
423.03 3.5
423.80 2.6
424.47 1.6
426.13 2.3
427.63 5.5
431.03 5.4
432.33 210.3
433.27 20.9
437.23 15.9
440.09 15.3
440.88 2.4
445.69 9.9
446.92 10.0
450.86 3.6
454.10 1.1
454.83 9.7
455.48 7.6
457.34 20.0
458.22 10.3
459.11 7.6
461.08 1.4
462.34 9.2
466.26 1.3
473.23 1.6
473.94 13.7
476.54 14.3
478.39 1.3
481.22 13.3
482.37 34.8
483.27 1.2
484.31 3.9
487.33 5.4
488.31 11.6
488.95 3.4
490.59 9.5
492.40 4.4
493.21 5.4
496.31 63.1
497.37 9.2
501.38 4.1
503.23 10.4
504.34 42.5
505.21 5.2
506.33 1.2
508.92 2.9
511.53 29.0
513.37 12.4
514.41 3.9
515.53 13.5
516.13 7.2
516.79 5.1
518.06 10.0
519.01 24.3
522.57 12.7
523.81 18.8
525.16 3.6
527.33 4.3
528.13 2.8
530.60 9.4
531.41 38.0
532.67 28.1
533.52 14.7
534.16 10.7
535.24 16.0
536.52 5.1
538.37 32.0
539.38 4.9
540.64 25.5
541.40 31.9
542.79 6.8
543.97 3.3
545.56 4.1
546.82 49.2
547.45 22.5
548.39 2.1
551.32 13.1
552.02 88.0
552.81 8.8
553.99 10.0
555.37 4.3
556.41 4.5
558.22 11.9
560.81 266.9
561.43 60.8
562.16 10.7
563.55 2.2
565.05 9.6
566.54 9.6
567.42 4.8
569.69 10.4
570.44 21.9
572.60 10.5
573.25 2.7
575.48 47.5
576.54 10.1
578.03 1.5
580.48 53.3
581.75 10.5
582.47 20.0
587.64 4.7
588.54 3.5
589.44 195.3
590.64 21.5
591.41 30.3
592.07 6.2
595.23 4.6
597.34 49.9
598.23 7.9
598.86 3.6
602.34 9.7
603.16 3.7
605.44 10.7
606.71 3.1
609.16 5.6
609.98 3.5
611.31 4.1
611.94 10.9
612.63 2.6
613.79 16.9
615.45 8.4
616.39 3.4
617.33 2.9
619.30 32.2
620.33 13.0
621.31 2.9
622.83 10.4
623.86 34.6
624.76 15.4
625.52 6.1
626.29 8.6
628.94 49.8
629.55 17.4
630.90 12.4
631.84 18.0
632.98 100.7
634.05 8.5
636.75 29.0
637.66 125.0
638.60 62.6
640.32 2.0
642.95 11.0
645.13 1.7
646.17 53.3
646.91 39.6
655.91 1.8
659.64 4.0
660.61 1.3
662.53 4.4
664.27 29.8
665.27 14.1
666.10 7.2
675.60 2.3
678.70 1.5
681.18 5.8
684.23 1.5
685.47 3.1
688.53 1.1
700.86 9.2
702.49 2.0
708.44 6.7
711.45 2.3
718.31 2.8
742.12 7.3
742.77 7.4
743.43 1.2
747.49 2.4
754.41 6.2
757.37 5.8
758.59 2.9
759.39 7.5
760.05 10.8
761.41 9.1
762.73 13.6
765.41 4.8
774.62 6.6
775.52 12.3
777.45 1.7
779.34 115.7
780.41 32.0
787.51 2.4
790.34 2.6
791.39 9.6
793.48 1.1
804.51 1.0
807.72 2.7
836.60 4.3
837.34 6.5
839.40 3.8
840.68 9.3
847.35 3.8
849.68 3.2
850.55 10.4
851.44 1.1
852.47 1.5
855.62 9.4
857.37 3.7
858.54 1.7
860.36 7.7
861.52 31.1
862.54 2.8
868.44 3.0
869.30 4.3
871.62 4.7
873.56 9.1
875.48 4.7
878.48 597.2
879.40 184.5
885.52 6.2
888.46 1.9
890.64 10.0
891.56 1.2
893.48 3.1
894.52 3.9
895.56 2.9
903.70 8.8
904.62 7.3
908.42 1.2
909.62 2.8
913.18 4.3
922.69 1.4
927.38 3.4
933.35 6.8
934.60 1.8
935.62 1.7
936.61 1.4
946.68 2.9
947.74 3.1
948.58 8.9
954.52 3.3
957.41 5.2
963.50 4.7
964.35 3.3
965.50 1.5
968.53 3.8
972.53 4.8
973.61 20.4
974.66 4.8
975.58 7.1
989.26 12.1
991.51 436.6
992.58 180.2
993.54 2.5
999.33 5.3
1004.63 1.1
1007.61 31.7
1008.49 30.1
1010.88 5.9
1011.65 4.8
1019.41 4.9
1020.65 3.5
1021.80 7.4
1022.73 2.9
1023.49 1.3
1026.79 6.8
1031.40 3.0
1032.84 6.6
1034.65 1.9
1036.39 4.9
1038.18 4.7
1042.57 3.0
1048.81 5.6
1049.80 1.7
1050.45 11.5
1061.43 2.3
1064.57 10.9
1065.43 1.4
1066.54 53.2
1067.53 19.5
1068.37 15.9
1069.02 6.0
1079.74 10.0
1080.67 2.2
1081.75 1.3
1092.90 1.5
1094.83 4.0
1102.51 3.8
1103.65 12.0
1108.77 4.8
1117.47 7.7
1118.77 1.1
1120.57 273.8
1121.68 105.4
1134.46 1.2
1135.71 1.3
1136.94 1.8
1139.79 2.3
1141.82 4.8
1152.77 1.4
1177.45 65.0
1178.12 10.4
1178.81 10.5
1195.77 4.6
1244.79 1.6
