989.5398300000001 3
98.32 15.5
99.03 47.8
107.33 1.0
111.32 3.6
112.00 5.7
113.28 3.9
114.22 1.3
115.11 17.0
116.24 2.5
117.10 3.7
119.04 2.2
121.06 1.5
126.09 113.7
127.27 4.0
128.11 21.7
128.93 5.9
130.21 7.6
131.06 6.0
132.02 1.8
133.38 6.2
134.07 2.2
136.27 4.7
137.24 3.9
139.22 4.2
140.20 1.4
141.10 3.7
143.21 8.0
144.11 20.2
147.34 6.5
149.13 6.1
151.28 1.1
151.99 2.8
153.34 29.8
154.07 210.2
155.06 16.1
156.40 18.1
157.22 4.9
158.31 12.1
159.33 1.7
160.27 5.4
161.11 9.3
162.17 11.0
163.32 1.6
165.20 1.8
166.33 1.6
170.05 88.5
171.16 197.0
172.19 26.6
173.08 4.4
175.10 232.1
176.09 26.7
177.07 71.8
178.27 10.6
182.41 3.2
183.14 7.5
184.27 3.2
185.12 4.0
186.17 2.2
187.14 22.7
188.28 26.0
189.21 813.7
190.23 78.8
196.20 2.5
197.80 17.6
199.06 136.4
200.15 19.8
201.35 31.6
202.23 7.6
203.31 3.2
205.16 24.7
205.90 6.2
207.30 5.4
209.13 7.2
210.30 7.0
211.36 23.1
212.14 4.7
213.25 11.6
214.35 43.9
215.21 30.1
216.24 122.9
217.11 1729.3
218.19 139.3
218.95 5.5
222.82 1371.1
223.97 19.0
225.10 2.8
226.33 5.1
228.55 8.4
229.32 6.2
230.28 1.4
232.02 6.3
233.15 1.4
234.00 2.6
235.37 14.4
236.13 78.8
237.09 52.3
238.19 9.7
239.63 9.2
240.31 4.2
241.00 2.3
242.08 1.4
243.21 46.7
244.51 14.8
246.57 2.8
247.40 1.7
248.09 4.0
248.73 15.1
251.13 32.8
252.04 72.7
253.05 379.5
254.01 139.7
255.10 165.6
256.24 7.2
257.18 1.1
258.97 15.5
260.33 12.8
261.40 6.9
262.18 3.3
264.27 28.3
265.28 4.8
266.01 1.7
267.27 9.7
268.29 3.0
269.23 2.1
270.26 54.2
271.20 12.3
272.22 4.5
273.26 47.9
273.88 23.1
276.51 24.1
277.21 2.3
278.20 13.4
278.98 2.1
280.29 10.5
280.97 3.9
282.20 9.2
283.96 46.1
285.15 34.1
286.19 25.4
287.33 57.8
288.32 46.8
289.13 167.6
290.07 3.2
292.82 4.9
294.18 26.4
295.26 37.1
295.88 21.4
296.61 4.8
297.63 19.0
298.31 10.1
299.13 10.4
300.08 22.3
301.15 19.1
302.24 23.6
303.04 6.2
304.10 34.2
304.87 9.5
305.72 1.9
306.96 3.4
308.01 32.2
309.13 244.2
309.93 11.6
312.26 218.6
313.21 187.0
314.17 23.8
315.59 63.1
316.26 10.8
318.64 142.3
319.53 13.9
321.23 129.6
322.05 128.7
323.99 14.0
324.69 30.8
336.99 6.6
349.31 4.4
354.03 4.5
356.24 5.6
357.00 9.9
359.32 1.1
360.55 2.3
366.45 2.7
371.24 3.9
372.90 6.6
374.03 8.6
378.54 60.8
379.40 6.6
381.08 3.6
383.46 3.2
384.42 11.7
385.40 4.4
387.44 12888.7
388.43 38.7
389.46 8.0
390.11 1.6
390.87 4.3
392.32 5.4
394.25 10.5
395.38 6.0
397.15 5.4
398.39 5.1
399.49 19.5
400.40 10.5
401.23 2.7
402.64 11.3
404.08 6.3
408.34 1.6
412.48 2.3
414.35 6.8
415.14 14.2
416.15 2.7
417.38 92.9
418.40 26.1
419.61 9.7
422.23 5.2
423.43 6.2
424.72 4.3
425.58 3.0
426.76 16.8
427.47 65.7
428.44 22.4
430.08 8.9
431.63 7.8
433.38 3.2
434.51 4.1
435.59 6.3
437.14 1.1
443.01 321.6
443.86 10.1
444.48 49.8
445.46 15.2
446.16 20.1
448.29 7.8
449.46 1.7
450.90 2.8
451.80 265.4
452.44 132.2
453.35 1.0
457.25 17.9
458.28 9.0
458.93 2.9
460.50 5.8
461.30 1.5
469.51 2.2
474.35 2.6
482.13 7.2
483.34 6.4
484.67 5.3
486.35 56.0
487.23 2.8
488.52 3.3
492.03 3.7
494.43 5.3
496.54 10.7
500.31 7.1
501.26 1.7
503.85 24.5
504.69 8.1
505.39 4.0
510.36 23.0
511.39 9.0
513.46 4.5
516.06 6.8
518.40 7.3
519.33 1.6
523.55 2.8
528.31 84.6
529.09 16.4
530.35 3.2
532.41 1.8
538.49 8.7
539.71 2.5
545.34 2.5
546.42 55.2
547.18 7.3
548.10 3.0
557.05 3.7
565.39 1.5
571.55 1.8
581.59 1.3
584.49 3.3
587.55 1.3
590.67 2.4
599.44 13.9
600.36 9.0
602.50 5.1
609.16 1.9
617.42 5.9
619.55 4.3
662.74 3.1
667.10 2.8
670.80 4.4
678.78 2.7
684.54 4.0
685.71 1.8
710.49 3.4
754.64 1.8
