870.5428899999999 2
125.25 6.0
126.35 4.2
128.16 24.5
129.30 3.4
130.15 7.0
132.25 2.2
133.23 6.7
134.34 2.8
135.17 3.1
136.24 2.2
139.18 7.7
140.46 9.4
141.29 7.9
142.07 7.2
144.13 4.0
145.09 2.2
147.28 6.2
149.22 8.7
152.02 2.2
153.25 3.2
155.07 8.1
157.12 4.3
157.91 7.0
159.14 4.2
160.11 1.8
161.31 12.8
162.13 3.7
163.15 12.8
164.11 6.1
164.99 7.1
166.19 6.1
167.27 3.5
167.96 5.4
169.27 1.4
171.24 28.8
172.19 1.5
173.13 12.8
174.08 5.3
175.19 19.6
176.17 4.2
178.22 7.2
179.10 2.7
180.17 3.6
182.02 5.0
185.07 7.7
186.15 3.8
187.15 12.3
190.06 1.8
191.37 9.2
192.23 25.0
193.24 2.3
194.15 3.0
195.33 2.4
196.04 5.5
197.12 36.0
198.53 30.4
199.25 60.7
200.32 8.1
201.22 4.6
202.20 5.0
203.08 5.5
203.97 3.3
205.19 16.6
206.47 5.2
207.17 30.0
208.24 69.9
209.19 507.2
210.26 115.9
211.41 10.4
212.18 4.8
213.00 6.4
213.86 7.5
215.17 15.4
216.02 4.8
217.20 6.9
218.06 5.6
219.23 3.3
221.17 4.0
222.04 7.7
223.11 5.0
224.17 17.9
225.18 15.1
226.22 233.5
227.41 37.4
228.20 62.3
229.17 4.9
230.06 15.4
231.36 1.7
232.42 8.1
233.26 2.0
234.20 13.1
235.23 16.0
236.06 5.1
237.15 7.8
238.19 12.2
239.20 9.7
240.14 15.6
240.98 5.0
241.99 7.0
243.87 3.4
246.30 14.0
247.48 21.5
248.24 7.2
249.25 1.4
249.96 12.2
251.21 9.1
252.52 1.1
253.91 7.6
255.12 16.1
256.21 10.6
257.09 25.2
258.25 7.6
259.11 5.6
260.31 3.7
261.24 10.9
262.27 8.0
263.22 5.9
264.30 5.6
265.17 17.4
266.15 13.3
267.13 5.2
268.21 16.3
269.46 5.5
270.16 5.9
271.29 19.5
272.26 71.4
273.31 15.4
274.41 25.5
275.17 32.2
276.28 30.2
277.22 10.2
278.23 13.8
279.21 6.7
280.29 15.3
281.17 6.9
282.30 4.3
283.27 11.3
284.14 6.5
285.18 4.4
286.26 66.1
287.25 20.1
288.30 9.8
289.29 9.3
290.28 14.8
291.31 15.7
292.18 7.4
293.16 17.2
294.24 12.6
295.05 4.5
296.21 11.2
297.25 4.9
298.18 34.7
299.05 21.1
300.46 90.7
301.26 112.5
302.24 58.3
303.52 23.9
304.42 33.3
305.30 17.8
306.08 10.9
307.31 14.6
308.28 7.1
309.12 3.9
310.26 5.4
311.27 3.3
312.32 1.1
313.48 12.3
314.26 34.0
315.16 28.1
316.64 6.8
317.54 2.3
318.36 14.5
319.56 16.5
320.23 18.5
321.45 336.4
322.30 1492.7
323.28 346.5
324.23 13.3
325.30 4.2
326.30 4.0
327.22 4.9
328.23 2.4
329.45 5.8
330.18 24.9
331.33 21.5
332.18 48.8
333.19 16.4
334.15 22.2
335.13 24.3
336.35 118.9
337.28 57.4
338.24 52.2
339.32 242.8
340.39 44.5
341.46 11.6
342.20 29.2
343.29 1182.3
344.33 46.5
345.26 19.6
346.66 15.1
347.41 28.8
348.31 15.4
349.20 118.2
350.23 49.3
351.12 15.3
352.09 22.5
353.23 27.0
354.24 22.4
355.06 12.3
356.17 9.4
357.08 1.6
358.12 8.6
359.97 24.9
360.99 31.4
362.13 8.2
363.17 11.9
364.21 25.9
365.37 13.2
366.52 1.4
367.22 14.2
369.14 14.0
370.19 13.1
371.47 44.0
372.47 2.0
373.27 27.6
374.31 15.6
375.26 27.9
376.21 40.4
377.29 16.1
378.26 31.7
379.19 46.1
380.24 49.4
381.22 44.4
382.44 26.9
383.22 6.6
384.10 2.0
385.39 70.2
386.37 29.1
387.39 9.5
388.46 10.4
389.36 42.5
390.49 7.6
391.33 49.3
392.21 46.2
393.31 22.2
394.22 11.2
395.02 3.4
396.89 8.8
397.50 23.6
398.14 44.4
399.25 148.0
400.24 74.6
401.35 37.4
402.28 15.0
404.08 10.9
405.27 37.5
406.25 39.7
406.94 15.1
408.02 41.0
413.21 8.2
414.46 4.4
415.41 8.8
416.11 15.0
417.28 607.4
418.25 619.6
419.16 86.6
420.73 13.2
421.46 11.9
424.58 6.8
426.61 1624.1
427.47 209.3
428.48 10.9
429.49 2.6
431.37 6.5
439.18 3.1
446.28 1.5
449.42 2.4
450.37 1.6
454.06 2.2
455.49 15.5
456.38 4.5
458.56 1.7
467.43 8.5
468.28 4.3
469.35 1.1
472.38 357.2
473.35 208.2
474.35 12.8
476.42 1.4
484.30 17.6
485.23 16.4
486.38 18.5
487.47 2.4
500.39 5.5
508.25 2.2
517.00 3.8
518.35 4.7
523.50 1.5
524.57 5.5
527.30 1.3
532.32 3.2
537.02 3.7
539.91 1.1
541.64 2.0
544.63 11.1
545.93 8.7
552.37 19.3
553.46 4.1
555.23 2.4
557.98 7.3
562.44 3.4
563.50 7.3
569.35 1.4
571.43 84.2
572.42 60.8
573.43 10.8
576.40 3.2
579.03 3.8
579.89 10.2
580.84 14.1
581.52 28.0
582.56 4.5
585.48 3.1
590.88 1.6
596.36 7.0
598.38 3.0
599.34 12.4
600.63 4.6
601.40 4.3
607.56 2.8
608.35 3.6
609.55 7.9
610.95 1.3
615.22 2.1
619.60 3.2
620.30 1.2
620.92 2.1
624.35 3.9
625.22 3.3
628.46 2.6
629.23 1.8
635.54 2.8
639.54 2.0
644.50 4.5
648.36 1.9
654.46 6.2
656.22 4.1
660.46 4.7
672.38 455.9
673.46 194.0
674.58 28.2
677.77 4.8
699.36 12.6
700.39 24.8
707.33 1.4
721.32 1.7
723.26 4.1
725.45 125.2
726.65 37.1
732.86 4.9
738.48 7.2
739.48 1.7
740.20 4.3
743.52 2942.9
744.57 944.3
753.29 9.6
754.76 1.7
756.55 8.1
757.28 5.2
758.38 5.5
766.82 4.2
771.50 54.1
772.63 16.3
849.41 6.5
850.25 3.3
