2212.09014 2
308.32 1.9
313.37 2.8
317.34 3.1
320.29 4.8
321.59 4.8
324.28 6.2
325.29 6.1
328.29 4.2
330.49 4.1
335.37 1.5
338.20 2.9
341.13 2.6
342.28 6.9
343.28 3.2
345.28 8.0
347.27 13.8
348.18 4.2
351.23 3.6
352.29 11.0
353.25 2.9
354.33 1.7
356.41 1.3
357.21 4.8
359.31 2.7
362.23 4.5
363.14 2.8
364.22 6.9
365.33 9.5
366.34 2.7
367.14 1.3
368.27 3.2
369.20 4.3
370.12 1.5
371.23 6.3
372.16 4.3
376.27 1.9
377.92 1.6
384.80 2.1
386.44 31.9
387.32 23.3
388.20 2.8
389.30 33.1
391.24 7.2
392.33 7.9
393.20 5.4
394.38 8.0
395.12 1.7
398.56 2.0
399.46 3.1
402.29 4.9
403.22 10.9
404.26 314.6
405.26 50.5
406.25 10.0
409.31 15.5
411.34 5.3
412.36 18.0
413.23 12.8
414.55 3.4
415.29 2.6
416.95 3.6
419.17 20.7
420.33 30.3
421.25 3.8
422.32 1.1
427.58 3.3
429.30 11.2
430.29 10.7
431.50 9.8
432.58 2.5
433.46 2.3
434.51 2.8
435.22 1.5
436.32 1.1
437.31 72.2
438.22 21.5
439.29 15.4
440.53 1.1
441.58 5.7
443.34 3.6
445.05 1.1
446.45 1.6
447.40 3.5
448.47 3.9
449.25 2.2
450.15 3.9
454.42 3.9
457.05 2.7
458.45 2.1
459.94 12.5
461.57 3.9
463.23 5.9
464.31 7.8
465.51 1.5
466.24 4.8
467.11 1.8
470.18 3.4
471.16 2.6
471.92 2.4
473.40 2.4
474.40 1.3
475.61 3.5
476.71 1.8
479.64 4.5
480.33 59.0
482.12 5.1
484.38 8.7
485.71 4.2
486.48 4.2
487.43 2.8
488.38 8.4
489.41 6.2
490.60 5.8
491.38 3.2
493.38 5.7
494.43 4.2
496.16 1.7
497.71 6.3
499.40 11.0
500.36 16.1
501.25 2.9
504.08 11.0
505.40 17.4
506.30 29.8
507.37 8.6
512.98 1.4
516.37 34.4
517.40 72.6
518.39 10.3
520.18 12.4
522.46 4.0
523.30 23.5
524.38 6.9
525.41 2.2
526.17 2.2
527.10 2.6
529.17 1.6
533.26 27.1
534.30 81.7
535.24 32.6
536.23 22.4
537.11 1.4
538.48 3.6
542.47 10.2
543.42 8.6
544.31 3.7
546.64 5.9
548.42 4.3
549.20 10.9
551.30 173.6
552.39 58.4
553.62 2.7
557.06 6.6
558.32 7.1
559.31 13.5
560.39 3.5
561.17 2.1
562.38 10.5
563.28 1.4
564.56 4.3
566.26 7.6
567.54 4.5
568.46 2.8
569.37 4.1
570.58 9.2
571.36 6.3
574.40 8.6
575.45 16.4
576.24 3.7
577.55 2.6
578.46 2.6
579.27 17.1
580.36 5.8
581.58 1.8
583.55 4.3
584.30 5.8
585.14 3.9
586.50 3.0
587.19 2.1
589.58 2.8
591.31 23.8
592.37 4.1
593.43 9.0
594.34 8.2
595.33 4.8
596.54 2.8
598.68 5.8
599.49 1.2
600.31 6.8
601.35 4.5
602.56 10.4
603.44 3.4
604.47 1.1
605.32 7.9
607.44 1.9
608.53 2.0
609.40 13.3
610.47 1.4
611.82 11.7
614.30 1.9
615.46 5.1
616.34 3.0
617.60 3.1
618.48 8.3
619.32 25.9
620.38 10.0
621.67 5.0
622.56 4.0
624.33 3.4
625.22 8.8
626.27 8.0
627.43 6.9
628.42 23.3
629.33 14.7
630.56 11.0
631.82 4.3
632.86 11.7
633.75 2.6
635.66 25.8
636.42 49.0
637.48 11.4
638.78 3.0
639.55 4.1
640.92 1.7
642.65 4.5
643.47 3.2
644.33 9.8
645.40 3.8
646.41 84.8
647.40 97.1
648.38 48.5
649.41 12.0
650.42 7.1
651.38 14.9
652.46 12.3
653.39 6.0
654.54 9.1
655.40 4.2
656.36 12.1
657.49 11.6
658.31 3.3
659.18 1.9
660.31 2.4
662.32 9.4
663.32 26.7
664.40 417.4
665.42 98.8
666.42 39.7
667.37 32.7
668.25 12.7
669.41 4.1
670.35 52.6
671.48 33.8
672.34 17.2
673.27 7.3
675.10 8.2
676.46 1.6
677.49 4.4
678.63 5.8
680.01 2.2
680.71 1.9
681.44 1.3
682.74 8.9
684.42 7.4
686.35 4.6
687.35 13.4
688.30 23.8
689.37 22.3
690.50 13.2
692.41 24.4
693.54 6.7
694.60 1.3
695.37 3.4
697.45 1.2
698.73 4.2
701.25 11.9
702.12 2.7
703.49 12.5
705.71 4.0
707.22 10.5
707.99 2.7
709.34 12.2
710.93 6.1
713.21 4.7
715.56 1.0
716.48 11.0
717.53 6.4
718.37 25.5
719.32 7.2
720.34 6.9
721.24 13.3
722.22 5.4
723.39 3.4
724.30 3.6
725.61 5.4
726.27 1.8
727.26 7.1
728.24 7.0
729.31 16.1
730.77 7.9
731.41 8.5
732.61 11.7
733.44 7.5
734.55 6.1
735.57 6.2
736.39 5.9
737.33 8.7
738.30 7.2
739.22 26.5
740.41 5.8
741.38 14.5
742.09 1.6
743.58 30.3
744.45 17.7
745.27 13.8
746.46 11.4
747.40 29.0
748.45 15.3
749.50 8.1
751.44 11.5
752.30 17.3
753.21 8.5
755.24 11.0
756.42 8.7
757.54 18.8
758.39 19.3
760.68 11.4
761.46 92.3
762.36 91.4
763.45 16.8
764.76 24.8
765.54 53.7
766.42 42.1
767.41 2.7
768.76 22.9
769.55 8.9
770.42 8.0
771.23 9.8
772.30 3.9
773.35 6.2
774.42 36.8
775.50 72.6
776.59 21.5
777.59 7.4
778.85 54.0
779.51 336.9
780.50 64.3
781.50 18.5
782.36 2.6
783.52 4.2
784.37 21.1
785.12 3.0
786.57 14.7
787.40 15.9
788.38 1.8
789.50 4.7
790.79 4.3
792.28 88.3
793.51 37.5
794.20 2.6
795.30 3.3
797.21 2.6
800.35 32.0
801.46 25.1
802.46 14.9
804.29 67.1
805.36 56.8
806.09 2.3
806.69 2.2
808.59 5.3
811.07 1.3
812.20 6.5
813.53 6.1
814.65 4.8
815.79 21.2
816.64 7.8
817.83 11.3
818.74 20.3
819.44 9.0
820.39 4.6
821.66 8.3
822.44 17.7
824.39 6.6
825.46 4.9
826.36 17.7
827.26 4.6
828.48 4.1
829.41 4.1
830.85 11.9
831.66 25.6
832.40 10.4
833.39 48.6
834.47 24.8
835.22 2.0
836.95 5.4
838.37 5.6
839.84 19.5
840.52 16.3
841.70 5.2
842.54 18.3
843.35 19.7
844.17 12.9
844.78 1.5
845.61 8.9
847.46 19.7
848.46 48.8
849.49 3.9
850.39 39.0
851.39 25.3
852.38 20.1
853.53 14.6
854.42 14.1
855.92 17.1
857.45 9.3
858.56 2.1
859.42 5.6
860.50 84.2
861.42 129.5
862.27 35.4
863.01 11.1
864.51 7.2
865.51 1.7
868.34 18.0
868.95 3.9
870.09 19.4
870.88 17.3
872.24 21.9
874.18 7.1
875.24 39.7
876.41 22.8
878.43 462.9
879.45 168.5
880.56 18.7
881.42 4.4
882.85 19.2
883.55 7.1
884.29 1.3
885.26 15.6
886.90 1.6
888.59 15.3
889.41 13.6
890.58 26.2
892.40 16.0
893.63 2.8
894.73 9.7
896.56 32.9
897.41 18.4
899.06 1.5
900.82 7.1
901.70 2.7
902.55 1.8
903.40 27.1
904.70 50.3
905.59 7.0
906.47 11.0
907.49 109.1
908.43 2.9
909.79 1.8
910.70 2.7
911.54 6.8
913.23 29.9
914.56 28.6
915.57 9.5
916.79 11.4
917.42 15.8
918.39 13.2
920.59 10.0
921.49 118.7
922.60 35.8
923.84 10.1
926.06 4.1
928.25 15.5
929.50 21.5
930.19 1.8
931.05 30.7
932.47 23.3
933.54 58.4
934.45 6.9
935.76 10.1
936.61 6.1
937.39 1.6
938.18 3.2
939.25 19.5
940.40 3.1
941.61 3.4
942.58 12.1
943.42 9.2
945.30 25.9
946.49 28.7
947.60 19.2
948.34 75.0
949.01 35.1
949.63 11.0
951.44 7.5
952.12 7.1
953.84 11.4
954.45 11.0
955.60 10.6
957.25 313.0
958.18 51.6
959.35 1.9
960.52 2.1
963.00 51.3
963.75 35.3
964.47 9.6
965.42 10.7
966.05 6.8
967.02 17.0
968.02 16.4
968.70 12.4
969.48 3.6
970.81 14.6
971.91 5.5
972.94 11.9
973.64 27.2
974.62 84.0
975.79 42.5
976.55 21.3
978.02 3.5
979.40 3.2
980.51 21.1
981.40 12.0
982.73 13.2
983.70 11.9
984.53 14.6
985.66 21.4
986.43 4.4
987.43 6.4
988.36 3.9
989.38 24.9
990.35 32.1
991.61 373.5
992.59 159.3
993.59 29.5
994.33 7.2
996.56 10.3
997.43 6.9
998.55 19.1
999.21 11.4
1000.28 10.1
1001.54 7.4
1002.53 29.7
1003.84 28.7
1005.06 8.3
1005.78 10.7
1007.48 30.8
1008.64 15.2
1010.51 2.7
1011.96 19.4
1012.78 58.0
1013.74 31.1
1014.80 4.2
1015.76 21.7
1017.09 13.8
1017.98 10.4
1018.74 5.1
1019.61 7.3
1021.56 18.2
1024.56 17.5
1025.16 16.3
1026.66 21.2
1027.55 3.6
1028.78 1.8
1029.65 17.8
1030.47 12.4
1031.62 20.9
1032.46 11.0
1034.09 131.3
1035.49 85.0
1036.54 36.3
1037.45 3.2
1038.50 2.2
1039.41 2.9
1041.25 14.3
1042.78 43.0
1044.18 6.8
1045.37 3.9
1046.49 34.8
1047.64 18.5
1048.67 8.5
1049.90 11.6
1050.80 34.6
1051.66 4.7
1052.84 4.4
1054.05 5.8
1055.26 7.0
1056.67 8.9
1057.52 12.4
1058.47 14.4
1059.50 9.0
1060.35 3.9
1061.67 2.3
1062.62 6.9
1063.31 11.0
1064.43 6.9
1066.27 13.8
1067.52 28.4
1070.46 11.5
1071.50 10.2
1072.33 18.4
1074.53 52.4
1075.53 143.9
1076.51 21.4
1077.71 14.1
1078.37 1.2
1080.10 61.0
1081.15 10.4
1083.20 13.7
1084.33 10.8
1085.51 21.1
1086.49 3.0
1087.23 1.6
1088.52 69.1
1089.36 371.0
1090.08 39.3
1090.81 37.8
1092.52 737.7
1093.56 264.3
1094.50 23.2
1095.11 1.8
1095.72 1.4
1108.45 3.4
1110.61 1.3
1115.39 1.4
1117.52 4.2
1120.58 95.9
1121.50 47.8
1122.73 20.5
1125.73 2.5
1126.88 1.4
1127.63 6.0
1128.54 22.1
1129.70 11.0
1131.76 3.9
1133.50 2.4
1134.63 1.2
1135.79 1.5
1136.77 9.0
1138.86 2.7
1139.62 3.7
1142.64 5.8
1143.61 10.2
1145.52 52.3
1146.80 11.6
1147.79 2.8
1148.76 4.0
1149.43 3.6
1151.36 9.4
1154.62 12.3
1155.77 2.6
1159.68 5.5
1160.83 4.5
1162.14 1.3
1163.57 2.8
1168.70 1.9
1169.60 1.3
1170.35 2.8
1171.42 3.1
1172.77 4.5
1174.48 1.4
1175.72 2.6
1177.58 68.3
1178.79 14.6
1179.59 7.2
1182.85 6.8
1183.58 1.1
1185.70 12.2
1186.74 1.0
1187.97 6.8
1188.70 15.5
1189.85 7.7
1190.77 5.6
1195.14 4.1
1195.91 3.2
1196.71 5.3
1197.61 3.4
1198.49 3.5
1199.65 1.2
1203.48 153.1
1204.62 78.9
1205.79 15.4
1206.62 3.5
1208.64 9.7
1214.38 17.2
1217.60 5.8
1220.98 25.6
1221.58 333.9
1222.63 181.3
1223.73 34.9
1225.43 14.0
1232.54 3.9
1236.30 2.4
1241.80 2.1
1242.54 4.0
1246.89 1.4
1247.66 1.5
1248.63 5.0
1249.90 3.1
1250.54 2.9
1252.45 6.4
1253.88 4.2
1255.71 5.3
1256.52 2.9
1258.97 9.4
1259.68 14.9
1260.45 2.1
1261.53 5.2
1264.86 7.7
1267.45 1.6
1269.13 3.0
1270.85 4.7
1272.77 6.8
1274.40 25.5
1275.63 11.8
1278.56 4.3
1280.61 1.9
1281.50 7.2
1282.51 4.2
1286.57 1.3
1287.38 6.9
1289.04 3.2
1291.73 84.6
1292.79 69.6
1293.88 9.2
1296.71 5.7
1298.13 11.3
1299.16 12.5
1299.82 15.6
1300.83 5.3
1301.81 1.6
1307.53 11.8
1308.68 2.9
1310.66 9.6
1312.43 1.6
1313.72 5.4
1314.66 4.5
1315.51 1.1
1316.60 50.9
1317.68 56.7
1318.87 23.6
1320.66 5.6
1323.91 2.5
1324.91 1.6
1329.73 3.4
1331.58 2.5
1334.04 94.4
1334.73 506.6
1335.74 242.9
1336.63 48.2
1342.89 3.3
1345.13 4.8
1345.75 2.7
1346.79 3.0
1351.32 3.5
1352.35 8.4
1353.31 3.1
1354.75 6.0
1355.74 8.3
1356.77 6.4
1357.57 6.3
1358.95 1.9
1359.57 3.2
1360.74 10.3
1367.00 4.6
1369.11 3.0
1372.91 5.5
1374.00 2.5
1375.65 5.0
1376.81 2.9
1377.68 5.5
1379.30 10.3
1380.04 2.6
1384.00 4.1
1385.64 9.6
1386.53 1.3
1387.75 3.1
1389.31 3.4
1392.83 2.1
1394.75 6.1
1396.49 13.9
1397.77 2.4
1398.62 4.8
1402.69 28.9
1403.71 18.7
1404.66 19.1
1405.88 1.3
1409.54 3.9
1415.75 23.1
1416.76 25.7
1417.75 15.5
1420.64 148.5
1421.74 74.3
1422.91 15.6
1424.95 1.7
1431.64 1.2
1433.22 71.5
1433.85 406.4
1434.77 338.9
1435.80 43.5
1438.04 3.8
1446.01 2.7
1446.82 1.0
1448.27 1.0
1449.61 2.0
1452.96 4.6
1454.90 3.9
1456.51 5.8
1457.79 3.9
1463.81 3.9
1464.98 3.9
1466.56 1.3
1467.64 1.4
1469.74 1.1
1470.67 2.2
1473.10 1.6
1481.14 3.3
1481.77 4.9
1483.44 5.8
1487.91 6.8
1489.89 4.6
1491.10 6.8
1491.98 7.3
1492.83 8.5
1493.91 7.2
1495.92 1.6
1496.95 3.3
1503.90 2.8
1504.64 7.0
1505.69 5.7
1507.87 7.7
1509.80 47.1
1510.81 15.7
1513.69 2.9
1514.74 3.9
1515.98 11.3
1521.16 3.2
1526.48 4.3
1529.84 3.8
1530.68 52.4
1531.77 80.4
1532.79 51.4
1533.80 16.1
1534.95 2.6
1540.05 2.0
1541.40 3.7
1548.75 667.8
1549.80 395.3
1550.93 73.3
1553.12 3.6
1564.36 2.2
1566.84 6.2
1567.87 2.6
1568.54 1.7
1578.70 6.1
1580.01 4.0
1583.77 2.4
1592.77 1.8
1597.95 2.1
1605.00 5.1
1606.93 18.5
1608.82 3.9
1612.82 10.1
1616.63 3.4
1617.97 2.2
1620.08 4.0
1621.15 4.6
1623.03 5.9
1624.73 15.8
1625.90 26.6
1626.93 2.8
1634.10 5.1
1635.69 2.6
1638.53 10.4
1644.11 21.7
1645.01 8.4
1645.90 2.0
1650.82 6.1
1651.55 3.4
1653.23 1.3
1660.86 2.6
1661.96 138.5
1662.89 79.7
1663.92 12.2
1667.93 11.0
1668.82 7.7
1669.98 2.6
1672.97 3.8
1677.81 13.3
1678.77 33.5
1679.81 20.0
1680.65 10.5
1681.26 5.0
1687.74 4.3
1693.06 2.1
1693.92 1.0
1695.80 150.4
1696.92 128.0
1697.84 31.8
1698.73 3.7
1704.91 1.8
1707.72 2.7
1721.88 1.0
1722.83 7.1
1730.59 7.3
1736.89 2.6
1737.96 2.2
1738.97 4.5
1741.55 1.5
1742.87 3.4
1748.39 2.5
1749.39 6.5
1754.09 14.4
1755.06 1.3
1758.68 33.6
1759.61 16.1
1760.32 3.6
1760.96 1.3
1764.93 4.4
1766.17 1.5
1767.08 14.0
1768.11 1.8
1772.86 7.6
1773.73 6.9
1774.44 5.6
1775.85 165.0
1776.98 85.7
1777.83 24.0
1778.53 2.0
1780.89 19.1
1781.93 33.2
1791.02 56.4
1791.94 109.3
1792.95 80.7
1794.03 17.0
1803.17 2.9
1804.58 2.2
1805.91 1.5
1808.96 573.7
1809.99 483.7
1810.93 163.2
1811.88 3.4
1819.86 3.4
1823.97 1.6
1826.23 4.4
1827.35 25.6
1828.01 9.0
1834.62 3.0
1843.18 1.6
1854.15 1.9
1876.94 2.1
1878.31 2.3
1878.91 4.2
1882.69 4.6
1889.30 3.3
1890.00 7.7
1890.93 7.0
1896.78 3.5
1905.60 19.0
1906.39 42.5
1907.15 83.0
1907.95 51.0
1909.18 22.3
1913.79 2.8
1914.53 2.6
1915.16 3.2
1923.99 512.8
1924.99 444.7
1926.06 181.5
1941.80 3.6
1961.94 4.9
1963.73 3.5
1967.01 4.0
1977.95 24.0
1979.11 24.3
1980.27 2.1
1987.78 2.7
1995.05 71.5
1996.00 47.2
1997.31 24.5
