1113.48772 2
159.16 7.9
169.12 4.7
169.98 2.7
171.01 1.9
175.27 3.1
178.06 9.6
187.09 41.0
187.92 5.1
191.14 5.8
192.00 1.4
194.21 1.8
195.20 6.2
196.21 2.5
197.35 12.4
201.26 12.7
202.30 2.7
203.21 2.6
205.10 1.5
206.05 2.2
208.18 1.2
210.20 2.2
215.04 1.2
216.05 3.8
219.35 1.1
223.18 5.1
224.99 4.7
226.34 1.5
228.21 11.5
230.10 1.8
231.18 4.3
232.08 2.5
234.05 5.8
235.03 6.1
238.16 1.8
239.03 5.8
241.38 1.4
243.30 13.4
245.39 2.6
248.28 4.4
255.16 4.2
256.35 1.9
258.24 7.2
259.85 6.7
262.07 2.6
263.14 1.3
264.25 1.7
265.25 1.8
270.32 6.7
272.28 4.1
274.18 5.4
275.39 8.5
276.31 16.4
277.56 8.7
279.11 4.9
280.35 10.9
281.21 2.2
282.10 3.2
283.30 5.0
286.12 3.0
287.08 1.2
288.09 1.7
289.14 11.2
290.30 5.7
291.11 8.9
292.39 7.9
293.31 2.2
295.28 2.6
297.32 4.0
298.28 11.6
299.44 5.0
300.26 5.6
301.25 4.5
302.12 2.9
303.33 6.7
304.85 18.3
306.31 5.9
307.07 15.3
308.41 14.3
309.30 5.7
310.36 2.6
312.79 2.2
315.26 4.0
316.20 76.1
317.18 5.5
318.03 2.4
319.40 4.4
320.31 1.6
323.07 1.2
324.13 2.1
325.01 11.7
326.36 1.6
327.42 4.7
328.24 7.9
329.10 5.8
330.34 3.7
331.94 9.7
333.10 2.9
335.04 2.1
336.11 1.8
337.33 3.3
338.18 7.6
340.54 4.2
342.22 7.9
343.81 3.9
346.18 2.6
347.07 53.2
347.93 3.9
349.28 1.8
350.26 9.0
350.98 5.9
352.03 6.8
354.18 5.1
355.07 11.1
355.82 3.1
357.54 4.6
358.43 3.1
363.25 3.1
364.32 14.4
365.02 3.9
369.11 18.6
370.91 4.0
372.14 4.9
373.13 4.1
374.19 5.2
376.39 2.7
377.26 1.7
378.86 6.8
382.99 11.2
384.36 3.8
385.30 10.5
387.17 70.8
388.05 12.9
390.15 99.4
391.07 29.0
393.38 5.5
394.51 6.0
396.13 6.4
399.01 3.4
400.21 1.2
401.07 2.8
402.14 3.8
404.14 1.9
405.47 3.9
407.38 2.1
408.36 17.8
409.18 6.3
410.13 1.3
411.30 21.9
412.19 1.5
413.49 10.8
414.31 3.7
416.30 6.1
417.26 3.4
421.40 2.6
422.16 11.1
423.20 11.0
425.03 9.3
426.26 15.7
428.86 13.1
430.44 8.4
431.16 2.9
433.39 1.4
434.56 1.3
435.31 2.6
436.05 18.4
437.09 6.0
438.23 13.0
439.22 3.6
439.87 1.8
441.29 5.3
442.60 21.6
443.31 25.8
444.13 6.5
446.29 45.6
447.24 7.2
448.31 3.5
449.22 11.5
450.15 2.5
451.05 3.5
452.12 5.7
453.17 1.0
454.70 11.0
455.45 108.9
458.27 3.1
459.31 3.7
461.18 5.8
462.41 3.9
464.49 47.0
465.37 27.7
466.10 5.0
467.14 8.0
468.07 5.2
470.27 6.3
472.40 13.9
473.45 1.1
475.73 15.5
476.77 9.0
478.85 12.2
479.64 2.6
480.39 8.6
481.31 3.5
482.42 20.3
483.31 17.0
484.25 5.1
485.33 17.1
487.42 9.9
488.26 1.4
488.88 6.3
489.71 5.6
490.60 1.7
491.85 4.4
493.49 7.2
494.24 6.1
495.36 3.5
497.20 44.6
498.08 31.8
499.24 5.7
499.86 2.0
500.92 19.1
501.98 24.0
502.86 8.7
503.48 2.6
504.50 31.0
505.38 18.4
506.62 9.6
507.52 11.7
508.36 4.3
509.34 5.2
510.10 1.9
511.66 38.7
512.50 6.7
513.42 180.7
514.28 32.9
515.28 4.8
517.06 2.7
518.08 7.1
519.36 2.4
521.12 33.4
522.18 13.9
523.33 17.8
524.33 8.4
526.48 46.0
527.29 48.9
528.02 6.0
529.37 6.0
530.75 33.8
531.71 1.2
532.93 5.4
533.55 8.4
535.43 363.7
536.34 79.1
537.41 85.0
539.19 213.7
540.10 250.0
540.95 49.4
541.98 12.8
542.81 2.2
543.45 6.1
545.00 9.1
546.68 6.3
548.44 220.7
549.38 9.9
550.13 4.2
552.38 4.4
553.44 1.5
558.08 1.2
566.25 7.6
567.34 4.1
572.40 2.8
574.33 2.7
575.52 1.6
577.13 18.7
578.20 3.4
581.26 1.7
585.47 2.7
588.42 4.6
598.55 2.9
609.43 1.5
610.42 1.3
616.40 7.1
618.50 2.9
631.01 4.0
632.13 2.9
634.35 3.2
636.84 2.0
638.40 14.0
639.38 1.5
642.16 7.8
653.58 2.8
658.17 1.2
672.68 6.1
679.86 3.4
685.09 9.4
685.75 7.1
686.53 3.0
688.07 1.8
691.57 8.9
692.41 4.0
698.24 4.1
702.47 6.7
703.27 32.1
704.10 7.4
706.33 13.6
707.42 15.7
708.57 4.3
709.32 30.5
710.49 17.8
711.42 1.4
715.56 3.0
724.06 20.3
725.41 6.4
726.44 3.3
727.38 149.1
728.40 62.3
729.26 17.2
731.90 6.1
733.42 5.0
736.30 7.9
737.00 5.4
739.17 3.2
744.63 5.9
752.74 1.6
753.61 2.3
755.01 7.7
758.53 13.2
763.61 3.5
765.36 2.8
768.98 2.2
774.71 2.0
775.47 5.9
780.47 29.6
781.36 6.6
782.62 3.3
783.51 4.1
785.61 1.2
788.68 5.2
790.23 2.8
793.17 2.7
798.34 196.3
799.42 59.5
800.46 23.4
801.92 1.2
803.95 4.5
811.71 1.0
813.20 2.6
814.28 12.2
821.07 4.6
832.56 2.0
835.28 1.4
838.53 3.7
839.39 4.1
841.44 2.2
842.37 7.3
851.23 4.0
856.24 6.3
857.34 4.1
859.38 4.5
869.43 4.1
870.70 4.3
873.60 75.2
893.62 6.0
897.53 5.4
900.63 2.5
901.70 3.0
903.11 3.8
909.75 21.2
910.80 3.0
912.56 3.6
913.58 3.2
914.26 1.5
919.50 4.0
927.46 52.7
928.51 23.9
929.78 3.6
932.30 9.8
933.46 7.5
936.31 1.7
939.48 5.2
941.44 3.5
943.04 4.0
949.45 14.5
950.37 5.7
951.73 9.6
957.31 1.4
967.37 10.9
968.39 2.1
969.20 3.0
982.78 1.6
987.53 2.0
998.54 4.0
1002.43 2.2
1003.69 1.5
1075.72 10.1
1076.53 4.1
1077.66 2.6
1091.58 3.3
1092.95 1.5
1094.08 2.6
