822.41612 2
121.60 4.8
123.06 3.1
125.04 14.9
128.17 154.9
129.14 51.3
130.10 12.5
131.12 2.4
133.13 5.9
134.23 3.4
135.17 7.8
136.29 3.6
137.12 1.0
138.03 3.0
139.23 6.0
141.11 6.6
141.94 1.7
143.18 5.4
145.08 3.9
147.16 19.9
149.15 5.8
150.34 6.2
151.19 2.6
153.06 2.5
154.68 3.2
155.44 1.6
156.23 28.8
157.19 10.4
159.27 1.9
160.22 34.8
161.35 9.6
162.07 15.9
162.86 7.5
164.22 22.8
165.96 6.1
168.40 7.5
169.09 8.4
170.38 2.2
171.23 10.1
172.33 2.4
173.19 7.1
174.16 15.5
175.12 7.0
176.17 12.6
177.08 10.9
178.43 1.5
179.23 8.1
181.06 7.0
182.21 3.2
184.15 183.8
185.21 4.4
186.07 11.1
187.27 12.1
189.07 13.8
190.20 6.4
191.15 8.0
192.25 3.9
193.11 3.0
195.09 7.1
196.22 3.9
197.22 14.5
198.15 5.6
199.17 16.5
200.20 14.7
201.13 5.7
202.10 2.4
203.04 7.5
204.12 4.2
205.21 12.6
206.41 4.2
207.11 7.2
208.24 6.7
209.16 8.2
210.14 9.5
211.10 9.9
212.19 8.7
213.27 6.6
214.18 13.3
215.18 19.1
216.10 3.7
217.32 19.7
218.22 12.6
219.08 4.4
220.14 2.6
221.06 6.2
222.29 4.0
225.24 8.8
226.14 8.1
227.88 6.8
229.21 6.1
230.08 10.0
231.23 12.7
232.09 38.5
233.16 26.6
234.17 25.9
235.19 10.4
236.10 7.0
237.13 4.6
238.31 1.7
239.27 6.8
240.23 11.1
241.18 12.2
242.25 13.5
244.06 113.8
245.11 4.1
246.19 8.0
247.34 2.7
248.23 8.4
249.06 2.6
250.24 17.5
251.21 36.4
252.16 4.1
254.08 2.3
255.18 5.0
256.37 4.2
257.13 8.9
258.23 7.1
259.12 7.3
260.17 8.2
261.35 2.9
262.17 2.1
263.30 1.7
264.11 10.3
265.15 14.5
266.11 39.3
267.16 34.3
268.17 24.1
269.22 10.7
270.21 11.3
271.23 2.2
272.26 7.1
273.21 1.3
274.35 4.8
275.11 9.1
276.22 17.6
277.38 10.5
278.22 13.3
279.13 14.1
280.14 13.1
281.10 21.4
282.22 11.9
283.36 27.4
284.39 11.8
285.18 3.5
286.23 8.6
287.48 10.0
288.21 21.3
289.08 13.8
290.22 8.2
291.19 14.8
293.38 11.5
294.33 66.0
295.23 28.7
296.18 23.9
297.17 31.9
298.04 54.5
299.07 10.2
300.15 18.6
303.11 4.1
304.28 2.5
305.30 13.9
306.36 22.5
307.20 14.5
308.27 19.0
309.13 11.6
310.32 18.4
311.25 32.5
312.16 8.6
313.24 13.4
315.16 71.0
316.09 1.0
317.41 16.1
318.04 38.5
319.17 10.1
320.10 20.7
321.15 13.0
322.10 32.8
323.32 47.6
324.29 27.3
325.47 22.5
326.58 39.2
327.53 17.9
328.35 7.7
329.25 4.9
330.27 16.1
331.29 10.8
332.28 16.5
333.39 37.4
334.18 19.1
335.25 28.9
336.16 4.1
337.26 4.0
338.21 11.7
339.06 12.7
340.11 6.4
340.99 9.5
342.67 20.0
343.31 55.9
344.30 8.2
345.06 7.3
346.25 6.8
347.72 41.0
349.04 24.8
350.19 19.4
351.14 17.1
352.11 51.7
353.18 34.7
354.18 27.2
355.23 10.6
356.12 16.1
357.20 9.5
358.39 6.7
359.29 26.8
362.29 20.0
363.17 17.6
364.27 15.0
365.31 28.5
366.14 35.3
367.34 33.2
368.25 54.2
369.23 96.3
370.04 107.7
371.04 28.2
375.23 30.9
376.31 51.0
377.26 22.1
378.34 12.9
379.20 5.7
380.67 2.7
381.76 40.2
383.35 58.8
384.26 23.8
385.66 5.6
387.77 6.3
389.83 17.4
391.03 13.8
392.08 8.7
393.25 504.5
394.26 718.3
395.20 27.8
396.32 12.5
397.06 4.2
398.34 1.7
402.66 169.0
403.36 51.5
404.06 1.7
412.83 1.2
421.52 6.9
424.96 13.9
432.15 10.1
437.46 2.6
438.83 7.5
442.30 2.5
445.30 1.5
449.47 3.7
450.89 1.3
452.39 1.6
456.37 2.3
458.40 3.1
460.88 2.7
461.79 3.4
465.91 2.8
467.64 1.7
471.97 12.8
480.29 212.5
481.39 27.1
483.29 1.6
484.26 3.4
488.40 5.4
489.35 21.0
490.25 7.6
501.30 2.4
505.59 1.2
511.21 3.0
527.27 2.7
529.28 45.4
530.26 8.3
540.43 1.2
552.26 5.3
555.86 2.4
559.26 16.5
560.03 9.1
561.02 5.6
574.99 2.4
576.23 3.1
577.30 6.3
579.43 108.9
580.46 15.6
581.89 3.3
584.52 2.3
592.54 5.2
626.43 4.0
638.53 3.2
647.29 1.2
650.56 1.3
657.72 1.5
658.46 7.0
659.21 3.4
671.50 8.4
676.36 68.7
677.36 3.1
678.50 2.7
685.19 3.6
689.38 12.2
690.47 8.9
694.38 602.1
695.48 150.5
707.70 8.2
733.41 2.6
765.43 2.5
777.29 7.3
