1837.9688 2
258.22 11.8
261.36 3.5
264.35 2.1
266.33 4.3
276.27 134.9
277.33 8.2
280.40 2.9
283.07 4.9
285.28 1.5
288.95 1.2
290.25 7.5
293.12 3.4
294.18 57.7
295.24 8.3
302.09 3.6
304.28 3.3
308.20 14.3
309.32 12.6
311.38 8.6
312.19 15.3
313.07 6.1
314.27 3.5
316.04 3.5
317.31 6.5
318.62 2.0
324.19 3.5
326.09 9.7
327.12 21.8
329.30 25.2
332.60 20.3
334.79 4.9
339.34 5.7
340.50 4.7
343.58 2.2
344.34 13.1
345.46 8.1
347.40 45.0
348.39 5.8
353.20 38.6
354.18 18.2
355.35 9.0
356.35 11.1
357.17 4.1
360.49 7.6
361.30 1.3
362.38 2.4
363.38 4.1
365.16 3.6
369.21 4.7
370.54 1.5
371.18 15.6
372.38 5.6
374.47 5.3
375.16 1.7
377.19 7.6
378.24 6.7
379.37 4.3
380.27 2.3
381.21 12.0
382.32 3.6
384.18 7.5
386.24 1.8
388.38 2.1
389.34 4.9
391.43 4.8
392.20 5.6
393.15 6.4
394.35 4.3
396.26 6.2
397.29 6.6
398.23 13.2
399.25 4.8
403.86 5.8
404.51 13.4
405.25 2.2
406.15 1.2
407.38 3.4
410.46 3.3
411.35 4.1
412.22 1.9
413.32 11.2
414.41 19.9
416.32 17.7
417.58 2.1
418.91 4.2
419.70 2.1
422.33 85.1
423.35 42.2
425.50 4.4
426.38 1.6
427.28 3.1
430.53 4.0
432.43 5.1
433.28 10.5
435.22 2.4
436.31 6.7
437.22 3.4
438.42 2.6
439.20 6.3
440.19 44.1
441.24 7.9
442.31 2.4
444.47 1.7
445.12 2.9
447.42 8.9
449.52 3.5
451.55 3.8
452.41 1.5
455.53 2.9
457.09 20.1
458.39 26.1
459.28 3.2
462.32 2.2
463.35 2.4
464.27 6.9
465.35 5.5
466.76 5.6
467.65 6.7
470.12 12.3
471.09 3.4
474.28 1.5
475.36 60.0
476.19 14.4
479.57 1.3
481.78 16.7
482.41 13.6
483.15 12.4
484.31 9.3
485.42 4.2
487.24 5.4
488.43 7.4
489.45 3.2
490.54 14.6
491.40 34.0
492.29 14.4
493.63 1.8
494.39 10.5
495.21 4.3
495.95 9.7
497.28 3.4
499.24 13.0
503.04 4.6
504.72 11.6
505.53 7.8
506.48 16.8
507.52 6.0
508.70 18.8
509.67 23.6
510.41 9.8
511.50 10.7
512.88 1.4
513.52 2.1
515.36 12.7
516.57 1.7
517.38 1.7
518.24 12.9
518.99 22.2
520.30 5.4
521.35 6.0
522.30 1.6
523.30 43.5
524.01 2.5
525.32 12.9
526.36 22.1
527.38 43.2
528.37 8.6
529.35 3.8
530.42 1.3
531.38 1.3
532.56 6.9
533.20 42.3
534.20 38.3
535.18 5.7
536.57 4.1
537.50 11.8
538.31 5.8
539.18 3.6
540.00 2.1
542.13 1.4
544.48 20.9
545.37 34.2
546.53 3.3
547.29 2.7
548.29 15.2
549.19 2.1
549.98 15.2
551.37 184.4
552.32 33.3
553.58 4.5
554.46 3.6
555.58 2.0
556.22 5.0
557.46 5.8
562.36 292.7
563.49 50.8
565.39 6.0
566.31 10.5
568.32 15.7
569.48 12.0
570.60 15.4
571.39 7.0
573.33 6.5
574.83 40.8
576.59 1.7
578.63 2.8
579.43 3.9
582.56 4.9
583.29 8.4
584.34 3.1
586.22 1.8
587.27 1.9
588.68 5.8
589.62 7.5
590.37 2.0
591.53 1.8
592.49 9.7
593.42 4.5
594.72 4.0
595.34 5.2
596.27 11.4
598.49 5.6
599.12 7.8
601.49 17.4
602.39 3.6
603.09 2.4
608.33 15.6
610.52 1.8
614.18 15.1
615.38 5.8
616.73 7.5
618.43 9.7
619.43 24.3
620.40 11.3
621.34 6.0
622.43 12.5
623.51 6.0
625.93 11.2
628.48 6.0
629.46 23.2
630.66 7.2
631.39 3.1
632.64 4.0
633.44 2.6
635.53 8.6
636.41 39.3
637.39 8.2
638.25 16.8
639.31 6.8
640.31 7.9
641.72 11.5
642.59 6.8
645.29 8.6
646.39 50.2
647.40 57.3
649.66 8.1
651.12 2.1
653.26 3.6
654.52 12.0
655.58 23.0
656.41 35.4
657.56 8.6
658.30 5.6
660.57 2.7
662.20 30.6
663.69 2.6
664.42 280.1
665.38 91.2
666.18 4.0
668.07 4.0
669.25 10.2
670.23 1.2
672.40 58.5
673.49 194.4
674.48 29.3
675.42 3.6
676.68 4.9
677.31 2.3
679.33 4.2
680.68 18.1
681.44 25.6
682.38 38.1
683.02 47.3
683.83 3.6
684.75 5.9
686.33 15.4
688.55 1.9
690.47 140.7
691.43 29.7
693.72 2.5
694.77 5.7
695.44 9.3
696.52 1.7
697.32 2.6
698.29 1.2
699.31 22.1
700.63 14.2
702.51 14.0
704.51 1.3
705.28 1.9
707.49 4.0
708.47 11.8
711.29 8.8
712.40 7.9
713.56 6.6
715.34 1.8
716.61 10.4
718.35 9.1
719.15 4.0
723.91 14.2
725.06 1.9
727.41 7.6
730.48 5.7
731.55 12.0
732.18 3.4
733.61 11.5
734.41 7.7
737.56 49.5
738.38 1.5
739.65 2.7
740.58 8.5
741.32 9.9
742.24 9.3
743.33 1.8
744.88 6.5
745.51 14.4
746.54 19.1
747.71 21.6
748.46 16.8
749.50 14.9
750.78 17.0
751.43 8.2
752.59 9.5
753.52 6.2
755.66 19.1
756.52 2.5
757.44 6.9
758.56 25.8
759.31 25.2
761.11 3.3
762.49 16.6
763.78 22.8
764.49 20.8
765.49 17.0
766.55 32.3
767.32 18.0
768.41 38.6
769.69 24.7
770.69 7.6
771.47 16.5
773.24 17.1
774.35 13.3
775.40 81.1
776.49 56.1
777.46 39.7
778.46 11.3
779.88 1.6
781.00 25.2
781.71 5.3
782.74 42.5
784.49 4.4
785.63 50.5
786.57 22.0
787.55 12.8
788.31 2.8
789.01 5.8
790.13 18.1
791.51 12.9
793.42 496.8
794.46 156.6
795.39 17.0
796.92 29.4
800.77 3.3
801.76 6.6
803.45 616.1
804.50 101.4
805.48 19.1
809.05 18.3
810.20 10.0
811.24 54.4
812.38 26.8
813.92 38.5
814.81 21.2
815.96 15.9
817.47 2.9
819.02 26.5
819.84 21.2
820.57 18.9
821.30 13.7
824.01 31.4
824.78 11.0
826.42 3.2
827.47 32.8
828.50 30.3
829.98 29.9
831.35 5.8
832.88 33.9
833.53 44.9
834.52 2.9
837.43 29.2
838.18 38.5
839.40 3.3
841.48 37.0
842.14 99.0
843.11 29.2
844.06 7.2
844.78 7.6
845.69 17.0
846.80 37.6
847.65 5.8
848.42 6.8
849.65 2.7
851.62 15.5
852.80 21.1
853.47 14.6
854.28 5.7
855.12 35.4
856.12 17.3
857.75 1.4
858.57 13.8
859.31 10.0
860.48 27.7
861.58 38.6
862.75 9.0
863.49 8.9
865.44 7.4
866.71 1.1
867.33 9.2
869.41 31.6
870.64 13.0
871.40 18.6
872.92 31.0
873.74 22.3
874.85 28.0
876.10 47.1
877.34 23.7
878.00 12.0
878.69 121.0
879.62 38.3
880.52 25.8
881.42 17.8
882.56 15.6
883.95 21.2
884.86 5.1
885.55 1.6
886.72 18.3
887.83 110.0
888.55 150.3
889.39 140.5
890.59 17.2
891.52 9.1
892.16 9.0
893.12 56.7
894.10 9.1
894.75 27.1
895.42 30.9
897.11 251.2
897.98 148.4
898.78 14.8
899.48 11.4
901.23 275.6
902.16 415.3
903.29 85.4
904.29 44.5
905.22 36.2
906.53 511.6
907.59 153.5
908.64 2.9
910.36 18.8
918.56 4.9
919.55 2.2
920.48 12.1
924.60 1.8
926.57 2.7
932.57 64.9
933.40 47.4
935.54 1.5
941.34 28.4
942.45 5.3
943.75 2.5
947.11 3.4
948.74 1.7
952.31 2.7
956.25 4.3
958.77 8.4
960.80 1.3
965.56 1.9
966.77 6.8
968.12 2.5
971.98 4.8
973.54 10.6
975.03 10.5
976.42 1.5
978.87 3.2
981.65 1.1
983.54 1.4
987.65 5.5
989.81 20.7
990.67 6.6
991.31 3.2
991.93 4.1
993.00 14.9
993.75 12.6
998.65 7.2
999.67 2.7
1000.52 6.9
1002.15 17.3
1004.60 6.5
1007.60 21.3
1008.59 11.6
1009.79 1.5
1010.53 15.1
1011.50 25.8
1012.67 5.2
1014.59 1.4
1017.59 57.7
1018.50 47.5
1019.54 10.1
1021.55 2.2
1023.86 5.4
1026.20 1.7
1027.62 18.6
1028.71 23.8
1029.51 2.4
1030.68 2.6
1031.87 16.2
1033.56 3.5
1035.50 577.6
1036.62 190.2
1042.46 9.3
1043.42 6.5
1045.60 441.0
1046.62 195.6
1049.64 3.7
1052.14 7.0
1054.85 8.3
1055.95 3.4
1056.87 8.0
1059.49 5.6
1060.56 3.8
1061.58 3.8
1068.56 2.2
1070.21 13.0
1070.87 4.2
1072.50 7.2
1073.22 4.1
1074.82 20.1
1075.71 5.5
1076.51 6.9
1080.57 9.6
1082.45 10.2
1083.30 4.8
1084.75 1.7
1085.89 3.2
1086.92 2.2
1088.61 4.5
1090.58 2.7
1094.66 15.0
1096.46 2.1
1098.56 6.8
1099.87 7.9
1103.42 9.0
1104.38 12.1
1106.26 4.6
1109.68 2.9
1112.88 1.4
1115.70 3.2
1120.57 37.1
1121.54 2.9
1123.58 17.0
1127.44 5.8
1128.51 2.0
1130.71 69.5
1131.62 39.0
1132.59 6.5
1134.90 3.4
1137.40 4.1
1139.04 3.8
1139.93 4.5
1140.57 19.6
1141.94 3.4
1145.82 10.5
1147.63 16.6
1148.63 359.7
1149.68 176.8
1150.75 3.1
1153.20 8.4
1156.73 127.8
1157.76 60.5
1160.73 5.6
1161.51 4.0
1162.69 3.9
1163.74 11.8
1165.08 12.7
1165.76 32.9
1167.15 23.9
1174.62 405.7
1175.73 265.5
1177.96 7.6
1179.59 2.1
1180.70 8.8
1181.54 11.9
1184.57 4.1
1185.75 3.0
1187.37 5.0
1190.47 3.3
1196.71 3.2
1198.72 8.9
1199.39 1.4
1200.89 3.0
1201.77 3.2
1203.52 10.3
1208.45 11.1
1215.67 6.4
1216.55 4.5
1218.02 13.4
1218.88 8.0
1220.41 1.8
1223.13 6.2
1225.78 2.2
1226.86 7.2
1232.12 12.9
1234.68 2.7
1243.59 2.6
1249.11 19.0
1251.95 7.6
1252.98 10.7
1253.87 8.1
1258.66 28.3
1259.65 59.5
1260.66 18.4
1263.82 6.5
1264.58 2.1
1269.97 34.6
1271.11 6.6
1271.86 6.4
1275.00 8.5
1276.70 379.6
1277.80 164.2
1281.83 2.3
1283.23 2.2
1285.39 2.5
1287.74 337.1
1288.74 194.0
1289.42 3.9
1293.93 27.4
1295.52 9.4
1296.15 5.9
1298.00 1.8
1301.65 2.6
1303.17 3.9
1308.75 6.9
1311.52 4.4
1315.90 3.4
1318.46 8.5
1319.76 1.3
1320.62 3.9
1321.93 5.7
1322.96 2.4
1323.66 1.7
1327.40 6.5
1328.35 20.3
1330.32 2.9
1332.60 2.6
1333.60 6.0
1335.85 7.5
1336.59 4.2
1345.64 27.7
1346.75 47.9
1351.55 5.4
1352.72 1.8
1354.57 4.6
1356.12 1.8
1363.71 89.9
1364.88 65.5
1372.79 7.9
1380.52 9.5
1381.77 19.0
1382.69 1.6
1387.61 6.7
1390.90 2.0
1391.52 1.7
1392.80 2.7
1398.79 61.9
1399.79 29.2
1405.58 3.3
1410.90 5.3
1416.79 150.6
1417.86 106.3
1427.96 9.4
1429.22 2.4
1432.87 2.0
1438.48 2.4
1439.80 4.4
1440.61 1.2
1444.89 9.2
1447.72 2.8
1449.31 2.0
1451.17 11.5
1455.78 6.4
1456.82 5.6
1457.69 10.3
1458.94 14.8
1463.05 9.5
1467.85 10.9
1468.80 9.7
1473.76 43.6
1474.79 57.0
1476.58 6.9
1491.73 110.2
1492.79 68.2
1493.91 3.5
1498.80 5.7
1501.85 16.1
1508.80 4.1
1509.73 18.5
1510.38 17.6
1511.36 22.6
1511.97 11.3
1518.05 2.1
1522.59 3.5
1525.91 5.6
1526.86 50.8
1527.80 210.4
1528.89 120.7
1532.81 2.1
1533.76 1.7
1542.68 7.0
1544.85 273.2
1545.95 171.7
1548.15 2.6
1555.02 12.1
1555.89 10.5
1559.71 1.4
1560.99 16.0
1562.03 4.6
1570.81 4.4
1571.69 3.6
1573.81 2.6
1575.39 3.5
1577.31 3.5
1577.96 3.4
1586.87 35.9
1588.01 36.7
1588.96 19.4
1589.85 1.7
1594.87 5.8
1604.85 156.2
1605.87 132.4
1610.05 6.9
1616.74 1.9
1621.61 6.3
1624.12 8.6
1626.67 44.8
1630.31 4.7
1633.06 1.8
1638.58 6.5
1643.90 210.7
1644.91 189.7
1645.60 13.3
1647.16 6.2
1648.30 5.5
1649.58 3.3
1654.60 3.8
1656.06 14.0
1656.70 4.8
1657.77 1.5
1664.41 7.9
1665.68 2.5
1666.73 3.4
1673.96 31.5
1674.81 28.2
1675.78 6.9
1681.48 5.9
1683.05 32.0
1684.10 13.6
1692.06 34.8
1693.14 40.7
1695.02 1.4
1695.70 2.5
1700.88 181.4
1701.96 150.6
1706.72 3.9
1708.89 2.6
1709.92 16.2
1711.05 7.6
1711.84 5.5
1713.39 5.5
1739.01 2.3
1798.97 1.7
1841.80 3.2
