651.21105 2
93.08 3.6
94.18 8.6
95.28 11.1
96.41 4.7
97.24 7.7
98.12 15.6
99.28 4.2
100.18 18.3
101.12 1.2
103.09 3.6
104.14 1.5
105.13 12.6
106.21 5.5
107.13 19.6
108.15 6.4
109.11 56.6
110.09 3.8
111.07 32.4
112.09 8.8
113.05 8.4
114.06 8.9
115.09 16.0
116.28 16.4
117.24 5.2
118.21 7.4
119.12 27.0
120.15 4.2
121.14 31.9
123.20 35.9
125.24 9.2
126.14 1.2
126.98 15.4
128.03 307.3
129.07 24.5
130.33 4.0
131.17 3.4
132.18 1.1
133.08 47.9
134.08 50.9
135.20 57.0
136.07 12.3
137.11 8.4
138.27 52.9
139.22 19.6
140.14 4.8
141.32 6.3
142.20 11.2
143.21 13.8
144.22 27.1
145.24 17.0
146.09 3.0
147.13 14.5
148.35 4.5
149.39 5.9
150.18 7.3
151.14 11.1
152.10 23.0
153.18 39.1
154.03 14.4
155.16 8.4
156.11 49.8
157.22 76.6
158.32 15.5
159.18 14.2
160.14 27.9
161.93 84.0
163.29 11.6
164.09 6.2
165.18 79.5
166.12 9.1
167.11 15.8
168.17 17.9
169.02 8.4
170.12 5.3
171.01 10.7
172.09 9.8
173.22 6.3
174.19 350.4
175.19 339.6
176.28 39.6
177.22 9.2
177.93 8.1
179.17 17.3
180.16 11.4
181.14 16.1
182.16 70.5
183.00 23.7
184.19 41.8
185.24 19.9
186.12 22.2
187.22 8.3
188.49 9.7
189.27 2.5
190.11 6.6
191.42 601.4
192.12 698.2
193.21 65.9
194.22 17.3
195.11 20.4
196.23 16.7
197.13 19.4
197.96 20.6
199.06 121.7
200.22 49.4
201.19 13.3
202.10 43.6
203.22 3.5
204.16 14.6
205.24 25.7
206.29 8.1
207.28 14.8
208.18 11.2
209.17 279.6
210.17 293.2
211.26 34.7
212.28 21.5
213.26 29.2
214.98 116.2
216.28 2.3
217.53 11.2
218.39 3.1
219.20 2.3
220.65 5.0
221.36 4.4
222.24 17.4
223.19 164.4
224.25 27.2
225.96 61.3
227.24 132.6
228.16 58.4
229.21 56.6
230.02 10.5
231.07 9.7
232.54 31.0
233.23 119.8
234.32 12.2
235.14 13.6
236.06 5.4
237.10 14.7
238.29 8.9
239.33 16.7
240.10 44.3
241.16 31.5
242.25 33.7
243.36 7.7
244.02 1.7
246.16 25.0
247.33 15.7
248.50 4.7
249.35 2.0
250.20 12.2
251.22 48.1
252.22 6.7
253.14 17.2
254.17 15.0
255.16 49.0
256.25 12.2
257.60 20.4
258.82 1509.8
260.40 14.3
261.21 8.7
262.07 15.6
263.25 34.5
264.36 8.7
265.31 36.8
266.38 63.9
267.25 49.9
268.29 24.8
269.30 83.0
270.16 63.3
271.02 5.3
273.20 17.0
274.26 4.3
275.13 1.2
276.20 8.3
277.12 6.5
278.09 9.6
279.21 86.5
280.28 90.2
281.24 29.9
282.16 27.4
283.24 27.5
284.21 27.2
285.12 11.0
289.33 34.5
290.23 59.2
291.29 97.7
293.19 758.1
294.19 213.2
295.20 199.7
296.30 73.6
297.25 48.9
298.29 89.7
299.31 2.1
303.90 5.6
305.45 1.1
307.17 401.7
308.20 583.9
309.15 165.3
310.24 21.1
311.24 23.9
312.23 11.1
317.00 18.5
323.27 1.7
343.31 1.0
368.79 1.4
371.44 6.3
377.34 1.8
382.12 26.5
383.21 34.4
391.36 3.6
398.07 1.2
399.11 1.5
400.19 3.1
403.52 4.7
409.53 2.6
412.10 1.6
423.42 2.2
425.30 14.2
436.18 5.0
437.26 1.3
453.27 5.7
453.95 7.6
454.63 2.2
460.57 1.8
470.30 1.4
472.07 3.0
476.32 2.8
479.32 2.8
517.09 4.9
520.66 6.4
524.30 1.3
531.62 6.6
533.60 4.7
534.35 7.2
610.39 1.3
613.42 10.6
627.58 1.8
628.39 2.6
