1209.55132 2
172.96 2.0
175.15 4.7
176.17 2.5
179.28 3.6
189.29 2.1
192.09 2.4
197.14 3.6
200.41 1.6
203.18 1.1
205.40 2.4
208.13 2.1
211.04 2.0
212.34 7.3
216.86 1.3
220.10 5.1
223.18 2.2
226.11 5.0
230.19 2.0
233.31 3.6
234.48 1.3
235.28 2.5
236.27 1.6
242.09 2.2
243.07 3.4
243.78 2.7
246.18 1.1
248.05 6.0
249.11 4.7
254.00 1.1
256.52 2.9
261.15 8.1
261.94 3.1
265.40 21.3
266.10 13.5
270.29 1.9
275.26 2.4
280.44 1.6
283.16 3.8
284.33 1.7
288.31 1.4
291.30 2.1
294.18 1.2
294.80 2.9
300.13 1.9
304.28 2.0
319.14 2.4
321.44 9.3
323.20 6.4
324.26 2.5
325.02 5.1
329.29 2.4
331.24 2.3
332.29 3.2
334.68 4.4
336.29 5.0
338.77 12.8
342.22 10.4
345.08 1.3
347.46 3.2
351.27 8.3
353.82 9.1
355.23 6.8
360.14 7.2
361.39 6.4
362.22 1.7
364.40 1.4
366.02 3.0
367.20 9.9
369.23 10.4
370.03 1.6
372.30 1.4
373.20 1.7
377.08 1.9
378.03 6.3
379.30 33.6
380.17 7.7
381.13 1.3
383.21 5.5
387.29 1.5
389.31 2.9
390.09 9.2
391.25 2.4
392.57 2.2
394.11 8.1
395.17 1.6
396.23 3.2
399.24 2.6
400.17 3.1
401.06 3.6
402.37 2.6
404.48 4.7
405.34 3.5
410.21 5.7
412.28 6.4
414.03 3.9
418.42 7.4
421.25 32.1
423.37 5.7
424.24 1.2
425.29 15.7
426.17 1.8
427.19 12.8
429.47 2.1
430.20 1.3
430.89 4.3
432.07 13.6
432.72 9.1
434.71 3.3
435.39 3.7
438.38 2.9
439.36 6.7
440.19 8.0
440.94 3.2
443.32 12.3
444.31 12.7
444.94 2.0
445.68 15.4
447.35 2.1
448.39 2.8
449.30 4.9
450.39 3.0
453.15 12.2
454.43 165.4
455.32 10.3
455.95 2.2
456.55 1.4
457.41 1.3
458.03 5.3
461.24 22.0
462.45 119.5
463.31 15.6
465.41 3.4
466.35 22.5
467.31 33.2
468.41 1.4
469.41 5.9
471.27 4.9
473.37 7.1
475.52 176.5
476.41 45.6
478.33 1.4
480.24 48.2
481.55 11.7
484.49 683.9
485.28 55.3
486.09 17.7
489.30 1.1
490.69 33.2
491.74 6.3
492.36 6.7
492.97 3.4
494.66 5.1
495.57 4.9
499.43 6.0
500.49 6.1
502.18 5.0
502.95 4.0
504.21 4.4
505.18 1.6
505.79 2.8
508.35 91.2
509.26 29.7
510.42 2.9
511.72 8.0
514.62 14.7
515.35 4.8
517.11 5.6
518.39 24.8
519.42 10.9
523.15 1.2
524.20 10.8
525.45 7.3
526.13 1.2
527.18 53.3
528.09 24.7
529.69 5.5
531.39 4.6
532.31 16.4
533.37 2.7
537.10 2.1
538.96 15.0
539.70 5.8
540.79 13.7
544.40 23.7
545.21 9.3
546.33 52.5
547.43 10.1
548.75 24.7
549.52 16.8
551.41 8.2
552.51 12.4
553.56 123.0
554.41 40.9
555.37 12.4
556.99 16.1
557.93 36.1
560.94 23.8
561.92 15.2
564.24 2.6
565.55 60.0
566.59 104.0
567.49 6.3
568.46 7.7
569.55 15.5
570.37 16.3
571.24 9.9
572.05 3.7
572.88 3.0
574.51 264.0
575.53 1168.7
576.37 151.0
577.41 11.7
578.40 18.1
579.24 19.4
582.00 9.5
583.55 1250.7
584.36 125.3
585.71 3.2
587.66 381.1
588.50 164.2
589.58 13.3
590.43 8.4
591.26 14.0
593.76 6.8
596.52 1235.5
597.35 107.8
598.06 12.9
602.83 1.4
605.83 4.1
611.49 1.8
612.40 3.4
619.26 3.9
620.34 2.5
621.51 3.2
622.36 7.4
623.36 1.2
624.84 6.8
632.71 1.1
636.27 12.4
639.41 1.6
640.50 3.6
642.26 10.0
643.33 9.6
644.24 5.5
649.44 2.7
656.48 2.5
657.26 7.1
658.20 7.4
659.60 10.6
663.58 1.3
667.40 2.5
670.47 4.9
671.54 1.0
675.48 3.2
680.22 7.7
684.40 22.8
685.41 14.7
686.44 3.5
690.09 1.9
695.27 1.1
702.41 80.9
703.63 12.9
713.53 5.3
715.20 1.1
720.36 2.1
723.48 7.6
727.60 1.8
730.29 2.8
732.44 3.1
739.28 1.7
744.40 1.9
745.59 9.0
749.34 32.3
750.20 9.6
751.43 5.4
752.17 2.7
753.64 1.9
754.43 1.7
755.54 2.2
761.57 6.4
766.68 1.3
767.55 22.9
768.58 5.9
770.56 1.2
771.53 18.9
772.37 12.0
773.27 8.8
774.07 6.8
778.38 6.6
783.18 2.7
784.32 2.6
787.54 5.0
789.22 57.0
790.46 15.0
791.53 8.0
793.98 2.1
795.09 19.7
797.60 7.8
801.22 10.4
802.26 12.5
803.49 2.4
806.39 5.6
809.75 5.4
811.26 1.9
812.75 13.5
813.55 7.9
814.46 4.1
815.50 9.6
817.78 5.4
820.00 1.3
820.60 13.2
821.69 9.0
822.36 3.2
828.56 3.7
830.35 3.1
831.53 19.9
832.32 3.7
833.55 4.5
838.61 1.7
847.46 3.6
849.29 3.8
850.52 1.9
851.19 2.5
854.03 3.4
855.47 3.3
856.57 2.3
862.34 1.4
868.60 4.7
869.29 4.5
870.60 3.8
884.51 2.1
885.55 13.3
886.35 3.2
888.29 3.8
890.46 2.2
892.61 2.7
895.36 2.0
900.53 2.1
901.69 2.5
908.67 5.6
911.61 8.1
912.43 2.6
924.85 2.2
927.56 18.0
928.46 21.0
929.74 1.7
930.89 4.5
931.86 3.8
932.73 2.5
937.11 6.8
943.18 3.5
945.38 4.0
947.32 6.9
949.52 8.4
950.36 12.7
958.64 2.1
960.57 10.9
963.51 5.8
964.87 2.7
970.67 3.0
973.62 6.8
974.64 3.4
976.02 2.2
980.58 10.8
981.78 2.4
985.55 1.7
987.46 6.1
990.63 3.6
991.42 4.7
993.71 3.5
995.47 5.0
996.53 7.7
997.63 2.0
1002.30 14.0
1008.71 1.7
1009.65 12.2
1010.48 7.1
1011.17 5.5
1013.42 7.6
1014.54 4.5
1015.55 3.7
1017.53 2.5
1018.65 6.9
1023.52 2.5
1031.54 45.8
1032.60 35.3
1033.61 4.6
1035.70 8.0
1036.60 14.0
1037.73 7.9
1038.58 3.8
1047.92 3.8
1053.52 56.8
1054.47 26.8
1055.81 1.3
1063.46 6.4
1065.63 1.3
1069.86 1.7
1077.38 1.3
1078.69 3.6
1082.54 1.6
1086.05 4.2
1087.32 6.1
1089.79 2.1
1092.00 3.3
1106.53 1.4
1109.13 7.6
1127.67 29.6
1128.59 7.4
1129.68 9.1
1132.40 1.5
1136.85 2.7
1144.30 5.6
1153.01 4.6
1153.90 1.0
1154.52 1.6
1169.78 8.4
1170.40 4.4
1187.45 5.4
1188.78 5.7
1189.77 2.9
