870.54112 2
147.32 1.2
155.02 4.5
156.13 1.4
158.08 13.8
162.92 1.0
167.42 1.0
169.33 5.1
170.53 1.4
173.30 1.9
174.92 8.1
180.17 3.9
182.50 1.0
184.19 1.9
184.87 1.2
199.11 8.0
200.19 2.7
202.30 1.6
203.00 2.7
204.27 4.1
206.23 1.3
208.46 6.0
209.47 1.8
210.29 2.3
212.34 1.3
216.27 3.2
217.35 1.3
222.40 2.7
224.29 3.0
226.11 5.3
227.39 2.4
228.07 3.2
231.30 2.7
233.32 1.3
234.35 30.1
235.47 8.7
236.32 9.6
238.38 2.8
239.46 2.1
241.31 7.0
243.14 1.0
244.25 1.0
245.26 3.1
248.24 1.6
250.24 2.1
252.32 8.9
253.23 4.9
254.19 15.5
255.15 2.2
256.26 4.6
257.27 2.8
261.13 3.3
262.81 2.3
265.18 33.2
266.24 3.6
267.86 6.7
269.19 1.8
271.26 3.8
272.40 2.0
275.35 1.7
279.11 1.7
280.13 4.8
282.38 19.1
286.23 3.3
288.43 2.4
289.69 1.6
293.15 1.3
294.49 11.1
295.30 1.6
297.36 1.9
299.11 1.7
300.15 16.4
303.17 6.3
304.23 4.3
305.35 3.2
308.12 14.4
311.95 6.5
314.66 2.2
315.31 3.4
316.32 2.0
319.53 16.9
320.42 25.9
321.34 6.1
323.21 27.3
325.21 1.1
327.77 3.1
329.29 1.7
330.27 2.2
332.32 5.1
333.35 1.7
335.59 14.3
337.14 102.1
338.41 4.8
339.28 4.4
340.23 7.3
341.05 5.1
341.84 9.2
343.48 5.3
344.53 2.5
345.27 6.9
346.35 2.6
347.62 5.3
348.32 14.0
349.45 21.7
350.48 7.8
351.50 2.9
352.42 9.2
354.67 1.7
355.41 2.9
356.47 1.9
357.27 6.1
358.41 3.7
361.29 3.8
363.23 2.2
365.20 16.0
366.21 5.2
366.85 5.6
370.39 11.3
371.31 3.6
375.17 10.2
376.44 13.4
378.40 1.3
379.23 2.4
381.04 9.2
381.86 12.8
383.58 12.1
385.20 9.0
386.48 11.2
388.01 21.0
389.14 5.8
390.51 34.8
391.34 44.7
392.31 28.0
393.41 10.3
394.60 20.6
396.03 14.2
397.09 25.6
399.35 14.6
401.42 7.4
403.36 3.4
404.59 9.6
405.62 143.5
406.36 29.1
407.32 25.9
408.39 75.8
409.50 7.9
411.89 65.4
413.36 59.9
414.62 18.9
417.55 56.5
418.38 80.8
419.26 15.1
420.91 185.8
425.22 4.6
426.75 350.6
427.47 81.8
429.58 5.6
457.33 1.9
465.99 1.9
468.48 2.1
472.37 56.0
473.42 4.4
475.67 5.8
476.39 2.5
479.40 1.8
486.35 4.7
501.90 4.0
507.40 1.6
528.35 5.6
538.28 4.1
544.59 1.8
552.49 1.4
571.47 16.6
573.00 1.3
576.63 1.8
578.08 2.5
579.64 4.1
581.65 6.9
593.41 6.0
599.34 1.7
613.68 2.1
655.51 6.0
658.35 6.4
664.61 2.4
669.42 1.3
672.45 110.8
673.59 14.3
687.68 2.0
699.28 1.4
705.51 4.2
708.31 2.8
713.38 2.7
725.62 14.0
741.67 6.2
743.52 737.9
744.60 152.5
753.71 5.9
770.28 5.8
771.67 18.0
804.66 1.7
807.46 3.0
831.80 4.5
847.63 3.8
