711.50371 2
102.10 2.2
103.66 5.5
105.08 1.7
107.22 9.3
108.28 6.6
109.25 5.6
110.07 2.6
111.15 14.5
112.20 12.4
114.21 193.8
115.22 9.3
116.27 1.7
117.17 2.5
118.30 10.6
119.23 3.8
120.24 5.9
121.09 6.2
122.21 11.0
124.16 6.2
125.17 10.1
126.18 2.5
127.12 13.1
128.10 639.1
129.28 61.0
130.20 60.1
131.10 19.9
132.27 14.3
133.09 8.4
134.16 4.8
135.41 15.2
136.42 6.1
137.25 19.3
138.36 2.7
139.31 3.6
140.28 4.2
141.25 1.6
142.11 11.0
143.25 4.3
144.18 9.1
145.12 13.9
145.97 8.4
147.27 12.3
149.17 20.3
151.22 15.8
152.21 4.3
153.24 14.3
154.12 15.6
155.20 2.9
156.11 4.9
157.14 11.5
158.08 16.0
159.27 12.2
160.10 93.8
161.10 20.0
162.17 108.5
163.17 15.4
164.29 31.5
165.25 25.0
166.30 15.0
167.13 9.0
168.20 16.1
169.17 28.2
170.05 15.2
171.12 50.5
172.12 13.5
173.26 13.0
174.10 12.5
175.18 25.9
176.14 5.1
177.29 21.4
178.28 17.9
179.25 9.7
180.20 6.2
181.28 7.0
182.11 11.6
183.11 10.0
184.16 7.3
185.11 36.4
186.08 341.1
187.12 32.6
188.17 7.9
189.20 13.3
190.21 11.1
191.24 19.4
192.27 8.5
193.27 42.7
194.18 28.3
195.15 71.6
196.17 47.7
197.17 12.2
198.34 9.8
199.25 7.1
200.09 14.0
201.13 17.7
202.17 5.7
203.27 18.7
204.20 11.2
206.10 38.3
207.10 6.9
208.12 7.7
209.24 56.3
210.26 72.7
211.38 27.0
212.23 17.5
213.23 33.0
214.18 26.0
215.12 18.9
216.16 13.4
217.18 9.2
218.15 4.5
218.89 56.4
220.64 8.1
221.74 30.3
222.77 16.1
223.55 22.9
224.66 18.6
225.40 10.0
226.20 28.1
227.19 121.9
228.16 146.6
229.18 32.4
230.14 18.5
231.20 3.9
232.18 18.1
233.27 21.3
234.23 11.6
235.12 20.9
236.31 12.0
237.21 20.5
238.15 7.1
239.21 8.5
240.26 28.7
241.25 30.9
242.21 132.9
243.29 44.1
244.31 25.9
245.26 34.7
246.22 18.3
247.44 8.2
248.41 5.7
249.23 43.3
250.40 11.9
251.19 7.8
252.24 33.6
253.20 39.1
254.27 15.4
255.25 27.7
256.27 34.5
257.24 17.7
258.16 24.2
259.48 19.1
260.69 13.4
262.10 8.4
263.10 16.2
264.35 13.4
265.35 16.3
266.44 44.2
267.10 284.5
268.07 689.5
269.09 147.6
270.13 89.4
271.14 56.0
272.14 16.4
273.16 23.6
274.33 18.1
275.28 23.4
276.15 5.3
277.04 4.9
277.99 5.1
279.14 3.7
280.12 10.0
281.41 63.1
282.40 754.4
284.06 367.1
284.98 76.7
286.01 123.6
287.28 30.5
288.19 17.6
288.88 21.2
290.12 43.0
290.95 670.2
291.96 81.4
292.96 128.9
294.22 42.5
295.17 12.0
296.17 53.3
297.20 61.4
298.44 47.2
299.39 21.1
300.19 74.1
301.25 47.0
302.24 16.9
303.30 32.0
304.35 6.7
305.58 19.9
306.37 24.5
307.28 19.8
308.25 21.1
309.25 6.2
310.28 47.8
311.27 60.8
312.19 170.4
313.23 104.6
314.18 25.9
315.40 21.2
316.20 3.4
320.34 119.0
321.23 114.4
322.21 46.7
323.18 35.4
324.40 6.8
325.23 15.9
326.30 21.6
327.22 41.4
328.28 146.2
329.27 43.7
330.33 3.8
332.88 7.1
334.53 12.6
335.49 12.8
336.44 22.1
337.26 67.7
338.25 1093.7
339.22 708.2
340.29 94.0
341.20 24.2
342.23 4.7
343.23 3.9
344.80 7.7
347.81 3071.8
348.76 10.0
352.20 4.8
353.02 10.3
355.93 2.3
383.96 1.5
388.02 16.0
393.52 4.6
402.62 2.7
414.23 9.4
436.36 5.7
437.27 6.9
443.32 11.8
449.15 3.1
452.30 15.9
453.36 38.5
454.65 26.7
466.54 12.5
467.37 116.7
468.28 36.7
469.35 13.2
470.43 146.9
471.29 51.1
472.42 10.2
473.25 1.2
485.36 4.5
486.49 3.5
515.28 7.6
535.28 4.1
536.39 1.2
563.41 95.6
564.44 17.5
567.45 2.2
570.59 2.3
579.56 20.8
580.41 64.3
581.51 160.8
582.49 61.7
584.38 53.1
585.58 10.5
594.33 7.1
596.64 5.5
599.03 13.0
620.99 1.0
689.70 3.1
