1425.69975 2
202.36 1.1
206.00 2.0
207.16 2.8
208.22 8.3
209.27 4.4
209.96 1.2
211.14 4.8
212.20 10.7
215.23 2.3
216.74 1.0
218.31 4.0
219.03 6.0
220.35 12.6
222.33 2.9
225.34 6.2
226.16 2.7
227.38 1.6
235.03 14.4
237.12 30.2
238.19 33.0
239.06 5.8
240.31 2.3
242.39 12.2
243.15 7.8
244.23 4.0
245.01 9.3
247.05 21.0
249.15 6.8
250.16 72.7
251.34 7.1
252.42 10.0
253.08 1.2
254.22 5.0
255.24 7.6
256.25 20.1
259.28 10.8
260.35 5.1
261.53 2.7
262.31 24.0
263.37 2.9
264.12 6.8
265.18 18.4
266.15 2.9
268.12 52.0
269.19 4.5
270.13 3.8
271.12 13.1
272.32 12.9
273.16 6.1
274.27 1.9
278.06 5.5
280.26 1.6
283.37 7.1
285.06 7.3
286.15 11.5
287.25 16.9
288.14 3.5
289.22 7.1
290.25 23.2
291.30 16.1
293.25 1.4
294.04 15.5
295.13 1.3
296.18 1.2
297.22 13.7
298.17 11.3
299.16 31.7
300.15 1.8
301.28 18.3
302.46 4.4
303.29 12.5
304.22 13.0
305.22 2.9
306.34 14.8
307.19 4.0
308.20 7.0
309.37 4.5
311.40 6.1
312.32 11.2
313.26 6.3
314.81 6.8
316.10 22.9
317.24 7.6
318.13 19.9
319.31 33.5
321.15 64.0
322.17 4.1
323.03 6.0
325.14 1.5
326.47 7.5
327.30 15.5
328.19 4.0
329.32 8.2
329.95 5.8
331.23 11.4
332.23 24.0
333.49 3.8
334.29 20.4
336.17 16.7
338.40 8.6
339.28 93.3
340.20 8.5
341.70 10.2
342.46 1.8
343.22 3.8
344.28 12.1
345.38 9.6
346.93 16.4
348.06 3.9
349.19 92.0
350.25 5.2
351.17 2.2
352.17 14.8
353.28 6.1
354.32 6.2
355.12 5.5
356.30 4.3
357.20 65.2
358.19 7.9
359.28 15.8
360.32 7.9
361.22 5.6
362.35 3.5
363.00 2.6
364.97 2.8
366.30 6.1
367.23 3.2
369.10 11.6
370.19 10.1
371.33 12.4
372.57 15.4
373.41 24.1
374.40 9.1
375.34 12.0
376.21 15.1
377.31 5.1
378.36 7.0
381.40 4.6
382.78 7.9
383.51 6.0
384.50 11.0
385.35 8.5
386.21 4.0
387.25 12.2
388.19 11.3
389.22 22.1
390.16 3.9
391.25 4.2
392.11 6.5
393.21 7.5
394.25 1.1
395.68 6.3
396.28 3.2
398.24 1.5
400.18 9.4
401.24 7.9
402.27 5.0
403.38 27.5
404.38 12.5
405.53 13.7
406.50 5.5
409.46 1.9
411.28 8.9
412.28 21.2
413.32 10.0
414.43 6.5
415.31 5.9
416.20 3.1
417.49 2.9
418.33 20.5
419.24 12.5
420.39 20.0
421.35 8.7
423.34 1.3
424.22 4.1
425.98 4.3
426.59 1.0
427.55 2.8
430.38 58.9
431.28 59.2
432.28 12.7
433.15 12.6
434.22 16.8
436.23 502.3
437.33 65.6
438.30 7.9
439.40 6.9
440.32 20.1
442.41 1.2
443.05 8.1
444.11 11.8
445.24 23.8
446.18 6.9
447.31 10.1
448.32 33.6
449.35 41.3
450.24 16.2
451.30 2.0
452.24 18.1
453.16 8.2
454.17 5.8
455.18 4.4
456.24 9.6
457.29 20.3
458.10 20.7
460.39 7.1
462.34 10.5
464.42 2.9
465.35 3.9
466.41 15.0
467.21 14.1
468.13 9.8
469.16 2.4
470.24 9.0
471.23 9.8
472.21 8.0
474.21 85.9
475.31 41.5
476.50 8.5
477.39 9.0
478.47 4.0
479.25 2.3
480.45 8.9
481.92 8.3
482.53 2.8
484.22 94.2
485.20 23.2
486.71 32.3
488.12 125.7
489.34 9.9
490.89 7.7
492.24 130.3
493.29 41.7
494.16 2.0
495.47 3.8
496.11 20.6
497.28 7.0
498.72 17.9
500.06 8.4
501.63 31.2
502.28 86.1
503.12 39.4
503.76 1.7
505.25 16.6
505.93 2.0
507.13 1.3
508.31 2.4
510.37 6.1
511.47 6.5
512.09 1.2
513.11 6.5
514.35 24.0
515.21 10.3
517.51 9.4
519.43 35.5
520.32 148.4
521.37 47.9
522.36 13.1
523.41 57.5
524.42 9.6
525.42 35.1
526.47 37.6
527.46 31.5
528.37 8.2
529.20 2.8
530.35 2.8
531.28 49.3
532.05 11.0
535.36 269.6
536.48 28.6
537.46 4.1
538.29 2.9
539.36 60.8
540.34 13.8
541.37 39.2
542.21 14.8
543.64 4.9
545.47 11.7
546.77 17.0
547.46 35.3
548.15 29.3
549.44 38.3
550.46 2.7
551.37 12.5
553.30 8.2
554.53 5.9
555.36 8.2
556.31 8.9
558.30 9.0
559.26 29.9
560.30 9.7
561.35 111.0
562.09 63.8
563.15 9.5
565.48 1.8
566.35 5.5
567.65 9.3
568.75 7.7
569.38 8.0
570.13 6.2
571.24 15.4
572.33 23.2
573.43 11.7
574.47 12.3
575.65 30.2
577.27 150.2
578.24 13.2
580.36 5.1
581.13 17.6
581.97 5.9
583.06 11.2
584.21 37.2
585.89 51.4
586.52 3.0
587.42 1.3
588.33 3.8
589.55 14.2
590.53 6.4
591.25 6.0
592.40 4.6
593.21 11.4
593.92 12.8
594.62 5.5
595.37 12.1
596.50 15.8
597.32 10.3
598.43 106.1
599.40 18.4
600.41 40.9
601.34 32.2
602.35 39.5
603.39 4.5
604.50 18.9
605.20 31.6
606.29 19.2
607.45 21.3
608.49 40.4
609.45 10.7
610.72 24.3
611.52 131.7
612.27 24.3
613.31 18.6
615.16 5.2
616.24 69.9
617.23 14.4
618.87 307.2
619.55 67.2
620.37 119.0
620.99 52.5
622.39 858.8
623.51 191.8
625.25 19.0
626.48 15.4
627.58 10.7
628.56 12.9
629.61 75.2
630.35 2.8
631.57 6.7
632.34 7.2
633.44 39.5
634.44 22.6
635.36 5.6
637.13 19.2
638.44 30.8
639.45 5.5
641.27 27.2
642.01 10.7
642.90 16.6
644.41 7.8
645.40 53.5
646.31 129.2
647.45 169.1
648.35 1.1
649.36 8.1
650.32 16.4
651.42 32.3
652.39 17.3
653.43 2.2
654.09 2.8
655.21 34.9
656.25 70.8
657.29 6.2
658.17 12.9
659.12 10.6
660.04 62.8
661.65 21.3
662.67 38.0
663.33 151.0
664.28 62.8
665.28 7.3
666.36 8.4
668.97 78.8
669.67 25.4
670.50 37.7
671.57 16.5
672.55 16.3
673.46 46.0
674.44 33.5
675.31 18.5
676.81 14.3
678.03 609.9
679.32 15.9
680.55 16.3
681.54 37.5
682.47 47.0
683.23 67.3
684.27 3.7
685.13 11.5
686.57 634.5
687.46 32.5
688.58 13.8
689.55 66.6
691.31 112.1
692.41 19.4
695.64 1130.0
696.51 161.8
697.54 45.5
698.46 19.4
699.21 25.2
700.47 4.7
701.43 5.9
702.51 6.0
703.96 54.9
704.67 69.8
705.97 5.9
708.68 4.0
714.00 1.7
716.40 1.2
717.24 2.5
718.54 9.1
719.69 26.1
722.53 2.4
724.39 7.9
727.27 8.7
728.70 1.7
729.35 3.0
730.37 1.9
732.39 1.8
733.32 36.2
734.79 24.8
735.46 251.3
736.56 59.3
737.60 1.8
738.76 11.1
739.41 3.2
741.38 7.2
742.27 25.8
743.20 2.4
745.55 104.0
746.58 15.5
748.42 5.9
750.39 6.5
752.19 11.0
753.08 9.7
754.61 4.6
755.26 13.8
756.45 10.2
758.70 23.9
759.65 9.7
760.51 9.3
761.56 4.2
763.54 256.7
764.56 74.5
765.60 8.7
766.74 4.6
768.46 91.3
769.51 32.0
771.58 1.3
774.45 15.6
776.40 37.1
777.50 5.8
779.25 4.3
782.00 5.0
782.64 9.4
783.43 2.8
786.50 111.4
787.49 39.0
788.32 7.6
789.54 2.5
792.51 327.9
793.54 118.0
794.54 3.0
795.55 1.4
797.64 4.1
800.51 1.3
802.23 11.0
804.39 87.9
805.42 17.4
806.52 1.3
807.73 1.5
809.45 5.7
811.95 2.2
813.50 13.4
814.50 6.4
815.51 4.5
816.65 16.1
821.61 8.8
823.08 4.1
824.08 2.8
824.77 2.5
826.08 14.7
827.14 17.4
828.47 2.4
831.46 8.5
832.64 13.9
834.56 3.6
835.62 2.8
837.19 83.6
838.62 4.7
839.41 3.1
841.47 8.3
842.61 5.7
845.59 7.7
847.27 1.9
849.48 589.9
850.59 180.9
851.56 1.1
852.77 8.2
855.59 27.7
856.74 4.5
857.74 2.0
859.36 25.3
860.40 28.3
861.29 2.1
862.54 3.6
863.94 5.3
866.32 13.0
867.38 10.8
868.31 114.1
869.56 40.0
870.78 24.3
871.71 11.0
873.44 59.7
874.31 26.1
875.00 4.1
877.05 82.2
877.93 18.0
879.26 3.3
880.47 8.8
883.13 1409.4
883.98 23.1
884.64 29.6
885.52 5.8
886.39 1.6
887.51 1.2
888.57 65.5
889.46 33.6
890.24 4.8
891.42 27.3
892.69 6.5
900.53 5.6
901.59 39.8
902.50 3.7
903.60 2.8
904.40 8.1
906.49 2288.2
907.49 793.0
908.22 7.0
909.50 6.1
910.23 2.3
911.53 3.0
912.39 1.9
916.14 1.5
919.45 7.0
920.34 7.7
921.33 1.4
922.98 2.8
923.64 3.7
924.66 2.3
925.30 1.0
927.65 4.8
928.54 6.6
936.41 21.7
937.71 1.1
939.48 32.3
940.67 12.5
941.54 1.6
942.33 7.9
943.41 3.8
945.61 3.9
949.62 5.4
954.56 54.8
955.58 11.4
958.33 4.0
960.66 3.4
961.59 21.0
962.22 4.3
963.05 1.6
965.61 1.6
966.66 7.7
972.51 79.2
973.56 33.9
974.66 12.6
975.57 22.8
976.69 3.5
978.49 3.3
979.37 1.7
988.44 2.1
990.45 59.1
991.47 40.8
995.43 2.2
996.55 68.8
997.49 31.9
998.43 15.7
999.57 5.1
1001.65 3.3
1003.29 2.1
1004.76 1.6
1006.66 1.6
1014.62 18.4
1023.22 5.0
1028.78 10.7
1029.79 4.1
1030.71 1.1
1032.75 3.6
1035.25 3.7
1040.23 1.8
1041.56 36.2
1042.77 10.5
1044.84 4.4
1046.63 7.4
1049.53 1.8
1051.64 16.2
1052.96 44.0
1053.60 79.2
1054.46 56.4
1055.39 9.7
1059.50 17.4
1060.22 4.1
1061.08 6.0
1062.31 6.1
1064.45 8.2
1065.62 3.8
1069.62 777.0
1070.63 234.5
1071.27 2.5
1075.60 3.5
1077.95 16.2
1078.87 3.7
1082.30 1.4
1084.18 1.2
1088.46 19.4
1089.70 2.2
1090.60 8.5
1092.26 5.9
1093.41 2.2
1106.64 11.5
1108.54 15.3
1110.64 7.8
1111.67 2.4
1114.60 2.1
1115.43 2.1
1121.83 21.5
1126.90 3.3
1127.64 9.7
1128.94 1.9
1129.63 8.6
1130.72 3.7
1133.07 6.4
1135.21 5.9
1136.68 9.7
1146.59 10.4
1147.64 3.6
1152.66 36.9
1153.72 18.2
1156.54 1.1
1158.02 6.0
1164.24 2.8
1165.18 8.8
1170.58 300.5
1171.64 114.2
1174.98 1.9
1175.73 3.4
1177.65 1.2
1180.10 2.0
1182.03 6.0
1183.43 5.7
1184.14 2.8
1190.03 1.8
1190.64 1.0
1195.32 1.1
1203.85 4.9
1213.77 3.9
1215.43 6.9
1221.67 45.0
1222.74 29.0
1223.91 1.2
1228.62 4.9
1232.73 3.0
1233.73 35.3
1234.64 6.2
1239.76 23.9
1240.55 12.1
1248.28 5.9
1251.58 21.4
1252.74 1.6
1255.18 4.8
1257.71 293.5
1258.65 105.9
1267.97 5.8
1268.74 12.2
1270.65 1.4
1302.76 2.1
1303.95 2.1
1338.88 4.9
1354.75 2.3
1384.96 2.4
1418.06 3.6
