5671.935910000002 6
366.10 2.5
409.63 4.0
437.08 4.9
441.35 6.4
455.69 20.4
471.24 4.2
492.32 4.3
504.44 17.0
521.89 5.1
541.34 6.4
551.31 10.7
553.49 5.2
560.23 4.9
561.28 11.4
567.40 6.3
594.51 2.6
610.79 2.0
618.53 13.2
619.54 3.5
620.33 3.1
633.45 21.8
636.25 7.1
644.99 5.6
650.30 6.5
652.21 3.3
659.36 4.7
665.38 5.4
696.34 11.7
700.76 6.3
719.67 17.3
728.92 11.5
733.02 2.8
735.15 16.1
737.28 23.0
746.39 2.1
756.13 10.4
758.41 12.9
761.60 12.1
763.59 3.7
779.12 3.1
780.40 5.2
784.44 3.9
794.48 15.2
808.71 3.9
812.91 11.3
813.97 12.2
816.79 23.8
820.64 4.1
825.64 5.8
831.57 3.4
832.51 24.5
833.88 22.7
837.55 7.5
838.38 2.8
841.14 15.1
842.13 10.5
846.41 8.0
849.61 15.5
857.68 7.7
860.41 2.5
861.72 4.9
863.65 30.3
866.33 2.8
868.49 65.9
870.33 22.3
872.58 77.9
873.49 2.9
879.73 12.7
881.83 3.4
884.56 3.7
886.62 16.1
890.76 22.7
895.14 9.3
896.74 16.9
898.44 21.6
899.17 19.1
900.46 31.6
902.28 8.5
904.96 2.2
910.53 5.3
912.29 11.8
913.24 27.4
914.93 15.4
916.48 7.9
918.18 28.9
919.48 35.2
923.15 19.0
925.11 16.3
926.18 647.1
927.07 36.2
929.09 23054.7
929.94 316.0
930.96 165.2
931.90 79.4
933.02 38.1
934.35 11.1
935.29 26.7
936.76 22.0
938.54 3.2
946.39 37.7
947.01 4.2
959.83 7.5
962.01 23.8
962.70 40.4
963.95 31.7
965.21 2.8
967.02 38.2
973.25 3.7
974.00 8.5
977.99 17.6
978.72 7.3
981.79 22.7
982.70 8.0
984.80 92.0
985.93 41.1
992.94 145.7
998.30 4.5
1004.66 7.7
1005.67 6.3
1006.53 2.0
1007.58 3.6
1008.79 3.2
1009.63 34.4
1011.03 9.9
1011.64 25.2
1013.39 70.9
1014.20 9.5
1023.54 3.4
1024.88 5.4
1036.49 26.1
1041.27 25.5
1045.21 6.4
1048.44 3.6
1050.64 2.7
1053.37 5.8
1055.70 6.9
1059.51 15.6
1062.61 45.5
1064.40 16.1
1068.83 24.3
1073.13 15.5
1074.22 2.0
1080.69 2.7
1101.67 3.0
1103.98 22.2
1106.98 8.2
1113.63 8.3
1116.99 29.8
1120.25 12.4
1121.88 4.5
1123.56 20.7
1127.24 9.1
1128.32 7.3
1129.71 30.2
1130.55 7.3
1134.88 5.9
1142.78 8.9
1144.94 18.1
1149.82 7.1
1152.44 3.7
1154.31 18.3
1157.24 19.6
1157.96 7.0
1159.78 4.2
1161.74 20.2
1162.38 16.0
1163.75 21.0
1164.95 3.4
1168.23 17.1
1171.42 14.8
1172.29 19.5
1174.42 42.4
1176.16 7.0
1177.31 5.2
1183.67 4.3
1194.60 8.8
1197.96 13.7
1199.41 19.0
1201.46 24.7
1202.94 24.3
1204.34 12.1
1213.15 17.6
1220.18 8.4
1230.72 17.2
1233.23 6.9
1239.65 6.6
1240.90 14.9
1260.06 13.9
1267.11 4.1
1276.77 13.2
1280.81 5.7
1291.46 8.5
1294.65 26.0
1297.75 5.2
1306.07 8.9
1310.46 9.8
1321.77 5.2
1328.18 12.2
1334.36 6.0
1346.84 13.4
1350.85 3.9
1353.91 12.3
1355.35 12.2
1368.62 2.0
1372.25 19.1
1385.88 14.6
1428.69 3.7
1431.79 17.1
1440.52 12.7
1441.89 5.6
1444.52 7.8
1472.96 11.8
1483.81 6.4
1487.34 4.5
1491.02 3.4
1495.24 4.8
1498.29 12.3
1540.07 15.1
1541.74 2.6
1551.54 6.2
1565.99 3.3
1607.20 8.0
1613.03 10.8
1637.85 3.5
1641.79 12.7
1652.80 3.4
1659.58 2.8
1671.57 5.9
1674.18 4.0
1728.19 2.7
1764.14 4.7
1768.90 4.2
1825.20 3.4
1828.74 4.8
1830.20 3.6
1846.98 4.7
1863.79 4.3
1957.06 7.2
