1109.54875 2
157.36 1.1
166.08 2.6
167.07 2.2
172.10 1.1
174.36 2.1
175.23 15.7
176.22 4.7
178.02 5.1
181.82 2.0
183.13 34.4
185.10 5.7
186.33 6.4
187.43 1.2
188.09 4.4
196.18 2.6
197.13 2.8
198.04 2.3
199.15 7.7
200.26 37.5
201.21 22.9
202.16 32.7
208.33 1.7
209.57 2.7
210.19 4.5
213.07 4.8
214.21 2.3
216.28 11.0
217.22 4.7
220.09 1.4
225.05 1.4
227.24 1.7
230.33 1.5
234.25 127.1
235.31 5.1
237.24 1.5
238.23 4.7
240.23 3.4
241.21 16.3
244.13 5.0
245.38 3.2
247.03 78.0
248.19 5.5
249.34 2.8
250.19 2.9
251.08 3.9
252.22 4.0
254.96 2.3
258.07 58.6
259.34 1.2
260.39 2.3
262.19 7.7
265.29 61.5
266.31 4.5
267.09 4.0
268.15 1.1
269.19 2.4
270.21 1.0
271.28 4.8
273.11 5.2
275.11 44.4
276.04 4.7
277.56 7.5
278.30 7.4
280.14 2.0
281.07 1.5
282.74 2.4
284.55 1.7
285.90 1.0
286.54 5.7
287.19 5.8
288.25 3.7
290.47 3.7
292.14 21.0
293.18 49.7
294.27 3.7
295.09 10.3
296.24 3.3
298.12 5.0
299.01 2.4
301.27 3.3
303.29 25.7
304.33 23.1
305.24 3.0
309.04 2.9
310.27 14.2
311.42 6.8
312.13 9.4
313.30 10.5
314.30 4.6
315.33 2.2
317.98 2.1
320.10 1.9
321.21 3.3
324.24 2.5
326.28 3.6
328.24 6.5
329.25 4.5
330.20 20.3
331.29 73.7
332.31 9.9
333.45 1.0
334.30 3.0
337.55 2.4
338.16 2.0
339.41 9.1
340.20 4.7
343.36 3.6
344.41 5.2
346.29 5.2
348.24 682.6
349.28 41.2
351.15 2.6
352.37 1.2
353.33 1.3
354.27 6.1
355.21 8.1
357.27 69.2
359.45 9.5
361.38 1.2
362.19 8.6
363.34 22.9
364.22 26.8
370.32 1.0
371.47 14.4
372.91 14.1
374.24 133.0
375.23 107.0
376.17 9.7
377.16 22.7
378.12 14.0
379.23 1.8
380.29 3.5
381.19 3.1
382.85 10.0
385.37 6.1
386.28 11.5
387.47 2.0
388.44 1.8
389.28 5.4
390.08 1.0
391.34 14.2
392.05 8.5
393.19 9.6
393.88 1.0
396.48 7.0
398.25 1.3
399.01 1.4
400.31 88.7
401.10 4.6
402.50 38.3
403.21 290.6
404.11 17.2
406.09 1.1
408.31 5.0
409.28 58.0
409.92 15.8
410.77 4.7
411.87 5.8
414.11 4.6
415.86 5.8
417.44 47.9
418.42 13.2
419.20 8.8
420.25 12.6
421.25 23.7
422.13 3.4
423.27 12.3
424.36 1.2
425.64 2.9
426.27 13.8
427.39 9.0
429.49 3.7
430.11 4.1
431.87 1.6
433.05 9.9
436.52 5.3
437.63 6.8
438.23 4.6
439.31 17.5
440.55 4.6
441.25 13.8
442.21 2.0
443.49 19.1
444.39 31.2
445.43 13.4
446.53 7.1
447.77 5.5
449.90 15.3
451.48 11.3
453.15 24.5
454.15 7.8
455.11 77.0
456.27 11.5
457.52 8.1
458.33 8.2
458.99 6.0
461.30 1230.6
462.39 147.9
463.20 2.1
464.36 6.3
465.30 3.2
466.32 10.1
467.92 27.6
468.57 5.9
469.90 2.5
470.60 2.6
471.58 1.9
472.30 9.6
473.39 5.7
475.36 18.7
476.41 1.9
477.35 5.9
478.30 1.9
479.27 7.0
480.84 2.3
481.68 6.7
482.49 8.6
484.00 13.7
486.42 13.0
487.42 36.5
488.46 55.7
490.27 11.2
490.93 26.4
491.69 10.5
492.33 13.8
493.43 28.9
494.69 31.3
495.55 6.2
496.30 3.5
498.30 31.6
499.47 2.3
501.30 6.7
502.32 36.3
503.55 10.0
504.21 10.1
505.35 13.1
506.70 8.9
507.42 10.2
508.63 4.3
509.41 17.9
510.71 30.0
511.53 8.1
512.27 1.5
513.16 8.2
514.53 14.1
515.21 31.2
515.90 2.6
516.92 2.5
518.00 33.4
519.06 24.4
520.25 5.2
521.24 17.7
522.44 8.0
523.74 29.2
524.69 59.3
525.82 15.0
526.68 13.4
527.60 11.8
528.55 33.4
529.61 6.6
531.16 31.7
532.20 590.7
533.04 121.2
533.98 45.4
535.43 6.3
537.53 962.7
538.58 28.5
539.63 40.1
540.74 3.8
541.43 15.1
543.22 51.4
543.98 2.9
544.80 14.0
546.02 226.2
546.93 35.2
560.53 29.1
561.40 14.6
562.21 1.2
567.45 3.5
570.39 2.7
572.65 2.8
575.30 6.9
576.46 5.0
577.20 2.0
578.31 1.2
580.53 4.7
582.51 4.8
585.35 5.4
586.23 5.9
589.94 6.7
591.71 1.0
595.61 9.0
596.27 1.2
597.36 1.9
598.05 1.1
601.56 1.2
603.22 69.6
604.28 33.1
605.26 5.2
606.47 8.5
607.43 5.0
609.66 12.7
613.11 23.5
614.24 26.8
615.72 3.3
616.43 52.4
617.55 54.8
618.46 3.8
622.38 26.7
623.29 4.1
626.22 1.2
627.34 2.7
631.19 913.8
632.19 99.3
633.26 13.6
634.53 2.1
636.27 2.8
639.30 2.4
640.33 4.6
645.69 8.7
646.68 7.3
647.31 4.3
648.68 3.2
649.35 42.3
650.32 2.0
651.45 6.3
652.52 2.4
654.37 1.8
655.36 9.2
657.29 6.1
658.18 7.3
659.23 13.0
659.85 7.5
661.59 1.4
664.40 6.4
668.45 4.0
671.52 20.8
672.46 11.4
674.47 4.4
677.14 7.9
683.80 2.3
684.41 2.5
685.13 3.8
687.10 3.1
689.41 413.4
690.43 41.6
692.44 4.5
697.56 2.7
699.11 13.6
700.61 3.8
703.03 8.7
704.56 4.5
706.43 13.2
707.12 1.7
711.53 1.7
714.01 2.2
715.06 6.8
716.69 18.5
717.42 21.6
718.38 8.2
720.22 1.1
721.44 5.5
722.36 1.0
725.26 15.5
726.41 15.5
727.49 30.4
728.65 12.1
729.58 2.3
730.39 7.7
732.17 1.5
734.35 29.1
735.35 49.1
736.54 30.9
739.45 6.1
743.79 38.5
744.40 315.0
745.42 83.9
746.41 74.9
747.29 33.6
748.44 4.6
750.26 3.4
753.15 2.6
756.58 9.8
757.33 2.5
759.43 3.7
761.93 7.5
762.66 33.7
763.49 15.5
767.02 4.5
769.06 4.4
771.51 1.6
776.54 1.0
779.28 3.3
780.54 3.9
783.49 2.5
787.58 4.7
788.36 15.0
789.58 2.3
791.26 4.6
795.43 17.0
798.39 6.4
799.67 7.1
800.84 6.6
801.46 2.6
803.11 7.8
805.34 12.9
806.50 10.5
807.60 8.4
808.50 1.2
810.34 1.3
813.23 7.3
815.19 2.9
817.46 95.7
818.35 17.7
821.25 10.9
822.40 4.0
823.61 6.8
826.44 7.6
831.06 4.6
833.47 25.1
834.80 2.9
838.06 8.5
838.72 4.1
840.64 2.6
842.76 1.7
845.33 4.5
848.23 3.5
849.44 3.4
851.57 4.1
858.17 46.4
859.41 16.1
863.70 5.0
865.59 3.2
867.54 8.0
871.54 2.4
873.55 7.7
876.34 17.4
877.59 5.9
881.51 5.7
888.69 3.1
891.30 2.7
892.57 3.0
898.95 9.0
908.65 108.9
909.49 247.0
910.49 68.5
911.69 12.2
915.58 2.4
916.45 14.1
917.11 2.1
918.47 7.2
920.78 1.5
922.91 2.8
925.41 2.3
929.41 2.1
932.64 1.2
933.28 1.0
934.67 12.3
935.50 3.0
936.84 4.4
939.29 4.0
941.51 1.7
944.40 1.1
945.54 33.4
946.48 18.6
952.24 5.0
958.27 1.1
960.17 2.2
962.68 4.9
963.55 10.1
964.45 9.5
965.52 1.1
976.56 4.6
980.60 5.6
981.39 4.7
982.30 2.1
993.68 2.5
1008.88 2.0
1020.43 3.1
1070.75 2.7
1086.69 5.2
1109.55 1.9
