913.4089799999999 2
128.44 2.2
137.40 6.2
139.30 2.0
140.32 4.5
141.14 8.7
142.39 3.4
143.22 3.9
144.07 4.0
147.31 5.9
149.22 5.8
150.22 1.6
151.05 1.9
154.39 1.9
155.14 3.6
157.13 43.8
158.05 3.6
159.20 3.4
160.31 2.6
161.31 2.6
162.14 1.6
166.26 13.7
167.33 2.8
168.12 3.3
170.03 1.8
171.22 1.5
173.20 3.5
174.48 5.9
175.21 114.4
176.08 3.0
177.12 2.0
178.19 16.9
183.12 4.3
185.18 87.9
186.26 2.5
187.25 5.1
188.96 2.4
190.01 8.8
191.27 5.1
192.87 3.0
194.21 2.5
195.03 2.8
196.16 6.9
197.18 2.9
199.16 2.9
200.26 5.7
201.17 4.2
202.07 4.9
203.15 11.3
204.22 5.6
205.16 19.1
209.15 10.4
211.20 2.8
212.24 5.7
213.25 4.6
213.92 10.1
214.70 2.2
216.05 5.1
217.11 4.9
218.24 4.2
221.20 43.7
222.12 2.7
223.36 2.1
224.25 5.5
225.18 7.5
226.19 13.5
227.16 3.6
228.22 8.7
230.18 4.6
231.21 18.9
232.33 8.8
233.01 4.1
236.15 6.9
236.94 3.5
239.50 3.8
240.22 13.8
241.19 2.3
243.53 1.7
244.22 5.8
245.10 2.1
246.13 51.9
249.12 563.6
250.08 5.9
251.32 16.3
252.28 3.9
253.19 2.2
255.10 5.5
256.24 7.7
257.17 6.2
260.60 3.8
261.49 7.3
262.17 6.5
263.16 9.0
264.25 14.8
265.47 3.6
267.37 5.0
268.25 7.6
269.09 2.7
271.30 8.4
272.25 14.9
273.20 5.6
276.56 1.5
277.41 2.3
278.31 3.1
279.25 17.8
282.36 2.0
283.49 1.8
287.51 2.8
288.13 2.6
289.40 23.6
291.39 8.1
292.84 2.5
294.28 2.3
295.99 18.3
297.08 3.4
298.39 27.0
299.28 3.3
300.21 14.3
301.07 3.5
304.13 17.0
305.38 11.0
308.20 11.8
310.33 8.2
312.44 3.0
313.51 3.3
314.31 11.6
316.34 37.8
316.99 3.2
318.22 78.1
319.24 6.6
320.22 10.5
322.24 4627.3
323.37 202.6
325.24 6.6
326.42 24.6
327.19 9.9
328.27 2.5
330.37 12.0
333.22 25.3
334.07 36.6
334.83 2.5
336.29 5.5
337.43 3.4
338.15 3.7
339.23 5.6
340.31 41.7
341.26 8.0
342.42 12.3
343.14 97.9
344.21 93.1
345.96 3.0
346.94 2.4
348.20 12.0
349.35 82.4
350.26 8.3
352.03 11.8
353.21 3.8
354.57 3.6
355.38 20.2
356.25 3.1
357.45 13.0
359.02 10.5
361.55 28.6
362.22 367.7
364.67 60.3
365.60 31.8
366.73 22.1
368.05 58.7
368.93 9.6
370.19 64.1
371.56 10.3
372.25 6.1
374.76 205.0
375.58 47.2
376.66 9.9
377.38 8.8
378.09 15.6
378.84 9.5
380.06 12.9
381.53 7.0
382.20 2.5
383.82 110.9
384.76 76.8
385.38 28.2
386.17 11.1
387.35 2.0
388.60 38.1
389.31 12.9
390.18 2.5
390.83 5.3
392.88 408.3
393.84 89.1
395.08 34.2
396.50 22.4
397.68 16.5
398.47 15.4
399.28 21.1
402.23 272.1
402.93 114.8
403.97 20.6
404.92 22.9
406.36 20.9
407.03 7.0
408.15 17.9
408.78 7.3
409.83 39.2
410.64 11.3
411.31 43.8
412.15 13.5
413.24 30.7
414.25 10.3
415.42 37.5
416.33 359.8
417.67 20.0
419.62 175.7
420.50 89.1
421.20 23.7
422.03 18.7
422.74 7.2
423.46 2.6
424.70 65.1
425.40 1134.3
426.42 37.9
427.07 60.4
427.87 44.3
429.66 37.5
430.71 33.4
431.35 15.2
432.76 137.2
434.26 217.3
434.99 411.2
435.84 35.3
437.26 278.6
438.61 300.7
439.42 756.8
440.23 117.0
441.67 189.9
442.47 128.3
443.35 14.7
445.58 18.9
448.20 12532.3
448.83 1360.7
449.64 5.6
451.15 11.7
451.83 5.4
452.53 1.8
456.58 6.5
461.51 3.2
466.26 2.6
470.58 5.3
472.43 23.1
473.37 3.3
477.30 64.8
478.35 9.0
482.30 15.3
483.08 24.5
484.39 1.2
492.19 5.6
498.48 4.2
499.39 1.4
506.88 4.9
509.17 12.0
510.23 51.2
511.21 4.5
512.45 14.8
513.23 2.6
513.96 11.1
515.75 5.2
516.38 25.1
517.16 5.1
519.55 2.0
525.33 1.8
526.75 3.5
528.32 89.9
529.19 2.0
531.53 2.4
534.28 26.7
535.35 7.8
537.33 6.1
538.03 1.7
539.20 6.8
541.16 4.9
546.13 4.0
550.39 3.0
552.26 1053.0
553.37 58.6
556.20 40.2
557.24 20.1
558.47 5.0
561.52 7.7
562.62 2.4
563.88 6.3
564.65 3.8
567.39 1.4
569.66 3.5
571.36 34.1
572.43 3.6
574.24 1987.2
575.26 233.2
576.13 11.0
578.37 2.5
580.68 2.5
582.46 2.9
583.57 7.6
584.31 8.3
585.21 1.6
586.19 3.8
592.24 1593.4
593.34 113.4
595.49 4.3
597.42 7.9
599.37 5.5
601.47 5.9
602.39 13.1
604.40 5.0
605.58 9.2
606.48 1.9
611.35 15.1
613.60 1.7
615.14 2.5
618.43 5.5
619.47 8.6
620.43 23.8
621.82 3.8
625.05 4.4
629.25 2.2
630.19 15.4
631.47 1.7
632.40 3.0
637.42 12.8
638.54 4.0
639.42 3.0
642.16 3.3
643.58 19.5
647.21 2.3
648.41 1.9
649.29 3.9
652.06 25.9
652.74 2.1
659.27 1.8
665.34 1088.5
666.49 44.0
672.58 26.8
675.12 7.5
676.55 3.7
682.49 3.8
683.32 3.6
691.54 10.3
692.42 5.1
693.58 1.7
694.61 4.4
695.48 11.7
697.48 6.8
698.33 6.7
706.21 3.1
709.46 7.4
710.71 3.7
711.67 7.7
717.46 1.6
719.48 2.3
721.42 25.2
722.51 13.7
725.26 4.2
726.45 5.4
728.19 2.8
729.47 6.9
730.46 4.1
736.47 3.1
738.98 12.5
740.48 2.9
748.45 84.1
749.30 4.3
754.36 40.1
755.25 7.7
756.31 4.5
758.43 4.3
765.89 32.5
766.51 135.2
767.43 15.0
768.57 1.7
769.45 2.9
774.67 2.6
776.46 219.0
777.64 16.8
784.42 77.2
785.38 12.3
813.68 1.3
817.55 2.4
830.41 5.9
832.68 1.7
833.63 1.3
834.57 1.7
854.30 3.7
872.53 2.2
874.67 14.8
875.36 5.2
889.58 1.8
890.54 8.4
892.41 6.6
