1308.65813 2
190.26 2.6
191.18 10.1
198.20 21.4
199.54 2.8
202.15 6.3
206.47 2.6
208.13 14.7
209.12 81.9
210.28 1.0
214.28 1.9
224.53 4.9
225.16 24.9
226.18 130.5
227.15 7.2
228.38 1.4
229.82 1.3
233.29 3.0
234.24 2.4
243.15 83.9
244.08 7.9
245.18 2.8
247.38 1.6
252.26 1.5
253.24 3.9
254.30 2.9
256.17 1.3
259.94 1.9
264.36 13.4
265.37 12.1
269.42 1.9
271.42 2.7
273.01 4.6
274.24 14.4
279.24 3.8
283.43 2.1
284.12 4.4
285.16 2.3
288.23 3.3
290.36 2.0
291.20 4.2
292.21 9.5
293.25 14.8
294.13 4.6
302.13 25.2
303.24 45.6
304.07 7.3
305.04 1.9
308.28 1.9
309.45 5.6
310.21 2.2
311.95 3.0
315.39 2.4
317.76 3.3
320.16 7.4
321.68 9.1
322.48 3.2
324.55 1.5
327.35 2.8
329.50 3.9
335.32 1.3
336.36 8.4
337.17 21.3
338.14 10.5
339.39 2.6
340.26 9.7
341.23 13.0
343.23 8.7
344.36 2.7
349.27 3.4
353.05 5.0
354.26 45.4
355.18 5.8
356.24 4.4
357.76 9.4
358.38 6.8
359.02 4.0
361.48 5.4
365.48 1.0
366.36 1.4
367.45 1.7
371.35 95.6
372.29 29.3
373.23 1.5
375.49 2.8
377.43 12.9
378.51 9.9
383.17 4.6
388.23 132.4
389.30 87.9
390.24 22.7
399.24 1.4
400.27 11.6
402.37 1.6
406.27 198.3
407.29 38.6
408.14 4.7
416.21 7.7
417.39 106.4
418.49 7.1
421.32 4.3
422.40 1.5
423.05 1.9
427.38 1.1
431.38 2.1
433.40 5.8
434.26 5.5
435.89 1.8
438.48 1.3
443.50 5.7
446.30 1.4
449.33 10.8
450.32 7.9
452.14 33.3
453.37 2.3
458.30 5.7
459.12 4.1
467.47 12.1
469.05 8.1
470.38 2.0
471.32 4.5
472.36 12.1
480.32 3.8
481.17 6.2
482.22 8.0
484.37 2.6
486.30 2.9
487.23 3.4
488.13 1.2
490.34 3.8
491.24 8.8
492.31 5.6
493.62 2.3
496.01 1.5
497.26 1.4
498.46 2.7
499.48 7.8
500.30 11.4
501.21 6.6
502.24 5.0
503.17 6.3
507.41 1.0
513.37 4.6
516.37 22.5
517.36 81.3
518.33 34.8
519.28 22.6
520.37 2.4
521.32 1.1
522.90 2.2
525.60 5.5
528.22 8.5
529.20 2.9
530.45 128.2
531.45 27.2
533.24 11.5
534.07 212.6
535.30 87.1
536.27 29.9
537.50 1.9
539.05 17.7
539.82 5.5
540.58 3.2
544.23 1.8
546.33 11.5
548.43 5.0
553.06 3.3
555.87 2.4
557.74 11.7
559.74 2.5
560.94 12.3
562.80 2.0
564.34 22.4
565.69 7.2
568.46 8.0
572.34 7.3
573.61 13.8
576.70 2.0
578.38 1.6
579.63 1.6
580.33 21.1
581.02 23.7
582.35 9.3
583.00 6.4
583.90 6.3
585.12 14.8
585.77 3.4
586.45 7.1
587.42 9.5
588.67 46.2
589.35 24.5
590.22 5.0
590.95 8.6
593.23 3.9
593.84 16.8
594.56 23.3
595.24 11.4
597.95 278.2
598.88 13.0
599.71 2.1
600.37 7.9
601.70 19.3
603.18 78.9
603.99 6.6
606.78 11.4
607.40 5.4
608.86 1.7
611.12 1.2
612.18 2.0
614.38 24.3
615.21 31.7
616.02 37.3
616.78 4.2
617.42 2.0
619.34 7.2
620.40 22.6
621.09 3.3
621.73 18.7
624.25 33.4
625.05 12.8
627.26 10.5
628.70 136.1
629.50 105.4
630.37 17.3
632.42 168.6
633.42 199.7
634.39 25.6
637.29 454.8
638.02 677.4
639.54 14.2
641.50 53.4
642.36 36.7
643.54 2.7
646.32 685.2
646.95 70.4
654.98 1.2
659.46 38.2
660.50 26.6
675.11 3.3
680.38 1.9
693.15 5.3
700.32 1.4
704.45 1.5
714.71 1.8
716.57 1.9
718.36 2.4
726.94 6.0
727.58 3.5
728.40 1.3
729.52 2.2
731.59 1.0
734.99 8.1
738.59 1.4
739.53 2.8
740.37 1.7
744.43 5.2
745.36 2.3
747.48 1.7
752.58 5.3
756.46 22.4
757.26 7.3
758.46 5.2
760.51 2.1
761.44 17.7
762.40 11.8
763.67 2.1
769.55 7.6
771.52 1.5
774.50 378.4
775.48 105.6
778.50 1.7
779.41 32.8
780.39 6.2
788.26 5.0
789.14 6.4
811.47 4.0
813.41 4.5
822.26 10.1
827.50 1.3
829.47 7.0
830.49 3.5
832.07 2.7
843.60 2.7
844.72 1.3
845.57 5.6
847.48 6.0
849.79 3.2
850.56 1.4
851.82 1.1
857.64 2.1
858.78 4.0
861.79 4.9
867.60 4.1
868.62 14.2
869.48 5.4
871.50 8.1
874.41 4.6
875.33 17.0
885.43 88.1
886.68 43.0
887.56 5.6
892.52 55.4
893.45 16.2
899.67 1.4
901.36 3.0
903.45 629.2
904.46 227.0
906.56 1.3
909.58 1.3
910.49 1.8
919.74 6.9
934.59 2.4
937.47 3.8
955.61 1.2
956.35 8.4
988.42 3.0
989.80 8.4
991.61 1.3
998.66 1.7
1004.49 3.2
1006.10 8.7
1006.74 3.9
1007.60 4.8
1013.32 3.2
1014.75 15.0
1020.60 9.0
1030.50 8.5
1031.68 4.0
1048.69 50.8
1049.64 23.2
1050.48 2.1
1062.77 4.2
1065.43 12.7
1066.57 978.0
1067.60 333.6
1072.47 2.7
1076.80 3.9
1077.69 3.2
1082.36 5.7
1098.98 1.7
1099.69 4.7
1100.65 12.1
1116.54 8.3
1117.61 49.6
1118.59 42.0
1134.58 80.1
1135.59 50.5
1151.05 1.2
1164.46 4.4
1171.84 5.3
1181.63 2.3
1242.63 2.6
1271.68 1.5
