854.51152 2
125.22 4.6
127.09 5.7
128.09 79.1
128.92 4.5
130.10 4.8
134.28 1.6
135.19 4.1
136.09 4.0
139.25 9.7
140.28 3.0
141.36 5.3
142.18 4.8
143.16 4.1
144.16 19.0
145.28 2.8
146.93 6.8
148.34 2.1
149.26 10.8
149.98 6.5
151.06 3.3
152.09 4.8
153.29 1.0
154.12 1.1
155.20 10.8
158.26 1.1
159.39 9.0
160.14 3.2
161.01 8.0
162.16 18.6
163.32 1.5
164.20 9.2
165.12 6.5
166.96 2.4
170.14 3.8
170.92 8.9
172.31 6.3
173.13 6.3
174.23 4.2
175.16 8.1
176.16 14.4
177.05 6.1
178.18 7.3
179.02 2.5
180.90 1.8
182.16 6.9
183.13 11.9
184.13 59.0
185.08 53.3
186.26 3.1
188.18 3.0
189.08 1.6
190.19 5.0
192.23 7.4
193.16 8.2
195.31 3.5
196.12 8.0
197.45 4.2
199.29 2.4
200.34 10.5
201.37 9.6
202.11 2.0
203.01 13.6
204.38 2.2
205.38 3.4
206.22 1.6
207.17 5.6
210.14 6.6
211.55 2.8
212.32 4.4
213.14 15.7
214.13 2.5
215.09 4.4
217.16 6.2
218.18 6.9
219.45 1.3
222.03 9.2
223.43 1.8
225.24 2.8
226.31 1.8
227.09 11.4
228.17 5.8
229.28 4.4
230.19 3.7
231.17 10.7
232.73 3.1
233.98 18.0
235.07 7.6
236.04 2.9
239.16 9.5
240.15 6.4
241.12 9.3
242.18 1.8
243.23 9.3
244.05 2.1
245.22 1.2
247.23 8.6
248.25 15.9
249.22 5.6
250.21 14.4
251.35 16.0
252.22 6.2
255.19 8.2
256.26 7.3
257.22 10.8
258.30 3.1
259.13 7.1
260.34 2.3
261.00 2.6
263.21 14.8
264.25 13.0
265.32 8.8
266.19 9.7
267.17 28.7
268.25 20.3
269.10 30.4
270.26 4.5
272.07 46.4
273.20 10.6
274.22 5.9
275.32 5.3
276.31 1.9
277.47 5.7
278.97 18.0
280.18 6.5
281.21 14.5
282.20 9.9
283.10 18.0
284.23 37.9
285.09 3.5
286.18 11.6
287.37 6.1
288.39 12.6
290.50 7.8
291.19 40.5
292.01 8.2
292.63 11.8
293.41 9.7
294.28 29.0
295.26 12.7
296.21 13.9
297.17 21.4
298.07 23.2
299.30 3.4
300.25 13.5
301.15 14.3
302.48 7.8
303.22 1.9
305.18 1.0
306.23 14.6
306.99 9.6
308.28 15.3
309.34 22.4
309.98 2.9
311.06 10.1
312.01 19.0
312.95 41.9
313.91 32.0
315.07 18.8
316.15 8.9
317.18 2.4
318.43 15.3
320.10 3.5
321.12 9.4
322.13 6.3
323.20 5.4
324.13 17.7
325.29 9.7
326.18 7.5
327.29 1.5
328.44 13.6
329.20 4.8
330.31 7.9
331.34 7.3
333.23 16.5
334.08 27.0
335.18 35.0
336.20 31.4
337.37 27.1
338.54 11.6
339.36 19.1
340.37 27.0
341.38 34.0
342.21 17.4
344.87 6.9
346.10 1.2
347.00 2.3
348.22 9.9
349.25 13.1
350.54 13.7
351.42 5.7
352.61 32.3
353.35 13.9
354.35 11.1
355.46 18.0
356.47 19.6
357.35 2.6
358.65 3.2
362.46 4.9
364.37 61.4
365.23 154.8
366.30 19.9
367.38 20.7
368.25 44.8
369.24 42.3
370.01 36.7
371.12 12.8
371.96 12.6
373.24 5.6
374.54 5.1
375.25 2.4
378.28 2.1
379.23 5.9
380.11 11.4
381.39 18.5
382.16 43.1
383.22 123.3
384.25 71.0
385.43 54.7
386.48 4.8
387.30 1.7
389.00 1.9
390.44 14.6
391.43 35.1
392.32 35.1
393.45 8.0
395.04 4.0
396.89 47.8
398.07 33.6
399.02 23.7
400.14 10.7
401.30 3.5
403.47 1.8
404.28 7.6
405.54 9.9
406.96 30.6
409.33 353.4
410.22 287.9
411.16 25.5
412.35 13.3
413.05 18.5
413.83 14.5
415.92 27.0
418.82 1634.7
419.73 14.8
420.66 1.4
436.48 2.2
445.58 1.4
448.66 4.6
451.67 2.9
452.31 3.9
453.62 4.5
455.15 3.5
468.56 3.3
470.30 41.5
472.32 267.8
473.43 34.0
481.51 9.8
492.57 20.3
496.19 1.7
498.41 3.9
504.94 9.0
510.86 6.9
512.41 2.9
513.35 4.1
518.82 6.7
522.50 2.6
527.32 2.7
527.93 6.2
532.82 3.5
542.87 2.9
544.07 2.1
547.66 9.1
548.51 1.5
552.39 5.9
553.76 2.5
554.70 11.1
555.61 17.4
556.35 5.0
565.40 17.5
571.40 44.8
572.41 5.3
576.97 7.3
580.38 2.0
582.17 11.8
583.39 4.0
585.41 54.1
586.47 111.6
587.56 19.8
591.31 5.2
593.30 1.5
597.27 1.4
599.26 1.5
600.32 5.6
604.38 5.9
611.41 1.5
613.57 3.6
618.98 2.4
625.48 2.3
627.49 4.0
628.49 2.5
631.75 3.4
646.71 1.7
654.45 5.4
655.57 3.0
656.64 2.1
672.58 68.8
673.43 1.9
677.23 1.4
678.24 1.8
681.42 1.2
684.16 1.5
685.63 5.1
686.30 1.9
696.28 5.3
699.49 8.1
700.75 2.2
706.15 4.3
707.20 5.4
708.41 3.8
710.30 1.2
723.41 3.6
725.67 1.5
726.62 5.3
728.49 4.8
737.52 3.4
740.43 3.4
832.65 5.0
833.62 4.4
859.42 4.2
