1584.71793 3
148.29 2.1
150.62 2.5
153.25 1.2
155.24 79.0
156.09 1.4
157.25 2.1
158.03 3.3
160.19 2.2
166.30 1.7
167.24 2.2
173.49 2.0
175.22 93.8
176.12 2.6
178.17 11.9
178.88 5.0
180.24 5.4
183.16 8.9
184.23 2.1
187.20 12.3
193.05 2.0
194.22 2.8
195.24 6.2
196.96 1.5
202.20 24.1
203.47 2.4
206.30 3.1
213.35 2.1
215.00 9.7
220.22 5.8
221.20 7.4
224.22 15.2
225.31 16.5
229.19 3.3
230.30 28.6
231.31 3.9
233.24 62.5
234.24 8.5
236.16 1.0
237.17 1.1
238.27 7.0
239.11 2.9
240.05 1.5
241.34 5.0
242.13 5.2
243.22 1.5
245.27 3.1
246.96 14.0
249.25 19.8
250.02 2.9
251.35 2.3
253.27 10.8
254.19 1.0
256.25 3.2
258.14 2.3
261.21 47.5
262.15 7.7
263.27 2.7
264.10 11.1
265.28 97.1
266.14 36.5
267.28 16.2
270.43 2.7
271.29 3.0
272.33 10.2
273.18 8.2
275.34 4.5
276.37 19.8
277.57 9.8
278.18 20.5
279.12 22.5
280.21 4.3
282.35 2.4
284.16 9.8
284.96 4.7
285.58 1.0
287.20 18.0
288.26 6.0
290.19 147.9
291.25 19.4
292.01 4.4
293.22 168.4
294.13 20.5
295.39 7.2
300.13 78.8
301.29 15.9
304.01 3.0
305.18 7.9
307.26 6.2
308.24 13.5
309.19 1.9
311.20 31.4
312.18 66.3
313.02 13.2
313.81 10.5
314.64 6.1
318.12 356.8
319.19 50.3
321.29 12.5
322.25 8.0
325.07 19.1
326.42 2.0
327.14 1.4
328.88 16.5
330.20 3.0
331.37 6.3
332.11 4.8
334.75 7.8
336.16 2.6
337.43 3.0
339.12 54.4
340.05 16.3
341.14 3.5
342.38 2.3
343.33 1.7
344.28 5.3
345.74 2.4
347.24 3.0
348.40 11.8
350.20 13.0
351.16 30.3
352.25 5.5
353.09 14.8
354.32 1.4
355.66 8.0
356.28 28.1
357.23 61.7
357.89 17.5
358.51 5.3
359.31 13.9
360.21 2.8
361.30 3.3
362.37 10.1
363.26 5.7
364.56 7.1
365.24 4.1
369.21 334.1
370.21 45.9
371.38 15.1
372.61 6.6
374.21 23.3
374.95 21.9
375.60 1.2
376.95 27.8
380.29 18.7
381.40 12.9
384.20 169.0
385.26 26.3
387.21 19.8
388.33 6.7
390.32 66.3
391.37 20.6
392.32 17.6
393.18 2.0
394.57 12.4
396.50 5.1
398.51 49.5
399.51 6.0
400.38 38.3
401.27 103.1
402.23 25.2
403.19 7.9
405.07 16.3
406.89 6.4
408.29 61.7
409.04 12.1
410.10 2.8
414.11 53.1
415.44 16.7
417.09 78.6
417.82 10.4
419.20 188.9
420.32 30.8
422.92 67.5
423.90 10.6
424.87 6.1
426.00 228.4
427.55 122.1
429.01 150.7
430.31 86.9
431.25 5.3
432.16 1.5
433.03 5.6
434.36 5.5
435.01 5.0
436.85 249.2
437.70 23.9
438.42 6.4
439.42 2.9
440.31 1.5
441.38 8.2
443.45 1.7
445.18 47.5
446.00 54.2
447.18 464.8
448.28 88.9
448.99 10.1
450.28 5.6
451.26 2.0
452.34 9.0
454.40 335.9
455.83 12.9
457.04 33.2
458.22 40.0
459.30 2.6
460.29 24.3
461.28 3.7
462.09 29.5
463.50 19.6
464.36 1.5
465.52 80.3
466.18 131.8
467.08 32.2
468.17 15.3
469.29 7.5
470.28 36.7
471.75 553.5
472.61 50.0
474.10 23.1
475.04 6.1
476.42 3351.1
477.77 528.7
479.28 34.5
480.37 90.9
481.23 22.8
482.38 121.9
483.32 10.9
484.25 16.1
485.04 18.2
486.38 17.5
487.45 23.5
488.23 60.7
489.16 161.2
490.73 25.2
491.79 31.3
492.69 21.5
493.88 42.5
495.17 63.3
496.73 53.0
497.96 474.2
499.11 92.7
499.93 90.1
501.00 38.5
502.55 39.6
504.02 144.3
504.98 67.8
506.09 89.5
506.98 20.1
508.53 414.3
510.21 944.9
511.37 372.6
512.37 5.0
513.31 120.0
514.57 108.2
515.54 53.5
517.34 3370.9
518.60 30.9
519.50 73.7
520.39 16.9
521.35 24.2
534.33 27.9
535.31 3.8
537.42 13.0
538.32 8.3
539.37 96.5
540.39 25.4
543.02 23.7
544.04 22.3
545.09 7.7
546.60 14.9
549.18 5.7
551.78 112.8
552.41 97.9
553.04 25.3
555.23 39.1
556.34 10.8
557.65 4.8
561.01 1272.4
562.01 56.9
563.17 10.7
564.23 5.2
566.84 35.7
567.63 6.7
570.00 5307.3
570.92 200.8
572.12 15.0
573.29 44.0
574.34 10.9
575.27 4.3
577.06 4.2
578.48 3.3
579.17 1.4
580.77 7.5
582.09 16.9
582.95 9.6
585.11 2.4
585.97 2.8
586.83 4.7
588.33 5.1
590.68 20.5
591.29 32.1
592.34 40.6
594.78 67.2
595.63 24.0
596.46 4.3
598.54 39.8
599.96 111.9
600.98 7.3
601.70 15.0
602.39 4.5
603.25 7.9
604.01 2.6
605.04 2.2
606.14 6.8
607.26 41.0
608.13 45.4
609.17 48.7
610.64 2.4
614.68 10.9
615.47 5.5
616.60 446.2
617.53 17.8
618.30 5.9
620.43 2.9
621.61 5.1
622.34 9.0
623.38 9.6
624.44 16.1
625.56 2005.5
626.43 376.1
627.35 79.5
628.57 30.5
629.44 6.6
630.09 6.3
631.59 2.8
634.56 3284.7
635.50 181.5
637.69 7.4
638.40 5.7
639.47 12.7
640.12 4.7
641.28 2.9
642.32 10.4
643.36 27.7
644.12 1.2
645.06 2.0
647.54 8.5
653.92 13.3
655.53 3.6
656.70 23.9
657.35 1.6
658.74 21.4
660.15 63.5
660.80 2.9
661.48 11.5
664.13 9.9
665.20 11.4
666.36 13.7
669.00 4.2
670.60 3.0
673.82 15.6
676.71 16.5
677.74 20.9
678.45 24.1
679.58 12.8
680.57 5.4
681.27 4.3
682.69 10.5
683.35 13.8
684.40 6.2
686.53 14.3
688.67 11.7
689.34 24.5
690.12 13.5
691.14 2.6
692.10 31.3
692.91 4.1
695.31 37.4
696.22 7.2
697.10 57.3
698.06 373.8
699.01 19.5
700.29 10.1
702.99 5.6
706.13 158.5
706.89 623.7
707.62 462.8
710.07 3.4
711.66 31.7
713.37 559.2
714.46 160.0
716.08 4977.3
716.96 345.4
718.40 47.7
719.63 12.0
721.08 60.5
722.35 55.2
723.28 10.4
725.59 4.0
726.48 7.7
729.42 3.0
730.38 5.6
733.66 4.8
735.08 24.8
735.91 5.0
736.53 1.7
737.50 79.8
738.36 2.0
740.31 21.0
741.46 4.7
742.20 4.4
746.72 6.6
749.28 4.8
749.92 14.3
750.54 1.4
752.03 10.1
753.30 4.6
755.74 5.6
756.36 3.8
757.48 1.8
759.25 5.5
760.52 1.4
764.23 6.5
768.85 4.7
770.34 26.7
771.47 6.6
776.10 2.3
777.43 5.3
781.13 6.1
783.69 5.0
785.18 3.7
786.32 4.6
787.42 4.4
788.55 2.0
805.44 8.8
806.41 9.7
813.55 3.0
815.48 6.8
817.42 2.6
820.55 6.7
821.59 4.7
823.38 5.9
824.85 7.3
827.32 23.7
828.40 2.5
831.43 2.1
832.79 2.4
833.41 6.3
834.83 3.1
836.45 10.2
838.96 5.0
840.28 1.1
841.79 2.5
842.52 2.0
845.48 2.8
847.69 1.6
849.25 3.3
850.51 30.5
851.41 16.4
852.22 4.5
853.06 8.4
854.60 5.1
855.53 5.3
856.51 1.8
859.70 7.7
860.42 5.7
861.24 2.3
870.61 8.1
871.74 6.5
872.46 15.2
873.37 11.7
874.40 3.5
877.59 42.4
878.57 16.7
881.56 3.8
882.51 4.1
888.71 3.2
889.85 17.2
892.44 4.9
893.06 1.1
899.53 5.4
900.47 6.4
901.27 6.1
902.61 2.5
907.57 20.8
908.55 12.4
910.38 11.0
911.39 5.0
912.87 5.4
913.71 4.6
927.45 3.8
932.53 3.8
938.68 3.0
940.40 1.7
941.62 3.5
942.68 5.9
948.66 10.5
950.69 4.9
958.43 1.5
960.40 2.3
964.52 22.0
965.38 13.5
966.50 4.9
982.35 2.0
994.40 18.5
995.49 8.7
1013.27 3.8
1031.71 1.9
1034.41 1.9
1046.91 7.2
1047.59 4.9
1051.67 5.9
1052.62 6.8
1053.37 3.0
1055.70 1.2
1058.62 2.2
1062.54 13.0
1063.88 2.0
1072.28 1.5
1076.01 4.0
1085.74 5.3
1086.57 7.5
1093.54 7.6
1094.49 5.3
1103.33 5.9
1111.61 4.9
1114.87 1.3
1119.42 7.2
1121.20 4.5
1133.65 3.1
1139.59 4.5
1194.64 1.0
1216.40 1.9
1238.37 6.3
1239.47 2.5
1256.03 7.1
1256.78 10.2
1257.81 10.5
1273.08 2.6
