1150.49333 2
175.36 5.4
179.18 17.3
180.08 2.0
180.91 1.7
185.49 4.5
197.14 19.1
198.20 3.6
207.95 1.0
210.06 2.2
216.41 1.3
225.21 5.8
226.25 1.4
243.17 4.3
252.27 2.2
262.30 2.1
277.03 1.1
284.27 7.2
288.48 3.2
295.82 3.1
300.32 3.3
302.08 6.5
303.85 14.2
305.36 1.9
312.25 6.6
322.28 1.6
326.15 2.9
337.33 1.6
342.32 1.1
348.43 4.9
349.53 1.4
358.38 4.0
367.19 1.6
380.36 2.6
388.07 1.3
395.17 3.1
402.25 3.0
413.50 4.5
430.95 2.6
438.25 7.2
439.91 4.2
443.96 14.5
444.78 2.9
450.66 6.4
453.34 5.8
454.89 4.6
461.16 2.5
462.00 2.5
463.88 11.0
471.21 11.1
471.86 5.4
472.86 9.5
474.33 9.1
476.37 6.1
479.80 5.9
480.45 2.8
484.47 2.1
486.62 3.9
487.37 3.3
488.15 8.8
488.95 5.2
492.90 3.4
496.47 2.6
497.97 8.5
500.48 12.4
501.88 9.3
504.33 1.6
506.79 9.8
509.81 3.1
513.12 18.8
514.43 6.1
515.63 2.7
516.25 3.1
519.13 1.1
521.70 15.5
522.51 31.3
523.37 8.8
524.04 1.5
526.22 13.8
526.88 4.7
529.50 2.5
531.38 7.3
534.81 479.7
535.44 269.8
536.31 12.0
537.37 16.4
539.14 2.2
540.22 16.5
540.85 4.3
543.65 74.8
544.56 104.5
545.36 4.3
548.54 8.8
549.41 2.1
551.87 9.5
553.76 117.5
554.48 39.2
557.98 126.8
558.86 37.6
560.74 5.3
561.89 2.8
566.93 1972.9
567.95 12.3
570.15 1.4
594.50 7.1
608.14 1.5
610.34 4.2
618.34 1.5
619.37 2.3
633.36 6.4
634.57 3.7
635.54 2.4
665.24 1.1
674.16 4.4
674.98 4.1
683.27 2.2
689.39 20.6
690.17 1.6
693.16 1.6
719.56 1.7
720.53 2.0
723.61 4.2
725.66 3.5
729.46 4.2
741.59 2.6
748.38 1.2
771.90 5.0
778.07 8.5
781.86 2.4
790.55 2.3
794.78 8.5
811.53 2.6
820.47 6.7
825.51 2.0
828.63 2.1
829.48 1.1
839.64 1.1
845.51 4.6
846.40 1.9
861.52 1.2
871.46 3.4
888.80 3.8
890.54 1.3
891.71 3.7
900.49 3.0
902.75 1.5
907.28 13.8
908.62 3.8
925.34 1.7
930.27 6.6
936.28 4.9
942.50 4.6
954.49 114.8
955.52 39.8
959.45 7.8
976.03 1.6
