792.8629599999999 2
116.12 2.5
124.04 1.2
127.53 8.3
128.28 1.9
129.20 1.2
134.07 11.6
136.27 16.8
140.00 2.4
143.22 1.6
146.04 5.1
147.25 5.6
152.27 1.9
155.11 10.4
156.39 6.3
160.18 1.2
167.56 4.6
172.55 1.3
175.05 2.2
180.29 2.4
181.28 1.3
182.07 1.3
185.10 3.1
186.13 2.3
188.41 3.6
193.22 47.7
202.36 2.4
205.24 9.6
208.25 2.5
208.95 4.6
211.08 1.3
212.28 1.6
220.05 5.3
223.02 1.2
224.23 1.0
227.12 2.1
229.15 4.3
229.78 4.6
232.89 1.7
238.81 1.9
241.78 5.0
249.25 5.2
250.19 1.2
252.35 3.5
258.61 8.8
261.29 1.9
264.23 3.5
265.14 14.9
266.14 8.4
269.21 3.6
270.57 3.6
272.34 2.8
273.37 5.4
274.04 15.0
275.10 14.3
276.22 32.8
278.86 8.8
281.00 3.0
282.01 7.1
283.05 50.3
284.31 7.0
285.33 4.1
290.38 1.3
293.03 50.2
294.31 5.1
295.24 7.5
299.51 1.2
300.30 1.5
303.04 21.8
305.12 11.6
307.23 17.7
310.18 3.5
311.28 6.9
312.56 11.1
316.83 1.1
318.22 6.9
319.30 1.0
324.12 1.4
325.73 9.4
326.37 1.1
327.02 2.1
331.58 4.0
332.22 5.6
332.83 3.9
334.73 8.7
335.40 2.9
337.18 9.0
338.00 3.1
341.16 2.9
343.31 3.9
344.08 2.6
345.38 8.9
348.21 6.3
350.76 9.7
353.07 3.5
354.14 23.1
355.90 39.3
357.18 5.4
358.48 12.5
359.13 6.9
361.46 5.3
362.50 19.3
364.89 13.4
365.89 7.4
366.88 4.4
368.26 3.7
369.26 26.1
370.37 11.6
374.22 11.1
375.95 3.8
378.40 15.8
379.13 24.0
380.26 67.3
381.31 6.4
382.98 123.8
383.85 1.1
385.04 16.8
385.87 14.0
387.38 16.7
388.10 61.4
388.79 16.3
391.07 1.0
406.57 5.7
411.19 18.1
411.99 2.3
417.46 108.1
419.13 4.3
425.42 1.9
426.38 6.0
429.13 3.6
430.24 1.1
436.87 4.2
438.29 4.4
445.62 11.2
448.40 4.9
452.24 3.3
454.46 19.4
458.64 2.6
465.81 39.6
468.87 9.1
471.86 80.8
475.02 6.0
477.81 99.9
479.07 28.8
480.89 13.8
482.33 32.7
483.21 7.2
484.39 2.2
486.72 10.4
488.23 2.3
489.29 2.9
493.15 6.9
495.43 9.5
497.60 2.8
498.48 4.4
509.28 3.9
510.50 2.3
513.35 1.5
514.46 5.3
515.34 1.8
517.36 3.5
521.18 1.7
522.27 5.6
526.42 23.3
528.36 4.7
531.85 18.0
533.34 7.4
535.52 9.9
536.98 5.1
539.05 1.6
540.30 8.2
543.28 23.8
547.57 9.3
551.95 23.2
552.94 5.2
560.97 36.7
562.20 10.3
569.95 180.4
570.98 18.3
577.34 3.4
580.47 3.1
595.89 4.9
597.37 3.5
600.36 4.1
601.31 9.3
608.91 2.1
611.67 2.6
616.42 6.1
621.13 5.7
626.20 4.2
627.64 5.4
634.57 15.9
636.21 2.8
637.40 7.6
650.70 2.8
651.55 2.6
657.60 3.1
660.57 2.9
665.40 6.8
666.28 5.1
671.46 2.0
678.60 4.7
694.04 1.8
713.44 5.4
714.48 4.8
768.48 4.4
770.65 3.2
