1014.57292 2
147.12 3.6
148.17 10.9
154.36 1.6
156.24 1.5
157.22 5.8
158.06 9.4
159.17 1.4
160.10 5.4
164.42 6.9
165.86 11.1
167.24 2.8
171.13 1.2
174.49 2.5
175.18 32.9
176.23 139.0
178.19 5.2
183.22 3.1
184.24 1.7
186.89 1.7
189.34 1.5
190.03 2.0
194.20 29.3
197.17 8.4
199.11 4.7
203.31 10.4
204.20 41.7
206.15 1.5
209.26 1.8
210.52 2.4
211.34 12.7
212.25 8.9
213.11 6.7
215.23 10.1
217.31 3.0
221.15 258.2
222.10 23.5
223.26 1.8
225.18 7.8
226.18 5.7
230.16 17.8
231.15 2.1
232.55 2.2
234.05 3.8
235.12 7.4
237.06 2.8
239.21 80.4
240.18 1.3
244.09 1.8
245.32 8.9
246.07 9.3
249.10 504.6
250.16 27.1
251.35 3.1
252.19 16.1
253.20 5.7
254.15 3.7
255.17 20.8
262.10 9.4
265.25 5.6
267.19 770.0
267.88 3.9
270.31 6.2
271.41 6.2
272.31 17.7
274.27 2.2
275.15 1.9
280.38 5.1
281.36 8.6
282.46 3.9
283.07 20.6
284.16 22.7
285.15 28.8
288.19 2.1
289.24 29.3
295.17 1.3
299.28 66.6
300.51 12.2
303.13 4.4
304.47 1.5
305.40 5.0
306.25 1.9
307.27 3.1
312.27 8.5
315.92 2.1
317.18 1.8
318.88 23.6
323.41 1.9
326.48 3.4
327.61 13.0
328.47 1.4
330.66 14.0
334.07 6.3
343.10 11.3
344.34 57.6
349.37 1.1
352.30 2.5
355.15 5.9
357.59 34.1
358.53 14.2
362.23 462.5
363.42 12.9
365.33 2.4
367.31 6.2
369.89 3.3
371.49 42.3
372.42 4.4
373.87 6.1
375.10 5.1
376.69 2.0
377.56 13.2
378.27 15.3
380.16 200.6
382.05 1.8
383.13 3.4
384.33 28.3
385.26 1.8
386.17 10.6
386.89 3.6
387.85 1.3
389.26 21.9
391.00 12.3
393.49 70.3
394.39 6.6
395.21 4.6
395.83 3.7
398.05 5.8
400.84 10.7
402.04 10.1
402.68 47.3
403.42 17.7
405.27 7.7
406.32 6.9
409.23 2.0
410.21 4.7
412.34 66.5
413.66 38.6
414.69 11.9
415.77 8.1
419.12 17.7
420.23 277.7
421.23 9.5
422.36 6.2
423.24 8.3
426.10 1.9
426.88 2.8
428.20 56.7
428.93 34.6
430.46 1.8
433.37 5.9
434.66 20.4
436.95 85.6
437.73 10.4
438.48 1.3
439.43 6.8
440.25 16.7
441.59 46.8
442.27 2.4
443.09 13.7
443.81 6.6
444.44 5.1
445.27 13.2
447.04 3.2
448.16 1.1
449.25 38.9
450.59 190.3
451.40 38.4
453.24 1.3
454.11 9.6
454.87 15.1
455.71 15.6
457.97 35.9
459.06 13.3
460.38 4.7
461.26 8.2
461.87 3.8
463.59 161.0
464.49 20.0
465.25 12.3
466.03 10.5
467.18 33.0
468.62 6.8
469.56 51.3
470.83 41.6
472.49 58.8
473.30 21.2
474.18 1.6
475.24 4.0
476.93 52.1
477.57 183.8
478.53 28.9
479.39 8.2
480.66 8.4
481.90 69.1
483.34 6.2
484.17 14.0
485.88 204.9
486.76 33.3
487.37 43.9
488.36 8.7
490.25 689.8
491.00 183.9
492.54 27.1
494.09 5.1
495.69 154.9
496.50 15.8
497.67 4.2
499.44 3616.2
500.46 20.8
501.37 3.0
512.14 3.3
515.82 5.4
518.27 5.2
519.48 2.5
521.63 3.0
525.37 15.5
526.44 1.5
529.30 1.8
531.41 15.8
532.48 3.4
533.53 4.7
534.61 3.6
539.83 5.1
542.51 2.3
543.33 4.0
549.27 160.1
550.55 6.7
551.35 2.7
555.33 14.6
559.66 2.5
560.29 3.9
564.32 3.2
566.32 18.3
568.35 19.5
569.60 8.1
572.75 6.0
576.59 3.6
578.40 44.7
581.38 4.6
582.36 7.2
583.03 3.2
584.40 2.2
586.41 33.3
587.47 7.5
589.58 2.6
590.42 5.2
592.15 16.7
592.89 9.3
594.16 1.5
594.81 9.1
596.37 92.8
597.78 3.9
599.48 2.4
600.09 4.4
601.36 7.6
602.32 1.6
603.41 139.9
604.40 23.7
605.44 5.8
606.10 1.0
607.80 8.5
608.68 9.2
609.31 1.7
610.09 16.2
614.24 10.0
618.56 27.4
619.40 23.5
625.04 7.8
626.54 5.9
629.82 7.0
630.60 1.7
631.72 5.4
636.31 889.8
637.12 23.9
637.80 2.0
641.97 6.9
646.71 8.0
648.22 11.3
650.27 3.8
651.28 8.4
652.67 1.9
655.33 4.0
656.62 4.1
657.74 5.3
660.93 7.9
661.53 2.2
662.32 1.2
666.57 3.8
668.40 1.9
671.24 4.4
672.57 4.1
677.03 3.4
681.06 1.9
682.75 1.9
683.59 6.2
685.99 4.6
687.44 22.1
689.30 3.2
690.57 1.3
691.67 8.6
699.35 36.4
700.39 13.6
704.25 12.1
704.93 1.7
708.22 6.6
709.28 8.9
712.58 8.0
713.63 11.9
714.24 4.1
716.41 72.9
717.53 27.4
718.60 4.9
719.29 11.3
726.35 5.3
727.33 36.4
728.72 1.5
729.49 2.8
730.39 2.6
731.29 19.7
732.35 33.8
735.85 7.4
736.64 12.1
737.44 3.1
738.25 3.4
740.40 4.7
741.64 4.4
745.42 4.4
746.48 9.9
749.40 2554.0
750.48 70.9
751.23 1.7
754.34 1.2
755.60 1.6
757.46 7.2
758.61 2.1
762.38 4.9
763.52 21.0
764.43 8.9
767.54 3.1
770.47 4.0
774.65 2.5
777.43 1.0
779.36 14.7
780.39 10.0
783.72 2.8
785.61 59.1
786.72 41.6
787.51 1.4
797.66 7.3
801.50 1.9
802.39 2.2
803.77 3.0
804.39 1.3
812.47 11.0
813.73 4.7
815.20 3.0
817.70 2.7
823.38 11.6
825.65 1.8
826.54 1.1
829.42 6.2
833.71 1.7
837.84 2.9
841.35 37.6
842.66 5.4
849.59 3.9
856.30 1.5
859.68 17.4
860.48 36.9
861.54 20.0
863.70 4.4
865.07 2.4
866.41 2.0
867.70 2.5
870.06 3.6
872.45 8.5
876.58 1.0
878.44 978.7
879.56 14.5
883.46 4.1
885.63 2.8
886.60 2.5
888.40 37.0
900.57 4.0
905.66 2.1
925.22 3.0
927.82 2.8
929.60 1.4
930.44 3.3
931.59 1.4
941.90 1.2
943.39 2.4
975.61 13.9
976.78 4.3
985.66 8.2
1021.49 1.8
