1848.73716 3
176.25 1.9
178.21 3.2
187.20 8.4
195.27 1.9
199.25 4.4
201.28 1.3
206.15 4.0
212.18 3.7
214.03 2.1
215.10 4.4
216.26 8.1
218.30 6.6
220.06 3.5
223.10 8.2
224.23 1.2
226.04 9.0
227.24 11.7
228.21 6.5
229.32 3.3
231.29 12.4
234.24 4.5
236.05 1.8
242.09 4.5
244.05 46.7
246.18 4.5
249.11 1.7
251.20 6.6
252.38 6.8
254.40 4.9
257.08 1.1
258.31 5.6
259.45 2.1
260.55 5.6
263.11 1.3
266.01 3.6
269.22 3.2
270.72 3.9
272.26 1.2
273.40 1.8
274.70 6.1
276.33 9.6
277.28 5.5
278.26 3.2
279.40 1.2
284.75 4.3
286.21 3.7
286.92 12.5
288.15 2.2
289.19 2.2
293.33 1.7
295.39 2.1
296.29 2.9
297.96 1.2
300.37 16.6
304.09 1.1
306.43 5.0
307.38 3.5
308.51 211.6
309.26 18.0
310.18 10.6
311.26 9.3
312.08 6.2
314.27 4.6
316.29 2.0
317.45 141.1
320.34 2.7
324.01 8.4
325.29 5.9
326.40 1.2
327.13 4.5
329.36 7.7
330.42 6.3
331.30 34.7
332.11 1.9
333.33 1.5
334.42 1.8
335.06 1.2
336.57 10.3
337.47 13.1
340.51 2.2
341.62 6.5
342.29 9.8
343.14 5.5
345.69 22.2
351.05 3.7
352.09 2.1
353.35 2.7
354.36 8.1
356.26 17.5
357.76 7.9
358.38 1.1
359.20 3.1
361.18 4.1
363.20 5.1
366.06 3.5
368.58 5.9
370.27 1.5
371.51 6.6
372.30 23.5
373.21 11.9
374.49 8.3
375.16 5.0
376.24 2.4
377.25 2.3
380.47 31.1
382.49 1.7
383.30 6.3
384.40 1.9
385.13 2.3
386.06 1.9
387.13 8.3
388.13 3.9
389.50 168.0
390.44 76.6
391.34 4.6
393.22 2.9
394.11 5.5
395.11 6.7
396.35 4.0
399.08 2.6
400.02 14.3
401.28 8.0
402.45 3.5
403.42 15.2
406.15 10.1
408.03 7.3
412.21 18.8
413.77 15.8
414.78 27.0
415.60 7.4
416.90 5.9
418.11 3.2
420.42 3.3
421.37 7.4
422.59 16.0
423.72 99.7
425.48 4.2
426.37 8.9
428.42 10.5
429.22 16.9
430.39 31.9
431.39 6.5
432.50 9.8
433.42 6.2
435.14 1.8
437.37 18.0
438.61 10.6
439.49 5.4
440.98 21.8
441.94 9.9
443.00 19.0
444.42 19.9
445.54 10.3
447.28 914.6
448.40 113.5
449.32 9.8
451.64 17.8
452.39 3.0
453.26 1.4
454.74 2.5
455.97 3.7
456.66 4.2
457.35 7.2
458.22 1.6
459.08 12.2
460.34 10.1
461.16 8.7
462.37 2.4
463.36 4.9
465.18 24.1
466.29 105.1
467.48 13.3
468.31 3.6
469.48 12.4
470.18 31.9
471.25 23.4
472.25 25.2
473.20 13.2
474.38 5.3
475.55 6.8
476.29 11.6
479.36 63.0
480.23 337.1
481.43 12.6
482.42 8.3
483.45 2.5
484.37 2.9
485.48 17.3
486.22 6.3
487.22 4.0
488.52 2.8
489.29 4.1
489.92 5.5
490.98 13.7
492.98 32.7
495.64 15.0
498.37 9.2
499.38 7.5
500.16 8.7
501.55 9.4
502.43 21.6
503.20 39.7
504.49 7.5
505.25 6.7
506.07 15.4
506.74 5.9
507.58 5.4
508.54 8.3
509.67 19.1
510.38 2.7
511.11 2.9
512.54 9.4
513.44 29.9
514.50 41.9
515.45 21.0
516.47 12.1
517.26 1.6
518.26 7.8
519.42 5.4
520.90 5.2
522.72 283.0
523.77 15.4
525.08 9.5
526.48 21.1
527.60 49.9
528.49 19.9
529.38 12.0
530.80 37.9
531.59 12.5
532.55 18.4
534.09 12.1
535.56 39.0
536.84 256.8
537.60 30.6
538.57 6.8
539.33 10.4
540.66 21.1
541.49 6.2
542.75 20.9
543.38 12.5
544.54 32.1
545.34 10.8
546.01 28.4
546.96 5.8
547.76 8.6
548.62 13.1
549.29 12.4
550.00 1.9
550.77 8.8
552.17 9.7
553.34 15.9
554.77 30.4
555.47 7.9
556.40 26.0
557.42 33.3
558.45 47.7
559.48 27.4
560.61 9.7
561.40 25.0
562.49 29.6
563.61 40.5
564.98 19.8
565.80 39.6
567.05 7.8
568.67 12.4
569.68 4.6
571.16 344.1
571.81 85.7
572.44 89.6
573.44 57.6
574.21 33.5
575.01 6.0
577.25 53.0
578.28 27.2
579.58 65.0
580.41 562.6
581.40 38.0
582.58 21.9
585.63 77.0
586.55 24.5
587.43 29.4
588.37 7.3
589.50 81.0
590.70 162.6
591.48 11.6
592.31 23.9
593.09 24.4
594.07 80.1
595.06 56.5
596.14 101.2
596.86 40.7
598.20 198.1
599.17 343.3
599.77 572.6
600.38 232.8
601.46 110.2
602.34 115.6
603.62 6.6
605.22 295.8
606.62 54.4
607.35 152.5
608.24 38.2
609.16 3.1
610.41 2.2
616.62 2.0
617.57 7.4
623.85 3.9
627.24 2.1
630.15 10.8
631.36 10.3
633.37 403.6
634.36 111.8
635.42 9.0
636.48 4.5
637.51 6.4
638.23 5.7
639.59 5.8
641.63 10.7
642.36 2.3
643.58 6.3
644.84 5.2
645.55 5.0
647.67 6.3
648.36 3.9
651.03 14.6
652.56 16.6
653.53 8.6
655.38 16.2
656.01 1.9
657.46 16.5
659.66 1.9
661.60 6.8
663.36 9.0
665.87 4.6
666.94 2.2
668.27 2.3
670.11 19.3
670.96 7.2
672.53 37.6
673.40 14.4
675.42 16.9
677.34 1.0
679.07 21.3
679.94 32.8
680.73 4.0
682.39 2.5
684.28 11.8
686.69 49.0
687.96 330.3
688.87 13.3
690.36 571.3
691.41 121.8
692.69 106.8
693.33 47.9
694.57 1.7
695.68 3.7
696.58 2.3
697.51 2.2
698.29 1.6
701.71 680.3
702.51 206.3
706.46 2.2
707.45 10.0
709.34 7.6
709.95 9.8
711.43 5.2
713.22 3.0
715.15 3.7
716.35 7.2
718.11 7.2
721.33 28.2
722.51 12.4
723.97 2.1
727.78 6.4
729.31 20.5
730.55 168.1
731.51 12.3
732.15 4.9
733.46 9.9
741.77 1.1
745.35 6.6
747.55 7.6
749.96 4.3
751.52 3.0
753.99 2.4
755.40 5.4
756.61 6.8
759.50 48.9
760.75 31.6
763.80 8.7
766.01 21.5
767.74 11.1
769.91 1.3
771.51 9.3
772.15 1.3
772.78 1.5
773.44 1.3
775.73 33.5
777.42 1028.0
778.49 242.7
779.38 30.3
780.55 3.3
781.48 5.9
784.48 6.8
785.99 5.3
787.37 39.3
788.41 5.6
789.47 2.9
790.26 2.6
792.83 20.1
793.49 5.6
797.99 4.5
799.20 5.2
801.03 3.5
801.72 1.5
802.77 22.4
803.50 8.4
804.79 6.9
806.02 14.0
807.22 33.3
810.33 3.6
812.32 1.8
813.41 6.7
814.68 40.3
815.70 4.9
816.51 23.3
817.69 7.1
818.48 1.0
820.49 10.3
821.63 8.8
822.95 18.7
823.80 12.2
825.75 10.1
827.69 15.0
828.62 24.3
829.30 21.9
830.23 10.8
831.93 4.4
833.11 8.4
835.86 6.8
836.99 39.7
838.10 92.7
839.03 30.0
840.65 5.3
841.89 3.4
842.55 11.9
844.40 18.7
845.15 31.3
846.17 81.4
847.20 39.3
848.05 13.4
849.73 9.2
850.95 46.7
851.77 72.6
853.62 1.9
854.71 8.4
855.49 7.1
858.52 4.1
859.86 213.0
860.60 165.8
864.55 4.3
866.46 8.7
871.03 4.2
872.16 3.2
873.55 5.9
874.33 5.7
875.40 8.5
882.92 1.1
884.99 23.4
886.40 7.9
887.08 19.5
889.69 20.8
890.66 15.4
891.26 5.8
893.99 3.6
896.01 12.4
896.87 2.0
897.58 7.1
899.25 4.2
900.93 4.5
913.54 2.2
914.54 5.9
915.49 15.7
916.41 1.9
917.92 2.7
920.60 6.5
923.55 2.3
926.35 3.8
929.95 1.4
936.68 3.0
938.43 3.2
939.22 2.0
941.32 21.2
942.37 16.5
943.43 9.8
944.55 2.0
948.01 5.2
955.36 1.9
956.74 17.3
957.44 19.9
958.44 71.2
959.29 321.3
960.37 146.3
961.33 16.0
962.60 8.9
969.76 5.0
972.70 3.1
973.57 3.7
975.12 4.6
976.29 4.2
977.62 1.9
980.17 10.5
981.56 2.5
983.56 4.1
986.72 1.3
989.30 11.9
990.71 4.6
992.69 4.8
995.14 2.5
1000.59 1.0
1003.78 5.9
1004.60 4.3
1005.62 4.5
1010.40 11.4
1011.74 2.7
1012.44 5.1
1013.45 4.7
1016.42 1.3
1017.53 2.0
1019.23 4.7
1023.63 2.4
1025.57 3.3
1026.59 2.4
1028.33 16.3
1029.46 5.5
1032.01 2.0
1035.21 3.5
1036.57 8.4
1037.44 5.1
1038.43 1.4
1040.17 4.0
1041.40 1.4
1042.49 1.0
1044.38 7.7
1052.07 8.0
1052.69 2.1
1053.32 6.7
1054.31 29.9
1055.50 21.1
1056.44 7.6
1058.81 8.9
1061.58 3.5
1062.74 1.6
1065.84 2.3
1067.62 1.6
1070.26 36.0
1071.68 21.2
1072.32 114.9
1073.26 47.4
1074.16 7.8
1074.81 3.8
1085.69 2.1
1086.87 7.5
1087.58 2.6
1088.37 1.7
1089.46 1.3
1092.22 3.2
1099.61 3.2
1101.55 1.4
1102.87 34.8
1105.54 1.2
1111.26 4.3
1114.95 4.0
1120.66 4.6
1121.54 1.9
1123.43 13.8
1124.41 3.0
1125.59 4.0
1128.28 2.7
1129.48 5.3
1130.46 8.9
1139.52 2.9
1140.17 4.1
1141.38 34.3
1142.57 6.4
1143.68 3.2
1150.63 3.5
1156.47 2.6
1158.27 2.9
1159.11 4.9
1160.37 4.6
1168.72 3.7
1170.50 1.6
1171.98 2.7
1173.05 1.2
1186.16 8.4
1187.76 2.7
1188.51 1.9
1189.68 1.6
1195.45 2.8
1196.80 1.5
1197.54 3.9
1198.69 25.2
1199.47 13.5
1204.63 14.2
1205.58 2.7
1214.42 3.4
1215.59 7.3
1216.49 37.4
1217.43 33.3
1218.49 12.3
1233.43 39.5
1234.53 17.1
1235.38 2.0
1244.56 5.7
1272.14 6.5
1328.53 2.7
1330.59 9.4
1331.67 3.6
