2026.99602 2
301.40 2.6
306.21 1.8
316.88 3.4
323.11 4.6
329.46 4.5
331.49 1.0
334.30 4.9
340.07 4.3
376.09 1.3
377.23 2.2
384.13 7.7
389.68 3.8
410.26 3.2
413.32 3.8
416.24 1.6
432.25 1.1
433.07 5.3
436.17 3.4
437.28 1.1
440.68 3.7
443.47 1.1
456.15 10.5
459.06 1.6
464.49 3.5
465.50 3.4
476.42 3.1
477.36 2.3
488.40 8.2
489.23 1.8
490.55 2.0
497.08 2.5
500.54 5.9
515.22 2.0
517.66 4.4
521.40 2.3
522.48 4.9
526.55 8.2
529.97 7.5
533.76 2.0
540.41 1.2
542.52 1.6
543.30 1.0
545.29 2.6
546.36 2.4
554.42 1.6
557.37 2.0
558.02 1.6
560.14 8.5
572.16 6.2
575.47 13.8
578.27 1.3
581.70 2.6
591.31 3.0
603.14 1.9
615.79 2.5
623.56 4.1
625.98 7.8
633.33 3.8
634.09 8.6
635.50 4.1
636.27 3.7
638.39 5.9
641.38 8.9
648.18 1.6
652.39 11.8
659.26 2.4
660.26 4.8
665.36 11.4
667.25 2.5
669.35 15.9
670.45 38.7
671.83 3.0
674.50 3.4
675.38 1.3
680.65 12.9
681.44 6.6
687.86 5.8
688.55 11.9
689.32 4.2
698.15 2.5
700.25 1.7
709.66 6.2
714.83 2.7
716.34 2.3
717.09 1.6
723.69 2.6
733.26 3.4
739.07 2.6
739.68 4.3
740.30 1.7
742.90 11.1
746.24 2.8
747.42 2.2
751.49 5.3
754.52 1.7
755.19 5.4
764.95 2.3
768.50 2.9
777.29 1.3
780.66 1.5
783.03 5.5
784.44 3.2
785.49 2.0
789.12 1.2
792.44 4.2
798.16 3.2
801.03 10.1
802.46 13.3
803.43 9.3
804.56 6.4
807.73 1.2
809.99 6.1
812.48 12.7
814.59 2.3
815.30 2.3
816.27 1.0
817.54 5.0
820.49 308.7
822.57 8.6
825.38 3.8
827.49 1.9
829.36 1.5
830.50 1.1
832.42 4.3
835.62 3.6
837.34 2.1
838.94 2.5
840.38 7.7
842.62 1.3
843.44 1.9
847.98 25.5
850.60 1.3
852.78 2.7
855.22 5.6
862.78 6.1
864.90 2.6
866.44 3.6
867.58 7.3
868.74 2.1
871.67 1.6
873.28 5.4
876.79 4.3
878.04 10.5
879.72 5.9
881.13 4.3
882.35 7.2
883.29 5.7
884.30 2.8
886.09 3.0
887.37 3.6
891.62 15.4
892.77 4.2
893.65 10.1
894.33 6.2
896.35 4.6
897.25 9.4
899.52 4.7
900.27 2.4
905.36 3.4
908.31 6.0
910.58 1.2
911.74 17.0
914.23 4.5
915.24 4.8
916.44 7.9
918.53 7.6
921.34 22.3
922.02 3.0
922.86 3.3
924.76 1.3
927.08 4.4
929.76 6.5
930.61 32.8
932.69 2.3
933.66 18.2
934.42 5.4
938.79 48.3
939.41 29.4
940.58 4.7
946.98 7.2
947.89 47.8
948.60 10.6
949.40 4.7
950.07 2.3
951.07 8.6
953.44 6.5
954.95 5.8
956.33 1.3
957.57 2.8
958.51 1.2
959.17 10.1
960.37 15.2
961.22 19.0
963.64 2.9
968.07 15.6
969.69 3.3
970.70 13.6
973.51 4.0
974.40 7.2
977.46 18.6
978.56 80.3
980.18 1.7
981.51 5.0
982.72 26.8
983.49 15.7
984.22 2.6
985.45 13.6
987.25 6.8
989.58 3.0
990.55 1.8
991.78 35.4
992.76 11.8
995.58 107.5
996.50 45.5
997.26 17.6
998.03 3.0
999.49 10.2
1000.63 4.3
1002.15 9.7
1014.57 5.0
1015.93 5.3
1020.39 3.2
1031.58 5.7
1045.24 1.3
1049.78 2.4
1057.06 1.5
1058.46 5.1
1060.93 5.4
1063.41 4.7
1074.43 13.0
1076.05 6.4
1076.76 1.6
1077.42 5.1
1082.65 4.3
1085.63 3.0
1088.55 1.7
1090.23 6.0
1091.45 2.3
1093.76 8.1
1094.66 9.2
1095.91 2.2
1099.79 1.3
1104.66 3.9
1107.66 8.1
1109.76 6.4
1116.32 5.2
1121.85 1.6
1122.77 2.7
1126.20 21.4
1127.48 1.4
1133.30 6.1
1134.59 33.2
1145.73 3.3
1146.58 3.9
1154.58 2.6
1165.66 1.8
1172.18 13.9
1177.67 7.0
1181.57 4.2
1183.61 3.5
1187.79 3.0
1189.60 80.5
1190.53 25.2
1194.56 3.6
1195.65 1.8
1198.45 6.4
1200.75 2.9
1202.75 2.9
1204.06 11.1
1205.19 8.5
1207.53 373.9
1208.18 1.8
1214.49 13.3
1223.73 13.7
1224.88 3.9
1225.77 1.8
1228.04 3.3
1241.89 11.1
1246.45 1.2
1276.66 3.7
1279.19 1.8
1282.14 4.9
1285.82 3.4
1312.79 4.9
1318.62 5.8
1330.59 1.0
1332.40 6.8
1338.87 2.8
1339.86 3.0
1340.70 2.6
1341.54 7.6
1351.69 4.3
1352.99 2.4
1357.87 5.4
1371.57 3.0
1373.62 1.7
1379.23 1.1
1398.09 3.7
1401.80 4.4
1407.78 2.0
1415.60 1.6
1420.31 5.2
1422.84 8.5
1431.84 3.0
1436.92 6.8
1449.43 10.1
1453.82 1.4
1467.10 1.0
1467.71 10.1
1473.73 1.6
1476.19 2.5
1503.94 1.7
1547.50 2.7
1550.93 6.8
1554.87 9.4
1561.88 4.1
1577.99 3.9
1579.16 4.4
1580.60 2.4
1595.84 11.0
1599.88 5.2
1622.72 1.7
1630.03 3.4
1634.69 5.0
1637.63 2.8
1650.58 2.2
1651.98 5.6
1676.59 8.0
1677.62 12.5
1683.07 8.5
1694.88 31.7
1704.82 2.2
1781.89 2.2
1783.11 3.5
1838.08 8.7
1848.92 4.4
1860.34 1.9
1904.63 2.1
