989.39116 2
147.20 7.7
148.23 1.1
153.18 1.7
154.12 2.2
156.31 4.5
165.01 5.3
167.95 1.2
169.14 7.8
170.21 20.8
171.13 8.4
186.09 1.6
187.19 2.1
189.16 45.1
190.18 4.8
192.98 1.9
194.15 1.3
195.33 1.4
199.14 5.0
200.19 1.7
201.13 11.4
204.04 2.0
211.20 10.7
214.30 2.6
217.15 125.3
218.17 14.8
219.18 4.1
226.26 10.2
228.20 47.7
229.19 23.7
229.98 2.8
234.44 1.3
235.22 1.9
238.21 3.3
239.20 4.1
241.34 4.2
246.14 36.9
247.06 5.6
248.32 4.1
256.18 52.4
257.19 11.5
265.90 1.0
271.32 1.8
273.45 12.2
274.14 72.0
275.19 9.1
285.61 2.0
292.34 1.4
294.99 4.0
304.50 2.0
310.91 1.1
311.93 2.2
314.27 12.4
315.24 3.1
324.09 1.1
327.16 4.1
329.52 12.7
330.30 22.9
331.21 4.6
332.29 16.3
333.27 2.6
336.93 9.7
338.08 9.1
340.69 4.9
342.35 7.1
343.33 2.9
348.25 2.2
349.23 5.4
350.28 8.2
352.34 4.3
356.16 6.6
358.78 27.9
359.48 2.6
360.18 6.7
363.13 1.7
364.95 18.0
366.33 3.8
368.86 2.6
370.18 6.2
372.28 2.2
374.43 12.8
377.36 3.9
378.15 22.2
378.89 5.3
380.45 4.2
381.10 7.7
381.96 2.1
384.60 3.9
385.67 5.9
386.73 33.9
387.45 163.5
388.43 4.5
394.38 5.2
397.39 5.4
398.07 3.6
399.53 14.7
400.25 2.8
400.93 1.6
401.97 6.8
403.46 7.6
404.09 2.0
406.72 9.1
409.68 6.7
410.30 9.0
413.53 10.6
414.51 24.5
415.86 11.7
417.67 6.6
419.26 2.4
421.91 5.7
423.18 15.8
427.20 5.6
427.98 3.2
428.72 11.6
429.38 8.2
430.31 3.6
431.47 26.0
432.30 3.7
434.31 4.8
437.94 9.8
439.89 4.8
442.66 19.0
443.30 9.0
445.44 7.8
446.67 4.2
448.18 8.9
449.74 6.9
451.52 14.9
452.51 22.6
453.89 43.3
454.98 2.7
455.79 19.0
457.85 28.9
459.40 27.6
460.28 2.6
461.68 15.9
462.39 27.6
464.50 30.1
465.16 10.4
466.13 1.7
468.54 101.0
469.39 15.0
470.33 2.6
471.57 34.4
473.02 273.1
473.86 21.4
475.35 2.8
477.05 98.9
477.93 80.2
478.81 5.9
480.03 34.2
481.42 2.1
483.25 20.8
484.04 18.9
486.12 276.3
486.91 142.6
488.32 6.9
494.82 2.6
495.54 2.2
508.31 3.4
513.58 1.2
514.55 1.3
524.36 3.5
527.53 11.1
528.58 5.3
529.32 3.3
532.53 2.8
538.37 2.9
540.14 1.2
541.17 5.7
545.31 100.3
546.46 22.3
554.46 1.6
557.99 4.9
559.34 12.5
568.10 1.4
569.86 6.0
570.46 4.1
572.31 3.3
573.37 1.5
580.33 1.9
581.51 1.5
583.57 4.5
585.25 1.3
586.39 9.2
588.43 4.2
589.71 2.2
595.30 8.5
597.07 1.3
598.30 2.4
599.38 13.0
600.61 6.5
603.47 113.0
604.53 9.0
606.14 1.6
612.81 12.5
613.51 1.8
615.21 13.9
616.35 13.1
622.41 1.9
623.19 2.8
624.41 4.8
626.73 1.3
634.91 3.2
640.30 11.0
641.35 25.0
642.34 18.7
643.37 14.3
644.45 4.7
645.49 3.2
653.16 4.3
654.64 6.0
656.69 2.0
658.46 26.0
660.40 156.3
661.54 52.1
662.84 2.0
667.79 3.5
670.47 15.8
671.53 7.1
672.51 2.0
678.50 2.8
681.00 1.1
691.54 4.4
694.27 6.5
697.42 2.2
698.58 25.9
699.47 20.1
703.69 4.4
715.35 47.3
716.50 223.3
717.53 71.4
728.64 9.4
738.36 3.1
739.68 4.3
741.39 4.2
742.33 3.7
743.31 3.6
744.96 6.5
751.40 1.2
752.23 1.9
754.48 10.4
755.64 11.2
756.58 26.1
757.55 5.7
760.28 3.3
761.15 1.3
763.21 4.0
764.57 2.3
770.31 14.6
771.57 22.6
773.54 159.8
774.49 28.4
777.56 6.7
779.65 3.5
786.21 3.2
791.35 2.9
792.54 2.4
800.41 3.7
808.97 4.5
811.35 2.9
816.28 2.8
825.54 9.7
826.39 3.6
827.45 2.3
839.09 1.1
841.33 3.0
842.60 7.9
843.55 2.6
844.40 2.1
845.41 9.3
846.63 7.7
851.37 3.7
856.95 3.1
860.76 6.6
861.50 14.3
862.41 5.2
900.50 1.5
951.34 5.3
