1346.60393 2
195.94 2.0
201.01 1.2
218.24 2.6
231.31 3.3
238.12 4.1
242.20 1.9
243.12 2.7
246.04 4.7
255.17 1.4
273.11 2.5
279.13 1.3
280.09 3.7
288.25 4.8
299.16 2.6
303.20 2.6
311.36 1.8
313.42 1.4
324.71 3.7
326.08 6.6
329.40 1.4
333.37 1.5
339.17 2.9
341.33 8.5
342.52 3.2
354.71 7.4
357.23 1.1
359.53 1.6
361.23 6.2
369.27 5.5
381.36 2.4
385.09 2.9
386.37 6.8
390.09 3.7
395.54 1.4
396.38 3.9
397.34 5.8
400.33 6.0
401.29 4.8
410.34 2.1
414.27 1.9
416.32 6.3
417.29 1.2
424.50 5.5
430.04 4.0
438.12 3.3
444.22 5.3
445.73 6.9
453.88 1.0
456.52 4.2
458.47 3.0
459.45 11.1
461.17 2.0
463.19 2.0
464.13 2.8
469.37 1.3
471.67 4.6
473.48 2.9
474.40 5.3
483.37 1.1
485.83 6.4
486.45 6.6
488.79 1.1
490.36 1.7
491.24 4.4
498.42 2.1
505.32 1.1
506.46 1.5
514.28 3.1
517.09 18.4
518.17 4.0
519.45 2.8
520.30 3.9
527.46 3.2
529.46 4.3
530.62 11.2
535.50 3.5
536.34 3.8
537.88 2.3
540.37 4.7
542.28 4.7
545.35 7.4
547.83 4.3
551.44 1.0
558.39 3.3
559.52 36.2
560.18 1.1
573.35 1.5
579.95 16.7
581.40 7.5
584.36 6.8
586.26 1.6
586.90 7.3
587.80 2.5
590.43 13.4
591.33 10.4
593.29 1.1
598.38 2.5
600.12 9.0
601.73 10.7
605.36 5.1
606.09 4.7
607.33 13.4
608.79 23.2
611.50 1.9
615.56 4.1
616.35 4.5
617.30 19.5
618.19 7.5
621.37 20.0
623.35 2.7
624.44 5.2
625.32 13.0
626.40 15.9
627.35 10.8
629.77 3.0
630.58 4.2
631.43 11.5
632.08 1.1
633.29 10.5
634.66 31.1
635.32 9.4
636.03 12.6
637.43 16.7
638.51 9.0
639.44 15.1
640.19 2.9
641.57 21.2
642.42 27.7
643.87 86.4
644.79 5.8
646.59 2.3
647.56 80.1
648.44 28.8
649.72 7.1
650.35 8.6
651.56 15.9
656.09 454.0
657.12 157.6
659.50 27.7
660.52 7.6
663.83 1.9
664.77 101.1
665.60 10.0
666.29 7.4
679.50 1.1
688.12 11.1
697.59 18.4
706.33 2.6
718.24 2.6
720.51 3.2
721.86 3.6
722.64 3.7
731.76 3.2
756.59 4.7
757.50 4.1
774.73 1.1
777.43 1.8
779.77 2.1
782.03 1.8
794.56 1.9
795.41 10.9
799.63 1.2
804.29 3.2
809.73 1.2
812.49 1.3
813.34 2.2
817.90 11.8
818.56 1.8
819.51 2.4
826.32 11.8
828.36 2.6
830.34 1.9
846.11 1.1
853.40 4.6
854.40 1.8
867.08 3.8
873.37 2.4
885.71 1.6
886.78 2.9
895.29 3.1
897.63 2.0
904.01 1.4
905.49 5.8
921.39 6.6
923.78 7.7
924.56 3.0
929.69 3.2
931.71 1.8
941.17 4.7
942.70 5.4
947.05 1.2
960.54 2.5
968.44 1.7
974.34 1.2
990.55 2.5
1027.28 1.5
1043.76 2.0
1044.56 6.8
1046.35 1.4
1077.63 1.1
1086.20 2.8
1104.50 3.5
1137.60 4.6
1155.63 7.2
1156.44 2.6
1172.56 46.6
1173.56 3.2
1174.54 3.2
1190.83 1.6
1290.73 2.5
1309.04 25.2
1309.72 15.9
