2748.318 5
156.21 2.1
159.17 31.3
159.80 6.3
161.14 3.5
164.30 4.9
167.18 5.9
169.29 7.9
170.19 12.6
171.04 5.3
172.13 3.2
173.19 3.4
174.08 3.3
175.19 12.1
177.53 8.2
178.36 3.0
179.17 4.2
180.54 11.8
181.21 6.1
182.04 2.1
183.25 4.1
184.22 8.1
185.24 2.4
186.09 4.3
187.11 21.2
188.20 1.4
189.14 4.0
191.02 2.9
191.87 5.5
194.06 3.8
194.99 3.0
196.17 7.0
197.99 8.1
199.07 27.6
200.25 2.7
201.52 5.0
202.23 12.7
203.02 3.5
204.39 1.3
205.14 4.4
207.08 3.2
209.23 9.2
210.14 6.5
211.15 12.0
212.20 13.4
213.14 14.3
213.94 8.5
215.54 5.0
216.17 34.0
218.28 1.8
221.17 7.3
222.33 1.5
223.31 2.6
224.12 9.7
225.16 3.7
226.19 1.0
227.25 14.9
228.15 20.8
229.26 10.3
230.14 5.8
231.10 10.7
232.09 1.8
235.91 3.4
237.16 4.6
238.93 2.6
240.07 4.8
241.14 33.6
242.15 15.5
242.99 5.5
244.20 4.2
245.22 8.5
246.03 9.3
247.20 1.2
249.21 4.8
251.15 11.1
252.96 4.5
254.06 6.0
255.27 7.9
256.12 1.9
257.28 5.8
258.24 58.3
259.17 4.9
260.28 6.7
262.28 6.1
263.17 3.6
264.41 2.7
265.37 2.0
266.26 1.4
267.15 2.6
268.13 12.7
269.08 11.5
270.43 10.1
272.17 11.6
274.11 3.8
275.08 5.4
277.20 4.4
278.12 6.2
278.94 1.4
280.08 3.5
282.13 5.6
283.22 2.5
284.31 12.7
285.08 11.3
286.19 39.0
287.31 18.1
288.28 10.5
289.26 6.3
290.39 1.8
291.18 2.4
292.09 11.3
293.24 5.3
294.21 4.9
295.18 6.9
296.10 18.7
298.24 6.1
299.52 6.3
300.14 8.8
301.24 6.6
302.34 7.6
304.41 2.0
306.13 14.2
307.41 9.1
308.28 5.5
309.15 12.7
310.19 4.8
312.32 5.7
313.24 27.0
314.17 4.0
315.36 5.2
316.13 2.2
317.21 5.3
318.21 3.2
319.20 26.0
320.41 5.4
321.18 13.3
322.10 2.9
323.23 9.4
324.19 2.6
325.24 9.1
326.50 1.9
328.31 10.1
329.37 13.1
331.16 1.6
332.19 1.5
333.24 1.6
334.40 10.4
335.14 5.1
336.36 8.5
337.29 11.5
338.21 17.3
339.09 18.3
340.33 9.4
341.25 7.0
342.26 10.2
343.21 3.3
344.17 8.2
345.29 9.3
346.46 5.5
347.40 6.2
348.57 9.2
349.31 12.3
350.17 7.3
350.99 9.9
352.21 15.3
353.27 9.1
354.09 8.6
355.23 2.8
356.31 11.4
357.12 13.4
358.07 8.8
359.34 2.2
359.97 4.3
361.48 1.6
362.29 3.1
363.06 7.5
364.51 14.3
365.28 1.6
365.90 3.9
367.17 8.9
368.33 6.6
369.22 3.7
370.40 2.9
371.11 11.4
373.22 5.2
374.61 15.3
375.26 10.3
377.15 2.9
378.27 1.7
380.39 4.1
381.22 3.4
381.97 3.5
383.09 9.7
384.61 18.0
385.38 12.8
386.32 6.6
387.16 1.5
388.25 8.4
389.27 2.5
390.20 7.6
391.28 7.7
392.25 22.2
393.29 9.1
394.38 18.5
396.28 10.0
398.36 17.5
399.23 11.0
400.31 6.2
401.21 1.9
402.21 18.8
403.26 5.1
404.39 12.2
405.31 10.8
406.96 17.1
407.89 46.5
408.65 23.5
409.26 7.4
411.27 2.1
412.18 9.9
414.05 22.2
414.76 10.0
415.67 8.5
416.44 7.3
417.45 8.3
418.83 24.2
419.64 17.3
420.64 12.5
421.78 8.9
422.43 5.6
423.35 4.2
424.43 17.6
425.30 4.2
426.24 4.5
427.13 3.5
428.36 7.0
430.01 22.9
431.13 7.7
432.39 15.6
433.34 3.7
434.32 7.1
435.21 45.9
436.19 31.7
437.33 19.0
438.44 1.5
440.09 9.9
441.38 21.5
442.21 10.4
443.26 18.4
444.02 8.2
444.93 6.9
446.14 9.9
447.21 9.4
448.25 10.7
449.39 11.3
450.70 28.6
451.47 17.9
452.28 15.4
453.19 2.1
454.49 19.7
455.63 17.5
456.60 29.7
457.25 13.9
458.73 11.1
459.36 15.4
460.36 4.7
461.56 14.7
462.68 13.0
463.70 17.7
464.40 7.2
465.14 2.5
466.06 5.7
467.33 1.8
468.27 36.1
469.35 50.7
470.32 27.3
471.27 29.1
472.30 12.6
473.41 2.5
474.40 8.4
475.45 13.5
476.29 14.1
477.62 10.5
478.32 8.2
479.22 26.4
480.14 3.1
481.11 50.9
482.48 9.7
483.46 17.6
484.53 40.8
485.54 33.5
486.46 8.6
487.53 9.9
488.33 9.3
489.32 31.4
490.19 15.5
490.87 25.1
492.21 24.0
493.15 30.9
494.27 56.2
495.09 3.7
496.24 25.7
497.43 19.0
498.50 18.0
499.44 17.8
500.60 21.6
501.65 22.5
502.38 28.9
503.35 31.5
504.51 81.0
505.42 94.4
506.56 84.9
507.64 102.2
508.87 47.2
509.68 54.8
510.85 39.5
511.57 12.7
512.61 23.6
513.60 54.8
514.31 43.9
515.40 57.7
516.51 23.7
517.53 67.9
518.30 59.3
519.15 160.8
520.12 55.5
521.20 203.4
522.03 82.7
523.09 33.2
524.62 189.1
525.26 201.2
526.17 37.1
526.88 46.4
527.75 141.2
528.55 367.2
529.53 49.5
530.41 96.8
531.28 170.4
532.29 333.1
533.26 327.9
534.50 413.3
535.38 146.3
536.63 85.1
538.23 632.3
540.25 560.6
541.57 479.8
542.46 47.3
543.14 14.7
544.44 2.6
554.54 2.9
557.59 27.2
559.39 24.5
563.31 40.9
565.46 15.6
567.14 10.5
568.59 8.4
570.26 27.2
571.59 7.4
572.31 8.5
573.31 58.8
575.01 17.0
576.48 5.2
577.61 35.9
579.18 1.8
580.38 77.8
581.02 26.1
581.88 5.4
582.53 2.3
583.40 62.7
584.72 104.2
585.51 1.3
587.73 152.8
588.58 68.3
589.30 7.3
590.32 2.0
592.26 65.7
592.93 1.2
593.63 28.3
594.74 57.4
595.76 9.0
597.24 76.8
598.43 73.8
599.25 33.0
600.74 90.5
601.62 85.9
602.55 10.7
603.80 13.4
605.18 177.6
606.03 112.7
607.92 33.9
608.92 20.2
609.61 121.2
610.49 29.0
611.46 18.5
612.57 235.0
613.78 134.9
615.06 53.9
616.34 28.8
617.05 111.0
617.83 18.1
619.19 26.7
620.29 1.6
622.53 75.8
623.46 37.6
624.24 20.9
625.85 47.9
626.83 127.6
627.71 85.9
630.24 572.9
631.39 106.1
632.15 68.0
633.23 58.6
634.53 1010.1
636.06 76.3
637.28 436.7
638.63 122.3
639.32 38.6
640.02 20.6
641.64 399.0
642.65 5.5
644.12 79.8
645.08 56.3
646.23 33.3
646.88 145.7
647.99 172.4
649.05 68.4
651.16 638.5
651.97 268.6
652.76 127.7
653.44 31.1
654.79 161.3
655.45 1085.1
656.09 752.2
657.26 42.1
658.83 145.7
659.67 360.4
660.36 555.0
661.91 267.4
662.71 132.3
663.59 186.9
664.81 110.9
665.79 51.1
666.86 31.5
668.20 32.5
669.08 65.9
670.11 141.3
671.13 41.6
672.02 16.7
673.01 42.8
673.89 29.5
674.86 160.8
675.84 6.2
676.55 5.6
677.27 8.0
678.03 1.5
679.13 56.8
679.95 67.5
681.99 4.5
683.04 9.8
683.65 28.6
684.58 3.3
686.61 20.2
688.08 36.4
688.86 14.7
690.45 9.5
692.23 3.9
693.53 13.7
694.38 10.8
698.75 19.7
699.80 2.9
702.03 95.2
703.19 51.2
704.07 16.5
704.87 5.0
706.19 13.0
707.53 13.4
708.96 2.4
711.13 137.9
712.29 153.5
713.01 32.5
714.43 7.9
715.51 2.7
717.38 170.1
718.22 39.4
720.54 12.5
722.20 5.0
723.19 3.8
723.99 7.5
724.71 8.6
725.97 19.0
726.84 7.8
728.44 3.9
730.45 4.7
733.55 3.3
734.68 15.8
735.57 19.9
736.54 7.9
737.43 1.4
738.29 2.3
739.39 9.6
740.15 16.0
740.89 5.1
741.63 13.2
742.53 9.0
743.62 5.8
744.45 10.6
745.41 107.7
746.43 38.8
747.56 20.0
750.28 225.5
751.13 137.2
752.03 33.1
752.94 5.6
754.16 4.7
755.19 12.7
756.61 8.7
757.64 10.1
758.76 17.8
760.18 2.4
762.15 5.7
763.83 54.3
764.53 18.4
765.58 10.0
766.52 5.1
768.11 29.9
769.58 94.2
770.39 31.3
771.38 9.7
773.46 6.7
774.48 4.2
775.21 4.1
777.48 13.4
779.14 27.3
779.87 23.9
782.18 3.4
782.98 36.2
783.65 122.9
784.46 33.5
785.25 3.7
786.45 6.6
787.56 18.5
788.61 76.4
789.32 24.0
791.74 9.2
793.63 10.1
796.58 13.2
797.44 13.7
798.74 34.5
799.49 6.2
800.29 19.2
801.44 10.3
802.23 28.6
803.68 2.0
806.13 33.9
807.29 180.8
808.26 40.4
810.57 30.9
811.48 6.2
812.15 69.4
812.95 47.7
814.58 12.5
815.36 9.2
816.41 80.7
817.57 16.8
819.03 9.5
820.58 14.3
822.13 156.6
823.01 14.3
823.63 3.4
824.58 13.7
827.60 2.7
828.51 3.6
829.75 65.9
830.52 4.6
831.47 3.6
832.33 2.1
833.85 18.1
835.14 135.1
836.03 83.3
837.24 28.5
838.79 22.7
839.67 39.7
841.40 146.6
842.17 51.7
844.04 29.4
844.81 29.3
845.58 62.9
846.25 37.7
851.16 95.2
854.53 21.9
855.77 13.1
856.42 6.4
857.54 1.1
859.35 12.4
860.01 1.6
861.61 1.4
863.59 3.1
864.32 2.1
869.52 5.7
870.52 7.1
872.15 12.8
874.65 6.6
875.25 2.4
877.50 1.3
879.61 1.6
882.64 17.3
884.92 1.8
886.70 4.9
887.47 9.2
888.41 20.6
890.11 14.9
890.93 2.7
892.52 3.6
896.09 3.5
899.47 4.2
903.50 2.6
905.37 2.6
906.81 4.7
907.95 12.1
910.94 1.2
913.52 1.9
914.31 2.8
915.74 1.3
918.61 2.5
920.70 7.3
924.24 1.2
925.67 10.8
926.51 1.4
930.40 3.9
935.43 2.6
938.60 7.3
940.43 2.8
941.94 5.0
944.48 3.0
950.76 1.1
952.52 1.5
953.14 3.3
955.00 2.3
956.35 3.3
957.42 7.3
958.08 8.8
962.63 10.4
963.76 3.4
965.87 2.6
968.68 9.9
970.31 6.2
971.39 1.1
973.66 7.9
980.67 5.6
981.44 3.5
986.24 15.5
987.68 8.7
989.65 22.8
990.47 7.4
996.82 16.0
999.90 3.7
1008.43 8.1
1009.60 7.3
1016.21 3.3
1018.67 6.5
1027.29 2.1
1029.50 4.0
1031.15 4.9
1041.12 3.8
1053.72 4.7
1054.68 2.7
1061.36 8.8
1062.17 1.4
1062.97 9.9
1067.11 4.8
1068.09 3.2
1076.76 5.0
1082.24 7.1
1085.73 2.9
1091.21 1.6
1121.61 4.3
1144.71 7.5
1175.08 4.3
1190.64 1.9
1218.59 2.8
1229.36 6.7
1245.76 2.0
1336.37 4.5
1380.95 6.3
1389.47 1.5
1398.01 1.3
1404.58 2.4
1411.00 5.4
1440.22 1.9
1455.75 2.0
1457.51 3.7
1466.65 1.5
1532.55 5.0
1540.95 2.9
1559.19 2.8
1560.55 4.9
1563.75 2.6
1581.06 6.9
1634.87 5.8
1661.26 1.7
1679.84 1.5
1698.93 4.5
1730.30 2.9
1771.09 1.9
1822.00 1.9
1847.64 3.0
