1186.57366 2
171.17 4.3
173.19 63.1
187.23 3.3
189.31 1.0
192.98 1.0
196.43 2.4
201.24 47.0
202.23 5.1
208.17 1.5
209.28 2.9
210.16 3.8
213.96 4.5
220.05 2.7
221.08 1.3
223.40 1.9
225.55 3.7
227.14 1.9
228.18 2.3
229.24 1.8
230.07 2.2
231.03 1.2
233.19 7.2
235.29 1.7
243.29 8.2
244.12 2.2
245.94 1.9
248.11 1.4
251.13 1.5
253.29 3.2
255.31 4.5
257.19 2.2
258.86 9.8
260.39 7.1
261.07 9.0
262.35 9.4
264.21 1.2
266.28 1.9
269.10 6.9
274.23 1.1
276.41 6.7
277.27 9.0
281.33 5.1
284.08 2.8
288.40 4.7
293.49 1.8
294.11 6.7
295.33 8.1
296.09 1.1
299.31 20.1
301.45 2.7
302.35 9.6
303.00 3.8
305.29 2.1
309.26 4.0
310.29 4.3
311.26 5.7
312.07 1.7
313.26 1.2
315.28 2.8
316.20 3.4
317.15 3.8
319.16 2.6
327.10 10.8
332.63 6.1
333.88 1.9
337.13 3.0
338.43 1.2
339.12 1.9
340.07 2.4
341.50 2.3
343.26 9.5
345.22 4.2
347.52 2.2
350.38 3.7
351.13 7.3
355.29 14.7
360.25 3.8
361.73 11.0
362.97 3.2
364.45 7.3
365.21 3.9
366.27 3.1
367.46 5.0
368.07 3.3
369.49 1.1
371.02 6.0
372.25 15.7
373.10 2.8
375.21 2.5
376.25 4.9
378.33 2.2
379.49 2.1
381.12 5.4
384.57 3.9
385.58 13.1
388.50 6.0
389.31 12.4
390.26 9.0
391.49 6.8
393.35 8.6
394.49 9.0
396.23 1.9
397.83 3.3
399.83 1.4
402.99 2.6
403.76 2.5
405.08 7.5
406.44 1.3
407.67 12.1
410.96 7.5
411.77 13.5
412.76 25.4
414.35 10.4
415.23 1.7
416.00 3.0
417.31 1.2
420.15 2.1
422.51 14.6
423.17 1.2
424.35 3.1
425.32 8.3
426.82 10.9
428.99 5.2
430.04 3.6
435.40 1.5
436.35 5.2
437.40 4.9
438.04 5.3
441.12 8.9
442.16 31.6
443.23 10.4
445.33 4.6
447.16 19.5
448.10 6.3
448.99 12.0
451.58 4.5
452.20 9.2
454.37 3.4
455.29 6.1
456.70 18.7
457.41 13.4
459.40 5.4
460.53 4.0
461.31 6.5
462.29 9.0
464.35 42.9
465.20 13.9
465.90 1.4
467.22 5.0
468.27 1.3
469.20 3.6
470.28 35.9
471.37 19.6
472.23 7.0
473.32 3.5
475.67 14.6
476.43 25.6
477.29 9.8
478.49 16.1
479.34 26.2
480.18 29.2
481.29 7.6
482.63 3.0
485.10 192.8
485.83 9.7
487.36 8.7
488.62 11.1
490.32 14.8
491.18 11.8
493.80 3697.0
494.40 227.6
495.56 14.8
496.43 15.1
497.71 12.4
499.04 91.1
499.90 1.1
500.87 14.6
502.47 2.5
504.78 7.7
505.59 4.9
506.34 6.4
507.48 10.5
508.44 17.2
509.38 8.0
511.58 9.4
512.93 78.5
513.82 6.7
515.25 3.6
516.67 5.9
517.45 13.2
518.38 9.3
519.86 14.7
521.32 2.0
522.59 10.7
525.49 3.8
528.09 11.5
529.66 10.2
530.88 6.4
531.53 5.0
532.43 10.2
533.49 23.4
534.93 5.6
535.91 9.9
537.26 9.3
538.47 2.2
539.41 18.9
540.40 14.8
541.39 12.3
542.25 62.0
542.87 3.0
545.35 5.0
546.43 2.5
547.58 69.0
548.60 16.3
549.32 9.7
550.37 8.2
551.23 2.0
553.12 3.1
554.35 10.8
555.37 3.8
556.32 67.5
557.28 35.0
558.31 37.2
559.43 9.6
560.79 12.2
561.62 6.9
562.70 16.0
563.42 5.7
564.38 12.0
565.53 5.3
566.28 12.5
567.45 17.8
569.79 16.8
571.08 52.6
571.94 26.0
573.43 2.7
575.16 121.2
576.20 175.8
577.06 74.8
577.78 8.0
578.72 10.8
580.46 4.8
581.48 2.0
582.52 9.3
584.32 94.8
585.22 105.4
585.95 9.8
586.81 2.5
594.42 3.1
598.26 18.7
602.50 2.8
603.85 3.9
607.14 4.3
611.57 2.9
613.55 3.0
614.50 2.0
617.69 1.8
619.83 1.9
622.00 1.1
629.38 6.9
632.27 1.4
634.40 1.3
637.28 2.8
641.55 4.2
647.44 1.7
650.38 1.7
657.48 1.8
658.09 8.3
660.64 2.6
662.72 6.2
669.76 4.7
670.46 18.2
673.36 1.8
680.37 1.1
683.45 4.8
684.52 3.1
688.34 40.8
689.11 2.3
690.54 1.7
696.09 11.4
697.00 1.0
704.27 7.5
709.46 5.7
710.39 15.5
722.92 5.0
724.50 8.9
726.40 39.2
727.41 4.2
729.66 2.4
730.79 4.4
731.59 2.0
733.82 3.6
735.92 4.4
740.30 1.2
745.40 2.5
747.15 1.3
752.56 1.1
754.68 14.0
757.53 4.5
759.13 2.5
762.44 2.1
765.81 2.5
767.16 17.0
768.47 2.4
775.48 15.3
781.37 7.6
782.73 5.9
786.32 2.1
792.53 2.1
797.46 22.4
799.42 2.2
801.33 8.0
824.51 2.1
827.56 2.2
828.29 2.0
831.38 4.6
834.60 2.9
842.36 6.9
852.34 7.9
853.13 3.2
855.16 4.8
856.00 2.7
867.83 1.7
870.73 6.3
871.61 4.5
872.50 2.9
873.78 7.8
882.28 1.5
883.56 1.5
885.66 4.4
888.32 4.1
889.40 41.6
890.27 5.0
893.09 3.2
894.61 1.4
899.26 7.2
905.48 3.9
908.35 1.9
910.56 8.4
913.53 2.7
917.74 5.0
927.71 3.3
929.50 10.4
930.43 4.3
934.70 3.5
938.34 4.0
939.47 2.2
941.45 2.0
942.80 2.8
951.12 2.6
961.33 1.8
964.65 7.2
968.45 12.3
969.41 18.2
970.53 13.4
972.46 4.8
975.58 2.6
982.34 6.0
984.78 1.7
986.49 658.9
987.50 42.3
988.15 5.8
1001.91 7.1
1002.61 1.2
1007.77 3.0
1010.79 4.7
1012.44 2.6
1024.49 31.0
1029.57 5.0
1031.75 4.7
1057.58 4.4
1058.59 2.5
1117.94 4.8
