1586.75737 2
226.23 2.8
235.18 2.4
243.16 1.6
245.07 4.0
257.11 4.1
259.60 1.6
260.29 55.3
261.12 4.4
262.34 1.0
266.24 2.0
269.41 10.2
278.19 3.3
282.96 1.4
284.08 3.2
286.12 2.6
295.51 4.4
298.38 2.3
301.08 1.1
301.77 2.1
304.25 2.9
305.06 1.5
306.08 2.3
311.14 6.8
317.05 4.7
319.21 14.5
320.23 1.2
320.90 2.4
324.19 1.6
329.22 7.5
330.10 4.5
331.40 3.0
332.02 2.7
335.05 5.2
339.05 2.0
344.09 2.2
347.13 104.6
348.34 10.7
352.40 3.3
357.20 2.3
357.83 3.3
359.38 1.7
363.47 2.9
367.40 2.4
369.42 5.7
372.49 1.2
375.23 2.2
376.54 3.1
377.49 4.7
380.15 9.2
383.39 1.2
384.52 3.9
386.34 2.0
387.27 4.2
395.10 5.2
398.26 71.0
399.26 12.8
402.37 1.3
404.33 1.4
406.18 7.7
409.16 3.9
412.24 2.8
414.23 4.0
416.27 129.4
417.27 26.1
418.61 1.7
422.36 5.1
424.25 2.8
429.36 3.4
432.33 6.0
434.30 75.3
435.07 19.0
436.46 8.1
438.69 7.8
439.42 10.1
440.38 3.2
447.35 1.1
448.16 7.4
448.94 6.8
450.42 1.9
452.22 38.4
452.98 13.3
453.62 2.7
454.42 4.7
456.00 3.7
458.88 1.4
460.23 8.3
462.60 2.1
464.65 4.6
465.30 3.2
468.71 1.7
471.98 8.5
473.19 5.9
474.15 6.2
476.21 2.8
480.05 5.0
483.22 1.3
484.48 1.2
486.13 10.2
486.90 3.5
488.35 4.0
489.31 3.9
492.22 7.3
496.28 12.1
503.18 2.3
505.03 5.4
506.37 2.1
508.47 1.7
511.43 4.6
514.44 7.1
516.03 10.0
517.43 4.5
518.61 5.1
519.68 4.5
522.44 5.7
524.26 11.3
525.42 1.1
531.29 7.6
533.36 6.0
534.25 4.3
536.65 3.9
539.33 3.7
543.16 4.7
544.39 14.1
548.16 1.9
549.40 3.0
551.37 53.6
552.34 12.4
553.36 5.8
556.47 1.3
558.51 11.7
559.18 1.4
560.58 6.9
561.26 45.8
562.26 38.6
563.45 29.2
564.43 2.7
565.20 10.6
566.48 3.6
567.36 6.3
568.56 4.6
569.45 60.7
570.36 11.4
571.71 3.8
573.32 1.8
574.33 7.2
577.79 5.6
579.32 386.0
580.30 141.5
581.26 30.4
583.41 6.1
584.14 2.5
585.35 1.9
586.20 5.7
588.92 4.9
590.01 2.8
593.00 4.7
597.31 201.4
598.38 40.2
599.61 6.2
600.56 5.2
607.48 2.6
613.25 2.4
615.26 4.9
616.96 7.4
618.08 7.9
621.71 13.5
624.17 1.8
625.18 2.9
626.31 8.3
627.69 9.8
630.16 3.1
636.90 5.1
640.10 3.9
641.11 7.6
643.53 5.1
644.90 5.9
646.08 5.2
647.00 9.0
648.46 2.0
651.23 14.7
652.97 2.7
654.73 6.2
656.04 13.7
657.24 3.5
658.42 12.1
659.09 5.6
660.25 2.8
662.84 10.6
664.22 42.7
665.83 6.0
667.99 3.6
672.55 2.6
674.20 2.6
675.35 1.8
676.32 13.4
677.28 1.5
678.40 1.2
680.20 22.4
683.53 1.6
688.25 4.9
689.48 14.4
691.27 3.3
693.40 113.7
694.41 49.4
695.37 15.8
698.07 5.2
699.24 2.3
701.08 14.1
702.05 6.8
703.59 12.1
705.46 3.1
706.18 1.3
708.50 3.0
709.24 1.9
711.71 2.0
712.63 17.1
713.51 1.5
714.98 5.9
716.07 4.9
717.85 18.2
719.47 3.7
720.35 2.8
721.74 1.7
723.48 2.7
725.35 2.4
728.22 6.9
729.16 4.7
731.29 4.8
732.60 30.8
733.99 12.4
735.12 13.8
736.07 3.0
736.90 6.0
737.90 4.8
739.54 4.5
741.12 4.5
742.36 7.0
745.16 5.1
747.13 4.4
748.30 5.1
749.30 7.1
750.00 6.7
753.24 15.8
754.35 12.6
754.97 16.9
758.06 6.7
759.05 29.0
759.66 28.2
760.70 11.5
761.57 13.7
763.16 47.8
764.05 3.3
764.77 2.1
767.43 33.1
768.30 61.9
768.95 7.1
769.89 23.9
770.80 27.3
772.13 23.9
773.13 2.0
776.14 167.1
776.87 107.9
777.57 41.2
779.26 6.1
780.41 11.3
781.30 19.9
782.20 1.7
785.54 15.2
793.75 2.7
794.78 5.0
795.78 11.5
806.58 7.7
807.22 1.7
813.05 5.2
813.82 3.2
816.64 2.1
818.52 1.6
821.90 5.9
825.41 3.1
828.48 1.2
830.46 2.3
836.41 1.0
838.44 3.2
840.19 2.9
841.11 2.3
844.39 29.5
845.52 34.9
848.72 4.6
854.65 9.7
857.40 3.0
858.51 12.0
860.40 5.3
862.51 20.1
863.75 1.3
864.37 6.2
865.74 1.0
866.83 8.5
868.81 6.5
869.97 1.1
874.76 9.3
876.60 26.7
877.43 5.5
878.29 7.1
879.09 3.0
881.68 11.5
884.39 1.4
887.48 1.2
892.04 11.0
893.51 38.1
894.56 51.6
895.61 27.0
896.41 3.7
898.96 6.4
901.60 7.0
903.95 9.1
907.64 1.4
908.62 5.9
909.24 12.4
915.50 2.5
918.66 2.1
921.96 1.1
923.59 2.0
927.07 5.8
928.36 14.7
929.76 24.0
931.13 7.9
932.03 17.6
933.21 8.9
936.67 22.0
937.85 6.2
938.79 1.2
939.50 1.3
941.83 13.5
942.52 9.3
944.78 9.3
946.84 13.1
949.03 4.7
958.64 13.4
961.63 8.0
962.93 3.2
970.09 9.2
972.48 32.7
973.48 14.2
974.57 6.8
975.64 8.8
985.47 5.3
986.57 1.7
989.36 18.8
990.56 1006.8
991.55 418.8
992.61 135.3
994.41 17.0
997.12 3.1
999.10 1.1
1000.57 6.5
1001.69 1.3
1004.70 13.8
1005.62 10.1
1006.58 10.4
1007.47 47.2
1008.55 13.6
1009.50 9.8
1017.64 3.5
1018.45 17.5
1019.51 39.7
1020.47 6.3
1021.14 2.9
1024.62 8.9
1027.31 5.8
1033.10 4.7
1035.59 4.4
1040.38 1.0
1047.63 6.6
1048.88 18.0
1052.49 1.7
1055.71 6.3
1057.64 2.3
1059.45 7.4
1063.73 2.4
1074.44 4.4
1075.09 7.2
1076.89 2.3
1078.41 4.1
1084.58 3.7
1087.39 1.2
1100.86 1.2
1117.39 13.8
1135.66 21.2
1136.65 13.5
1139.54 1.9
1141.34 3.0
1153.62 174.3
1154.60 95.7
1155.68 19.8
1156.55 4.4
1158.22 3.6
1163.56 1.2
1166.90 1.2
1170.90 5.1
1172.85 1.5
1181.77 7.6
1182.87 4.3
1203.65 7.3
1204.77 3.7
1205.62 2.4
1210.80 1.5
1222.25 4.8
1222.86 7.4
1223.72 5.6
1240.57 52.7
1241.69 52.8
1242.63 15.9
1253.70 11.8
1257.20 2.0
1258.66 3.8
1259.89 1.9
1261.62 7.1
1274.80 10.1
1275.71 2.8
1277.69 3.1
1290.48 5.0
1300.96 5.9
1307.45 1.5
1316.69 2.2
1317.74 3.5
1327.47 12.4
1328.45 21.2
1329.54 6.4
1341.68 3.9
1364.82 1.5
1366.78 25.5
1367.70 2.3
1382.93 1.5
1384.72 93.4
1385.77 32.4
1386.82 11.2
1387.70 4.5
1398.86 3.4
1404.87 1.5
1412.86 3.5
1418.53 1.0
1422.11 1.9
1424.01 1.2
1435.63 5.5
1437.11 1.9
1438.48 13.0
1440.82 17.1
1441.76 4.9
1445.56 6.0
1452.80 4.6
1453.84 34.2
1454.89 6.7
1458.65 5.3
1463.80 8.4
1464.44 1.1
1471.77 226.3
1472.80 105.7
1473.80 56.7
1475.78 6.6
1481.85 20.8
1482.82 6.3
1493.88 4.5
1494.69 3.6
1496.10 2.8
1496.94 1.6
1512.50 1.5
1514.01 2.5
