1066.53215 2
154.94 3.0
156.03 1.9
157.35 3.8
158.02 3.7
159.21 13.6
160.09 3.1
162.06 4.3
163.28 2.9
164.13 1.5
165.21 4.3
166.14 5.6
168.27 3.3
169.21 3.1
170.18 20.7
171.12 10.2
172.08 3.2
173.21 5.9
175.16 6.7
177.13 11.4
178.13 4.8
180.13 6.7
181.13 10.3
182.19 9.2
183.13 10.1
185.19 3.2
186.25 5.5
187.22 29.5
188.07 3.9
189.12 6.9
189.94 3.1
192.22 6.3
193.34 8.9
194.14 2.1
195.34 1.1
196.17 24.7
197.10 8.7
198.22 6.6
199.08 9.8
200.21 46.1
201.31 5.3
202.27 4.3
204.11 21.2
206.80 8.9
210.23 43.3
211.27 11.9
212.19 7.3
213.29 12.6
215.04 30.5
217.19 2.3
217.88 2.4
219.03 4.6
221.20 16.5
222.14 3.9
223.27 5.1
225.09 7.0
226.12 11.7
227.21 35.8
228.24 3.6
229.16 2.7
230.02 2.3
231.75 3.9
232.90 5.3
234.04 5.7
235.12 9.2
236.09 8.8
237.12 3.9
238.27 9.3
239.16 6.5
240.34 3.7
241.47 1.0
242.39 4.1
243.24 7.7
244.31 2.1
245.10 2.3
249.11 11.9
251.21 11.5
252.99 2.2
254.41 20.8
255.12 196.2
256.18 32.2
256.94 12.3
258.21 13.3
259.31 9.9
260.22 5.6
261.27 2.0
262.14 8.7
263.23 9.2
264.97 8.4
266.06 7.6
267.14 10.6
268.17 7.3
269.22 6.4
270.32 6.6
272.24 336.7
273.24 19.9
274.29 1.9
275.29 7.8
277.28 15.1
278.24 16.1
279.22 14.3
280.09 26.1
281.97 7.7
283.21 59.6
284.14 2.8
285.19 4.9
286.35 1.8
288.20 2.8
289.12 3.3
290.18 5.4
291.26 4.2
292.43 3.0
293.49 4.7
295.01 10.3
297.19 151.4
298.20 5.2
300.12 163.2
301.16 25.0
302.39 3.0
303.30 7.0
304.17 9.4
305.21 7.5
306.15 5.9
307.66 2.0
308.37 6.1
309.16 1.3
310.14 5.1
312.15 6.6
313.73 13.7
314.86 2.0
316.15 3.3
317.18 3.9
318.26 5.4
319.31 7.8
320.28 1.5
321.42 27.9
322.26 15.7
324.06 9.9
326.44 9.0
327.35 3.4
328.83 14.5
330.53 7.5
331.33 8.4
333.38 1.6
334.42 1.9
335.38 1.9
336.24 26.5
337.16 5.7
338.35 11.4
339.35 34.8
340.32 15.8
341.42 6.9
342.25 4.3
343.13 3.5
344.24 8.4
345.07 7.7
346.51 6.0
347.14 1.8
348.34 12.8
349.56 12.6
351.27 1.3
352.23 2.3
353.03 1.8
354.35 6.9
355.43 22.6
356.16 10.4
357.20 9.9
358.38 6.9
359.18 3.5
360.41 12.5
361.06 6.5
362.22 3.6
363.18 9.9
365.14 2.1
366.34 5.5
367.27 3.8
368.47 6.0
369.17 8.2
370.39 1.6
371.47 13.6
372.38 13.7
373.08 14.0
375.01 21.7
375.65 9.8
376.32 2.7
377.46 3.1
378.14 7.3
379.39 3.0
380.18 1.1
382.32 3.9
383.26 26.2
384.16 42.8
385.38 11.2
386.10 4.8
387.60 12.8
388.33 8.9
389.24 8.0
390.42 7.5
391.30 3.1
392.16 1.7
393.16 25.5
394.42 9.0
395.37 4.7
396.31 23.0
397.24 14.1
398.00 13.4
399.25 5.7
400.42 3.4
401.28 14.6
402.14 18.3
403.26 8.9
404.35 9.6
405.29 9.7
406.13 5.5
406.75 1.6
407.97 19.9
410.24 101.6
411.22 50.9
412.17 25.5
413.20 8.6
414.04 23.6
415.20 12.2
416.23 24.9
417.07 4.6
418.95 46.4
419.99 12.3
421.45 5.4
422.37 4.3
423.27 15.0
424.33 3.7
425.84 17.8
426.45 4.0
427.26 17.5
428.35 62.7
429.22 20.1
430.46 14.1
431.50 7.4
432.48 33.2
433.65 12.4
434.34 16.9
435.13 11.6
436.31 14.0
437.17 1.7
438.12 4.7
439.24 30.5
440.21 12.5
441.30 12.4
442.17 1.9
442.79 8.8
444.19 8.4
445.02 41.6
445.77 24.6
446.44 10.8
447.21 14.6
448.29 11.2
449.81 12.9
450.51 10.9
451.42 3.6
452.14 21.8
453.12 25.6
454.19 76.2
455.21 15.6
456.15 7.8
458.53 26.2
459.33 90.0
460.57 15.9
461.27 20.6
462.11 7.2
462.96 23.9
463.91 4.1
464.55 2.2
465.96 23.2
467.60 40.6
468.37 26.5
469.41 21.3
470.49 22.8
471.58 4.9
472.42 24.6
473.34 18.7
474.39 86.8
475.19 25.6
476.28 11.9
477.03 30.1
478.03 18.6
479.29 13.7
480.28 3.0
481.41 13.0
482.67 15.6
483.41 10.1
484.58 16.7
485.26 22.7
486.39 23.7
487.08 13.8
488.03 15.2
489.31 86.8
490.26 30.3
491.82 29.9
492.83 25.5
494.79 13.2
495.41 10.2
497.39 28.3
498.37 37.8
499.42 25.2
500.07 11.6
500.92 21.0
502.27 15.3
503.22 36.8
503.91 30.9
504.95 11.8
506.97 18.8
508.43 36.7
509.34 7.6
511.14 218.0
511.89 81.4
512.51 34.9
513.50 16.7
515.23 364.9
516.45 765.6
517.39 192.0
518.68 16.2
519.50 24.7
520.94 10.4
521.94 14.1
522.94 16.1
524.66 149.3
525.31 545.7
525.94 225.9
526.96 1.3
528.56 3.0
532.55 3.0
533.89 2.3
536.94 1.8
539.32 3.8
547.45 4.9
552.35 1.4
553.41 6.7
555.05 13.4
555.72 7.7
556.58 17.0
558.42 4.9
559.71 2.4
564.32 11.1
567.59 1.2
570.47 1.5
571.53 4.2
574.42 4.4
577.53 9.5
578.37 5.7
579.00 4.4
581.50 4.1
583.26 5.5
586.29 9.0
587.55 20.1
590.25 4.2
591.89 4.8
593.58 1.9
594.48 3.0
595.36 7.3
596.51 5.7
598.50 6.5
600.50 3.8
604.16 10.5
605.94 1.9
607.22 9.3
607.86 13.2
608.47 4.8
612.15 6.7
614.46 13.6
618.08 10.8
619.37 7.7
621.61 17.4
622.51 47.9
623.56 5.9
624.47 1.2
625.51 1.0
628.30 9.3
630.67 3.3
631.59 1.6
632.34 4.1
635.39 1.7
636.48 7.9
637.19 14.7
639.34 225.4
640.33 86.4
641.35 11.4
643.10 2.7
645.09 1.7
646.34 5.7
648.24 5.6
649.26 1.4
652.56 5.7
655.49 4.6
657.34 37.2
658.51 14.8
659.48 20.1
660.87 5.7
662.31 1.9
665.42 2.8
667.97 9.0
668.60 3.7
671.91 12.3
675.24 3.0
676.34 1.9
679.58 18.7
680.37 2.4
682.35 7.8
683.87 6.2
687.48 2.2
688.39 2.4
692.55 4.6
693.17 6.0
696.58 1.7
697.63 3.1
699.62 24.5
703.73 21.3
704.70 13.9
705.62 1.3
706.94 4.6
707.64 10.0
708.37 1.8
709.34 7.7
711.33 6.6
712.30 2.9
713.40 8.2
714.56 6.0
715.60 2.8
718.58 4.7
719.46 10.1
728.09 16.0
731.54 7.1
732.96 7.2
734.16 7.2
735.43 8.1
736.50 3.4
738.47 1.5
746.21 3.3
747.34 11.8
749.39 54.0
750.48 307.2
751.47 68.9
752.38 12.5
753.31 32.2
754.45 21.1
756.64 1.7
758.75 4.0
764.33 1.5
765.30 4.4
767.44 938.6
768.47 158.2
769.52 4.4
770.42 19.5
771.27 11.5
773.27 8.7
774.44 14.0
775.37 18.8
776.39 7.0
777.58 7.9
778.42 3.1
781.65 4.9
787.66 2.1
788.59 1.2
789.56 5.3
790.45 7.4
791.85 18.2
792.69 3.7
796.87 3.1
798.36 7.7
803.42 10.8
804.22 10.6
805.57 1.5
806.28 1.1
807.51 5.4
808.25 1.8
809.56 4.7
812.81 8.1
813.58 1.6
818.87 1.8
820.58 4.4
821.43 5.9
822.46 1.4
823.43 12.4
824.58 21.2
828.72 3.0
830.61 1.3
833.63 1.3
834.55 2.4
835.50 3.9
836.65 5.8
837.55 2.8
838.29 3.4
841.58 7.9
843.77 4.3
845.68 2.4
846.42 21.7
847.44 11.7
849.51 3.4
850.52 18.8
851.44 10.3
862.43 9.8
863.50 100.7
864.38 28.5
865.75 1.8
866.46 60.6
867.56 27.1
868.47 5.6
870.58 2.6
875.55 1.2
876.69 1.8
877.56 4.3
880.60 79.3
881.53 13.2
882.43 1.3
885.50 1.5
890.40 1.5
893.20 2.3
894.40 5.5
895.45 11.7
900.45 2.1
902.80 4.1
903.69 3.2
904.41 3.9
906.36 1.3
910.50 6.1
911.63 10.5
912.56 1.1
917.41 30.3
918.56 13.8
920.62 1.8
921.40 7.9
922.58 5.1
934.63 97.0
935.55 34.1
936.64 21.8
937.39 7.9
938.79 6.2
944.58 3.3
948.61 3.0
949.42 6.4
953.74 2.1
999.55 1.4
1014.30 3.0
1027.29 1.1
1045.70 2.9
