2233.0878 3
215.17 23.8
216.34 23.4
218.24 197.6
221.20 188.1
222.35 8.0
223.18 26.5
226.17 68.3
228.25 103.0
230.28 25.8
231.23 15.3
233.45 36.8
234.62 107.2
235.37 178.2
236.37 13.2
237.29 57.4
239.22 125.4
240.26 71.2
243.33 23.1
244.25 22.4
245.26 14.1
246.26 9.9
248.27 11.4
249.27 444.3
250.18 69.7
251.43 66.8
252.25 308.5
253.17 122.9
254.16 39.0
255.10 41.7
255.91 48.1
257.29 83.6
258.25 58.8
260.31 45.4
261.23 7.6
262.63 8.9
263.26 37.1
264.23 229.8
264.96 8.6
265.87 36.2
267.22 291.2
268.22 70.0
271.14 22.7
272.55 24.6
273.40 28.6
274.22 9.1
275.89 80.2
276.86 12.0
277.75 44.7
279.08 30.4
280.82 9.8
282.28 405.9
283.20 128.5
284.30 49.4
285.28 72.9
288.26 160.0
289.27 327.8
290.27 48.2
292.44 58.6
293.48 12.3
294.49 24.7
295.38 46.5
296.11 13.9
297.33 161.9
298.19 60.3
299.22 174.8
300.31 256.3
301.15 133.7
302.37 17.5
303.93 50.4
305.09 41.4
306.08 194.4
307.22 49.2
308.27 128.9
310.54 28.5
311.98 43.3
313.24 45.8
317.26 10.5
319.17 93.2
320.03 17.9
322.15 114.6
323.27 125.0
324.23 515.4
325.09 87.1
326.28 33.9
327.13 17.0
328.16 68.9
329.22 25.3
333.28 57.3
334.35 10.4
335.20 46.2
337.20 18.8
338.17 87.6
339.29 18.7
340.17 47.3
341.31 53.0
342.28 80.9
343.50 74.2
344.22 78.4
345.25 41.7
346.51 145.0
347.43 65.8
348.18 75.8
348.88 12.1
350.48 41.4
351.88 166.4
353.12 81.7
354.50 70.6
356.98 28.0
359.25 24.2
360.06 10.8
363.22 257.2
364.25 173.3
365.32 330.0
366.15 17.8
367.25 104.8
368.18 102.6
369.12 23.5
369.86 47.8
371.33 32.5
372.61 25.7
373.33 95.4
374.33 21.6
375.37 45.0
376.26 21.8
377.23 36.6
379.01 35.0
380.06 203.0
381.27 76.5
381.95 31.5
383.37 51.6
384.36 45.3
386.32 505.7
387.27 349.2
388.12 25.4
389.20 15.3
390.15 82.1
391.14 199.6
392.22 254.4
393.30 38.8
394.11 75.7
395.24 96.8
396.46 37.6
397.38 65.7
398.64 201.4
399.64 109.1
400.35 8.6
401.31 392.2
403.29 951.6
404.32 254.3
405.31 103.4
407.32 118.1
408.47 134.8
409.31 699.9
410.36 218.5
411.28 156.4
412.22 42.2
413.60 109.6
414.27 187.5
415.24 16.8
417.38 80.3
418.16 55.6
419.29 252.2
420.40 52.9
421.42 91.7
422.17 41.5
423.31 53.1
425.40 734.8
426.47 174.7
427.30 78.7
428.35 106.5
429.23 12.8
430.21 27.4
430.92 194.1
432.02 42.1
436.45 195.6
437.34 1307.6
438.32 321.6
439.62 197.9
440.35 23.8
441.48 138.6
442.32 29.7
444.35 146.0
445.61 26.6
446.48 128.5
448.26 160.8
449.40 91.4
450.51 318.4
451.59 333.2
452.36 51.6
453.23 101.3
454.07 88.6
455.35 32.1
456.60 88.0
457.55 65.9
459.01 105.1
460.31 40.3
461.20 152.1
463.05 191.9
464.05 99.7
464.97 29.0
466.29 31.8
467.35 13.0
468.55 97.5
469.51 161.6
470.32 34.4
472.01 81.4
473.73 286.2
474.44 125.7
475.66 64.7
476.34 205.5
478.03 132.2
479.26 192.6
480.35 395.2
481.38 97.9
482.43 130.9
483.41 44.2
484.73 121.2
485.58 18.7
486.30 60.2
487.53 121.1
488.39 123.4
489.34 38.0
490.31 21.1
491.57 208.8
492.75 148.4
493.64 375.5
494.45 44.6
495.28 38.8
496.37 126.0
497.38 80.1
498.65 175.2
499.48 85.1
500.19 31.6
501.80 41.8
502.98 159.9
503.60 20.2
504.89 254.7
506.39 372.9
507.44 749.5
508.40 182.7
511.16 109.9
511.99 221.2
513.25 88.1
514.16 108.1
515.26 311.8
516.32 1212.7
517.40 390.0
518.42 25.7
520.52 180.4
521.50 56.6
522.42 143.8
523.34 97.5
524.44 72.3
525.57 87.2
526.44 59.2
527.45 79.1
528.89 300.6
530.06 154.5
531.28 85.9
533.21 350.9
534.31 861.5
535.35 480.2
536.48 158.3
537.28 81.2
538.43 235.7
539.69 267.9
540.60 249.4
541.45 33.5
542.47 69.4
543.61 233.9
544.32 19.7
545.44 13.1
547.15 184.6
548.29 291.6
549.23 542.7
549.91 202.6
551.28 1699.5
552.28 584.1
553.74 110.5
554.35 59.7
555.31 109.7
557.32 3915.1
558.04 2310.8
559.26 79.4
560.87 282.4
561.81 68.7
563.08 278.4
563.72 351.7
564.38 128.0
565.30 104.9
567.46 143.5
569.59 29.5
570.24 41.5
572.18 1610.1
573.06 321.2
573.71 107.6
574.37 11.9
575.67 31.4
576.69 38.4
577.35 40.3
578.69 189.8
579.45 126.2
580.57 230.5
581.33 109.2
582.23 37.5
583.24 48.7
587.70 37.0
588.39 59.8
589.91 122.8
591.22 153.2
591.85 96.9
592.47 212.0
593.37 52.4
594.37 54.1
595.51 140.1
596.36 232.9
597.29 192.0
598.36 59.6
599.44 19.0
600.69 790.5
601.75 166.5
602.51 65.2
604.11 73.6
605.16 420.1
606.60 55.6
607.88 241.8
609.15 307.6
610.03 171.4
611.10 182.1
612.49 178.2
613.19 523.3
613.80 200.5
614.60 234.6
615.35 15.7
616.04 156.9
618.34 90.0
619.44 369.3
620.46 307.0
622.05 1358.2
623.11 202.9
624.12 66.0
626.27 111.2
627.50 212.7
628.73 209.6
629.43 276.3
630.93 294.1
632.08 187.3
633.08 120.1
634.25 176.7
635.07 166.1
636.48 1006.9
637.34 237.6
639.78 3943.5
640.66 647.2
641.69 38.6
642.40 47.5
643.44 229.8
644.39 133.4
645.62 15613.2
646.24 4235.0
647.35 982.5
648.61 899.5
649.46 423.4
650.37 101.7
651.43 254.8
652.28 22.9
653.20 93.1
654.43 153.5
655.75 190.4
656.51 80.2
657.61 2439.9
658.54 655.7
659.48 52.0
660.52 170.0
661.68 214.7
662.40 52.9
663.47 2035.9
664.42 2897.7
665.48 915.2
666.42 340.5
667.38 637.0
668.43 263.1
669.61 677.9
670.67 592.3
671.72 272.1
673.04 2643.8
674.07 20.4
675.24 37.1
676.14 100.8
676.85 1503.4
677.55 561.6
678.61 2372.9
679.50 339.0
680.36 80.4
681.50 66.0
682.60 5084.9
683.22 1809.6
684.79 351.2
685.47 655.2
686.54 301.2
687.68 197.9
688.79 1005.2
689.96 398.5
690.81 416.8
691.85 276.0
692.59 354.8
693.45 167.1
694.40 50.0
695.97 2355.4
696.94 325.3
698.49 181.4
699.67 198.6
701.08 186.1
702.20 3417.5
703.69 7.6
704.51 290.1
705.44 116.5
706.47 295.9
707.14 350.4
707.79 9749.5
709.51 347.7
710.27 540.3
711.18 738.2
711.84 273.2
712.89 698.4
713.52 657.0
714.24 108.0
715.07 64.1
716.24 181.2
717.46 51.6
718.61 568.6
719.54 1253.1
720.41 440.9
721.89 2611.0
722.55 1587.3
723.50 60.5
724.13 35.8
724.87 137.3
725.48 52.1
726.45 256.1
728.13 12691.0
729.08 2281.8
730.36 775.3
731.31 137.7
732.26 38.1
733.35 3546.4
734.04 5113.2
735.39 31.1
736.36 30.4
739.04 10.8
751.56 122.9
752.40 22.9
753.37 61.2
754.05 31.9
754.83 23.0
755.60 55.4
756.71 69.9
757.48 145.9
758.22 53.2
759.42 144.2
760.20 10.5
761.44 381.9
762.48 708.9
763.61 234.1
764.45 30.0
765.50 236.4
766.46 328.9
767.44 311.5
768.50 427.7
769.75 183.8
770.45 56.6
772.14 208.9
773.32 451.3
774.47 1113.8
775.51 519.9
776.84 1338.0
777.72 1169.0
779.40 3176.2
780.40 1464.1
781.45 90.4
782.35 46.2
783.62 12.2
784.44 126.0
785.75 7704.5
786.62 2255.9
787.47 120.6
788.74 90.9
789.36 23.6
790.61 453.5
791.55 1431.8
792.53 575.3
793.35 174.2
793.97 55.2
794.64 166.7
795.49 361.1
796.35 324.7
797.46 215.5
798.48 72.9
799.51 90.9
800.29 80.1
801.41 549.9
802.76 463.1
803.75 141.7
804.53 45.3
805.65 97.5
806.78 101.1
807.94 145.5
808.62 20.3
809.66 203.1
810.49 23.1
812.73 229.9
813.56 350.6
814.39 498.6
815.51 459.1
816.21 178.0
817.13 72.2
817.81 125.8
818.41 44.9
819.52 90.3
820.54 23.9
821.54 370.6
822.56 245.9
823.91 436.3
824.98 368.0
825.65 221.2
826.38 199.6
827.34 82.5
828.58 49.0
831.40 26.4
832.76 242.8
833.61 641.6
834.56 157.8
835.52 54.4
836.94 501.7
837.65 172.0
838.51 17.7
839.59 139.8
840.45 98.5
842.24 6344.7
843.24 1333.5
844.77 157.0
845.42 621.9
846.18 774.4
847.03 82.9
848.77 78.5
850.77 1355.1
851.52 446.1
852.14 199.0
853.53 37.9
854.46 58.8
855.59 71.1
856.56 16.0
857.43 76.2
858.88 725.2
859.73 3570.9
860.50 1209.5
861.42 264.9
862.50 229.7
863.25 33.5
865.06 147.8
868.38 268.2
869.63 135.8
870.30 18.7
871.19 128.8
872.76 311.2
874.07 155.0
874.69 84.9
875.64 33.6
876.66 232.6
877.71 304.4
878.49 2193.9
879.48 1070.6
880.83 371.0
881.64 273.4
882.63 389.6
884.40 246.0
885.90 737.0
886.76 111.8
887.45 138.4
888.11 53.6
889.21 49.7
890.65 3559.7
891.59 538.8
892.69 348.2
893.77 245.7
894.77 657.7
895.64 335.1
896.58 294.6
898.00 292.9
899.27 13328.5
900.22 3850.7
901.54 715.7
902.45 1015.0
903.42 587.3
904.46 627.8
905.33 219.2
907.13 1222.8
907.98 487.3
908.63 276.8
909.49 106.7
910.47 100.8
911.55 69.9
913.35 413.3
914.75 499.0
916.22 3062.5
917.23 904.5
918.31 23.6
919.21 37.4
920.50 857.0
921.38 484.4
922.66 261.1
923.66 299.6
924.50 328.4
925.41 336.9
926.27 53.1
927.19 117.7
928.68 144.5
929.90 174.8
930.60 45.2
932.04 182.9
933.23 65.4
934.18 97.3
935.09 45.1
936.41 53.3
937.63 128.9
938.59 77.1
939.59 205.8
940.55 77.8
941.93 233.8
942.60 407.6
943.51 80.4
944.41 213.8
945.69 70.2
946.59 102.1
947.86 152.8
948.64 153.8
950.29 666.2
951.26 433.4
952.29 509.9
953.06 10.5
954.22 566.7
954.95 198.5
955.77 377.0
957.04 528.2
957.98 146.5
958.93 1350.6
959.89 945.5
960.63 59.7
962.53 22.4
963.78 195.0
964.77 1050.3
965.65 305.1
967.73 8711.7
968.60 1754.7
969.65 281.6
970.60 40.7
971.70 80.5
973.31 4776.2
974.30 1119.9
975.96 139.4
978.54 247.6
979.27 251.2
979.90 125.6
980.98 93.8
981.77 110.4
982.71 40.7
983.65 113.2
984.44 35.3
985.81 989.3
986.74 386.3
987.80 974.2
988.70 30.8
989.55 250.3
990.90 422.3
991.53 1468.4
992.47 712.8
993.69 185.2
994.95 935.4
995.96 134.2
996.86 77.8
997.68 116.8
998.50 76.8
999.84 1136.5
1000.59 862.4
1001.85 197.0
1003.61 89.9
1004.74 179.5
1005.59 72.5
1006.66 357.2
1007.40 270.8
1008.79 6173.8
1009.65 1693.7
1010.43 12.0
1011.57 30.9
1013.14 494.8
1013.94 395.9
1014.64 508.7
1015.59 119.4
1017.25 285.8
1018.24 129.8
1019.71 8.4
1021.36 417.0
1022.25 464.7
1023.26 620.7
1024.01 379.8
1025.21 294.6
1026.61 974.6
1027.50 452.6
1028.21 55.1
1028.89 32.8
1029.97 366.1
1030.58 141.4
1031.43 202.1
1032.37 1352.8
1033.15 169.8
1034.68 416.6
1035.85 3690.5
1036.76 634.7
1038.80 72.4
1039.61 132.6
1040.58 96.2
1042.29 85.2
1044.30 6068.5
1045.24 3341.9
1046.18 35.3
1048.38 7.6
1049.00 44.8
1050.52 44.7
1052.18 585.1
1053.28 1589.1
1054.38 502.6
1055.40 27.6
1056.63 371.0
1057.74 226.7
1058.76 192.1
1059.37 40.0
1060.84 1462.7
1061.62 687.8
1063.85 50.8
1064.64 34.0
1065.83 435.7
1066.99 185.8
1067.71 207.8
1069.08 131.0
1069.73 52.4
1070.64 27.9
1071.35 68.3
1074.31 223.6
1075.30 101.1
1075.94 17.5
1078.16 83.6
1078.79 122.2
1079.68 165.2
1080.67 125.5
1081.60 7.7
1082.62 41.6
1085.71 21.3
1086.54 76.5
1088.62 21.8
1090.33 44.8
1091.57 1107.4
1092.64 994.6
1093.70 333.8
1094.54 68.6
1095.58 79.5
1096.58 986.8
1097.59 444.0
1098.76 196.9
1100.33 20.6
1102.59 78.3
1103.57 148.3
1104.67 210.9
1105.73 33.6
1107.55 30.5
1108.73 99.8
1109.62 37.2
1110.57 70.4
1111.54 14.5
1112.55 36.6
1113.56 948.6
1114.64 756.0
1115.66 288.4
1116.61 16.0
1117.59 13.7
1120.55 1508.3
1121.56 557.8
1122.59 264.9
1123.48 16.0
1124.72 108.8
1125.55 86.8
1126.48 127.7
1127.51 26.3
1128.58 11.4
1130.44 24.2
1131.32 21.4
1134.45 89.3
1135.57 72.5
1138.04 35.0
1138.77 117.0
1139.66 94.1
1140.40 49.1
1142.07 37.1
1142.68 294.9
1143.54 380.0
1144.80 108.7
1145.82 71.3
1146.50 40.4
1147.77 23.3
1148.86 62.4
1149.61 70.1
1150.52 49.8
1151.42 51.0
1153.70 36.2
1156.61 17.4
1157.80 19.9
1158.64 43.2
1160.35 55.7
1161.52 46.7
1162.43 35.2
1164.69 34.6
1166.59 108.7
1167.61 246.8
1168.55 103.2
1169.47 63.1
1170.31 13.1
1171.65 45.4
1174.70 15.5
1176.89 78.1
1177.67 17.4
1178.65 210.3
1179.67 30.9
1180.43 47.5
1182.76 37.6
1183.76 50.5
1184.69 91.9
1185.66 37.8
1186.97 22.3
1188.68 20.7
1189.58 33.8
1191.54 119.1
1192.84 27.1
1193.95 21.1
1194.79 78.2
1195.56 13.4
1196.94 28.5
1199.65 256.8
1200.84 217.4
1201.60 10.5
1202.41 106.3
1203.25 180.4
1203.95 16.3
1204.74 45.3
1206.60 36.8
1207.61 88.5
1208.81 86.5
1209.68 238.8
1210.71 102.9
1211.49 63.0
1216.53 25.0
1219.90 75.5
1220.58 250.2
1221.62 214.7
1222.75 124.9
1223.77 71.3
1224.67 204.3
1225.55 483.4
1226.68 153.7
1227.67 120.1
1228.63 25.9
1229.67 46.2
1230.36 9.4
1231.54 15.7
1234.69 24.5
1237.03 24.5
1237.87 55.5
1238.76 86.2
1239.80 59.3
1240.88 16.4
1242.64 602.7
1243.73 454.8
1244.85 64.4
1246.60 15.5
1248.45 17.4
1249.87 49.9
1253.69 23.4
1257.09 9.1
1258.62 26.7
1260.93 26.7
1262.78 7.9
1263.58 56.6
1264.92 10.2
1266.19 75.0
1266.82 33.2
1267.75 34.1
1269.01 33.7
1271.53 62.4
1272.54 26.4
1273.60 18.4
1274.59 14.3
1275.83 190.8
1278.86 65.0
1280.72 172.6
1281.91 206.3
1282.72 281.4
1283.63 24.9
1284.57 54.1
1289.21 12.9
1291.79 76.6
1292.70 213.7
1294.51 12.0
1295.81 50.4
1296.66 22.5
1297.65 34.2
1298.89 11.9
1302.57 30.0
1304.24 22.1
1308.29 56.8
1308.97 140.8
1309.59 109.6
1310.78 106.0
1312.80 28.5
1313.83 57.8
1314.83 149.6
1317.81 13.0
1318.86 34.8
1320.32 33.2
1321.94 27.9
1322.81 20.8
1324.43 8.2
1326.80 56.0
1328.01 41.4
1328.67 34.5
1331.01 9.9
1334.58 129.8
1335.40 51.1
1336.68 13.5
1338.82 67.3
1339.71 64.8
1340.74 14.3
1344.38 39.1
1345.04 58.4
1346.81 13.5
1348.53 21.0
1350.49 21.5
1351.73 99.6
1352.84 149.1
1353.69 128.3
1354.75 48.9
1355.78 293.9
1357.14 53.1
1357.79 9.2
1365.82 13.3
1366.84 129.7
1376.73 21.6
1377.52 27.3
1378.59 25.8
1379.67 9.8
1382.21 25.8
1384.70 11.3
1385.95 25.7
1386.64 25.8
1389.98 37.5
1391.70 19.7
1394.85 117.7
1395.94 68.3
1398.95 29.2
1404.73 71.8
1406.68 70.8
1407.36 59.6
1408.00 8.8
1414.96 17.4
1416.11 9.4
1419.83 23.7
1420.68 77.3
1421.75 98.3
1422.54 58.2
1423.68 222.3
1424.69 118.4
1425.87 61.0
1426.47 12.3
1432.74 42.1
1433.67 91.6
1435.66 62.8
1437.89 35.8
1440.87 33.5
1441.64 90.8
1442.69 174.0
1443.78 129.3
1448.53 18.9
1454.85 110.2
1455.79 102.3
1456.85 9.2
1465.85 36.6
1466.79 41.8
1473.73 11.9
1483.98 41.0
1491.56 10.1
1495.81 10.7
1503.66 47.6
1504.89 39.2
1508.45 36.1
1509.25 140.0
1510.08 19.8
1510.83 13.5
1511.84 15.5
1513.62 11.7
1519.89 55.7
1520.98 15.1
1525.03 22.4
1532.45 54.5
1534.09 17.3
1536.94 105.4
1537.91 125.2
1538.69 47.1
1548.91 52.2
1549.80 34.9
1551.07 17.4
1551.82 64.0
1552.96 59.1
1553.83 119.6
1554.92 48.5
1555.88 86.6
1556.75 19.3
1562.99 27.1
1564.91 22.8
1565.95 45.6
1569.88 116.3
1570.78 116.7
1571.74 128.4
1573.34 10.2
1580.49 119.8
1581.75 13.4
1597.11 19.9
1602.42 23.6
1606.76 13.2
1608.05 22.2
1611.06 18.2
1618.04 13.6
1624.12 37.5
1626.90 27.7
1634.81 43.4
1635.67 12.2
1636.29 22.3
1641.95 30.4
1644.09 36.5
1648.23 26.7
1650.45 47.4
1651.26 127.5
1652.07 150.5
1653.24 79.5
1655.77 9.1
1660.69 39.3
1666.07 43.3
1668.57 21.9
1670.89 14.8
1674.04 31.6
1675.25 8.4
1679.00 14.5
1679.99 18.7
1682.71 12.7
1683.78 25.0
1687.36 27.5
1701.46 8.2
1704.36 10.7
1706.81 28.6
1717.82 41.0
1735.68 29.8
1742.23 25.3
1747.83 30.7
1758.14 21.5
1764.05 59.9
1771.79 18.2
1808.11 27.2
1814.94 19.3
1815.98 12.0
1831.91 69.8
1918.95 18.8
1934.01 16.6
1950.24 8.3
