875.75316 2
126.14 1.9
128.19 128.5
129.12 1.9
130.11 2.6
131.14 6.2
133.38 2.4
134.26 1.6
136.42 5.0
137.19 3.7
138.33 2.6
139.12 2.5
144.85 10.8
146.07 8.2
147.11 51.7
148.18 42.3
149.18 11.1
151.75 2.3
153.33 4.1
155.13 12.1
156.30 4.9
157.11 2.4
159.18 2.1
160.17 48.1
161.32 9.9
162.20 32.3
163.30 54.4
164.23 12.9
165.26 6.2
166.15 6.9
167.16 7.9
168.27 2.8
169.20 8.2
171.12 4.8
173.06 302.5
174.07 97.2
174.99 686.7
175.96 106.2
177.09 130.0
178.04 1.3
179.12 5.3
181.28 1.8
182.13 6.4
185.31 16.1
186.12 71.3
187.13 48.0
188.16 44.3
189.10 12.6
190.22 5.4
190.91 2.4
192.16 3.7
193.19 9.5
194.25 3.9
195.26 8.3
196.01 1.2
197.00 8.3
198.18 6.0
200.10 25.6
201.22 12.4
202.02 6.8
203.02 35.0
204.20 8.0
205.23 20.2
206.36 2.8
207.26 10.6
208.30 4.4
208.98 16.7
210.22 106.9
211.06 14.1
212.17 20.1
213.22 6.1
214.02 2.6
215.19 4.8
216.14 2.6
216.86 3.2
218.35 10.3
219.94 13.2
220.98 108.5
222.05 81.9
223.15 244.1
224.10 66.5
225.07 96.0
226.44 2.9
227.11 3.3
227.98 10.9
229.26 12.2
230.17 15.5
231.26 7.8
232.23 2.0
233.19 8.4
234.24 11.8
235.29 6.4
236.26 5.5
237.24 8.6
238.19 52.1
239.24 22.8
240.28 20.0
241.17 18.4
242.32 9.2
243.28 7.4
244.01 22.2
245.12 51.8
245.98 40.0
247.03 99.3
248.07 68.1
249.17 49.3
250.23 4.6
251.13 5.8
252.19 14.5
253.23 9.6
254.19 8.7
255.41 16.8
256.26 1.5
257.01 8.6
259.07 24.1
259.97 9.5
261.09 5.7
262.18 13.1
263.08 14.5
264.05 19.4
265.03 41.9
266.23 40.3
266.94 24.0
268.24 17.5
269.34 13.3
270.22 10.4
271.37 3.4
273.08 4.1
274.23 6.2
275.26 1.7
276.30 31.3
277.21 13.7
278.03 16.8
279.26 8.3
280.15 16.3
281.07 12.9
282.39 32.4
283.25 51.0
284.21 90.8
285.02 392.5
285.99 227.2
287.05 276.4
288.14 14.9
289.21 13.0
290.18 6.8
291.00 17.7
292.22 8.5
293.26 30.1
294.34 39.4
295.03 43.0
296.06 84.8
297.12 69.2
298.33 13.8
301.40 2.9
302.28 43.8
303.25 87.9
304.21 156.7
305.24 16.5
306.34 11.7
307.24 23.8
308.33 21.7
309.17 11.7
310.18 16.8
311.32 39.4
312.21 25.8
313.03 48.7
314.07 67.9
315.07 33.1
316.29 8.7
317.91 31.3
318.51 2.9
319.26 15.0
320.06 11.5
321.24 5.0
322.15 14.0
323.34 28.2
324.28 49.6
325.24 12.4
326.30 11.9
327.26 28.0
328.28 162.1
329.28 9.5
330.02 11.0
330.88 8.6
332.24 19.3
333.31 21.9
334.40 22.4
335.32 11.3
336.24 21.8
337.43 28.5
338.25 18.4
339.28 20.1
340.27 37.2
341.15 20.0
342.19 4.4
343.39 4.9
344.17 2.0
345.44 6.7
348.31 13.2
349.35 63.4
350.12 79.1
350.85 135.9
351.62 3.5
352.31 8.9
353.33 42.7
354.17 13.6
355.33 16.2
356.15 52.0
357.22 21.9
358.24 43.1
360.24 9.2
361.30 9.3
362.38 20.1
363.44 9.7
364.13 46.3
365.15 18.3
366.53 7.1
367.26 16.3
368.33 5.4
370.08 5.8
371.85 4.5
373.25 3.2
374.21 20.7
375.12 18.5
376.24 52.4
377.21 32.1
378.11 73.2
379.27 41.4
380.25 50.9
381.18 20.3
382.07 137.8
383.17 27.9
384.32 6.3
385.26 4.2
387.15 10.0
390.34 25.8
392.13 105.9
393.13 78.8
393.94 735.9
394.87 992.4
396.24 24.2
397.12 24.8
399.97 22.6
400.61 4.9
402.16 57.0
403.24 65.6
404.25 12.8
405.30 7.7
406.23 24.2
407.23 8.0
408.28 19.6
409.16 27.5
410.13 73.1
411.01 9.2
411.69 23.7
412.65 5.8
418.66 4.6
420.22 582.4
421.18 328.2
422.13 6.6
423.73 12.4
428.77 8.8
437.96 4.5
439.08 3.0
456.78 5.5
475.70 4.2
478.43 1.6
483.05 1.3
484.22 2.0
547.17 2.5
575.58 6.6
657.64 4.5
660.53 3.0
666.25 2.4
674.61 12.7
675.25 5.5
746.48 1.4
747.72 17.1
748.53 2.8
809.54 4.4
