1883.81291 2
276.32 24.0
277.55 3.0
281.33 1.3
282.27 2.6
283.89 5.0
285.28 2.8
291.04 1.2
294.13 3.9
295.86 4.5
298.24 1.1
301.16 2.3
309.57 7.2
313.48 1.4
324.04 1.9
325.42 3.1
328.54 2.9
333.29 6.9
336.06 1.4
337.38 1.3
338.31 1.1
341.08 2.2
342.47 2.2
349.34 1.9
351.33 1.9
352.05 2.7
367.42 7.4
370.01 2.3
372.24 4.4
373.16 7.4
375.41 2.2
376.99 1.8
378.38 1.3
379.34 1.3
380.91 1.7
382.20 6.9
384.09 3.6
385.44 6.8
386.10 1.8
387.26 1.3
388.29 1.1
390.41 28.5
391.17 5.9
392.32 3.3
395.33 15.1
396.26 2.3
397.47 2.3
402.01 1.6
403.29 2.4
405.35 3.0
406.35 1.2
407.43 4.1
408.17 3.2
409.27 2.9
411.36 1.3
412.34 1.1
413.35 4.1
419.09 1.8
424.47 4.9
425.37 3.3
428.23 2.2
429.30 36.3
430.38 23.9
435.04 2.6
437.43 1.3
439.05 2.0
441.26 4.1
442.35 2.5
443.21 2.5
446.12 3.0
447.29 390.7
448.37 53.9
449.36 4.2
453.14 3.8
456.44 5.6
457.15 3.7
459.47 4.0
464.23 3.5
465.35 1.0
466.25 1.7
473.36 1.4
479.41 3.3
480.17 1.0
483.44 3.0
486.34 10.1
487.33 27.1
492.23 1.7
493.17 5.8
496.19 2.5
500.33 3.2
501.41 2.3
502.11 2.4
503.29 1.2
504.42 376.1
505.38 51.7
506.41 5.9
508.45 9.5
518.32 3.5
520.20 2.6
521.07 1.5
523.25 2.2
524.23 1.3
528.64 2.1
534.05 3.2
535.62 5.0
537.22 1.6
538.64 1.8
539.28 1.6
541.14 2.5
544.36 4.0
545.23 2.3
546.52 1.8
548.08 2.5
550.15 13.2
551.12 2.0
552.45 2.0
555.40 2.7
558.28 2.8
561.33 1.6
564.49 1.2
565.35 3.1
569.47 2.9
571.33 5.5
572.35 9.1
573.06 1.8
577.21 7.5
579.12 7.4
585.34 5.0
586.29 2.4
587.36 3.0
589.31 1.6
591.22 1.7
592.45 1.9
594.02 7.7
596.82 4.0
597.52 2.6
602.45 3.3
603.42 6.3
604.43 8.3
606.39 2.6
607.55 1.5
608.42 3.6
610.13 2.0
614.35 6.8
615.45 13.2
616.31 10.4
619.31 4.1
620.24 3.4
620.85 3.2
622.08 4.1
624.20 2.1
627.89 7.4
629.25 2.9
630.19 2.6
631.52 7.6
632.78 16.2
633.40 164.9
634.53 68.1
635.36 2.7
636.24 14.8
639.33 7.3
641.07 10.3
642.40 12.8
643.52 3.4
645.46 2.7
647.23 11.8
648.17 13.2
649.28 4.0
650.31 5.8
651.35 2.2
652.34 1.6
653.44 1.2
655.07 6.3
660.23 4.6
662.20 3.2
663.14 1.5
665.11 18.2
667.45 4.7
668.59 4.1
670.38 6.3
672.39 22.3
673.45 66.0
674.27 10.0
676.25 7.3
678.18 2.4
680.89 2.1
682.58 2.3
683.39 6.1
685.63 1.8
686.28 3.9
687.21 2.7
687.81 2.8
690.42 654.1
691.47 155.4
692.38 33.1
693.22 8.8
694.41 2.9
695.60 2.3
697.33 1.1
698.43 4.4
699.61 3.2
700.32 4.2
700.94 2.0
702.06 5.2
703.36 2.6
704.28 4.2
705.51 2.4
706.27 1.8
707.44 5.1
708.28 7.2
709.47 2.4
710.28 5.2
712.19 1.5
713.75 4.6
715.45 6.3
717.43 14.8
718.32 1.3
719.17 8.5
720.34 19.5
721.58 1.2
722.62 7.2
723.28 11.2
725.56 5.6
726.69 3.4
729.51 3.2
730.63 17.1
731.57 11.2
732.18 3.1
733.40 11.4
734.71 7.7
735.96 11.9
737.08 15.2
739.55 9.4
740.58 4.3
741.45 3.9
742.27 1.1
743.25 4.5
744.57 10.8
745.54 1.4
747.40 435.7
748.47 134.8
749.43 8.3
750.25 8.8
751.29 2.4
753.16 13.9
754.32 6.2
755.31 1.8
758.50 16.5
759.46 105.3
760.39 90.7
761.44 24.6
762.24 6.0
763.34 8.8
765.52 10.4
767.05 10.9
770.07 3.9
771.34 3.4
772.32 7.1
773.92 9.0
774.80 2.8
777.40 1510.9
778.45 360.4
779.49 24.7
780.26 7.3
781.50 4.6
782.68 8.0
783.68 4.7
785.38 10.0
786.24 2.8
788.11 8.0
788.79 5.3
789.62 41.8
790.95 29.2
791.80 1.2
792.46 4.7
793.24 1.4
794.71 20.6
795.39 13.5
796.43 20.1
797.49 5.7
798.13 4.7
799.38 1.9
800.29 19.9
801.06 7.5
802.17 13.6
803.10 15.8
805.45 34.3
806.32 62.9
807.23 11.8
809.06 19.8
810.05 10.1
810.70 20.3
811.77 14.4
812.50 6.6
813.41 2.5
814.14 16.1
816.40 96.2
817.51 59.3
818.37 39.4
819.11 24.0
820.32 72.1
821.54 19.0
822.60 20.3
823.33 4.5
824.32 66.8
825.30 11.8
826.25 9.7
826.89 12.3
827.65 8.3
829.03 28.8
829.66 11.3
830.32 33.2
831.22 4.9
832.23 14.7
834.43 1280.6
835.49 381.2
836.47 25.7
837.47 5.5
838.37 4.6
840.81 21.1
842.08 20.0
843.60 1.3
844.44 2.4
845.68 34.0
846.37 66.9
847.30 11.1
848.38 31.3
849.46 8.5
850.47 5.2
851.17 6.6
851.95 3.0
853.45 7.1
854.69 19.1
855.39 3.5
856.17 10.6
857.49 24.7
858.11 4.1
859.88 29.9
861.22 50.3
862.50 21.1
863.28 133.8
864.52 81.9
865.61 53.3
866.54 31.6
867.49 22.1
868.86 73.9
869.73 76.2
870.55 33.6
871.74 17.2
872.46 31.8
873.94 29.8
875.05 72.1
876.03 52.1
877.37 20.9
878.51 81.6
879.37 33.9
881.10 134.8
882.34 43.3
883.77 34.2
884.84 11.1
885.57 5.5
886.31 24.8
887.86 27.7
889.31 23.7
890.53 469.2
891.59 132.1
892.62 25.9
893.70 32.0
894.51 18.6
896.18 65.2
897.12 63.9
898.47 57.8
899.55 16.3
901.26 59.0
902.66 77.2
903.54 66.2
904.54 32.3
905.32 22.0
906.07 22.2
907.44 48.2
908.36 14.4
909.39 51.9
910.56 37.1
911.64 128.5
912.68 13.8
913.49 6.2
914.38 18.0
915.79 98.9
916.62 23.5
917.40 49.2
919.33 280.6
920.29 139.0
921.24 26.9
922.47 12.0
923.35 11.8
924.72 1028.7
925.58 251.8
926.72 6.5
927.77 32.1
928.46 58.9
929.12 66.6
929.82 29.3
930.66 16.7
933.40 7.2
934.08 6.7
938.59 1.7
943.61 2.3
947.59 6.3
948.92 20.2
949.64 19.1
956.53 2.7
957.40 3.5
958.70 31.2
959.43 94.7
960.47 19.0
961.50 48.0
962.21 4.3
963.48 17.7
964.55 7.3
965.80 10.0
966.62 5.7
967.44 24.7
968.09 4.8
969.14 12.5
972.25 6.0
973.39 10.2
976.26 149.9
977.28 142.7
978.36 55.7
979.46 34.6
980.15 5.4
981.61 8.3
982.45 20.8
984.21 7.6
985.47 25.4
986.50 31.7
987.85 12.9
988.60 18.1
989.37 9.0
990.51 7.3
991.23 4.3
992.59 2.9
994.29 212.7
995.32 46.2
996.40 13.9
999.03 3.6
999.89 6.4
1000.59 1.3
1001.81 6.0
1003.56 191.3
1004.69 48.3
1005.85 12.2
1006.69 5.2
1007.52 1.8
1009.37 2.5
1012.45 7.7
1013.28 4.4
1014.46 64.3
1015.60 28.2
1016.54 3.1
1018.54 9.8
1019.29 6.8
1021.08 2.5
1022.48 17.7
1023.49 10.0
1024.45 6.1
1026.94 4.0
1028.26 18.5
1029.39 4.0
1031.16 3.7
1032.46 392.9
1033.44 123.0
1034.41 15.5
1036.44 6.4
1037.04 3.5
1038.57 7.2
1039.23 6.5
1041.01 8.6
1042.58 14.8
1043.43 2.6
1044.80 10.3
1045.50 4.4
1046.43 14.6
1047.42 1.1
1048.50 13.0
1049.62 19.8
1050.42 150.7
1051.38 39.8
1052.44 11.1
1054.51 3.5
1058.28 2.9
1058.96 1.8
1060.57 126.2
1061.65 69.7
1062.69 19.1
1063.36 3.0
1066.52 2.6
1070.44 3.1
1071.59 25.4
1072.62 50.7
1073.52 12.7
1074.72 1.5
1076.62 8.3
1079.30 39.2
1080.32 29.5
1081.22 6.4
1082.11 18.0
1083.37 8.1
1084.38 4.9
1085.60 4.8
1089.39 243.6
1090.34 332.3
1091.35 82.3
1092.18 4.0
1092.79 11.4
1093.48 23.3
1098.16 2.0
1101.56 25.3
1102.38 36.2
1103.40 19.3
1104.05 1.5
1105.37 1.6
1107.44 452.0
1108.51 91.7
1109.33 10.2
1112.99 4.5
1113.64 1.3
1114.99 6.2
1115.63 2.2
1117.50 8.6
1119.42 102.5
1120.55 32.9
1121.54 6.7
1123.54 9.5
1124.55 2.9
1128.89 3.9
1130.86 10.4
1131.69 8.4
1132.60 5.8
1133.56 1.5
1134.53 3.4
1135.61 4.6
1137.38 63.5
1138.45 24.4
1139.65 6.4
1142.41 1.2
1148.00 2.0
1148.75 3.0
1149.43 8.0
1150.80 1.9
1152.35 12.0
1153.44 6.0
1154.13 1.3
1154.99 5.3
1158.47 47.6
1159.41 115.2
1160.46 21.3
1163.77 7.3
1166.60 6.6
1167.68 3.3
1168.52 3.5
1169.30 4.2
1171.01 7.2
1171.85 8.2
1173.11 11.6
1175.23 10.0
1176.45 154.4
1177.48 96.9
1178.39 5.2
1179.30 4.4
1180.12 8.8
1181.82 2.0
1182.67 1.7
1183.51 2.3
1184.17 7.2
1187.56 1.3
1189.61 1.7
1193.28 3.8
1194.51 78.9
1195.49 31.3
1196.35 9.3
1197.88 8.6
1198.68 5.1
1202.26 12.2
1205.11 3.6
1205.73 5.9
1210.73 2.6
1213.49 2.0
1215.45 48.2
1216.64 18.7
1217.63 5.4
1218.63 3.8
1226.71 4.1
1227.40 9.7
1228.73 15.6
1231.48 3.0
1232.20 6.5
1233.47 74.3
1234.48 31.5
1235.56 5.3
1237.59 8.6
1238.26 7.4
1239.16 1.0
1240.67 4.3
1246.13 4.0
1248.53 16.2
1249.64 6.2
1250.99 8.2
1251.67 6.1
1252.52 14.7
1253.38 6.0
1254.77 4.0
1255.62 2.1
1257.73 2.3
1263.88 1.5
1265.96 8.3
1267.58 6.7
1270.73 2.8
1276.51 12.0
1281.21 6.8
1287.49 4.1
1291.46 14.3
1292.79 6.0
1293.66 5.3
1294.71 3.3
1298.24 5.7
1299.15 4.6
1299.97 2.9
1303.53 20.4
1304.36 1.4
1305.32 3.7
1306.86 3.8
1307.79 5.9
1309.73 2.6
1310.75 2.4
1316.60 3.4
1318.57 2.5
1321.06 9.1
1323.37 1.5
1324.33 6.8
1326.49 5.6
1327.36 11.3
1328.61 12.8
1330.27 2.0
1332.53 5.3
1335.38 7.2
1336.57 22.9
1337.46 2.9
1338.15 1.0
1339.54 2.6
1344.50 13.1
1346.73 5.1
1348.49 5.8
1350.85 5.2
1352.44 9.2
1353.75 17.9
1357.60 2.3
1359.74 9.5
1362.61 130.5
1363.62 77.8
1364.63 17.6
1365.40 9.0
1367.44 5.0
1368.82 2.9
1369.61 1.1
1373.40 4.0
1374.50 1.4
1376.55 1.0
1380.62 105.3
1381.64 58.8
1382.81 5.5
1384.30 4.7
1386.07 2.4
1392.31 11.4
1394.51 3.1
1396.18 1.3
1399.11 1.5
1400.77 5.9
1401.65 8.5
1402.45 17.1
1403.18 4.7
1403.90 2.4
1404.68 1.3
1405.69 10.5
1408.61 1.3
1409.46 55.3
1410.42 35.5
1412.94 2.1
1414.35 2.1
1419.37 57.0
1420.62 158.8
1421.58 53.1
1422.61 3.6
1423.81 3.0
1424.46 1.8
1426.76 3.5
1432.05 2.0
1435.72 1.7
1437.53 125.4
1438.72 89.0
1439.63 20.0
1442.87 4.3
1445.71 6.8
1449.71 2.6
1454.17 4.6
1456.34 4.6
1457.66 1.5
1460.73 2.8
1476.77 27.0
1477.58 20.4
1478.84 5.2
1480.78 8.5
1483.56 1.3
1487.46 5.0
1494.61 20.8
1495.78 11.7
1498.00 1.7
1505.18 4.7
1506.36 1.8
1508.78 5.4
1509.62 2.7
1510.56 1.0
1512.51 8.2
1514.81 1.4
1515.75 3.6
1517.04 1.3
1521.94 1.2
1525.67 1.1
1533.26 7.4
1534.73 5.3
1535.70 4.0
1545.66 6.9
1550.74 2.5
1552.09 24.9
1552.84 3.2
1553.96 2.1
1562.34 2.8
1563.87 1.8
1567.84 1.7
1568.58 1.8
1570.78 4.1
1572.37 5.2
1573.68 11.3
1581.79 5.6
1586.97 2.0
1587.63 1.8
1589.73 4.0
1590.52 8.3
1591.69 8.0
1592.59 10.9
1599.99 16.3
1601.08 8.4
1608.59 30.9
1609.82 13.2
1610.83 2.7
1613.77 4.8
1617.36 4.6
1619.42 3.9
1620.80 1.6
1621.65 2.4
1622.73 5.8
1628.68 1.7
1631.86 3.2
1634.74 9.6
1635.73 8.0
1636.77 12.5
1638.53 4.5
1639.17 1.9
1643.20 8.8
1646.87 1.7
1652.64 14.4
1653.85 6.2
1654.62 7.8
1656.89 19.8
1657.69 2.3
1670.80 1.1
1673.56 2.7
1674.47 13.5
1675.58 6.2
1679.92 1.6
1681.73 5.2
1691.41 3.7
1692.17 13.2
1692.94 1.5
1693.86 3.7
1708.13 2.3
1709.66 41.1
1710.89 7.5
1711.74 7.2
1738.37 2.1
1749.59 2.8
1848.40 3.0
