841.49181 2
129.25 295.4
130.18 111.5
131.13 1.4
134.21 1.7
138.20 6.0
139.12 4.5
143.50 2.6
147.15 229.1
151.08 10.4
153.27 4.7
154.14 2.0
155.10 2.5
156.89 1.8
158.11 5.6
169.24 1.6
175.12 4.8
175.91 7.2
181.32 2.7
197.21 110.7
198.33 3.8
199.40 1.6
201.07 3.2
208.23 3.1
209.09 6.1
213.40 3.8
214.28 5.1
215.30 3.0
221.13 1.4
223.29 1.6
224.35 5.9
225.26 19.1
226.24 11.1
227.40 2.7
229.31 1.8
230.00 1.7
233.25 1.4
234.18 4.5
239.20 2.1
240.27 6.9
242.17 202.8
243.30 50.6
244.36 3.4
247.43 3.9
248.25 3.7
250.34 6.8
251.04 6.7
254.15 1.4
255.76 2.7
256.90 4.0
257.92 6.0
259.01 1.0
260.24 1646.8
261.33 142.5
265.21 18.3
266.38 21.7
267.32 76.4
268.30 122.8
269.23 12.6
270.41 1.9
272.41 11.7
274.06 10.8
275.22 1.2
276.27 2.7
279.35 9.4
282.91 5.4
285.28 92.7
286.29 6.9
288.97 3.2
291.24 5.5
291.88 2.8
292.96 4.7
298.20 18.7
300.27 2.2
301.21 6.7
301.81 3.4
303.27 5.0
307.02 927.3
307.97 4.7
309.19 4.9
311.00 1.3
313.23 4.3
313.97 2.9
314.95 2.2
316.21 4.1
317.24 7.0
319.56 4.6
320.41 2.8
322.15 8.9
323.08 12.2
325.96 3.0
327.10 27.0
327.92 4.1
329.18 1.9
333.30 4.7
334.49 28.8
339.39 25.9
341.59 7.9
343.25 4.6
346.37 2.6
347.22 7.9
348.19 37.6
348.86 18.9
351.89 4.5
353.99 3.5
355.65 6.6
356.29 3.1
357.26 5.2
357.92 6.9
358.93 13.3
363.28 8.9
364.18 12.1
365.44 4.4
366.69 9.0
368.66 8.0
371.46 16.5
372.43 14.8
376.22 9.2
377.53 27.0
379.00 7.7
380.36 3.3
382.11 10.7
383.13 18.0
384.32 12.6
385.49 10.9
386.37 3.5
389.71 16.3
390.66 22.1
391.43 12.0
392.52 4.5
393.22 10.8
394.29 14.7
395.97 11.1
397.37 2.7
399.50 13.8
400.22 12.5
401.00 3.9
402.01 12.0
403.08 165.4
403.86 206.4
404.76 23.2
405.72 17.8
407.12 5.2
408.91 48.7
409.71 39.4
412.65 3484.0
413.35 390.8
414.67 25.1
421.42 10.9
428.18 7.0
429.87 7.1
435.23 23.8
436.32 20.2
437.28 6.5
442.11 13.3
444.59 1.5
446.44 5.0
452.31 2.5
453.36 78.9
454.41 17.2
458.22 6.0
460.24 9.0
468.69 4.1
470.24 4.6
471.50 3.3
472.82 7.1
475.33 6.0
477.02 8.4
480.50 3.2
481.51 1.8
483.45 5.3
485.36 8.3
487.46 7.1
489.66 5.6
491.88 4.6
496.75 2.5
500.47 7.7
501.54 1.4
506.32 23.3
508.36 5.3
511.39 5.5
515.51 14.6
517.50 1.2
518.39 6.8
519.02 5.0
520.45 1.7
521.19 8.3
522.94 1.4
524.37 3.2
528.16 7.7
530.02 11.0
531.37 12.9
532.91 4.9
536.67 8.2
538.22 32.8
539.19 16.7
540.62 2.0
543.26 6.6
544.67 6.4
545.42 1.4
547.21 10.9
548.30 11.0
551.30 3.5
552.28 4.5
554.38 68.7
555.38 21.7
557.27 220.9
558.33 58.9
559.37 5.1
560.65 1.6
564.33 368.5
565.30 534.5
566.31 112.7
567.43 5.4
570.52 4.9
571.86 3.3
578.22 2.4
579.28 5.6
582.32 2952.2
583.39 749.0
589.35 2.3
600.44 5.0
608.30 1.6
613.40 8.5
616.53 2.1
629.27 1.9
630.64 2.1
633.80 2.0
634.47 1.8
641.42 4.8
642.38 1.3
649.40 17.5
651.23 4.5
651.84 2.3
652.58 4.8
654.78 2.2
660.17 6.0
661.17 3.8
662.40 3.1
666.36 10.7
667.51 16.7
668.46 7.9
669.43 1.7
672.27 3.5
674.64 1.6
676.44 3.6
677.42 69.5
678.44 138.8
679.40 47.0
686.47 4.8
692.34 6.6
693.31 2.2
695.43 474.9
696.51 136.8
710.50 1.7
711.78 2.6
712.58 9.2
713.34 30.0
714.46 11.2
728.78 7.5
729.75 3.4
740.43 4.9
742.32 8.5
765.51 3.9
768.63 2.2
775.32 1.3
818.57 1.4
820.65 7.5
