1201.69387 4
86.17 6.6
87.23 12.1
91.30 1.8
95.09 7.4
96.39 2.1
97.23 1.9
98.11 1.5
101.30 5.2
102.10 2.5
105.18 8.5
107.91 4.1
110.18 7.2
111.08 4.5
112.14 29.5
115.09 39.9
117.16 4.1
121.57 10.1
123.10 2.8
124.11 1.1
125.10 6.0
126.14 14.5
127.23 6.2
128.17 9.8
129.21 97.2
130.09 60.3
131.17 5.8
132.26 3.9
133.07 3.5
134.11 4.0
135.63 101.1
137.22 1.0
138.24 9.7
139.09 1.8
141.21 6.0
142.24 4.4
143.25 38.4
144.77 61.3
147.23 115.1
148.09 6.9
151.29 6.5
152.32 6.0
153.48 11.9
154.15 26.8
155.10 3.2
156.49 8.8
157.22 8.1
159.20 57.9
160.11 3.7
161.15 5.3
162.23 1.5
163.01 1.9
164.95 52.5
166.32 1.1
167.13 3.2
169.06 5.5
169.98 19.3
171.16 77.6
172.07 18.4
173.23 101.4
174.33 2.9
175.15 11.3
177.84 8.2
178.94 14.0
180.28 11.2
181.12 7.3
182.23 9.2
183.33 11.0
185.10 45.8
186.00 12.0
187.31 57.4
188.52 20.6
189.21 148.5
190.16 9.4
191.22 5.0
195.19 4.1
196.34 5.9
197.27 13.0
199.16 101.5
200.15 5.7
201.53 35.7
202.30 3.0
203.15 10.8
205.39 4.1
207.18 38.3
209.10 3.9
210.05 11.3
211.05 6.8
212.12 52.7
213.49 46.0
214.51 8.9
215.18 4.7
217.17 168.9
218.13 16.4
219.35 6.1
220.64 106.1
221.24 16.0
222.53 31.7
223.33 2.9
224.74 12.4
226.28 19.2
227.20 56.3
228.46 34.0
229.61 279.7
230.22 54.7
231.11 19.2
234.67 67.4
235.28 17.6
236.30 93.8
237.16 26.5
238.11 5.6
239.18 17.0
239.84 102.4
241.26 29.3
242.26 48.8
243.73 515.6
244.96 631.6
246.11 22.4
247.03 3.9
248.16 12.2
253.29 491.4
254.28 78.9
255.21 116.8
256.12 11.3
257.31 54.9
258.16 10.4
259.26 12.2
260.08 23.5
261.32 11.6
262.41 1.6
263.45 28.4
265.32 17.1
266.36 23.5
267.64 20.2
268.36 13.5
270.19 816.9
271.33 92.8
272.14 15.8
273.26 19.9
275.34 56.2
276.52 203.0
277.32 129.6
278.15 15.6
279.30 34.9
281.20 23.8
283.07 227.0
284.08 21.8
285.01 57.5
286.35 376.0
288.19 117.5
289.22 82.6
290.05 248.3
292.38 1343.5
293.68 482.8
294.32 31.2
295.15 7.3
298.69 3.2
300.99 3.1
301.91 1.7
305.74 220.9
306.93 4.2
311.68 173.4
315.45 3.0
320.31 6.1
321.43 1.8
323.91 2.8
325.42 16.0
327.11 4.4
328.32 7.0
329.07 18.3
330.36 15.7
331.23 3.8
335.32 3.5
336.53 13.7
337.86 30.8
339.30 33.7
340.19 14.4
341.43 13.9
342.28 4.2
343.26 6.9
344.31 9.6
345.38 22.0
346.11 7.5
347.76 9.6
348.81 30.2
350.00 163.3
351.91 111.7
352.73 27.3
355.17 19.2
357.72 690.8
358.88 2626.6
359.84 104.3
361.24 16.5
362.46 10.7
363.86 2356.4
365.26 8.7
367.10 432.7
367.93 15.2
369.52 4.5
370.20 7.1
373.24 182.1
374.32 140.3
375.36 110.0
376.34 6.5
378.44 4.4
379.47 7.7
381.39 3.0
383.15 14.8
384.58 24.7
385.31 7.4
387.35 6.2
388.30 2.7
389.69 20.5
390.62 8.9
391.32 6.6
392.22 11.5
393.66 4.8
396.07 3.0
399.18 8.8
400.70 22.2
401.46 34.8
402.22 12.9
402.95 9.5
405.18 4.1
406.13 22.7
406.89 1.3
407.64 1.0
408.97 7.7
411.36 3.5
412.20 2.1
414.42 421.2
415.45 1.7
416.54 3.4
420.92 2.5
422.73 12.1
423.59 26.4
424.37 10.1
427.33 6.9
428.22 15.4
431.30 48.0
432.29 4.6
433.93 22.3
434.84 14.1
437.23 2.0
440.00 265.3
440.94 27.5
442.30 18.1
445.28 1.7
446.19 1.6
448.99 53.2
449.99 25.5
452.47 2.5
453.54 5.5
454.36 3.4
455.32 3.1
456.35 1.2
457.92 38.7
458.82 6.1
464.42 4.4
466.78 321.5
467.45 163.0
468.39 16.9
469.25 9.8
470.18 14.0
471.42 20.3
472.35 7.6
475.31 17.9
476.50 3.7
477.36 3.7
478.34 1.1
479.38 1.3
480.41 4.2
481.13 6.1
481.90 4.8
486.29 330.4
487.25 100.4
488.42 111.5
489.41 18.8
490.69 1.7
503.46 3.1
510.36 1.6
512.34 3.8
516.69 1.1
519.43 3.4
523.29 5.4
525.27 2.4
541.99 1.3
544.94 5.0
553.37 10.8
554.25 10.2
563.74 1.1
568.30 6.1
570.90 10.8
571.62 2.2
581.51 4.6
582.24 1.6
582.91 1.6
585.54 1.5
586.44 23.0
587.56 4.2
588.40 4.4
589.30 1.5
596.55 2.1
599.49 12.7
601.13 38.0
601.86 9.8
602.82 15.2
603.50 79.7
604.53 26.0
605.43 1.1
609.29 2.1
611.55 1.5
614.98 3.7
619.44 1.4
622.42 4.4
629.42 1.1
635.03 3.1
641.32 1.5
658.33 4.2
669.33 1.6
680.39 2.2
682.71 2.6
714.59 6.0
715.53 4.7
716.41 16.2
717.47 7.2
725.49 2.7
729.07 1.1
787.50 1.4
797.75 1.7
806.63 1.7
810.64 2.5
814.57 7.8
815.53 1.5
824.33 2.6
828.67 4.5
829.33 4.5
830.38 2.7
