1123.56304 2
158.32 1.1
172.16 2.3
173.22 12.8
174.02 1.9
175.53 4.1
176.19 2.7
178.01 5.0
183.05 3.1
188.92 6.8
191.94 5.1
199.87 1.4
201.28 19.8
202.04 2.4
209.12 4.3
210.01 1.8
211.29 1.2
213.12 1.1
219.26 1.8
223.42 6.6
227.25 8.7
232.11 2.1
235.01 1.5
236.28 2.6
240.31 1.5
245.14 4.3
247.48 2.7
248.40 13.1
250.00 5.6
252.11 69.6
254.22 2.9
256.17 2.1
258.01 10.4
259.04 2.3
262.00 13.3
269.24 2.7
270.27 1.4
272.07 19.5
273.40 2.7
274.14 5.0
277.23 2.9
280.17 5.2
284.19 2.7
285.19 2.7
290.10 3.0
294.09 4.2
301.20 1.6
302.04 2.1
303.30 3.0
304.13 5.2
307.07 2.0
309.35 2.9
310.14 13.1
311.31 3.5
313.24 1.3
316.22 1.2
319.25 1.4
322.34 1.2
324.01 1.0
330.18 2.7
332.18 1.6
337.29 3.3
337.99 1.9
340.24 3.7
344.35 2.4
348.27 4.0
348.96 5.1
351.03 12.6
355.34 9.8
358.21 5.5
359.19 8.5
362.37 1.2
365.27 1.5
366.55 1.2
367.28 4.2
372.87 1.4
374.12 1.9
376.33 27.1
377.65 3.5
380.43 5.3
381.04 2.2
383.16 4.5
384.40 1.2
385.13 5.7
386.34 2.6
389.08 3.7
390.87 15.8
393.21 1.4
398.73 4.0
401.27 29.0
404.24 6.1
405.46 1.4
407.69 3.8
408.30 1.3
411.41 13.2
412.45 6.1
419.33 7.1
420.14 1.9
425.28 13.8
426.15 16.4
427.14 5.1
428.32 4.7
429.21 12.9
435.56 1.7
436.39 4.2
439.29 3.5
440.25 10.5
441.09 1.7
443.44 7.3
444.28 6.4
445.22 2.9
446.32 4.4
446.95 6.4
448.11 31.6
451.54 2.5
452.71 4.6
453.44 8.9
457.76 5.7
458.47 3.1
459.54 3.8
460.28 5.5
462.85 3.1
463.48 1.0
465.26 4.9
465.95 3.6
468.06 4.0
468.70 5.8
469.83 1.8
471.29 4.3
472.26 9.8
474.11 1.7
474.84 5.8
476.26 45.7
482.23 2.7
483.40 5.0
485.57 2.6
489.03 7.1
489.85 7.0
491.04 12.5
494.79 8.3
496.32 19.1
497.82 10.9
498.44 2.2
499.51 7.5
500.29 3.3
501.18 8.4
501.90 5.6
502.92 4.6
503.98 11.0
505.14 21.4
505.89 3.0
507.22 11.0
509.08 17.8
511.31 3.6
514.41 3.9
516.02 16.8
516.88 26.4
518.63 18.1
520.48 15.2
521.66 62.9
522.31 88.3
523.16 8.1
524.06 2.8
525.00 22.4
525.92 22.0
527.26 29.5
528.66 6.8
529.53 4.1
530.94 52.7
532.06 31.2
532.95 9.5
534.95 3.5
535.72 15.5
538.05 25.9
539.35 134.7
540.30 69.3
540.99 79.2
543.79 23.4
544.46 99.6
545.42 56.9
546.23 10.5
546.87 15.6
548.10 69.0
549.55 1.7
553.06 189.8
554.08 105.5
567.37 6.8
576.39 3.9
585.35 48.6
586.33 15.7
590.53 5.4
595.63 1.7
597.12 3.1
598.62 37.4
607.34 3.1
608.69 8.4
610.04 9.2
616.48 6.3
620.47 5.9
622.39 1.6
623.64 1.0
629.23 3.5
630.52 20.0
634.70 10.3
635.39 2.6
637.88 3.1
652.46 45.1
653.55 13.6
656.43 6.4
659.33 3.4
664.32 2.2
665.58 4.8
672.61 9.3
679.82 6.8
683.53 2.0
685.89 6.1
693.57 1.0
701.41 2.2
702.66 1.3
703.38 5.8
705.43 5.4
706.67 2.9
707.53 2.7
708.92 17.4
711.34 6.3
718.49 5.2
719.37 8.2
720.53 11.6
721.56 5.7
723.50 52.5
724.29 10.3
732.61 1.4
734.28 5.9
735.11 3.0
735.95 3.4
742.41 2.6
745.35 4.6
748.37 4.4
749.31 11.8
751.62 4.5
754.60 6.2
758.63 4.5
759.58 3.7
761.65 2.6
762.59 3.0
763.49 7.0
764.45 4.4
770.04 9.2
774.65 1.5
780.64 2.2
781.68 1.6
807.17 7.4
820.37 1.5
827.56 2.1
828.55 1.7
829.90 5.3
843.36 3.3
845.54 4.5
846.48 5.1
847.56 4.7
849.41 8.3
850.43 16.0
851.41 6.3
852.57 21.6
853.59 5.8
858.48 2.2
863.59 10.8
864.54 21.5
865.48 4.9
866.61 1.4
876.44 22.4
877.23 2.5
879.20 7.0
881.74 2.6
883.40 1.5
893.94 2.6
894.56 12.0
901.48 3.8
903.81 2.8
905.27 4.0
906.54 5.8
910.83 3.5
914.67 2.2
917.53 5.8
920.77 7.2
922.41 17.8
923.59 84.4
924.49 25.2
933.50 2.4
937.67 6.4
938.72 1.5
949.40 2.0
959.25 2.6
968.49 14.2
969.41 8.8
976.48 8.2
977.50 9.9
978.75 8.7
988.10 3.1
994.42 4.7
1011.99 3.0
1072.87 3.8
1084.92 1.5
1085.79 3.4
1102.56 1.5
