2355.2333 4
173.21 2.3
178.88 2.1
184.92 7.1
187.21 8.0
197.27 6.4
201.74 11.6
202.44 1.5
212.28 2.3
212.98 1.3
214.91 1.8
222.42 1.9
225.18 3.9
226.06 2.6
227.06 2.3
230.20 4.8
231.26 1.3
232.33 5.4
233.37 4.0
235.11 1.2
236.30 4.0
241.09 3.9
243.24 4.1
244.18 6.8
253.37 4.7
254.21 4.3
255.29 2.8
256.38 1.5
260.90 5.6
263.39 1.5
267.22 5.4
270.29 2.2
273.76 2.7
276.32 3.6
281.20 3.6
282.72 3.9
283.36 4.0
288.29 1.6
289.35 1.9
290.30 3.2
291.14 3.6
292.08 3.2
293.11 2.2
297.32 1.6
298.51 2.9
300.24 37.9
302.25 4.6
303.28 1.5
304.19 8.0
306.02 1.1
307.14 1.4
308.24 2.5
309.37 1.5
311.32 2.6
314.30 8.4
317.45 2.4
319.99 2.0
323.23 2.7
324.08 1.5
326.25 2.9
328.19 4.1
329.04 8.9
331.39 7.0
332.03 3.3
335.14 13.3
338.18 10.6
339.20 4.7
341.03 1.1
341.88 2.0
343.94 2.2
346.12 1.1
349.23 1.4
349.95 1.4
351.21 2.0
352.28 1.8
354.29 3.8
355.30 2.4
359.21 5.8
360.23 2.0
361.29 3.2
365.36 3.4
367.26 6.0
368.01 7.2
369.15 2.5
371.26 2.1
376.40 15.3
377.25 4.4
378.17 33.1
379.41 17.6
380.24 1.2
382.25 7.5
383.90 13.8
384.94 2.1
387.19 2.9
389.41 14.3
391.50 2.6
392.44 3.7
394.18 5.9
396.08 1.9
397.18 5.3
398.22 1.4
399.24 6.8
400.40 8.3
402.26 1.6
404.35 28.1
407.15 1.6
408.52 7.7
410.10 1.7
411.43 5.9
412.30 3.7
416.21 2.5
417.19 23.5
418.03 2.7
419.27 4.8
420.31 4.7
422.18 5.9
423.32 1.6
425.29 3.4
427.54 2.6
428.33 18.4
429.22 6.3
430.42 1.1
431.86 12.1
432.84 4.9
434.18 1.9
435.47 2.8
436.38 2.3
437.25 8.3
439.37 14.9
440.14 14.3
441.29 2.5
442.38 23.4
443.32 7.1
445.23 11.7
446.52 17.5
452.17 3.0
454.12 25.4
455.22 27.3
455.87 4.8
457.50 7.1
459.40 17.7
460.43 4.4
461.26 4.3
462.31 3.5
463.28 2.4
464.29 7.0
465.29 4.5
466.26 1.7
468.52 3.8
469.43 2.9
470.34 7.6
471.30 3.3
472.35 8.6
473.62 8.9
474.33 4.1
475.32 8.7
475.95 27.7
476.73 2.9
478.89 6.2
481.35 7.5
482.50 32.5
483.33 16.8
484.14 16.7
485.43 10.1
486.78 20.5
487.49 5.2
488.20 5.7
489.62 9.5
490.43 9.5
491.14 3.7
492.17 2.0
493.34 2.1
495.65 12.5
496.37 25.6
497.31 4.4
498.03 2.2
499.15 4.3
500.14 3.0
501.85 18.1
502.96 38.7
504.24 9.2
505.46 7.0
507.34 3.9
508.16 27.7
509.13 5.4
509.90 8.1
511.44 7.0
512.93 11.6
514.13 18.8
516.41 54.8
517.33 17.7
518.06 27.1
518.88 3.9
519.59 11.0
520.26 5.4
521.17 4.8
522.22 1.6
522.95 34.1
523.80 9.2
525.59 14.4
526.31 5.7
527.43 8.8
528.48 10.6
529.67 17.5
530.34 9.3
532.50 30.8
535.06 24.0
535.68 10.8
537.30 23.1
538.11 5.3
538.85 8.0
539.96 14.7
540.66 3.2
542.04 58.5
542.68 1.2
543.29 44.0
544.11 28.8
545.15 5.9
546.29 27.5
547.60 20.9
549.86 7.0
550.56 10.1
551.22 10.3
552.27 2.1
553.46 21.7
554.22 12.1
555.25 6.3
556.35 14.3
557.52 15.6
559.07 60.8
560.11 18.4
561.23 21.3
563.21 227.9
563.96 96.2
565.50 84.3
566.24 36.2
566.84 37.2
567.48 3.8
569.08 10.9
570.36 13.3
571.35 160.6
572.33 309.8
573.33 16.4
574.49 57.5
575.52 62.1
576.82 13.1
579.17 8.7
580.57 236.0
581.47 31.3
582.51 5.6
590.89 2.7
595.96 9.2
597.17 2.9
602.14 2.9
604.31 2.5
607.94 2.7
610.23 6.1
612.57 2.8
614.33 1.5
618.75 3.1
630.22 1.4
638.72 4.2
641.57 5.7
643.36 5.9
645.38 12.9
646.41 2.4
648.10 8.3
652.10 7.0
653.39 4.0
655.21 14.0
657.45 42.8
661.35 2.2
664.56 22.5
665.47 10.8
666.35 5.1
672.30 7.9
675.21 13.0
675.98 26.8
679.53 3.9
690.53 6.0
694.88 4.9
696.45 5.4
702.00 5.7
704.93 1.9
712.66 4.9
714.94 2.1
718.37 3.9
721.59 6.3
722.59 14.1
725.03 2.5
728.46 16.6
734.48 4.8
735.96 3.5
737.43 5.8
741.45 2.4
743.50 12.8
744.48 5.5
746.48 3.1
748.44 6.8
753.59 2.0
754.22 4.5
755.48 3.5
758.60 15.5
767.64 1.9
770.87 3.9
774.60 2.3
775.94 6.3
776.91 7.7
779.41 18.5
783.31 8.0
784.99 2.6
798.67 1.3
800.30 3.7
801.55 1.3
803.47 2.7
804.31 2.6
810.44 9.0
812.56 13.8
813.37 7.5
816.30 1.5
818.74 10.8
819.58 8.4
829.82 2.2
831.29 1.1
833.77 1.8
836.50 2.7
837.60 1.1
842.65 5.5
850.48 2.4
854.66 1.8
859.19 3.8
860.21 13.5
861.30 8.7
867.32 3.5
870.91 1.3
875.64 2.8
878.46 73.1
879.49 14.6
887.56 10.9
892.63 6.9
895.56 1.3
896.36 3.5
898.64 1.3
899.45 2.4
906.11 3.0
907.44 3.2
912.60 2.4
917.60 13.8
918.58 12.0
919.52 8.7
931.26 3.9
935.64 20.6
938.83 4.4
939.80 2.3
950.31 6.4
951.30 2.1
956.65 5.1
961.79 1.7
964.69 3.2
965.58 4.8
968.41 3.1
974.33 1.5
975.43 14.7
976.62 4.7
982.58 1.8
983.47 3.4
986.77 2.5
1001.74 2.9
1002.73 4.1
1003.56 7.0
1009.44 2.2
1012.61 3.8
1026.31 1.4
1027.06 1.2
1031.81 16.7
1032.72 9.5
1043.13 4.0
1044.47 10.1
1045.45 7.6
1047.48 4.2
1048.95 1.9
1058.45 1.7
1061.14 26.0
1061.88 31.8
1062.68 73.0
1063.68 14.8
1064.69 3.4
1066.71 2.0
1072.73 3.9
1080.69 1.1
1084.56 7.5
1102.51 4.3
1103.59 1.9
1141.00 3.0
1156.39 2.5
1606.58 2.6
