1216.55925 2
175.16 10.7
178.23 1.6
199.31 1.7
201.04 1.5
202.27 10.5
204.23 2.9
207.21 6.8
210.19 1.8
215.06 2.1
217.37 1.5
218.28 1.4
223.23 1.3
226.21 3.1
232.37 3.4
235.07 6.5
239.24 1.2
242.06 1.1
243.46 2.7
252.16 4.7
253.33 2.2
259.24 3.1
262.20 8.3
265.24 25.1
268.18 2.3
270.34 1.7
277.81 5.7
287.12 1.8
293.21 15.8
296.42 1.4
298.23 7.9
300.37 3.4
303.09 9.0
309.96 1.6
313.11 2.0
315.21 6.6
328.27 3.8
330.25 6.9
340.41 4.0
341.30 4.4
342.00 8.3
344.19 4.9
353.23 1.4
357.43 3.0
361.39 10.4
363.44 2.2
364.46 1.0
365.42 3.1
366.28 2.6
367.53 5.1
376.80 10.1
378.05 4.6
379.28 3.5
382.25 2.2
386.27 5.2
387.17 6.0
391.29 6.8
393.70 1.0
395.35 2.6
396.19 1.8
397.48 9.6
398.36 42.0
399.01 1.5
400.19 3.8
401.46 1.4
413.22 1.6
415.40 1.3
416.27 22.9
420.24 6.6
424.40 2.0
427.22 1.2
428.05 4.0
429.76 1.5
434.22 1.1
440.92 11.3
444.03 34.1
445.22 13.3
445.90 5.1
447.35 4.7
451.40 4.0
452.23 2.2
454.09 118.7
454.97 17.8
458.62 1.5
460.49 5.4
461.23 2.1
462.77 127.9
463.44 43.2
466.40 2.2
467.86 2.5
471.13 2.6
472.50 15.4
473.17 4.0
475.69 12.4
477.38 5.5
478.47 5.3
479.31 1.2
480.26 1.1
482.02 5.8
484.28 1.1
487.16 6.5
488.22 3.4
490.30 38.1
491.18 8.4
492.08 3.9
493.21 2.5
494.76 18.6
495.43 4.1
496.39 6.2
503.51 6.6
505.14 1.2
509.23 4.9
514.41 6.7
515.42 1.7
518.41 9.0
519.44 3.2
522.20 5.1
523.20 4.1
526.31 4.8
527.41 4.5
530.03 4.8
531.43 2.4
532.39 4.7
533.25 3.0
534.54 1.3
535.35 5.2
536.48 1.2
538.33 3.3
539.35 1.7
540.24 2.2
542.28 12.1
543.35 1.3
545.00 6.1
546.06 12.1
546.78 1.6
548.60 12.9
549.59 4.6
550.49 5.1
551.59 7.5
552.34 4.8
554.21 6.2
556.44 11.6
558.08 11.8
559.40 8.0
560.84 17.9
562.30 5.7
562.92 5.4
563.61 2.4
564.24 1.6
565.38 3.5
567.99 4.7
569.30 2.6
569.96 12.6
571.32 3.7
572.68 16.5
573.45 19.1
574.53 6.1
576.42 4.6
577.66 46.8
578.28 2.2
582.06 12.8
583.89 2.8
584.76 5.5
586.68 50.7
587.28 96.9
588.00 7.7
590.50 56.6
591.39 86.0
592.15 28.6
599.72 108.9
600.47 83.6
621.35 2.5
622.44 4.1
623.42 1.5
624.42 1.2
626.23 1.8
635.52 2.9
637.53 7.0
639.39 5.3
640.76 2.5
643.30 4.2
646.53 1.3
648.25 1.8
649.34 1.1
657.37 5.6
659.30 1.0
665.66 9.9
666.31 1.7
668.44 1.6
672.26 3.1
685.08 25.9
686.02 3.7
692.19 13.3
693.65 2.0
695.50 2.2
703.19 1.0
704.50 2.0
707.91 11.5
718.53 5.2
723.35 2.5
729.72 6.2
731.40 6.0
734.67 3.3
735.48 12.8
736.40 6.7
739.33 2.7
743.54 2.3
750.31 12.9
754.59 1.4
755.58 6.0
757.36 1.9
761.54 2.3
764.19 1.8
766.44 2.9
769.57 5.1
771.74 4.9
773.54 32.2
774.62 14.0
778.37 8.7
795.41 3.3
801.48 1.2
805.96 2.3
813.45 5.6
815.31 2.7
819.57 2.1
820.58 4.5
830.44 2.1
831.72 9.0
838.55 3.7
847.29 2.2
852.53 3.4
854.85 4.3
855.61 1.9
860.36 3.1
861.74 3.6
862.43 6.0
864.52 9.1
865.57 7.9
866.53 2.1
867.86 1.4
871.29 10.8
879.69 1.0
884.54 5.3
885.38 4.5
887.64 1.7
889.70 9.7
890.37 10.0
896.44 1.7
902.43 9.9
907.38 20.5
908.63 8.7
909.36 1.7
914.57 3.9
915.33 1.9
939.58 2.5
949.45 2.4
953.44 2.3
956.64 3.6
972.44 1.2
981.75 3.2
982.67 2.2
984.79 1.3
985.43 5.5
986.78 5.2
996.65 2.4
998.38 1.7
999.30 1.6
1011.38 2.1
1014.98 4.1
1016.65 4.2
1017.61 2.7
1018.55 4.1
1019.97 3.2
1021.65 6.5
1024.54 2.1
1025.40 4.0
1026.49 3.2
1032.85 3.1
1036.69 1.1
1042.49 31.5
1043.46 8.0
1044.92 1.2
1049.40 2.1
1059.91 2.5
1060.60 10.2
1061.43 9.3
1062.61 1.4
1069.52 5.4
1086.82 1.4
1087.51 1.2
1194.77 6.9
