2354.220309999999 3
224.12 1.2
227.15 1.1
240.06 1.2
244.18 6.1
247.29 2.8
248.12 1.1
249.49 2.4
255.10 3.6
256.99 3.4
259.25 2.3
262.75 4.0
264.38 2.4
272.42 3.6
278.21 3.4
279.49 1.2
288.37 2.2
292.13 11.4
298.32 1.8
303.44 1.3
304.06 3.0
306.30 1.7
324.27 4.1
325.40 1.9
327.37 2.8
336.22 1.7
337.56 1.4
341.05 1.3
342.29 2.8
347.32 8.6
353.35 2.4
355.20 1.3
357.30 5.9
359.23 3.4
364.20 6.8
369.19 1.7
370.13 3.5
375.15 2.4
376.58 2.9
377.21 1.2
383.33 6.1
384.37 2.0
387.20 4.1
390.22 1.9
391.33 1.5
393.44 2.8
396.06 2.1
402.34 1.4
403.33 3.0
406.69 29.8
407.46 7.9
409.26 4.5
410.57 2.8
412.18 9.6
418.53 1.3
420.37 1.8
421.52 1.7
422.41 2.8
429.17 2.1
432.30 1.6
434.24 10.8
435.27 1.8
436.11 3.2
437.29 6.0
441.13 1.4
442.27 4.7
446.94 9.2
448.45 2.7
450.95 2.5
454.03 11.1
455.07 4.2
455.73 1.9
458.63 2.1
460.59 2.2
464.52 9.6
465.34 7.1
466.32 8.3
470.01 10.5
471.11 2.9
472.17 5.3
476.26 6.6
477.55 5.5
483.17 9.5
491.25 1.8
494.24 4.3
495.28 4.3
499.54 9.2
501.62 4.0
502.53 1.9
504.29 10.5
505.29 7.2
506.48 4.9
508.21 1.6
512.52 1.9
513.32 2.4
514.42 3.3
515.56 5.1
518.19 3.0
520.85 32.3
523.09 9.5
530.38 5.4
531.55 6.6
532.33 2.6
533.21 1.3
534.36 5.7
535.59 3.2
536.35 2.4
537.28 3.9
538.43 2.9
540.51 4.2
542.03 10.8
545.89 1.4
547.42 1.4
548.60 5.8
549.28 1.6
550.08 3.0
553.17 2.8
554.94 8.8
556.08 2.6
558.40 15.1
559.46 2.4
563.74 5.3
564.70 2.7
568.21 2.0
571.71 27.8
574.20 11.7
575.11 8.8
576.13 3.9
579.43 2.1
580.14 3.4
582.41 3.7
583.49 19.2
584.73 7.4
585.64 4.8
587.83 9.6
588.67 10.8
589.57 7.7
590.26 2.0
591.17 7.6
592.99 2.2
595.44 4.1
596.66 32.4
598.44 10.8
599.51 1.6
600.66 2.4
601.68 8.5
602.34 8.9
603.47 3.9
605.15 29.6
606.01 16.8
607.10 4.5
607.81 8.1
608.82 5.4
611.61 7.5
615.35 9.3
616.98 10.3
618.00 3.2
619.82 7.4
621.53 9.4
622.71 7.8
624.45 4.5
625.15 1.2
626.62 4.2
628.94 5.2
630.55 12.5
631.99 10.2
633.43 11.7
635.37 3.0
636.30 3.9
637.01 4.4
639.93 2.0
640.58 8.8
641.72 40.5
644.34 10.4
645.24 2.8
646.51 7.5
647.14 6.2
648.33 28.1
649.24 3.3
652.20 1.9
652.81 12.6
653.45 34.5
654.39 9.2
655.30 3.0
656.18 9.1
657.33 4.7
659.34 2.2
660.26 2.4
661.77 19.3
662.55 25.4
663.28 5.1
664.11 3.8
665.09 10.0
665.85 5.1
666.60 1.5
667.39 2.3
668.10 3.5
669.49 2.2
670.42 8.9
671.41 19.9
672.24 11.1
674.93 41.7
675.69 44.8
676.38 11.4
677.30 4.0
678.35 1.3
679.28 2.2
680.76 9.2
682.28 15.6
683.55 4.0
685.57 2.7
686.94 5.6
687.98 11.6
690.06 9.4
691.28 19.6
692.72 5.2
693.40 14.6
694.15 1.2
698.44 20.0
699.59 3.4
700.30 1.1
702.32 2.7
703.53 12.6
705.16 11.1
706.36 4.2
709.13 2.7
710.84 19.9
711.72 16.1
712.49 21.9
713.55 2.5
714.91 15.3
715.59 3.1
716.45 2.8
717.39 2.3
719.36 25.5
720.11 17.4
721.26 8.5
722.14 4.3
723.50 13.4
724.82 16.1
725.57 5.3
727.81 18.8
728.64 1.4
729.37 6.1
730.67 19.2
731.57 10.7
732.66 11.9
733.70 24.0
734.46 2.6
735.39 14.3
736.23 3.7
737.21 16.3
738.56 42.9
739.22 49.9
741.48 10.0
742.16 9.6
744.78 542.9
745.66 22.7
748.28 15.5
750.69 19950.3
751.32 974.8
752.46 137.4
753.57 45.3
754.37 25.7
755.72 78.3
756.77 16.1
757.94 5.9
759.19 22.2
760.08 1.4
761.81 27.7
762.95 13.3
763.91 7.5
764.87 5.5
767.52 137.5
768.54 102.3
769.58 4.6
771.07 3.4
772.13 6.0
772.98 24.1
774.10 20.5
776.10 17.7
785.37 3.7
791.46 4.1
796.64 1.9
797.48 1.8
801.66 4.9
804.17 3.3
807.82 1.1
812.53 37.4
813.64 16.9
815.31 4.0
817.26 5.4
819.16 1.7
821.12 1.1
823.47 6.2
825.04 3.6
826.23 4.6
827.06 11.0
828.33 4.8
829.51 5.1
830.43 5.0
834.36 27.5
836.49 7.5
843.30 13.5
849.48 1.8
850.78 5.2
864.80 5.1
866.26 1.4
868.26 4.5
872.68 2.0
874.14 10.3
875.25 8.8
876.55 1.3
877.57 8.7
879.08 12.7
880.23 29.1
881.39 6.8
882.28 5.1
883.47 2.8
885.08 12.1
886.68 7.9
887.68 1.5
889.19 3.1
892.99 38.5
893.68 45.2
898.76 2.1
900.14 5.3
902.21 11.9
903.88 1.1
904.85 2.8
907.09 3.2
907.82 2.3
908.95 2.5
910.98 2.5
911.76 4.7
913.74 6.5
915.41 9.5
918.44 5.2
922.36 1.0
924.63 1.8
927.48 69.6
928.51 33.7
929.43 3.1
933.63 13.6
934.78 3.6
937.61 11.2
938.67 4.7
941.28 7.5
942.71 5.1
947.35 1.5
948.17 6.9
949.93 7.8
956.37 3.4
960.87 4.3
961.72 14.9
964.70 8.9
965.61 3.4
968.78 2.1
969.65 9.0
971.87 4.7
972.89 5.2
974.57 1.8
977.65 3.7
983.52 7.6
985.78 6.9
986.54 13.1
988.82 3.9
990.97 2.3
992.91 3.1
993.92 10.3
994.52 7.1
995.73 5.1
999.69 1.4
1000.52 3.0
1004.07 4.0
1005.70 1.6
1008.70 1.9
1012.13 25.9
1013.18 7.8
1014.58 5.7
1016.59 2.4
1018.38 6.3
1020.55 5.3
1022.05 5.1
1024.52 1.4
1026.06 1.2
1027.54 8.4
1028.75 4.2
1029.56 3.0
1031.26 9.5
1032.64 1.9
1034.80 2.4
1035.60 1.5
1036.60 6.9
1040.56 18.2
1041.64 11.4
1044.93 3.5
1045.57 91.0
1046.34 19.1
1055.17 14.7
1062.41 1.4
1063.70 3.6
1064.98 2.7
1065.98 5.3
1067.46 3.6
1069.68 8.0
1074.97 2.7
1078.85 7.2
1081.75 2.6
1086.39 1.1
1087.67 5.4
1089.61 5.3
1093.44 12.2
1094.10 1.6
1099.54 11.3
1101.68 1.2
1103.35 4.1
1104.71 14.4
1105.66 2.9
1108.57 25.0
1109.20 1.5
1109.84 6.0
1110.80 4.5
1114.66 1.9
1115.90 1.9
1123.73 2.7
1124.71 9.4
1127.40 4.0
1133.85 2.0
1135.72 2.9
1137.62 3.5
1141.57 24.1
1142.65 12.8
1147.42 1.8
1152.54 3.1
1155.68 3.6
1157.74 9.6
1165.80 3.1
1166.71 4.5
1168.69 2.5
1174.51 3.0
1175.86 3.6
1179.22 5.1
1180.53 3.0
1182.77 1.9
1187.87 3.3
1188.86 5.3
1191.47 7.4
1193.97 1.6
1195.76 5.8
1202.63 1.5
1209.65 12.3
1210.76 12.2
1211.58 1.7
1215.66 2.1
1224.52 5.0
1240.77 1.4
1243.54 3.7
1246.31 4.4
1250.48 7.2
1263.46 2.6
1267.50 1.9
1276.68 5.9
1283.98 8.6
1293.55 6.5
1296.14 6.1
1299.68 1.6
1300.91 5.3
1301.97 1.9
1306.63 1.4
1309.00 1.9
1310.54 2.3
1324.83 1.2
1328.57 2.9
1329.59 1.9
1351.79 2.2
1366.71 3.1
1375.67 1.9
1389.02 2.1
1400.91 1.8
1411.11 1.1
1422.69 6.5
1423.56 5.8
1437.79 14.1
1438.70 2.9
1442.50 6.3
1496.24 2.6
1530.79 2.6
1562.31 1.8
1581.01 1.9
1666.96 2.0
1667.71 4.4
1769.03 4.4
1888.94 1.6
