1195.5977 2
176.34 1.7
178.15 2.1
179.91 2.9
184.43 1.7
185.22 2.3
187.00 94.2
188.00 11.7
196.45 1.6
197.16 3.5
205.14 31.5
206.27 1.4
210.26 2.3
213.18 11.3
214.13 2.4
215.18 23.1
216.23 3.0
219.19 2.9
228.97 2.7
232.15 3.1
239.25 2.2
243.17 78.3
246.35 2.5
249.22 5.0
253.10 1.7
254.08 1.9
257.07 1.2
257.99 2.7
260.40 1.2
265.26 9.1
267.40 1.9
269.04 1.4
274.47 1.6
276.17 6.1
278.23 4.5
283.22 13.0
286.14 3.8
293.23 2.9
294.33 3.1
295.44 2.4
298.90 2.0
300.19 22.2
300.82 3.3
302.40 4.3
304.17 2.9
305.34 1.0
306.30 4.2
311.03 2.0
312.28 2.4
313.41 3.3
317.36 2.4
318.29 79.6
319.30 9.9
321.78 1.9
322.41 3.3
324.25 1.5
328.43 7.7
331.38 5.3
332.38 1.2
333.94 9.9
336.22 9.2
338.14 9.7
339.61 4.0
342.45 2.4
344.53 1.6
346.24 1.1
347.36 3.9
352.17 3.3
353.39 2.3
356.09 2.4
360.19 1.2
362.16 1.9
370.32 3.3
371.08 4.8
372.38 1.2
374.25 4.3
376.10 6.5
379.99 7.1
381.95 6.0
384.10 4.6
387.05 11.7
388.17 3.8
388.91 7.0
394.48 6.2
395.56 7.1
399.30 5.3
401.06 2.8
404.19 2.9
405.13 2.3
406.30 8.0
408.40 6.4
409.35 6.7
413.34 6.8
413.96 1.3
417.13 10.4
418.46 2.0
421.83 8.6
423.26 13.9
424.26 12.5
425.06 3.3
425.82 1.8
427.53 10.5
428.91 1.1
431.05 17.0
432.48 9.2
433.42 6.8
435.38 17.4
437.55 20.6
438.24 8.5
439.52 5.5
440.38 2.2
442.48 1.8
445.11 5.8
446.21 8.5
447.09 3.4
447.83 9.1
450.32 2.5
451.34 3.0
452.48 15.6
453.61 14.3
454.58 5.9
456.02 3.4
457.27 8.9
458.32 7.1
459.91 11.7
461.89 5.4
463.14 5.4
464.59 4.9
466.12 8.6
467.77 4.0
469.35 3.5
470.35 10.5
473.02 6.2
474.34 2.5
476.01 4.0
477.46 2.7
478.13 4.6
479.40 1.4
480.23 7.8
482.45 119.4
484.06 55.9
485.22 9.4
487.41 32.8
488.32 18.4
488.95 19.8
490.46 49.3
492.18 6.2
493.22 11.8
494.15 4.8
495.49 28.1
496.29 84.1
496.90 21.2
498.38 2.6
499.29 3.1
501.23 5.7
502.41 12.7
503.53 22.6
504.37 164.9
505.91 5.5
507.06 5.4
508.21 6.4
509.41 2.5
511.45 72.7
513.20 2.0
513.82 2.0
516.27 7.9
517.67 8.0
518.49 8.2
520.52 1.2
521.32 4.5
522.20 2.4
523.72 17.4
525.17 14.7
525.98 4.8
527.28 1.3
528.55 9.7
529.82 8.1
530.57 5.1
531.26 10.1
532.42 14.5
533.33 23.4
534.28 30.5
535.29 3.9
536.15 10.5
537.20 1.2
538.16 53.5
539.02 54.2
539.73 6.8
540.35 10.6
541.32 4.7
542.54 7.4
543.84 4.1
544.50 8.5
545.39 5.9
546.99 209.3
547.97 13.4
548.87 2.8
550.93 23.5
551.70 82.4
552.42 90.6
553.43 11.3
554.34 1.9
555.27 7.4
556.08 3.9
557.07 4.6
560.94 893.4
561.88 10.4
562.87 21.3
563.88 3.6
565.73 4.9
566.64 9.1
567.77 24.1
569.34 6.3
570.19 14.2
571.08 6.3
572.68 9.2
574.34 18.4
575.57 24.6
576.74 10.8
577.70 17.5
580.22 93.7
581.02 72.6
581.65 6.2
582.32 43.6
583.52 2.0
588.75 44.0
589.58 47.4
590.96 3.7
609.55 1.4
622.68 3.1
627.28 9.3
631.04 10.3
632.49 3.6
636.61 1.5
637.44 1.7
638.25 3.1
641.43 5.9
642.46 2.4
643.24 3.5
645.53 6.5
648.26 6.8
649.52 7.3
654.26 2.3
655.46 11.0
656.64 3.3
660.64 6.9
661.41 1.2
663.40 3.6
664.38 52.7
665.48 19.4
666.45 14.2
667.31 1.5
670.45 3.2
673.49 1.1
680.24 6.6
686.24 2.0
690.35 4.0
692.66 3.2
693.36 2.7
695.20 1.2
696.26 3.7
698.47 2.1
706.15 1.1
715.34 2.8
716.48 2.8
718.78 9.1
724.44 2.9
725.41 5.0
729.94 4.5
732.01 3.3
734.51 6.6
736.53 4.9
737.54 4.0
740.33 1.1
741.38 2.2
743.36 2.7
747.46 9.1
752.39 1.4
753.38 1.6
757.33 4.1
758.38 4.0
759.57 8.7
760.64 1.4
761.58 5.6
762.62 6.0
765.49 14.0
766.88 1.1
770.11 7.2
771.25 1.4
773.68 9.4
774.53 6.0
775.81 3.4
776.59 1.3
779.42 86.5
780.57 27.2
783.18 3.8
789.38 10.4
790.42 3.3
793.68 7.7
794.45 3.7
801.69 1.4
805.46 3.6
806.62 1.2
813.84 9.2
821.44 5.5
822.43 14.8
834.86 2.6
841.59 10.0
842.68 1.4
844.65 1.7
848.44 2.4
857.95 3.6
859.80 1.4
860.59 18.6
861.36 5.6
863.87 4.2
865.62 3.9
866.67 4.3
870.65 2.0
873.40 5.5
874.54 1.6
875.56 1.3
876.72 1.8
878.47 390.8
879.54 145.6
881.72 2.6
885.49 3.5
889.57 3.8
890.60 3.7
891.53 7.9
892.46 13.8
893.56 22.4
894.68 7.2
895.51 2.0
897.38 5.9
901.39 1.4
902.38 9.6
903.60 4.6
904.55 1.6
906.12 2.4
906.77 4.4
908.39 5.3
909.42 11.2
921.32 3.0
933.22 1.0
935.33 14.1
936.40 1.7
946.52 2.8
954.41 8.2
962.32 3.1
963.65 15.4
966.95 1.1
971.49 2.5
972.41 3.4
973.75 8.1
975.65 3.5
978.77 1.2
981.55 2.8
986.55 1.3
989.59 25.8
991.51 523.9
992.66 148.9
993.72 5.0
1003.41 5.9
1007.64 117.1
1008.60 53.7
1014.50 4.6
1021.62 47.8
1022.90 9.1
1039.58 3.3
1048.52 11.2
1056.75 5.1
1063.80 2.3
1066.64 11.3
1082.44 2.2
1092.63 4.7
