988.53423 2
153.06 1.8
169.32 4.1
170.95 3.7
175.22 9.6
177.61 2.1
178.23 6.1
180.10 8.9
187.24 170.1
188.29 8.8
189.14 5.2
193.89 5.2
194.99 1.7
196.06 4.5
197.23 4.8
199.00 6.7
200.12 2.2
201.02 3.3
207.29 2.9
210.13 6.9
211.09 9.5
212.28 2.8
215.08 79.0
216.18 8.7
217.07 10.3
220.21 2.9
222.68 13.4
227.30 2.8
229.35 2.5
233.24 1.2
234.16 12.2
239.49 3.4
240.21 1.2
241.13 1.6
243.05 1.7
244.63 4.2
245.35 3.1
248.20 1.7
249.35 2.8
250.16 1.2
253.25 4.3
254.24 3.4
257.42 2.1
258.20 3.3
259.21 5.8
260.22 2.7
261.26 1.7
262.32 8.4
264.31 6.2
266.28 1.6
268.05 5.3
269.40 2.3
274.46 4.7
275.30 16.4
279.31 1.4
281.37 7.3
283.18 6.4
284.03 3.5
286.14 3.1
288.26 2.7
290.06 3.3
291.21 10.8
295.11 1.7
299.42 2.0
303.40 7.6
313.06 4.0
314.46 2.6
316.31 2.5
322.12 5.9
325.12 2.8
326.14 6.9
327.84 15.0
329.36 16.0
332.37 1.4
333.09 1.3
337.88 14.6
339.04 6.1
340.34 2.1
341.37 4.8
342.44 6.5
343.11 1.1
344.41 21.5
345.05 1.3
348.02 6.2
352.44 3.0
353.17 3.5
355.09 2.9
356.87 3.5
358.61 13.4
359.30 2.0
360.38 2.5
361.32 1.4
362.62 4.2
364.41 4.0
365.31 4.2
366.24 3.4
367.26 3.3
369.54 1.2
370.41 4.2
371.28 3.2
372.47 12.6
373.24 7.5
376.83 1.9
378.97 52.0
381.15 20.8
384.42 5.1
385.35 16.1
386.49 22.5
387.49 113.3
388.31 17.4
389.58 4.9
391.41 4.5
392.32 10.9
395.83 9.2
397.63 8.3
399.26 8.1
401.14 17.2
402.12 4.6
403.33 35.7
405.23 1.4
406.30 4.8
407.99 2.3
409.32 9.4
412.23 3.3
416.22 2.0
417.17 7.4
418.16 11.6
419.40 1.1
420.30 5.6
422.30 4.2
423.99 6.3
427.09 8.0
428.88 17.4
429.99 19.8
434.80 5.8
436.11 11.4
436.95 16.8
438.24 1.6
440.37 4.6
441.50 4.4
442.30 6.3
443.15 1.5
444.42 12.7
445.61 11.1
447.37 5.8
448.63 12.1
449.49 1.0
450.25 1.0
451.33 14.6
452.31 12.9
453.23 7.1
453.85 23.2
455.26 2.5
456.28 1.3
458.64 7.4
459.32 6.0
460.58 17.5
463.17 26.4
464.04 7.7
465.67 9.5
466.47 11.3
467.40 17.1
468.48 24.2
470.74 5.1
472.36 50.4
473.43 23.1
474.44 6.3
476.20 100.9
477.18 107.2
478.18 26.3
480.27 12.4
481.38 1.8
483.25 15.7
485.65 118.7
486.46 93.5
503.38 1.1
508.44 3.3
510.70 2.3
513.31 6.0
516.54 20.5
517.27 3.2
519.08 1.5
521.13 2.7
532.43 1.6
537.31 2.8
539.42 9.2
540.15 1.5
543.36 6.1
544.12 2.2
546.48 5.0
549.09 9.0
550.08 4.1
551.41 3.2
556.36 6.4
558.65 2.6
561.48 3.0
565.52 4.7
566.37 1.5
567.37 5.0
568.45 21.1
570.05 1.9
573.60 15.1
576.44 2.6
577.26 2.0
580.50 6.1
581.25 2.4
582.23 4.5
586.17 20.4
587.31 1.4
589.51 1.9
592.58 12.4
594.44 2.8
599.45 6.0
600.58 6.6
608.51 2.5
609.51 11.6
610.16 4.1
612.26 10.0
614.81 15.3
616.28 10.2
617.54 26.7
618.64 3.2
620.13 3.6
622.29 18.0
625.68 3.6
627.73 6.8
628.48 4.0
629.48 2.6
631.16 4.4
633.39 1.5
637.62 1.5
639.26 1.7
641.41 12.6
642.49 17.1
643.46 9.6
645.46 69.0
646.33 8.5
647.31 2.7
651.20 3.7
652.52 2.4
654.47 6.0
657.41 1.2
659.33 3.0
660.49 28.4
661.51 4.7
669.31 3.5
676.95 11.4
678.12 1.8
679.63 1.3
683.02 3.7
685.57 10.4
689.13 2.9
693.33 6.7
697.80 5.6
702.44 2.6
705.54 6.1
713.89 1.9
714.51 2.9
715.85 1.5
721.81 8.6
727.51 6.2
728.58 2.8
729.44 2.7
730.33 1.6
731.78 1.8
733.67 2.1
738.40 3.2
741.72 3.0
746.18 5.3
753.68 6.2
756.39 31.4
757.48 46.9
758.50 15.5
760.45 2.0
761.33 6.4
773.41 15.6
774.44 526.8
775.42 130.6
776.43 4.2
783.68 4.2
785.62 5.5
787.46 7.7
794.56 1.2
801.56 5.8
803.23 8.9
813.19 3.9
815.53 23.9
816.50 2.5
817.58 2.0
821.87 4.8
825.43 6.8
833.56 8.0
837.84 6.0
839.63 3.1
842.51 7.0
843.42 11.1
852.48 3.1
854.65 2.4
859.19 2.6
861.44 2.2
869.63 3.1
887.41 1.3
897.89 2.1
965.49 6.1
966.95 1.1
968.29 1.1
