730.41197 2
108.85 1.1
114.95 3.0
121.60 2.6
124.07 3.7
129.13 461.2
130.18 45.3
132.11 4.0
135.17 3.4
136.10 2.8
137.22 5.9
140.34 2.2
143.27 4.5
144.03 10.4
145.02 6.1
147.22 49.5
150.05 7.0
151.61 4.0
154.55 3.9
156.22 5.6
159.04 1.9
163.34 2.1
165.17 1.4
167.03 3.2
171.17 28.0
171.86 1.3
173.20 14.3
174.11 19.0
175.29 3.7
176.13 2.5
177.22 1.8
178.80 2.1
180.16 8.1
183.21 19.9
184.21 108.5
185.20 11.7
186.34 1.8
187.22 6.0
188.30 2.0
189.20 6.6
192.22 1.9
193.34 7.3
195.31 1.3
197.43 3.8
199.07 19.9
200.20 72.1
201.07 16.1
203.37 3.5
204.25 11.3
204.92 3.9
207.59 10.5
208.34 6.0
209.22 1.3
211.48 9.9
212.28 10.4
213.08 8.3
214.35 1.3
215.06 3.0
216.01 2.2
218.32 173.0
219.28 12.7
221.40 2.6
223.18 7.6
224.10 6.3
225.21 8.0
227.18 141.5
228.27 9.1
229.25 9.8
230.10 10.5
230.77 11.5
233.01 19.7
234.26 14.5
235.21 5.4
237.22 3.8
238.41 5.9
239.05 2.2
240.37 4.1
241.31 4.0
242.23 13.2
243.14 6.1
244.19 106.7
245.23 21.4
246.18 4.3
249.29 4.1
251.07 516.7
252.14 105.4
253.50 4.6
254.21 44.0
255.19 32.9
256.12 2.0
256.84 3.0
258.08 15.5
259.16 4.8
260.33 6.2
261.28 31.6
263.33 9.3
267.82 12.9
271.35 34.3
272.15 609.4
273.25 57.9
274.05 541.3
275.19 25.3
277.14 7.3
278.32 8.7
279.00 88.8
279.89 29.4
280.97 7.6
282.07 8.9
284.06 24.9
285.05 11.3
285.93 4.1
288.03 8.2
289.20 4.4
289.91 2.5
290.98 7.9
291.92 9.3
293.07 9.3
293.70 8.9
294.40 6.4
295.31 2.1
296.07 1.3
299.80 10.0
301.36 9.2
303.29 11.5
305.13 52.7
306.03 20.3
307.15 4.4
308.13 9.8
308.84 25.0
309.75 17.7
310.43 8.6
311.37 5.2
312.02 8.3
313.40 22.4
314.40 6.9
315.30 6.4
317.46 1.2
319.46 40.2
320.40 4.5
321.11 9.4
322.38 15.1
323.45 23.9
324.16 19.1
325.07 11.2
326.16 5.9
327.04 26.1
328.10 31.8
329.21 28.5
330.00 20.8
330.73 11.4
331.48 4.2
332.98 2.8
334.38 191.3
335.37 197.9
336.27 20.4
337.28 47.2
338.30 15.4
339.31 30.0
340.06 15.8
341.19 13.3
343.38 1288.4
344.41 69.2
346.19 163.9
347.26 149.3
348.10 86.4
349.08 18.4
349.80 1.8
351.34 10.8
352.24 4.3
353.62 211.8
354.39 45.7
355.18 4.1
356.65 237.1
357.46 154.7
359.09 23.8
365.62 1.8
370.18 2.0
371.38 1.3
372.94 4.4
378.35 5.0
380.30 4.4
385.30 35.2
386.31 11.1
387.42 35.4
388.47 12.6
389.23 44.2
390.63 23.7
391.31 14.0
399.63 673.9
400.33 175.0
401.32 6.7
403.63 5.7
407.27 5.3
408.34 278.7
409.57 37.0
410.81 12.0
418.94 4.7
424.91 7.8
427.54 3.0
428.29 11.4
429.14 5.5
433.33 2.3
436.28 7.1
438.28 12.5
440.41 1.2
441.23 4.6
442.14 10.9
443.45 1.0
445.25 13.0
446.39 2.5
450.26 56.3
451.70 16.3
454.09 5.4
456.42 6.7
457.30 4.9
459.32 1438.3
460.28 310.9
461.41 4.1
468.44 3.6
469.30 1.7
470.30 9.3
471.43 6.6
472.97 3.6
474.06 9.1
476.32 20.1
477.31 11.3
480.82 6.8
483.38 8.1
484.50 1.9
485.12 1.2
486.73 17.0
488.35 8.7
489.81 28.4
490.97 11.7
491.90 8.1
493.12 1.0
494.81 45.8
495.56 45.4
498.44 2.1
500.52 4.1
501.18 2.2
502.60 62.4
503.42 56.6
507.42 12.1
508.40 9.4
511.38 4.5
512.61 1.9
513.35 33.6
514.35 1.3
516.31 5.1
517.24 1.1
518.36 5.0
520.42 2.0
521.57 9.1
522.21 5.3
526.22 3.2
527.30 4.6
528.32 1.3
529.76 10.9
530.76 7.7
531.59 16.1
536.45 1.9
539.30 22.4
551.49 4.7
555.39 3.2
556.38 49.6
557.36 34.8
558.33 5.4
559.45 1.0
560.41 3.4
561.04 3.5
566.07 1.7
567.35 10.6
568.32 11.1
569.34 13.9
574.32 946.9
575.43 270.5
576.59 1.2
581.28 2.8
583.33 6.0
584.46 61.1
585.68 24.4
586.34 112.9
587.37 53.6
593.57 1.2
594.59 3.6
599.47 4.5
601.89 9.5
603.55 4.4
610.56 2.8
613.86 2.7
615.56 1.8
618.58 2.0
622.69 3.5
623.46 4.6
625.84 1.1
630.24 2.2
631.70 6.9
632.43 4.0
641.43 2.6
650.68 3.9
652.67 2.8
663.47 1.8
669.22 2.1
688.57 1.7
707.42 21.7
713.37 1.7
718.94 5.5
