1707.77422 2
240.27 3.7
241.46 2.5
246.09 1.2
252.13 18.7
254.15 2.1
255.12 2.4
257.81 12.9
259.24 11.2
260.22 2.0
262.30 63.3
263.44 2.8
264.22 9.6
267.20 5.0
267.97 8.0
269.30 5.7
273.22 1.3
274.50 11.1
276.95 5.9
279.06 4.4
280.08 27.9
281.06 1.8
282.08 2.6
285.18 10.8
286.29 2.4
287.51 3.4
288.39 4.1
289.03 2.3
291.20 3.5
292.16 5.5
297.21 19.3
298.29 5.4
298.98 1.4
301.33 3.5
302.52 2.1
303.12 1.3
304.04 7.4
305.18 1.1
308.30 10.0
309.27 9.3
310.46 8.3
311.30 5.0
312.19 1.5
313.35 4.0
314.35 3.2
315.19 13.0
316.45 3.1
319.11 9.8
322.91 2.4
324.14 3.4
325.63 2.2
326.31 17.9
327.42 5.2
329.23 1.6
331.10 5.7
336.06 2.4
337.16 53.5
338.32 2.2
338.94 2.7
340.38 4.2
341.62 2.5
342.48 7.2
343.33 3.9
344.28 17.1
345.89 1.6
348.23 5.3
349.25 8.6
351.25 2.9
353.47 3.6
354.32 23.0
357.40 2.4
359.39 3.0
360.11 10.6
361.29 11.5
365.49 11.5
366.47 27.4
367.38 6.6
368.38 5.9
369.07 1.3
370.62 1.8
371.36 2.7
372.33 6.3
374.30 4.9
377.26 5.5
378.23 6.3
379.35 2.1
379.96 2.0
382.24 6.1
383.40 12.4
384.49 1.1
386.31 5.0
387.34 14.4
388.34 20.3
389.17 6.8
391.11 2.9
392.34 2.0
393.31 31.0
394.23 28.6
395.30 9.2
396.11 9.8
399.32 1.6
400.75 4.9
401.41 9.7
403.30 3.6
404.37 28.3
405.54 22.2
406.26 15.6
407.17 5.6
409.31 145.6
410.23 30.1
411.28 58.5
412.35 23.4
414.26 6.7
415.36 1.5
416.24 1.3
417.79 8.1
418.41 6.3
419.52 7.7
423.48 12.6
424.25 2.6
425.40 4.3
426.29 4.0
427.39 2.8
428.09 2.6
429.31 26.3
430.29 6.7
431.34 3.0
432.30 19.8
433.86 10.3
435.35 4.2
436.29 14.3
439.32 2.9
440.05 1.2
441.15 6.7
443.13 3.5
444.51 16.9
445.43 22.9
446.33 6.4
447.47 6.9
448.28 3.7
449.33 8.9
450.26 11.2
451.41 5.6
452.07 1.0
453.15 8.5
456.11 46.8
457.30 18.1
458.36 10.2
459.14 2.0
460.08 4.4
461.48 1.8
462.30 21.2
463.13 14.4
465.23 9.9
466.57 10.0
467.18 1.3
469.20 6.0
471.05 5.0
473.19 7.7
474.43 18.0
475.36 37.3
478.78 5.6
479.76 7.6
480.39 39.4
481.30 13.2
483.45 33.7
484.30 58.6
485.31 23.5
486.28 10.4
488.24 1.2
489.09 1.5
490.17 1.3
491.34 6.3
493.30 20.4
494.30 7.6
495.61 10.6
496.29 119.7
497.29 24.6
498.40 14.0
501.30 31.1
502.25 3.9
504.10 5.9
509.92 1.4
510.99 11.8
512.38 17.2
513.36 46.2
514.16 26.6
515.17 7.6
519.33 15.9
522.30 30.2
523.30 1.7
524.21 7.6
525.36 2.9
526.31 3.7
527.06 2.6
528.51 1.2
530.42 30.0
531.35 21.0
532.34 21.2
533.76 17.3
535.33 14.4
536.27 9.0
538.36 6.3
540.31 155.6
541.21 52.2
542.53 15.3
543.53 9.0
544.46 2.9
545.10 1.0
547.28 2.3
548.37 55.0
549.38 10.7
550.24 7.2
551.39 10.4
553.31 220.7
554.40 43.5
556.52 1.6
558.30 411.4
559.35 66.3
560.88 2.9
562.25 2.7
563.32 3.0
564.84 2.1
566.26 5.0
567.58 11.9
568.28 19.3
569.41 8.3
570.41 37.0
571.34 34.7
572.29 13.8
573.28 1.4
574.31 2.3
576.38 50.0
577.48 8.4
578.47 4.7
579.15 6.9
580.44 11.6
581.45 4.3
582.30 10.8
583.20 12.9
584.94 8.4
587.54 9.5
588.44 17.1
589.37 9.6
590.39 3.6
591.40 4.9
592.39 19.9
593.37 27.5
595.27 1.3
596.42 3.9
597.32 6.5
598.34 6.0
599.42 4.4
600.46 11.4
601.30 9.7
603.43 4.8
606.47 11.0
607.48 8.2
608.30 1.5
609.37 46.1
610.36 654.5
611.39 125.6
612.32 2.5
615.34 1.2
616.49 2.2
617.38 16.0
618.20 6.6
619.30 10.3
620.61 5.6
621.32 2.3
622.70 5.2
624.07 7.7
625.41 15.8
627.38 182.5
628.39 48.4
629.39 9.8
630.07 2.9
631.42 5.5
633.21 8.7
634.20 3.8
635.36 5.9
636.64 1.7
638.51 6.1
640.38 13.9
641.38 4.4
642.10 5.1
643.14 3.8
645.31 261.4
646.38 36.3
647.41 1.2
648.46 6.1
651.23 8.9
651.89 4.7
653.22 9.2
655.36 12.0
656.41 3.0
657.36 6.6
658.35 13.6
659.46 18.2
660.25 19.6
661.40 17.8
662.23 8.5
663.47 55.2
664.53 18.4
666.51 4.1
667.45 8.9
668.74 41.1
669.45 27.7
670.50 13.7
673.22 11.1
674.45 6.1
675.66 2.7
678.36 10.8
679.37 107.8
680.43 19.6
682.15 2.3
683.77 1.1
684.81 3.7
685.43 7.2
686.18 22.6
687.34 24.9
688.55 29.6
690.39 2.9
691.20 10.3
692.26 3.2
693.25 7.4
694.35 5.7
696.42 66.7
697.39 1136.0
698.34 220.1
698.94 2.6
699.91 10.2
701.28 11.0
702.44 13.9
703.20 7.0
704.52 6.3
705.19 4.0
706.37 8.0
708.23 37.6
709.28 4.5
710.46 4.8
714.32 131.6
715.44 60.5
717.14 164.3
718.45 18.8
719.30 3.8
720.47 2.5
721.84 31.6
722.75 22.3
723.45 2.5
724.22 1.1
725.84 315.1
726.48 106.1
728.13 6.5
729.58 9.7
730.21 3.8
732.48 124.7
733.45 31.9
735.51 17.6
736.29 16.7
737.54 26.0
738.48 2.5
739.67 12.1
740.32 25.9
741.10 2.7
741.95 25.3
743.76 14.9
744.69 5.7
746.06 20.9
747.06 7.4
748.19 17.1
750.34 47.4
751.30 27.5
753.38 33.1
754.45 20.4
755.33 5.8
758.46 3.9
759.59 7.1
760.58 2.7
761.29 1.5
762.47 15.3
764.97 48.5
765.65 4.6
766.52 5.4
767.40 3.1
768.76 1.7
769.79 7.8
771.43 57.1
772.25 48.7
773.34 87.2
774.08 59.1
775.36 7.6
776.41 4.1
778.55 12.3
779.39 6.6
780.45 23.0
782.59 685.1
783.70 26.4
784.51 9.0
785.32 2.2
786.07 3.7
787.51 10.7
789.37 108.5
790.51 45.1
791.48 3.0
792.44 19.1
793.54 18.8
794.77 13.6
795.61 21.5
796.82 13.1
799.76 2.9
801.34 3.9
802.37 8.2
804.62 9.5
805.81 25.5
806.54 2.6
807.42 29.0
808.51 7.2
809.21 18.8
810.38 59.3
811.41 18.5
813.48 20.1
814.26 10.9
816.36 2.3
817.52 86.3
818.45 18.2
819.29 23.9
823.06 34.1
823.76 26.9
824.48 18.6
826.42 44.0
827.63 355.6
828.46 34.1
829.31 36.1
830.76 10.8
831.65 11.5
833.40 14.0
834.92 27.1
836.37 430.6
837.01 420.8
838.03 8.5
838.63 9.8
840.57 5.4
841.22 14.8
842.81 8.7
844.44 257.5
845.49 73.9
853.66 5.9
855.66 1.9
862.53 3.4
863.48 3.6
864.50 4.5
865.16 4.3
867.29 15.6
868.45 11.8
870.32 7.5
875.23 4.6
876.38 1.2
880.19 4.5
881.59 8.6
883.49 20.6
884.49 14.5
885.52 14.9
888.95 4.6
892.21 3.6
897.41 4.7
898.32 18.7
899.50 4.2
901.43 495.6
902.52 127.8
903.44 6.1
904.39 5.4
907.18 2.2
910.57 3.8
912.92 20.3
913.86 2.5
915.27 3.7
916.31 12.0
918.29 7.3
919.40 10.4
920.32 8.1
922.31 14.7
924.09 4.6
925.50 4.1
928.24 2.0
931.69 9.4
933.21 10.7
936.59 22.7
937.45 2.9
939.41 22.6
940.31 51.5
941.45 16.7
945.82 1.7
947.45 18.2
949.58 3.3
950.71 3.5
953.74 4.7
954.75 2.6
955.43 4.7
956.66 15.2
958.47 1040.1
959.55 388.2
963.22 3.3
965.57 11.7
966.39 13.3
967.37 2.7
970.86 2.9
975.44 80.5
976.48 45.0
981.45 1.5
982.57 6.3
983.42 17.6
984.30 2.1
985.46 1.4
986.70 4.6
987.54 5.2
989.35 2.6
990.46 5.6
991.16 1.2
992.66 13.9
993.51 235.6
994.58 93.0
999.79 3.9
1000.68 5.7
1003.84 3.6
1004.76 2.4
1007.19 1.5
1009.48 14.5
1011.04 36.7
1011.73 50.5
1012.59 35.1
1014.33 3.7
1016.58 7.0
1017.49 5.1
1020.29 1.5
1021.78 2.2
1023.53 8.6
1024.37 2.7
1025.43 2.5
1026.54 16.2
1027.49 54.8
1028.66 31.5
1029.88 9.8
1030.56 1.2
1033.59 3.9
1034.94 5.6
1035.69 3.6
1040.21 2.0
1044.45 24.2
1045.53 965.1
1046.60 402.6
1050.64 9.2
1051.63 7.9
1055.41 16.3
1056.28 2.6
1060.47 4.2
1061.78 14.5
1062.56 80.7
1063.58 35.3
1066.30 7.0
1068.84 3.0
1069.83 3.8
1070.72 1.3
1071.86 1.0
1078.45 18.6
1079.28 10.6
1080.51 148.8
1081.48 43.7
1082.57 8.1
1084.98 5.8
1085.77 1.8
1086.93 3.8
1087.89 2.3
1088.89 4.2
1090.51 6.0
1091.59 5.2
1092.62 2.7
1093.58 8.3
1094.56 7.2
1096.25 59.2
1096.88 54.0
1097.69 41.6
1098.53 77.5
1099.53 45.9
1101.80 17.7
1102.67 2.8
1103.63 3.0
1114.57 70.5
1115.63 44.1
1117.04 6.0
1118.96 1.8
1119.67 21.4
1120.57 18.2
1121.66 4.2
1124.67 9.7
1125.38 1.9
1126.53 1.3
1127.49 4.5
1132.55 1350.5
1133.69 607.6
1134.90 3.8
1136.33 6.0
1137.56 25.8
1138.59 34.4
1140.82 1.2
1141.72 1.2
1143.10 13.3
1145.36 1.3
1148.71 1.8
1153.37 1.3
1155.45 33.7
1156.56 8.6
1157.76 4.1
1158.58 5.2
1160.36 2.1
1165.48 2.9
1167.17 4.5
1168.02 3.3
1173.78 8.3
1176.59 10.7
1177.47 11.7
1178.94 1.9
1189.58 5.9
1194.48 69.0
1195.48 8.9
1199.55 2.3
1201.43 3.8
1202.48 2.2
1206.51 3.7
1208.79 3.9
1209.74 1.1
1210.87 4.6
1211.77 3.1
1212.70 23.8
1213.62 11.2
1214.63 1.5
1219.81 2.4
1225.30 2.2
1226.48 2.4
1227.49 1.0
1230.71 4.4
1231.60 2.0
1234.85 3.4
1239.46 1.9
1241.69 2.9
1243.65 4.6
1244.78 7.4
1245.77 7.1
1246.40 5.0
1255.70 3.5
1258.71 5.1
1261.56 43.1
1262.58 34.3
1263.61 20.1
1264.66 8.0
1271.49 1.0
1276.57 1.4
1279.59 250.7
1280.56 113.9
1281.69 28.6
1282.53 16.5
1284.79 4.7
1291.83 4.4
1297.85 1.2
1299.51 18.3
1300.63 22.9
1302.02 10.3
1318.82 22.1
1319.43 7.6
1320.14 1.6
1323.76 5.5
1336.61 217.0
1337.67 85.8
1339.75 2.3
1343.01 1.9
1345.44 3.5
1347.12 1.2
1348.60 1.6
1349.62 1.3
1350.46 1.7
1354.53 1.2
1363.55 2.5
1368.45 3.4
1369.94 2.3
1374.66 4.6
1375.53 17.7
1376.52 5.5
1377.55 1.0
1381.65 3.1
1392.58 16.0
1393.71 164.1
1394.79 87.5
1396.66 2.4
1398.72 2.4
1410.77 18.4
1411.89 29.2
1414.80 9.0
1418.33 2.2
1419.96 4.9
1428.57 47.0
1429.75 24.9
1432.49 4.3
1433.88 4.7
1440.27 1.3
1446.68 34.4
1447.72 26.7
1450.68 142.0
1451.68 84.6
1461.47 1.5
1462.60 3.3
1465.71 4.4
1479.62 5.7
1480.55 5.8
1489.57 8.1
1490.27 1.8
1497.62 22.5
1498.73 29.0
1499.60 4.8
1509.03 1.2
1515.76 49.6
1516.85 17.2
1532.54 7.1
1533.80 39.3
1534.78 36.0
1543.66 2.5
1551.77 2.9
1563.66 3.1
1564.35 2.1
1565.91 1.9
