1357.70012 2
199.17 1.9
201.02 1.3
205.27 2.2
210.26 1.7
212.47 4.8
213.99 1.3
218.23 5.3
219.22 2.9
224.94 3.5
228.00 18.8
229.17 6.8
230.17 2.5
234.37 1.6
235.23 5.3
242.01 1.8
243.29 3.5
243.90 4.3
252.27 1.2
262.27 3.9
265.01 1.5
267.21 6.6
268.33 1.5
269.07 1.0
271.35 3.8
275.02 2.1
279.05 2.3
280.26 1.5
283.39 6.9
288.16 1.2
295.29 4.8
296.20 10.6
297.18 2.9
298.22 7.6
299.23 5.2
303.42 5.5
309.50 2.2
310.17 6.3
312.71 3.4
314.08 1.3
316.13 3.4
317.09 1.4
318.31 2.3
321.21 1.5
322.31 2.9
323.21 3.3
325.19 9.3
326.12 12.5
328.36 26.1
329.26 6.1
331.56 1.0
334.17 1.0
335.28 3.8
336.49 1.0
338.29 3.5
340.16 6.0
341.37 3.5
343.27 60.7
344.08 13.6
345.29 1.4
346.28 25.2
347.17 4.7
351.15 1.5
353.06 3.6
356.91 4.0
358.21 5.5
360.28 1.7
363.37 3.6
365.08 48.7
366.43 2.2
367.23 1.2
369.18 3.2
371.47 2.6
372.11 1.0
375.18 1.3
377.33 2.6
379.30 5.8
383.42 1.4
385.80 2.5
388.29 2.2
391.13 2.2
393.27 2.7
397.28 4.6
402.85 2.2
404.46 1.1
406.24 2.0
407.12 1.1
409.35 9.2
410.66 12.7
411.40 35.4
412.38 8.1
413.45 8.1
415.24 4.9
417.78 1.7
418.92 9.4
420.44 1.8
422.19 12.3
423.00 2.4
426.05 4.3
427.25 6.2
428.26 11.8
429.05 8.3
431.41 6.4
432.27 3.0
433.36 3.9
436.35 8.0
437.44 5.7
438.34 9.5
439.38 10.8
440.60 3.3
442.88 2.9
444.08 6.9
445.40 1.8
447.37 1.4
451.41 4.3
453.00 5.3
454.19 10.9
455.41 23.7
456.35 63.8
457.28 54.2
458.16 28.1
459.78 2.9
461.66 4.1
463.27 1.5
464.22 1.2
465.41 3.7
467.19 3.0
469.19 4.4
471.14 2.6
472.28 8.9
474.26 80.4
475.31 21.5
477.36 4.8
480.07 10.6
481.33 8.9
482.36 5.4
483.39 5.3
484.32 1.0
485.07 1.1
488.03 1.2
489.07 1.4
490.20 3.0
491.32 7.3
493.80 5.4
496.19 1.7
501.34 7.5
502.98 14.8
504.87 3.9
506.32 3.3
507.15 3.1
508.34 13.2
509.48 2.8
510.42 5.8
511.71 2.5
517.24 1.6
518.70 3.6
522.27 4.5
523.72 2.5
524.76 5.1
526.45 10.1
527.39 7.8
530.90 4.2
533.30 1.7
534.29 4.7
535.49 6.6
539.08 2.4
539.95 8.0
540.99 17.4
543.08 10.1
544.92 9.6
547.40 10.3
548.15 2.7
550.33 5.9
551.58 5.2
552.54 3.3
554.67 9.1
555.82 19.5
557.26 3.6
558.99 2.8
559.60 2.9
563.82 12.2
564.71 26.9
565.38 16.4
566.54 8.3
567.69 13.6
568.37 24.4
569.39 14.5
570.39 6.6
571.31 7.9
572.36 22.1
573.45 8.1
574.21 5.5
575.64 8.8
576.41 8.0
577.77 2.4
579.26 1.2
585.26 37.6
586.33 14.6
587.48 90.8
588.49 23.7
590.31 7.1
591.68 2.6
593.91 5.5
594.97 11.3
597.07 15.2
598.08 9.8
599.13 7.2
600.44 11.2
601.22 4.6
602.42 4.2
604.52 11.7
605.28 3.1
607.43 9.3
609.29 3.8
610.57 5.5
611.41 3.1
612.33 9.0
613.42 17.8
614.45 13.2
615.28 3.8
616.35 7.0
617.37 4.2
618.36 9.7
619.37 6.8
620.13 6.2
621.47 34.4
622.65 24.5
623.41 14.3
625.58 5.3
626.34 12.0
627.16 33.9
627.91 1.7
628.93 3.9
629.86 7.7
631.29 7.1
632.05 3.5
633.21 1.4
634.32 5.5
635.44 16.8
636.32 5.9
637.99 10.3
640.06 19.0
641.49 4.7
643.10 14.0
644.59 3.1
646.56 12.4
647.64 9.4
648.35 10.0
649.13 8.6
650.20 3.9
652.59 20.3
653.42 3.1
654.33 2.0
655.45 27.6
656.38 6.7
657.27 16.2
658.45 127.7
659.53 7.9
661.19 136.6
662.21 139.5
663.08 43.9
664.59 88.8
665.43 8.9
667.24 23.2
668.54 4.0
670.15 30.7
670.99 34.9
671.60 1.8
677.60 5.2
679.00 1.4
679.84 3.0
687.32 4.5
688.38 1.0
689.69 2.5
698.06 1.8
700.30 16.4
701.19 8.6
704.40 4.2
708.33 2.5
709.31 4.0
710.47 9.0
711.34 7.3
719.51 4.7
721.71 4.0
722.57 3.9
726.50 2.8
728.94 16.0
729.78 1.4
732.06 10.9
736.29 51.8
737.39 14.0
740.94 5.4
743.42 6.1
744.06 1.8
752.44 10.2
753.43 2.3
754.40 12.6
755.31 8.7
756.36 4.9
757.14 7.0
758.06 23.0
765.64 1.7
769.33 3.3
770.24 9.7
771.50 21.9
773.54 171.4
774.56 38.8
777.82 3.3
781.60 5.0
783.52 1.8
786.48 16.2
787.29 1.9
788.72 1.7
789.49 9.1
797.22 4.5
802.36 2.1
804.08 6.3
805.18 4.8
807.61 2.0
813.46 4.0
817.49 16.4
818.22 11.1
828.33 7.8
830.48 2.1
831.69 2.4
836.11 2.6
838.89 4.4
839.75 10.9
840.47 2.2
842.57 4.8
849.51 65.4
850.62 24.8
851.57 4.1
852.75 4.1
854.44 4.6
855.21 3.3
856.58 2.1
860.61 2.7
863.33 3.7
864.21 5.3
866.09 1.7
867.39 35.6
868.48 14.8
869.37 9.8
872.52 5.8
881.42 1.2
884.52 50.4
885.50 22.7
886.40 13.1
897.76 11.3
902.50 209.1
903.59 76.1
912.72 8.3
914.27 6.8
917.98 1.1
918.61 7.4
920.29 4.9
922.40 3.0
925.63 2.1
930.60 7.4
935.65 5.5
937.43 4.1
942.35 1.4
944.55 1.7
948.33 4.2
958.76 2.2
959.67 4.3
960.63 4.8
962.63 1.4
967.37 6.1
968.40 5.9
971.65 2.6
977.35 2.8
980.49 1.8
984.68 16.2
995.25 18.7
996.28 14.6
997.91 1.1
999.57 1.5
1003.42 1.9
1009.54 1.5
1011.21 4.2
1012.51 30.1
1013.57 5.8
1014.51 5.3
1015.50 50.5
1016.71 29.2
1020.53 2.1
1027.43 2.0
1038.51 8.2
1045.73 3.4
1062.48 12.6
1063.58 3.3
1078.36 2.8
1080.46 1.3
1081.64 3.7
1084.67 3.9
1106.09 3.2
1112.87 4.9
1113.74 18.8
1114.54 5.8
1115.38 1.7
1121.54 1.2
1122.30 1.2
1123.38 4.6
1127.85 2.0
1130.70 88.9
1131.65 52.8
1137.79 2.2
1138.77 8.5
1140.50 12.9
1141.73 3.3
1157.47 1.2
1158.38 1.4
1165.83 3.3
1166.82 2.7
1175.59 1.1
1176.76 6.8
1177.61 1.8
1184.95 7.9
1186.19 2.0
1188.78 3.5
1191.46 1.5
1193.63 5.5
1194.58 10.4
1195.85 8.7
1202.27 1.5
1211.67 27.8
1212.58 24.7
1224.72 5.0
1227.67 4.6
1228.56 4.2
1229.65 2.9
1237.62 6.1
1238.61 3.3
1241.69 3.6
1245.47 4.1
1254.66 2.0
1255.66 10.4
1256.66 1.1
