866.46367 2
127.26 2.0
128.16 30.0
129.40 3.6
130.17 18.2
131.08 2.9
133.20 1.5
135.13 3.2
136.16 3.5
137.06 8.7
140.09 2.7
141.22 6.1
143.12 464.0
144.18 23.4
145.09 2.0
147.18 23.8
148.15 1.3
149.18 7.1
152.16 2.3
153.16 2.6
155.17 3.2
156.00 5.7
157.13 2.4
158.30 4.8
159.08 1.2
159.94 4.0
161.12 9.8
162.08 13.0
163.19 3.8
164.13 3.4
168.53 11.3
169.19 10.7
170.39 2.7
171.13 7.5
172.04 2.8
173.12 23.5
175.15 35.9
176.01 11.6
177.15 5.1
178.04 13.2
179.04 15.6
180.13 10.5
181.21 1.0
182.17 1.9
183.06 3.4
184.14 1.1
185.14 10.1
185.86 1.5
186.91 3.5
188.98 11.8
191.13 1.9
193.24 2.2
194.00 1.4
195.36 2.8
196.06 4.7
197.19 82.0
198.53 3.0
199.20 6.7
201.11 28.4
202.60 3.0
204.16 4.0
208.52 3.3
209.14 17.4
211.01 25.0
212.06 8.6
214.22 509.4
215.40 17.6
216.29 1.9
217.10 4.2
219.18 15.3
221.27 1.2
222.05 4.6
222.72 1.9
225.03 8.6
226.09 14.6
227.09 9.0
228.15 13.0
229.13 1.5
230.31 5.5
231.19 6.2
232.34 9.3
233.32 18.5
234.25 18.7
235.20 13.4
235.98 13.2
236.99 20.8
238.26 9.4
240.35 4.2
242.14 330.8
243.22 15.4
244.19 9.3
245.09 5.5
246.12 11.7
247.21 8.6
249.14 12.4
250.18 5.0
251.14 9.3
253.92 19.0
255.22 12.1
256.26 16.2
257.71 4.0
259.16 9.7
260.57 8.7
261.29 12.8
262.27 61.7
263.33 9.5
264.32 10.3
265.16 8.3
267.08 2.9
268.23 3.2
269.29 3.7
270.12 5.5
272.31 25.3
273.23 5.8
274.16 11.5
275.19 5.8
276.28 4.3
276.88 1.2
278.24 6.7
279.44 3.7
282.11 4.0
283.24 7.4
284.26 15.8
286.06 11.3
287.28 20.2
288.28 10.9
289.06 2.4
290.15 1.4
291.26 4.6
293.24 8.9
294.36 15.4
295.30 4.6
297.33 4.4
298.08 7.0
299.12 3.7
300.34 2.6
301.09 4.3
301.79 4.4
303.00 19.0
304.29 3.4
305.40 15.8
306.41 5.5
307.38 8.8
308.16 4.2
309.25 9.6
310.19 3.5
311.33 22.3
312.07 20.5
313.18 17.6
314.34 33.0
315.22 41.4
316.17 3.8
317.26 2.8
318.19 17.0
319.17 56.3
320.25 27.0
321.01 120.5
322.37 27.1
323.05 68.8
324.05 9.8
325.00 7.7
326.70 26.5
327.49 11.9
328.37 15.3
329.17 44.2
330.44 38.2
331.39 4.8
332.24 11.5
333.19 7.2
334.45 5.6
336.43 8.2
338.28 4.5
339.16 34.3
340.07 12.3
341.11 27.9
342.17 20.1
343.31 34.3
344.20 28.9
345.08 78.9
346.15 59.0
347.20 28.4
348.46 56.3
349.44 11.6
350.27 4.4
351.28 3.4
352.11 2.0
353.14 10.8
354.70 24.7
357.81 15.9
358.74 13.2
359.40 1.7
360.35 6.2
361.16 5.7
362.03 15.3
363.08 11.0
365.10 7.9
366.50 22.2
367.29 15.2
368.56 18.1
369.50 3.0
370.21 11.3
371.33 21.6
372.18 34.9
373.10 34.1
374.27 120.3
375.12 135.4
376.23 17.0
377.17 22.5
378.33 24.6
379.30 9.8
380.21 3.9
381.05 9.3
382.21 22.1
383.42 83.2
384.40 19.8
385.06 7.5
386.08 8.0
387.24 29.3
388.41 87.1
389.29 49.0
390.29 25.4
391.30 19.1
392.07 28.2
393.21 54.5
394.43 45.9
395.37 6.1
396.49 45.1
397.17 26.9
398.18 40.5
399.01 9.0
400.02 7.9
400.90 15.9
402.39 804.4
403.54 88.7
404.29 14.3
405.63 10.0
406.30 13.8
407.40 14.7
408.05 9.6
409.53 38.0
410.40 40.2
411.41 762.4
412.43 42.7
413.33 13.6
415.45 555.1
416.28 327.8
417.25 35.0
418.52 88.3
419.35 42.5
420.34 5.0
421.42 16.9
422.16 20.1
424.64 2130.9
425.35 563.8
426.65 11.2
429.90 2.0
442.70 2.9
447.33 7.7
452.07 3.5
453.85 7.8
457.44 3.5
458.30 1.1
461.11 2.0
462.30 7.0
463.23 15.0
466.19 4.9
470.21 2.3
470.94 1.0
471.70 5.3
472.46 5.3
473.47 3.2
474.23 16.0
475.21 3.3
476.29 5.2
477.45 5.6
478.32 14.1
479.39 24.1
480.36 9.5
481.14 3.2
482.34 2.5
484.25 4.0
485.06 1.8
490.40 3.2
492.25 12.4
493.28 3.6
495.24 6.7
496.59 3.1
497.29 9.3
503.44 2.1
504.46 10.0
505.23 2.0
506.24 1.4
508.36 5.9
511.01 3.9
513.55 4.9
514.31 3.9
516.98 5.8
518.89 5.7
520.34 1.2
521.26 6.7
522.44 1.5
523.36 18.2
525.16 4.3
526.91 2.8
527.81 10.8
531.17 12.0
532.61 10.0
533.28 10.2
535.75 26.7
536.43 17.1
538.28 117.9
539.42 21.8
540.50 4.8
541.82 5.0
542.45 7.2
543.11 4.5
545.14 3.6
547.71 3.7
550.41 10.5
552.43 5.8
553.38 11.3
554.56 6.7
555.89 13.0
557.57 3.7
560.39 5.1
562.88 3.5
563.90 3.4
564.57 6.4
565.53 17.3
566.52 25.1
568.43 4.7
569.24 1.5
570.20 2.1
571.55 11.2
572.59 6.5
574.48 1.6
575.44 5.7
576.46 3.9
577.57 10.2
578.46 1.9
583.55 7.6
584.39 2.3
587.50 3.0
588.40 12.0
589.51 6.8
590.44 3.9
591.47 5.9
593.23 32.6
594.37 11.5
595.17 18.5
595.83 2.1
598.28 3.4
604.43 10.6
605.47 33.2
606.40 9.0
607.55 12.9
609.61 4.6
610.69 2.2
611.42 7.2
612.79 1.2
613.52 3.6
615.61 7.4
616.45 1.2
617.60 3.1
618.37 3.0
619.35 7.0
620.22 4.6
622.07 3.5
623.52 6.2
625.34 1986.6
626.44 406.8
629.54 3.4
633.54 4.0
634.40 5.6
635.46 42.3
636.52 12.5
637.69 7.4
638.35 2.2
639.55 5.5
640.48 5.7
644.00 2.1
645.51 1.9
646.59 7.2
647.57 16.2
648.43 9.7
650.53 2.0
653.42 15.3
654.39 12.6
655.64 3.9
657.06 7.9
662.48 4.1
663.19 5.6
664.84 15.2
665.50 105.1
666.46 19.2
668.41 5.0
670.33 3.0
672.62 1.7
673.34 8.8
674.60 7.4
675.46 5.4
676.49 2.0
677.44 16.6
678.54 128.2
679.42 47.4
680.35 9.1
681.44 19.6
682.34 9.0
683.49 7.9
686.16 11.3
688.54 4.2
689.66 1.8
690.44 22.4
691.43 26.5
692.65 11.8
693.60 10.2
694.39 10.0
696.35 514.3
697.45 145.7
700.57 4.6
701.84 1.6
702.75 11.8
703.49 4.7
706.16 24.5
707.40 13.5
708.43 61.8
709.51 102.3
710.56 14.4
711.64 2.0
715.55 11.4
719.33 8.9
720.28 25.5
721.30 15.9
723.55 1.3
724.55 1.3
725.62 3.6
731.56 4.0
734.48 2.4
737.97 1.1
739.00 2.7
740.56 2.5
744.33 3.2
747.58 4.4
748.51 4.1
749.56 26.4
751.41 18.0
752.35 8.0
753.49 3.5
754.53 1.7
755.72 1.3
766.42 23.9
782.70 6.8
787.48 2.5
798.64 2.0
805.36 3.2
825.66 6.9
831.19 2.2
842.52 9.6
843.55 218.5
844.51 47.2
845.47 10.1
