725.43138 2
108.12 18.7
109.39 2.0
110.03 4.7
111.16 3.2
112.26 6.3
113.23 3.5
116.09 3.0
116.77 2.3
120.43 1.2
121.80 2.7
127.13 27.4
128.14 45.3
129.19 13.2
130.18 21.1
133.10 1.0
136.07 2.2
137.25 2.4
138.10 68.1
139.29 10.1
145.11 5.3
149.12 2.8
151.19 3.9
153.08 2.1
155.21 101.0
156.09 2.3
157.18 1.8
158.13 4.8
159.25 1.3
163.05 1.8
163.96 2.1
165.27 27.1
170.66 3.6
172.97 11.4
175.16 17.3
176.34 1.7
177.94 5.3
179.13 2.0
180.09 2.5
181.14 31.0
182.13 13.5
183.15 892.8
184.20 43.3
185.06 1.1
187.17 10.5
193.22 110.3
194.30 3.1
195.13 10.8
196.13 2.3
198.32 2.2
198.95 4.8
201.37 4.5
205.37 1.0
206.13 1.3
207.12 2.0
209.21 81.6
210.17 86.9
211.08 329.9
212.19 14.4
213.28 12.1
215.15 12.7
216.85 2.5
217.70 3.8
220.90 6.0
222.08 3.3
224.20 5.7
226.22 561.9
227.21 46.8
229.52 2.9
231.12 11.3
233.16 1.0
234.42 1.2
235.67 4.4
237.02 32.7
238.19 4.1
238.97 7.5
241.10 8.8
242.26 9.2
243.12 6.7
246.08 3.2
247.23 3.6
248.23 8.2
249.12 29.8
250.08 20.7
251.12 23.2
252.25 13.2
254.17 328.0
255.27 28.8
256.24 5.7
257.32 8.8
258.19 4.0
259.26 9.8
260.03 1.7
261.27 14.2
262.10 3.2
264.36 1.4
265.94 2.8
268.12 3.0
269.13 29.0
270.11 29.8
272.14 339.2
272.76 1.3
273.40 30.9
275.20 18.5
276.04 4.1
276.90 15.7
277.71 6.5
279.22 11.8
280.13 9.3
281.18 5.5
282.26 9.3
285.14 3.4
286.26 34.4
289.14 4.3
290.63 12.5
291.39 8.9
292.35 3.3
293.77 6.3
296.44 7.1
298.08 118.6
299.22 256.3
299.88 41.2
301.22 4.2
303.18 11.6
305.19 3240.6
306.25 199.5
307.27 5.9
308.26 1.4
309.42 4.9
310.88 294.9
311.67 1.0
313.29 8.8
314.26 16.3
315.23 1.1
316.21 4.0
317.36 20.7
318.40 17.2
319.50 63.6
320.33 34.4
321.23 7.9
322.06 15.3
323.64 48.2
324.24 29.0
325.10 2.1
326.78 37.0
327.65 28.5
328.36 8.2
331.85 23.3
332.87 551.6
333.74 4.8
335.22 9.0
336.27 2.1
337.37 1.2
338.72 3.6
339.66 9.1
341.52 330.0
342.44 50.5
343.30 18.6
345.20 1559.1
346.08 144.4
347.79 17.2
348.87 44.2
349.89 7.2
351.26 11.1
354.44 536.3
355.51 15.9
356.66 5.2
367.04 1.6
375.31 5.7
376.19 2.7
383.28 3.6
384.25 1.9
385.31 319.0
386.25 56.3
386.86 2.9
390.19 1.4
391.39 1.7
393.17 72.7
394.07 8.4
402.41 1.4
405.20 2.4
408.33 9.8
409.28 9.9
410.61 3.4
411.31 33.3
412.27 2.9
417.34 5.1
419.22 3.1
421.96 15.0
426.27 3.3
427.60 11.6
436.37 20.8
437.65 2.5
454.40 119.8
455.31 11.1
464.83 5.1
467.82 2.3
472.35 3795.5
473.37 641.1
482.23 14.7
483.39 1.9
493.77 6.0
496.13 1.8
498.79 2.9
513.47 2.9
519.35 3.9
520.41 1.4
523.64 2.3
524.49 2.7
528.50 1.4
533.40 7.4
536.28 4.9
545.39 1.2
551.44 5.2
553.39 32.0
554.75 13.2
561.44 1.1
565.47 3.4
566.48 2.0
571.43 92.2
572.32 11.4
581.41 7.0
582.26 3.6
583.30 6.9
593.71 1.1
597.42 65.3
598.52 21.0
599.44 11.5
600.26 1.1
608.48 8.5
612.19 1.4
627.57 4.8
628.30 3.8
629.15 4.3
638.42 17.0
639.55 1.4
640.38 2.1
654.60 13.7
664.57 20.7
682.39 1410.9
683.41 406.7
