1081.48418 2
151.57 1.6
159.73 2.4
162.10 2.4
167.30 1.5
173.31 1.1
175.19 3.3
185.08 2.3
187.09 5.8
189.30 2.2
195.23 1.3
200.25 6.2
201.20 11.2
207.89 1.3
209.22 6.7
212.21 1.6
213.16 18.4
216.38 4.4
217.91 3.6
223.44 1.1
224.07 2.6
226.02 3.7
227.07 5.0
228.32 1.2
229.28 3.8
230.25 9.3
240.15 18.6
241.09 29.7
242.07 12.2
244.19 14.5
245.45 3.1
258.19 46.5
259.20 8.4
260.28 3.3
262.23 21.4
263.54 1.5
265.31 4.4
273.94 2.6
276.20 4.8
278.19 2.5
280.12 5.3
281.16 2.1
282.43 2.0
283.25 4.6
284.14 11.4
285.19 10.6
287.30 2.4
288.71 5.1
290.20 2.0
293.01 3.2
297.14 2.7
300.03 4.6
301.14 2.5
305.00 6.8
306.27 2.0
307.09 2.9
309.23 2.0
310.37 3.5
321.86 8.0
323.37 6.5
325.13 3.5
326.22 1.1
331.55 2.6
335.60 6.1
337.06 6.5
341.38 39.5
342.29 20.9
343.23 4.4
345.45 7.6
348.25 43.6
349.30 10.0
352.10 4.0
354.42 1.1
355.19 1.4
358.28 3.6
359.50 3.0
361.13 1.5
362.10 4.9
364.21 2.5
365.17 4.7
369.24 50.3
370.10 35.0
371.34 14.6
372.47 4.2
374.37 2.2
375.21 5.5
376.29 11.5
377.11 14.2
385.34 1.2
386.20 3.4
387.17 170.4
388.32 24.1
389.31 2.5
390.25 2.5
394.38 3.9
395.29 4.8
396.41 6.8
397.27 1.6
402.44 6.6
403.51 4.8
404.19 5.1
405.17 12.2
405.98 4.3
409.97 4.6
411.14 2.9
413.36 8.0
416.49 3.2
420.24 24.2
421.03 14.3
422.72 3.5
423.55 1.4
425.20 8.3
426.15 1.4
427.17 8.8
428.04 16.3
428.89 3.8
429.82 7.7
433.04 1.2
435.14 1.0
436.34 8.6
438.31 170.8
439.26 47.4
440.17 3.6
441.34 2.5
442.46 7.0
445.10 34.3
445.70 9.9
447.37 84.1
448.42 14.9
450.25 3.2
451.71 1.2
452.32 5.4
456.72 3.1
460.02 2.4
461.53 45.7
462.42 4.8
464.44 1.8
466.27 1.2
467.15 1.1
468.09 3.2
468.77 3.3
469.71 2.7
474.25 3.7
477.50 7.7
479.27 1.1
480.53 2.8
481.26 5.4
482.45 10.8
484.37 26.3
485.29 10.8
487.50 4.9
488.41 4.3
489.44 6.1
490.27 9.8
491.27 3.7
492.46 7.6
493.91 3.9
495.20 3.1
497.58 3.3
498.44 9.7
500.72 14.2
501.36 2.8
501.98 9.7
504.86 16.8
505.83 5.2
506.72 12.5
507.41 4.8
509.64 15.2
510.91 14.9
511.55 4.7
512.21 11.4
513.42 4.1
515.75 7.5
517.77 16.1
518.47 4.9
519.57 23.2
521.14 2.6
523.36 64.1
524.13 101.2
525.05 18.6
527.00 21.2
528.01 2.9
529.76 9.4
530.37 8.4
532.26 565.2
532.94 407.3
533.85 12.4
536.78 1.9
539.32 1.2
541.72 5.8
557.80 1.2
559.75 1.3
565.18 1.5
569.63 1.4
574.56 2.7
575.23 4.9
577.41 5.2
581.14 4.5
593.41 9.6
594.43 6.8
598.42 22.3
599.38 7.8
608.29 1.1
609.06 2.2
613.72 9.4
615.40 5.6
616.53 3.3
618.40 8.3
619.40 16.2
620.39 3.3
622.76 5.3
625.31 11.8
626.31 5.8
627.28 5.4
628.49 2.1
629.70 7.2
631.34 1.2
632.24 1.4
633.24 4.6
634.57 2.0
640.72 2.2
644.32 23.9
645.12 9.0
646.13 7.6
650.47 7.0
656.26 6.0
659.42 1.4
670.08 1.3
670.78 4.0
673.70 2.5
675.57 14.2
677.50 18.9
678.53 2.0
679.38 7.8
682.98 2.7
688.79 10.5
692.02 1.6
693.12 11.2
693.76 2.2
695.36 231.1
696.42 89.9
697.42 15.6
703.63 4.8
704.37 2.7
707.24 1.1
708.21 3.1
712.43 4.7
717.15 8.5
719.66 4.3
723.68 5.0
736.23 3.6
741.27 15.7
742.54 1.4
746.48 13.5
747.49 16.6
748.63 11.9
750.55 2.2
758.51 2.6
777.37 1.9
784.05 1.2
786.24 5.0
790.18 1.3
792.51 4.3
793.18 2.5
803.28 7.4
804.03 3.8
806.55 20.9
808.61 16.8
810.55 4.7
813.55 1.4
815.62 4.0
821.43 9.7
822.70 1.4
824.43 87.8
825.51 30.5
826.42 6.3
838.35 4.0
839.57 11.0
864.43 48.3
865.63 5.3
866.49 4.9
872.47 1.0
880.28 1.5
882.35 12.3
883.42 28.5
891.40 1.5
894.04 3.7
894.87 3.3
895.49 4.7
907.71 5.0
918.55 1.2
921.44 6.1
922.35 8.9
926.36 2.1
936.11 7.6
937.55 2.9
953.45 6.7
954.55 4.5
955.61 4.2
995.58 3.7
1024.41 2.1
1060.48 3.7
