1143.56853 2
165.18 3.9
167.32 5.4
173.20 3.9
175.12 22.0
176.12 11.5
177.95 1.6
179.19 4.8
183.33 2.4
185.99 3.1
187.37 5.5
188.29 7.2
192.30 6.0
194.21 8.5
195.11 12.2
197.11 7.1
200.15 22.1
201.20 22.8
202.24 4.1
203.66 1.4
207.19 2.0
208.52 3.3
210.18 9.2
211.27 4.0
212.20 70.4
213.34 30.0
214.23 1.5
216.34 1.4
218.25 103.7
219.24 14.6
222.32 15.8
223.25 1.5
224.32 4.6
225.17 3.5
228.39 9.0
229.17 13.2
230.18 29.1
231.18 5.7
233.48 5.8
234.34 1.1
236.23 8.7
237.26 5.1
238.27 6.9
240.18 125.6
241.20 33.0
242.25 8.5
243.31 6.2
245.25 6.6
247.29 5.3
248.36 29.4
249.23 4.3
250.52 11.8
251.23 39.6
252.30 13.2
254.19 13.1
255.17 193.4
256.24 109.2
257.13 3.8
258.22 34.4
259.38 9.7
261.28 1.9
263.26 19.2
264.38 1.6
266.20 3.5
267.08 4.7
269.19 1.8
270.37 6.1
271.57 14.0
272.24 42.5
273.27 29.2
274.30 7.3
275.16 1.4
276.31 1.2
277.25 5.3
279.03 40.9
280.20 36.0
281.28 1.5
282.21 9.7
283.09 12.9
284.24 12.3
285.19 4.1
286.22 2.7
287.58 4.5
288.97 10.9
290.91 2.0
293.25 24.4
295.34 3.4
296.26 2.0
297.11 1.2
298.15 9.5
299.29 10.2
301.11 2.6
301.72 1.2
303.65 13.0
306.07 6.6
307.12 2.6
308.60 15.3
309.54 4.1
310.31 2.9
312.18 9.7
313.87 23.7
315.15 12.3
316.23 4.5
317.29 4.3
318.31 4.5
320.01 18.2
321.13 1.5
323.39 2.2
324.42 1.2
325.19 4.3
326.08 4.9
327.37 6.3
328.30 5.8
329.15 6.1
330.13 3.0
331.23 17.0
332.25 5.2
333.55 18.4
334.65 10.4
335.34 12.1
336.19 3.7
337.36 14.2
338.17 10.9
339.61 9.8
340.54 3.7
341.38 1.5
342.22 9.4
343.16 8.8
345.05 3.4
346.23 1.8
347.51 5.9
348.14 7.5
349.61 4.5
350.66 9.4
351.44 5.8
352.47 12.6
353.34 39.6
354.38 47.3
355.30 21.5
356.58 30.1
357.54 7.5
360.20 16.7
361.25 11.2
362.41 18.3
363.22 79.0
364.75 352.6
365.39 106.4
366.03 21.3
367.14 2.4
368.27 43.0
369.32 27.6
370.24 18.1
371.38 18.7
373.39 6.7
375.33 7.2
376.31 13.0
377.40 4.4
379.18 5.9
380.18 7.3
381.32 2.6
382.00 2.1
385.49 21.3
386.30 20.2
387.48 11.0
389.10 8.7
390.36 3.3
391.65 1.7
392.27 2.9
393.57 23.2
395.25 2.0
396.26 1.8
397.37 5.0
398.15 12.9
399.07 1.9
400.42 4.1
401.31 1.3
402.44 2.3
403.38 15.5
404.26 22.6
405.26 1.6
406.18 18.8
407.30 27.2
408.30 13.5
409.11 4.7
411.29 1.8
412.19 4.8
413.24 2.6
414.06 22.6
415.08 26.4
416.72 4.8
417.77 4.7
420.34 23.7
421.30 51.8
422.41 20.2
423.93 44.3
425.36 19.7
426.29 34.8
427.48 17.2
428.42 3.3
431.30 2.9
432.17 2.2
432.98 23.6
434.39 11.4
435.19 8.8
436.08 21.6
437.05 6.9
438.29 6.0
439.25 1.5
440.00 14.4
441.03 29.0
442.83 26.4
444.01 238.1
444.91 5.3
446.09 1.1
448.68 27.9
449.56 33.7
450.57 12.4
451.52 25.9
452.73 7.1
453.40 5.2
454.49 28.1
455.37 25.7
457.88 307.5
459.10 37.0
461.58 7.5
462.32 5.2
463.50 6.5
464.23 7.8
465.41 17.5
466.30 55.7
467.34 15.7
469.11 9.1
470.66 6.8
471.72 2.7
472.41 6.2
473.31 22.8
474.66 3.7
475.47 14.7
476.44 5.5
477.49 7.6
479.00 3.9
480.35 17.4
481.26 15.3
482.45 20.9
483.31 12.3
484.38 24.2
485.25 2.2
486.44 3.8
487.22 12.7
489.20 9.3
490.27 45.3
491.01 44.4
492.25 11.9
493.21 19.9
494.34 74.6
495.32 21.1
497.20 4.2
498.46 8.6
499.49 938.6
500.34 10.2
501.33 19.2
502.25 8.7
503.00 1.3
504.51 2.0
505.51 16.4
506.39 6.4
507.71 19.8
508.38 43.7
509.06 8.9
510.30 4.7
511.49 4.2
512.62 12.3
513.34 11.0
514.46 44.8
515.20 3.9
516.53 1.9
517.48 3.9
518.49 19.2
519.37 33.1
520.26 16.5
521.46 15.9
522.56 18.6
523.23 5.7
523.99 10.6
525.48 1.1
526.40 15.9
527.43 26.6
528.23 11.8
528.87 11.5
529.50 17.4
530.47 4.7
531.57 18.8
532.49 115.6
533.33 32.7
534.45 11.4
535.44 10.0
536.37 63.2
537.34 69.5
538.23 19.2
539.49 4.6
541.29 38.1
542.26 66.9
544.31 45.5
545.59 159.1
546.45 29.6
548.04 3.6
549.40 27.4
550.28 15.9
551.34 5.9
552.34 8.3
554.50 2140.6
555.39 764.4
556.31 107.1
556.93 4.1
558.00 11.9
558.98 11.7
560.51 48.0
561.26 13.1
563.65 9408.1
564.42 766.7
565.54 19.2
567.24 1.3
571.42 1.1
572.88 3.6
576.42 8.9
577.60 8.5
578.62 2.0
580.76 3.5
582.15 6.7
587.16 2.1
588.67 1.4
590.01 4.8
593.55 24.4
594.42 84.2
595.55 18.4
596.30 1.3
598.35 30.8
599.52 22.1
600.36 3.6
602.41 4.2
604.50 2.5
605.47 14.5
606.72 9.8
607.56 58.7
608.57 5.5
610.07 5.9
613.47 5.2
614.20 6.7
615.48 29.7
616.81 3.2
618.31 1.8
619.22 1.5
623.57 3.7
625.42 3.6
626.10 7.7
627.51 3.8
631.19 2.0
632.57 3.3
634.08 3.0
636.48 1.3
641.41 7.4
642.51 6.3
643.82 2.0
645.42 2.5
647.46 1.2
649.33 50.4
650.17 11.3
651.02 3.3
652.44 2.3
653.10 2.0
654.23 1.3
657.12 4.3
658.07 4.3
659.79 11.3
660.65 11.1
661.41 23.7
662.31 11.2
663.22 11.1
665.26 2.3
666.68 2.9
668.57 3.1
669.33 6.6
670.20 1.8
673.51 2.6
677.60 4.8
678.95 1.7
682.65 6.6
683.47 13.0
684.78 6.8
685.44 1.2
686.72 3.0
687.56 14.1
688.62 2.9
689.38 1.6
690.45 6.7
691.17 5.6
692.00 7.5
692.90 11.7
694.60 2.7
697.75 13.6
699.29 1.9
700.64 12.1
701.55 19.5
702.52 9.1
704.21 4.9
705.02 2.7
705.66 19.1
706.53 5.2
707.65 3.5
708.71 4.1
710.92 8.5
711.58 10.5
712.92 12.6
713.81 4.5
715.89 6.4
716.88 14.2
718.49 12.0
720.18 10.9
721.67 4.2
723.51 92.5
724.36 33.2
727.50 4.5
728.66 18.7
729.93 10.3
733.38 6.4
735.29 13.7
736.43 70.0
737.45 55.0
738.36 11.8
740.51 6.5
741.85 16.9
743.66 1.6
745.26 1.1
746.19 10.8
748.44 5.5
750.05 18.3
751.16 7.1
752.25 5.3
754.35 4.2
756.62 2.1
757.34 2.0
758.58 28.3
759.53 3.6
761.27 19.0
762.42 9.8
763.12 12.2
767.48 10.8
768.61 14.1
769.27 2.6
770.81 7.1
771.49 7.8
772.54 6.3
773.77 35.7
774.45 47.8
775.36 40.7
776.42 4.7
778.79 9.7
780.39 69.7
781.38 12.6
782.42 4.1
783.92 1.8
785.63 10.0
786.61 4.3
788.14 4.0
789.80 3.3
791.53 3.1
795.39 1.3
796.31 45.8
797.17 14.2
797.85 7.8
798.80 1.1
799.55 2.2
807.46 11.9
810.31 4.9
811.55 6.5
813.42 38.6
814.41 5.5
816.50 2.5
821.27 12.9
825.56 4.8
826.72 19.3
827.62 5.1
829.64 1.7
830.64 4.0
837.69 15.2
838.74 3.2
841.62 5.4
846.31 2.8
847.55 20.3
848.64 5.1
854.46 3.2
856.36 1.2
857.24 3.1
863.78 10.0
864.48 112.6
865.61 80.1
866.91 6.1
868.39 33.9
869.55 9.9
870.51 3.2
876.78 1.8
879.60 3.7
880.42 4.2
881.34 10.3
882.82 3.8
885.39 5.1
886.52 227.3
887.53 136.6
888.75 20.5
890.28 3.0
893.08 2.2
895.42 14.7
896.33 9.3
897.59 27.6
898.51 33.7
899.70 8.6
901.70 6.9
908.57 36.5
909.46 107.5
910.50 44.9
911.15 1.5
912.26 9.5
915.28 4.8
916.71 10.1
921.48 1.6
926.45 177.1
927.59 30.0
932.40 2.8
936.64 7.1
938.78 2.1
944.54 6.0
952.60 17.3
953.71 7.7
955.75 3.5
959.33 1.7
962.51 8.2
963.54 4.7
964.70 3.2
968.61 21.4
969.53 20.3
970.53 4.1
975.60 16.9
976.46 9.3
978.39 6.0
979.43 48.5
980.50 294.9
981.48 159.9
982.28 10.9
983.57 2.1
985.49 3.9
986.70 45.3
987.59 7.2
988.88 4.3
993.76 3.0
995.32 3.3
996.50 54.2
997.52 231.6
998.51 196.2
999.58 73.2
1009.58 4.3
1010.66 3.4
1013.92 4.0
1015.31 52.7
1016.31 23.9
1021.21 1.1
1026.75 3.3
1027.80 2.3
1029.68 3.7
1037.66 5.5
1043.85 7.5
1053.20 3.5
1055.53 2.6
1069.58 3.5
1104.51 70.1
1105.54 45.5
1108.67 4.1
1120.48 4.7
