1232.65813 2
178.12 11.9
187.36 3.5
188.56 2.6
201.22 1.9
201.93 1.5
213.34 5.3
224.35 3.1
225.57 2.4
228.15 1.2
230.09 7.2
231.43 2.1
234.12 3.2
236.23 1.2
238.10 2.9
241.31 5.8
244.22 1.9
245.22 1.3
252.17 1.0
260.07 4.8
261.10 2.1
262.13 11.4
263.22 2.6
266.06 2.4
267.11 4.7
269.28 2.2
274.33 2.3
276.22 1.4
278.28 2.7
282.24 1.5
286.34 1.0
288.39 4.8
290.29 2.7
291.07 3.2
292.20 3.3
296.40 2.5
297.29 2.4
299.14 11.3
300.20 1.0
301.19 2.2
303.24 4.8
305.07 4.8
308.04 1.4
312.79 2.4
314.26 4.1
315.15 1.3
316.21 20.1
318.37 3.5
320.05 4.1
321.34 1.5
322.40 4.9
323.56 2.3
328.37 1.7
329.26 5.3
330.18 4.9
331.20 1.0
332.16 5.5
335.23 2.9
336.25 3.8
338.16 3.4
339.28 1.3
340.68 4.0
342.33 1.0
343.49 4.6
344.53 2.1
345.24 3.3
348.15 5.9
353.03 4.5
354.36 1.6
355.32 3.8
358.10 4.3
359.21 5.0
361.39 8.1
362.21 1.8
363.34 9.1
367.21 3.5
368.27 2.0
371.31 4.5
374.23 7.3
376.06 1.1
378.11 4.9
380.34 2.8
381.22 3.5
382.41 2.4
383.35 21.1
384.82 10.0
388.15 1.2
389.09 2.4
390.35 9.3
391.04 3.0
394.27 2.0
395.29 7.8
396.37 2.5
397.32 8.5
400.03 3.6
401.22 1.6
403.27 3.7
404.25 6.9
406.02 41.0
406.94 3.6
408.97 15.6
409.94 3.6
410.98 2.6
412.50 3.8
413.28 2.3
415.16 1.8
417.20 14.9
417.98 2.2
420.35 1.6
421.30 4.5
422.38 6.7
423.30 4.2
424.49 6.6
427.18 1.3
431.50 1.3
432.37 9.7
435.32 1.3
438.27 1.5
439.91 11.2
440.98 8.3
442.39 6.2
443.40 2.0
444.04 2.2
445.05 3.6
448.67 10.2
449.28 1.5
452.10 3.8
453.08 4.7
454.33 9.2
455.24 1.9
456.61 5.8
459.21 8.6
460.45 1.5
461.95 21.1
462.85 1.6
465.01 2.8
466.55 8.7
467.23 4.7
469.20 4.6
470.67 11.7
472.12 1.1
472.74 3.8
474.25 1.9
474.88 3.9
478.44 1.0
479.31 5.1
480.30 13.9
481.20 18.5
482.29 13.4
483.21 7.9
484.37 11.1
486.17 4.3
487.21 11.2
487.85 3.2
489.82 10.9
491.25 5.1
494.25 10.3
495.05 6.0
497.25 7.5
498.07 2.6
499.56 3.1
501.09 12.1
502.49 24.7
503.11 23.0
504.23 13.4
507.10 6.2
507.94 11.0
509.28 7.2
510.40 35.0
511.19 16.9
512.98 3.1
513.75 2.6
516.51 3.4
518.84 6.5
519.74 1.3
522.62 6.7
523.77 7.4
524.48 2.8
525.46 18.2
526.50 13.0
527.29 1.3
528.04 1.6
529.23 1.2
530.38 45.0
531.50 9.9
532.11 7.8
532.98 2.2
534.41 2.8
536.17 5.4
537.15 7.9
539.37 1.7
540.51 2.4
541.51 17.1
543.03 13.2
544.20 2.5
545.32 4.5
546.26 10.6
548.93 5.9
549.85 3.0
551.11 6.8
552.12 23.7
552.88 2.4
553.49 1.1
554.43 10.3
556.32 27.6
557.28 2.7
558.93 34.5
561.40 1.1
562.80 6.7
564.38 1060.5
565.60 26.5
566.46 10.5
568.57 7.1
569.80 3.9
570.75 11.7
572.02 60.2
572.86 20.9
573.56 6.4
576.67 25.6
577.44 1.8
578.06 6.1
579.60 1.8
581.08 30.8
582.13 4.5
583.32 3.6
585.20 29.6
585.83 39.5
587.06 31.9
588.36 11.1
589.12 2.7
590.14 25.7
591.67 11.5
592.32 5.2
594.62 270.5
595.36 34.5
596.77 2.6
598.48 139.2
599.46 98.0
600.26 34.4
601.36 22.1
602.41 30.4
603.75 6.8
604.78 7.8
605.41 5.4
606.34 16.5
607.45 230.2
608.36 55.2
609.63 1.1
616.91 8.4
625.29 6.0
629.50 2.1
630.12 5.9
633.47 4.6
637.08 3.0
639.38 2.0
640.21 1.5
642.02 6.3
644.21 1.3
646.39 1.3
652.71 15.3
667.57 1.5
675.58 4.2
676.76 4.7
682.89 10.7
684.80 4.4
688.18 7.5
689.61 2.0
691.41 5.1
692.30 2.3
697.37 1.7
698.13 14.7
702.43 3.2
704.55 2.7
705.53 9.2
707.34 2.1
708.39 10.4
722.54 4.0
723.39 6.9
724.42 1.3
726.54 10.7
727.35 1.8
732.53 2.7
735.22 10.1
736.31 1.5
740.63 3.5
742.68 2.9
745.87 4.1
748.27 13.2
750.19 3.3
754.31 1.9
755.70 2.9
756.78 1.7
759.60 11.8
765.43 2.0
770.43 2.0
772.28 4.8
775.39 3.3
776.06 4.5
779.53 1.7
782.35 3.9
783.79 1.6
786.72 3.3
787.50 3.6
788.86 5.1
789.98 2.1
790.61 2.6
792.57 4.5
797.48 15.1
798.42 4.5
799.90 9.5
802.60 3.7
803.42 4.2
804.56 1.5
809.68 1.6
810.70 7.6
814.51 3.6
817.51 9.3
826.17 16.8
828.32 4.9
829.41 2.6
831.24 3.4
833.15 3.8
836.54 2.0
837.54 8.8
838.58 3.2
840.75 1.8
841.59 4.3
842.53 1.6
843.75 12.0
851.96 7.9
853.33 1.8
855.38 1.1
856.60 3.8
857.32 1.5
858.65 2.3
859.60 7.1
860.35 11.4
870.48 9.8
871.44 22.2
872.20 1.0
873.60 6.6
879.16 1.6
883.71 5.6
887.77 6.3
888.62 4.4
891.21 4.7
891.97 1.4
901.39 2.0
912.74 4.0
913.78 12.2
915.36 2.1
928.36 10.7
930.28 4.3
931.57 1.6
942.29 1.7
943.46 1.3
944.27 2.5
951.21 3.1
953.49 4.6
954.36 16.1
955.34 5.2
957.30 3.8
961.53 4.8
962.76 3.9
966.82 4.5
968.42 6.3
970.63 2.1
971.71 12.2
972.61 37.2
973.45 14.8
974.67 4.3
975.41 3.2
978.69 5.0
985.31 2.1
988.56 6.6
989.53 2.1
1002.70 3.0
1003.74 1.8
1004.78 3.8
1012.30 3.5
1013.71 2.5
1029.55 3.6
1037.76 2.3
1040.06 3.7
1041.57 21.9
1042.52 8.7
1046.40 3.2
1056.89 5.6
1057.54 7.9
1058.42 17.0
1059.59 10.8
1060.57 1.4
1067.39 9.5
1068.47 3.1
1085.52 22.8
1086.59 23.4
1087.63 9.6
1099.47 1.1
1103.47 2.2
1104.53 4.3
1191.54 3.2
1193.63 3.3
1195.81 2.5
