1382.71819 2
200.16 7.8
203.08 3.0
204.30 3.0
208.31 5.1
214.21 2.2
216.23 4.7
219.18 1.0
220.33 1.9
223.38 5.5
227.36 8.4
229.18 3.3
230.11 5.0
231.92 2.8
235.09 9.8
237.33 1.3
238.18 1.3
240.38 5.6
241.25 2.3
242.25 4.0
243.00 7.4
243.86 8.9
245.30 7.9
246.00 6.5
248.15 4.8
251.25 2.1
253.05 2.8
254.37 1.3
256.16 3.2
259.36 1.9
260.29 80.2
261.18 6.5
262.41 2.9
269.37 3.8
272.04 1.7
274.42 1.5
276.24 2.1
279.74 6.2
280.39 10.7
281.14 3.3
284.33 4.9
287.26 9.5
289.41 2.2
290.30 1.0
292.18 1.2
296.35 5.3
298.16 14.6
301.27 10.4
302.35 3.9
303.00 3.1
304.17 3.3
305.05 5.8
310.28 8.4
314.05 5.5
315.24 7.3
316.99 2.3
319.23 29.2
320.00 3.2
323.38 2.3
325.26 4.3
326.34 4.2
331.06 3.5
331.92 10.8
333.33 13.1
334.04 1.2
335.53 5.8
337.90 5.9
339.16 1.2
344.04 1.3
345.28 2.3
346.12 1.5
347.33 5.1
348.10 7.5
349.16 10.6
353.12 7.7
354.40 9.8
357.17 4.7
358.40 2.5
361.34 3.0
362.36 3.2
365.21 9.1
366.53 4.7
367.20 6.1
368.95 2.7
370.11 8.6
372.05 2.9
373.27 16.1
374.69 2.8
375.41 3.9
378.13 7.9
379.20 3.0
380.18 2.4
381.54 4.5
382.69 13.7
383.41 10.7
384.11 10.4
386.20 3.8
387.25 1.5
388.39 4.2
391.25 1.3
393.19 10.9
394.04 5.0
396.29 1.5
398.39 1.1
399.35 3.9
400.41 1.9
401.14 1.9
403.60 2.0
404.51 2.5
407.21 1.4
409.15 6.7
411.24 39.1
412.35 5.5
413.33 8.6
417.24 6.6
418.86 6.4
419.57 3.7
420.34 2.3
422.46 1.5
424.31 5.1
425.37 9.0
426.53 1.9
427.25 2.4
428.25 9.0
429.29 17.4
432.48 8.9
433.40 2.0
434.97 3.4
436.35 3.1
437.54 7.1
439.03 5.0
440.31 14.3
441.28 9.1
442.22 4.5
443.25 2.9
444.21 10.4
445.30 2.1
446.21 9.6
447.19 26.5
448.32 26.6
450.85 6.0
451.56 2.1
452.23 4.6
453.43 4.2
454.48 2.1
456.17 5.6
457.11 6.8
460.40 11.5
461.48 5.7
462.30 6.1
464.08 7.4
464.86 11.8
469.23 7.0
470.10 10.5
472.43 5.6
473.45 2.0
474.09 5.2
475.29 4.7
475.93 5.7
477.03 10.2
478.51 3.6
479.48 6.2
480.27 27.0
481.14 24.5
482.39 3.2
483.13 1.9
484.59 10.5
485.73 5.0
488.83 12.3
489.43 14.8
490.15 2.7
491.01 13.3
491.82 10.4
493.05 2.7
493.99 15.1
495.16 4.8
496.07 18.1
497.34 7.8
498.16 6.4
500.99 3.3
504.40 6.8
505.42 10.6
506.43 15.7
510.09 1.6
511.15 10.9
513.14 17.8
514.13 12.6
515.13 14.5
516.05 7.6
517.60 3.5
518.41 8.2
519.26 9.6
520.55 9.2
521.42 3.8
522.28 3.6
524.20 3.4
524.89 3.2
526.43 5.3
527.52 12.1
528.53 38.6
530.58 9.4
531.44 12.0
532.24 6.5
533.11 33.5
533.99 6.4
535.18 15.3
536.01 4.7
537.82 6.5
539.44 56.0
540.35 24.2
541.77 3.3
543.23 13.8
544.31 69.9
544.97 24.5
545.96 10.4
546.90 2.1
547.97 20.6
549.34 14.2
551.09 26.4
553.54 93.5
555.40 4.8
557.26 571.9
558.29 108.7
560.03 22.8
561.08 47.2
562.36 70.5
563.30 6.5
564.18 5.5
565.48 3.6
566.52 9.6
568.05 9.3
569.19 41.3
570.64 19.4
571.46 2.0
574.74 30.2
575.96 36.9
577.03 41.8
578.05 78.7
579.28 17.4
581.30 3.3
582.67 37.3
583.34 51.4
583.99 22.5
584.97 1.2
585.68 7.7
587.08 38.5
588.01 19.7
588.91 6.6
589.53 11.0
590.61 21.2
592.03 124.6
593.28 29.7
594.94 8.2
596.23 58.3
597.25 16.2
598.39 7.2
599.75 19.2
601.01 309.7
602.08 7.2
603.42 3.3
604.94 110.2
606.48 9.1
607.35 2.3
608.07 8.4
609.83 345.9
610.53 59.5
612.33 10.9
613.53 2.8
614.30 1.4
615.05 8.6
616.10 3.6
617.83 18.6
619.03 400.1
619.95 8.0
622.74 5.4
623.38 2.6
623.99 6.9
624.71 7.2
626.12 4.3
627.33 23.6
628.68 15.1
629.55 1.1
630.68 9.2
631.75 18.4
632.42 7.3
633.08 4.6
634.39 26.3
635.03 6.4
637.38 3.8
638.21 25.1
639.32 23.0
640.36 12.7
642.53 5.7
643.70 8.6
645.46 25.1
646.50 16.1
647.41 6.1
648.42 13.6
649.10 5.2
650.31 8.2
651.89 28.8
652.97 3.5
655.33 44.3
656.22 42.9
657.20 14.6
658.22 3.0
658.97 6.0
659.79 3.1
661.22 25.3
662.12 14.6
663.31 55.7
664.96 68.9
665.80 32.4
667.22 8.8
668.30 32.1
669.31 29.0
670.30 28.1
671.30 1.7
672.41 12.1
674.06 560.6
675.01 66.8
676.58 25.7
677.40 1.5
679.37 7.4
680.54 13.6
681.36 7.7
682.50 54.3
683.61 8.7
688.13 1.6
703.33 1.3
704.27 3.9
710.45 2.0
711.22 1.9
714.23 4.2
716.59 2.6
717.59 6.1
720.58 53.5
721.48 13.6
724.78 4.5
725.48 1.5
729.42 1.6
731.40 4.9
732.09 5.5
734.58 3.4
735.29 4.4
736.33 2.1
737.64 5.7
738.56 6.2
739.39 2.9
744.52 1.2
750.85 16.7
751.73 3.5
752.55 1.9
753.17 2.0
754.24 1.3
755.35 4.8
756.77 1.6
758.41 1.9
760.41 7.4
765.08 5.4
769.15 13.1
770.17 1.1
772.18 7.7
773.94 8.6
775.19 1.9
776.17 2.8
778.24 48.5
783.32 2.1
785.42 5.9
786.53 2.0
787.50 2.0
789.67 11.5
790.62 3.7
791.49 6.8
793.32 2.8
796.39 9.1
797.96 11.8
798.99 6.1
799.70 5.6
800.42 8.2
801.50 9.5
802.11 2.1
803.52 2.1
804.69 10.8
806.27 13.9
807.27 35.5
808.49 177.1
809.44 20.2
811.53 2.8
813.31 16.7
814.53 127.8
815.59 37.0
817.22 14.2
826.42 704.8
827.52 225.1
828.45 2.2
829.35 1.0
831.47 7.4
835.41 185.7
836.31 7.0
837.88 10.3
839.85 4.0
848.50 18.2
849.45 1.7
850.43 5.9
852.58 19.2
853.22 1.6
854.16 5.5
855.62 7.3
858.48 5.3
861.96 3.7
864.34 1.6
866.67 1.1
867.53 4.9
869.07 2.6
870.53 4.9
874.38 1.1
876.58 5.6
877.52 1.5
878.86 15.9
879.48 1.4
880.52 5.4
881.32 8.5
882.73 4.0
883.34 3.7
884.09 5.1
885.03 4.2
888.68 5.9
889.55 1.7
891.51 3.7
892.38 3.6
893.60 12.2
894.62 3.3
895.87 3.6
900.13 12.2
901.37 7.6
906.95 2.9
909.14 2.3
911.68 5.3
913.68 2.5
916.58 1.9
917.42 1.3
918.51 12.3
919.58 10.4
921.42 6.7
923.49 9.8
924.39 5.6
925.16 4.1
928.57 1.2
931.08 3.2
935.06 19.2
935.91 7.5
936.92 13.3
939.59 11.1
940.82 12.5
941.66 3.0
942.54 8.2
943.70 5.3
946.46 6.0
949.22 1.1
950.77 2.3
959.71 6.5
960.74 4.8
961.38 5.0
963.80 2.4
964.60 2.1
966.41 2.4
970.58 7.6
972.03 6.0
974.66 2.2
977.63 20.6
979.01 5.2
980.56 2.3
982.54 55.8
986.30 4.9
987.67 5.7
988.64 3.8
989.62 1.2
990.55 5.1
991.42 2.1
992.56 18.5
993.64 4.3
994.75 1.7
996.40 6.4
999.39 5.8
1001.53 2.5
1005.37 4.0
1008.27 9.5
1008.95 2.6
1009.61 3.6
1010.60 41.1
1011.45 9.3
1014.25 6.1
1020.90 8.0
1027.82 3.6
1029.13 3.0
1029.81 5.8
1031.49 2.0
1032.29 3.8
1033.52 4.0
1034.61 1.1
1038.85 1.8
1044.22 1.5
1047.51 8.7
1048.62 5.9
1051.36 8.4
1055.49 4.0
1059.68 6.6
1063.84 6.4
1064.48 8.5
1065.56 22.4
1066.82 6.2
1067.81 2.6
1068.69 29.5
1069.63 33.4
1070.50 2.2
1073.36 4.4
1079.73 1.3
1082.42 2.1
1087.21 3.8
1089.11 1.4
1091.12 5.8
1091.73 2.7
1095.51 3.0
1096.31 1.5
1105.24 5.6
1105.98 8.9
1106.73 15.8
1109.44 5.5
1120.60 4.8
1123.59 302.4
1124.54 126.3
1125.63 26.3
1126.97 5.1
1133.21 1.3
1139.74 3.4
1143.63 1.1
1144.38 6.9
1147.00 1.6
1148.61 2.2
1158.06 3.0
1161.62 5.5
1163.87 6.0
1166.74 8.8
1172.77 3.6
1174.67 2.2
1178.55 18.1
1179.44 8.0
1180.80 3.5
1182.70 8.7
1183.76 13.4
1186.12 2.1
1191.64 2.0
1192.60 2.0
1197.48 19.5
1198.64 6.9
1199.65 3.8
1200.86 5.5
1201.60 2.5
1204.79 1.2
1206.25 3.4
1207.67 1.4
1209.54 3.0
1211.82 2.9
1218.69 11.2
1219.70 6.6
1227.05 3.5
1229.35 11.6
1232.56 2.3
1233.58 2.9
1236.69 310.0
1237.72 163.2
1253.87 2.3
1262.20 1.4
1296.56 1.0
1307.47 2.7
1345.97 2.0
1360.58 2.1
