1519.75163 2
221.10 1.0
222.21 5.5
223.23 2.4
249.10 6.2
250.05 1.7
250.90 4.0
258.00 1.6
262.26 3.1
265.15 2.5
265.97 1.9
267.07 8.3
270.08 4.6
270.94 1.2
281.45 20.0
282.17 7.2
283.10 13.1
284.36 1.1
293.03 1.5
295.11 1.6
300.52 2.7
301.31 3.7
307.42 3.8
314.17 2.8
322.57 1.7
324.64 3.2
327.39 1.7
334.75 2.2
337.39 1.7
341.11 3.8
343.13 9.1
345.13 8.6
353.14 7.5
355.21 2.0
356.07 2.1
357.14 2.5
362.26 1.4
368.53 5.2
370.40 3.1
371.46 1.6
382.48 2.7
383.36 3.4
384.23 7.2
385.38 6.4
388.34 1.7
393.48 3.6
394.09 4.2
395.15 9.2
402.30 1.0
407.19 3.6
408.34 4.1
412.26 71.6
413.32 20.9
417.15 3.0
424.40 3.7
429.16 5.4
429.80 1.1
431.11 5.8
432.78 2.5
436.53 1.6
439.21 2.9
442.34 5.5
443.32 3.2
445.27 3.9
448.41 2.2
451.32 5.2
452.29 6.0
452.99 5.3
458.18 3.5
468.08 1.5
469.79 3.4
470.88 18.2
472.29 2.8
473.30 1.1
474.11 7.6
477.21 1.3
478.75 3.9
480.29 4.0
482.39 3.2
483.49 2.7
492.29 3.7
493.17 28.1
498.70 1.9
500.54 4.5
501.26 5.7
502.22 34.6
503.14 16.5
504.02 6.4
505.04 4.1
506.87 3.4
509.21 2.8
510.53 2.7
511.54 3.0
512.24 9.1
515.59 2.6
516.46 2.3
520.51 1.8
521.32 1.6
522.09 1.4
526.03 1.7
530.74 1.7
533.59 1.5
534.54 7.0
535.55 3.6
536.43 3.5
539.13 5.5
540.20 8.5
541.25 9.4
543.38 3.6
544.04 10.4
548.49 1.5
556.74 13.8
557.64 21.0
559.21 19.2
560.48 3.3
562.49 3.7
564.37 3.3
565.94 19.7
566.63 7.9
567.42 3.5
569.38 2.2
572.37 7.8
573.13 29.4
574.07 1.9
575.98 3.0
576.58 2.6
577.38 6.4
581.74 14.5
582.84 6.0
591.48 3.2
593.24 1.0
595.58 4.1
598.28 8.3
599.92 16.2
601.53 1.2
602.29 1.3
604.35 3.8
605.78 2.0
606.41 2.8
608.91 10.3
610.50 1.6
611.35 6.7
612.57 11.7
614.94 43.8
618.28 4.9
620.45 11.9
621.66 10.2
623.10 154.5
623.94 4.5
624.73 5.5
625.50 5.9
626.51 1.5
628.51 23.0
629.46 6.5
630.46 14.0
632.20 1.6
633.10 6.5
635.53 1.7
636.83 73.9
637.43 151.4
638.38 12.9
640.36 3.0
641.25 2.2
646.02 376.9
646.90 7.1
649.57 1.5
651.67 14.8
656.85 27.6
660.67 1.4
661.88 4.2
665.63 286.0
666.49 10.5
667.59 14.1
668.36 16.0
669.41 13.1
670.45 3.9
673.67 139.5
674.86 80.1
676.15 3.0
676.81 3.1
677.47 2.4
678.77 67.4
679.70 3.7
681.30 2.7
682.86 3.7
685.28 38.6
686.52 21.5
687.81 341.1
688.56 81.4
691.67 1.8
693.32 4.2
694.23 8.4
695.30 12.7
696.58 2435.2
697.46 41.8
698.38 4.9
699.46 9.5
701.86 5.3
706.77 9.6
707.46 17.0
708.32 10.6
714.68 1.4
715.45 6.6
716.73 10.6
717.68 2.2
719.28 3.4
720.60 38.4
721.48 35.9
722.35 5.0
723.68 11.8
724.44 9.0
725.29 13.8
726.62 8.3
728.65 14.9
729.74 126.0
730.50 11.1
734.46 16.5
736.59 4.3
738.56 355.1
739.36 2.9
742.36 51.9
743.16 172.8
743.98 14.6
745.50 13.8
751.53 134.2
752.42 19.2
773.47 1.8
774.54 6.2
775.53 6.2
782.46 32.1
783.23 9.9
783.87 5.3
784.76 3.3
787.81 3.0
791.49 5.9
794.75 4.4
798.95 3.1
800.58 12.0
803.11 1.4
814.71 2.6
815.79 8.1
817.99 4.2
822.41 2.6
825.73 4.0
826.58 1.7
832.59 19.5
833.70 1.3
834.68 9.5
835.77 11.0
836.42 3.7
844.72 4.1
848.04 6.0
852.49 2.8
853.61 1.6
854.29 2.0
862.43 3.1
877.40 3.9
879.70 10.3
880.55 5.6
882.53 1.4
885.74 2.8
888.56 2.1
891.10 10.0
898.48 1.6
899.73 3.4
907.92 25.8
910.45 8.9
911.28 5.2
919.64 14.1
921.15 3.1
922.44 10.8
924.55 4.0
925.56 2.3
932.64 7.3
934.10 4.5
936.64 4.1
941.51 2.1
942.22 3.5
945.67 6.0
946.57 2.1
948.37 3.7
957.20 1.5
963.42 40.1
964.46 9.7
968.00 4.2
975.29 6.8
978.55 3.3
979.60 3.2
980.78 42.7
981.64 6.9
982.84 5.0
983.45 2.0
991.50 3.0
993.35 4.9
998.75 1.2
1002.37 4.9
1007.38 2.3
1009.16 9.0
1009.89 7.8
1010.89 1.8
1013.56 2.7
1036.33 5.8
1041.35 2.8
1042.49 6.5
1047.21 2.2
1053.78 2.8
1061.63 2.6
1062.73 4.4
1065.78 1.1
1073.72 5.6
1074.72 5.5
1090.34 7.3
1091.54 46.5
1092.62 14.6
1094.54 2.4
1101.36 3.5
1105.36 7.1
1108.78 14.5
1109.54 7.9
1114.73 2.8
1117.88 3.5
1122.76 9.2
1123.55 5.3
1125.34 1.2
1128.65 2.9
1145.77 2.6
1162.63 1.8
1172.65 2.6
1180.77 4.0
1199.56 4.1
1222.77 8.5
1223.43 4.0
1248.59 1.1
1250.80 2.1
1251.77 7.5
1252.54 3.1
1260.72 1.9
1289.73 2.1
1307.88 4.6
1328.64 1.1
1369.55 1.6
1373.91 3.4
1378.24 3.2
