1249.66863 2
175.14 3.6
246.96 1.2
263.03 1.4
281.04 2.3
292.48 2.6
296.36 3.7
303.04 1.2
325.16 1.1
340.43 4.9
352.95 23.8
364.58 3.3
374.97 1.1
376.23 2.8
383.14 1.4
394.06 1.7
406.36 4.7
417.41 2.6
421.15 1.1
431.12 25.4
432.28 1.1
434.25 5.1
445.23 1.7
447.61 1.7
463.57 4.4
466.43 2.5
475.14 4.0
477.21 1.3
482.98 1.4
483.93 8.9
488.68 5.0
489.63 6.4
492.23 1.9
492.85 4.8
496.40 2.5
500.40 3.1
503.39 2.9
511.17 3.8
513.28 2.9
514.50 1.5
515.43 7.4
518.10 6.7
519.27 5.2
524.99 1.1
526.40 1.3
528.61 4.0
530.19 4.1
531.35 10.9
534.30 3.4
535.01 6.9
536.24 6.4
539.39 4.5
541.52 8.6
542.94 1.1
544.55 37.9
550.50 33.7
552.31 6.0
554.33 2.6
556.75 1.9
561.03 5.9
562.56 5.7
565.09 6.1
565.80 9.3
566.88 4.9
568.70 12.1
569.41 5.8
571.19 2.1
572.21 4.4
573.17 1.0
574.42 20.8
575.06 5.8
575.98 25.9
577.00 17.1
577.80 17.3
579.24 7.8
581.04 17.5
583.50 165.5
584.41 4.2
585.63 30.4
586.63 4.5
587.45 7.4
589.56 167.4
590.46 7.0
591.27 18.3
594.19 9.7
595.15 30.8
598.55 550.6
599.43 2.2
600.67 1.0
601.45 5.5
603.30 7.4
604.12 22.8
604.94 8.4
605.68 5.3
607.24 122.9
607.95 90.3
609.03 13.2
616.13 40.9
617.20 15.6
641.47 3.9
642.36 5.8
645.66 2.9
649.45 1.2
653.53 11.1
659.40 2.3
660.42 3.7
678.60 4.7
686.70 3.5
692.58 4.1
704.52 1.5
714.46 1.8
716.59 2.2
719.18 3.5
723.29 1.1
726.54 2.3
752.47 2.0
758.34 5.9
759.69 3.0
761.59 1.3
768.58 3.9
774.48 2.9
784.10 10.0
788.49 4.4
801.66 1.2
802.30 2.0
804.40 8.4
810.05 10.9
832.39 4.8
834.43 5.0
849.69 2.4
861.38 7.6
877.39 2.0
888.56 1.9
901.80 1.5
908.56 1.6
915.37 2.5
926.48 2.8
937.59 1.8
938.91 6.7
946.49 3.0
950.52 2.6
954.40 2.4
967.51 3.3
994.88 2.0
1056.92 1.5
1066.71 8.0
1074.79 5.4
1075.75 1.1
1076.66 1.7
1092.69 1.7
1093.92 3.1
1118.35 1.3
1143.63 2.6
