1706.78288 2
249.11 1.5
253.12 1.6
259.95 2.9
261.09 2.3
262.26 1.4
263.22 1.6
269.31 2.8
272.26 17.4
274.99 3.4
276.62 3.8
277.32 4.7
278.24 1.5
279.24 1.8
280.13 1.9
286.58 3.7
289.88 3.0
291.14 4.1
296.45 2.8
298.46 4.9
300.96 17.5
310.26 4.4
319.34 19.2
322.41 2.5
325.40 3.2
327.07 19.8
329.31 17.6
335.33 2.5
336.15 1.5
339.14 1.9
341.23 4.4
343.11 3.5
344.46 1.3
345.23 4.8
347.28 38.1
350.23 2.1
353.06 3.3
354.25 3.4
356.16 1.3
358.90 5.3
364.58 7.0
366.09 4.8
367.29 4.3
370.95 29.5
372.30 1.6
373.89 1.3
379.95 38.1
384.24 3.3
387.37 8.4
389.20 20.4
390.11 4.1
391.16 5.1
393.11 3.2
395.06 2.5
398.26 37.7
400.11 7.2
401.38 8.2
402.35 4.8
404.35 7.2
406.64 5.8
407.37 1.3
409.47 1.3
411.00 7.2
415.16 12.0
416.20 71.6
417.23 13.0
418.41 4.5
419.23 4.7
421.34 4.0
423.41 5.5
424.31 2.7
425.01 1.5
427.21 2.0
430.39 2.7
432.82 8.5
434.37 45.8
435.41 5.9
439.42 3.7
440.67 5.1
442.25 3.1
443.36 1.2
444.04 3.5
445.28 2.6
446.45 1.9
447.37 2.8
452.25 5.4
453.43 3.4
455.47 1.7
456.30 3.2
457.34 5.7
459.00 19.9
460.14 2.9
461.34 1.9
464.44 1.8
465.33 7.2
467.21 9.0
468.35 3.8
470.34 2.1
471.18 4.3
473.11 4.4
474.27 5.6
477.03 3.4
477.89 5.2
478.58 1.6
479.26 4.8
480.39 4.2
481.25 2.0
482.14 2.0
483.61 6.2
486.19 7.6
488.22 7.2
489.48 2.7
495.40 2.3
496.45 1.8
497.11 2.3
498.19 1.7
499.33 5.5
501.26 3.3
503.05 15.8
504.40 4.8
506.24 7.7
507.27 7.1
508.30 1.1
509.09 4.2
511.27 3.5
511.96 1.7
515.41 10.0
516.37 11.6
519.47 3.6
520.28 4.2
521.19 11.0
522.23 2.9
523.26 7.8
524.46 5.4
526.79 18.2
529.18 2.8
530.00 9.9
531.52 8.4
533.24 2.0
534.30 2.0
535.50 1.9
537.58 2.6
538.47 4.6
539.31 4.8
540.35 10.1
541.42 5.9
542.43 4.3
544.73 12.1
547.11 11.6
548.12 6.8
551.31 26.1
552.38 5.8
553.41 4.9
554.68 4.4
555.67 12.3
556.31 3.0
558.35 15.0
559.56 3.3
561.20 34.0
562.28 6.4
563.54 13.7
565.47 2.8
566.30 2.2
567.29 3.0
568.32 3.4
569.37 49.0
570.39 27.2
571.23 8.9
572.23 56.2
573.33 2.6
574.13 8.6
576.42 3.5
577.22 1.7
578.22 12.2
579.24 226.0
580.31 43.4
581.39 5.7
582.61 3.4
583.42 3.8
584.15 1.9
585.21 3.7
587.39 3.4
588.04 8.2
589.71 4.4
590.48 7.4
591.35 3.5
592.40 4.8
597.26 170.4
598.36 13.7
599.62 1.6
600.51 3.1
601.47 1.2
602.26 5.1
604.45 10.1
605.29 4.6
606.44 2.1
607.21 12.3
608.08 3.7
609.22 3.1
610.68 25.0
611.57 1.8
612.55 3.5
615.34 4.4
616.06 7.9
617.51 4.8
618.64 3.0
619.45 9.8
620.78 9.7
622.06 9.7
622.98 5.8
625.16 10.6
626.19 8.8
627.35 9.4
628.34 9.9
630.25 1.5
631.40 66.9
634.30 2.6
635.24 1.3
636.47 1.1
637.62 3.5
638.79 22.9
642.03 17.7
643.31 5.6
644.78 9.3
645.69 12.2
646.49 13.6
647.89 12.5
651.21 3.1
652.72 22.6
653.49 13.1
654.59 5.8
655.65 3.5
657.01 4.8
658.16 8.1
660.11 1.4
661.82 5.8
662.42 2.1
664.88 11.8
667.11 1.8
668.49 25.6
669.14 13.2
670.68 2.9
671.37 6.6
672.36 10.7
674.16 1.9
675.77 7.2
676.49 9.8
677.52 1.1
678.30 1.7
679.57 9.2
681.67 1.7
683.11 26.8
684.30 15.2
685.35 2.8
686.55 8.9
687.39 2.2
688.29 4.7
689.42 2.1
690.30 7.6
692.14 1.5
694.65 8.0
697.34 39.4
700.42 60.2
701.73 13.6
702.77 6.7
703.90 6.1
705.11 13.3
706.56 29.1
707.78 14.3
709.01 5.1
711.25 30.1
715.54 2.6
716.82 15.8
717.77 35.8
718.58 95.4
719.62 14.4
720.56 8.6
721.35 17.9
723.40 6.4
724.46 29.2
725.94 33.1
726.70 6.2
727.75 8.1
728.63 2.3
729.63 5.6
730.38 8.3
732.44 5.1
734.00 3.4
735.17 7.2
736.68 3.3
739.25 36.4
740.01 40.1
740.61 7.6
741.89 11.5
742.68 14.9
743.69 17.2
744.51 25.8
745.17 7.8
746.03 3.4
746.77 1.9
747.51 6.5
749.59 9.9
750.62 14.0
751.72 15.2
752.61 6.9
753.92 5.1
756.44 2.4
757.64 14.1
758.55 79.9
759.54 64.0
760.32 13.5
761.14 1.6
762.13 4.3
763.41 15.4
764.48 5.8
765.39 2.2
766.29 2.8
768.37 2.0
769.17 21.9
769.93 10.1
771.65 6.6
772.31 13.8
773.12 2.4
773.75 11.4
774.55 9.9
775.48 15.2
776.65 11.9
777.92 4.0
778.57 2.3
779.40 18.0
781.16 30.1
782.25 49.7
783.54 12.6
784.25 23.7
785.47 15.9
787.40 18.8
788.38 28.5
789.41 57.2
790.21 61.1
791.11 4.7
793.11 13.8
794.49 28.2
795.46 6.6
796.68 4.8
797.52 29.6
798.60 23.8
799.45 11.5
800.47 21.2
801.18 19.2
802.25 17.5
805.19 2.1
806.74 27.1
807.58 7.7
808.21 26.7
808.93 4.4
809.82 9.9
810.61 2.7
811.24 1.8
811.97 4.5
813.39 107.6
814.38 25.0
815.57 29.8
816.54 21.9
817.24 16.7
818.21 55.2
819.14 7.0
821.17 12.2
822.03 36.6
823.15 51.7
824.86 8.7
825.75 13.9
827.32 393.8
828.48 49.5
829.58 45.6
830.29 17.8
831.38 32.7
832.20 32.3
833.50 22.4
834.34 10.7
836.18 389.2
837.23 55.4
838.32 28.2
838.99 6.4
840.37 128.0
841.60 21.9
843.11 4.9
844.69 21.6
845.59 11.0
859.08 13.5
860.66 1.6
862.43 1.1
863.52 2.7
866.93 36.4
868.16 9.1
872.72 30.1
873.38 1.5
874.06 44.1
876.36 27.4
877.38 12.3
878.41 5.1
879.34 41.2
881.82 20.6
882.75 6.3
885.09 10.5
885.94 19.9
887.56 4.7
888.68 1.6
890.23 6.3
894.40 7.9
895.47 7.4
896.38 16.8
897.56 1.8
899.59 14.0
900.79 2.9
901.57 42.6
902.21 1.0
906.48 10.5
907.90 10.9
909.32 3.2
913.75 8.6
915.24 7.5
916.31 7.4
917.89 1.7
919.24 1.8
921.61 6.3
922.27 1.8
926.55 36.5
927.50 1.9
930.14 14.2
931.21 10.8
932.47 10.1
935.62 4.4
936.79 16.1
937.70 33.2
939.26 1.4
940.90 2.0
942.06 4.1
944.55 2.7
946.33 23.4
947.69 14.2
948.40 5.2
951.46 2.3
953.87 15.3
955.21 28.6
956.28 15.3
957.29 7.7
958.49 41.9
960.10 23.2
960.78 7.4
961.60 1.1
963.08 13.7
964.58 28.3
965.70 6.4
966.37 30.7
969.86 9.2
970.68 3.7
971.80 4.7
972.58 2.8
973.61 6.5
974.89 3.6
975.52 6.9
977.70 5.5
978.35 1.9
982.45 4.6
983.46 5.5
984.22 9.9
986.23 5.8
988.33 26.1
989.39 12.5
993.44 17.0
994.39 1.8
995.35 33.2
997.08 2.2
998.67 4.9
1001.57 5.1
1003.65 2.5
1005.17 5.8
1007.33 40.3
1008.19 9.0
1008.97 2.7
1009.79 5.4
1012.94 5.2
1013.75 23.7
1014.61 8.2
1015.57 11.5
1017.39 11.6
1019.64 25.7
1020.74 18.4
1025.47 1.5
1026.96 25.2
1027.79 28.0
1033.44 8.9
1035.50 10.5
1036.11 7.0
1036.92 4.9
1039.55 3.4
1041.96 24.8
1043.59 9.2
1044.58 8.2
1045.39 90.5
1046.47 7.0
1048.20 2.1
1049.50 1.1
1050.63 6.1
1052.28 6.7
1055.45 4.3
1056.41 2.6
1057.55 7.3
1059.65 19.4
1060.58 2.0
1062.44 16.1
1064.31 3.4
1066.64 1.3
1068.25 10.1
1070.23 3.4
1074.18 2.2
1075.49 7.4
1076.51 9.9
1077.56 36.8
1078.21 2.2
1079.96 17.1
1080.73 3.5
1083.90 15.2
1085.63 2.5
1087.52 3.2
1088.71 15.4
1089.61 11.1
1090.60 2.4
1091.67 1.7
1092.48 10.4
1093.50 16.0
1096.58 7.2
1098.68 5.3
1099.65 2.4
1100.43 3.7
1101.96 14.5
1102.62 5.2
1106.56 15.2
1107.51 1.3
1108.55 14.0
1110.54 741.1
1111.62 273.0
1113.26 7.0
1114.59 2.4
1118.06 5.3
1120.71 3.3
1124.14 1.4
1124.76 14.0
1125.61 11.0
1132.55 40.8
1134.72 32.7
1135.64 18.8
1136.57 7.5
1137.53 10.8
1138.80 28.4
1139.87 6.5
1143.53 5.9
1145.35 2.0
1146.15 6.6
1148.44 3.0
1149.24 1.7
1156.37 11.5
1157.77 4.4
1158.39 1.0
1159.67 4.9
1160.59 2.4
1166.03 11.4
1169.35 6.8
1170.13 1.1
1172.23 1.4
1176.66 8.0
1185.22 2.0
1187.41 3.4
1190.67 4.9
1194.53 6.5
1196.65 3.3
1198.44 2.9
1201.57 18.1
1202.52 2.6
1203.36 5.1
1205.77 2.4
1207.31 1.5
1209.40 10.0
1211.02 6.2
1211.65 1.5
1213.85 3.6
1220.06 4.4
1221.66 3.9
1223.82 6.0
1229.48 5.0
1232.23 2.9
1240.70 28.4
1245.95 4.6
1246.56 2.9
1251.27 2.4
1252.65 3.3
1253.81 4.3
1255.73 9.5
1256.74 7.4
1257.96 1.3
1260.83 2.2
1261.72 1.8
1264.36 7.1
1266.72 1.9
1273.65 89.1
1274.80 67.2
1277.28 2.9
1279.55 14.2
1281.78 6.0
1284.36 4.4
1287.65 4.3
1289.46 2.1
1296.11 3.3
1299.26 2.2
1301.73 4.6
1309.86 13.5
1316.61 4.9
1318.02 30.0
1318.76 16.9
1319.39 5.5
1325.78 8.1
1327.99 45.9
1328.83 9.6
1336.66 17.7
1342.64 3.8
1343.85 9.6
1344.99 1.3
1348.82 9.3
1349.71 5.8
1357.63 5.7
1359.26 5.8
1360.63 51.4
1361.65 26.7
1363.72 3.8
1366.56 1.4
1368.14 1.5
1375.58 5.7
1384.56 2.7
1393.76 17.2
1401.58 5.7
1412.84 1.5
1419.74 2.4
1420.81 1.3
1422.88 3.1
1430.10 17.6
1432.83 1.3
1435.00 5.2
1436.46 63.0
1440.39 3.0
1446.00 1.6
1447.72 23.1
1448.88 9.6
1450.72 9.5
1452.89 3.8
1455.54 3.3
1460.83 1.4
1468.72 3.0
1478.77 3.8
1486.60 1.9
1487.60 1.1
1488.90 2.0
1491.16 6.2
1496.78 2.7
1497.90 2.9
1498.93 1.7
1504.86 50.2
1505.84 37.4
1507.24 1.8
1511.82 4.7
1513.91 3.0
1515.44 13.7
1525.44 3.8
1526.19 5.3
1528.51 2.0
1531.54 7.3
1533.99 2.9
1538.77 3.6
1542.68 7.6
1555.81 12.0
1556.46 3.8
1558.81 1.8
1560.89 27.7
1561.73 4.0
1573.77 19.1
1574.78 24.2
1575.72 1.3
1579.01 4.1
1579.82 5.7
1584.01 2.4
1591.81 124.3
1592.71 103.3
1601.99 15.4
1604.11 2.2
1607.97 2.0
1613.87 7.8
1615.37 5.5
1631.68 6.9
1668.98 2.9
1719.86 5.9
