1358.69512 2
192.01 3.9
195.20 1.3
197.26 1.5
199.11 6.3
201.43 1.2
204.05 4.2
206.57 3.3
210.25 2.6
222.40 1.4
224.89 1.8
226.23 5.2
237.18 4.5
242.26 24.4
244.33 7.3
245.16 1.8
251.34 4.7
257.39 17.0
258.30 6.2
259.28 1.2
260.23 3.1
263.18 5.0
264.37 3.4
265.26 1.4
267.13 5.0
271.18 4.1
272.25 5.4
275.13 7.0
276.32 1.5
277.24 2.3
278.43 1.5
279.39 1.4
284.24 3.4
286.36 4.1
289.35 1.5
292.84 1.9
296.30 4.9
297.32 1.9
298.46 1.7
299.28 3.1
302.10 2.0
303.20 1.7
304.37 1.9
305.72 3.6
308.16 5.1
309.20 4.0
310.04 1.2
315.11 1.4
317.39 1.3
321.67 6.9
322.36 4.1
323.19 10.9
324.12 1.2
325.47 6.9
327.90 8.8
330.25 1.6
331.32 1.5
335.33 1.4
337.14 6.4
338.21 3.8
343.32 1.2
345.31 29.0
346.54 1.3
348.09 4.0
349.02 2.4
352.40 6.3
358.38 3.9
361.45 4.3
363.31 4.7
364.32 4.2
365.39 60.6
366.34 3.9
367.38 6.0
370.41 6.3
373.17 1.0
377.36 6.5
378.88 16.8
379.59 6.5
380.57 1.8
383.30 15.9
388.30 18.4
389.44 7.0
391.37 4.0
394.12 7.6
395.34 40.7
396.53 2.1
398.37 5.5
400.21 2.9
404.35 5.2
406.42 3.5
410.14 8.5
413.36 12.6
414.49 4.9
415.46 2.6
417.47 1.5
419.43 14.6
424.54 1.8
428.22 2.1
430.18 5.6
433.13 8.5
434.26 7.4
435.64 3.3
436.62 3.9
440.01 1.6
442.33 2.3
443.36 9.4
444.15 6.7
445.39 10.0
450.39 20.8
451.27 2.7
452.28 13.6
455.17 3.0
456.60 3.7
457.25 2.9
458.56 9.4
460.43 7.0
461.38 2.6
462.19 5.4
464.42 5.2
466.03 12.8
467.43 5.5
468.18 3.6
469.18 12.0
470.28 5.2
471.51 6.7
472.72 1.1
475.32 3.3
476.44 12.4
477.39 4.6
478.45 3.6
481.40 2.7
482.24 6.9
483.32 4.4
486.84 7.6
489.61 48.4
490.43 7.2
492.40 10.0
493.61 17.3
494.79 16.1
500.07 9.1
501.01 4.6
501.62 18.4
503.07 10.0
504.70 6.7
505.35 2.6
508.17 1.4
509.24 11.4
510.33 13.4
511.42 16.7
512.25 13.3
515.37 1.4
518.97 9.6
520.01 1.6
520.91 7.5
523.51 4.4
525.23 1.9
526.40 7.3
527.36 9.7
528.23 4.9
529.53 7.3
530.34 7.3
531.34 3.0
532.29 1.8
534.25 7.4
539.24 2.2
540.49 9.0
541.10 2.8
542.41 1.8
543.31 16.2
544.11 11.0
545.19 3.2
546.11 2.7
546.77 1.1
547.85 7.3
549.37 19.5
551.09 14.3
551.96 6.2
552.60 2.0
556.90 6.4
558.42 39.1
559.34 5.7
560.10 4.1
563.71 14.2
565.29 43.7
566.12 20.0
566.89 3.1
568.21 3.4
569.59 9.5
570.20 8.5
571.93 8.9
573.32 16.3
574.33 8.2
576.13 17.6
576.89 2.9
580.14 24.6
581.34 6.7
582.02 2.9
585.21 51.1
586.25 17.9
587.46 4.4
588.17 2.1
589.54 7.9
590.40 8.6
591.03 10.1
591.66 2.2
593.01 21.5
593.93 124.5
594.55 60.4
597.22 2.4
597.92 20.5
598.62 20.5
599.60 8.9
600.21 21.4
600.93 8.2
602.31 12.9
604.07 1.9
604.97 3.6
606.53 28.3
607.15 93.7
608.48 8.3
610.53 6.5
611.51 19.4
612.59 6.6
613.39 3.8
614.29 3.4
615.90 269.4
616.56 136.5
618.16 26.1
619.37 7.4
619.97 2.2
620.86 11.9
622.21 7.9
622.95 7.6
624.25 205.2
625.41 51.2
626.93 46.1
628.45 13.2
629.41 46.9
630.08 15.5
631.50 19.5
632.73 1.9
633.34 1.6
634.14 9.6
635.16 6.9
636.08 37.0
637.02 4.6
638.54 25.9
639.79 22.4
640.42 16.0
641.22 1.1
642.92 11.4
644.10 8.9
645.35 7.7
647.43 2.9
649.15 207.5
650.10 43.8
652.81 41.9
653.53 41.8
654.65 2.8
656.40 16.8
657.95 304.8
658.56 133.1
659.71 6.6
661.37 47.0
662.22 263.4
663.00 60.7
665.17 10.7
667.02 3.9
668.56 3.1
669.90 1.4
671.16 190.5
672.27 2.2
686.41 4.4
691.62 2.1
697.13 5.6
698.30 4.9
699.46 1.8
704.31 2.1
709.17 2.1
711.51 5.9
712.42 5.0
713.50 1.5
715.29 1.5
717.44 10.7
718.53 3.6
724.70 1.1
725.83 8.9
726.62 8.8
727.44 7.1
728.54 1.3
729.49 12.1
730.54 2.6
731.78 10.2
732.49 5.3
735.62 118.4
736.63 21.5
739.49 9.3
742.67 3.5
743.62 3.0
744.71 1.3
745.50 1.6
749.40 2.2
753.30 8.7
755.46 3.8
757.65 12.4
758.78 2.6
760.66 3.1
767.64 3.5
769.59 6.7
770.30 3.0
771.28 26.8
772.41 2.8
782.39 1.9
785.35 5.2
786.51 27.5
787.46 14.4
792.74 1.7
795.92 2.3
796.61 2.0
797.33 4.6
799.65 2.3
802.36 1.6
803.30 1.0
805.95 3.8
808.14 4.4
813.97 2.0
815.50 6.8
816.25 3.9
817.74 2.0
818.42 1.7
819.06 5.2
820.14 5.7
823.62 5.1
824.48 1.4
826.58 4.4
828.62 2.1
830.63 14.9
831.43 1.7
832.74 2.2
833.47 5.1
834.47 1.7
835.72 1.8
838.37 2.2
839.33 4.0
840.43 60.5
841.66 9.0
842.48 31.5
843.65 12.9
845.73 2.2
846.52 3.0
849.39 2.3
850.48 5.2
851.69 1.4
852.63 5.5
854.55 8.4
855.34 5.2
856.52 4.2
858.46 18.1
859.44 3.4
860.50 19.9
870.47 68.3
871.55 37.8
872.55 23.7
873.54 6.3
880.56 5.1
885.23 12.4
888.37 2.4
889.35 2.0
890.34 2.0
891.35 2.4
895.72 1.1
899.28 1.8
900.27 4.7
912.24 17.3
913.60 7.8
915.69 2.2
920.22 1.6
923.49 1.1
924.30 3.1
926.37 6.6
927.46 17.1
928.56 15.2
929.48 10.7
930.10 1.6
931.39 2.9
932.66 8.6
933.44 3.5
935.59 3.1
936.45 5.8
937.83 2.6
938.56 4.2
941.38 1.6
942.28 2.2
943.60 2.9
944.67 7.8
947.49 2.4
949.55 1.5
951.52 1.8
953.33 65.0
954.57 38.9
956.61 4.9
965.07 21.1
965.90 10.4
967.32 6.6
969.49 43.2
970.52 11.5
971.48 112.3
972.57 34.6
973.69 14.0
978.85 2.4
983.42 5.4
986.63 30.3
987.71 11.8
988.63 9.8
990.48 1.4
993.06 3.8
994.59 1.0
996.94 1.3
997.77 7.6
998.69 1.5
1000.74 1.7
1001.57 2.0
1004.52 10.3
1005.35 1.8
1006.61 5.9
1009.57 6.6
1012.76 3.7
1013.70 5.4
1014.52 22.8
1015.60 13.7
1018.85 1.3
1022.65 11.7
1023.52 4.5
1039.83 9.1
1040.54 133.0
1041.51 53.0
1045.54 9.5
1046.83 6.8
1047.86 2.8
1048.52 2.2
1049.67 3.0
1054.47 1.5
1056.62 68.3
1057.55 21.4
1058.62 20.2
1059.96 1.3
1062.20 1.4
1065.99 3.9
1066.75 17.6
1067.49 25.8
1071.34 2.0
1080.44 3.4
1084.57 247.1
1085.58 140.0
1086.26 1.1
1094.57 2.2
1096.44 2.6
1098.34 3.4
1099.58 7.2
1101.60 5.5
1102.81 15.0
1104.12 5.8
1111.64 16.1
1112.76 2.0
1115.59 11.7
1116.76 18.7
1118.58 1.9
1124.10 5.8
1133.89 2.6
1139.69 3.8
1140.50 4.7
1142.55 2.7
1150.67 2.2
1152.12 6.9
1152.80 2.3
1159.75 2.7
1167.41 2.4
1168.73 22.8
1169.81 4.9
1177.92 3.1
1183.85 5.0
1184.61 1.4
1185.53 4.9
1186.79 34.4
1187.80 22.7
1194.85 2.8
1195.71 28.1
1196.68 7.7
1209.62 1.7
1212.66 302.4
1213.72 150.8
1214.67 4.6
1223.66 3.5
1230.52 6.7
1231.79 7.6
1258.83 2.7
1269.76 1.4
1321.91 1.6
