856.5262299999999 2
130.34 1.4
135.13 1.8
136.29 2.1
137.24 1.2
138.16 1.1
147.07 5.4
157.26 2.7
158.22 4.3
160.37 1.8
161.01 2.9
162.30 4.1
163.20 6.9
164.16 2.0
165.33 2.7
173.29 1.6
175.35 7.6
177.20 3.7
178.93 3.5
182.11 1.4
185.14 7.7
186.28 2.6
193.25 3.1
196.94 2.0
203.39 2.9
205.24 10.7
207.21 2.3
209.09 1.2
212.39 3.0
214.21 2.9
216.46 3.5
218.02 3.8
223.25 1.8
225.25 1.2
229.29 2.7
230.61 2.1
232.11 2.4
233.14 4.0
234.56 10.8
237.07 4.3
239.09 8.0
240.53 2.8
243.44 6.0
245.13 4.4
245.88 2.4
247.28 2.4
259.21 7.8
260.17 1.4
261.29 2.3
262.50 2.0
265.41 1.5
266.32 1.2
266.98 2.1
268.05 2.7
269.23 2.1
271.21 4.1
272.33 8.3
273.28 2.5
275.28 5.0
276.05 2.4
278.17 1.3
279.18 6.3
280.21 3.9
281.28 3.5
284.22 1.8
286.28 8.3
286.92 4.9
289.37 3.7
290.15 2.8
297.21 2.2
298.92 7.9
300.08 16.6
301.36 3.5
302.32 1.6
303.19 6.8
304.39 6.3
305.42 6.5
312.12 3.9
313.10 13.4
314.14 3.8
315.19 10.6
317.16 1.6
318.43 4.0
319.11 10.8
321.31 1.4
322.16 2.2
325.23 14.7
329.09 8.6
331.12 3.1
334.32 1.5
336.99 6.7
338.14 2.6
339.43 14.0
341.09 377.0
343.09 7.8
344.38 3.0
347.30 9.6
349.21 3.8
351.21 1.3
351.89 1.2
353.36 2.0
355.31 4.4
357.43 3.9
358.72 24.7
360.39 2.9
361.19 6.0
362.94 1.8
364.44 5.8
366.64 6.8
367.33 15.9
368.36 10.3
369.34 5.8
371.39 10.6
373.16 13.7
375.28 2.1
377.27 2.1
380.40 1.7
382.06 1.3
383.28 13.4
385.12 138.6
386.80 7.5
387.42 13.9
392.32 2.3
393.42 4.0
400.43 13.8
401.32 3.0
408.49 2.9
410.26 62.7
411.29 77.8
412.78 14.3
413.45 7.8
414.46 3.3
420.01 172.8
429.01 3.1
454.17 2.6
472.39 41.8
473.22 7.6
548.90 4.4
549.51 1.3
571.55 13.4
572.51 3.5
577.68 1.4
602.36 2.4
662.22 1.3
672.46 96.6
673.55 11.4
681.67 1.3
725.57 1.4
726.70 9.0
743.56 32.2
753.72 5.2
754.58 2.7
