1245.58428 2
193.25 6.4
195.27 3.2
199.23 4.3
203.18 3.3
214.11 1.5
217.11 1.5
225.20 2.5
229.24 3.4
230.27 9.5
235.04 3.2
237.13 1.8
241.27 4.4
243.07 2.4
253.26 2.8
258.33 8.9
259.96 2.2
262.32 1.4
266.19 3.9
268.23 7.7
272.03 4.6
274.14 2.5
279.23 5.1
280.13 4.2
281.75 1.3
291.85 5.3
297.13 3.5
299.40 2.5
300.05 2.0
303.60 2.0
305.27 6.6
308.21 2.6
310.33 6.5
313.20 1.6
320.31 2.1
322.24 12.8
323.06 2.0
327.97 1.4
329.36 1.3
337.50 2.1
343.12 1.5
343.99 4.8
346.33 6.5
347.19 2.3
347.86 6.3
349.26 26.6
350.14 6.7
353.17 3.2
354.06 1.9
357.34 2.7
358.50 6.5
361.40 5.8
363.34 2.0
365.39 4.6
366.31 3.7
367.33 3.4
369.87 2.5
371.21 8.9
372.13 5.5
372.85 1.7
382.73 1.1
384.28 6.7
385.21 2.8
387.38 7.6
388.38 2.5
391.30 3.0
392.78 1.7
393.88 3.3
395.59 3.9
398.61 1.6
401.04 1.7
401.79 10.1
404.26 2.3
405.31 2.0
407.18 1.4
408.23 7.5
409.49 8.4
411.42 6.3
412.47 3.5
413.40 4.9
415.49 3.5
419.40 3.0
421.25 1.2
423.32 3.6
424.29 6.3
426.26 2.6
427.50 3.0
428.23 3.2
428.93 7.9
430.68 3.5
432.95 2.0
434.41 4.8
435.44 4.4
436.32 4.0
437.66 10.0
438.44 15.2
439.42 1.1
441.85 4.4
442.51 4.1
443.46 15.1
446.62 12.3
448.49 16.1
449.31 39.2
450.27 6.7
452.52 1.4
455.36 1.6
456.20 4.7
459.39 2.7
460.33 1.6
462.38 13.4
463.46 9.1
464.47 2.7
466.32 46.1
467.34 2.6
469.16 9.0
471.42 2.2
472.52 5.7
475.58 3.1
476.42 3.3
478.57 4.0
479.93 8.9
481.21 6.1
482.80 2.7
484.27 4.8
485.56 10.3
486.35 1.8
487.30 8.9
489.06 7.1
490.22 2.3
491.30 6.0
494.33 4.4
495.25 16.8
496.65 8.6
498.31 3.2
500.26 9.1
502.40 2.7
503.33 15.8
504.80 9.0
505.79 10.1
506.81 10.3
507.68 8.1
509.03 41.6
509.97 1.8
511.09 2.5
514.21 2.3
515.88 28.7
517.72 3.0
519.43 2.2
520.58 5.4
523.12 18.6
523.98 5.8
525.23 4.5
527.20 22.5
527.99 3.4
529.32 8.2
530.21 4.3
531.34 14.2
532.06 1.8
534.19 5.7
535.39 14.7
536.28 29.7
537.05 31.0
537.95 22.7
539.09 3.0
541.18 49.8
542.11 8.1
543.27 17.5
544.04 1.9
545.32 31.8
546.74 5.1
547.96 9.1
549.48 9.8
550.62 25.6
551.41 9.3
553.45 2.1
554.29 12.0
555.12 3.7
557.53 18.0
558.24 9.0
559.77 34.5
560.84 11.4
562.25 1.1
563.31 10.5
564.21 7.5
565.50 7.2
566.26 6.3
568.68 12.0
569.75 10.3
570.56 6.5
572.46 19.7
573.53 1.7
574.46 5.6
575.74 19.9
576.47 21.3
577.48 39.3
578.37 6.1
579.51 7.9
580.86 61.1
581.71 34.8
582.99 94.0
584.49 123.8
585.45 8.6
586.92 16.6
587.55 5.7
588.33 61.6
589.71 25.9
590.74 70.8
592.09 197.2
593.05 147.9
594.36 206.7
595.75 115.9
596.49 146.4
597.44 48.0
599.55 58.1
601.02 141.8
601.97 59.5
603.51 1.7
605.24 762.6
606.02 1056.7
606.94 24.8
608.00 39.3
608.84 14.8
611.18 1.8
611.95 11.0
614.19 841.5
614.95 722.0
615.85 12.1
630.52 4.5
634.30 29.1
635.33 65.4
636.17 12.3
639.60 5.8
640.28 4.1
641.21 2.5
642.40 3.0
648.82 5.6
650.40 2.7
652.36 71.6
653.20 10.9
657.35 3.2
663.51 4.9
664.41 6.3
669.41 4.0
670.61 13.2
671.49 2.0
672.45 1.0
674.52 7.0
683.95 4.9
687.59 1.5
688.28 5.7
690.47 4.7
692.15 3.1
693.59 3.9
695.48 1.0
698.40 2.0
703.69 3.8
704.57 11.0
705.52 3.7
709.54 5.3
710.27 1.2
716.65 2.9
718.38 4.6
720.76 10.8
722.32 2.6
725.90 8.5
737.70 1.1
740.15 5.6
743.51 8.1
744.70 2.9
745.70 8.6
748.36 12.4
749.08 7.2
749.71 3.6
752.35 6.4
754.64 6.4
760.09 6.2
761.59 6.0
762.49 14.3
763.39 2.4
765.47 7.6
766.47 3.7
768.59 11.1
771.68 2.5
772.46 4.2
775.30 18.9
776.28 1.8
777.67 15.3
778.33 1.8
778.94 7.6
780.47 76.4
781.41 18.7
782.42 2.0
783.79 8.9
787.59 2.2
788.74 5.1
790.95 3.9
792.59 2.7
793.53 3.7
794.59 6.8
795.42 15.3
798.66 1.8
799.57 2.2
800.34 3.7
802.98 3.1
803.74 3.2
804.41 3.1
810.49 1.5
811.70 2.5
813.67 9.9
814.54 2.9
819.60 8.0
824.31 2.9
827.44 22.1
828.59 5.2
830.48 4.4
835.03 3.0
839.28 2.5
841.00 2.3
850.23 1.8
852.48 1.3
854.53 3.0
856.23 6.2
858.95 2.5
861.51 10.4
862.44 8.1
863.69 2.0
865.53 10.1
866.45 10.8
869.29 4.7
869.94 11.4
872.55 8.7
873.52 3.6
875.32 4.9
878.32 2.4
879.23 1.1
881.88 10.3
883.49 2.0
884.76 18.2
886.02 8.1
888.65 1.9
893.77 1.7
896.70 2.6
898.54 3.4
901.78 3.5
903.42 1.8
904.53 5.9
906.19 1.7
907.49 4.5
910.73 1.6
915.20 2.8
917.60 2.0
919.51 2.2
926.23 1.9
928.72 1.4
940.60 9.9
943.09 3.5
944.59 2.3
951.05 4.0
951.72 1.7
953.25 2.7
955.92 3.0
958.58 1.6
960.39 3.0
968.73 3.0
969.81 4.3
971.04 4.0
972.60 9.1
976.53 2.8
984.90 7.2
993.34 3.4
996.31 2.4
997.68 6.0
998.94 2.4
999.57 1.2
1010.58 2.8
1012.59 5.9
1018.88 3.4
1019.49 2.1
1021.50 3.2
1026.95 3.6
1030.41 6.8
1031.80 3.6
1035.04 2.3
1037.27 2.3
1038.22 1.3
1039.05 2.4
1048.44 2.8
1049.42 9.2
1050.93 1.9
1051.66 7.5
1053.66 1.4
1055.62 11.8
1057.10 4.3
1060.54 3.3
1064.61 11.8
1068.30 3.4
1069.22 20.0
1070.42 4.1
1071.93 19.4
1072.66 28.6
1073.57 10.3
1080.55 6.7
1081.89 2.6
1083.49 1.5
1088.49 1.4
1089.48 10.0
1098.55 12.5
1099.52 8.8
1100.64 4.4
1115.58 2.4
1118.22 1.7
1126.56 2.1
1131.46 4.0
1152.70 4.0
1163.34 2.7
1204.49 1.7
1206.68 2.5
1208.71 14.3
1228.56 1.0
