1415.71721 2
202.08 1.8
205.27 1.2
210.06 4.1
216.26 16.6
217.26 3.0
224.10 1.7
233.42 1.9
238.35 3.8
239.16 2.5
240.14 2.3
242.05 13.6
244.21 2.7
247.12 3.2
252.26 2.2
255.91 1.4
257.05 12.9
258.51 2.6
260.23 6.3
264.29 7.8
265.13 6.9
266.27 1.4
269.18 5.6
273.13 5.5
275.27 30.0
276.25 7.5
279.30 4.8
281.16 2.1
282.17 3.6
287.44 5.9
288.14 2.6
289.03 1.6
296.23 5.2
297.31 18.0
303.04 4.3
309.28 8.1
310.17 1.2
315.09 1.2
319.95 8.5
321.27 9.1
322.12 4.8
329.39 3.9
330.26 7.9
333.42 1.3
336.88 1.0
339.16 4.4
343.49 8.4
345.54 5.1
348.45 4.7
353.27 1.4
355.18 4.1
361.27 7.4
365.31 55.1
366.34 4.1
369.86 5.3
371.08 6.2
372.16 3.2
373.07 2.4
374.04 1.8
376.29 3.2
380.76 2.7
383.37 7.4
386.74 3.4
388.38 16.0
390.88 5.8
392.37 1.1
394.25 4.6
398.33 5.5
399.26 1.2
401.52 4.6
404.01 3.0
405.27 1.3
410.35 7.4
411.41 4.0
416.24 8.7
417.21 3.7
420.49 3.3
424.56 2.2
426.35 2.0
430.40 2.9
433.29 2.1
436.86 4.1
438.22 38.4
439.57 3.1
441.54 2.2
443.26 4.9
444.51 3.3
445.78 2.4
449.14 1.3
450.28 3.6
451.17 1.6
453.78 1.4
454.40 3.0
455.30 3.5
456.32 6.3
460.24 4.4
463.01 4.1
464.51 11.8
465.58 1.7
466.31 2.0
467.25 1.4
468.84 5.0
471.20 4.4
473.52 2.1
477.94 7.0
479.57 7.3
480.35 3.1
481.14 4.2
482.26 6.1
484.06 1.2
484.93 2.8
487.21 2.0
488.61 7.8
489.41 29.6
490.61 1.4
491.95 8.6
494.29 4.6
495.73 6.6
496.71 20.8
497.35 20.2
498.45 4.7
499.48 1.8
501.41 5.8
502.32 5.5
503.34 1.9
505.86 4.0
507.56 6.7
509.89 8.2
511.45 40.3
512.63 18.8
514.79 9.5
515.44 13.3
518.09 5.2
520.29 4.1
522.38 1.2
523.54 14.1
531.11 16.0
532.32 3.0
535.59 4.5
537.11 7.0
538.97 3.5
540.28 7.3
541.41 3.8
542.11 2.9
543.42 6.4
544.52 3.7
547.26 13.3
548.79 11.2
552.23 37.5
553.06 5.7
553.97 8.9
555.42 1.5
556.43 1.7
557.97 11.3
559.21 3.9
562.19 20.6
562.90 8.8
567.50 3.4
569.73 11.8
570.74 11.5
571.41 7.6
572.31 3.0
572.93 13.7
574.78 6.8
575.84 9.7
576.64 10.9
577.42 6.1
578.48 4.3
580.34 11.5
581.58 5.1
582.53 5.3
584.86 3.5
585.94 5.9
586.71 1.9
587.53 4.7
588.54 4.5
589.31 7.4
590.25 6.6
591.77 21.4
592.48 13.9
594.16 29.0
596.02 27.7
598.52 5.2
600.33 3.7
601.21 85.4
601.90 5.5
604.67 27.6
605.44 9.6
607.42 12.4
610.29 12.9
611.49 34.8
612.59 21.4
613.60 38.9
614.52 4.2
615.20 2.0
616.73 8.4
617.62 19.8
618.57 6.8
619.53 9.7
620.46 1.0
622.26 20.1
623.21 15.5
624.12 6.5
624.87 1.9
626.20 7.9
627.31 2.7
628.09 1.9
629.36 2.4
630.47 10.6
631.98 5.4
633.81 8.1
635.55 136.7
636.50 8.1
638.18 1.5
640.64 17.1
641.39 17.1
642.36 11.3
644.35 286.8
644.98 160.2
646.56 9.2
647.26 15.4
648.24 7.3
649.16 9.2
650.04 19.7
651.06 6.3
652.52 12.8
653.49 12.2
654.42 13.5
655.62 39.7
656.57 15.5
657.97 42.8
659.00 5.1
660.04 21.5
663.51 43.1
664.56 111.3
665.50 10.2
668.65 42.9
669.51 4.1
670.41 3.6
671.51 7.0
672.52 13.5
673.26 8.0
674.19 19.5
675.90 20.2
676.92 32.6
677.63 224.4
678.43 22.7
679.65 1.7
680.75 15.4
681.53 74.8
682.57 46.0
684.51 8.0
685.82 19.5
686.60 536.3
687.73 18.1
688.71 6.9
690.28 71.4
691.27 445.8
692.26 46.0
692.93 1.3
693.61 4.4
694.45 3.5
699.57 132.6
700.46 9.3
717.52 2.1
718.72 8.6
723.99 11.0
727.40 1.8
730.17 3.4
731.89 1.5
735.54 25.4
736.41 5.0
739.45 4.1
740.48 18.7
741.42 2.9
744.44 1.5
745.94 5.5
747.56 3.5
749.13 2.9
753.41 4.7
754.34 4.2
757.48 23.1
758.51 15.3
763.54 8.4
765.97 2.3
771.08 2.2
772.39 1.7
782.54 1.6
783.23 4.3
784.35 1.3
786.14 2.4
789.34 6.2
790.28 4.8
795.50 2.6
796.32 1.2
799.72 6.5
804.40 1.5
810.71 8.7
813.61 7.7
818.31 5.9
820.72 3.4
823.50 2.5
824.47 1.7
827.32 8.7
828.44 43.2
829.19 4.9
837.77 3.5
846.59 7.2
847.57 4.9
848.86 6.3
850.34 2.3
852.80 3.5
854.61 37.1
855.59 5.4
856.35 4.0
864.73 1.4
866.24 11.5
869.24 24.8
870.41 8.3
871.46 7.0
872.58 12.3
873.42 7.3
877.47 10.5
881.54 4.5
882.16 1.2
883.44 12.1
884.52 3.3
886.56 4.9
887.46 6.0
888.47 4.6
889.45 5.5
892.50 5.8
894.64 3.6
895.69 2.4
898.58 1.9
899.56 23.1
900.46 11.4
902.71 1.3
903.82 1.4
904.49 4.6
905.73 1.0
907.50 1.9
909.47 1.7
910.61 5.8
911.63 9.1
912.37 4.5
921.59 3.1
927.48 118.0
928.50 35.4
929.60 2.4
942.44 4.3
944.18 9.3
945.32 8.7
946.57 3.9
950.66 3.3
953.20 1.5
954.30 1.8
957.50 5.1
959.90 6.8
960.56 10.2
961.48 14.6
965.01 4.7
968.48 5.5
969.49 2.1
970.30 2.4
973.00 5.2
975.26 9.1
978.33 18.8
979.50 25.9
980.89 3.0
983.40 21.2
984.35 35.5
985.32 20.2
986.74 3.8
989.54 7.1
993.70 18.5
994.60 6.7
996.22 4.2
1000.57 62.1
1001.61 22.3
1007.21 4.2
1007.91 3.8
1008.55 1.7
1010.52 52.5
1011.40 27.8
1012.50 5.9
1013.56 1.8
1024.51 6.9
1025.68 6.7
1028.43 120.3
1029.48 31.1
1030.35 3.3
1031.70 3.1
1036.14 3.5
1037.46 5.6
1040.60 9.2
1041.62 11.3
1043.66 4.9
1046.80 3.0
1050.73 2.8
1051.51 2.6
1053.39 6.8
1054.62 70.3
1055.64 28.5
1064.58 2.0
1067.53 6.3
1068.58 1.4
1070.79 6.9
1072.61 11.5
1073.47 9.7
1079.17 1.2
1080.08 4.2
1081.77 1.1
1083.59 5.7
1085.65 3.9
1089.18 5.7
1090.55 3.6
1092.78 4.9
1093.63 2.5
1094.65 2.0
1095.67 1.7
1097.52 86.5
1098.67 27.9
1101.56 2.7
1106.66 14.1
1107.35 2.5
1108.62 9.9
1111.79 12.5
1112.51 9.5
1113.54 117.2
1114.69 36.0
1123.68 46.8
1124.63 43.8
1125.55 9.2
1126.59 5.1
1127.71 1.0
1129.69 43.7
1130.75 9.8
1131.71 2.2
1133.33 1.0
1138.84 5.8
1139.63 6.6
1141.55 382.3
1142.70 185.1
1144.54 6.0
1145.57 1.7
1151.81 2.2
1157.40 2.8
1158.68 12.0
1159.54 8.5
1160.67 4.1
1161.46 2.2
1168.62 4.9
1169.90 1.6
1178.80 15.8
1179.61 1.4
1182.69 12.9
1183.61 6.0
1197.49 4.2
1198.60 12.2
1200.72 43.5
1201.70 23.4
1208.78 6.9
1209.51 4.4
1212.74 2.6
1225.61 24.4
1226.44 12.4
1233.76 5.5
1235.67 8.0
1242.00 1.3
1251.29 12.1
1252.04 6.7
1252.75 17.9
1253.74 13.4
1264.89 3.9
1269.65 359.4
1270.79 200.5
1271.86 10.2
1280.12 2.4
1287.62 23.2
1288.75 8.2
1307.63 4.7
1325.73 1.2
1326.90 2.9
