1203.50908 2
173.12 4.2
175.11 4.4
178.26 2.2
187.25 4.4
195.14 3.1
197.25 2.9
198.16 1.3
200.18 1.5
201.21 1.0
202.26 4.5
212.34 1.8
219.25 1.1
221.05 5.2
223.11 2.5
225.86 2.5
227.15 3.3
232.46 4.2
236.02 2.3
241.55 1.5
242.91 2.1
244.33 3.5
245.27 1.8
252.14 5.1
253.70 1.0
260.54 3.2
262.26 8.6
264.96 3.6
267.55 13.8
268.24 11.8
269.27 12.4
272.32 2.4
274.15 4.4
275.27 2.8
277.29 5.3
278.08 2.3
284.23 8.2
288.49 2.0
297.23 1.0
298.30 1.9
300.18 29.5
301.29 3.3
302.31 49.7
303.22 13.2
304.34 5.0
308.05 2.6
310.33 6.1
311.19 6.4
314.55 2.9
316.19 4.2
318.23 2.5
322.33 5.4
323.14 4.4
325.05 7.3
326.09 8.0
328.26 3.2
329.08 1.0
331.19 2.7
332.13 3.6
333.20 5.1
334.39 13.5
337.08 3.0
338.23 2.4
339.34 7.7
341.39 6.6
342.40 2.1
343.14 8.2
344.09 5.8
346.12 3.3
348.99 2.4
353.22 5.2
354.32 9.0
355.76 4.5
357.17 2.7
360.13 9.4
361.26 1.0
367.03 3.4
369.08 5.6
372.04 1.4
373.21 2.0
373.83 1.9
375.67 10.0
376.29 8.6
377.39 2.2
380.50 2.4
381.26 10.0
382.39 19.9
383.28 3.3
384.26 5.1
386.05 1.7
387.37 4.4
390.02 4.6
391.16 20.6
392.26 33.4
393.23 10.0
394.22 18.2
399.05 4.9
399.88 3.1
401.57 3.7
403.55 4.7
404.33 2.0
407.42 1.4
408.33 3.9
409.08 3.4
410.42 7.0
412.39 2.6
415.16 2.0
419.39 3.0
420.38 11.2
421.65 12.6
424.06 1.8
425.20 9.3
427.34 6.9
428.43 4.8
430.43 3.6
431.16 3.2
432.28 10.6
434.34 10.3
437.30 3.2
439.22 14.7
440.17 6.7
441.33 7.5
444.51 14.7
446.13 2.0
449.07 1.5
451.27 9.0
452.31 3.6
455.87 18.7
456.57 1.9
460.32 2.3
462.57 2.3
463.38 3.5
465.03 1.0
467.01 10.4
468.12 4.5
469.36 3.2
470.46 11.3
472.43 5.4
473.47 5.6
474.42 3.4
478.22 1.8
479.35 1.9
480.33 6.1
482.06 3.8
483.28 2.0
484.33 5.5
485.23 2.6
486.60 12.4
488.39 25.5
489.42 21.4
490.49 3.7
492.75 12.4
493.96 2.0
495.05 15.9
496.21 10.2
497.31 4.4
498.28 4.0
499.88 11.6
501.33 19.2
501.96 2.4
503.44 3.6
505.25 1.0
506.10 5.4
507.54 23.1
508.73 20.8
509.44 2.6
510.10 7.4
511.13 30.3
512.32 5.5
513.31 4.6
514.43 1.8
516.59 15.5
518.33 3.7
520.16 15.0
522.29 2.8
523.55 14.5
524.77 8.6
526.54 13.3
527.40 11.1
528.45 2.8
529.37 7.5
530.39 1.4
531.37 19.7
532.16 4.0
533.80 23.1
534.74 14.6
535.38 1.6
537.39 5.7
538.12 2.0
538.89 4.3
540.25 4.8
541.15 8.1
542.44 158.4
543.26 31.3
544.41 7.1
545.47 152.2
548.28 3.8
549.53 12.6
550.48 20.5
553.44 20.3
554.36 13.7
557.39 18.5
558.47 10.3
559.18 2.7
560.22 2.4
562.73 4.9
565.94 3.4
567.24 19.9
568.17 5.7
569.40 2.8
570.64 27.7
571.54 21.8
572.55 20.1
574.01 8.8
574.78 2.6
575.62 14.8
576.51 9.0
579.35 12.2
580.33 17.5
581.03 11.0
581.73 8.9
582.42 11.9
584.23 49.6
585.13 118.9
586.26 61.4
587.65 9.7
588.54 9.5
590.83 9.6
593.57 74.5
594.60 12.8
615.65 4.3
619.71 1.8
627.60 2.8
629.72 5.8
630.46 4.6
632.32 15.7
633.49 17.1
634.41 7.6
641.07 3.0
643.25 3.8
656.41 1.2
658.44 1.7
659.49 2.3
666.63 2.4
668.60 2.6
682.67 1.5
688.61 2.0
690.01 1.8
692.04 10.6
710.68 8.2
712.18 1.5
713.03 3.6
714.03 8.6
716.69 2.5
718.72 8.6
722.17 1.6
725.44 4.2
729.42 2.6
732.39 2.3
738.46 3.7
739.14 8.5
741.37 4.1
745.86 10.3
750.39 1.8
755.43 9.2
756.85 7.1
761.09 2.3
763.06 4.2
770.31 2.2
772.52 18.0
775.04 4.6
785.13 3.3
815.48 1.2
821.47 8.6
826.51 1.1
846.46 5.3
849.21 3.8
850.51 1.5
865.22 2.0
873.81 8.8
875.85 4.6
878.34 1.8
886.49 1.0
892.32 2.5
896.52 1.5
898.51 7.0
903.34 4.3
917.91 1.6
922.12 1.9
928.56 1.6
942.36 9.6
943.17 6.0
945.65 2.0
950.45 2.7
958.44 1.3
968.38 1.5
987.26 3.0
999.24 3.7
1002.43 3.3
1014.41 4.3
1031.54 2.4
1042.45 3.7
1046.31 1.4
1049.46 2.4
1058.70 4.5
1059.42 2.9
1077.41 7.0
1181.56 4.4
1182.98 1.1
