1026.45757 2
147.22 13.6
157.10 1.0
169.17 27.1
170.04 2.0
175.28 7.1
178.30 4.9
178.96 11.5
182.21 6.0
184.03 2.3
187.11 289.0
188.18 15.7
196.16 2.1
200.31 5.0
208.34 1.1
209.23 4.9
210.08 5.5
213.39 3.0
215.12 278.6
216.41 7.6
224.20 4.0
225.02 5.5
226.17 17.9
227.39 6.6
228.32 3.5
231.31 2.0
232.29 4.3
233.21 1.9
237.36 1.1
238.17 20.7
239.26 1.2
240.24 1.9
243.35 4.9
244.07 9.9
244.99 5.2
247.13 1.8
249.43 7.8
250.23 5.2
251.08 8.1
252.17 3.0
255.14 5.4
258.33 8.2
260.10 2.1
261.22 54.5
266.17 2.0
267.18 3.4
268.14 5.6
270.28 19.8
271.09 6.5
272.50 1.6
279.13 2.1
280.09 5.5
281.12 2.8
283.36 8.0
286.25 2.6
288.31 13.5
289.06 3.6
291.52 2.4
299.49 1.3
300.44 6.1
302.33 5.8
304.12 4.1
305.27 5.4
306.34 5.5
307.09 1.2
309.42 8.0
311.43 11.0
312.17 11.3
313.36 5.5
315.22 11.4
317.34 2.5
321.15 2.7
321.92 2.7
323.34 2.7
325.12 1.6
327.17 2.5
328.24 3.9
330.06 121.1
331.21 7.5
332.33 6.8
333.17 2.8
337.18 4.8
338.39 14.3
339.30 4.1
340.15 8.9
341.15 5.4
342.44 1.9
346.19 1.8
347.02 3.6
348.04 1.1
349.40 1.5
352.11 1.8
353.18 5.9
354.36 1.1
356.08 3.1
357.31 22.1
358.30 1.5
359.27 2.5
360.32 5.1
361.12 3.3
363.20 1.3
364.30 4.7
365.43 13.4
366.22 3.7
368.48 1.5
371.39 9.9
372.35 14.1
373.22 35.4
374.13 5.7
375.35 67.3
376.24 19.1
379.16 3.3
379.81 18.4
380.51 2.9
381.19 4.9
382.04 7.4
383.13 6.6
384.42 4.1
385.05 2.5
386.46 1.8
388.82 9.5
390.23 6.2
392.30 148.2
393.35 28.2
394.33 8.8
395.22 2.0
397.65 7.3
399.18 6.5
400.16 14.5
401.22 155.5
402.17 13.0
404.39 4.1
405.43 7.0
406.57 26.8
407.86 11.6
408.49 4.8
410.03 15.5
411.07 8.6
412.22 9.1
413.41 18.2
414.35 52.9
415.38 1.1
417.34 7.2
420.30 12.5
421.18 2.0
422.00 1.6
423.06 28.2
423.96 3.6
424.68 6.7
425.29 4.3
426.30 17.7
427.26 9.2
432.27 6.8
433.22 8.4
434.56 2.0
436.04 15.4
437.85 10.5
438.90 13.5
440.39 5.1
441.69 6.6
444.11 21.6
445.57 14.8
446.24 1.8
448.26 14.7
449.33 6.1
450.85 12.9
452.07 5.0
454.18 29.9
455.16 29.1
456.40 9.0
458.23 3.1
460.40 5.8
461.64 14.1
462.79 26.3
463.79 2.4
465.27 7.6
466.01 2.0
467.18 1.8
467.94 6.9
468.95 15.6
469.57 4.0
470.34 11.3
472.16 270.5
473.24 45.0
474.07 14.0
474.85 5.3
476.51 17.6
477.32 12.8
478.22 8.5
479.27 5.4
480.67 15.4
481.64 15.3
482.48 43.0
483.41 44.9
484.60 14.9
485.40 3.6
486.34 3.0
487.80 19.6
489.48 21.1
490.25 16.2
491.45 115.1
492.23 7.4
495.39 68.4
496.27 271.9
497.33 1.9
498.45 30.5
499.26 9.0
501.21 7.9
502.82 6.0
504.55 283.9
505.37 134.9
510.10 3.8
518.12 5.4
520.33 15.0
523.16 1.7
526.45 4.0
530.54 1.3
537.34 11.2
538.24 31.1
539.41 3.9
540.59 2.3
545.37 2.5
546.61 1.1
547.40 16.5
548.41 11.2
549.39 2.2
552.46 6.3
555.29 384.3
556.34 26.1
560.19 1.4
561.52 9.0
562.55 2.3
564.61 2.5
566.17 2.1
570.36 1.7
571.18 1.8
572.28 1.3
577.96 7.7
578.70 5.0
582.25 4.8
583.39 6.7
584.89 3.4
587.76 3.7
589.32 3.9
590.40 20.9
591.49 3.1
593.30 3.6
599.19 2.0
600.50 3.4
601.55 4.8
607.17 2.0
608.27 6.0
609.07 7.9
612.14 5.3
612.90 8.1
617.33 17.1
618.08 9.5
619.39 1.8
622.44 2.8
623.32 10.1
624.94 9.8
626.29 263.5
627.42 32.4
633.27 2.0
634.74 16.1
635.36 161.4
636.41 29.8
637.14 4.0
639.24 2.7
641.09 2.5
644.99 7.9
646.45 1.7
647.11 12.9
649.16 5.5
651.35 4.2
653.47 8.5
656.28 4.2
661.40 8.9
667.17 3.2
671.57 1.5
672.64 2.1
673.41 1.9
674.47 9.1
676.87 3.1
680.15 4.2
682.25 4.0
684.53 2.5
686.61 3.1
687.23 1.3
690.24 9.0
691.85 31.9
693.00 5.4
694.13 1.1
694.74 2.4
695.63 2.5
697.41 202.2
698.41 30.5
700.13 15.5
704.97 2.9
709.59 3.6
712.42 2.1
715.61 6.0
717.37 2.6
719.40 1.6
726.45 1.1
737.37 1.3
738.07 4.7
739.15 2.9
740.80 2.4
741.65 1.8
743.45 2.8
747.45 12.2
748.17 29.5
749.06 2.3
751.00 3.8
753.28 2.4
758.50 39.0
764.66 2.1
766.41 37.3
767.17 10.2
769.54 5.8
773.37 5.4
775.51 4.3
776.27 4.9
777.36 10.7
778.23 2.3
782.39 3.6
783.56 15.4
785.56 2.0
786.53 4.0
788.60 1.7
790.40 3.1
793.60 2.5
794.59 33.0
795.44 36.6
796.18 7.5
797.41 7.6
799.10 1.7
799.79 3.8
803.41 5.9
804.73 5.2
807.51 5.8
808.48 2.8
809.45 3.5
810.11 6.0
812.38 1178.7
813.37 246.5
817.81 2.3
821.03 1.8
824.56 1.7
827.67 6.2
828.39 4.0
830.57 2.7
842.77 2.5
845.49 1.5
848.78 18.1
849.48 2.2
851.49 11.4
852.37 2.2
853.11 3.6
860.62 4.4
862.33 7.8
863.47 14.2
867.19 3.4
868.56 1.1
869.32 3.2
878.56 5.2
879.22 9.0
880.26 27.0
881.35 53.4
882.47 14.3
892.47 1.3
897.42 13.2
898.43 1.8
899.38 2.3
913.63 1.1
914.96 2.0
921.68 1.6
922.41 5.8
924.96 1.2
926.30 2.8
930.26 2.2
942.68 16.2
944.97 3.6
974.76 1.6
987.56 3.2
994.48 6.1
1003.12 3.1
1004.75 20.3
1005.49 10.0
1006.28 3.3
