1278.64714 2
182.43 1.5
183.99 2.0
194.86 1.4
197.27 2.5
200.29 2.5
201.09 10.0
202.27 16.7
203.05 3.0
211.17 1.6
213.19 2.8
214.49 3.6
216.29 1.4
223.17 4.0
224.23 5.5
225.19 3.9
227.26 5.0
234.60 5.1
235.25 3.6
240.37 9.6
242.23 11.7
247.79 1.1
249.04 3.1
252.15 3.1
254.30 1.2
258.08 12.1
260.29 13.0
262.26 2.9
263.17 6.2
265.20 41.4
266.34 3.2
269.55 3.5
270.24 2.6
272.05 3.6
273.29 1.4
274.02 4.3
275.42 7.1
276.23 2.0
277.14 4.3
280.12 2.6
284.30 2.5
286.29 1.6
288.14 3.6
289.22 8.0
290.23 2.7
293.20 45.3
294.20 2.4
295.39 4.0
303.38 29.4
304.69 2.3
307.22 2.7
310.34 1.0
311.45 2.6
312.16 2.7
313.33 7.8
321.15 6.8
324.06 3.6
324.86 1.2
326.08 1.3
329.29 2.5
334.17 12.1
338.38 5.0
342.37 2.1
346.41 2.7
347.17 2.3
348.32 4.6
349.75 7.5
352.24 7.9
353.28 8.0
354.32 3.1
355.18 4.1
355.88 3.7
358.19 2.8
359.15 2.0
363.60 5.2
364.40 14.0
365.43 4.0
366.17 3.1
368.52 6.6
371.25 5.7
375.59 1.4
381.21 6.6
383.30 4.6
384.77 1.5
385.45 3.2
386.19 5.2
387.75 1.9
390.18 4.6
393.13 15.1
394.36 2.2
395.39 2.5
396.07 12.2
399.54 9.9
400.39 10.7
401.40 1.8
402.41 2.5
403.35 9.5
404.38 4.1
405.39 1.7
406.12 3.5
408.17 6.3
409.32 3.7
410.49 1.1
411.24 12.4
414.28 4.5
417.30 47.1
418.48 3.7
421.02 91.3
422.25 24.3
423.58 13.0
424.33 22.1
425.21 5.2
427.23 9.8
429.87 10.5
431.43 2.4
432.24 5.1
433.50 1.9
434.46 6.4
436.26 2.2
437.44 14.9
439.24 3.8
442.28 9.1
446.95 10.0
449.26 12.5
451.52 6.7
452.16 1.4
459.28 11.0
460.31 1.6
462.43 1.0
463.47 2.3
465.01 2.0
465.88 1.9
467.46 11.5
470.37 3.1
471.30 2.3
474.43 2.0
475.75 13.4
476.75 55.2
477.60 4.0
478.43 5.0
482.23 4.2
483.27 6.4
485.19 334.8
485.90 110.0
488.50 1.0
489.39 4.6
490.31 8.4
492.06 2.0
493.90 118.6
495.05 6.8
498.25 8.5
499.30 16.1
500.52 13.6
501.79 10.3
502.96 1.9
505.09 7.4
506.35 7.8
507.47 9.9
508.31 3.3
509.05 1.2
510.40 3.7
511.21 12.8
512.29 10.8
515.29 122.5
516.43 37.8
517.49 7.7
519.14 10.2
521.89 6.8
523.44 2.0
525.31 143.7
526.47 35.4
527.43 18.0
528.33 28.9
529.43 12.7
530.40 6.8
531.52 13.2
532.93 1.8
533.60 1.1
534.26 45.4
535.01 14.6
536.30 1.5
538.92 5.8
539.67 1.8
540.81 13.1
541.51 35.9
542.35 10.5
544.39 2.8
545.39 134.0
546.28 34.9
546.99 1.7
548.34 5.9
549.47 44.9
551.84 6.3
552.60 13.2
553.37 1.9
555.44 14.4
556.36 1.4
558.48 40.3
559.12 4.9
560.56 11.9
561.52 27.5
562.59 7.2
563.50 10.1
564.46 9.7
565.41 39.3
567.02 50.8
570.55 13.2
572.54 12.3
573.42 4.1
574.25 6.7
575.30 14.2
576.35 1.0
577.17 10.4
578.37 2.9
579.67 9.6
580.41 18.1
581.18 6.4
582.40 3.6
583.56 4.1
586.44 1.7
587.47 9.4
588.19 7.5
589.23 8.4
591.87 7.3
593.49 12.0
594.71 14.7
595.62 5.6
596.44 1.8
599.57 16.5
600.48 35.0
602.48 10.0
603.37 6.8
604.58 38.1
605.31 33.4
606.35 9.8
608.71 15.9
609.36 109.3
610.00 15.3
610.78 10.7
611.47 1.9
613.24 10.4
614.59 9.7
615.29 25.9
616.06 5.3
617.22 41.4
618.21 17.0
619.21 11.7
621.55 140.3
622.56 222.5
623.33 53.0
624.39 36.9
625.30 3.9
628.07 4.3
629.17 2.0
630.37 62.3
631.12 53.1
631.93 8.9
634.38 4.8
645.49 4.9
656.31 8.9
657.42 22.4
658.31 6.3
660.28 3.3
674.37 140.2
675.58 34.7
680.85 7.9
685.28 5.4
688.39 4.9
689.44 3.7
690.59 3.5
692.46 7.3
696.66 3.0
697.33 2.0
698.52 2.0
703.97 5.6
706.44 3.5
709.30 2.7
710.49 1.4
711.35 8.0
712.16 4.6
715.91 2.6
716.56 4.8
717.34 6.4
723.48 2.7
727.89 31.8
728.68 36.7
729.66 10.2
730.59 11.1
731.53 7.1
734.40 8.9
735.65 4.2
738.49 5.3
745.41 232.5
746.54 70.2
747.34 2.0
758.39 4.8
762.15 24.3
768.33 2.0
770.55 3.0
773.52 3.7
776.00 7.3
778.51 5.8
781.79 1.5
790.58 3.1
796.71 1.4
798.12 5.2
799.33 3.1
803.53 2.0
806.74 1.1
816.42 3.1
818.68 2.1
820.43 1.4
822.49 2.4
823.32 3.8
824.84 11.3
828.15 2.8
829.69 3.6
831.50 3.6
832.44 4.8
835.51 6.1
840.57 12.5
841.54 23.2
842.55 7.1
844.35 4.1
845.08 3.5
858.50 135.1
859.61 41.9
862.35 3.1
863.33 1.1
865.56 15.0
868.81 1.7
873.75 3.1
875.55 2.3
883.63 3.1
892.62 1.1
898.40 2.0
899.56 2.3
900.32 1.2
901.27 1.2
902.75 7.8
903.51 1.3
906.63 1.5
908.48 5.1
911.53 1.8
913.47 1.2
919.03 2.2
920.54 2.1
943.45 1.4
947.06 2.9
951.54 3.7
952.57 19.0
953.61 6.6
959.52 1.2
968.63 8.0
969.73 24.1
970.64 12.7
973.57 3.7
974.39 1.5
975.45 1.2
986.62 29.9
987.73 22.9
990.58 1.9
991.88 3.7
1002.92 1.5
1006.00 4.0
1008.53 3.3
1009.78 3.2
1017.07 4.7
1035.76 2.2
1040.38 1.6
1047.32 3.7
1065.68 1.4
1071.34 1.2
1077.18 3.0
1081.70 1.5
1083.49 4.5
1097.86 1.7
1098.72 8.0
1102.91 2.9
1105.48 2.4
1106.61 3.0
1114.59 5.2
1121.56 1.7
1127.86 2.1
1132.75 14.6
1133.63 9.4
1134.61 5.6
1147.45 3.2
1150.65 18.9
1151.40 9.2
1240.71 5.1
1275.79 1.6
