1086.49053 2
158.22 1.4
169.06 5.4
170.49 2.2
173.15 2.0
175.24 15.5
176.36 2.3
185.37 1.8
191.99 1.4
195.20 2.9
197.40 5.7
199.23 109.8
200.31 11.2
205.16 6.0
209.14 7.5
213.35 1.2
215.01 8.0
216.23 1.4
225.32 3.5
227.16 136.4
228.30 10.0
232.36 8.0
235.05 2.7
238.29 3.0
239.29 1.3
242.27 7.5
243.06 13.1
244.30 3.1
248.31 4.9
251.33 5.7
256.05 2.8
258.53 6.0
259.34 1.0
259.98 2.1
261.33 2.7
262.37 6.1
264.16 1.1
265.34 3.0
270.02 2.2
272.36 7.1
273.11 2.0
274.15 3.3
278.20 23.1
279.19 2.7
279.86 8.6
282.16 3.0
283.19 1.5
286.28 4.6
288.34 2.2
295.22 1.0
296.82 2.5
298.18 7.0
299.20 2.7
300.09 2.3
303.51 1.7
305.26 1.0
308.15 5.2
309.15 1.0
311.30 2.9
313.24 7.9
315.54 6.0
316.95 48.2
318.22 10.1
318.95 4.0
323.14 2.7
324.41 1.2
328.22 2.0
329.25 7.2
331.34 7.3
333.28 3.8
334.94 10.8
336.84 1.1
338.31 2.3
341.21 3.3
341.88 4.1
343.49 3.5
349.29 1.7
352.90 2.1
355.63 9.6
356.34 42.2
357.33 13.6
359.31 2.6
361.94 12.0
363.26 4.4
366.29 9.4
367.07 4.5
368.38 6.0
369.31 3.0
370.23 1.0
371.63 3.2
372.56 3.8
373.41 2.0
374.82 3.7
375.90 3.3
381.33 1.5
383.30 8.0
384.43 2.8
385.30 3.4
386.17 4.3
388.24 2.8
389.26 1.6
390.33 3.1
391.18 2.9
392.52 11.5
394.40 9.9
395.60 3.8
401.39 1.6
404.32 1.5
407.28 27.1
409.18 7.1
410.47 22.4
411.34 9.0
413.16 31.9
414.39 15.1
415.51 10.7
416.18 159.5
417.36 14.4
418.22 20.2
418.85 12.9
419.78 10.0
421.86 478.7
423.00 4.7
424.09 4.9
425.24 5.9
427.09 4.3
428.36 6.2
429.13 5.5
430.88 187.3
432.17 3.6
433.77 5.2
436.16 1.3
437.31 2.8
439.33 2.6
440.20 4.9
445.95 13.6
447.50 7.0
448.38 9.2
449.34 23.1
450.45 6.9
451.44 4.7
456.21 4.4
457.11 5.2
457.92 6.0
461.32 4.2
463.58 4.7
464.49 3.0
465.83 15.5
467.37 8.9
469.25 8.4
470.61 5.1
471.37 14.3
471.98 8.5
473.17 11.1
474.91 303.9
475.82 1.2
476.90 8.7
478.47 31.9
479.57 45.7
481.33 3.6
483.39 10.2
484.35 15.8
485.96 24.2
487.24 120.3
487.90 48.1
488.79 1.0
490.53 8.1
491.36 6.6
492.34 6.5
493.91 5.6
495.16 5.0
497.00 15.0
498.40 2.0
499.41 5.6
500.49 4.4
502.65 37.8
503.57 22.8
505.40 3.9
507.87 16.9
508.56 11.4
509.19 6.5
511.63 30.6
512.72 25.3
513.62 15.7
514.48 16.3
516.26 21.6
517.44 22.3
518.31 3.1
520.69 17.5
521.93 28.0
522.68 7.2
523.36 2.2
524.24 9.1
525.23 47.1
526.16 131.6
527.29 22.0
528.18 5.7
529.46 1.5
530.76 2.5
531.72 8.6
534.70 211.7
535.31 112.0
536.13 4.6
543.83 3.6
558.00 3.7
564.71 1.7
567.74 2.9
568.39 1.4
569.41 1.7
570.39 11.4
571.52 9.0
574.33 4.2
579.51 1.9
584.62 3.2
589.25 11.0
593.33 51.9
594.57 10.8
596.50 2.2
600.48 15.6
603.38 3.2
607.49 7.2
613.93 10.8
615.50 17.3
616.69 4.7
617.59 2.2
627.49 1.4
632.54 4.3
635.82 5.2
638.30 3.1
642.98 2.7
653.25 15.5
655.93 15.5
668.11 10.4
670.47 9.1
671.30 36.7
672.21 10.3
673.40 3.3
674.37 41.9
675.36 26.2
679.33 2.5
686.26 1.3
687.01 8.0
691.51 4.1
692.30 1.6
695.38 2.9
696.60 3.2
698.44 10.8
699.55 6.0
700.44 2.2
704.39 82.4
705.24 12.3
706.58 3.0
708.59 1.7
711.89 2.8
713.58 7.3
714.88 9.0
716.29 1.4
718.19 2.9
722.29 225.5
723.35 32.7
724.66 2.1
725.59 2.9
727.59 1.1
731.34 406.9
732.40 58.4
735.29 3.4
736.38 8.5
737.64 13.8
748.40 2.0
752.71 3.6
754.12 4.2
755.38 2.8
756.31 5.8
758.35 1.2
760.86 1.4
761.50 1.3
762.92 7.0
770.28 2.7
771.36 2.2
772.53 2.5
776.87 2.9
786.30 7.5
787.51 2.3
793.32 4.3
794.57 6.4
808.47 2.6
809.49 3.2
811.43 17.7
812.61 3.0
818.20 1.8
825.34 2.2
826.58 13.8
828.53 4.2
835.69 4.7
836.53 5.8
837.38 2.1
840.64 1.4
842.43 85.8
843.51 45.7
844.59 56.1
845.40 24.8
846.19 1.2
853.61 1.4
855.64 3.1
856.45 2.7
860.34 394.0
861.40 109.3
865.92 3.0
872.41 4.4
873.51 5.0
882.02 2.7
884.58 5.7
885.33 5.4
896.77 3.0
897.86 4.7
912.57 11.7
914.66 22.3
915.56 3.0
917.60 3.1
919.83 2.4
922.74 7.2
923.81 2.8
930.49 8.1
931.54 3.7
938.44 3.0
939.57 21.6
940.74 10.4
941.85 4.1
948.46 321.4
949.49 122.4
950.10 1.2
957.85 6.8
972.88 3.2
973.86 6.9
983.70 13.1
