865.37749 2
127.24 2.6
128.12 28.5
129.20 11.3
130.19 16.7
130.97 2.6
133.31 3.7
135.99 1.9
137.16 12.0
138.26 7.4
139.32 1.5
140.30 12.1
141.03 4.0
142.27 4.1
143.13 63.5
144.16 9.4
144.99 2.3
147.23 18.4
148.99 5.2
151.14 7.1
152.13 2.2
153.22 2.9
154.06 3.1
155.20 11.7
156.18 14.8
157.16 28.8
158.18 13.0
158.99 4.2
159.96 1.2
161.35 9.4
162.15 18.3
163.27 4.9
164.22 7.7
166.15 3.9
167.24 1.2
168.24 5.9
169.39 1.5
170.44 3.8
171.22 65.9
172.25 6.3
173.19 21.5
174.15 2.6
175.16 205.5
176.29 15.1
177.17 10.5
178.25 19.6
179.18 120.4
180.16 20.6
182.03 4.3
183.23 11.3
183.95 5.6
185.24 7.5
186.29 7.8
187.38 1.0
188.45 6.4
189.31 2.6
190.39 1.7
191.18 7.1
192.31 1.4
194.10 11.7
195.25 7.6
197.20 101.3
198.17 4.7
199.20 8.0
201.04 1.6
202.16 4.4
203.16 4.7
204.23 2.5
205.15 5.2
206.13 6.7
207.21 23.5
208.98 55.0
210.95 55.4
212.17 2.1
213.24 10.2
214.18 7.2
215.35 10.2
216.11 14.3
217.18 24.5
218.36 7.5
219.24 7.1
220.16 3.6
221.19 5.0
222.41 15.3
223.33 3.6
224.28 1.4
226.27 25.7
227.32 12.0
228.22 12.5
229.34 9.4
230.01 2.1
231.17 6.4
232.17 7.5
233.18 4.8
234.21 23.0
235.34 16.5
236.09 9.0
237.20 15.1
238.37 4.8
239.17 3.7
240.16 12.2
241.23 5.4
242.07 10.2
243.30 2.0
244.11 8.9
245.25 5.6
246.11 8.3
247.71 15.6
250.35 7.9
251.22 10.8
252.09 8.3
253.23 3.7
254.22 82.6
255.22 65.5
257.13 8.3
258.12 8.9
259.49 3.4
260.20 2.0
261.28 66.0
262.29 4.3
263.07 8.4
265.25 6.4
266.20 14.3
267.32 4.0
268.33 3.7
269.20 1.8
270.35 9.9
272.17 239.4
273.25 56.5
274.19 11.4
275.21 36.3
276.25 27.7
277.24 41.0
278.50 13.7
279.46 9.3
280.39 14.9
281.58 4.6
282.22 11.7
283.42 9.7
284.08 8.0
285.14 6.3
286.30 6.9
286.99 2.4
288.40 4.7
289.35 12.8
290.38 11.9
291.24 8.8
292.26 1.4
293.42 4.5
294.30 97.3
295.30 16.7
296.34 3.9
297.63 6.3
298.24 11.2
299.16 7.6
300.20 8.1
301.18 12.2
302.16 10.8
303.43 14.3
304.23 7.0
305.09 13.7
306.07 3.4
307.18 1.9
308.25 5.8
309.12 21.5
310.27 18.7
311.38 30.6
312.24 26.1
313.17 6.6
314.23 19.1
315.61 18.5
316.39 5.3
317.29 8.0
319.08 56.8
320.87 172.7
322.44 49.2
323.09 112.3
324.12 48.9
325.31 35.8
326.55 32.7
327.23 2.2
328.06 3.9
329.33 9.9
330.41 32.0
331.34 11.2
332.39 6.0
333.25 9.1
334.46 3.5
335.29 4.0
336.14 2.6
337.10 14.8
338.61 38.3
339.32 41.7
340.01 23.5
341.09 15.9
342.19 12.5
343.21 42.8
344.16 32.1
345.13 87.0
346.34 17.7
347.72 132.5
348.44 99.4
349.60 14.7
350.34 7.1
351.29 76.7
352.16 16.5
352.99 8.7
353.93 14.9
355.05 16.5
356.11 1.1
357.38 36.1
358.31 4.5
360.11 257.6
360.75 105.4
361.59 25.9
362.43 24.4
364.14 17.3
365.40 80.6
366.29 5.1
367.46 20.7
368.31 4.9
369.40 40.1
370.79 52.8
371.68 76.1
372.50 36.2
373.24 33.3
374.38 77.6
375.25 119.2
376.29 14.0
377.19 11.2
378.86 60.7
380.76 78.2
381.39 70.5
383.42 309.9
384.43 62.8
385.48 99.8
386.51 69.8
387.41 72.3
388.43 35.5
389.32 70.7
390.29 21.0
391.81 63.3
393.11 110.3
393.92 247.3
395.10 36.1
396.07 146.1
396.96 115.7
397.94 91.1
398.71 10.5
399.81 6.8
401.18 16.8
402.06 412.4
402.92 468.6
403.89 103.5
405.20 27.2
406.48 46.6
407.24 20.5
408.92 179.3
410.91 1786.3
411.84 298.9
412.98 7.9
414.09 15.3
415.26 1317.4
416.13 682.8
417.98 600.4
418.91 131.6
420.82 56.2
421.74 25.4
422.41 6.6
424.06 3989.3
424.82 866.1
425.44 64.1
426.62 7.0
429.49 2.0
437.28 4.1
438.37 2.4
440.17 20.8
441.45 5.3
445.59 1.9
448.26 3.5
450.34 15.1
451.21 3.3
452.49 29.9
453.65 8.0
454.62 29.7
455.41 11.8
457.23 2.1
458.22 24.4
459.27 5.8
462.20 11.2
463.20 4.8
464.35 6.3
465.48 3.0
469.30 4.2
472.36 39.4
473.53 6.8
476.30 24.7
477.22 85.4
478.17 15.7
479.24 6.3
480.32 59.7
481.38 19.0
482.36 11.6
483.24 2.9
484.23 1.2
485.16 2.9
490.75 5.5
491.40 2.4
492.31 3.4
494.37 24.2
496.59 4.0
497.42 20.9
498.37 4.7
499.31 4.8
502.09 2.3
503.19 3.1
506.29 7.5
507.08 3.2
508.41 7.3
511.63 12.2
512.56 2.3
513.60 2.8
515.40 2.8
516.35 1.4
517.44 1.4
519.40 11.8
520.72 8.0
521.34 1.4
522.01 1.7
523.36 2.6
524.48 1.9
525.23 11.3
525.89 3.2
527.66 1.4
533.45 46.8
534.47 30.5
535.31 55.8
536.11 8.2
537.39 16.0
538.49 29.0
539.19 4.6
539.80 4.8
540.42 2.8
541.56 5.1
544.22 11.5
545.43 3.2
547.39 7.3
548.51 14.7
550.91 2.5
552.22 7.4
553.31 32.1
554.57 12.8
555.57 8.4
556.38 7.6
557.46 6.8
558.25 3.8
563.44 17.8
565.40 203.1
566.38 54.7
567.44 2.1
568.48 10.1
569.50 16.0
570.40 3.6
571.43 85.8
572.50 57.5
573.38 9.3
574.02 1.1
575.40 51.0
576.41 71.1
577.29 20.8
578.25 2.0
579.43 1.2
581.31 9.4
582.54 1.8
583.61 12.1
584.45 6.9
586.28 11.0
588.74 5.3
590.51 14.2
592.40 23.9
593.37 201.8
594.45 65.6
595.16 4.4
598.75 2.1
601.57 4.0
603.32 5.4
604.49 13.2
605.95 11.8
609.45 19.6
610.66 17.1
611.37 40.0
612.35 19.8
613.52 38.6
616.54 24.2
617.64 12.1
618.53 2.6
620.33 15.3
621.33 5.4
622.53 11.6
623.19 14.3
625.59 3.1
628.65 8.5
629.47 1.5
630.46 12.9
632.32 14.9
633.40 23.6
634.48 191.3
635.45 68.8
636.40 12.3
637.42 6.9
638.30 5.7
639.59 14.8
643.74 3.0
644.66 2.2
646.44 70.4
647.54 31.3
649.63 23.4
650.57 19.9
652.27 40.7
653.65 15.3
654.54 21.5
655.53 18.4
656.18 3.5
658.26 7.3
659.48 16.3
660.53 29.9
661.43 4.4
662.46 39.6
663.50 11.0
664.37 4.8
665.50 3.3
666.55 1.6
668.29 1.7
669.37 1.3
672.58 41.1
673.48 28.1
674.58 4.2
676.56 44.9
677.40 325.0
678.45 91.3
679.43 29.9
680.43 9.2
681.84 10.7
683.66 1.5
686.54 3.8
687.43 33.1
688.73 18.5
690.27 228.5
691.50 111.9
692.65 17.7
693.37 3.6
694.41 104.5
695.55 30.5
696.65 7.8
698.37 2.8
699.50 9.5
700.54 2.4
702.29 8.2
703.35 2.2
704.28 7.1
705.43 113.8
706.38 33.4
707.64 80.0
708.45 399.8
709.50 172.3
710.34 14.7
714.30 2.9
715.29 5.3
717.35 2.4
718.14 4.7
719.26 82.0
720.36 18.8
723.42 17.9
724.48 9.5
725.66 7.6
727.56 1.3
730.50 32.8
731.36 10.1
734.60 1.0
737.28 62.4
738.50 5.5
743.35 5.0
744.56 2.2
745.42 4.2
747.79 21.9
748.50 152.9
749.41 51.6
750.25 5.8
753.47 1.6
754.99 6.0
756.49 6.3
761.54 2.6
763.51 1.6
765.43 38.9
766.59 8.1
767.57 9.0
769.45 1.8
775.14 2.5
776.52 3.7
777.62 3.8
780.45 3.0
781.52 4.9
783.43 2.1
787.42 1.0
795.60 4.9
798.53 43.6
799.60 16.4
800.64 14.4
801.50 5.7
804.41 9.5
805.41 6.7
806.42 1.7
807.66 1.1
812.92 7.1
814.80 1.6
824.52 51.9
825.60 30.3
826.58 10.6
827.63 4.8
830.48 2.2
839.55 1.5
842.54 1190.2
843.54 453.1
844.64 111.9
847.53 2.7
849.54 2.8
