868.5540599999999 2
123.06 2.2
126.12 2.1
128.25 10.5
129.42 4.1
130.21 6.4
131.20 1.2
132.23 2.1
134.19 1.8
137.22 5.7
141.21 4.7
142.16 4.1
143.25 123.9
144.21 26.1
145.15 17.7
146.05 1.2
147.31 5.9
148.14 6.4
154.11 1.9
155.02 11.0
157.03 4.7
158.18 3.1
158.80 1.3
161.34 3.5
162.10 2.8
164.32 1.6
165.31 2.9
166.12 4.9
166.98 1.7
169.23 7.0
170.21 4.1
171.19 4.3
172.20 6.4
173.23 5.0
173.86 1.4
175.31 18.9
176.19 2.1
177.10 6.4
181.35 2.9
184.16 10.1
185.17 16.4
186.06 4.4
187.30 12.3
188.20 2.4
189.30 2.2
190.30 12.5
191.05 1.6
193.47 14.8
196.08 4.7
197.21 23.6
198.03 4.0
199.15 7.3
202.07 190.7
203.22 23.8
204.02 2.0
205.19 3.4
207.03 4.3
208.16 7.6
209.16 4.6
210.15 8.9
211.01 15.7
212.42 6.0
213.18 7.8
214.23 102.3
215.22 47.5
216.22 3.7
218.26 1.6
219.12 3.0
222.50 1.2
223.31 11.2
225.17 6.2
226.26 9.9
227.05 1.3
228.24 10.2
232.35 7.4
233.04 4.2
234.20 7.6
234.90 16.0
237.16 4.0
239.32 6.6
240.49 7.8
242.11 82.4
243.21 61.8
244.13 7.1
245.10 3.8
247.27 3.2
249.13 15.2
250.03 6.8
250.95 4.0
253.37 4.8
254.24 12.7
255.21 8.3
256.29 4.3
257.31 8.5
259.24 11.3
262.20 23.1
263.21 22.6
263.93 1.2
265.07 2.2
266.32 9.2
267.24 2.5
269.01 12.6
269.96 3.2
271.27 3.2
272.12 1.6
273.28 12.6
274.06 16.8
275.19 10.5
276.40 4.1
277.21 9.1
278.15 6.7
279.37 8.1
280.42 2.8
281.20 8.8
283.17 1.0
284.24 45.3
285.16 6.7
286.91 7.5
288.36 14.3
289.31 18.9
290.32 11.6
292.24 2.5
294.41 10.6
295.21 53.2
296.30 26.6
297.03 12.0
298.17 9.1
299.20 6.1
300.20 12.4
301.27 12.8
302.30 17.4
303.41 9.6
304.22 8.9
305.37 4.0
306.48 20.4
307.26 6.9
308.17 2.6
309.89 14.3
311.16 11.6
311.77 13.4
312.42 9.4
313.26 7.6
314.69 15.8
315.63 22.7
316.42 25.6
317.20 6.0
318.12 6.6
319.27 6.9
320.22 16.9
321.18 48.5
322.55 97.8
323.33 17.5
324.09 5.6
325.03 23.8
326.44 1.4
327.40 1.1
329.05 10.0
330.10 16.2
331.82 29.4
332.82 10.3
334.76 274.7
335.41 123.9
337.01 8.1
338.36 4.0
339.31 5.5
339.99 3.9
340.93 62.1
342.81 30.1
344.15 17.9
345.30 26.4
346.25 24.2
347.24 16.3
348.04 15.5
349.06 22.9
350.22 1.9
351.14 2.0
354.19 12.2
355.25 8.3
356.24 45.9
357.19 14.9
358.78 19.7
359.41 29.2
360.12 28.5
361.24 31.7
362.39 12.6
363.80 8.1
365.93 15.2
366.80 3.6
367.44 1.7
369.16 28.6
370.94 198.2
372.04 25.5
373.20 16.5
374.26 19.6
375.33 60.8
376.22 174.0
377.21 56.8
378.23 16.3
380.17 12.3
381.09 2.3
382.30 13.2
383.26 8.5
384.33 11.9
385.54 26.7
386.47 18.8
387.42 1.7
388.35 20.3
389.09 34.4
390.32 20.3
391.31 16.6
392.32 33.9
393.41 48.6
394.35 20.9
395.16 23.7
396.10 42.8
397.00 34.6
397.97 51.4
399.12 18.1
400.00 8.8
400.60 3.1
402.69 145.0
403.60 35.3
404.29 112.4
405.18 47.0
406.28 22.7
407.20 30.6
408.47 21.3
410.29 66.9
411.68 127.8
412.48 93.4
413.23 36.3
414.12 8.3
416.11 254.1
417.06 293.4
417.86 23.4
418.69 4.2
419.45 28.6
420.30 5.4
422.63 186.6
423.36 42.4
425.40 1739.0
426.33 246.0
427.49 8.1
428.70 8.2
440.41 32.9
441.25 30.5
443.03 1.8
445.30 15.0
447.94 3.5
449.03 4.2
450.24 7.7
454.51 57.9
455.33 3.9
456.43 8.6
457.35 16.3
458.24 54.2
459.34 10.9
460.14 3.3
461.48 10.5
463.78 21.8
467.43 20.8
468.27 5.1
470.48 5.6
472.51 3.1
474.19 6.6
475.23 16.9
477.38 2.1
479.23 7.3
480.41 1.8
481.50 1.0
482.50 3.9
483.43 1.6
484.35 12.4
485.34 80.8
486.42 13.1
487.87 15.0
488.59 8.2
489.53 31.9
490.37 11.6
492.32 2.3
493.77 8.5
495.19 8.1
496.63 2.8
497.52 4.3
499.36 12.6
501.63 2.4
502.97 1.2
507.40 23.7
508.20 1.9
509.19 3.3
510.39 11.1
511.36 9.0
512.64 3.0
513.31 4.7
514.53 5.1
515.39 10.4
518.32 3.4
520.66 12.5
521.32 8.6
522.81 4.9
524.05 11.5
525.24 22.6
526.21 6.5
527.59 4.1
529.74 10.9
530.76 7.1
531.56 2.4
532.39 4.1
535.55 2.2
536.22 1.4
537.16 14.0
538.17 14.8
539.39 13.7
542.13 8.8
543.37 65.0
544.44 24.0
545.85 10.7
547.34 5.8
548.25 19.3
549.14 4.8
551.44 1.2
552.42 4.0
554.33 2.4
555.36 8.9
557.66 2.3
560.60 5.0
561.24 2.1
564.10 14.9
566.44 4.9
567.23 1.4
568.63 14.2
569.56 17.0
570.50 5.5
571.20 2.3
572.93 17.3
573.87 9.1
574.54 2.2
577.33 1.8
578.50 3.7
582.39 2.2
583.20 4.0
585.42 280.3
586.47 99.9
588.78 3.3
589.39 5.1
590.40 47.5
591.46 7.4
592.57 1.5
593.93 2.0
595.21 7.1
596.91 3.1
599.19 7.8
601.57 2.9
602.71 5.8
605.35 1.1
606.29 7.7
607.32 14.0
608.81 3.6
609.43 2.7
611.77 8.0
614.17 8.1
618.52 1.8
619.48 6.3
622.25 7.2
624.77 6.5
625.45 164.3
626.38 376.6
627.34 62.9
628.46 17.4
629.63 3.7
634.43 3.5
636.34 3.9
640.52 10.3
641.35 13.2
642.50 1.0
643.48 61.7
644.75 16.6
647.22 2.4
649.32 3.9
651.70 3.1
652.46 2.3
659.55 2.1
661.71 4.6
665.31 3.3
666.57 3.4
667.38 9.2
668.18 3.8
670.61 5.8
671.48 1.5
672.64 3.1
675.32 1.7
678.76 3.7
679.49 13.9
680.49 4.0
681.69 2.4
685.46 154.8
686.55 54.7
688.68 1.7
690.99 3.2
691.69 1.1
695.06 11.5
696.40 20.2
697.44 110.3
698.35 50.7
699.36 15.3
707.41 10.1
709.32 17.8
710.50 2.9
711.48 19.3
713.08 3.6
713.77 1.7
715.21 2.5
721.45 6.5
722.35 4.7
723.47 7.2
725.47 7.4
726.70 7.5
728.63 3.2
732.61 5.2
737.56 5.6
740.54 4.8
741.58 18.7
747.39 2.5
749.05 4.4
750.51 1.2
752.02 5.0
754.58 2.5
755.87 1.4
756.99 1.2
764.45 4.0
765.43 2.5
766.40 2.2
767.30 19.1
768.40 7.2
769.85 4.9
780.63 3.1
784.22 3.4
785.76 6.7
786.49 3.7
787.65 2.8
790.90 4.8
793.56 1.8
795.69 6.0
807.73 10.8
810.54 6.3
811.50 2.0
812.68 2.0
813.93 7.6
818.72 1.4
827.42 29.8
828.65 11.0
829.56 31.8
830.85 5.3
831.80 1.9
845.63 14.9
846.47 13.4
848.60 3.3
