870.54167 2
125.94 2.8
128.12 25.9
131.24 2.1
133.23 10.2
135.35 2.8
137.31 18.0
138.16 3.8
139.25 2.8
140.45 4.5
141.22 8.1
142.14 1.3
143.27 1.2
144.04 2.2
145.12 8.9
147.20 14.1
149.18 2.1
150.30 3.4
151.24 7.6
152.40 6.1
153.16 11.6
155.22 15.7
156.68 5.6
157.35 7.8
158.17 5.4
161.10 15.0
162.09 3.7
163.19 11.2
164.05 3.8
165.28 11.1
166.51 8.8
167.26 7.8
169.21 13.5
171.20 31.8
172.32 5.3
173.38 8.8
174.11 3.0
175.24 26.1
177.19 7.1
179.07 31.1
181.23 22.3
182.51 4.1
183.16 3.6
184.14 1.8
185.30 10.8
186.40 2.6
187.43 4.9
188.20 10.4
189.37 7.0
191.20 25.6
192.09 7.1
193.12 21.3
194.18 17.9
195.14 41.2
196.18 5.2
197.23 56.4
199.12 62.2
200.21 6.8
201.20 10.5
203.02 4.8
203.68 1.9
204.29 1.5
205.19 9.5
206.22 15.5
207.17 28.5
208.48 7.8
209.21 40.3
210.22 5.6
211.16 27.4
211.90 2.8
213.09 13.1
215.10 4.0
216.11 1.4
217.09 15.2
219.14 11.2
220.37 2.5
221.21 10.8
223.28 16.9
225.19 169.2
226.39 22.3
227.22 12.2
228.27 8.6
229.19 12.3
230.23 6.3
231.35 18.5
232.20 9.2
233.56 39.8
234.22 35.8
235.51 15.7
236.32 63.9
237.35 30.8
238.26 3.4
239.18 45.4
240.55 6.8
241.30 19.1
242.24 1.2
243.15 4.3
244.43 10.6
245.38 10.2
246.24 10.4
248.14 5.6
249.21 30.9
250.22 2.8
251.15 13.8
252.15 3.8
253.24 20.7
254.27 3.6
255.28 36.2
256.24 5.2
257.20 7.8
258.32 1.9
259.36 3.7
261.06 10.2
262.13 6.1
263.21 28.1
263.91 2.3
265.27 12.5
266.18 5.0
267.24 15.1
268.24 5.0
269.23 11.9
271.25 7.9
272.13 43.7
273.17 17.3
274.28 22.3
275.28 9.8
276.59 17.5
277.37 26.4
278.82 57.0
279.71 22.9
281.18 67.1
282.22 36.0
283.20 17.4
283.82 8.6
285.14 4.9
286.95 6.9
288.32 2.8
289.31 16.5
290.34 34.1
291.30 20.5
292.17 2.9
293.19 36.1
294.46 23.8
295.33 39.7
296.26 1.3
297.21 28.0
298.29 13.8
299.35 30.0
300.89 461.0
301.67 51.8
302.28 7.4
303.17 28.6
304.24 14.8
305.20 17.6
306.21 16.2
307.19 34.8
308.26 22.2
309.25 12.3
310.00 17.0
311.22 17.8
312.33 4.5
313.13 11.1
314.21 1.2
315.06 4.6
316.30 4.6
317.28 23.8
319.24 32.4
320.26 11.5
321.24 117.6
322.28 42.5
323.28 35.8
324.14 6.3
325.19 14.2
326.43 12.2
327.45 5.4
328.28 3.1
329.25 12.0
330.28 12.5
331.24 7.4
333.21 1348.0
334.30 239.1
335.23 56.1
336.22 59.3
337.28 46.3
338.25 36.2
339.21 29.1
341.21 71.6
342.20 34.9
343.28 12.7
344.46 12.2
345.21 17.8
346.14 6.2
347.22 45.2
348.47 23.7
349.28 87.2
350.30 28.2
351.22 40.5
352.11 2.3
353.21 31.2
354.42 22.7
355.39 28.2
356.46 16.1
357.36 13.8
358.42 6.6
359.23 12.8
360.23 5.4
361.30 74.2
362.32 20.9
363.31 27.3
364.17 6.4
365.21 18.3
365.94 4.4
368.01 898.1
368.78 95.0
369.88 5.5
371.23 57.1
372.32 8.0
373.23 43.6
374.13 14.5
375.24 104.5
376.38 27.6
377.23 130.3
378.16 31.8
379.23 75.7
380.22 20.2
381.28 40.7
382.28 5.2
383.39 1.9
385.39 50.1
386.34 2.6
387.34 13.5
389.20 74.8
390.29 27.1
391.28 194.3
392.19 47.5
393.12 63.1
394.13 26.1
395.35 3.6
397.02 9.1
399.19 132.5
400.35 41.2
401.27 29.9
402.45 6.0
403.18 6.6
405.29 190.5
406.23 44.0
407.29 34.4
408.39 24.8
409.26 3.9
411.31 3.3
412.01 1.7
413.85 4.3
415.38 8.5
417.30 1693.0
418.28 927.1
419.24 37.3
420.24 16.1
421.30 2.0
425.11 3.3
426.84 731.7
427.84 9.7
429.45 5.5
434.57 1.2
435.99 1.9
454.46 3.6
455.29 3.4
458.74 2.0
468.03 2.3
468.75 3.7
470.33 1.3
472.37 185.9
473.39 3.6
474.42 3.9
475.29 1.8
486.36 12.2
526.20 3.8
534.10 1.5
555.41 1.3
557.29 1.3
563.62 4.7
567.52 2.4
570.42 2.0
571.52 120.1
572.34 5.4
579.70 2.6
581.38 30.2
582.41 5.3
599.96 5.0
605.25 2.3
616.96 3.8
618.42 1.2
620.31 8.1
628.55 5.7
654.44 9.2
664.33 5.1
672.51 672.5
673.50 33.4
678.54 3.6
696.81 2.8
699.51 4.0
700.62 3.5
707.65 2.1
710.91 3.7
714.57 3.1
724.87 5.3
725.55 105.7
726.42 6.4
743.46 3762.5
744.43 262.2
745.04 7.7
751.18 4.3
752.47 3.7
753.36 14.4
771.60 46.6
