1323.6751 2
186.31 6.3
195.31 8.9
197.23 33.6
198.20 4.5
200.09 1.1
201.01 5.6
206.34 2.7
212.21 4.5
213.27 1.8
215.18 2.4
216.15 1.4
222.07 3.6
222.91 9.6
225.14 9.0
226.10 1.7
228.25 2.6
231.15 3.8
234.20 3.8
235.26 4.2
237.37 2.0
240.13 1.1
241.37 2.7
242.32 76.4
243.31 10.4
244.18 2.5
249.08 11.9
254.41 4.8
258.18 12.7
259.10 1.2
260.04 2.2
264.32 2.7
269.00 1.3
270.33 3.6
271.15 2.3
276.17 5.4
277.17 17.2
281.07 1.8
282.26 3.5
285.19 4.0
286.25 30.5
287.19 12.1
288.29 55.8
289.46 7.1
293.00 10.9
294.39 3.4
295.21 2.7
296.35 1.4
298.05 1.8
304.27 34.6
305.38 6.0
306.37 1.9
307.52 7.7
312.11 3.2
317.68 2.0
318.38 3.2
319.07 3.0
320.38 1.8
322.43 1.8
324.11 1.7
325.24 4.0
327.19 1.4
336.51 7.6
339.20 2.1
341.53 2.2
342.42 5.2
344.54 8.8
345.33 1.5
349.15 2.9
352.77 7.2
353.56 3.5
354.80 8.3
363.04 4.4
366.19 1.9
367.15 3.8
369.17 11.3
371.35 28.9
372.42 5.9
382.14 7.9
383.37 5.8
385.44 33.4
386.43 4.5
387.21 25.7
389.29 91.8
390.41 31.8
397.40 3.1
399.40 4.4
400.18 1.6
402.38 93.4
403.40 4.3
404.24 21.6
405.37 6.2
406.32 9.6
409.26 6.7
410.17 5.6
415.25 8.3
417.51 4.4
421.30 2.3
423.55 9.0
427.24 7.7
431.44 3.4
433.20 101.7
434.30 30.3
435.43 3.0
436.32 3.3
437.38 2.5
439.42 2.0
441.27 6.8
447.38 1.9
449.08 1.7
450.54 9.8
451.22 1.4
452.22 4.0
453.09 1.7
456.36 1.0
458.84 8.3
460.40 2.2
462.96 5.2
464.12 1.9
465.26 1.6
467.33 15.7
469.12 8.0
470.08 2.9
471.12 2.7
472.28 4.7
473.32 6.0
475.17 4.4
478.24 2.7
481.49 1.4
483.68 20.9
485.02 6.6
486.49 2.7
487.35 2.8
488.27 1.4
488.90 3.5
490.25 11.0
491.54 2.6
492.19 11.2
493.49 8.0
494.27 4.0
495.87 2.9
497.39 11.3
498.82 88.2
500.34 49.2
501.25 17.4
501.92 5.3
502.53 4.5
503.40 2.6
507.23 14.0
508.01 3.6
510.25 14.8
512.37 12.1
513.32 20.7
513.93 1.7
514.59 1.3
515.33 5.8
516.39 41.4
517.71 25.8
518.62 43.1
519.37 13.4
521.24 2.6
522.41 3.1
523.79 31.6
524.50 7.7
525.32 14.0
526.19 11.3
528.36 2.7
530.40 185.0
531.40 31.2
532.48 18.0
533.43 7.4
534.35 6.2
535.33 26.9
542.07 51.1
543.21 5.4
544.02 8.9
545.13 4.1
546.14 2.8
547.50 19.1
548.59 4.2
552.84 5.0
555.07 2.2
561.02 3.0
562.41 14.1
565.52 1.6
566.61 6.8
567.51 2.0
570.45 6.5
572.33 1.8
573.87 109.0
574.50 61.4
575.51 8.5
576.38 3.6
577.10 3.9
578.83 25.3
579.44 15.0
580.43 12.9
581.58 4.1
583.41 12.1
584.76 10.6
585.91 8.6
587.61 20.1
588.54 15.6
590.31 2.6
591.46 1.1
593.49 3.6
595.43 5.2
596.13 3.6
597.26 76.8
597.98 6.3
599.72 14.1
601.38 60.6
602.35 14.3
603.35 26.6
604.06 5.8
604.91 1.2
606.08 445.6
607.44 22.3
608.68 4.6
610.66 107.0
611.45 26.8
612.40 5.7
613.11 55.3
613.72 1.4
614.69 4.6
615.31 3.8
616.71 2.8
617.45 9.7
618.43 17.2
621.51 58.2
622.19 61.7
623.68 36.5
624.49 5.6
625.50 9.7
626.51 14.2
627.68 14.9
628.42 7.7
629.47 49.4
630.56 1529.4
631.59 19.2
632.50 13.2
633.83 5.7
636.23 17.2
637.20 14.9
638.12 17.0
638.77 1.0
639.91 9.4
641.00 21.0
641.66 52.1
642.48 34.8
644.28 105.6
645.18 94.6
646.40 7.8
647.15 16.0
650.75 6.0
653.02 78.1
653.74 61.5
673.22 7.4
675.12 1.3
678.53 1.4
681.48 2.0
682.38 7.7
683.35 2.7
684.70 2.7
686.21 3.2
692.28 2.2
694.36 4.4
695.27 2.9
696.54 1.9
702.59 9.3
703.54 1.2
706.63 1.5
708.01 1.4
709.42 11.1
712.12 4.4
713.45 2.5
716.47 13.8
717.46 5.9
720.08 5.5
721.27 1.2
723.37 18.2
724.57 6.3
725.46 14.3
726.45 5.7
729.47 5.3
730.43 29.3
731.76 5.6
734.61 5.5
735.62 2.1
736.49 3.6
739.37 3.4
742.43 184.5
743.43 51.7
744.61 2.0
748.34 1.6
755.31 4.4
756.25 2.1
760.23 24.6
771.73 3.4
772.75 5.1
773.52 5.8
774.89 10.1
776.52 28.4
777.91 8.8
780.38 9.0
784.20 5.0
788.66 7.5
789.45 8.3
791.62 6.1
792.29 3.9
793.23 1.6
793.84 4.9
794.49 45.1
795.51 20.2
796.24 1.6
798.41 14.9
800.32 1.1
803.58 1.0
806.40 299.8
807.54 109.6
808.17 1.0
808.84 4.3
809.51 3.1
810.60 3.0
811.56 3.3
817.21 1.8
819.01 1.0
820.86 6.8
821.52 3.2
824.57 2.5
826.75 2.9
827.66 3.7
831.61 8.3
834.19 1.2
839.29 4.6
840.56 4.0
841.42 11.7
842.34 1.6
849.20 12.0
851.59 1.9
853.40 20.6
854.71 14.7
858.78 9.8
859.55 1.2
863.26 2.3
866.54 3.8
867.50 5.3
871.43 111.7
872.56 29.7
873.27 3.3
874.42 8.6
875.33 1.0
877.11 4.5
886.43 11.6
888.53 2.4
889.72 1.9
890.32 1.4
891.82 7.0
893.42 2.1
899.39 4.2
901.72 10.5
902.34 1.6
903.28 6.7
904.62 3.4
905.42 12.4
906.50 7.4
907.53 2.4
908.54 11.3
909.46 6.9
911.95 1.3
914.07 5.7
917.59 51.4
918.55 14.6
919.58 10.0
920.34 3.2
922.38 5.9
923.57 19.5
924.43 2.5
926.56 1.6
930.26 2.5
932.56 1.4
935.50 222.5
936.52 74.5
937.30 2.2
938.50 1.2
939.40 2.4
940.90 4.0
943.87 7.1
946.53 5.3
950.51 2.2
952.67 9.0
955.29 4.0
960.57 6.9
961.44 6.0
962.56 3.2
964.55 1.1
967.39 1.5
972.58 16.2
973.67 10.7
977.88 2.8
980.80 2.4
982.83 1.2
983.77 2.0
985.10 12.2
986.56 5.9
988.81 1.2
992.45 8.5
995.30 14.8
996.59 20.6
1000.65 9.3
1001.57 30.8
1002.75 16.6
1004.60 6.4
1006.17 8.4
1013.93 4.6
1016.81 2.9
1018.54 548.6
1019.57 234.6
1020.53 1.7
1022.34 9.2
1026.55 1.2
1029.42 2.5
1032.67 1.7
1034.24 5.0
1036.38 28.6
1037.44 8.2
1040.82 2.2
1041.48 4.8
1044.45 1.9
1046.74 16.7
1047.78 1.9
1052.57 41.6
1054.51 1.2
1064.41 14.3
1065.57 29.8
1066.45 11.6
1068.87 6.3
1070.54 4.0
1071.47 2.4
1072.44 3.2
1078.24 3.9
1082.50 836.0
1083.60 403.0
1084.51 4.0
1085.77 28.4
1089.29 11.3
1090.69 3.9
1092.64 6.4
1096.60 9.8
1103.65 2.8
1113.63 1.6
1114.64 2.8
1121.09 3.3
1123.57 33.9
1124.86 4.3
1125.78 3.2
1127.60 2.0
1128.51 9.5
1129.76 6.9
1132.62 4.0
1133.67 7.4
1146.72 7.2
1147.72 5.9
1148.74 2.0
1149.52 42.9
1150.50 24.7
1151.15 5.8
1156.68 2.5
1158.25 5.6
1166.62 1.4
1167.69 5.3
1168.78 2.3
1176.89 12.2
1177.82 6.2
1179.40 2.0
1185.55 15.7
1187.95 2.6
1191.87 5.5
1193.66 5.8
1203.81 2.1
1204.64 2.5
1210.53 7.0
1211.53 1.2
1221.80 1.5
1229.41 2.0
