842.51195 2
121.26 10.6
123.16 28.4
124.33 6.8
127.10 16.9
128.13 206.3
129.36 7.3
130.24 6.0
131.21 10.9
132.33 17.3
133.12 40.6
134.08 2.1
135.11 6.9
136.18 46.5
137.28 11.1
138.18 4.7
139.20 5.4
140.24 2.9
141.28 9.5
142.12 8.7
143.17 110.7
144.43 16.1
145.21 8.0
147.19 18.4
148.17 8.4
149.35 15.5
150.23 11.2
151.11 25.4
152.73 19.1
153.44 8.6
155.30 20.6
156.33 24.5
157.28 34.0
158.33 6.7
159.17 9.4
160.24 72.9
161.39 39.7
162.18 58.7
163.24 26.6
164.21 52.3
165.19 27.4
166.15 15.0
167.23 30.7
168.29 19.3
169.26 14.7
171.13 290.3
172.34 13.6
173.16 113.6
174.15 4.2
175.27 47.4
176.11 20.3
177.10 27.0
178.10 10.0
179.32 41.4
180.40 18.7
181.17 22.0
182.25 8.5
183.23 38.4
184.21 18.5
185.44 10.1
187.29 16.4
189.10 49.1
190.39 4.0
191.25 16.8
192.53 6.1
193.17 18.3
194.33 7.0
195.11 35.8
196.04 23.6
197.14 24.6
198.27 23.4
199.24 33.0
200.43 34.1
201.30 103.2
202.01 2.3
203.41 20.7
204.28 14.7
205.23 29.6
207.21 28.9
208.14 2.8
209.18 47.2
210.28 26.4
211.10 13.6
212.16 8.7
213.23 37.4
215.25 27.3
216.09 27.2
217.31 62.8
218.15 5.9
219.21 20.7
220.26 19.6
221.13 19.9
222.33 12.0
223.76 25.0
224.55 19.9
225.31 51.6
226.22 8.5
227.29 72.7
228.11 16.6
229.21 9.6
230.29 5.8
231.23 28.5
232.28 7.4
233.25 6.9
235.21 41.8
236.37 27.5
237.22 43.9
238.40 22.2
239.24 78.4
240.16 38.4
241.22 36.4
242.18 31.5
243.15 47.1
244.26 19.1
245.34 12.9
246.28 6.0
249.26 49.0
250.43 29.7
251.27 52.2
252.26 57.3
253.36 72.3
254.28 94.1
255.37 38.2
256.30 22.6
257.32 6.8
258.50 10.5
259.21 77.5
260.25 73.0
261.19 360.3
262.26 29.1
263.02 36.1
264.35 30.0
265.20 39.0
266.21 19.1
267.23 22.8
268.57 8.3
269.28 15.3
270.55 45.3
272.21 655.6
273.27 34.2
274.17 23.0
275.25 46.7
276.28 10.8
277.26 61.1
278.24 32.1
279.13 50.6
280.29 31.4
281.25 28.4
282.17 32.7
283.23 39.5
284.33 33.7
285.16 17.8
286.34 15.6
287.21 61.5
288.13 6.7
288.76 2.1
290.00 32.4
291.27 49.6
292.23 22.5
293.18 39.2
294.17 35.9
295.24 31.6
296.05 21.6
297.39 80.9
298.32 2.4
299.18 5.7
300.30 46.8
301.30 53.2
302.30 59.2
303.24 32.8
304.28 42.7
305.59 25.4
306.30 90.1
307.17 344.9
308.22 97.8
309.37 72.5
310.30 44.4
311.35 27.9
312.21 15.4
313.14 39.7
314.22 7.0
315.37 21.3
316.36 17.7
317.17 17.6
318.44 47.7
319.21 35.8
320.21 4.9
321.44 70.0
322.28 53.8
323.24 79.4
324.28 73.2
325.36 95.3
326.71 59.6
327.77 1022.1
328.39 103.3
329.29 73.1
330.13 38.4
331.45 37.6
332.35 35.1
333.28 152.8
334.37 84.4
335.21 50.1
336.64 520.1
337.40 83.9
338.29 45.9
339.33 50.4
340.22 93.5
341.42 51.6
342.44 75.0
343.31 101.6
345.89 11.4
347.20 82.9
348.35 23.8
349.28 21.0
350.15 24.0
351.27 30.1
353.11 583.9
354.21 15.5
355.17 2.7
356.33 18.0
357.23 14.3
358.12 67.1
359.14 66.5
360.13 52.2
361.26 66.8
362.28 87.1
363.23 110.3
364.31 128.0
365.16 104.4
366.17 55.4
367.18 14.7
368.15 6.8
369.21 4.6
371.22 309.6
372.31 18.5
373.03 28.3
375.31 111.2
376.26 84.7
377.26 115.2
378.38 114.0
379.30 57.9
380.12 29.2
385.34 505.6
386.41 159.7
387.39 42.5
388.38 66.7
389.42 29.1
390.58 19.0
391.38 118.5
392.43 43.1
393.38 48.6
394.21 81.9
395.61 11.6
399.86 4.6
401.32 16.3
403.31 954.8
404.29 915.1
405.18 172.4
406.33 36.1
407.32 8.7
412.82 17627.8
413.96 54.3
414.93 12.7
416.75 6.1
417.80 6.7
419.04 2.0
419.74 2.7
420.39 5.3
436.35 5.7
440.16 118.8
441.45 11.3
443.29 19.5
454.37 27.8
458.28 100.1
472.33 1959.0
473.45 67.4
500.38 5.1
502.92 7.6
525.41 12.7
528.76 18.9
535.44 26.7
541.11 3.0
543.14 10.9
553.35 144.1
554.52 15.9
565.13 2.8
571.42 656.6
572.28 42.1
580.41 3.2
611.60 6.8
650.50 17.0
654.43 20.0
664.44 5.3
668.43 5.7
672.51 1563.9
673.58 103.9
701.58 9.3
707.91 5.2
708.66 3.8
725.57 23.0
726.30 4.4
730.14 3.5
743.47 48.6
744.58 9.0
