2062.87554 2
288.36 1.8
301.06 5.7
301.97 2.5
303.01 5.8
319.13 5.1
321.22 2.2
322.94 2.1
336.36 4.5
339.32 1.2
341.13 1.6
342.26 1.3
344.41 2.3
345.13 2.9
351.38 5.0
352.52 1.4
353.25 6.5
355.25 4.8
355.95 1.1
357.02 2.8
362.31 6.1
364.25 1.5
365.24 2.7
370.21 1.3
372.20 22.6
373.35 9.3
373.96 4.1
375.41 1.6
381.34 1.4
382.31 5.9
383.08 1.0
385.46 5.2
388.15 2.3
390.34 19.6
392.16 2.2
392.77 1.8
395.27 2.6
400.09 1.9
404.39 1.1
408.13 1.6
409.09 2.2
410.25 1.8
411.14 1.6
413.23 4.7
414.59 7.4
415.63 1.7
419.34 1.7
423.08 2.1
426.24 1.2
428.29 2.7
429.16 6.1
430.33 15.3
430.99 1.1
432.32 1.9
433.73 3.6
443.37 27.0
445.41 7.4
446.20 3.4
447.26 156.1
448.30 27.3
449.27 2.3
454.06 3.0
455.31 5.6
457.35 1.4
461.26 30.3
462.11 4.2
469.39 1.3
470.37 3.4
471.08 8.4
472.02 1.9
475.78 1.4
478.29 3.7
479.54 1.3
481.49 1.7
482.15 6.0
483.35 9.6
484.35 3.1
491.41 1.0
497.08 9.1
499.23 2.6
500.27 9.9
501.42 4.7
502.73 3.1
503.55 2.0
506.10 2.8
507.15 3.9
510.63 2.0
511.61 3.5
512.50 5.6
518.42 1.0
520.94 1.6
524.34 4.3
527.29 4.0
529.58 2.3
530.30 3.2
538.44 3.2
539.31 5.8
541.37 2.9
542.17 29.6
543.20 6.7
545.65 2.8
555.08 2.4
557.15 6.9
560.13 1.7
566.23 1.7
568.27 2.6
569.47 2.6
572.33 3.7
574.30 1.4
576.61 3.0
579.24 3.7
581.39 4.0
582.33 6.3
583.20 13.4
584.29 6.5
586.11 4.3
589.36 1.7
592.43 4.2
595.07 4.1
601.36 13.1
602.29 4.7
603.33 3.1
604.33 4.5
612.39 3.6
613.15 7.9
614.41 1.5
615.39 4.3
616.35 9.4
617.30 4.5
619.04 3.5
621.32 1.9
622.28 1.8
626.41 3.1
628.71 5.9
629.44 5.8
630.38 1.5
633.42 98.1
634.49 23.3
637.39 7.7
638.55 4.5
641.44 4.7
642.44 6.7
643.52 4.0
647.10 2.3
648.41 1.1
649.15 1.4
653.24 4.4
655.65 19.0
657.89 7.5
659.26 6.6
660.55 2.1
662.58 3.0
666.60 2.2
667.74 10.2
668.54 1.8
669.52 3.2
670.28 4.7
672.31 11.5
673.41 14.5
674.46 6.2
682.41 5.1
684.02 5.2
686.47 1.1
687.24 1.9
690.43 348.6
691.38 99.1
694.10 5.6
695.60 2.4
697.32 3.4
699.30 4.9
700.17 2.5
702.01 4.3
703.60 3.7
704.36 7.2
705.04 3.0
707.77 2.1
708.54 1.5
709.53 5.0
712.44 33.2
713.42 2.2
714.56 5.7
716.92 2.4
717.87 3.2
720.47 4.6
722.28 1.2
723.18 7.2
724.47 7.5
730.38 22.4
731.37 7.5
732.49 1.7
734.46 1.5
736.48 5.7
738.31 1.6
740.25 7.1
741.47 4.9
742.68 1.9
743.47 8.4
744.30 2.0
745.54 1.2
748.31 20.4
749.13 9.4
750.08 1.6
751.19 4.8
753.22 1.5
754.13 2.8
755.31 5.5
756.30 1.2
759.41 39.1
760.48 25.5
761.42 7.4
762.08 3.4
767.43 1.9
771.20 2.4
772.30 7.3
775.11 5.6
777.44 672.9
778.53 210.2
779.48 16.1
780.47 5.2
781.55 9.7
783.57 3.3
784.51 6.5
788.00 12.0
788.62 6.1
789.51 2.6
790.39 5.7
792.85 6.6
793.59 2.3
796.23 4.2
798.32 1.5
800.17 2.1
803.24 12.5
805.96 3.5
809.32 1.3
810.28 3.7
811.94 2.2
813.36 2.6
818.29 2.1
819.39 12.2
821.63 7.2
822.38 2.4
824.04 7.4
825.64 3.8
826.52 1.9
828.23 10.7
829.56 20.7
830.21 2.6
832.37 7.9
835.15 7.3
836.60 2.1
837.50 7.1
839.19 6.3
840.53 5.9
841.17 2.7
842.87 1.9
843.71 4.7
849.57 8.0
851.69 7.1
852.32 3.4
853.64 1.7
855.16 18.8
856.66 12.8
858.05 6.3
858.74 1.2
862.39 2.4
863.86 8.0
864.50 12.9
865.46 9.9
867.29 1.5
869.48 3.4
872.29 11.1
873.40 19.3
874.50 6.7
875.21 1.4
876.50 3.8
877.55 2.6
878.29 3.5
879.45 3.3
880.67 11.0
882.44 12.0
883.34 4.2
884.35 3.4
886.43 10.0
887.37 3.6
890.44 206.7
891.44 62.9
892.64 8.5
893.66 2.9
894.63 2.7
896.21 1.9
897.28 12.0
898.36 14.4
899.76 22.3
900.39 15.2
901.07 17.1
901.78 1.4
905.44 1.5
906.33 3.1
907.07 9.0
908.04 21.0
908.82 7.1
909.53 5.1
910.40 5.9
912.10 7.9
913.53 13.3
914.16 3.0
915.54 13.3
917.73 23.0
918.50 6.4
919.54 5.0
925.29 9.0
926.50 10.9
928.55 11.9
930.27 9.6
932.10 19.8
933.26 9.3
934.47 5.3
941.49 4.5
942.53 8.1
943.52 9.0
944.95 3.7
945.88 4.9
946.90 1.9
949.76 12.4
950.40 7.6
952.34 8.8
953.53 7.0
955.88 20.4
956.78 12.0
957.82 16.0
958.72 20.6
959.66 19.3
960.36 10.4
961.27 4.1
962.71 18.5
964.05 7.3
965.47 14.5
966.68 11.2
968.18 36.8
969.08 12.4
970.05 21.2
971.92 11.6
972.73 2.2
973.59 16.2
977.63 5.3
978.94 5.6
979.72 16.7
980.37 12.1
981.48 2.1
982.45 4.4
983.78 16.1
984.63 5.3
985.49 13.2
986.35 6.8
987.40 6.1
988.11 4.3
988.96 9.2
990.32 17.7
991.94 21.9
992.68 20.5
993.29 18.3
994.74 2.4
995.42 8.8
996.54 12.7
997.41 39.9
998.59 12.5
999.61 21.9
1000.89 27.0
1001.77 26.0
1002.59 10.9
1003.65 76.4
1004.78 36.9
1005.84 56.2
1006.47 4.2
1007.59 4.6
1008.87 16.8
1009.57 5.4
1010.44 36.7
1011.09 41.4
1012.52 3.6
1013.69 48.7
1014.31 324.7
1015.19 117.3
1016.02 4.0
1016.84 16.8
1020.13 22.8
1021.28 12.9
1033.02 3.2
1033.83 1.2
1039.08 1.3
1041.44 1.2
1042.55 3.7
1043.16 2.1
1044.14 1.3
1046.41 1.1
1047.46 1.7
1048.60 2.7
1050.62 11.3
1051.54 2.9
1055.77 5.4
1057.32 7.5
1060.05 3.5
1064.42 4.1
1065.38 2.1
1068.55 3.1
1072.75 3.5
1073.39 1.1
1074.96 9.9
1078.72 2.8
1079.47 1.7
1082.57 10.5
1083.23 2.6
1084.42 7.3
1086.11 2.0
1086.80 1.2
1092.47 19.6
1093.62 15.8
1094.70 1.9
1095.60 1.1
1097.52 1.7
1099.53 7.2
1105.57 2.6
1106.19 4.5
1108.56 6.9
1110.54 13.1
1111.37 5.0
1120.00 6.4
1120.62 3.9
1125.56 3.1
1126.45 16.0
1127.71 5.7
1128.63 9.0
1129.85 5.5
1130.45 3.0
1137.43 8.7
1138.41 9.2
1139.44 9.2
1140.78 3.6
1143.42 6.8
1145.97 2.4
1147.62 2.3
1149.53 1.3
1153.35 3.7
1155.43 65.2
1156.55 39.7
1159.19 5.7
1161.03 5.2
1161.74 6.5
1163.63 49.4
1164.73 30.0
1165.80 9.7
1166.71 6.3
1171.72 3.6
1173.39 39.1
1174.38 27.3
1175.48 1.9
1177.15 2.6
1178.10 1.3
1181.44 1.1
1183.05 3.8
1183.79 2.3
1187.45 6.8
1193.46 3.4
1195.18 1.8
1196.68 12.0
1197.57 1.1
1204.16 8.1
1207.36 4.1
1208.30 2.0
1215.14 8.0
1222.46 2.2
1223.16 8.6
1224.61 23.7
1225.70 4.0
1227.27 11.1
1231.52 9.8
1233.22 8.3
1234.71 2.1
1236.92 6.5
1237.60 1.9
1238.66 2.1
1240.87 12.8
1241.75 7.4
1242.64 7.3
1243.29 3.8
1243.91 2.1
1250.45 48.5
1251.45 17.6
1252.63 8.1
1253.64 1.8
1256.96 3.9
1259.87 6.8
1260.55 6.5
1264.65 1.8
1266.77 15.8
1267.99 32.3
1268.60 174.9
1269.43 105.7
1270.43 29.7
1276.36 7.3
1277.24 7.0
1277.90 7.5
1280.94 9.1
1282.62 6.5
1284.55 1.7
1285.25 2.1
1286.38 115.8
1287.53 65.8
1288.21 2.4
1288.93 3.1
1292.66 38.3
1293.98 7.0
1298.32 21.5
1299.74 5.8
1302.14 1.7
1303.65 7.9
1306.59 2.2
1311.09 5.1
1311.86 4.8
1315.68 108.4
1316.73 47.7
1317.88 11.5
1319.42 2.8
1320.67 8.4
1324.27 5.7
1325.27 1.9
1329.33 4.3
1331.20 3.9
1333.26 4.1
1334.12 22.2
1335.00 6.2
1336.10 2.4
1337.13 7.5
1337.96 8.0
1338.73 14.2
1339.73 2.1
1340.62 2.3
1345.65 11.9
1346.49 12.5
1355.52 74.2
1356.44 46.8
1357.26 1.5
1357.87 8.5
1358.64 4.4
1361.75 5.8
1362.81 2.8
1364.49 3.9
1368.60 3.5
1369.67 3.2
1373.56 64.2
1374.54 43.9
1375.22 3.3
1376.22 12.4
1377.63 6.0
1380.52 2.9
1382.25 4.4
1383.56 2.4
1384.29 1.7
1386.51 5.6
1388.61 5.2
1390.19 7.3
1393.94 15.1
1394.69 4.7
1395.71 6.9
1405.78 2.1
1409.36 5.5
1410.78 3.1
1412.57 31.8
1413.50 18.4
1414.81 4.9
1425.51 4.3
1426.67 12.8
1427.61 15.5
1428.47 3.1
1430.50 28.7
1431.42 19.8
1432.48 12.6
1433.70 82.1
1434.82 12.9
1438.84 3.0
1442.42 1.5
1444.75 40.5
1445.86 38.1
1446.84 12.8
1449.94 5.9
1450.77 50.4
1451.76 23.6
1452.75 3.7
1458.51 12.5
1461.99 5.7
1465.91 5.3
1477.56 1.3
1481.12 2.4
1482.33 6.8
1483.03 3.9
1484.98 4.0
1490.56 1.7
1492.65 5.3
1504.06 12.0
1505.78 7.6
1514.86 4.6
1521.84 25.4
1522.96 28.8
1523.93 7.8
1525.59 3.6
1527.66 7.6
1529.23 2.4
1529.96 4.5
1530.75 1.3
1540.85 2.3
1545.70 36.6
1546.63 34.9
1558.15 2.0
1570.73 3.4
1576.49 12.7
1580.63 13.6
1581.34 12.1
1582.55 4.9
1584.64 59.9
1585.84 19.4
1586.85 33.4
1588.78 6.6
1589.85 6.8
1593.03 3.4
1594.05 3.7
1595.02 1.4
1598.61 77.8
1599.71 45.3
1601.19 9.9
1602.83 110.4
1603.83 71.2
1604.78 11.1
1605.47 1.4
1616.67 71.5
1617.62 43.9
1618.73 17.3
1623.58 1.0
1627.89 1.9
1638.84 5.3
1643.85 7.3
1656.05 42.1
1657.00 31.3
1657.96 3.4
1664.08 3.2
1666.11 1.1
1668.48 5.4
1673.67 37.4
1674.29 12.2
1674.93 33.7
1675.88 17.8
1677.64 3.9
1690.75 4.2
1692.73 4.1
1696.94 4.2
1710.69 5.0
1714.51 1.1
1727.06 4.1
1734.56 3.0
1744.82 3.6
1745.75 3.2
1752.75 5.7
1770.06 4.2
1771.03 1.7
1787.53 24.8
1788.28 4.8
1789.03 9.4
1811.71 2.8
1815.69 5.2
1817.34 1.7
1818.46 1.6
1834.72 2.4
1837.56 9.3
1847.06 1.5
1849.52 2.2
1853.05 3.1
1853.97 17.2
1854.96 11.6
1856.12 3.6
1870.31 13.3
1871.53 4.9
1872.94 2.1
1888.43 6.5
1889.35 12.9
1890.15 9.7
1890.76 8.3
1989.39 7.7
