948.50438 2
136.38 1.1
137.22 1.3
141.22 7.2
145.04 1.3
147.20 2.3
147.88 2.0
151.16 2.3
157.00 3.7
158.11 1.2
159.33 1.2
160.30 6.3
161.31 2.1
162.16 2.5
163.31 3.3
165.08 1.4
166.09 1.1
167.18 2.2
168.32 1.7
169.06 6.4
170.34 4.5
171.10 3.2
175.25 3.3
178.07 63.7
179.22 9.6
181.04 8.9
183.12 15.8
184.00 3.2
185.22 5.3
187.70 2.8
191.08 5.0
194.40 1.5
196.04 3.4
197.14 6.9
198.06 6.4
200.06 1.8
200.97 6.1
202.03 2.4
203.21 3.2
204.22 5.3
205.09 5.0
206.33 1.4
209.23 17.7
210.23 9.5
211.22 33.7
212.16 8.7
213.26 7.9
214.21 3.5
215.14 1.8
217.27 4.5
218.36 3.2
219.29 10.4
220.15 2.6
221.32 1.9
223.33 8.6
225.20 9.4
226.09 6.5
227.08 7.4
228.22 1.6
229.08 13.2
230.03 3.6
231.29 1.9
232.11 3.2
233.19 4.8
234.12 3.4
235.33 13.8
237.04 4.8
240.44 4.0
241.18 1.3
242.68 4.6
243.39 3.9
244.98 3.3
246.15 5.2
247.55 7.7
248.94 9.7
250.23 2.7
251.36 5.2
253.53 2.9
256.16 2.9
257.26 1.4
258.12 8.8
259.12 3.3
260.21 9.5
261.25 6.2
262.08 5.4
263.73 11.8
264.34 12.0
267.20 4.0
268.36 4.9
269.35 6.6
270.19 2.9
271.03 3.2
272.18 1.2
274.07 11.4
275.18 1.3
276.23 7.6
280.02 4.7
281.11 2.9
282.38 17.9
283.39 2.7
286.25 5.8
288.34 30.4
289.22 11.4
290.09 20.6
293.88 7.7
295.09 1.3
296.33 2.9
298.12 1.5
299.88 17.4
301.37 1.6
302.76 3.4
305.20 4.6
306.10 3.4
307.31 2.0
308.95 1.8
310.23 10.3
311.32 10.2
312.21 2.2
314.12 4.7
315.40 7.7
317.28 8.0
318.16 11.7
321.40 3.9
322.25 8.5
323.13 4.5
324.27 4.3
325.16 7.2
326.32 4.5
327.05 3.4
330.15 3.0
331.65 8.6
332.26 11.6
333.39 3.3
334.70 2.2
335.89 5.3
338.29 14.0
339.49 1.8
341.30 3.6
342.22 6.1
343.23 17.6
344.30 16.1
345.31 12.0
346.33 4.7
349.25 1.3
353.09 46.3
354.13 11.5
355.23 10.5
356.00 4.8
357.35 10.1
358.30 1.3
359.20 3.4
360.29 24.9
360.98 10.3
364.06 1.9
364.87 1.2
366.30 1.2
368.76 10.5
369.90 27.0
371.24 11.5
372.24 7.9
373.30 4.3
374.51 5.6
375.23 4.2
376.26 2.1
377.38 13.4
378.99 8.6
381.18 28.6
382.08 16.0
383.07 10.0
386.57 10.9
387.38 7.9
388.91 8.2
391.41 3.6
393.66 11.1
394.54 20.0
396.08 12.5
397.52 2.6
399.68 9.0
401.28 4.7
403.34 12.2
404.20 5.8
406.09 2.0
407.13 9.7
408.44 13.7
409.69 14.4
410.38 5.9
411.46 14.9
412.32 11.7
413.64 18.1
414.98 16.7
415.97 12.4
417.08 13.1
418.45 756.4
421.45 5.0
422.54 1.6
423.19 3.2
424.08 5.9
425.18 13.7
426.35 3.7
427.46 3.8
428.26 2.8
429.49 21.1
430.43 17.9
431.20 29.0
432.26 1.1
433.84 65.5
435.29 4.6
438.25 39.2
439.28 56.3
440.19 16.0
441.34 6.3
442.15 18.0
442.84 6.8
444.16 7.1
444.81 4.5
446.58 21.8
447.83 26.1
450.74 3.6
451.87 29.1
452.54 2.9
454.17 9.7
455.33 9.5
456.34 236.9
457.30 284.2
458.43 37.9
459.63 3.5
460.51 19.6
461.53 3.0
462.38 6.2
463.18 11.7
465.48 184.4
466.37 42.0
466.99 4.3
474.87 3.2
476.07 2.2
493.33 9.0
499.36 2.1
500.44 4.7
501.59 4.4
502.60 2.1
504.63 2.1
507.58 9.1
510.34 19.3
511.52 2.3
516.32 11.6
518.14 11.2
519.21 1.6
520.16 5.3
525.24 9.5
526.23 2.6
527.19 2.6
528.56 2.5
529.47 9.8
531.28 7.0
533.36 1.8
534.24 7.9
535.43 8.1
536.43 7.9
537.78 2.8
540.02 3.8
545.30 2.3
547.12 12.6
548.39 6.4
550.41 9.9
551.77 10.5
555.42 7.7
557.77 9.0
562.60 7.2
568.45 14.7
569.23 2.7
571.65 5.4
572.99 5.4
574.50 3.8
575.41 1.7
580.01 8.1
585.64 3.9
586.85 6.8
589.31 2.0
590.41 4.4
593.36 3.5
595.23 9.6
596.61 8.3
603.32 9.3
604.51 10.2
610.14 5.5
613.75 19.7
615.31 1.2
617.64 1.1
624.42 2.6
629.46 2.9
630.58 9.4
631.31 1.6
633.39 1.3
638.11 12.4
639.42 77.7
640.46 32.8
646.93 3.9
647.70 19.4
648.41 24.8
650.38 7.6
657.95 8.2
659.16 3.6
661.29 3.3
672.53 1.4
673.22 2.1
675.55 1.5
676.30 2.1
678.45 6.3
681.30 1.5
681.91 6.4
684.38 2.2
686.29 2.7
688.60 1.5
689.40 20.0
690.33 3.0
691.28 1.9
696.05 1.2
702.60 2.3
704.32 2.3
707.32 3.6
712.45 4.0
713.54 1.9
718.46 11.0
719.40 3.7
721.52 6.0
727.10 3.0
730.64 1.2
733.16 5.8
738.36 130.7
739.47 49.9
743.42 4.0
744.52 1.9
746.42 1.0
747.41 2.8
756.66 1.3
757.97 1.0
761.45 11.5
765.70 1.5
773.01 7.8
774.54 5.5
775.19 1.6
778.47 1.3
783.01 1.4
784.38 6.6
785.43 4.1
786.45 1.4
787.37 2.5
790.51 2.9
800.64 1.8
802.53 4.0
803.45 1.8
815.40 1.6
816.40 5.1
817.22 9.8
820.19 8.6
821.18 2.5
830.07 2.0
830.88 1.4
835.46 118.6
836.51 44.0
838.66 1.4
842.69 6.9
843.33 5.0
848.29 8.7
849.53 7.7
861.74 1.1
886.53 1.2
892.85 1.9
910.67 1.4
926.03 9.8
