1017.4962 2
148.02 5.0
150.18 1.9
151.07 3.2
152.18 1.7
154.16 1.1
157.09 7.6
158.18 4.1
160.07 4.6
163.31 5.4
165.13 2.0
166.14 2.1
171.20 11.2
172.11 3.2
175.20 14.4
177.05 7.5
178.16 84.6
179.01 20.5
180.10 24.4
182.31 1.2
183.11 1.6
185.37 1.0
187.23 2.4
192.01 2.5
193.21 7.0
195.14 16.7
197.17 3.3
198.02 2.2
201.25 1.1
205.22 1.7
210.10 17.1
211.06 3.6
212.33 6.4
214.36 2.7
215.17 2.0
217.09 15.0
218.34 7.4
219.23 1.2
221.00 15.0
223.26 2.1
225.33 8.5
227.35 3.8
228.30 1.1
230.40 3.3
231.06 2.0
231.89 3.1
233.18 3.0
234.13 11.0
236.90 24.7
238.07 4.4
239.16 18.2
240.24 2.1
243.33 6.8
244.21 4.9
246.15 1.6
247.09 3.5
248.14 9.3
249.22 8.0
251.03 1.0
252.03 10.3
253.27 3.4
254.34 1.0
255.11 4.8
256.12 2.8
257.22 1.6
258.24 1.1
261.26 4.0
262.03 5.1
265.21 31.7
266.09 11.4
267.20 2.6
268.25 4.2
270.27 2.0
271.29 1.6
272.29 1.5
273.37 1.3
274.25 2.6
275.10 11.0
276.21 3.9
277.13 4.9
278.24 11.5
281.07 4.9
283.17 19.9
284.30 3.5
285.19 5.9
286.27 1.0
287.23 10.7
288.45 1.4
291.76 3.1
293.30 4.8
294.22 4.6
294.98 2.0
295.94 2.6
297.13 9.0
298.07 8.8
299.24 1.1
300.14 9.9
301.13 2.8
302.02 2.1
305.22 2.8
309.48 10.1
310.28 5.4
314.24 12.7
316.24 8.5
317.26 9.5
318.23 2.9
320.09 8.8
323.13 9.0
324.79 7.0
326.26 7.7
327.38 29.9
328.21 1.3
329.38 5.5
330.11 11.4
331.07 3.2
332.21 4.2
333.07 4.4
334.08 11.3
335.22 5.2
335.91 8.5
338.04 1.7
340.45 3.1
341.36 3.0
342.16 2.4
343.22 5.8
344.13 7.2
345.36 3.8
346.33 7.4
347.35 9.4
348.11 4.1
349.22 15.0
350.42 9.2
352.19 11.1
353.27 4.0
354.65 3.7
356.62 3.3
357.24 1.2
357.88 3.9
359.71 8.2
361.23 28.6
363.25 4.8
364.22 31.1
364.92 24.3
365.70 7.1
367.47 3.0
368.26 2.0
369.66 1.2
370.55 13.3
371.42 7.4
372.56 2.7
373.41 18.2
374.40 10.2
375.15 1.4
376.15 9.4
377.32 11.9
378.51 34.6
379.76 189.5
380.96 4.4
382.26 1.8
383.36 5.3
384.31 1.4
385.58 5.5
387.86 82.5
388.47 244.3
390.23 9.2
392.37 5.9
393.27 19.5
394.48 18.3
395.14 58.4
396.22 7.1
396.88 3.4
398.32 2.5
400.88 59.8
401.95 11.3
403.28 23.2
404.86 12.7
406.20 37.7
407.04 13.5
407.96 8.8
410.24 9.8
411.21 9.5
412.55 22.3
413.84 5.6
415.03 146.2
416.01 6.7
416.93 5.3
418.91 2.2
421.38 5.4
422.74 7.6
423.45 14.0
424.28 9.5
427.32 4.7
428.31 5.9
429.94 487.3
430.92 54.9
432.72 8.2
433.80 16.1
435.16 3.4
436.65 16.7
437.51 2.9
438.49 6.8
440.88 46.0
442.11 7.6
443.10 32.0
443.93 2.0
445.36 7.5
447.22 28.2
448.24 25.8
449.33 17.3
450.24 24.6
451.59 95.3
452.29 54.1
453.10 12.5
454.29 1.4
455.15 1.1
456.12 16.3
457.18 28.4
458.76 30.4
460.26 7.6
461.72 16.9
462.53 4.7
463.49 23.5
464.64 25.5
465.30 17.7
465.95 1.2
467.64 40.8
469.16 20.3
470.20 36.1
470.96 39.1
472.14 24.8
473.44 32.5
474.27 41.1
475.33 3.0
476.59 43.7
477.62 7.3
478.42 14.6
479.43 402.6
480.40 40.0
482.54 38.4
483.35 19.5
484.56 1.9
485.64 136.9
486.64 23.6
487.28 30.5
488.14 6.3
489.46 7.8
491.23 574.5
492.07 499.1
493.18 9.4
494.25 276.3
494.86 83.4
495.78 4.1
497.13 10.7
498.39 1.7
500.20 673.4
500.95 1727.1
502.01 14.8
502.75 2.4
508.46 2.6
515.48 3.3
519.31 8.5
522.09 9.8
523.40 2.6
528.39 5.2
529.43 6.8
530.59 4.8
534.16 3.7
536.49 1.9
537.50 4.0
541.44 1.9
542.23 3.2
544.03 7.2
545.03 9.9
547.62 3.2
551.37 5.5
553.26 2.7
555.22 3.2
559.34 6.8
560.49 3.2
561.30 3.4
562.41 7.1
563.44 5.8
566.25 5.0
570.66 3.8
571.67 8.3
575.38 1.8
578.20 7.7
579.29 1.2
580.45 1.0
583.15 3.2
587.12 14.2
588.27 2.6
589.54 2.1
594.25 56.4
595.53 13.8
597.35 2.6
598.38 13.5
601.47 1.9
603.34 2.0
606.43 1.5
610.40 2.9
611.45 4.8
613.00 2.7
616.53 46.8
617.41 5.9
618.54 3.2
619.62 12.8
622.35 7.0
623.49 1.2
624.42 1.3
629.45 6.0
630.61 3.3
632.94 22.9
634.25 3.1
637.51 2.8
639.32 3.3
642.02 2.7
644.35 1.0
650.31 3.9
652.33 10.3
653.04 3.3
656.01 10.4
658.59 1.6
660.37 11.6
665.16 2.1
669.11 1.4
672.66 8.9
676.53 4.4
678.28 2.0
681.22 4.8
685.49 7.8
687.53 65.0
688.54 4.3
689.63 6.1
693.41 11.3
694.20 7.0
695.18 5.1
698.39 1.2
699.56 1.1
700.42 2.2
706.69 2.4
710.10 8.4
711.25 3.3
712.76 4.0
716.60 2.7
717.47 2.1
718.39 2.5
724.41 15.8
725.65 9.6
726.44 2.9
728.81 5.4
729.61 2.7
732.09 5.2
735.35 13.1
736.54 26.4
737.60 4.9
742.60 2.1
743.60 40.0
744.51 12.8
747.67 1.9
751.68 1.1
752.84 4.5
753.47 25.1
758.20 2.6
759.67 1.9
767.65 1.6
768.63 4.3
770.42 1.6
771.75 8.4
773.48 1.6
775.30 6.9
782.61 4.6
783.43 4.0
784.42 2.5
791.71 4.0
792.62 1.1
796.47 1.3
797.45 1.5
800.48 42.0
801.67 31.4
802.66 4.7
803.41 13.6
804.36 8.7
806.00 3.4
807.00 2.4
807.86 3.6
809.56 2.5
817.78 2.4
820.66 6.7
821.58 13.7
822.54 19.9
825.61 12.7
826.35 6.4
831.55 7.9
832.17 4.4
833.57 1.0
839.41 19.1
840.55 3.1
842.39 7.4
843.43 35.1
844.15 6.3
852.47 2.8
853.56 2.6
857.85 1.6
861.38 50.4
862.34 13.9
867.61 7.4
871.24 4.4
876.67 4.0
884.67 3.4
885.39 1.7
888.49 6.7
889.42 4.0
893.66 2.6
898.61 1.2
899.64 2.2
902.82 1.7
905.55 1.4
910.48 1.4
912.63 1.5
916.15 9.6
918.65 11.8
919.84 1.2
920.56 6.4
929.60 1.4
935.55 11.4
936.65 19.0
937.53 2.9
938.58 2.1
942.45 5.0
959.61 5.8
960.59 3.6
961.74 18.6
962.41 1.4
977.40 25.5
978.48 29.9
979.38 7.8
980.75 1.6
995.66 15.4
996.64 3.0
