1477.71599 2
212.20 4.6
213.17 1.0
215.36 1.1
227.83 3.2
230.17 1.6
233.14 6.5
239.49 7.4
240.36 1.4
241.19 2.6
243.33 4.0
244.40 2.4
246.19 17.7
247.51 2.3
248.20 33.6
249.15 2.1
251.34 2.8
253.14 1.4
258.12 2.1
260.15 3.2
261.18 9.4
262.33 6.8
267.39 2.9
278.25 4.1
279.32 11.5
280.15 2.7
289.17 1.2
290.67 2.0
292.43 1.1
295.24 1.6
297.13 1.8
298.37 10.3
299.00 2.4
301.94 7.1
304.47 1.3
305.17 2.8
308.12 2.6
309.21 1.7
310.38 1.3
315.29 38.2
316.24 3.9
317.17 1.4
325.18 1.4
326.23 1.5
327.33 8.7
328.37 3.8
332.18 2.6
335.29 1.8
339.30 1.6
340.27 7.8
341.15 5.1
342.26 3.1
343.61 4.8
347.46 1.7
352.96 1.4
354.21 1.2
355.69 7.7
358.27 31.0
359.30 46.0
360.25 15.1
364.10 2.2
365.71 2.3
368.04 7.2
369.15 3.4
371.09 1.4
372.41 1.1
375.55 23.4
376.27 41.9
377.37 10.9
378.63 1.1
387.15 11.5
388.25 2.8
389.18 3.7
390.19 10.1
391.19 14.7
393.17 1.1
394.40 8.4
395.26 4.0
396.51 1.9
399.20 8.3
400.27 6.5
403.40 2.7
404.62 3.4
407.96 4.7
409.30 5.7
412.30 4.3
416.48 3.1
417.23 5.5
422.29 3.1
424.36 3.0
425.33 5.3
426.52 6.5
428.61 4.5
429.36 1.5
432.16 2.4
437.25 5.5
440.91 7.0
442.06 3.1
443.18 5.2
444.20 21.3
445.31 11.9
446.18 2.0
447.44 2.4
448.31 1.9
449.10 4.4
452.38 5.0
454.39 7.7
455.37 6.6
456.46 4.4
457.23 2.8
458.66 10.0
462.25 4.4
465.30 5.4
466.97 1.2
471.29 15.6
472.59 15.8
473.33 3.6
476.35 53.9
477.20 4.5
479.85 3.4
482.24 10.9
483.30 1.9
484.55 4.5
485.30 3.4
487.41 6.2
489.31 105.6
490.36 57.2
491.35 21.4
492.51 4.4
495.08 3.9
496.40 5.3
497.23 2.3
498.95 10.8
499.69 1.2
503.42 7.9
504.32 5.2
508.81 8.0
510.85 8.4
512.37 4.9
514.38 5.8
518.32 7.0
519.34 4.4
523.43 16.5
524.43 7.2
526.49 8.9
527.30 20.0
528.22 36.5
529.24 18.7
530.24 10.3
531.10 5.2
534.86 26.4
535.63 19.5
536.69 3.7
538.71 2.4
540.40 6.3
541.22 4.8
541.83 5.7
544.28 35.4
545.08 5.5
546.22 16.5
551.72 11.6
552.37 2.9
553.55 5.9
555.13 1.3
558.28 14.9
559.28 6.7
560.08 3.6
561.31 10.7
562.32 19.8
564.16 7.9
565.20 2.6
566.00 7.6
566.88 3.9
569.48 1.4
570.49 7.3
571.45 20.2
572.32 4.6
573.61 3.4
574.41 6.1
576.09 10.9
579.45 1.7
581.45 9.2
582.55 11.0
583.30 8.4
585.38 1.4
586.58 3.3
587.40 17.1
588.40 51.5
589.36 31.3
590.33 36.2
591.23 35.5
591.96 10.1
593.12 4.1
594.10 1.5
595.16 4.0
596.03 8.4
597.31 5.9
598.52 1.7
599.86 23.0
600.58 12.6
601.69 7.7
602.88 19.4
603.50 4.6
604.37 1.7
605.51 45.4
606.41 12.9
607.38 2.4
608.32 2.7
608.92 9.3
610.03 15.1
610.70 1.2
611.43 15.4
612.33 3.7
614.38 1.6
616.74 5.1
617.68 7.2
618.96 10.4
620.14 5.7
621.29 3.3
623.49 24.2
624.31 5.4
625.14 23.6
626.75 4.6
627.84 2.2
629.73 55.9
630.49 9.2
631.79 16.7
632.75 1.6
636.30 5.6
637.39 3.4
638.95 21.4
640.24 12.5
641.40 7.6
642.37 16.8
643.28 12.5
645.10 7.0
646.49 28.2
647.48 9.5
648.21 9.4
649.40 8.5
650.17 6.5
650.86 2.4
652.31 3.3
654.46 5.4
655.97 5.4
657.42 19.8
658.20 8.2
659.51 14.6
660.26 7.5
661.45 18.5
663.42 4.5
664.39 5.8
665.67 22.7
666.81 2.6
668.05 3.0
669.49 4.7
670.79 13.7
672.95 10.6
673.99 11.5
674.96 1.8
676.53 2.1
677.41 9.4
678.42 3.1
679.27 6.7
680.18 1.3
681.50 16.7
682.79 13.9
685.41 24.1
686.06 1.0
687.02 11.4
688.17 41.8
690.00 29.5
691.18 14.8
692.44 12.9
693.16 3.6
694.09 7.9
695.36 16.3
697.69 16.4
698.48 11.0
699.60 11.9
701.42 4.0
703.29 6.7
704.33 23.7
705.22 7.8
706.40 148.0
707.70 52.2
708.92 43.4
709.55 17.1
710.35 19.9
711.14 13.5
711.81 15.2
712.81 59.6
713.81 19.2
715.13 5.4
716.68 54.6
717.69 63.2
718.49 1.9
721.33 210.0
722.09 198.5
722.94 4.6
723.92 7.8
724.59 4.6
725.96 3.8
726.84 7.2
727.64 17.9
728.50 3.1
729.88 26.3
730.85 12.3
746.41 2.9
748.39 1.4
753.97 9.2
754.62 5.7
755.52 29.7
756.47 5.6
757.35 2.5
758.21 1.0
759.68 2.2
760.38 2.1
761.35 1.3
762.37 5.1
765.49 2.5
767.44 5.7
768.56 8.1
769.74 2.3
772.48 15.6
773.42 8.7
774.84 7.8
777.10 2.2
779.51 1.1
789.29 1.1
791.25 1.4
792.44 4.5
795.54 3.7
797.53 3.0
798.45 2.8
801.34 8.9
802.56 2.2
805.32 2.6
806.44 1.3
810.50 5.8
812.58 6.4
813.73 1.2
814.61 2.5
815.40 4.8
817.21 4.5
818.87 13.6
819.60 37.5
820.57 36.3
821.40 6.3
822.39 7.5
823.68 13.3
825.03 1.1
826.49 4.6
828.55 1.3
830.49 57.8
831.55 61.8
832.55 23.9
833.39 3.2
837.75 4.8
838.98 5.2
840.52 7.1
842.27 9.7
844.58 3.7
845.51 1.4
849.86 7.7
854.37 14.4
855.25 24.5
856.32 26.0
857.40 6.7
863.16 2.3
871.44 8.7
872.64 19.2
873.56 6.3
874.64 5.7
876.60 3.0
877.85 1.9
879.21 2.3
880.57 2.9
885.56 3.2
888.71 11.5
889.48 7.9
890.58 5.5
891.59 3.5
898.54 9.1
902.49 10.3
903.41 1.9
905.71 3.5
907.04 3.9
918.40 4.7
920.62 38.2
921.61 7.0
923.01 5.2
925.46 5.3
926.34 3.1
933.07 3.0
934.50 4.4
936.62 3.6
937.35 2.6
938.94 5.7
941.60 10.6
942.56 25.4
943.68 5.6
949.31 2.0
950.42 6.0
951.64 1.8
952.42 1.7
953.60 6.7
954.66 5.9
955.45 5.6
956.92 10.1
958.59 34.1
959.74 36.7
960.55 23.5
961.66 2.4
962.79 1.8
963.60 7.8
964.48 1.2
966.39 11.2
967.38 3.7
968.32 9.3
970.41 14.2
971.52 24.6
972.53 8.4
973.96 3.3
976.48 2.9
984.35 17.6
985.49 15.3
986.19 2.3
987.62 49.7
988.39 37.3
989.46 9.7
990.68 5.8
991.64 1.4
992.75 3.5
994.17 8.3
999.65 8.4
1002.43 8.7
1003.61 7.8
1009.23 2.8
1010.53 1.6
1012.94 4.1
1013.60 4.9
1014.30 9.2
1016.67 20.3
1017.48 34.9
1018.43 3.6
1021.89 3.2
1023.78 2.0
1030.52 5.5
1033.55 5.0
1034.59 89.1
1035.60 35.4
1038.59 2.4
1041.04 1.7
1048.83 4.1
1049.48 1.8
1052.52 5.7
1053.36 7.2
1054.79 9.9
1056.79 11.8
1057.55 2.7
1059.65 1.5
1065.13 2.6
1066.16 5.2
1067.04 5.4
1068.39 3.7
1069.22 5.8
1070.82 11.4
1074.27 1.0
1075.60 5.3
1076.55 2.4
1081.79 3.9
1082.98 3.3
1083.60 25.4
1084.64 29.1
1085.63 6.2
1086.68 31.4
1087.65 30.2
1088.69 19.5
1089.52 3.8
1093.77 5.1
1099.23 2.2
1100.47 18.5
1101.60 56.4
1102.58 14.7
1103.75 7.3
1105.23 1.9
1118.32 3.4
1120.64 1.3
1125.68 2.2
1128.54 1.9
1131.46 1.2
1134.57 4.1
1145.62 13.9
1146.61 13.5
1147.41 1.1
1150.62 6.0
1151.58 1.1
1159.81 4.2
1161.68 2.6
1162.49 1.4
1163.61 106.7
1164.72 22.8
1174.33 4.2
1178.72 2.9
1182.46 3.9
1196.62 4.3
1198.48 8.2
1199.79 7.4
1200.64 1.9
1201.62 3.4
1203.96 1.6
1211.78 3.4
1212.64 25.6
1213.88 5.9
1214.64 6.5
1215.65 19.3
1216.75 26.5
1217.79 17.0
1224.61 1.5
1227.89 12.9
1229.10 18.0
1229.77 42.7
1230.69 18.1
1231.68 9.3
1232.54 2.3
1233.59 7.0
1235.48 3.2
1242.64 1.9
1243.74 8.7
1249.48 7.2
1251.54 4.0
1252.93 3.0
1258.45 1.7
1260.19 6.3
1267.35 2.2
1274.77 2.2
1276.91 12.4
1277.83 2.3
1285.03 2.2
1285.67 4.1
1286.65 4.9
1291.73 4.7
1294.75 2.5
1295.40 3.0
1296.85 7.4
1304.46 11.5
1307.57 2.2
1312.53 1.9
1314.16 7.5
1323.85 1.4
1327.97 5.7
1330.23 36.2
1331.19 13.5
1331.79 3.5
1332.70 3.8
1345.53 7.6
1349.94 2.2
1350.71 5.8
1437.61 6.7
1455.49 1.3
