1532.81035 2
222.09 2.2
223.13 4.8
226.27 7.5
232.20 1.4
233.26 25.5
234.27 2.3
237.37 3.9
239.23 1.7
240.06 21.8
241.23 3.4
242.35 4.2
243.33 4.1
248.40 4.7
252.21 1.7
256.91 1.1
258.24 19.2
259.22 3.2
261.12 74.0
262.22 5.9
270.24 17.6
274.31 6.1
275.06 5.3
277.15 3.6
279.31 7.3
282.40 1.7
284.31 5.7
286.14 3.6
287.39 8.0
290.29 2.1
291.03 1.1
295.30 3.9
297.97 1.2
302.17 3.3
305.26 185.2
306.49 6.7
310.08 2.1
314.12 2.8
318.26 4.5
321.46 2.9
322.22 4.8
325.17 3.7
327.10 2.4
331.95 7.1
333.29 1.2
335.84 3.6
338.02 2.2
339.52 1.6
340.49 1.5
341.46 9.2
343.28 3.4
347.17 3.3
351.23 3.7
353.24 6.5
354.29 3.6
355.34 12.4
359.16 6.5
360.42 5.8
361.21 1.2
362.43 6.6
363.58 1.1
364.22 1.8
368.16 18.7
369.40 1.2
370.05 1.5
371.16 32.7
372.27 20.1
373.42 2.5
375.22 7.1
376.31 2.1
377.04 4.7
381.31 5.9
383.95 1.6
385.10 1.2
387.31 10.4
390.15 15.8
391.42 2.5
393.33 2.4
395.93 7.5
397.33 39.1
398.21 26.6
399.26 12.4
404.82 3.8
405.48 4.4
406.91 11.6
407.58 3.1
408.35 3.2
413.22 3.3
415.36 78.8
416.37 156.7
417.33 10.9
418.40 1.6
425.25 1.3
426.19 2.0
428.18 3.9
430.49 4.5
433.31 82.7
434.24 12.3
439.22 2.8
440.22 9.0
442.62 6.9
443.52 5.9
444.65 8.5
445.86 3.0
447.25 3.4
447.90 1.1
449.96 3.8
452.67 6.4
454.31 1.6
455.18 10.4
456.16 2.9
456.94 7.0
461.40 5.0
462.31 9.4
464.71 10.1
465.37 2.5
466.62 7.7
467.37 2.4
470.27 5.2
471.16 3.7
472.32 9.1
473.30 4.3
479.11 7.4
481.39 4.6
482.30 33.8
483.46 1.9
484.33 3.1
485.44 1.0
486.35 4.0
489.43 22.3
490.43 5.7
491.58 1.8
492.81 6.5
493.52 6.6
494.27 7.0
495.23 10.6
497.29 14.5
498.16 5.1
499.57 10.3
500.30 22.5
501.18 15.5
502.27 10.8
503.44 3.2
504.23 4.7
505.28 1.3
508.48 11.7
509.31 4.8
510.17 4.4
511.43 20.6
512.15 4.4
513.13 56.3
513.88 10.1
515.20 22.5
516.46 13.4
518.20 35.1
518.93 5.3
519.58 3.7
521.24 2.6
522.40 3.6
525.06 5.3
528.41 56.3
529.23 25.0
530.13 5.6
531.27 3.3
533.51 17.2
534.92 7.2
535.67 11.2
538.27 12.1
539.35 3.5
541.41 17.9
542.83 1.6
545.21 12.1
546.39 346.6
547.30 54.4
549.21 5.8
551.36 2.2
553.54 8.5
555.20 122.1
556.24 19.4
557.32 20.8
558.79 5.1
559.78 8.2
561.96 1.6
563.47 116.1
564.40 11.1
566.40 4.7
567.30 4.3
568.26 1.4
570.60 5.0
572.54 62.2
573.28 27.8
574.20 9.5
575.03 2.4
576.08 16.4
577.07 5.7
578.70 12.3
580.63 10.6
581.29 13.6
582.58 3.8
583.41 11.9
584.75 20.3
585.62 3.5
586.57 9.6
588.30 4.7
589.29 1.5
590.32 1.8
591.47 1.9
592.09 2.1
593.06 15.5
594.37 7.6
598.81 2.5
600.28 7.1
601.42 12.5
602.05 5.5
602.65 2.8
603.99 9.4
605.04 7.2
607.60 6.0
608.49 4.5
610.38 73.0
611.29 45.3
612.46 12.4
613.44 5.2
614.32 13.1
615.15 9.3
617.12 60.4
618.49 30.8
619.66 67.1
620.55 3.4
622.49 1.1
623.47 9.1
627.29 23.2
628.17 84.2
629.14 56.4
630.20 8.7
631.29 43.2
632.29 2.5
633.07 2.8
633.88 4.0
635.79 11.9
637.07 29.2
638.65 4.2
639.44 3.1
641.30 10.9
642.84 3.8
645.38 210.5
646.45 125.9
647.51 10.0
649.47 8.6
650.53 8.4
652.39 13.2
653.25 13.0
654.25 5.0
654.93 3.3
658.32 1.8
660.60 14.8
661.35 9.9
662.35 8.5
663.03 5.2
664.42 15.2
665.37 12.3
666.20 7.8
668.11 1.4
668.88 7.5
670.46 3.6
671.21 1.5
672.50 23.7
674.19 17.8
675.01 7.9
676.41 6.8
677.34 8.4
679.86 3.7
680.65 7.8
681.31 2.0
684.46 34.8
685.45 9.4
688.17 9.2
688.88 10.0
690.03 3.6
691.60 7.1
692.51 32.8
693.57 80.0
694.67 17.3
698.44 14.7
699.36 3.7
700.38 10.6
701.37 10.1
702.58 8.5
703.33 24.2
704.28 11.5
706.18 273.2
707.14 49.3
708.35 12.7
709.44 119.0
710.25 15.2
711.34 2.2
713.83 18.7
714.44 9.2
715.36 9.5
716.40 4.6
717.29 5.7
718.05 5.4
719.89 10.9
720.61 16.3
721.40 9.8
722.62 17.4
723.46 2.4
724.76 11.9
725.52 2.3
726.14 3.6
727.85 15.3
728.52 10.5
729.34 1.2
730.39 48.9
731.22 23.8
732.31 12.9
733.41 10.9
734.53 9.7
735.58 81.2
736.71 24.7
738.05 3.1
738.72 8.0
739.51 6.2
740.65 43.4
741.43 20.5
743.02 46.5
744.35 134.2
745.27 36.2
746.71 9.4
748.25 95.2
749.28 242.3
750.20 34.6
752.03 4.8
755.34 7.7
756.50 35.5
757.21 3.9
757.81 4.7
766.54 1.8
773.70 2.6
780.56 2.3
783.53 2.0
788.40 6.7
789.40 1.5
790.53 6.2
794.89 19.2
805.33 21.3
806.25 1.8
809.58 4.7
810.22 2.9
813.64 4.9
814.29 3.2
817.38 8.5
822.09 25.7
823.38 9.3
825.13 9.5
827.62 2.7
829.18 2.7
830.52 5.1
831.82 4.4
835.44 1.3
836.62 3.6
838.35 2.6
840.44 15.1
841.53 14.3
842.66 3.2
848.73 3.3
849.52 8.0
852.47 5.4
853.31 9.8
854.47 9.5
855.33 1.3
858.68 11.3
861.47 6.0
864.39 2.8
867.72 1.8
869.58 18.0
870.52 44.6
871.41 48.9
872.41 6.3
874.49 2.1
878.27 6.8
882.34 2.5
884.80 9.5
887.50 224.4
888.59 127.7
889.62 10.5
890.23 3.6
892.24 2.3
898.44 10.7
906.48 7.0
907.47 1.4
908.64 8.6
911.51 3.1
914.66 1.5
917.51 2.7
922.15 9.0
924.06 3.3
925.61 11.7
926.56 4.4
927.46 3.7
930.18 1.9
934.46 28.5
936.45 8.6
942.25 7.8
943.72 8.4
944.44 12.0
946.49 1.6
949.98 2.5
951.18 7.5
952.65 17.3
953.70 30.0
954.72 6.4
956.28 6.7
958.99 5.8
962.38 1.9
965.71 1.5
967.81 4.4
970.45 116.6
971.58 25.8
972.45 5.9
973.49 3.1
975.88 4.2
979.74 4.2
981.23 11.2
982.38 4.8
985.76 6.2
987.46 68.1
988.60 36.6
989.64 2.3
993.93 4.0
995.74 3.0
996.77 2.5
997.88 34.1
998.56 107.8
999.62 34.6
1011.96 1.9
1014.34 1.9
1015.59 106.0
1016.62 45.2
1017.61 16.0
1018.25 5.1
1022.65 12.7
1026.87 9.3
1027.94 12.7
1029.64 2.0
1032.59 5.1
1036.43 6.6
1037.53 2.3
1042.30 1.2
1043.47 3.6
1044.47 4.5
1045.96 6.1
1047.51 2.9
1048.35 3.6
1051.45 3.6
1052.39 10.1
1053.41 10.8
1055.66 2.4
1057.95 2.8
1060.71 1.2
1061.73 11.4
1064.85 3.4
1065.54 14.1
1066.75 16.1
1067.62 7.2
1068.39 2.1
1072.71 15.2
1076.45 1.7
1077.53 4.2
1080.11 4.6
1082.68 4.4
1083.49 64.6
1084.44 36.2
1086.89 1.5
1088.67 4.8
1091.70 8.8
1092.46 1.7
1094.28 4.3
1095.69 3.6
1099.59 1.6
1100.54 112.3
1101.68 27.0
1103.48 2.8
1108.82 6.5
1109.71 3.9
1113.39 2.6
1114.57 8.0
1118.33 4.2
1120.89 1.7
1125.41 6.4
1126.65 72.1
1127.72 33.0
1129.03 4.4
1140.63 2.7
1143.73 128.3
1144.67 22.5
1154.84 4.1
1155.56 6.5
1156.55 6.4
1158.15 10.8
1175.83 5.9
1179.62 3.2
1182.77 8.6
1192.60 3.0
1193.95 13.0
1194.63 6.9
1195.58 2.7
1210.64 2.3
1211.50 56.0
1212.33 1.4
1213.76 2.6
1214.91 2.0
1215.90 6.4
1220.06 6.1
1222.42 1.6
1228.55 104.7
1229.61 47.7
1230.93 5.6
1231.81 6.4
1254.70 5.6
1255.80 20.1
1256.83 3.0
1257.54 3.2
1268.78 2.9
1269.81 5.4
1272.62 20.8
1273.65 40.5
1276.77 2.1
1277.59 9.8
1282.75 4.6
1286.76 2.4
1293.43 8.0
1294.74 17.1
1295.99 5.8
1302.56 2.7
1311.52 15.5
1312.40 12.5
1313.21 4.6
1327.51 2.4
1329.71 37.7
1330.68 34.9
1339.47 3.4
1341.93 1.8
1357.56 1.2
1358.59 6.9
1364.34 2.4
1369.85 4.6
1380.13 3.3
1395.74 1.6
1397.07 1.1
1397.77 1.9
1403.03 1.6
1477.29 2.0
1511.55 4.8
