1045.5667 2
156.90 2.7
183.42 2.3
185.28 1.0
196.32 6.3
201.15 3.6
202.39 2.4
210.24 1.0
223.33 1.2
225.07 3.4
238.25 27.9
239.36 3.9
245.07 5.8
258.28 1.2
262.23 4.3
265.37 2.6
266.88 5.8
268.13 3.5
269.03 5.1
270.28 21.6
271.28 10.2
281.16 8.8
282.07 17.3
283.10 56.4
284.05 23.7
285.08 42.6
288.29 4.6
297.21 12.1
297.96 2.5
300.68 9.7
301.34 1.7
303.07 3.2
309.01 2.8
314.97 2.7
323.11 1.9
331.13 3.8
341.80 1.2
343.03 1.1
354.98 1.5
357.65 1.5
362.59 3.9
370.97 13.6
372.09 1.8
376.27 20.8
378.87 3.2
379.94 90.6
386.86 7.6
387.76 2.9
389.12 4.3
396.82 3.3
401.63 1.2
405.59 40.0
406.40 23.5
407.63 1.5
408.58 17.2
409.60 10.4
411.16 6.6
414.38 530.1
415.47 1.9
417.23 8.1
418.88 13.1
420.70 8.0
423.45 135.2
425.01 1.3
427.14 2.6
429.10 35.0
429.89 14.6
434.92 4.7
440.45 1.7
441.92 5.9
443.60 2.6
445.42 2.7
446.37 3.4
447.77 4.9
448.67 4.7
453.36 2.1
458.29 6.6
459.26 1.2
462.95 4.1
466.74 3.3
467.37 11.4
471.15 3.9
471.96 10.4
477.40 17.7
481.82 40.9
482.98 4.8
486.35 2.2
487.03 2.6
488.42 8.4
489.32 23.0
489.96 10.6
493.04 1.6
494.33 2.3
496.76 5.4
499.13 8.8
500.52 1.6
504.65 34.8
505.55 159.1
507.04 65.3
511.96 2.5
512.61 10.7
514.24 48.9
514.91 9.4
539.39 8.0
542.52 8.6
557.48 1.3
558.34 2.2
590.45 62.4
591.30 5.0
625.16 1.5
634.66 2.6
652.47 3.3
653.47 1.2
661.42 4.2
669.92 7.9
694.68 7.2
708.70 5.7
741.18 1.7
758.46 112.9
759.47 26.5
845.59 40.7
846.67 10.7
918.27 2.8
924.48 2.3
932.60 8.2
933.55 2.1
