864.4924199999999 2
125.23 2.6
126.17 3.1
128.14 34.3
129.19 14.8
130.26 17.6
132.11 2.0
136.19 9.1
137.10 31.9
139.63 5.7
140.24 23.2
141.07 5.9
143.18 1123.7
144.25 30.6
146.04 7.2
147.26 4.3
149.22 1.8
153.24 7.5
155.10 16.7
156.09 6.5
157.16 43.5
158.18 80.9
159.21 24.2
160.10 4.9
161.15 5.6
162.13 19.7
165.27 2.3
166.93 6.0
169.16 69.8
171.14 246.3
172.19 13.4
173.12 50.0
175.21 623.0
176.18 26.0
177.41 4.3
179.10 317.2
180.19 83.8
181.03 6.4
183.13 21.8
184.25 11.5
185.23 26.0
187.08 4.2
188.12 2.5
189.27 10.5
190.41 9.3
192.05 1.7
193.67 9.2
194.37 11.6
195.26 14.7
196.08 5.6
197.22 358.5
198.29 28.1
199.17 23.0
200.29 19.3
201.10 20.7
203.39 2.9
204.36 1.7
205.12 8.8
206.15 21.7
207.18 9.2
208.88 19.8
210.16 21.9
211.13 75.0
212.29 22.8
214.24 1626.9
215.20 99.1
216.13 10.3
219.26 3.3
221.39 3.0
222.13 23.7
223.24 13.4
225.06 24.8
226.10 21.9
227.03 18.6
228.09 4.5
229.30 10.1
230.07 37.0
231.14 3.6
232.34 9.7
233.15 5.0
234.10 34.4
235.09 18.2
236.39 11.6
237.20 12.4
238.30 4.5
239.80 10.7
242.15 1308.5
243.38 72.3
244.28 5.3
245.32 10.1
246.24 5.8
248.22 6.4
249.15 13.4
250.37 42.2
251.26 22.2
252.16 13.5
253.54 13.1
254.23 112.5
255.14 127.3
256.42 10.7
257.36 2.2
258.23 3.3
259.25 3.0
260.19 13.2
260.94 6.5
263.71 3.5
264.42 12.3
265.23 10.0
266.24 61.2
267.27 8.6
268.27 74.0
269.33 8.5
270.40 12.3
272.14 569.3
273.19 81.0
275.35 9.6
276.22 60.7
277.25 131.2
278.32 31.8
279.05 2.3
280.04 3.1
281.09 4.3
282.16 26.0
283.11 15.8
285.26 51.3
286.38 6.1
287.21 15.5
288.35 40.9
289.26 9.6
292.45 3.3
293.15 51.6
294.23 178.3
295.30 26.2
296.48 21.8
297.42 44.3
298.25 4.1
300.12 17.7
301.23 16.4
303.01 12.2
304.08 5.5
305.33 18.9
306.30 39.4
307.31 12.5
308.80 22.3
310.24 65.1
311.98 24.3
313.25 303.0
314.35 48.7
315.67 18.4
316.55 5.3
317.18 14.8
318.08 38.4
318.91 40.3
320.15 51.9
321.00 109.4
322.24 2554.5
323.25 315.0
325.13 64.6
325.75 37.1
326.41 51.9
327.32 20.7
328.28 4.4
329.65 37.7
330.45 36.6
331.31 9.7
332.77 11.5
333.46 7.0
334.81 18.1
336.11 12.7
337.41 23.1
338.52 127.2
339.23 74.2
340.30 15.8
341.38 50.6
342.17 36.0
343.11 140.2
344.12 164.5
345.14 70.4
346.33 26.2
347.83 519.4
349.09 21.6
350.75 18.6
351.43 13.3
353.20 73.7
354.24 46.3
355.20 14.5
356.37 8.6
357.20 6.7
358.79 51.5
359.43 72.6
360.33 34.5
361.33 30.3
362.31 33.3
363.31 16.8
365.63 248.9
366.36 80.0
367.27 10.8
368.21 17.9
369.42 21.0
370.11 20.2
371.09 45.4
372.00 123.6
373.16 89.6
374.25 87.1
375.17 29.2
376.23 9.2
377.21 4.0
378.27 32.5
379.17 38.4
380.89 261.5
381.52 44.7
382.43 25.8
383.42 862.5
384.50 76.2
385.33 201.3
386.62 98.5
387.58 126.9
388.27 88.0
389.36 44.3
390.31 59.6
391.23 15.1
391.98 6.0
393.00 249.5
393.88 338.7
395.70 314.2
396.36 218.8
397.23 55.9
398.19 2.6
399.44 25.7
400.37 14.4
401.96 1260.3
403.06 926.7
404.14 80.7
405.43 38.4
406.35 92.8
407.38 20.6
408.93 154.3
410.67 3931.0
411.35 1486.4
412.40 40.5
413.35 22.1
414.28 272.9
415.20 947.6
416.08 111.7
417.94 1353.5
419.12 28.3
420.34 60.1
421.38 11.3
423.94 6932.2
424.80 75.3
425.88 8.9
427.22 3.9
429.70 4.0
437.19 51.4
438.31 2.0
439.66 8.4
440.62 6.6
441.34 2.3
442.59 10.1
444.35 13.7
445.72 8.6
446.98 12.3
448.07 18.2
450.25 50.0
451.18 35.2
452.28 82.2
453.50 31.3
454.36 53.6
455.25 10.2
456.47 22.3
457.30 4.8
458.38 35.0
459.41 37.6
460.49 13.1
462.33 50.9
463.28 8.0
464.22 10.5
464.89 7.8
466.50 2.4
467.59 3.1
468.28 10.6
469.59 13.5
471.34 6.6
472.35 114.1
473.20 10.0
476.20 49.9
477.36 207.9
478.35 73.8
480.28 181.2
481.35 47.1
482.31 15.7
483.49 8.3
485.37 2.2
489.63 11.8
490.50 7.3
493.42 13.9
494.42 104.8
495.46 32.4
497.33 43.9
498.23 45.0
499.23 21.9
503.44 6.1
504.37 5.0
506.35 3.3
507.49 21.5
508.51 15.0
509.25 13.6
510.57 14.2
511.46 7.4
513.20 3.5
516.74 11.2
517.99 19.2
519.22 40.4
519.96 17.6
521.30 19.9
523.58 16.4
524.60 5.3
525.47 32.9
526.28 63.9
527.19 47.5
528.00 19.1
529.35 4.6
531.86 38.0
533.38 173.7
534.40 54.8
535.39 134.5
536.24 13.7
537.47 64.6
538.36 92.2
539.33 23.5
539.95 5.2
541.37 29.9
543.23 1164.5
544.26 198.8
546.38 2.6
547.29 39.6
548.64 11.1
549.48 15.6
551.14 33.8
552.31 624.0
553.26 255.3
554.44 39.3
555.63 21.6
556.48 4.5
557.17 40.2
557.87 17.4
558.62 1.9
560.33 11.2
561.20 8.3
562.31 13.1
563.34 45.1
565.39 487.4
566.46 157.3
567.52 7.0
568.87 8.6
570.83 11.2
571.49 247.7
572.52 80.1
573.56 4.4
574.50 12.2
575.20 78.9
576.42 234.9
577.36 26.5
579.42 2.8
580.40 13.5
581.40 4.8
582.71 18.9
583.51 18.5
589.77 10.0
590.53 24.5
591.71 5.8
593.38 516.7
594.33 99.2
595.35 4.1
598.86 18.8
600.49 6.7
601.29 4.3
602.30 7.2
603.15 4.2
604.33 11.1
605.26 25.3
606.53 3.9
607.58 4.8
608.74 22.0
609.59 20.1
610.38 5.0
611.43 91.6
612.29 41.4
613.62 13.5
614.22 3.0
615.52 5.8
616.42 42.5
617.39 10.2
618.46 6.5
619.61 5.3
620.54 6.6
623.30 5256.7
624.35 1076.8
627.46 39.6
628.49 40.0
629.53 8.9
630.48 5.7
632.58 69.5
633.39 30.8
634.37 696.0
635.48 270.2
636.93 62.9
638.37 30.3
640.67 13.9
641.53 3.8
643.65 20.2
644.41 24.3
646.41 211.7
647.52 79.0
648.68 1.9
649.51 2.8
650.25 24.0
652.38 141.2
653.48 20.6
654.57 36.7
655.51 34.9
659.19 41.8
660.53 25.1
661.46 31.1
662.44 97.8
663.71 35.2
664.51 46.3
668.18 5.5
669.47 2.2
671.81 14.6
672.51 169.9
673.42 38.1
674.64 6.5
676.31 122.4
677.41 943.8
678.47 241.6
680.00 2.0
682.39 13.1
683.26 3.9
687.46 78.9
688.35 16.0
689.51 91.9
690.37 559.3
691.49 279.1
692.67 23.9
694.36 990.8
695.49 327.3
699.62 17.2
703.78 6.8
704.40 37.0
705.48 292.2
706.40 132.9
707.55 149.0
708.45 1270.0
709.52 455.6
712.41 5.2
715.55 8.0
716.65 4.9
717.49 3.1
718.37 21.2
720.62 3.9
722.55 10.0
723.65 29.2
724.45 24.3
725.45 8.6
727.55 2.2
730.42 123.4
731.59 39.7
732.51 5.4
734.59 7.6
736.42 5.9
740.42 16.5
741.71 4.6
743.64 40.9
745.54 4.5
746.54 7.1
748.42 521.3
749.44 224.9
750.32 3.5
758.53 4.6
759.27 4.4
761.71 8.4
762.45 3.7
764.72 22.1
765.57 113.5
766.53 28.6
769.72 2.6
776.53 3.2
778.66 4.4
780.58 24.8
781.63 19.6
788.63 5.3
790.53 10.9
794.51 2.1
798.59 150.4
799.59 59.4
800.54 8.1
801.85 2.6
803.46 2.0
804.56 29.6
805.63 20.9
807.52 16.5
808.38 8.6
812.64 9.5
813.62 4.0
824.60 138.5
825.73 61.9
826.76 4.5
834.46 8.5
835.51 2.4
836.63 2.4
842.54 2938.6
843.65 1396.1
844.66 15.1
847.62 17.2
876.27 3.5
