811.4282099999999 2
117.02 4.7
122.18 2.3
123.03 8.8
124.06 9.0
126.29 2.3
127.03 1.4
128.09 154.6
129.12 13.6
130.12 15.1
131.26 2.6
132.26 2.4
133.19 32.1
134.33 6.8
135.04 2.0
136.16 70.7
137.15 15.0
138.25 13.9
139.06 4.4
140.13 2.6
141.10 9.6
142.13 37.7
143.14 12.0
144.22 2.8
145.11 4.8
146.19 7.0
147.05 7.5
148.34 4.7
149.30 5.3
150.15 2.6
151.20 1.6
152.02 4.0
153.09 8.1
154.33 10.2
155.26 15.6
156.32 9.6
157.16 10.4
159.24 2.6
160.02 28.7
161.13 25.4
162.10 34.7
164.11 117.6
165.19 9.5
166.97 10.0
168.02 9.9
169.10 22.8
169.90 3.1
171.04 9.0
172.25 74.6
173.02 3.5
174.25 6.7
174.95 14.0
176.42 13.7
177.19 25.1
178.17 18.3
179.23 7.3
180.18 13.9
181.22 4.3
182.18 8.6
183.28 12.5
184.65 3.6
186.23 14.7
187.32 10.6
188.97 7.7
190.07 4.0
191.22 9.7
191.91 13.0
193.25 8.3
194.33 17.9
195.21 19.9
196.19 14.2
197.43 12.9
198.22 35.0
199.15 29.9
200.03 5.3
201.47 8.9
202.35 10.3
203.25 3.0
204.08 5.5
205.51 4.8
206.33 3.1
208.27 17.9
209.32 6.2
210.17 16.2
211.15 10.8
212.32 32.9
213.41 8.1
214.19 33.0
215.08 37.7
216.25 12.7
217.16 12.8
217.94 10.5
219.06 17.8
219.97 13.4
221.20 64.4
221.96 11.5
223.13 12.4
224.18 10.1
225.24 4.8
226.10 16.6
227.16 14.5
228.24 31.3
229.18 75.8
230.22 22.2
231.89 16.1
233.15 28.4
234.16 8.1
235.08 9.0
236.05 9.0
237.06 7.4
238.42 4.0
239.24 11.3
240.20 2.5
241.55 11.8
242.25 2.3
243.27 35.4
244.11 22.7
245.15 39.8
246.20 76.2
247.14 6.6
248.04 46.8
249.06 2.1
250.04 15.9
251.11 17.0
252.23 7.6
253.21 10.2
254.05 12.5
255.29 18.5
256.19 13.7
257.23 22.5
258.31 9.3
259.13 12.1
259.97 7.8
261.06 28.9
262.15 28.8
263.08 41.2
264.12 43.1
264.90 15.8
266.28 14.0
267.32 8.7
268.12 5.4
268.99 5.5
270.08 10.3
270.90 4.6
272.08 26.7
273.17 21.4
274.21 16.6
275.25 21.8
276.16 20.4
277.04 35.1
278.12 28.2
279.34 22.0
280.18 12.4
281.28 10.9
282.09 16.6
283.29 9.9
284.34 30.2
285.24 18.3
286.13 12.5
287.33 4.7
288.24 25.5
289.34 10.4
290.23 10.7
291.21 5.3
292.19 47.5
293.11 28.8
294.16 34.8
295.10 13.1
296.17 8.9
297.31 7.2
298.18 10.1
299.33 13.9
300.32 18.8
301.18 10.0
302.31 20.7
303.19 17.9
304.20 7.4
305.31 23.7
306.29 24.5
307.18 15.6
308.33 24.7
309.32 35.6
310.20 15.9
311.38 20.6
312.22 5.9
313.19 16.1
314.11 14.6
315.38 27.7
316.85 52.0
318.14 42.2
319.22 9.2
320.22 21.2
321.24 199.4
322.09 34.2
323.17 8.3
324.43 90.2
325.16 79.6
326.20 80.2
327.14 13.4
328.41 13.5
329.29 9.7
330.18 16.2
331.18 5.6
332.22 11.2
333.33 24.0
334.23 25.8
335.24 19.8
336.12 13.9
337.20 5.7
338.55 11.6
340.46 42.8
341.32 4.3
342.21 58.7
343.12 34.2
344.17 47.3
345.34 18.1
346.17 70.3
347.22 177.9
348.22 104.3
349.21 42.2
350.16 26.6
352.16 8.4
353.24 26.9
354.43 2.5
355.89 17.2
357.57 40.9
358.22 76.8
359.36 86.0
360.23 362.2
361.21 99.7
362.23 94.6
363.39 18.0
364.30 6.4
365.13 3.0
366.16 15.0
366.92 3.3
368.78 11.1
370.18 94.7
371.17 81.8
372.38 21.5
373.27 11.2
374.46 9.1
375.42 10.5
376.21 11.1
377.59 35.4
378.24 78.0
379.36 27.6
383.17 8.6
384.43 29.3
386.39 32.1
387.56 127.5
388.24 1454.3
389.15 298.8
390.36 55.0
391.08 30.4
392.26 5.9
392.91 5.7
396.61 79.6
397.24 155.9
397.97 36.8
399.62 9.0
405.98 2.8
408.86 2.3
415.39 3.4
434.85 3.5
437.07 3.8
440.45 5.1
453.03 3.8
453.64 3.3
456.13 6.2
456.95 3.0
459.40 2.5
468.87 1.4
473.75 7.8
475.57 9.8
481.40 1.5
493.73 1.2
503.28 10.3
506.19 2.0
511.10 2.4
512.21 1.6
513.30 1.0
514.29 7.2
515.36 6.6
532.42 2.3
547.34 20.2
550.42 1.6
552.24 2.3
554.27 3.5
565.54 1.7
567.90 1.7
569.53 4.1
577.03 1.1
581.34 1.7
582.53 3.4
584.65 6.1
585.79 3.1
590.44 3.7
591.49 41.8
597.74 3.0
599.58 3.3
600.59 2.8
613.19 4.4
618.51 2.3
619.57 1.4
624.47 1.3
627.24 22.0
635.42 12.4
638.46 2.4
657.58 1.5
667.46 2.2
679.63 9.4
680.39 1.5
681.33 5.1
697.60 3.1
737.38 1.5
789.51 1594.7
790.50 509.6
791.55 104.8
