1258.55217 2
176.21 1.8
189.05 5.6
189.97 2.4
224.28 1.1
235.14 24.7
239.09 6.5
240.40 5.3
252.28 32.4
253.35 1.1
254.14 4.9
277.33 1.7
289.27 3.4
290.46 1.1
300.23 1.8
321.53 7.4
324.33 3.2
328.22 7.2
331.16 1.7
334.30 2.5
336.34 2.3
343.27 3.0
346.16 9.9
347.24 1.0
351.02 2.8
358.03 1.7
360.45 2.0
363.38 15.1
364.20 31.8
370.11 3.7
376.17 2.4
377.05 2.9
381.33 15.4
382.46 5.7
385.10 1.6
396.12 1.9
402.54 1.4
404.31 1.9
413.43 3.5
424.03 3.7
426.45 2.2
473.37 6.8
476.05 1.4
478.38 4.3
486.12 1.3
493.31 27.3
494.13 4.8
495.17 10.4
496.14 12.3
497.07 2.6
500.33 7.5
502.01 1.2
510.40 1.4
511.11 2.3
515.24 8.8
517.03 1.9
520.33 6.3
521.49 9.0
527.64 8.6
529.59 7.4
530.37 7.3
532.38 1.4
534.96 3.6
538.84 13.2
540.88 11.2
541.68 1.8
544.90 8.8
546.41 7.9
550.72 2.3
555.27 1.1
556.45 15.4
557.27 10.5
558.43 8.1
560.04 8.6
564.21 5.3
568.76 7.2
571.87 12.7
572.92 91.8
575.46 5.2
576.06 3.8
577.05 4.8
577.84 20.9
578.45 3.1
580.72 31.3
581.39 15.8
583.33 6.6
585.47 8.7
588.85 9.5
589.62 163.6
594.88 13.5
595.92 4.3
597.98 204.4
598.84 7.1
600.64 9.4
603.99 40.6
604.86 7.8
605.51 4.0
606.54 1.7
607.44 10.0
609.13 2.4
610.46 9.1
611.51 10.1
612.70 245.3
613.44 20.2
617.78 7.1
620.63 31.5
621.33 70.1
621.97 3.7
638.37 2.1
639.37 2.5
645.34 7.4
649.62 1.6
673.47 1.3
685.61 4.6
734.44 1.5
749.27 24.8
750.55 5.0
761.55 1.5
763.34 1.7
769.24 2.2
786.37 1.0
799.60 2.3
814.55 18.7
815.55 4.0
832.90 2.4
836.51 5.8
837.41 1.7
843.62 2.0
847.12 4.3
848.25 7.2
849.58 5.0
855.32 3.2
859.82 2.4
860.52 4.8
861.62 2.8
862.46 1.7
865.62 2.0
867.58 2.6
871.97 1.5
878.44 78.6
879.62 21.2
884.30 3.7
892.53 1.6
896.13 2.7
904.74 7.7
925.72 2.3
943.51 24.0
944.59 9.6
954.39 6.2
955.25 2.5
957.62 1.6
961.46 1.0
971.43 10.4
972.19 6.1
979.35 2.1
986.03 3.4
988.61 1.3
989.62 4.3
990.60 3.4
993.35 2.1
1007.51 68.0
1008.48 26.3
1020.29 1.4
1021.65 6.7
1049.54 7.4
1067.50 3.4
1068.41 12.8
1084.56 2.5
1085.70 8.9
1112.48 5.6
1113.35 1.5
1124.36 2.1
