1410.72441 2
202.89 3.1
206.11 1.7
207.15 9.9
224.37 2.4
232.07 2.8
234.07 2.6
235.32 4.1
237.22 7.2
240.32 2.3
241.31 2.0
242.21 10.9
243.22 3.5
244.03 1.2
245.18 3.7
250.40 1.7
251.21 3.2
256.27 7.8
258.30 4.9
260.06 1.6
262.23 26.7
265.40 2.6
268.11 1.5
270.17 7.5
276.26 8.8
277.12 7.4
283.12 1.6
286.15 18.1
288.05 8.7
291.34 1.6
292.26 2.6
293.12 1.8
294.15 6.1
297.28 3.7
298.13 5.0
299.11 2.3
300.26 1.1
303.36 6.4
304.33 9.5
305.37 2.5
311.24 5.8
312.15 1.6
313.07 2.4
315.23 7.4
316.11 16.7
317.00 10.5
318.48 5.5
319.49 6.1
322.25 12.4
323.51 8.7
325.44 1.1
329.26 6.7
332.21 3.5
333.16 3.6
334.91 3.2
342.46 3.9
343.31 2.2
344.51 2.9
346.12 3.7
349.20 1.8
352.18 7.3
359.99 1.2
361.27 4.1
362.41 1.5
364.21 1.3
365.21 9.5
366.35 4.7
366.99 1.3
369.24 7.6
370.09 3.1
372.56 4.5
373.31 2.0
374.28 1.4
375.24 1.4
377.15 1.9
379.99 2.7
381.24 9.1
382.34 17.3
383.24 7.6
387.30 10.1
388.47 7.1
389.55 8.2
390.36 3.4
391.38 4.9
395.84 8.5
400.02 16.5
401.38 1.7
402.32 3.0
405.29 5.6
406.18 1.2
407.04 3.0
408.23 1.7
409.31 2.2
410.26 6.1
411.73 4.7
413.29 2.1
414.48 1.2
416.20 13.5
417.35 2.8
419.27 3.0
422.54 1.6
423.33 4.3
424.05 3.9
426.31 4.0
427.08 3.7
428.37 4.2
430.09 30.5
431.34 20.1
432.48 5.0
433.21 6.3
434.00 3.4
435.22 2.6
438.29 13.0
439.08 1.2
440.26 17.9
441.26 30.0
443.14 4.6
444.53 1.2
445.57 1.4
446.20 15.2
447.31 1.6
448.20 31.3
450.85 2.7
452.46 5.2
453.29 1.2
455.41 2.3
456.46 1.0
458.18 84.9
459.40 10.3
461.07 1.6
462.45 4.5
466.69 3.2
467.37 2.4
471.12 1.4
472.88 7.3
474.40 1.1
476.18 60.7
477.52 9.5
478.28 6.5
479.42 8.2
480.46 6.3
483.15 1.6
484.37 1.7
485.88 10.1
488.14 3.5
489.93 2.3
492.08 11.7
494.25 55.3
495.30 41.2
496.79 10.6
497.54 7.6
499.40 4.3
500.46 5.4
501.69 12.4
503.34 25.2
504.31 3.0
505.25 9.9
508.11 3.6
509.20 4.7
510.19 10.0
513.31 7.5
514.12 2.1
516.16 3.7
517.39 3.1
518.48 1.0
519.47 6.0
520.32 4.1
521.26 3.4
527.22 29.7
528.62 26.3
529.38 13.9
530.56 8.4
531.35 5.5
533.50 1.5
536.46 12.8
537.25 7.2
539.24 9.6
540.56 4.3
541.27 3.5
543.14 4.5
545.40 930.3
546.44 33.9
547.39 6.4
548.38 7.4
550.41 7.1
551.95 3.0
553.41 4.9
554.21 7.4
555.04 2.3
557.44 8.3
558.43 6.4
559.39 7.8
560.25 4.6
560.97 1.7
561.83 4.2
562.57 5.2
563.25 35.4
564.31 2.2
565.18 9.4
566.48 11.7
567.28 3.8
569.35 7.1
570.43 4.1
571.16 45.9
572.38 15.1
573.38 4.0
574.47 9.3
576.64 2.4
577.25 5.7
579.95 24.6
580.99 31.7
582.16 26.9
583.40 21.8
584.59 20.8
586.28 10.0
588.43 22.1
589.10 10.3
590.62 5.4
591.26 21.5
592.26 1.8
593.52 1.2
595.43 3.6
596.42 33.5
597.20 12.7
598.32 42.0
599.30 23.7
600.39 19.1
601.35 2.7
602.33 5.9
603.23 2.9
604.97 7.0
605.88 6.7
607.34 8.3
611.61 7.2
613.39 27.2
614.48 17.5
616.14 305.6
617.03 10.4
618.29 8.0
622.06 2.4
623.08 1.6
624.11 8.7
626.48 2.9
627.70 11.5
628.56 8.9
630.86 4.9
631.53 12.4
632.48 16.0
634.24 200.6
635.30 6.9
636.10 1.5
638.47 6.8
639.74 10.0
640.72 4.6
642.42 4.0
643.46 15.7
644.16 2.3
646.40 1028.6
647.52 53.8
648.22 8.9
649.45 10.6
650.16 6.5
652.34 122.3
653.41 18.1
655.17 11.8
657.76 5.5
658.37 3.2
659.62 12.8
660.53 13.8
661.45 80.1
662.27 32.9
664.43 16.6
665.44 23.0
666.08 7.4
667.43 18.6
669.49 26.5
670.41 31.4
671.56 7.5
672.24 5.2
673.46 1.2
674.60 54.2
675.64 38.7
676.51 15.5
677.20 3.8
678.64 39.1
679.67 17.0
680.89 12.4
682.32 3.9
683.52 32.7
684.47 18.9
685.27 8.0
686.31 2.5
687.81 337.2
688.55 225.7
689.30 38.0
690.76 32.3
691.50 5.7
692.21 7.0
693.09 26.2
694.86 22.8
696.53 29.8
697.54 42.6
709.86 6.2
711.45 12.6
712.38 5.7
714.22 8.9
717.26 3.7
718.76 9.6
719.67 7.3
720.50 14.0
729.30 136.2
730.36 28.8
731.53 1.1
735.66 33.0
737.48 2.8
738.88 5.1
741.51 30.3
747.35 240.5
748.28 5.1
750.47 2.0
751.64 1.9
752.59 28.4
753.49 21.3
755.41 2.0
757.50 3.3
759.47 712.0
760.43 43.1
762.83 8.6
763.54 2.8
765.31 132.0
766.04 10.2
771.36 3.3
772.45 1.3
773.55 1.1
775.52 1.2
778.59 16.0
779.33 2.8
782.85 3.1
783.86 9.2
786.63 5.5
792.47 1.0
793.45 9.6
794.32 3.5
795.23 1.2
797.30 13.8
801.65 3.3
803.29 2.4
804.20 6.0
805.75 9.4
806.54 8.1
812.18 7.6
812.78 13.1
813.70 3.1
817.39 1.2
818.52 13.9
820.56 5.6
821.45 14.8
822.84 15.6
826.66 2.2
830.44 291.3
831.55 36.7
832.44 2.5
834.98 6.4
835.66 7.1
838.51 6.4
839.39 8.5
846.50 3.1
847.46 27.8
848.37 202.4
849.32 13.8
850.06 5.4
852.34 5.1
854.80 13.0
858.88 5.6
860.63 1.0
865.35 7.2
866.42 220.8
867.18 14.7
867.82 8.8
869.48 12.9
872.61 16.3
874.45 6.2
875.35 7.1
878.57 34.6
879.37 2.3
881.58 4.1
884.47 2.3
888.09 5.4
890.74 5.2
892.58 2.7
894.83 2.3
896.79 17.6
898.07 17.0
898.76 9.6
899.57 30.2
900.51 8.4
901.54 3.5
902.51 29.0
903.49 2.1
905.84 8.2
907.38 2.1
908.29 4.7
909.59 2.1
912.19 12.7
912.84 3.4
914.38 4.5
915.45 2.2
917.52 364.7
918.61 27.6
929.90 11.0
930.72 3.0
935.29 2.6
940.63 2.7
945.61 15.8
951.02 2.0
952.37 8.1
961.74 2.1
963.72 1.2
966.37 2.3
970.87 2.2
971.71 4.9
974.45 1.2
983.33 11.3
984.44 5.9
987.55 7.5
988.65 59.2
989.56 7.1
993.05 10.1
994.47 4.1
995.31 2.6
996.40 4.6
1006.63 2.5
1009.61 1.9
1011.56 3.2
1012.34 3.5
1013.52 2.4
1014.52 3.6
1018.51 3.5
1022.50 2.3
1032.73 2.5
1039.47 3.0
1040.47 23.7
1041.48 8.9
1042.72 2.7
1044.67 1.4
1050.79 2.7
1051.66 1.6
1052.78 6.4
1054.66 6.3
1064.46 1.4
1069.60 1.5
1071.51 8.1
1074.73 3.3
1078.37 1.8
1079.74 4.3
1081.08 9.3
1087.36 2.0
1089.50 11.4
1093.78 2.5
1106.24 1.7
1108.53 2.7
1111.50 4.6
1112.31 2.2
1112.98 4.0
1118.72 2.7
1126.67 1.1
1131.45 30.0
1132.55 6.1
1134.51 3.2
1135.52 2.3
1140.68 7.1
1141.39 5.3
1149.73 26.0
1150.42 10.6
1155.84 3.6
1158.64 4.3
1164.82 2.2
1166.80 4.2
1169.87 1.4
1176.55 25.7
1177.52 8.0
1191.69 1.6
1198.00 1.9
1200.73 1.4
1206.27 1.2
1209.77 3.6
1217.69 1.3
1218.59 3.6
1225.66 1.0
1235.53 1.4
1236.56 5.1
1237.92 1.1
1245.38 1.5
1248.41 1.7
1249.57 3.9
1255.49 4.2
1260.82 2.6
1264.13 8.7
1265.88 2.5
1295.47 2.0
1356.78 1.4
1373.66 2.1
