1187.56999 2
175.14 88.4
176.32 5.7
178.92 11.6
180.07 3.1
182.20 1.2
190.97 1.5
197.12 16.3
200.99 3.3
205.24 3.8
206.41 3.0
211.96 2.0
212.93 1.4
215.18 43.9
216.16 3.1
221.20 2.0
222.23 3.6
224.22 4.4
225.42 6.6
226.08 10.9
227.16 8.1
231.63 4.2
234.12 6.5
236.17 2.9
237.53 14.2
238.34 16.0
239.27 6.1
241.36 3.4
242.30 6.2
243.15 28.2
244.16 20.7
245.31 1.2
246.34 4.8
248.12 13.4
248.98 6.0
250.22 2.7
252.36 5.1
254.10 1.1
257.27 2.7
258.16 12.3
260.57 1.4
261.36 3.8
262.25 6.1
264.18 1.2
265.17 23.3
266.16 61.3
267.15 2.9
269.54 1.1
271.30 2.4
272.17 3.7
274.32 4.2
278.55 5.6
280.04 4.4
282.19 2.9
283.32 4.1
284.17 3.1
287.36 6.8
289.34 6.8
291.23 3.0
293.22 5.9
294.22 13.4
295.32 8.4
296.16 3.5
298.64 2.9
299.51 4.3
300.35 26.2
301.00 4.1
302.39 1.3
303.20 3.9
304.34 6.9
308.38 4.9
309.93 1.8
311.11 1.4
312.30 18.6
313.38 1.3
315.16 3.3
316.16 3.9
320.24 1.6
321.29 21.9
322.30 3.9
323.42 4.5
325.38 3.1
326.29 1.6
327.28 5.8
328.37 2.0
329.22 1.1
331.23 1.5
334.23 1.9
335.34 16.4
337.25 10.1
338.22 74.7
339.10 13.1
340.17 6.9
341.41 1.0
342.12 7.1
343.33 15.2
344.30 6.9
345.31 2.5
346.56 5.3
348.11 2.2
351.26 10.7
351.96 6.9
353.48 8.2
355.34 23.3
356.33 16.1
357.31 56.8
358.10 4.7
359.31 3.0
361.00 8.4
362.30 11.5
363.40 5.1
365.85 2.6
367.34 1.5
368.38 7.0
369.14 1.1
371.09 5.8
372.31 1.4
375.01 3.2
377.31 1.9
378.37 11.1
379.30 51.7
380.28 46.3
381.45 1.4
382.68 4.4
385.58 17.4
386.33 2.6
387.47 9.0
388.53 3.6
390.26 6.1
393.47 3.3
395.19 13.5
396.71 5.5
397.41 30.0
398.22 1.2
398.90 2.3
401.17 26.2
402.64 13.3
403.36 11.2
404.26 4.9
406.94 16.1
407.94 9.0
411.27 5.2
412.57 5.0
413.37 12.1
414.57 2.7
416.30 31.9
417.25 10.9
418.35 2.2
420.50 3.7
421.25 25.2
422.29 12.7
423.30 10.2
424.33 6.8
425.48 24.4
426.34 2.6
429.73 7.8
431.20 7.7
433.72 18.5
434.54 2.8
439.28 73.1
440.34 13.4
441.24 8.0
442.35 43.4
443.29 11.8
444.35 57.1
445.22 16.0
446.91 11.4
447.84 9.3
451.11 100.0
451.90 33.9
452.58 6.2
453.35 2.7
455.49 32.3
456.35 2.0
457.09 4.4
458.19 7.2
459.37 2.9
460.30 5.7
461.31 14.9
462.22 7.4
463.38 19.6
464.62 241.5
465.40 71.4
466.51 3.0
469.30 26.9
471.61 17.8
472.33 16.9
473.44 3385.8
474.29 24.1
475.61 4.6
478.48 7.2
480.17 165.7
481.31 36.0
482.04 10.6
483.40 1.7
484.23 6.3
485.13 10.6
486.26 18.7
487.29 8.1
488.09 6.2
489.17 10.0
490.49 9.6
491.30 7.2
492.80 10.4
493.93 15.6
498.96 31.6
499.91 10.9
500.53 3.9
501.18 2.2
502.61 1.2
504.22 5.1
505.48 12.8
506.20 3.3
507.55 64.1
508.37 286.8
509.35 44.8
510.16 5.6
512.05 15.0
512.92 19.3
513.52 1.5
515.41 11.5
516.09 8.7
518.32 4.2
519.22 6.2
520.39 24.2
521.53 23.5
522.33 8.7
523.32 8.7
524.47 34.2
525.37 22.0
526.74 12.6
528.05 23.2
529.44 157.7
530.26 41.0
530.87 2.4
531.49 4.8
532.36 6.2
533.25 13.2
534.52 7.5
535.70 1.7
536.39 1.1
537.71 139.1
538.42 26.0
539.31 2.8
540.22 18.8
541.20 36.5
542.58 22.8
543.39 30.2
545.52 36.7
546.34 23.6
547.24 13.0
549.38 59.8
550.32 36.0
551.61 4.7
552.65 28.9
554.00 13.1
554.67 149.8
555.49 47.6
556.50 8.2
557.16 1.9
558.37 29.4
559.25 25.1
560.51 19.4
561.58 23.1
563.55 322.7
564.52 111.4
567.43 107.7
568.46 61.0
569.71 20.9
570.59 13.4
572.48 1121.9
573.49 36.2
574.17 7.7
576.21 331.8
577.03 475.8
578.01 23.2
578.96 20.8
579.87 12.7
582.68 13.0
583.42 2.3
585.54 1025.1
586.37 125.2
587.02 4.7
587.72 1.9
590.39 3.8
596.06 4.6
602.07 7.6
607.31 1.2
608.34 8.2
609.31 2.5
610.00 3.8
611.33 3.1
612.24 7.0
613.19 6.4
615.57 3.2
616.42 7.3
618.35 3.3
619.63 1.4
621.36 36.1
622.46 20.0
624.06 1.8
626.08 1.7
627.38 3.0
636.35 41.8
637.43 5.9
638.29 4.5
639.51 4.7
642.39 75.8
643.41 18.5
644.74 2.6
645.49 4.4
646.19 2.6
647.46 11.4
649.25 3.7
653.36 4.1
660.55 2.7
662.37 27.8
663.40 14.1
664.41 2.3
665.32 9.8
667.47 3.3
668.42 6.0
670.53 4.2
671.29 6.7
676.45 3.1
680.48 449.6
681.41 65.7
682.11 6.5
683.65 5.3
685.42 99.6
686.43 19.4
687.33 20.8
688.43 11.9
690.47 11.4
691.22 12.0
692.44 8.3
695.31 6.2
697.04 9.1
699.35 16.1
701.41 2.4
702.43 11.6
703.39 2.7
704.45 1.8
705.55 7.4
709.41 17.6
710.03 2.7
711.43 2.8
713.54 6.2
714.48 3.4
719.22 1.2
721.37 15.1
722.61 7.9
725.48 3.6
726.19 7.5
727.27 12.0
728.38 7.3
730.22 4.7
732.41 10.6
737.56 2.0
738.53 6.6
739.43 2.1
740.76 6.4
743.33 44.5
744.29 17.6
745.45 1.4
746.31 5.2
748.37 2.4
749.42 74.5
750.43 26.1
752.81 2.3
753.59 5.2
754.61 4.8
756.35 15.9
759.85 9.9
762.59 2.4
765.53 1.2
767.32 18.7
768.50 6.1
770.82 5.7
771.43 57.5
772.39 27.1
774.51 8.2
776.64 3.4
778.57 6.5
779.42 6.2
781.91 8.2
782.94 17.9
783.67 9.5
784.53 1.7
787.90 7.9
788.59 7.6
789.48 49.7
790.51 13.6
791.56 46.4
792.59 14.7
796.65 6.5
797.64 4.7
798.50 1.9
799.55 6.6
800.32 2.1
801.46 6.6
803.86 1.9
806.30 40.6
807.51 6.5
809.47 114.9
810.44 10.1
811.60 1.8
813.92 27.5
814.54 48.4
815.31 4.3
816.45 1.9
817.62 3.2
820.38 1.7
822.58 27.0
824.27 7.7
825.57 4.1
828.25 5.7
830.62 5.0
831.51 15.5
832.46 25.8
833.46 22.2
834.75 1.6
841.96 10.9
842.68 1.3
843.38 3.9
848.07 1.7
848.92 7.9
850.37 76.6
850.98 3.1
851.62 16.6
852.69 6.4
854.47 2.1
855.49 5.6
856.26 2.1
857.36 4.8
858.35 1.7
861.52 2.8
862.48 4.2
864.38 2.9
866.13 3.8
867.57 10.8
868.52 23.1
869.50 7.1
870.63 1.0
873.45 3.8
876.13 9.8
877.66 2.0
878.86 3.5
880.23 1.9
881.66 2.7
882.36 4.4
883.43 6.5
884.45 13.0
885.52 169.6
886.53 88.0
887.70 4.4
889.30 4.4
890.33 5.8
893.61 6.5
894.52 4.7
896.14 2.5
897.22 1.1
898.89 4.2
900.51 14.7
902.37 7.3
903.39 9.3
904.67 1.3
906.50 23.4
907.52 4.5
908.37 4.5
910.56 24.9
911.40 14.7
912.52 11.6
913.40 3.5
919.40 2.6
920.55 3.4
923.51 82.3
924.55 55.0
927.52 17.7
928.46 162.2
929.58 56.1
930.46 9.1
933.98 7.3
939.55 21.2
941.69 36.0
942.57 16.8
943.81 7.0
944.97 1.9
946.45 5.7
949.54 2.4
951.67 11.0
952.59 4.1
953.45 4.0
956.56 10.3
961.70 4.4
962.40 4.7
968.35 16.5
969.43 76.3
970.54 27.1
971.62 5.9
974.60 2.4
975.91 2.7
977.42 2.8
978.29 3.9
979.28 1.9
979.95 2.9
982.04 3.8
985.58 216.8
986.54 90.4
987.56 19.3
991.61 7.4
995.46 20.7
996.51 57.0
997.44 28.3
998.52 4.2
999.65 4.1
1004.15 1.2
1013.43 321.0
1014.53 131.7
1015.54 31.8
1019.46 5.4
1023.21 1.3
1024.60 3.3
1025.65 8.8
1026.47 5.2
1030.54 48.8
1031.52 118.6
1032.60 49.8
1033.68 2.9
1036.58 6.8
1038.69 2.2
1040.29 25.0
1040.98 7.2
1041.62 2.4
1042.54 2.5
1043.23 2.3
1057.41 20.6
1058.50 12.5
1068.51 13.8
1069.65 3.2
1074.83 5.6
1084.56 2.2
1086.77 2.0
1089.34 3.3
1103.64 1.6
1104.70 4.3
1105.68 1.2
1121.15 10.7
1121.84 3.7
1122.77 5.4
1123.64 4.3
1125.76 2.0
1127.38 9.8
1129.82 4.4
1147.57 3.3
1148.78 6.2
1149.63 5.7
1152.59 1.4
1161.41 4.0
1165.72 96.6
1166.61 67.2
1167.75 3.7
