1060.5772 2
151.21 1.1
155.26 2.9
156.32 2.5
157.27 4.2
158.30 5.5
159.25 1.8
164.41 1.9
165.28 3.0
167.17 4.1
168.23 3.1
169.12 3.6
170.03 4.4
173.24 2.0
175.23 128.9
176.03 2.8
178.24 14.4
183.03 3.8
184.05 2.0
184.89 7.0
187.20 4.1
188.02 2.8
194.18 1.8
197.19 17.6
199.79 22.1
201.12 19.5
205.00 5.5
206.95 4.3
210.19 9.9
211.06 13.5
211.98 4.6
212.93 3.3
215.25 13.0
216.24 5.4
217.15 5.4
219.32 4.0
221.20 4.6
222.03 3.4
223.31 2.5
226.18 20.6
226.91 2.2
228.17 50.4
229.14 30.5
230.43 4.4
231.08 4.0
232.77 2.1
235.15 2.6
236.24 10.3
238.19 19.0
239.16 13.7
241.61 1.9
243.11 4.1
244.14 9.7
246.21 69.8
247.03 12.8
248.77 4.4
253.09 14.4
254.34 17.0
256.01 128.6
257.16 7.8
258.09 1.1
261.44 11.3
262.35 4.2
265.20 8.0
266.38 3.4
270.41 17.5
271.36 9.2
272.23 5.5
274.15 218.6
275.23 17.8
276.21 1.3
277.19 6.0
277.97 8.4
280.21 26.9
281.13 3.7
283.26 5.5
285.36 2.6
287.34 9.0
288.24 44.1
289.23 7.9
290.82 5.5
292.58 7.2
293.33 3.2
295.19 6.8
296.19 12.0
297.33 2.8
298.23 4.0
299.19 5.6
300.36 1.8
301.34 2.0
303.41 7.5
304.42 10.2
308.24 1.2
309.25 2.5
312.28 3.3
313.36 11.7
314.35 19.4
315.30 9.1
316.40 1.4
318.93 11.4
319.97 16.7
321.32 15.6
322.08 6.1
323.57 4.9
326.21 10.2
327.38 3.6
328.50 11.5
329.45 16.3
330.40 1.1
331.36 30.9
333.09 21.2
334.34 7.1
336.39 2.8
338.00 81.0
339.27 3.5
341.12 6.5
342.34 8.6
343.44 13.1
344.31 3.1
345.08 5.3
346.13 5.7
348.13 11.4
349.26 5.7
350.40 7.8
351.44 3.4
352.32 8.7
353.99 4.2
355.43 1.1
357.20 12.8
358.48 8.7
359.39 8.4
360.53 5.7
361.34 2.7
362.10 1.1
363.44 11.8
364.17 5.5
365.61 1.9
367.27 8.4
368.37 6.0
369.42 12.5
370.22 5.0
371.18 5.2
372.43 18.7
374.30 4.6
375.59 13.7
376.79 15.2
377.44 2.0
378.46 2.2
379.89 4.8
381.80 24.3
384.42 28.5
385.42 84.6
387.16 61.2
388.15 9.0
388.98 1.8
390.37 5.6
393.28 8.5
394.29 555.2
394.94 156.8
396.92 4.8
398.21 1.1
399.29 22.0
402.19 6.8
403.18 12.7
404.58 11.3
405.21 10.7
407.30 3.2
408.52 3.2
410.07 197.6
411.17 5.0
412.09 4.5
413.54 26.0
414.44 6.3
416.05 119.5
417.06 66.2
418.27 11.8
419.14 2.6
421.70 12.1
422.64 47.6
423.48 2.7
424.56 2.0
426.35 43.9
427.43 74.9
428.34 26.4
429.45 7.2
430.92 10.8
432.95 11.2
434.13 14.1
435.29 10.9
436.07 8.1
437.18 6.3
438.29 9.3
439.36 21.8
440.18 4.5
441.42 6.2
442.21 4.6
443.46 13.5
444.46 205.9
445.43 48.5
447.33 4.1
450.33 19.3
451.34 15.8
452.21 8.5
453.10 7.5
454.50 3.0
455.27 5.9
456.45 24.6
457.32 3.2
458.65 52.9
459.49 30.4
460.29 13.3
461.22 1.8
462.42 6.6
463.21 2.9
463.92 32.5
465.47 7.3
467.32 8.9
467.99 8.7
469.15 16.7
470.38 48.9
471.46 32.3
472.78 25.7
473.82 19.5
474.73 7.4
475.43 6.0
476.96 4.7
478.18 22.7
479.71 10.8
481.54 15.1
482.27 3.0
483.40 8.0
485.09 7.8
486.10 20.4
487.02 20.4
488.28 51.2
489.70 47.4
490.43 25.8
491.41 28.8
492.77 3.1
493.41 4.1
494.43 9.7
495.22 20.3
496.14 21.3
497.97 33.3
499.47 44.0
500.43 29.6
501.42 33.4
502.28 10.4
503.43 19.9
504.44 45.9
506.29 10.6
507.08 48.3
508.23 133.3
509.01 133.4
510.19 24.7
510.95 1.9
512.42 135.1
513.18 212.7
514.13 97.1
515.71 185.8
516.45 75.2
517.79 22.2
518.53 24.7
520.15 8.3
521.71 324.2
522.44 293.8
523.31 8.4
531.70 2.3
535.94 3.6
538.20 4.1
540.64 1.1
543.51 5.8
544.52 1.4
550.60 3.8
552.22 3.3
553.25 2.5
554.33 2.3
555.69 14.2
556.54 74.5
557.66 4.7
558.45 4.8
559.30 5.4
561.42 4.1
563.40 8.8
569.46 1.2
570.55 14.6
571.73 9.4
572.36 2.3
573.40 37.1
574.86 9.0
575.52 1.1
576.67 5.7
577.40 6.3
579.33 3.6
580.39 1.2
581.36 12.5
582.50 13.2
583.37 2.0
587.13 17.3
589.32 12.6
590.19 3.0
593.84 2.3
596.36 24.2
597.40 2.4
599.26 35.8
600.34 13.1
601.80 20.7
603.50 3.5
604.44 6.3
609.12 3.1
613.50 47.7
614.49 71.3
615.44 16.0
617.42 24.1
621.24 7.0
623.20 4.4
629.54 14.3
630.47 6.7
631.43 17.6
632.69 19.9
633.73 10.7
634.36 2.0
637.69 3.5
639.02 4.2
640.63 7.0
647.55 3.3
648.35 5.9
652.34 9.6
654.96 5.6
656.77 23.5
657.39 292.7
658.51 85.6
660.21 1.2
662.60 1.3
670.27 18.7
671.57 2.9
672.90 5.2
674.43 95.6
675.33 61.1
676.62 4.1
677.65 4.9
679.64 2.5
684.79 4.4
685.54 1.3
686.28 8.5
688.14 14.4
689.05 1.5
691.12 3.6
692.15 2.7
694.09 11.5
695.43 7.6
696.37 11.4
698.78 4.4
700.01 4.9
700.69 3.2
702.34 8.2
703.48 4.1
705.44 4.1
706.71 1.6
709.44 21.6
710.77 7.3
712.32 12.7
713.13 9.4
714.42 12.3
715.57 1.7
716.30 1.5
724.16 1.1
725.34 2.4
727.45 50.3
728.50 21.7
729.50 4.4
730.55 5.1
731.31 14.7
732.63 3.6
736.51 5.2
742.63 2.8
743.44 5.8
744.68 5.2
745.49 2.5
746.56 1.6
748.30 5.4
750.51 2.4
752.39 2.6
753.52 9.3
754.42 3.7
756.63 1.2
760.26 1.5
766.52 3.9
770.49 218.4
771.52 68.6
773.66 3.3
777.59 1.1
781.84 5.8
783.21 1.7
785.45 6.3
787.59 36.5
788.50 29.1
790.61 1.5
798.44 1.4
799.26 1.5
802.68 2.4
809.69 2.3
810.97 2.0
814.55 18.8
815.29 2.8
818.78 5.2
822.70 1.3
827.37 2.1
835.58 12.0
839.62 11.8
841.35 1.4
843.58 3.6
844.80 2.1
845.58 13.8
847.58 2.6
853.40 5.1
854.25 2.6
856.30 6.9
858.41 30.2
859.61 22.3
861.62 1.5
867.42 3.8
868.52 20.8
869.45 13.7
870.64 2.0
874.75 3.7
879.26 3.0
881.48 1.7
886.44 209.7
887.54 112.4
888.42 6.5
899.72 8.4
900.34 1.8
903.53 8.5
904.44 143.7
905.54 34.4
906.65 1.8
911.48 1.8
912.34 1.5
914.34 2.0
916.51 8.1
926.77 3.3
927.43 5.4
933.13 4.1
944.55 3.4
946.42 3.7
947.77 1.5
959.20 3.5
961.60 11.1
963.34 1.0
970.24 3.8
991.62 2.0
995.38 1.7
1009.77 2.8
1021.72 3.3
