1272.71184 2
178.21 6.0
182.22 1.8
183.16 5.1
185.24 2.1
187.09 3.2
189.29 4.4
191.17 5.8
194.19 1.8
195.24 3.8
197.21 5.4
199.03 4.2
201.41 8.3
203.13 7.8
205.35 4.2
208.29 6.5
209.17 7.8
211.29 2.3
212.34 1.9
213.42 7.1
215.25 2.6
216.13 4.0
218.04 3.9
221.24 14.2
223.01 4.6
224.28 2.6
225.23 8.3
225.91 2.2
227.26 3.7
228.10 7.4
228.95 6.4
231.05 5.6
231.80 2.5
232.85 3.1
234.13 6.4
235.30 2.2
237.30 8.1
238.31 3.4
239.12 2.4
239.84 3.3
240.79 12.5
241.54 1.6
242.25 2.6
243.14 4.0
244.11 1.2
245.23 12.8
246.45 1.4
249.21 3.5
250.26 12.1
251.14 4.7
254.45 7.1
255.33 6.5
256.10 1.5
257.20 6.9
258.22 3.8
259.31 3.3
261.46 3.6
262.08 3.4
263.34 16.9
264.88 5.4
265.91 5.6
267.25 2.7
268.35 1.7
269.27 1.6
271.24 12.3
272.18 4.3
273.51 3.4
275.39 8.8
276.34 6.7
277.25 8.5
278.29 7.5
279.21 20.5
280.22 12.9
281.30 28.0
283.36 208.8
284.34 23.2
285.11 14.3
286.22 10.6
287.36 16.2
288.24 1.3
289.28 3.1
289.89 1.8
290.58 7.3
291.30 5.5
292.15 6.8
293.26 20.2
294.71 13.0
295.85 4.4
297.24 22.8
299.28 29.1
301.27 3.9
303.20 11.5
305.10 17.7
306.43 13.7
307.14 9.5
309.23 177.0
310.37 85.6
311.37 51.3
312.15 14.0
313.18 1.4
314.36 1.1
315.26 5.8
316.26 8.9
317.24 8.9
318.28 6.6
319.28 4.8
320.27 6.2
321.47 7.2
322.22 2.9
323.40 4.3
324.36 9.6
325.30 24.1
326.21 2.4
327.31 8.4
328.54 7.6
329.26 4.6
331.05 9.3
332.15 3.6
333.00 8.5
334.21 5.6
335.09 1.7
337.26 6.3
338.38 18.1
339.30 5.4
340.48 17.3
341.18 10.3
342.06 2.9
343.12 6.5
344.72 2.0
345.49 13.3
347.33 11.1
349.25 25.7
350.31 7.8
351.33 12.3
352.19 8.7
353.31 18.4
354.47 20.2
355.28 16.8
356.21 10.1
357.21 23.7
358.45 5.2
359.12 1.9
360.36 5.3
361.22 11.2
362.27 3.5
363.19 13.3
364.10 5.5
365.43 7.0
367.28 8.1
368.13 2.6
369.34 36.3
371.00 2.7
372.43 4.8
373.20 2.4
374.10 1.8
375.08 2.3
375.80 3.3
377.27 21.5
378.32 14.4
379.30 5.9
380.29 10.3
381.06 16.7
382.31 8.4
383.14 6.6
384.36 17.1
385.32 11.3
386.19 4.0
387.35 10.1
388.18 12.6
389.18 9.6
390.26 6.2
391.32 8.4
393.25 6.5
394.64 13.0
395.40 1.3
396.28 2.4
397.42 31.4
398.43 4.7
399.04 8.9
399.66 4.9
401.13 57.0
402.24 7.7
403.53 14.9
404.36 6.9
405.07 2.7
405.79 3.4
406.47 4.7
407.53 7.0
408.70 21.3
409.38 29.1
410.23 6.0
410.97 4.4
412.10 9.8
412.83 19.8
413.69 3.8
415.21 22.5
416.27 3.9
417.21 5.7
418.17 9.4
419.18 41.2
421.81 50.2
422.85 14.8
423.79 22.4
424.40 1.1
425.32 2.6
426.44 19.7
427.36 17.0
429.22 12.3
431.09 22.8
432.12 3.0
433.38 3.1
434.46 5.1
435.13 12.9
436.09 10.8
436.76 3.3
437.44 10.7
438.28 15.7
439.37 33.6
440.49 37.5
441.33 5.4
442.55 6.2
443.58 20.4
445.16 45.1
446.40 11.8
447.13 46.9
449.05 31.5
450.36 6.3
451.31 9.2
452.19 10.4
453.34 13.2
454.31 5.1
455.28 8.9
456.40 9.3
457.19 5.6
458.07 7.5
459.19 11.6
460.49 18.9
461.36 5.7
463.31 20.5
464.34 5.5
465.37 15.8
466.13 5.8
467.38 17.9
468.17 5.8
469.24 18.1
471.27 6.8
472.39 20.1
473.30 31.4
474.29 2.7
475.50 17.8
476.51 33.7
477.49 15.4
479.53 13.2
480.20 2.5
481.39 10.7
482.47 10.5
483.16 10.9
485.18 12.6
486.31 8.1
487.33 16.9
488.39 12.0
489.60 4.1
490.59 22.3
491.42 16.3
492.37 12.7
493.12 11.5
494.41 14.2
495.45 11.0
496.70 19.8
497.94 10.5
499.53 5.7
500.59 2.6
501.24 17.7
502.29 20.4
503.14 8.8
504.83 6.2
505.56 18.0
506.44 10.4
507.50 29.0
508.24 11.6
509.29 9.8
511.54 3.2
513.12 5.3
514.46 2.8
515.19 14.6
516.40 5.4
517.64 8.3
518.26 6.0
519.30 19.4
520.50 12.5
521.71 15.9
522.36 27.5
523.26 99.0
524.38 23.1
525.07 11.0
527.32 3.9
528.01 2.0
529.20 1.2
530.19 3.1
531.25 16.6
533.21 21.9
534.36 16.1
535.20 17.6
536.29 11.2
537.43 6.2
538.29 6.3
539.45 14.6
540.15 9.3
541.43 5.6
542.64 8.7
543.76 3.9
544.94 8.2
546.55 7.5
548.26 15.8
549.41 6.2
550.51 18.1
551.16 17.6
552.21 3.1
553.31 9.6
554.46 12.2
555.86 7.0
556.52 14.8
557.44 4.3
558.13 1.7
559.02 8.5
561.38 3.0
562.13 19.7
562.88 6.0
563.53 39.2
564.40 10.6
565.40 20.0
566.37 7.3
567.16 4.7
570.89 8.9
571.60 6.6
572.37 17.4
573.35 30.0
574.23 1.0
575.36 28.0
576.60 59.7
577.37 40.6
578.27 15.8
579.36 29.6
580.45 16.9
581.38 41.6
583.01 8.6
584.43 8.2
585.09 1.5
586.60 16.5
587.55 2.5
588.52 3.5
589.29 2.9
590.42 23.9
591.33 27.1
592.51 38.9
593.39 34.3
594.34 12.7
595.62 18.0
596.45 1.3
597.88 1.3
598.63 2.4
600.30 35.0
601.53 80.7
602.72 13.4
604.20 12.8
605.41 3.8
606.27 4.6
607.44 3.5
608.28 7.3
609.39 26.5
610.36 11.0
612.45 4.5
613.52 8.7
614.35 2.9
616.99 7.9
618.35 217.2
619.38 581.4
620.35 60.0
621.86 10.8
628.25 10.7
635.85 4.6
638.29 2.2
652.27 1.3
654.56 1.0
657.57 1.8
669.07 2.9
672.44 5.2
677.37 1.7
678.69 1.5
684.70 1.5
685.51 5.1
719.68 1.0
733.15 2.3
740.76 2.3
743.56 3.3
750.51 1.6
784.71 1.1
793.29 2.6
795.63 8.8
801.33 2.4
804.26 1.7
811.45 2.8
818.46 2.0
825.58 3.6
828.31 8.4
832.48 7.6
835.50 2.7
842.59 182.3
843.38 7.2
844.83 6.1
849.55 4.2
852.39 6.7
856.65 2.4
863.85 2.3
872.18 1.4
880.16 2.3
890.87 6.3
891.81 3.1
902.52 3.0
907.17 1.4
914.53 3.8
921.74 2.4
945.43 4.1
954.84 5.0
957.07 2.4
961.73 1.7
965.31 1.4
974.26 5.2
986.03 2.4
986.87 1.6
1002.12 3.9
1004.09 2.3
1029.44 3.5
1038.46 3.0
1059.13 1.2
1077.52 1.2
1086.89 4.2
1094.80 5.7
1096.69 1.8
1098.07 6.5
1113.10 5.3
1116.45 1.2
1144.95 2.5
1146.65 2.3
