1258.713470000001 3
122.19 1.3
125.08 2.4
127.99 2.5
129.22 17.5
130.10 3.1
131.18 1.6
141.16 1.2
147.15 4.2
149.32 2.2
150.11 1.1
154.20 2.4
159.07 2.4
161.52 1.6
169.18 3.1
170.26 3.7
171.38 2.9
172.91 7.4
181.36 1.3
185.09 2.0
186.19 8.0
187.11 4.3
192.22 3.6
193.82 5.2
195.51 1.9
198.74 4.6
201.22 1.6
204.28 2.5
205.00 3.7
205.78 2.1
209.10 1.6
213.22 1.0
214.15 6.4
216.46 4.0
217.09 5.2
220.32 2.6
228.13 5.5
229.19 4.5
230.01 15.4
233.79 5.9
240.23 3.9
241.35 8.4
242.25 11.0
243.96 3.7
244.94 13.1
246.00 6.6
246.76 4.9
247.65 2.3
249.10 1.4
250.76 36.6
251.73 3.1
252.46 4.5
253.34 23.8
254.31 2.3
255.83 2.5
257.28 39.9
258.01 21.6
259.24 2.3
261.34 1.3
263.13 9.8
264.06 1.2
264.95 26.3
268.23 2.9
269.63 7.2
270.37 12.6
273.34 134.2
274.20 3.9
275.01 1.3
277.49 25.8
283.38 3.4
284.02 3.1
284.98 3.1
286.50 66.0
287.46 5.6
288.59 5.8
292.39 12.0
293.23 8.7
294.30 2.2
295.25 1.5
296.16 1.2
299.23 5.8
300.18 2.7
300.78 5.5
302.33 8.3
304.08 3.3
306.10 18.6
307.00 109.6
310.18 1.4
313.26 15.5
314.13 17.6
315.20 16.9
316.11 1.1
322.23 31.4
322.91 2.6
324.07 7.1
325.21 9.4
326.13 4.7
327.02 23.7
330.81 82.1
331.82 20.0
332.44 56.6
335.71 6.4
340.40 2.1
342.25 3.9
343.73 13.6
344.47 7.2
346.02 4.0
349.03 11.6
350.07 16.6
350.88 7.7
354.19 1.4
355.17 2.5
357.11 12.0
357.83 46.2
358.78 3.6
359.47 2.1
360.76 2.6
362.44 2.1
364.71 29.3
365.36 7.6
370.59 7.8
372.82 40.1
373.72 11.1
376.34 10.7
377.22 8.9
378.09 6.8
378.75 13.4
382.12 9.4
384.18 12.3
384.88 1.9
386.59 6.9
387.53 55.7
388.43 6.1
390.07 12.0
391.12 8.0
392.25 9.9
392.88 19.0
393.63 13.0
397.66 43.6
399.43 228.1
400.26 4.4
401.88 61.6
402.98 69.9
403.69 2.7
405.47 486.5
406.65 11.8
407.85 96.7
408.85 69.4
409.98 12.8
411.15 67.8
412.15 9.4
413.73 11.3
420.72 2.8
431.38 20.4
432.73 11.6
433.36 1.8
437.42 10.5
438.92 1.8
440.19 5.3
442.07 21.1
443.25 10.9
444.25 2.5
445.25 13.2
447.16 17.9
450.22 4.6
451.08 4.7
451.89 1.9
455.38 2.5
456.53 4.4
457.53 9.8
458.32 3.1
459.19 2.3
460.43 1.0
464.35 19.6
465.03 1.0
468.48 5.3
469.47 5.5
470.46 7.4
473.49 1.1
481.93 5.2
482.95 15.1
486.34 264.9
487.36 64.1
488.77 17.4
490.07 4.1
491.60 1.1
495.21 1.2
497.32 3.8
498.73 10.4
499.35 3.5
500.21 6.7
501.31 2.5
502.35 11.3
503.50 6.0
506.00 3.8
511.25 1.2
513.48 11.9
514.34 9.8
516.42 14.1
526.84 6.8
528.37 35.1
529.30 4.1
530.30 1.8
537.47 1.5
539.87 13.8
543.36 11.2
544.21 15.5
545.38 72.2
546.54 22.9
547.63 4.4
549.02 12.9
551.08 2.9
554.11 3.6
556.01 25.2
556.71 2.5
557.80 12.4
558.99 2.9
560.33 3.2
563.05 1.9
565.02 9.4
565.85 32.4
566.67 6.0
568.99 4.8
572.02 27.5
572.74 4.1
580.61 8.7
581.52 2.9
583.33 2.7
585.48 1.1
587.85 5.2
598.28 14.5
599.41 65.4
600.70 17.7
601.55 29.9
602.33 4.6
603.23 3.5
605.28 6.7
607.87 5.6
615.47 14.7
616.25 2.0
617.51 2.2
625.34 5.8
626.34 3.4
627.55 1.6
628.45 4.9
629.58 6.2
630.65 2.0
635.71 1.7
638.20 2.6
642.54 14.8
643.45 35.2
644.60 5.9
647.29 1.4
651.39 1.7
659.86 9.5
660.49 47.8
661.43 14.4
662.24 4.2
671.60 5.0
680.43 3.1
684.50 1.5
694.65 2.9
696.29 10.9
697.55 1.9
698.79 2.7
710.36 3.3
713.36 5.3
714.42 89.2
715.62 28.2
716.57 1.2
723.66 1.4
726.75 7.3
731.32 1.4
735.22 1.4
744.35 17.4
745.24 6.0
754.62 3.5
767.81 8.1
768.49 1.4
773.79 2.2
787.49 2.5
792.39 2.5
812.55 1.1
814.59 1.6
828.56 20.4
829.43 9.9
830.48 5.0
894.39 1.2
898.62 3.4
909.53 6.3
910.21 1.6
927.47 9.5
928.50 1.2
939.29 2.2
940.57 6.1
948.64 1.9
964.34 2.1
