1716.85215 3
169.23 3.1
173.17 12.5
175.22 7.0
176.31 1.4
177.21 1.5
178.28 3.7
182.74 4.1
185.00 2.9
187.20 2.3
188.06 4.1
197.30 1.0
198.33 2.4
201.14 10.4
202.09 3.9
203.19 3.1
209.26 1.0
210.21 15.8
211.36 2.0
212.28 3.0
213.11 4.2
214.27 2.4
216.31 3.6
224.67 2.9
227.10 3.0
229.22 1.8
231.06 3.5
234.00 3.1
235.28 1.9
236.34 1.3
239.26 6.3
240.05 4.1
242.08 4.9
242.79 1.2
246.25 2.3
247.54 4.5
248.21 7.6
252.33 3.6
255.22 14.7
256.19 21.8
257.58 23.1
258.39 1.7
260.47 1.9
261.43 2.1
262.40 2.7
266.20 3.8
268.25 3.0
269.20 4.7
270.16 11.5
273.18 5.2
274.25 5.5
275.33 4.3
278.56 7.8
283.18 6.0
285.23 9.9
287.63 1.7
288.38 4.7
289.41 5.3
290.30 1.4
291.09 8.2
292.01 1.0
295.15 3.3
297.25 5.2
301.80 1.4
303.33 57.7
304.06 2.5
306.20 3.4
310.09 5.6
312.17 14.7
313.29 2.1
315.05 5.8
316.11 12.1
318.12 1.8
321.16 2.1
322.16 1.8
324.25 4.8
325.01 2.6
326.38 5.5
329.02 17.8
329.87 4.7
332.39 2.8
333.28 2.0
334.31 15.4
335.28 2.0
339.23 1.7
341.31 8.9
342.73 41.3
343.51 4.6
344.21 15.5
344.89 8.8
345.52 10.0
346.62 3.3
348.56 3.0
351.17 19.4
352.35 7.9
353.34 63.1
355.28 3.6
357.13 6.3
358.34 7.6
360.19 3.5
361.46 16.3
362.53 9.2
363.45 4.0
364.17 1.2
368.33 30.2
369.10 2.8
372.29 5.3
373.24 3.1
377.03 4.2
378.35 6.3
379.22 1.6
379.92 1.5
380.84 5.4
381.54 2.8
382.22 8.5
383.27 4.5
385.28 2.5
386.11 1.5
387.44 12.7
388.21 14.1
388.96 16.1
390.45 11.5
391.23 3.5
393.12 2.2
395.01 2.5
397.30 10.2
398.25 10.2
399.32 8.4
400.68 10.3
402.89 6.6
405.14 2.0
406.75 22.3
407.45 4.3
409.19 4.7
409.89 31.4
410.98 5.2
412.09 8.7
414.49 6.3
415.30 8.0
416.70 2.7
417.48 4.3
419.62 4.9
420.38 1.2
423.11 1.9
424.09 12.1
424.69 2.3
425.33 7.4
426.15 2.8
427.22 3.0
427.88 16.6
429.55 7.6
430.26 1.4
431.28 7.3
432.39 173.7
433.31 31.8
434.36 3.9
437.04 21.1
438.23 22.0
439.72 27.5
441.21 167.7
441.93 72.3
443.11 23.1
444.34 13.9
445.26 6.7
446.25 1.3
447.38 4.1
448.50 2.3
450.30 104.4
451.01 22.8
452.41 10.2
453.21 16.3
454.28 5.1
455.48 14.2
456.59 24.3
457.35 1.6
458.39 15.7
459.17 21.9
460.87 8.9
461.88 2.7
464.32 2.1
465.28 5.9
466.30 6.9
468.35 2.6
470.31 21.0
471.25 6.8
472.50 3.2
473.46 7.2
474.35 9.9
475.22 23.9
476.16 2.5
479.07 22.6
479.86 16.8
480.71 9.4
481.44 2.7
482.52 16.3
484.19 42.5
485.17 12.4
487.21 1.4
488.95 178.6
489.76 1.4
490.38 2.3
491.29 5.1
492.61 67.2
493.28 25.0
494.58 1.6
495.38 9.4
497.83 679.6
499.07 19.2
501.26 2.8
502.12 3.4
503.29 71.2
504.65 11.9
506.83 230.5
507.49 26.0
508.37 38.1
510.15 12.8
511.40 5.9
513.11 34.4
514.29 4.7
515.65 22.0
517.27 47.9
518.59 8.1
519.26 19.2
521.53 2.5
522.25 4.0
523.02 7.7
524.80 7.4
525.45 6.6
527.11 41.1
528.19 34.7
529.23 25.9
531.28 12.2
532.34 6.6
533.05 11.2
533.84 6.2
535.07 1.2
536.32 23.2
537.27 23.5
538.40 26.7
539.30 36.3
540.76 31.4
541.53 93.6
542.23 7.0
543.25 8.6
544.18 5.0
545.75 3.0
550.31 280.2
551.42 33.9
552.24 5.1
553.49 16.5
554.45 131.6
555.34 219.7
556.20 101.2
557.33 3.8
559.05 6.1
560.00 1.2
560.72 16.4
561.32 587.2
562.26 8.6
563.66 59.7
564.39 35.0
565.08 6.0
572.87 3.8
573.60 4.2
579.03 2.7
588.68 1.7
591.47 4.3
596.16 3.2
598.94 8.7
601.26 21.5
602.13 6.6
603.84 6.4
607.71 36.9
610.64 7.9
612.47 1.4
615.08 1.3
617.11 8.8
618.36 180.9
619.34 7.8
620.25 7.8
622.58 6.6
623.46 5.6
624.53 2.7
625.23 2.6
628.84 5.4
629.45 4.8
632.40 4.6
634.42 13.3
636.29 8.5
638.46 10.6
641.11 6.3
643.52 79.7
647.21 2.1
648.99 6.2
652.00 2.2
654.07 6.3
656.48 1.7
658.36 9.7
659.22 4.9
663.80 2.7
666.53 12.3
667.43 12.1
669.47 17.0
672.41 1.5
676.44 3.8
678.40 12.1
680.86 2.7
684.43 50.2
685.49 4.0
686.80 20.7
687.47 70.0
688.46 29.2
690.34 8.9
693.90 3.8
695.08 3.3
698.72 7.5
703.51 5.3
705.41 1191.3
706.46 106.8
708.80 16.2
710.37 6.9
717.37 17.9
718.88 5.2
720.68 6.1
721.53 6.3
726.12 3.0
727.37 1.9
728.80 6.0
729.41 7.4
730.40 19.6
731.36 8.5
732.49 2.5
734.21 3.4
735.53 6.3
736.89 5.7
737.75 4.0
738.57 19.2
740.65 1.5
742.55 2.1
743.38 1.4
744.73 5.7
746.05 3.7
747.50 2.2
750.80 6.6
752.56 2.7
753.42 2.7
755.67 5.4
756.84 6.9
757.47 12.4
759.15 4.2
760.62 2.7
761.51 5.6
762.82 3.9
763.57 4.4
764.46 2.2
766.78 3.5
767.61 5.3
771.96 38.1
773.79 3.4
776.66 6.0
777.39 2.7
778.42 1.1
779.39 3.9
780.46 1.7
781.70 1.2
783.13 1.2
786.06 12.9
788.60 3.4
793.48 5.7
794.64 4.3
795.28 6.0
800.47 20.0
802.41 2.0
807.47 5.8
812.42 55.6
813.69 12.6
818.51 60.3
819.42 6.0
827.42 4.8
828.43 13.9
829.30 4.7
830.48 18.2
831.42 4.7
832.71 1.2
841.39 3.3
842.41 2.0
846.60 10.7
847.75 2.9
854.39 6.3
859.18 1.1
863.45 29.8
864.51 30.1
865.29 3.1
866.48 2.2
869.60 4.1
870.77 1.2
872.48 7.2
873.34 2.5
876.34 1.6
881.42 244.8
882.58 47.7
887.35 8.5
888.66 3.1
890.66 2.4
896.33 1.4
899.52 89.2
900.52 22.8
901.32 5.2
905.44 50.3
906.45 6.5
914.36 5.7
915.58 3.3
929.64 13.8
930.59 1.3
939.69 3.8
942.29 1.0
943.40 1.8
954.73 2.9
955.48 1.9
957.38 13.9
958.63 2.2
959.67 6.6
960.81 1.2
969.73 4.3
977.71 5.9
978.41 3.2
987.42 5.2
994.46 3.3
995.48 9.7
996.47 11.9
998.48 7.2
999.37 7.5
1012.63 43.7
1013.59 17.3
1015.56 9.5
1016.54 2.3
1027.14 2.5
1030.39 5.2
1033.56 14.0
1034.46 1.3
1082.64 2.2
1087.45 3.4
1099.66 5.3
1105.43 4.2
1121.92 1.5
1123.15 4.6
1155.80 2.0
1179.56 1.3
1198.56 5.0
1215.19 3.0
1268.97 2.5
