1135.57488 2
175.21 4.6
184.15 8.9
198.24 7.7
204.37 1.2
222.29 1.1
255.24 1.6
259.08 1.0
267.29 2.9
283.17 1.2
285.30 9.1
289.21 2.7
300.07 1.8
301.29 2.3
310.55 2.6
311.92 3.3
327.29 2.3
328.13 8.4
337.19 3.8
340.15 1.3
343.26 4.1
360.28 2.0
367.61 3.1
370.83 7.9
376.15 2.0
409.32 3.5
411.48 2.8
417.86 1.9
418.91 5.1
420.81 5.0
421.54 1.2
422.25 1.1
429.57 1.9
431.10 14.5
432.08 21.3
433.01 1.0
436.47 1.1
437.63 1.4
440.44 1.1
446.19 16.7
447.40 4.3
454.12 9.2
459.10 8.0
460.00 3.8
468.43 1.7
471.43 2.2
472.47 1.4
473.38 3.1
474.62 5.4
479.07 3.2
481.46 2.0
482.72 10.5
484.09 1.3
488.88 10.4
495.85 8.7
498.37 5.9
500.39 3.7
501.69 10.3
505.32 3.7
510.67 1.7
514.68 3.8
515.57 7.3
516.76 8.0
522.02 2.7
524.64 16.7
526.86 1.1
535.96 21.6
537.08 9.2
538.01 33.5
538.85 28.2
540.91 2.9
543.16 10.6
544.63 11.7
545.64 6.3
547.01 258.3
547.98 4.1
550.45 41.8
551.46 61.4
553.71 24.3
556.58 14.1
558.31 7.7
559.75 194.3
560.51 37.3
574.35 3.7
586.59 4.7
594.69 8.2
607.54 2.6
618.57 1.1
644.22 4.0
664.51 21.4
665.72 3.6
666.35 4.4
669.10 1.3
696.46 2.9
700.47 3.4
706.87 5.8
713.42 2.3
718.61 1.2
729.46 2.6
735.54 1.8
775.74 3.4
793.48 3.4
798.79 1.6
816.60 1.6
819.48 4.1
822.59 1.1
835.66 5.4
843.61 1.9
848.52 1.0
857.57 5.0
860.68 4.5
861.62 11.9
873.44 2.8
874.58 3.0
875.30 1.6
878.69 2.3
882.51 2.0
913.75 1.8
916.35 3.9
918.85 3.8
933.52 1.9
934.74 10.1
936.16 5.3
943.74 4.8
944.73 4.2
961.80 8.5
963.56 1.4
979.61 1.9
991.33 2.7
1004.42 4.4
