767.40672 2
115.16 1.1
127.99 3.2
129.43 2.2
131.23 39.8
137.29 1.1
147.16 1.9
148.08 1.2
156.11 23.8
157.09 10.2
158.21 4.8
162.24 4.0
163.11 3.2
166.01 2.7
171.25 3.0
172.22 1.7
182.16 3.5
187.27 5.2
196.00 3.2
197.31 2.3
198.23 2.8
199.10 3.6
200.07 3.8
205.89 3.9
208.09 19.4
208.99 5.1
214.78 13.4
220.96 6.1
222.22 2.0
223.34 4.3
225.16 150.8
226.32 14.2
227.15 31.5
228.09 1.2
228.90 2.9
230.39 3.0
236.01 2.4
237.39 4.5
239.22 4.5
240.37 3.2
242.17 366.7
243.14 20.9
246.05 1.3
248.55 11.2
249.43 2.1
252.03 32.8
256.53 2.2
258.26 2.7
259.37 1.6
262.11 3.2
263.09 2.8
267.00 5.3
268.39 3.2
269.81 14.3
271.09 20.6
272.06 1.4
276.33 2.2
278.47 2.5
280.77 4.6
282.26 2.5
283.80 4.6
286.49 1.3
287.71 3.0
288.63 3.6
289.38 4.7
290.04 50.3
291.08 14.3
294.19 1.8
295.23 3.7
297.20 4.9
298.20 4.8
299.23 13.5
300.18 5.7
302.41 1.8
303.30 7.0
305.28 5.1
308.07 2.8
310.74 15.0
314.51 1.1
318.77 36.1
319.42 5.3
320.72 11.8
323.34 2.0
324.43 6.8
325.16 8.1
326.61 9.8
327.63 45.2
328.34 19.5
332.85 6.2
338.30 3.2
340.20 28.3
341.89 5.1
342.98 16.4
347.88 5.9
348.70 29.8
349.90 6.8
352.92 13.5
354.06 2.4
356.40 8.5
358.23 19.6
360.89 12.6
362.15 6.7
362.81 4.6
365.50 37.0
366.42 82.1
367.05 215.4
367.91 12.6
368.82 9.0
369.79 10.2
370.41 21.3
371.27 1.3
372.11 2.2
372.99 6.5
375.64 489.0
376.30 100.7
377.94 14.0
383.58 3.2
393.39 3.2
400.38 1.2
401.58 2.9
406.00 6.9
410.77 9.7
411.55 8.0
421.51 1.8
427.38 1.1
428.45 22.6
431.16 4.1
437.01 8.5
439.49 1.3
441.51 8.9
442.19 1.1
444.89 7.1
451.32 5.4
452.09 1.9
453.73 14.0
455.57 39.6
459.45 21.7
469.32 14.7
470.56 4.8
472.41 8.2
476.81 15.0
479.64 10.1
481.24 5.2
482.36 4.5
486.92 8.0
487.87 2.3
490.39 3.5
492.56 1.9
493.48 6.4
498.36 2.1
499.41 1.5
502.44 2.1
506.34 4.4
508.27 17.3
510.07 1.6
511.41 2.7
514.56 7.3
522.04 5.2
523.06 5.3
526.30 1287.4
527.37 256.0
530.07 3.3
531.23 2.8
538.37 8.2
547.46 1.0
552.24 6.3
553.79 1.6
568.53 2.3
569.47 1.6
576.09 1.1
578.96 6.8
581.33 2.5
584.55 2.8
585.38 5.8
593.16 2.8
594.50 1.7
595.57 3.1
598.48 3.2
600.27 2.4
606.20 1.8
612.50 15.0
613.54 1.6
620.41 2.2
632.26 8.6
633.64 1.6
634.61 2.7
637.25 81.4
638.40 27.8
640.38 7.2
648.21 2.9
654.44 53.1
655.33 3.3
664.34 4.0
665.93 1.4
692.41 4.8
746.68 4.0
