1027.45085 2
153.09 1.5
156.34 7.7
157.21 4.0
158.22 5.2
159.95 2.9
161.23 4.0
163.04 2.1
167.08 2.1
169.15 1.8
172.27 2.4
173.17 1.6
174.04 1.4
175.24 42.5
176.15 2.7
178.18 5.0
180.20 3.2
181.21 2.6
181.97 1.3
183.19 15.5
184.15 1.2
185.23 8.0
186.04 7.4
187.32 3.0
188.19 13.7
189.28 2.6
191.12 1.6
193.21 3.2
194.19 17.2
195.12 6.8
196.04 1.6
197.41 12.7
199.27 12.1
200.36 5.6
201.18 1.0
202.08 5.3
202.99 1.8
207.17 6.8
209.15 1.0
210.01 3.4
211.11 3.3
212.34 6.1
213.31 3.8
214.03 4.3
215.12 19.7
215.93 5.6
218.16 5.2
222.38 1.3
223.18 3.6
225.27 9.4
226.19 4.3
227.05 9.4
228.07 18.0
228.95 7.4
230.48 1.6
231.48 1.7
232.13 9.0
234.01 6.5
235.14 4.9
236.02 2.8
237.24 1.5
238.16 3.7
240.20 6.7
241.28 5.1
242.15 10.4
243.19 60.1
244.24 12.5
246.05 9.0
247.17 10.4
248.37 6.1
250.12 1.5
251.08 13.5
252.19 9.9
253.22 11.8
254.12 32.9
255.15 30.9
256.00 6.8
257.10 17.3
258.34 12.0
259.52 6.6
261.40 3.2
262.19 2.1
266.08 5.5
267.12 1.5
270.23 65.9
271.14 38.4
272.18 98.3
273.14 22.1
274.16 7.4
275.49 5.0
276.37 2.4
278.16 3.4
279.08 6.3
281.21 3.3
282.13 4.7
283.22 3.4
284.56 11.6
285.26 7.8
286.27 4.5
287.14 4.1
289.10 64.4
290.02 1.6
291.27 8.5
292.07 2.6
294.45 6.0
295.42 8.0
297.29 8.1
299.16 3.3
300.30 1.4
302.03 3.1
303.32 10.7
304.24 44.7
305.24 7.1
306.14 20.9
308.39 1.3
309.36 6.1
310.12 3.2
311.18 8.7
312.25 9.8
313.25 13.5
314.19 21.9
315.33 1.2
316.30 1.2
317.74 21.5
318.72 6.8
320.12 4.2
321.15 6.5
322.06 7.1
325.32 4.2
326.25 2.9
327.41 13.6
328.19 8.0
329.22 10.9
330.20 6.8
331.25 1.5
332.21 1.3
333.14 11.3
334.27 7.4
335.31 4.2
336.24 21.4
337.23 19.5
339.26 13.6
340.01 11.3
341.17 2.9
342.27 2.1
345.40 8.1
346.33 4.6
347.38 9.3
348.26 9.4
349.28 2.9
350.30 8.2
351.33 2.4
352.96 22.2
354.20 8.8
355.25 12.7
356.12 13.1
357.17 6.8
358.14 7.5
359.18 8.2
360.26 18.5
361.12 2.8
362.19 3.6
363.51 14.4
364.85 5.3
365.79 6.3
366.40 4.0
367.50 22.7
368.70 22.7
369.42 35.3
370.16 11.8
370.89 6.1
372.29 29.3
373.59 12.9
375.09 32.5
375.89 44.6
377.50 38.9
378.35 78.7
379.08 2.2
380.02 22.5
381.61 8.3
382.28 6.3
384.04 152.7
384.94 41.7
386.38 16.4
387.17 7.1
388.38 2.9
390.20 14.3
391.16 31.6
392.94 248.3
393.77 27.2
394.67 7.2
395.32 25.3
396.28 10.2
397.29 2.2
399.26 24.1
400.13 13.9
401.35 16.4
402.27 60.4
403.39 17.0
404.31 20.2
405.34 35.1
406.18 16.4
407.24 23.4
408.19 33.1
408.85 1.2
409.63 3.8
410.46 12.3
411.21 10.0
412.46 21.2
413.16 2.8
414.28 22.2
415.20 2.9
416.28 9.4
417.19 1.7
417.87 5.8
419.43 10.9
420.34 4.2
421.56 24.4
422.38 8.5
423.24 24.3
424.28 15.6
425.51 21.1
426.27 31.9
427.46 27.1
428.32 27.0
429.33 31.9
430.25 11.7
431.14 22.2
431.90 3.4
432.95 9.8
434.04 27.1
435.37 32.4
436.47 6.1
437.63 11.3
438.29 4.6
439.30 26.6
440.19 56.2
441.06 28.3
443.15 14.9
444.16 10.1
445.30 5.9
448.49 82.3
449.19 13.6
450.02 19.4
450.78 14.5
452.06 7.6
452.89 38.2
454.12 26.9
455.28 52.1
456.12 53.3
457.09 47.4
457.89 49.5
459.13 16.8
460.55 15.8
461.40 13.2
462.41 26.0
463.78 19.1
464.83 17.0
465.70 31.4
466.34 34.7
467.57 59.1
468.45 62.4
470.02 63.4
471.09 49.6
471.70 21.5
472.31 77.3
473.47 14.2
474.66 27.3
475.37 33.8
476.95 82.9
478.08 61.8
479.05 64.8
480.03 29.9
480.77 61.0
481.43 202.4
482.19 14.1
483.10 63.0
484.11 138.8
485.25 27.8
486.70 108.3
487.36 150.9
488.39 37.3
490.10 518.3
490.94 176.2
492.08 100.8
493.10 11.3
494.31 30.5
496.16 1111.7
496.99 509.9
498.65 409.3
499.42 538.2
500.61 18.2
501.94 58.7
502.91 26.3
503.73 12.1
505.10 1318.5
505.88 225.8
507.22 5.3
514.16 2.3
519.30 2.4
522.30 1.9
524.12 6.2
525.20 5.8
527.36 6.1
528.28 4.1
531.34 21.2
533.00 2.0
534.87 6.3
536.53 1.4
538.24 2.8
539.36 3.4
540.01 1.2
540.95 7.3
542.26 11.5
545.37 2.0
546.28 3.4
547.32 2.4
548.70 5.0
549.41 1.7
550.60 3.6
554.14 4.7
556.78 4.4
557.41 2.9
558.39 14.6
559.35 6.4
562.40 8.4
563.24 6.1
564.41 7.4
565.80 1.7
567.17 2.7
569.68 20.0
570.52 3.7
571.86 16.1
572.68 1.7
575.10 4.9
576.30 13.4
578.67 22.8
580.30 1.6
581.33 11.2
582.35 5.4
583.68 4.0
584.40 4.6
585.14 1.7
587.50 2.1
588.40 14.9
589.49 5.3
590.42 4.8
592.34 6.4
593.47 2.0
594.15 13.5
595.29 16.4
596.11 27.7
598.19 7.5
598.81 1.5
600.28 9.7
601.42 10.2
602.48 4.7
603.40 1.5
606.44 5.3
607.22 2.1
608.18 5.1
609.72 15.0
611.01 15.4
611.63 10.3
612.31 1.2
613.32 10.7
614.73 5.3
617.46 2.1
618.39 14.3
619.67 9.2
620.42 25.1
621.13 4.8
622.60 5.3
623.34 20.4
624.07 2.8
625.14 9.4
626.13 24.8
627.30 9.0
628.27 15.0
629.35 7.6
632.78 15.4
634.50 5.4
635.27 4.6
636.23 10.6
638.20 6.3
639.38 13.5
640.23 3.3
641.89 21.7
643.24 3.3
645.30 12.4
646.26 2.0
648.62 18.8
651.37 7.1
652.40 2.8
653.22 19.9
654.30 16.8
655.28 5.7
656.83 25.6
662.76 18.7
664.12 1.4
665.54 8.4
668.88 11.3
671.41 16.5
672.35 29.1
673.34 7.4
675.58 3.3
676.28 6.4
678.60 4.6
679.40 11.0
680.06 3.2
682.40 17.8
684.43 4.2
685.45 28.9
686.57 19.3
687.93 6.7
689.21 11.6
690.02 2.3
691.27 14.6
694.64 10.5
695.49 9.2
696.67 26.1
697.54 7.7
698.32 8.4
699.60 2.0
701.45 5.4
702.38 7.2
704.56 9.7
705.77 17.5
706.91 14.7
708.32 22.6
709.52 4.6
710.36 3.9
711.30 4.9
712.13 4.3
713.51 10.7
714.47 7.5
716.28 5.5
717.50 1.4
718.62 1.1
720.51 3.1
721.38 3.5
722.39 4.5
723.63 5.7
725.09 22.3
726.42 10.1
731.05 8.0
735.28 3.0
736.41 2.7
737.33 4.3
738.45 36.6
739.34 19.4
740.39 12.3
741.62 3.2
743.54 12.2
746.78 1.5
749.61 20.5
750.41 15.6
751.57 8.3
753.60 3.6
754.47 2.3
755.39 24.7
756.19 17.2
757.01 1.4
758.47 4.9
759.45 9.0
761.28 4.9
762.26 1.0
767.24 4.5
769.66 1.1
770.29 2.3
772.33 2.1
775.70 1.6
776.49 2.6
777.34 3.7
780.51 9.2
782.91 3.0
783.61 2.0
784.41 6.2
785.43 7.9
786.59 5.4
789.48 3.4
792.57 5.6
794.23 7.7
795.93 2.3
797.49 2.4
800.48 13.8
803.47 1.1
804.09 2.3
805.46 1.3
806.55 11.8
807.46 3.8
808.82 1.7
811.83 3.5
813.29 8.9
814.40 13.2
815.43 1.0
822.52 12.0
823.36 4.5
824.32 3.6
825.85 2.4
826.67 3.4
830.18 3.7
834.55 4.1
835.43 3.9
839.23 1.3
841.98 10.4
842.76 12.2
843.53 2.0
850.44 3.7
852.51 13.4
853.48 26.6
854.31 6.6
857.70 4.8
859.76 6.1
861.80 1.8
862.47 1.2
866.30 12.1
869.34 3.7
870.55 11.5
871.28 8.2
878.43 10.5
879.37 5.3
879.98 3.2
890.39 2.2
893.70 2.5
894.40 11.4
895.36 2.6
896.61 13.3
897.74 6.1
898.69 2.0
905.26 5.2
906.65 1.4
907.39 5.4
908.65 2.1
910.44 2.9
911.68 5.0
912.47 1.6
914.32 4.4
915.49 4.9
918.65 2.0
924.38 3.7
941.51 3.7
944.61 1.2
1005.70 1.7
1006.40 5.8
1007.35 2.3
1031.95 2.9
