2239.135959999999 3
215.11 11.2
216.24 51.4
220.25 42.6
221.28 11.7
222.26 16.2
224.29 21.3
226.25 103.3
227.71 35.2
229.42 12.5
230.32 61.3
232.56 7.4
233.25 19.2
234.27 15.7
235.16 17.0
237.41 7.5
238.13 22.4
239.26 18.2
240.20 20.7
241.25 53.9
243.23 151.6
244.29 140.0
245.41 91.6
246.22 609.6
247.27 20.0
248.25 7.8
249.24 40.7
252.20 48.2
253.59 49.0
255.19 51.0
256.20 42.0
257.20 48.3
258.12 33.6
259.25 85.9
261.19 57.0
262.22 9.8
263.20 14.4
265.18 39.9
266.15 55.7
267.22 13.2
268.15 29.1
269.16 12.3
271.31 38.6
272.64 38.9
276.36 30.5
278.02 21.8
280.26 25.8
282.40 81.3
283.31 198.3
284.22 144.7
285.13 9.3
286.27 24.0
288.16 24.0
289.33 70.7
290.24 19.5
291.88 28.2
293.41 18.2
294.23 22.8
295.01 15.8
298.37 51.2
299.35 119.5
300.28 340.9
301.27 315.2
302.20 111.8
306.08 38.1
307.40 12.3
308.33 12.7
309.52 32.1
310.19 15.7
311.30 50.5
314.19 11.7
317.35 852.0
318.25 103.4
319.21 29.4
320.28 13.8
324.36 76.1
325.26 76.6
326.37 12.5
328.30 120.7
330.42 25.5
331.35 24.5
333.36 64.8
336.15 49.4
337.27 224.6
338.10 91.5
339.35 29.8
340.30 41.6
342.12 169.1
343.55 157.3
346.34 129.8
348.18 29.1
349.13 20.2
351.30 78.1
352.29 10.6
352.94 23.7
354.15 25.8
355.36 16.4
358.85 60.0
361.12 53.0
365.32 30.8
367.04 118.8
368.57 45.5
369.93 60.9
372.28 171.8
373.26 59.3
374.36 28.4
375.44 27.1
376.29 15.4
377.25 39.8
378.51 31.6
379.37 19.7
380.49 39.4
381.60 52.5
383.21 10.1
384.11 10.1
385.45 36.8
386.61 85.3
387.23 214.7
388.17 53.4
390.41 70.7
391.48 15.0
392.81 141.9
394.33 380.2
395.30 112.6
396.41 215.2
397.29 132.8
398.22 71.9
399.53 39.8
401.23 539.9
402.05 656.8
403.41 363.0
404.49 287.7
405.60 52.8
408.22 13.8
409.21 45.3
410.46 1063.7
411.58 164.3
412.33 419.2
413.31 246.8
414.29 878.2
415.35 216.7
416.25 77.0
417.36 319.4
418.34 62.1
419.55 13.9
420.46 11.2
421.39 54.4
423.52 20.3
424.38 125.0
425.80 218.6
427.01 9.3
429.42 264.1
430.41 412.1
431.34 8756.9
432.36 1460.2
433.42 173.5
436.28 37.9
437.34 132.3
438.27 111.0
439.83 617.0
440.94 170.3
442.19 45.1
443.64 91.8
446.83 291.6
448.24 194.6
449.14 51.6
451.37 68.2
452.22 61.9
453.94 428.8
455.23 86.3
455.83 29.3
457.37 207.3
458.19 48.0
459.69 160.6
461.17 56.4
464.28 37.3
465.63 145.5
466.25 276.8
466.94 99.3
469.02 75.6
470.39 21.0
471.57 17.0
472.19 25.0
473.46 455.8
474.66 435.5
476.49 17.3
480.18 581.0
481.17 223.3
482.43 499.2
483.28 95.7
484.14 37.2
485.47 25.6
486.24 90.8
487.18 95.8
487.91 154.5
489.02 129.2
490.14 194.7
491.47 59.8
492.36 20.0
494.43 81.6
495.54 352.9
496.62 1116.3
497.63 15.5
498.53 86.0
499.42 106.5
500.75 221.7
501.58 75.2
502.49 48.9
503.40 248.9
504.35 258.7
505.51 346.1
506.70 66.7
507.48 48.9
508.28 66.5
508.99 22.6
510.20 504.9
511.34 231.3
512.28 86.2
513.71 387.8
514.47 679.0
515.46 88.1
516.54 217.9
517.38 106.9
518.37 82.7
519.20 85.6
520.32 76.3
521.42 80.4
523.18 1121.7
524.32 241.3
525.14 130.1
526.41 432.0
527.40 361.2
528.22 105.9
529.00 96.5
530.23 161.4
531.20 296.2
531.95 518.9
533.37 65.5
534.35 274.8
535.55 113.3
537.41 79.6
538.27 472.6
539.16 59.3
540.25 400.9
541.25 303.5
543.05 1384.1
544.36 12875.2
545.48 3022.4
546.87 1375.0
547.91 172.4
549.18 91.0
549.85 96.1
551.57 1791.3
552.35 878.2
553.22 137.7
554.40 138.4
555.42 117.2
556.53 123.9
557.75 344.1
558.53 525.2
559.35 507.8
560.67 3647.4
561.42 1350.9
562.31 148.0
563.22 12.5
564.71 138.7
566.06 154.9
567.33 128.0
568.07 282.7
569.40 159.9
570.82 96.3
571.49 65.4
572.30 7.9
573.24 36.2
574.97 705.7
576.04 513.9
577.03 31.9
578.23 26.1
579.41 230.6
580.50 435.7
581.33 165.6
582.37 237.1
583.44 54.6
584.23 33.2
585.06 75.1
586.76 75.1
588.14 161.8
589.57 1568.3
590.44 341.6
591.52 105.0
592.60 43.0
593.46 129.6
594.79 33.4
595.71 113.2
596.70 477.2
597.45 192.7
598.17 111.7
599.18 57.3
600.37 36.7
602.55 127.9
603.81 248.5
604.68 246.3
606.65 207.6
607.75 688.9
609.11 336.6
610.10 135.6
610.81 38.0
611.50 88.4
615.66 458.9
616.65 1920.3
617.71 246.2
618.86 166.2
619.57 58.3
620.46 50.0
622.39 13.6
623.13 163.6
624.90 1785.6
625.61 513.2
626.51 24.9
628.32 170.5
629.12 284.5
630.05 110.3
631.23 83.4
632.30 522.1
633.03 197.1
633.85 17.8
634.73 35.2
635.46 53.4
636.27 138.8
637.58 765.8
638.40 476.4
639.18 147.4
640.67 276.5
642.14 790.4
643.67 237.4
644.49 133.5
645.78 662.2
646.38 971.3
647.00 1629.1
648.21 460.3
649.45 105.0
650.48 247.3
651.28 71.9
652.17 189.7
653.39 513.5
654.41 1030.9
655.35 270.8
656.31 20.3
657.70 108.0
659.25 119.0
660.27 309.7
661.07 392.3
662.00 185.1
663.62 624.9
664.49 2381.0
665.70 272.2
666.48 621.8
667.45 317.8
668.32 88.0
669.50 80.0
670.39 288.1
671.30 1021.9
672.39 649.4
673.22 2030.1
674.56 412.8
675.51 207.2
676.73 156.3
677.43 580.8
678.42 453.3
679.47 146.3
680.38 177.1
681.41 2108.2
682.05 1624.2
683.73 337.6
684.83 445.4
685.61 240.4
686.42 147.7
687.41 403.4
688.39 470.9
689.22 324.0
690.39 522.8
691.49 16191.1
692.47 5452.3
693.64 1382.5
694.93 456.4
696.03 105.1
697.21 867.0
698.08 505.4
699.13 284.5
700.24 109.9
701.05 202.9
702.31 4067.6
703.08 789.4
704.23 605.5
705.20 44.5
706.38 97.5
707.07 63.5
707.81 52.7
708.86 792.2
710.00 905.4
711.16 14132.2
713.09 144.4
714.12 276.8
714.97 72.6
715.68 68.6
717.08 448.1
718.02 755.8
719.13 809.0
720.07 264.0
721.15 856.0
722.39 421.2
723.32 424.3
724.02 168.4
725.06 554.9
725.98 386.8
726.95 837.9
728.65 311.7
729.61 1245.5
730.28 1798.8
731.15 1167.6
732.28 1390.5
733.18 347.9
734.84 1321.6
735.84 7236.0
737.29 140.4
738.29 98.2
739.72 22.0
750.61 28.2
752.61 192.7
753.35 81.3
756.34 97.7
757.65 1501.6
758.51 345.9
759.25 84.4
761.26 231.9
762.09 158.2
763.26 56.4
764.77 78.1
766.33 6072.8
767.11 5261.5
768.74 208.9
769.52 79.2
770.31 214.0
771.43 255.9
772.66 54.1
773.41 355.1
774.50 353.4
775.15 3729.4
776.07 596.2
777.16 232.4
778.10 208.1
779.46 2075.2
780.47 744.8
781.46 385.1
782.27 363.9
783.21 672.0
784.14 479.6
785.49 142.4
786.69 128.3
787.69 170.8
788.50 442.4
789.38 213.9
790.42 264.0
791.73 486.3
792.68 266.4
793.52 198.6
794.61 86.1
795.34 20.6
796.80 82.4
797.91 7.3
798.96 259.4
799.58 125.9
800.46 252.1
801.52 566.9
802.51 1786.1
803.54 783.6
804.48 99.1
805.47 335.7
806.55 203.2
807.62 72.1
808.36 75.5
809.09 162.7
811.49 115.3
812.32 28.4
813.68 111.5
814.71 58.4
816.99 305.6
818.25 333.8
819.52 9667.5
820.53 3445.7
821.58 624.1
822.70 252.5
823.57 62.1
824.51 19.0
825.80 676.2
826.79 474.5
828.28 94.8
829.67 175.6
831.17 1683.2
832.08 363.9
832.81 57.6
833.83 106.8
834.85 855.9
836.28 194.3
837.07 182.5
838.36 158.5
839.83 5418.7
840.64 3389.6
841.54 181.8
842.47 33.7
843.49 117.7
844.99 319.4
846.25 166.3
847.49 395.1
848.71 7944.5
849.51 843.5
850.58 234.8
851.86 64.1
852.90 99.9
854.09 105.6
855.34 549.0
856.49 185.6
857.45 65.9
858.65 44.0
859.48 36.8
860.35 308.6
861.38 357.7
862.62 631.1
864.35 60.1
866.51 17.8
867.60 62.9
868.33 269.8
869.98 61.9
871.45 37.9
873.55 188.4
874.36 164.9
875.45 110.6
876.76 429.7
878.46 6400.8
879.50 2732.9
880.51 388.7
881.13 14.2
882.72 654.7
883.67 126.3
884.55 97.2
885.33 131.3
886.92 319.2
887.84 1600.9
888.64 283.2
890.08 229.6
891.14 599.2
892.35 887.3
893.46 493.8
894.24 282.2
896.38 3560.2
897.16 2440.3
898.50 121.3
899.80 128.7
900.78 392.0
901.82 118.3
902.61 114.6
903.47 118.8
905.21 4517.2
906.18 971.5
907.60 250.2
908.60 235.3
909.59 130.9
910.26 204.8
910.87 38.0
912.24 365.6
913.39 302.3
914.54 346.0
915.57 180.6
916.81 257.4
917.50 350.6
918.40 273.6
919.32 617.2
920.41 108.5
921.50 64.4
922.66 65.0
923.72 78.1
924.81 109.3
925.80 28.1
926.64 134.6
927.55 22.1
928.36 174.2
929.22 113.7
930.57 882.9
931.59 813.0
932.66 274.3
934.05 226.1
935.37 195.2
936.78 117.1
937.53 28.3
939.48 66.2
940.39 89.1
941.16 54.8
941.80 12.4
942.86 39.9
944.46 203.7
945.33 171.9
946.41 100.0
948.56 2569.3
949.59 938.7
950.52 259.8
951.47 117.0
953.46 528.9
954.23 403.1
956.49 26.5
957.45 51.2
958.69 117.8
960.78 294.7
962.23 1925.1
963.21 456.5
964.20 42.4
965.29 158.9
966.68 70.5
967.82 182.8
968.76 245.9
969.73 331.7
970.69 165.5
971.43 46.4
972.36 172.4
973.61 348.0
974.77 301.9
975.83 382.2
976.81 358.1
977.60 50.0
978.73 42.9
980.41 429.4
981.43 211.1
982.23 123.1
983.53 28.0
984.46 129.2
985.44 132.1
986.55 140.3
987.63 57.9
988.99 735.2
989.75 654.8
991.45 5219.2
992.55 1968.5
993.73 367.1
994.67 65.2
995.86 143.7
996.81 171.9
997.50 1010.7
998.16 1790.5
999.05 25.4
1001.60 47.5
1002.20 15.4
1003.49 198.2
1004.61 104.4
1005.45 285.3
1006.38 270.9
1007.54 892.9
1008.51 332.9
1009.50 43.8
1010.59 292.8
1011.51 361.0
1012.34 359.7
1013.64 19.1
1015.34 467.2
1016.22 606.6
1017.51 124.1
1018.18 10.2
1019.78 231.7
1020.71 28.1
1022.05 167.4
1023.03 136.1
1024.34 1561.3
1025.32 1102.9
1026.39 128.5
1027.27 48.8
1028.48 344.3
1029.48 170.2
1030.57 49.2
1031.58 174.0
1033.36 3863.1
1034.16 955.7
1034.84 82.1
1035.69 61.2
1036.51 162.8
1037.43 49.5
1038.32 151.5
1039.62 172.8
1040.48 216.3
1041.28 101.6
1041.92 94.5
1044.50 238.3
1045.72 1020.7
1046.83 948.9
1047.74 781.1
1048.69 208.4
1049.77 92.8
1050.64 46.2
1051.67 35.2
1052.65 31.4
1053.76 192.6
1055.34 470.8
1056.27 59.6
1057.45 91.9
1058.67 20.5
1059.59 67.6
1060.75 21.6
1062.54 1605.9
1063.45 372.0
1064.52 334.5
1065.36 35.2
1066.46 63.3
1068.47 22.9
1069.55 41.8
1070.39 29.7
1071.78 147.9
1074.05 17.7
1074.93 130.9
1075.96 180.3
1077.80 41.9
1078.69 21.6
1079.51 22.7
1080.45 8.5
1081.60 111.7
1082.47 88.4
1084.62 131.5
1085.56 287.5
1086.46 117.6
1087.52 42.1
1088.59 192.4
1090.15 94.5
1091.70 118.6
1092.71 232.2
1093.71 228.9
1094.55 23.3
1095.57 54.3
1096.65 43.1
1098.88 11.7
1099.99 18.1
1101.58 259.5
1102.63 1975.4
1103.68 1135.0
1104.61 316.0
1105.54 232.6
1106.67 61.9
1108.57 31.3
1109.63 22.4
1110.48 16.3
1111.58 34.3
1112.61 29.0
1113.68 13.5
1114.69 51.9
1116.79 23.0
1117.44 35.6
1118.45 10.5
1119.70 2419.2
1120.62 6636.6
1121.59 2102.2
1122.59 665.8
1123.44 63.5
1125.10 70.2
1125.74 33.7
1126.45 9.3
1127.62 24.7
1128.77 51.4
1129.68 19.4
1134.36 228.9
1135.47 42.0
1136.56 85.6
1137.91 60.5
1138.58 24.0
1141.36 39.8
1143.97 34.1
1144.82 27.3
1145.47 66.4
1146.63 31.6
1147.52 27.0
1148.67 116.8
1149.90 39.2
1150.58 36.3
1153.49 20.2
1157.76 13.5
1159.81 58.0
1160.53 96.6
1162.10 85.2
1162.75 26.3
1163.87 22.1
1164.63 13.3
1165.64 8.0
1166.75 29.3
1167.35 16.6
1170.77 36.5
1172.30 14.3
1172.91 30.7
1174.22 31.5
1176.04 21.3
1177.63 1552.9
1178.69 768.5
1179.71 219.7
1181.68 37.0
1182.75 64.6
1183.85 44.6
1185.71 17.0
1186.47 34.5
1187.33 23.8
1188.59 50.1
1189.34 11.3
1190.60 39.0
1191.60 133.0
1192.57 55.0
1193.63 19.7
1194.58 154.1
1195.66 107.7
1196.60 67.0
1197.48 50.9
1199.79 38.0
1200.48 22.4
1203.64 89.2
1204.53 86.1
1205.33 15.8
1206.37 36.1
1207.65 100.5
1208.78 36.7
1209.61 34.1
1210.68 68.4
1211.73 22.1
1213.54 106.0
1214.66 97.8
1215.56 133.0
1216.68 83.5
1217.72 41.3
1218.65 20.0
1221.60 181.8
1222.63 157.4
1223.77 44.7
1229.55 36.7
1231.46 893.2
1232.90 350.3
1233.90 134.1
1234.64 38.1
1235.40 48.5
1239.49 71.1
1240.66 24.0
1241.50 83.2
1243.10 17.8
1243.99 43.9
1244.72 25.5
1246.73 35.0
1248.69 630.5
1249.78 370.5
1250.71 117.5
1251.65 55.2
1252.90 8.1
1254.56 64.6
1255.52 33.8
1257.70 13.5
1259.09 26.4
1259.85 64.8
1260.83 11.8
1262.64 66.6
1264.72 48.5
1266.40 15.8
1267.62 96.7
1268.70 48.6
1272.33 28.5
1273.44 54.5
1274.45 59.5
1275.77 106.9
1278.67 29.3
1282.19 64.1
1282.82 13.4
1283.54 48.0
1284.60 13.4
1286.79 123.5
1287.96 36.8
1289.02 36.0
1289.79 138.6
1290.55 69.6
1291.70 753.5
1292.73 621.3
1293.81 98.1
1294.69 31.5
1295.83 37.2
1298.82 45.6
1299.61 32.7
1301.65 25.1
1304.68 15.3
1306.87 89.2
1307.53 142.5
1308.78 53.6
1309.65 30.8
1310.94 23.2
1311.82 11.4
1313.73 19.8
1315.78 29.6
1317.20 71.5
1319.26 23.6
1321.88 10.7
1326.75 16.6
1327.76 22.4
1329.95 25.6
1330.76 9.3
1333.68 33.0
1334.76 22.6
1335.74 47.0
1337.82 61.9
1344.86 38.7
1347.59 16.7
1348.81 13.0
1350.22 15.5
1351.89 18.8
1352.99 83.0
1353.94 20.4
1354.67 34.2
1355.75 42.0
1359.24 34.1
1359.87 28.5
1361.08 46.2
1362.23 133.2
1364.61 34.2
1365.78 28.9
1367.60 10.4
1368.65 12.9
1369.45 7.3
1370.49 9.9
1372.26 22.7
1372.90 79.4
1373.93 36.1
1377.78 36.7
1378.77 31.0
1380.10 147.9
1380.88 16.4
1381.86 83.7
1386.32 11.7
1387.18 19.9
1393.50 21.4
1395.78 7.8
1396.96 55.8
1398.83 24.8
1401.74 23.7
1402.74 229.9
1403.78 247.4
1404.60 123.3
1405.90 51.4
1410.56 37.0
1412.06 12.4
1416.73 51.5
1418.73 15.9
1420.62 619.6
1421.79 358.6
1422.84 70.4
1425.24 54.4
1427.90 17.5
1431.79 65.8
1432.53 28.4
1435.89 33.6
1436.77 66.0
1438.82 11.1
1445.12 19.1
1448.47 65.8
1449.26 7.5
1449.96 47.3
1463.71 20.6
1465.87 15.1
1466.80 8.2
1467.79 57.4
1468.96 41.5
1479.07 8.5
1486.99 40.6
1490.45 22.1
1492.88 19.2
1493.68 29.0
1508.78 35.9
1510.63 45.8
1514.87 54.3
1517.13 37.2
1521.70 12.0
1522.65 27.7
1524.06 19.7
1531.62 56.9
1533.49 58.7
1534.77 16.7
1544.84 11.3
1547.97 69.4
1549.00 102.6
1550.01 24.0
1550.93 10.4
1557.79 13.3
1560.27 20.6
1562.14 19.1
1562.83 49.6
1565.41 10.1
1567.76 22.1
1579.96 66.7
1600.19 65.9
1606.41 42.0
1610.21 60.1
1617.65 15.9
1633.77 59.7
1636.84 42.5
1643.70 34.1
1646.42 20.4
1662.09 19.8
1673.83 31.2
1678.87 32.3
1679.57 16.6
1681.02 53.7
1717.62 19.2
1817.99 8.7
1821.71 26.6
1835.19 44.4
1856.45 13.6
1893.89 24.1
