1029.59392 2
155.02 13.5
157.43 156.5
158.17 37.6
159.14 1022.2
160.14 27.1
165.11 10.5
166.31 7.4
169.10 38.2
171.37 7.2
173.24 9.4
175.14 874.9
176.28 24.9
179.29 33.5
182.36 9.7
183.25 43.5
185.14 3537.4
186.17 277.9
187.11 969.2
188.19 58.9
189.28 5.3
195.21 6.3
197.22 6.0
199.43 15.4
201.20 84.8
207.33 20.9
210.06 44.8
211.13 24.0
213.16 4487.5
214.34 189.6
215.17 57.6
217.13 83.4
219.89 12.2
222.20 8.6
223.09 18.1
225.03 37.7
226.21 6.5
227.08 50.1
228.29 62.5
229.26 262.6
230.19 26.8
231.18 6.0
233.15 33.6
235.35 18.8
238.49 45.8
239.20 50.1
240.08 9.3
241.15 12.8
242.48 60.6
243.34 37.7
245.11 945.1
246.18 2739.2
247.31 162.7
253.40 7.9
255.30 9.1
256.36 39.2
257.44 21.2
258.29 10.5
259.27 12.5
260.14 6.0
261.32 34.5
262.04 6.6
263.29 20.4
266.31 10.5
268.30 57.0
269.19 23.3
271.39 39.0
272.06 57.2
273.20 10.9
274.10 16.8
279.46 16.8
281.28 67.1
283.16 42.6
284.10 63.9
285.92 15.5
288.21 14.7
294.20 6.4
296.15 38.6
297.20 30.8
298.29 50.9
300.17 38.5
301.49 28.5
302.97 11.6
304.23 35.2
307.17 8.6
308.11 35.4
310.35 20.7
311.63 11.0
312.28 14.8
313.29 33.3
320.02 9.4
321.10 53.4
321.91 25.8
324.10 176.3
325.23 14.2
326.43 28.1
328.23 2128.8
329.27 205.7
330.15 40.7
331.21 36.9
333.52 6.6
335.15 23.0
336.46 8.0
338.05 11.1
339.44 52.6
340.25 26.0
341.37 82.4
342.36 290.9
343.11 13.8
344.19 173.8
345.53 6.8
350.27 36.4
351.20 14.2
352.30 120.7
355.26 266.8
356.29 16.3
358.20 1038.8
359.31 5329.5
360.37 323.9
364.03 28.4
365.42 25.0
367.28 9.8
368.21 17.7
369.98 55.6
372.51 30.0
376.34 12.3
377.87 91.8
378.55 26.4
379.26 23.2
382.47 72.7
383.87 30.8
385.33 96.4
386.25 48.6
388.61 33.0
389.36 22.8
390.28 6.6
392.21 135.3
392.98 224.3
394.17 186.2
394.93 55.5
395.56 10.3
396.45 22.3
397.36 7.8
400.33 449.5
400.97 192.5
402.07 81.2
406.01 43.1
407.36 89.7
409.20 249.7
410.28 5.6
411.40 156.0
412.44 75.7
413.40 606.9
414.42 64.0
415.31 14.3
416.52 10.6
417.99 19.5
419.97 164.5
421.90 40617.1
422.86 1442.0
424.26 72.2
425.26 353.7
426.09 257.1
427.36 81.1
428.12 20.8
429.26 423.9
430.04 47.7
430.82 22.2
432.24 54.8
433.67 216.1
434.81 285.5
435.53 288.9
436.23 9.8
437.27 190.5
438.04 49.1
439.27 644.8
440.27 51.3
441.38 296.2
442.48 155.7
443.28 17.9
445.13 44.1
447.57 44.8
448.59 108.6
449.46 211.0
450.29 106.3
451.36 91.4
453.17 138.3
454.25 153.0
455.24 130.3
457.16 3517.2
458.06 393.7
458.95 64.0
460.34 13526.7
461.36 1123.9
462.11 5.4
462.82 14.2
463.83 41.8
465.98 1256.9
467.31 97.7
469.45 39.3
470.57 575.1
471.26 752.4
472.40 150.6
473.43 46.1
474.22 8.7
475.88 33.2
478.22 14.3
479.50 68.6
480.47 31.1
481.49 32.4
482.39 10.1
483.47 132.5
484.56 170.1
485.77 17.2
486.44 39.5
487.36 28.6
488.90 62.0
489.76 64.5
490.78 7.8
492.21 427.8
493.26 148.5
494.22 23.2
495.65 15.2
497.38 2459.8
498.44 881.8
499.81 190.6
501.26 10.3
506.44 9054.9
507.35 553.8
509.17 31.3
510.43 8.9
512.86 6.8
514.52 9.3
515.28 21.9
518.24 16.8
521.35 8.4
524.40 104.7
525.38 330.5
526.47 25.2
527.15 14.3
532.53 16.8
533.37 12.2
534.26 42.4
534.93 36.4
536.31 10.2
538.27 98.4
540.15 198.2
541.78 77.2
542.44 981.0
543.49 44.5
549.41 17.3
550.32 10.7
552.32 798.5
553.26 102.8
554.20 66.8
555.46 271.4
556.37 88.7
557.39 42.1
558.41 80.1
559.47 7.5
560.42 8.1
564.46 11.8
565.39 32.8
566.34 10.2
570.30 3624.5
571.42 375.8
573.40 6540.6
574.50 821.2
576.49 37.3
582.40 172.1
583.47 22.5
585.49 78.6
588.48 21.1
589.89 26.8
591.95 19.5
595.35 19.7
597.34 18.0
598.30 7.8
600.41 12.2
609.12 15.5
613.03 6.6
614.41 15.9
617.14 49.8
618.64 9.7
620.27 40.1
625.46 32.1
626.44 35.9
627.39 53.6
628.22 9.8
629.23 7.0
635.21 196.1
636.16 10.7
637.32 25.1
640.23 17.0
641.60 82.9
643.33 73.7
644.28 8.7
644.91 24.6
649.02 45.5
650.71 38.3
653.33 1615.6
654.38 242.0
655.59 23.8
656.34 61.1
657.26 13.9
664.25 12.9
666.59 21.6
667.86 61.1
669.52 11.7
671.33 1956.2
672.38 422.0
673.43 22.1
674.41 198.0
675.45 27.9
677.61 10.5
679.59 9.5
682.04 10.5
683.76 89.8
684.55 296.7
685.50 136.6
694.84 16.3
696.37 24.3
697.27 97.7
698.35 53.8
702.51 4646.6
703.53 742.7
706.40 18.5
708.79 8.4
710.43 49.2
711.58 29.6
712.46 17.5
714.40 12.8
715.43 44.2
722.30 27.8
724.28 42.0
725.28 11.4
726.29 17.4
727.36 15.1
728.59 79.6
729.29 49.0
731.29 58.6
738.70 29.4
739.55 54.6
740.57 27.6
742.36 170.3
743.90 20.4
744.70 8.5
745.48 112.8
746.30 42.7
748.37 141.5
749.33 47.6
756.33 159.2
757.23 37.3
761.45 9.5
762.74 7.8
766.34 1529.5
767.51 158.0
768.59 5.4
769.97 21.8
776.69 8.5
779.58 10.7
781.47 25.2
782.53 13.4
784.38 1614.6
785.42 446.2
787.60 15.1
788.46 9.4
792.74 8.6
794.65 22.2
797.48 29.5
799.45 2496.8
800.46 854.2
801.65 12.2
802.54 11.8
809.28 77.1
810.44 54.5
811.43 31.3
812.18 6.4
814.41 19.1
817.49 36035.9
818.55 5347.2
819.69 25.4
820.56 72.0
821.47 26.0
825.89 52.1
826.61 5.6
827.49 37.4
828.44 13.6
829.36 9.0
837.48 566.8
838.24 107.0
838.91 68.1
840.43 9.1
842.44 7423.2
843.47 2279.9
844.51 386.4
853.60 21.1
855.43 1029.7
856.44 191.4
857.23 14.0
861.69 9.0
874.47 49.1
875.29 15.8
880.52 7.3
882.86 30.7
884.70 7.8
886.59 45.3
896.50 186.0
897.62 11.8
898.90 52.3
905.24 15.8
912.56 137.1
913.63 37.7
923.62 14.6
930.59 1290.1
931.58 201.5
940.63 113.5
941.58 33.0
942.76 15.1
957.57 35.6
