2212.10063 2
308.39 2.1
309.21 5.2
310.31 7.7
311.27 5.2
312.47 2.2
320.18 1.4
324.71 2.4
326.25 5.8
327.23 7.9
328.19 1.5
329.36 5.6
330.33 2.4
336.36 4.7
338.37 7.7
342.44 5.2
343.35 4.8
344.71 3.8
345.36 20.9
347.20 2.6
348.17 2.2
351.18 2.1
353.49 4.0
355.14 9.7
358.26 1.4
360.34 1.0
362.15 4.6
363.22 7.1
364.10 2.2
365.29 4.9
367.56 4.2
369.42 1.9
370.34 5.8
371.47 1.6
372.19 3.9
373.13 1.8
375.24 6.2
376.13 1.4
377.01 2.4
381.32 7.7
383.42 4.3
384.46 1.7
385.57 2.1
386.20 1.1
389.42 4.5
391.19 5.3
392.11 12.9
393.18 12.7
394.50 3.4
395.20 6.5
397.35 41.8
398.40 11.8
399.38 2.8
400.29 3.9
401.29 6.0
402.96 1.4
406.30 2.6
409.25 6.2
410.09 8.6
411.52 3.6
412.28 3.7
414.06 4.1
417.34 5.1
419.34 6.4
420.25 4.6
421.13 2.8
422.21 13.2
423.10 10.5
424.36 6.3
425.01 1.3
426.20 3.7
427.33 11.1
428.48 6.3
429.47 3.4
430.41 16.7
431.38 18.8
432.15 2.3
434.34 3.1
436.25 5.1
437.38 15.0
440.34 18.0
441.37 3.1
442.99 2.5
445.46 5.9
446.52 2.6
448.13 12.9
449.22 9.0
450.34 5.9
452.36 3.8
453.36 4.7
454.47 10.4
455.50 2.1
456.14 15.8
457.72 9.0
458.38 33.3
459.30 14.6
460.44 9.1
462.56 1.3
463.28 2.9
464.61 3.3
466.40 13.3
467.34 12.0
468.18 2.7
469.14 3.7
471.24 4.9
472.10 2.5
475.35 5.1
478.40 5.0
479.33 2.1
480.22 1.4
482.26 16.2
484.33 305.1
485.43 36.1
486.33 5.2
488.54 8.0
489.44 3.0
490.43 2.2
492.37 3.5
493.18 1.1
494.40 18.4
495.02 1.7
496.47 8.3
497.46 4.9
498.40 4.0
499.21 2.9
500.37 13.2
501.38 5.4
502.47 5.8
503.39 2.0
504.54 1.2
505.16 6.3
506.44 8.4
507.33 2.9
508.30 3.0
509.26 1.5
511.47 5.6
512.59 1.7
513.46 10.3
514.20 8.5
516.38 16.3
517.24 11.2
518.16 2.0
520.38 15.3
521.24 13.3
522.33 10.0
523.28 14.2
524.27 4.3
525.45 7.9
528.32 1.9
531.18 1.2
533.58 5.1
534.80 7.7
535.57 5.1
536.65 5.1
538.19 14.5
539.24 11.6
540.44 9.1
541.52 54.8
542.57 9.6
543.69 5.6
545.17 2.4
546.43 4.4
547.41 1.4
548.38 4.3
549.47 4.4
551.28 10.1
552.48 9.1
554.22 1.1
555.40 17.1
556.36 9.3
557.98 6.9
559.41 63.6
560.47 9.3
562.34 1.9
563.42 6.8
565.55 6.6
569.37 11.3
570.50 10.5
571.42 4.7
572.50 6.5
573.32 5.5
574.35 1.4
576.76 8.2
577.54 1.2
578.85 8.7
579.65 15.1
580.50 4.1
581.74 6.4
582.47 3.4
583.28 4.2
585.19 5.2
586.68 2.1
588.05 7.0
589.55 18.2
590.40 1.8
591.70 2.7
592.56 7.5
593.25 2.4
594.21 3.1
597.39 153.2
598.39 20.3
599.43 4.4
600.72 4.5
604.42 5.7
606.56 6.7
607.21 4.2
608.65 3.1
609.46 1.4
610.65 5.0
611.46 3.9
613.32 5.9
614.02 1.6
616.46 3.7
618.45 1.2
619.21 5.8
620.48 3.0
623.26 14.8
624.39 17.3
625.45 13.1
626.30 11.8
628.53 2.8
632.54 9.1
633.47 2.4
634.46 21.1
635.11 2.0
636.45 6.5
637.28 13.3
638.56 4.0
640.57 5.9
641.63 6.2
642.46 23.5
643.46 5.9
644.18 3.9
645.63 2.4
646.72 5.5
647.48 12.5
648.29 9.6
649.36 8.4
650.15 4.5
652.13 18.9
653.41 11.4
654.35 1.7
655.50 22.2
656.54 3.2
660.43 57.2
661.32 5.9
662.38 4.8
663.27 12.6
664.44 24.1
665.42 16.3
666.71 2.2
667.68 4.9
668.49 3.6
669.52 30.0
670.51 13.6
671.57 7.0
672.50 13.4
673.42 7.7
676.42 9.1
677.62 2.9
678.53 1.7
679.16 1.5
680.49 2.9
682.00 8.7
683.25 7.4
685.53 2.2
686.39 4.3
687.35 6.5
688.92 8.8
690.14 32.4
690.77 2.2
691.52 6.3
694.66 13.6
695.40 3.4
697.70 3.1
699.38 21.0
700.35 9.8
701.32 5.7
702.71 5.4
703.48 6.5
706.51 5.8
707.38 15.2
708.40 76.2
709.52 35.1
710.59 13.2
711.92 1.9
712.56 5.1
713.33 1.1
714.55 10.1
716.63 2.6
717.30 6.1
718.56 6.3
719.43 8.7
721.26 6.8
724.42 6.5
725.52 84.4
726.53 16.6
727.42 15.5
728.53 2.9
730.78 12.1
733.65 2.9
734.30 1.6
735.35 21.9
736.48 22.2
737.50 3.8
738.57 12.0
739.63 11.1
741.14 6.4
744.18 11.2
745.65 7.7
746.81 10.3
748.49 3.2
749.92 2.9
750.55 4.4
751.47 1.1
753.44 38.8
754.53 23.9
755.48 4.9
756.57 10.9
757.65 6.2
758.49 7.6
759.37 9.6
761.54 9.6
762.61 8.7
763.31 2.6
764.71 2.7
765.55 6.4
766.59 4.7
767.37 5.0
768.86 3.7
769.84 11.2
771.49 50.9
772.41 26.8
773.46 17.8
774.44 7.4
775.42 9.8
776.40 29.2
777.18 6.2
777.83 7.7
779.40 13.8
780.36 14.6
781.69 7.6
783.28 23.2
784.46 9.8
785.54 7.1
786.48 3.5
787.39 13.0
788.10 2.6
789.45 102.2
790.76 33.6
792.01 11.1
793.38 13.5
794.09 3.4
795.49 7.4
796.48 10.5
798.99 12.0
799.73 2.9
801.01 2.0
801.64 2.7
802.47 12.2
803.29 11.6
804.34 4.2
805.18 1.3
807.55 6.0
809.09 14.3
809.82 2.7
810.81 8.4
811.60 17.7
813.08 9.2
815.53 7.3
816.35 5.9
817.20 1.4
818.25 6.3
819.03 11.0
819.86 1.8
821.52 8.4
822.69 15.7
823.59 5.9
825.19 20.2
826.33 2.2
827.49 17.9
828.43 4.0
830.14 23.6
831.43 3.8
832.36 10.7
834.89 3.2
836.69 51.6
837.58 11.5
839.07 18.4
840.41 14.1
841.48 12.2
842.43 3.4
843.43 11.8
844.59 1.2
845.48 1.4
846.77 2.7
847.77 12.5
848.58 5.2
849.54 24.3
850.60 17.4
851.64 18.1
852.72 2.8
854.49 215.9
855.56 64.7
856.51 14.9
857.47 31.7
858.57 8.2
859.43 8.8
860.51 17.5
861.74 6.3
862.74 2.2
864.55 1.8
865.32 1.3
866.44 29.5
867.45 32.3
868.48 14.6
869.10 2.2
869.95 5.5
870.77 6.7
873.71 4.1
874.62 10.3
876.76 9.0
878.63 36.8
879.46 25.9
880.51 13.9
881.60 1.4
882.31 18.2
884.62 58.9
885.48 20.7
886.47 19.9
887.23 11.0
888.63 1.8
890.67 2.9
891.54 6.4
893.14 7.9
894.60 14.4
896.35 11.2
897.32 2.9
898.39 13.7
899.17 5.0
899.81 1.7
900.53 6.1
901.79 31.2
902.54 104.8
903.69 52.4
904.48 10.3
905.53 3.6
906.55 9.0
907.37 5.5
908.33 9.4
909.59 5.9
910.46 19.1
911.85 20.7
912.88 3.8
914.59 5.2
915.28 2.2
916.28 6.0
916.97 9.3
917.73 5.4
918.65 4.2
920.22 18.5
921.74 2.6
922.86 13.1
923.56 3.8
924.59 15.9
925.56 5.8
927.43 10.1
928.59 3.2
929.41 6.5
930.44 14.7
931.56 3.8
932.62 6.0
933.59 8.7
934.51 7.6
935.21 6.5
937.79 18.5
938.67 7.7
939.78 18.0
940.68 2.4
944.52 7.9
945.50 12.0
946.57 5.4
948.22 13.7
949.46 14.8
950.53 7.8
952.19 5.5
956.21 1.8
956.93 19.6
957.62 8.1
958.78 10.0
959.57 22.1
961.32 4.5
963.58 7.9
964.50 6.6
966.31 1.4
967.58 99.1
968.54 43.4
971.77 5.1
972.79 5.1
974.64 2.8
976.51 3.8
977.13 1.5
978.50 1.3
979.50 7.1
981.20 28.9
982.21 42.1
983.54 4.4
984.53 5.7
985.80 1.3
987.10 1.1
988.61 8.2
990.14 26.1
991.01 12.8
991.90 23.2
992.62 23.0
993.74 14.9
994.69 6.8
997.46 12.3
998.81 37.5
999.60 96.2
1000.45 24.6
1001.96 13.7
1003.07 7.3
1004.02 2.5
1005.59 1.9
1006.93 29.5
1007.76 18.3
1008.67 10.9
1009.99 7.4
1011.35 19.6
1012.37 9.5
1013.14 12.2
1014.70 16.9
1015.81 30.3
1016.46 18.9
1017.52 310.3
1018.66 101.5
1019.53 29.3
1021.49 11.3
1022.64 7.8
1023.56 12.1
1024.83 40.6
1025.69 1.9
1027.07 8.2
1029.78 3.3
1030.77 2.7
1032.59 11.7
1033.73 23.2
1034.59 33.3
1035.68 4.1
1039.37 5.1
1040.79 8.4
1041.69 6.7
1042.57 15.0
1043.70 8.5
1045.19 2.4
1046.18 6.7
1048.21 6.8
1049.52 15.3
1050.69 7.8
1051.55 7.9
1052.65 6.7
1053.56 2.3
1054.65 2.9
1056.62 9.3
1057.86 19.3
1058.72 19.7
1059.69 10.0
1061.05 1.5
1062.57 3.3
1063.73 19.2
1064.63 19.6
1065.81 29.9
1066.82 8.5
1067.53 15.9
1068.72 7.1
1069.46 6.1
1070.38 4.7
1071.59 9.5
1072.45 16.3
1074.40 18.5
1075.89 49.8
1076.69 12.9
1077.67 5.0
1078.31 5.6
1079.87 51.0
1080.85 111.2
1081.72 134.6
1082.65 55.1
1083.74 12.8
1084.91 8.5
1085.60 9.0
1087.74 3.6
1089.17 548.3
1090.24 54.6
1091.16 44.5
1092.02 25.9
1092.76 26.2
1093.63 10.6
1114.62 5.2
1122.84 8.8
1123.92 2.9
1124.75 3.1
1125.69 10.4
1126.67 6.7
1129.40 2.2
1130.76 2.4
1131.82 16.1
1132.69 5.6
1134.07 4.1
1136.92 10.6
1137.78 3.1
1141.83 4.0
1143.59 9.3
1144.40 1.9
1145.72 7.0
1146.69 12.3
1147.73 5.0
1150.70 3.6
1151.48 9.5
1152.59 5.5
1153.45 3.3
1154.59 3.9
1155.68 8.2
1157.02 4.0
1158.80 18.6
1160.26 8.7
1160.97 15.1
1161.99 10.3
1163.97 8.5
1164.85 1.3
1165.93 8.8
1166.93 4.1
1167.65 4.3
1169.69 2.7
1170.55 8.3
1171.48 2.3
1175.53 13.1
1176.69 7.1
1177.74 15.8
1178.63 51.1
1179.66 34.7
1180.71 13.9
1181.47 1.0
1183.90 2.2
1187.72 1.9
1189.07 4.1
1189.79 6.2
1192.74 4.5
1193.48 4.8
1195.63 526.4
1196.67 266.5
1197.70 58.8
1198.91 7.5
1201.58 2.7
1202.79 8.0
1203.47 2.3
1204.44 6.4
1205.72 9.7
1206.51 7.7
1207.67 5.0
1209.48 4.3
1210.60 3.6
1211.84 4.9
1212.87 9.2
1217.89 1.0
1219.46 7.5
1220.66 35.7
1221.66 38.4
1222.56 15.6
1223.65 2.5
1224.61 1.2
1225.43 1.5
1228.82 16.7
1229.62 1.8
1230.61 16.0
1232.84 3.3
1233.65 2.8
1235.73 3.5
1236.42 3.7
1237.72 3.5
1238.53 4.8
1239.77 16.1
1240.55 1.4
1242.73 3.5
1243.56 6.4
1244.47 4.4
1245.70 17.5
1246.69 32.7
1247.80 4.1
1249.47 1.4
1252.51 6.6
1253.34 3.4
1254.43 1.9
1257.75 4.8
1258.50 8.6
1259.31 3.6
1260.47 5.0
1266.86 2.6
1269.05 8.1
1269.67 10.8
1271.80 7.1
1272.49 9.2
1273.22 3.5
1273.93 5.6
1274.76 1.8
1276.17 13.2
1276.98 5.0
1277.93 15.8
1278.79 10.1
1279.93 2.1
1280.98 3.4
1287.85 4.3
1289.55 7.0
1290.72 3.2
1291.95 2.6
1293.55 75.3
1294.63 26.7
1295.63 13.8
1296.76 7.5
1301.08 4.3
1305.77 8.0
1306.82 9.8
1307.71 3.2
1308.70 6.2
1310.67 529.7
1311.65 288.3
1312.66 58.4
1313.51 3.3
1314.80 5.1
1315.49 2.8
1317.89 5.5
1318.79 5.4
1321.40 2.3
1322.78 26.4
1323.60 6.6
1324.69 6.9
1325.49 4.9
1326.73 5.1
1327.79 1.3
1329.13 4.8
1329.82 3.6
1331.02 2.4
1331.65 7.5
1333.61 13.8
1334.77 45.1
1335.82 37.8
1336.46 5.9
1337.67 3.9
1340.65 20.1
1341.82 28.3
1342.70 22.0
1349.77 3.1
1350.59 2.2
1351.62 10.9
1352.80 2.8
1358.76 78.6
1359.79 62.4
1360.70 6.5
1361.63 2.1
1362.62 2.3
1365.69 7.1
1366.59 4.7
1370.77 4.8
1371.80 4.8
1373.74 3.6
1377.58 5.7
1380.61 6.3
1383.78 5.5
1384.73 3.6
1386.85 3.3
1388.75 8.8
1391.12 7.4
1392.90 2.6
1394.00 10.0
1400.74 8.9
1405.50 3.1
1406.78 34.1
1407.86 18.2
1408.96 10.8
1409.63 4.7
1415.83 5.3
1416.71 7.4
1417.55 1.6
1421.35 9.7
1421.99 4.2
1423.12 16.7
1423.77 376.3
1424.83 201.6
1425.77 75.0
1426.84 13.5
1429.00 5.8
1430.63 2.4
1433.37 27.9
1434.05 39.2
1434.78 12.6
1436.01 4.7
1437.98 6.0
1438.83 4.2
1440.91 4.9
1444.79 7.8
1446.60 3.9
1447.88 2.6
1449.56 2.0
1451.80 11.6
1452.58 6.0
1453.65 11.4
1454.91 2.7
1456.00 1.4
1458.57 2.7
1460.92 2.1
1462.86 2.5
1463.59 3.5
1465.77 7.5
1468.03 6.4
1468.82 13.9
1469.83 16.3
1470.81 38.4
1472.03 23.7
1472.70 1.4
1477.88 2.6
1479.10 2.0
1479.89 1.4
1482.06 1.2
1483.90 6.3
1487.57 35.2
1488.24 20.4
1488.89 21.0
1489.72 25.6
1491.35 1.3
1493.92 3.5
1495.53 8.3
1496.97 5.4
1497.88 11.8
1501.98 2.1
1504.84 4.0
1508.87 2.1
1513.42 6.9
1515.23 4.2
1517.36 8.2
1517.98 8.9
1519.82 9.4
1521.74 1.5
1523.97 1.6
1525.96 2.4
1527.64 8.7
1528.85 3.2
1530.18 3.8
1530.78 2.4
1531.74 5.6
1534.78 15.4
1535.89 67.1
1536.85 5.9
1538.27 1.3
1540.14 2.4
1543.34 3.3
1544.94 3.2
1546.14 8.8
1547.19 12.4
1548.01 14.4
1549.18 32.3
1549.84 20.7
1550.90 2.1
1552.71 142.9
1553.79 83.2
1554.74 36.4
1555.44 7.3
1556.08 6.3
1557.59 4.8
1563.87 6.3
1571.85 1.4
1573.20 2.4
1573.91 2.2
1574.89 2.6
1576.95 2.4
1580.40 10.1
1581.18 1.3
1581.88 3.2
1582.58 3.2
1584.82 2.1
1587.61 5.3
1591.66 12.5
1592.98 3.4
1598.19 18.5
1599.10 19.6
1599.87 9.5
1600.92 16.1
1605.53 5.6
1608.93 5.1
1609.89 3.8
1611.14 7.7
1611.99 3.9
1615.79 43.9
1616.87 42.2
1617.87 17.4
1618.80 1.5
1619.85 3.8
1622.91 1.3
1634.94 1.8
1636.24 11.7
1637.03 41.5
1638.03 5.3
1638.88 1.8
1642.02 6.2
1643.59 1.1
1644.69 13.4
1649.89 2.1
1650.88 1.6
1653.69 136.9
1654.80 167.3
1655.92 42.7
1658.46 4.0
1660.92 3.6
1661.84 12.8
1662.59 7.1
1666.13 1.8
1677.72 4.4
1678.84 3.8
1680.04 10.8
1681.25 5.8
1682.83 2.9
1685.22 2.5
1692.87 6.1
1694.03 26.3
1694.91 18.1
1696.01 12.8
1697.09 6.2
1698.81 1.3
1701.84 17.2
1702.91 5.6
1704.06 10.5
1704.89 2.9
1706.00 8.4
1711.02 56.2
1711.96 48.9
1712.91 33.5
1713.91 8.0
1718.62 6.2
1719.70 8.7
1721.05 1.1
1722.57 1.4
1728.92 183.6
1729.96 89.8
1730.92 64.3
1732.28 2.2
1736.90 4.1
1738.00 26.9
1738.92 7.3
1739.96 4.1
1740.89 1.5
1746.16 2.0
1746.88 1.8
1749.25 3.4
1751.10 1.6
1754.87 109.4
1755.96 135.1
1757.00 44.7
1761.26 2.0
1766.21 3.1
1772.92 1.1
1776.11 10.5
1777.98 1.3
1780.38 7.8
1781.10 6.0
1781.85 8.6
1782.94 3.7
1793.13 10.6
1795.45 8.7
1797.81 26.5
1798.65 12.9
1799.33 15.5
1800.13 5.7
1801.41 2.2
1802.96 1.6
1808.91 3.2
1810.28 7.2
1811.02 17.7
1814.68 3.4
1816.07 45.3
1817.10 38.4
1817.96 8.9
1821.02 4.5
1826.76 3.5
1832.30 8.7
1833.39 12.7
1834.18 7.0
1835.17 5.9
1847.01 5.5
1848.62 6.4
1851.06 21.9
1852.16 9.4
1853.28 6.7
1868.13 55.2
1869.07 50.2
1870.07 32.4
1872.85 1.2
1885.63 10.7
1886.78 4.7
1895.97 1.6
1903.11 1.3
1904.32 22.1
1905.30 5.4
1906.73 2.3
1909.11 4.8
1923.85 1.2
1925.16 13.9
1934.28 3.4
1942.21 3.5
1946.53 1.6
1953.98 1.7
1960.24 2.9
1961.04 1.6
1962.22 11.5
1978.17 1.5
1979.17 7.4
1980.12 17.1
1981.50 13.7
1994.97 5.6
1996.22 1.6
1997.07 9.3
1997.94 25.4
1999.30 26.3
