1082.59989 3
103.14 51.8
104.16 11.2
111.21 8.7
112.10 8.4
113.66 2.4
114.30 1.4
116.21 10.2
117.17 3.0
118.22 23.3
120.09 2732.2
121.10 235.7
122.21 5.8
123.08 4.6
125.21 2.2
127.15 5.9
128.16 120.8
129.17 42.5
130.10 4.3
131.20 25.3
132.26 14.5
136.05 2.6
137.08 8.9
138.98 2.5
140.35 5.6
142.11 3.9
144.27 13.2
146.16 14.8
147.19 25.8
148.44 12.0
150.24 2.4
151.32 5.5
152.17 4.5
154.35 3.0
155.01 5.1
156.21 2.0
157.11 8.5
158.23 17.9
159.09 32.2
160.18 8.9
162.00 29.3
163.15 9.6
165.11 4.0
165.99 4.9
167.15 4.9
174.17 35.3
175.10 83.6
176.03 5.4
177.19 8.7
178.08 11.3
181.09 5.2
182.25 9.6
183.31 22.9
184.70 17.4
186.11 15.2
187.22 6.1
188.42 8.5
191.10 2020.0
192.14 223.0
193.25 174.9
194.28 8.6
195.26 2.8
197.13 5.4
198.45 4.2
199.11 7.0
201.65 277.0
202.27 22.5
203.17 5.0
204.17 12.5
205.14 11.9
206.13 15.7
207.21 211.7
208.09 29.0
209.35 13.3
210.21 13.5
211.46 16.4
213.19 14.8
214.12 3.2
215.24 8.5
216.15 1.7
217.04 16.4
219.13 1452.4
220.21 101.0
221.14 4.1
222.01 2.7
223.17 19.8
225.14 3.3
226.31 30.2
227.09 4.8
228.10 21.1
229.13 5.6
230.24 19.8
231.14 28.3
232.05 13.4
233.48 29.5
235.13 183.6
236.15 42.7
237.15 12.3
238.08 12.8
239.32 24.0
241.19 15.8
242.20 9.8
244.19 30.5
245.24 11.2
246.17 6.1
247.23 16.9
248.10 34.6
248.94 5.4
250.25 25.9
251.90 6.0
254.09 9.2
255.19 22.3
256.47 20.1
257.37 33.4
258.36 1.9
259.28 138.2
260.19 2.8
261.14 38.6
262.15 8.8
263.52 5.7
264.45 2.8
266.95 20.9
268.09 20.9
269.13 3.5
270.14 31.3
271.18 40.8
272.43 9.1
273.26 6.5
274.32 215.7
275.21 37.8
276.34 11.8
277.16 5.4
279.11 8.1
280.23 14.2
281.24 13.4
282.13 7.9
283.20 13.7
284.25 20.2
285.10 4.3
286.21 14.4
287.14 20.1
288.23 57.8
289.50 30.2
290.34 24.1
291.31 11.8
292.42 23.1
295.20 2.8
296.16 1.5
297.31 6.6
298.28 17.2
299.25 94.1
300.26 33.0
301.25 55.9
302.18 46.5
303.26 231.3
304.24 47.1
305.39 8.9
306.14 49.4
307.05 26.7
307.78 3.7
308.44 5.8
309.59 9.3
312.33 1.9
313.22 3.4
314.15 11.6
315.83 492.3
317.18 48.6
318.12 64.4
319.07 2.4
320.09 19.1
321.01 21.5
322.20 3.3
324.43 23.6
325.40 45.5
326.29 53.1
328.09 16.5
329.24 2.8
330.29 11.1
331.34 18.4
332.29 26.1
333.45 21.4
334.30 23.6
335.25 5.2
335.96 2.1
336.96 6.1
339.09 22.4
340.47 22.8
341.42 229.1
343.24 904.6
344.23 675.3
345.19 60.2
346.22 48.6
347.37 22.8
348.26 10.2
349.79 301.7
350.45 103.0
351.93 48.7
353.13 41.7
353.79 3.2
355.44 53.8
366.31 9.4
369.20 2.8
376.31 19.8
378.28 2.8
380.37 1.8
382.30 6.1
385.35 2.3
389.45 443.9
390.37 29.9
391.22 5.9
392.47 4.0
396.22 3.8
402.44 363.4
403.44 62.5
404.32 1.7
405.82 15.1
407.33 50.3
408.06 7.2
415.44 50.6
418.20 15.1
419.24 8.3
420.30 7.1
421.26 4.4
423.97 559.3
424.88 15.3
429.20 47.5
433.01 19867.6
433.82 445.3
434.98 126.2
436.13 78.6
437.69 90.7
438.48 31.3
439.33 3.2
440.48 14.6
441.37 14.4
442.47 20.6
445.23 5.0
446.43 5.3
449.02 3.6
450.54 112.0
451.29 1.7
452.52 16.7
453.41 53.5
454.41 18.8
459.52 3474.2
460.35 75.0
461.36 11.5
463.29 78.9
464.32 39.8
468.49 10575.6
469.33 242.3
470.21 3.0
471.39 18.5
472.30 8.9
473.44 39.5
477.11 14.6
480.42 6.2
481.85 13.9
483.04 3.0
485.36 4.9
488.35 5.6
492.43 18.8
496.53 18.9
497.40 3.8
499.40 2.7
500.47 35.2
501.60 6.6
502.53 37.2
503.26 3.2
505.25 9.2
506.21 3.0
508.22 2.7
511.64 204.0
512.63 3.4
516.26 27.6
517.36 434.5
518.39 106.8
519.27 8.1
520.57 4.4
521.95 4.7
527.47 2.4
529.39 2.0
534.42 105.4
535.27 23.6
538.45 3.7
541.85 3.0
544.03 4.5
546.33 2.9
548.38 23.5
549.32 8.4
550.36 8.4
556.36 5.7
565.27 2.2
566.32 23.9
567.20 3.5
568.47 1.3
569.36 3.6
576.37 25.2
591.65 8.8
592.35 12.0
596.27 5.4
601.17 2.1
609.40 3.0
612.65 12.9
613.52 11.4
614.29 5.7
617.38 5.7
618.47 3.2
626.94 8.9
628.31 6.6
630.39 372.5
631.54 197.5
632.40 3.4
642.44 1.5
645.78 6.8
653.45 21.1
654.34 2.1
663.31 33.5
664.38 9.1
665.75 5.2
672.50 7.6
673.17 2.3
681.32 18.7
682.44 8.1
690.32 13.9
691.71 16.3
699.70 2.1
702.41 2.4
717.00 6.5
742.54 1.3
743.33 8.4
744.40 5.5
761.25 24.3
762.26 10.9
770.50 2.7
777.70 30.6
778.65 6.0
779.74 2.0
780.54 7.8
792.12 3.8
792.80 4.1
795.59 4.0
809.46 7.8
874.67 4.5
