995.5195799999999 2
145.21 17.7
147.14 1133.3
148.02 55.4
152.33 50.3
155.29 50.8
156.11 43.8
157.14 89.4
158.17 47.0
159.40 39.0
164.13 19.2
165.26 46.2
167.36 18.3
169.17 23.9
173.20 38.8
175.11 873.7
176.09 267.6
177.19 95.0
178.26 40.2
179.31 48.1
181.27 42.6
182.03 45.6
183.06 42.3
185.53 22.6
188.32 52.7
192.27 38.0
193.19 24.0
195.22 328.9
197.23 5049.5
198.19 319.3
201.09 17.0
202.12 1977.9
203.25 566.0
204.32 69.8
205.16 121.9
207.88 81.1
209.11 18.1
212.40 17.6
213.23 100.3
214.21 121.6
216.23 40.6
218.07 62.1
219.92 206.6
221.24 76.1
222.19 572.2
223.28 197.0
224.31 116.5
225.25 822.0
226.23 420.9
227.26 147.9
229.48 86.1
230.18 89.8
240.15 1553.4
241.20 377.3
242.23 8646.0
243.24 1049.0
244.17 462.5
245.09 161.1
246.06 99.3
247.23 165.1
248.21 25.9
249.52 38.9
250.27 82.1
251.98 105.1
253.12 31.1
254.29 21.3
255.43 86.5
257.00 145.0
258.25 1976.8
259.26 278.0
260.44 49.7
265.14 5170.3
266.23 1312.6
267.37 454.8
268.22 194.3
269.21 118.0
270.27 44.0
271.34 67.2
272.30 36.0
275.21 101.3
276.29 1255.8
277.33 291.2
278.29 38.3
279.37 20.2
281.12 51.3
282.02 55.6
286.12 1298.0
287.41 154.7
288.30 1125.5
289.35 531.0
290.39 67.3
293.14 6100.0
294.12 2391.5
295.04 168.8
296.21 46.3
298.19 161.3
300.39 33.6
310.60 85.7
311.35 87.8
312.16 96.0
316.12 403.3
317.17 40.5
318.25 95.9
320.01 89.7
322.41 142.2
324.38 40.9
325.23 104.5
326.37 262.9
327.13 21.6
328.39 15.3
332.33 15.0
334.25 108.0
336.30 130.1
337.36 134.6
338.44 16.1
339.38 37.1
341.18 104.2
342.17 47.3
343.31 163.2
344.10 179.5
345.27 64.1
346.25 17.6
349.99 131.7
351.44 125.8
352.27 95.4
353.21 1454.3
354.37 360.6
355.29 116.9
356.35 26.7
357.22 83.6
359.30 4927.1
360.27 2339.6
361.38 121.2
362.22 50.0
363.53 122.1
365.16 95.2
367.10 59.5
369.20 68.3
371.26 7108.9
372.32 1129.9
373.34 21.0
374.29 71.9
375.21 21.2
377.06 31.9
379.09 85.5
380.17 33.2
381.40 21.1
383.40 64.2
384.59 103.6
385.52 111.8
387.90 62.2
389.20 81.2
390.18 130.9
391.49 97.8
392.30 60.0
393.58 44.6
396.20 19.0
397.14 185.1
402.35 291.2
403.34 283.7
404.52 12.6
405.36 141.8
406.25 66.3
407.26 596.7
408.29 142.3
409.44 47.5
410.21 64.4
411.69 282.9
415.22 144.3
416.21 204.4
416.91 132.1
418.52 42.1
419.28 13.4
421.26 374.8
422.22 128.7
424.18 393.6
425.44 240.9
426.27 71.9
427.15 102.7
427.96 19.6
428.71 135.4
429.33 108.4
430.22 13.4
431.56 60.0
433.22 7106.4
433.88 2808.7
434.60 52.8
436.08 140.8
439.25 5810.3
440.24 652.7
441.97 45493.0
442.73 99.5
443.40 40.6
444.48 304.0
445.47 552.7
446.48 4749.2
447.20 49.4
449.35 215.7
452.19 66.1
453.62 111.5
454.52 379.1
455.37 233.2
456.50 97.7
458.37 3924.9
459.38 2442.2
460.34 423.5
461.29 561.0
462.20 173.3
463.22 114.6
464.53 21.5
466.33 279.6
467.19 405.7
467.94 124.6
471.43 46.2
472.26 1001.9
473.27 425.3
474.26 143.5
475.02 109.7
476.25 265.0
477.49 119.4
478.24 18.1
479.16 448.5
480.14 1814.0
480.91 3212.2
482.14 131.7
482.78 143.4
484.35 14.0
486.00 91.4
487.02 131.0
489.20 14565.9
489.94 5348.7
490.74 38.5
492.12 35.6
503.17 24.6
507.48 44.7
508.39 136.8
509.41 66.4
511.33 67.2
512.47 95.8
513.26 15.3
516.08 117.2
517.16 51.0
518.34 118.1
519.20 498.8
520.26 262.5
521.38 57.9
522.55 85.6
523.33 21.9
525.60 128.0
526.41 36.2
527.51 132.8
529.30 277.9
530.36 123.2
532.53 25.1
534.98 37.2
536.25 1333.3
537.32 801.3
538.44 202.9
539.28 246.7
540.35 54.6
541.45 112.8
544.24 20.3
545.75 192.4
546.42 142.0
547.54 13.5
548.54 61.9
555.45 28.2
557.38 2286.0
558.30 354.6
559.30 87.3
560.84 72.4
562.37 151.7
563.48 152.9
564.46 80.4
565.36 54.8
569.41 48.7
570.43 19.2
573.34 145.5
574.31 70.7
575.07 35.9
578.68 40.0
580.25 80.8
581.07 48.2
583.44 200.4
584.60 13.5
587.43 1161.9
588.49 1613.9
589.55 745.2
590.42 741.1
591.25 370.2
592.13 71.9
592.88 14.2
593.51 22.6
599.26 44.0
600.52 300.1
601.44 83.8
603.32 39.4
604.08 69.8
607.31 1098.8
608.31 1986.4
609.28 331.3
610.46 163.7
611.64 106.1
615.07 78.5
616.21 17.4
617.32 163.3
618.30 472.3
619.51 385.0
620.63 118.5
625.35 17072.0
626.44 4524.6
627.55 107.3
631.64 120.0
632.44 13.5
635.32 1341.8
636.22 1021.1
636.94 119.9
637.59 146.5
639.95 729.0
640.62 181.4
641.66 129.9
642.91 49.3
644.64 118.7
645.30 38.9
646.07 32.0
652.96 60.1
654.32 45.7
655.42 30.0
657.32 53.8
662.12 107.5
663.24 37.3
667.27 595.3
668.05 282.0
671.92 182.4
672.61 13.0
675.61 22.6
676.29 72.7
679.94 105.9
682.52 30.3
683.43 71.5
684.61 637.0
685.50 541.2
686.49 294.6
687.42 81.5
689.30 301.0
690.25 341.6
691.61 119.3
692.50 229.8
693.25 144.3
696.19 31.9
698.32 118.9
701.46 10430.5
702.46 13500.1
703.45 3921.5
704.60 354.3
706.38 365.9
707.41 239.0
708.37 221.1
709.51 42.3
712.04 64.4
715.54 187.2
717.11 179.0
718.42 409.0
719.54 335.4
720.46 2223.8
721.46 560.3
731.55 34.0
732.60 29.5
736.37 12687.7
737.47 4689.7
738.41 95.0
739.39 54.9
745.31 40.3
746.40 315.9
747.30 59.3
748.29 53.8
749.48 76.4
754.39 90146.3
755.48 32463.7
759.42 20.4
764.39 746.7
765.32 224.1
766.58 36.8
774.33 55.5
775.04 13.3
782.38 76.9
784.34 23.1
785.46 136.3
786.46 133.1
787.35 70.9
788.60 38.2
792.58 37.6
793.26 28.8
796.56 100.2
802.38 439.9
803.50 357.9
804.54 151.5
805.61 112.8
812.27 28.7
813.43 650.5
814.46 128.0
815.48 49.7
819.40 278.1
820.37 363.4
821.41 172.3
822.44 57.1
830.47 517.3
831.54 2772.1
832.39 1181.4
833.36 61.4
840.91 31.8
841.93 417.6
842.65 639.1
843.51 303.3
844.39 57.9
846.39 19.2
847.12 19.8
849.45 7003.6
850.51 2775.1
863.55 151.3
864.46 697.7
865.55 409.2
866.66 211.8
867.55 1970.7
868.64 689.2
873.55 19.8
875.49 47.2
876.64 108.7
877.34 121.5
878.89 123.3
882.51 8918.4
883.59 4340.7
889.92 51.6
891.44 561.9
892.58 767.6
893.57 720.8
894.53 134.6
898.66 19.4
920.44 26.9
976.64 29.0
