1081.49419 2
158.13 13.5
161.06 17.7
162.25 3.7
165.23 9.7
167.20 4.2
170.26 1.6
171.24 2.4
172.34 2.3
175.22 63.8
176.18 16.9
178.06 1.5
180.32 2.1
182.21 4.2
184.10 4.1
185.37 3.6
187.21 1.5
188.35 2.5
189.20 58.9
190.09 4.2
191.18 6.5
192.17 8.2
192.95 2.7
195.06 10.9
197.23 2.3
198.22 16.9
199.27 7.5
203.27 4.7
204.25 1.5
207.81 11.1
209.10 1.8
210.18 5.5
212.24 17.1
213.07 3.8
214.07 5.9
216.26 1.4
219.14 7.2
222.19 2.2
224.21 7.4
225.08 1.1
226.41 14.9
227.14 9.5
228.23 6.8
229.03 1.6
230.08 9.4
231.24 4.7
232.17 3.9
233.28 11.9
234.15 2.3
236.34 2.4
237.21 1.1
240.34 6.9
241.16 8.5
243.04 1.3
244.22 24.1
245.27 23.8
246.10 5.1
248.22 1.9
249.08 4.8
252.22 5.1
254.19 17.0
255.18 5.3
256.27 9.6
257.11 4.1
258.17 32.8
259.11 32.9
261.60 51.1
262.32 486.2
263.36 47.3
264.36 8.3
267.35 3.3
270.31 2.9
272.21 9.5
273.63 11.7
274.31 11.9
276.19 213.4
277.25 31.5
279.05 6.8
281.04 3.9
282.31 14.2
283.13 21.4
284.21 10.5
285.13 2.7
286.19 5.4
288.22 3.1
289.21 13.0
290.19 3.3
291.33 2.4
293.25 3.3
294.86 14.0
296.16 30.7
297.15 1.4
300.20 27.4
301.18 6.3
302.49 2.1
304.33 11.6
306.21 2.9
310.15 2.0
311.55 5.5
315.21 1.8
318.18 94.2
319.17 10.7
321.35 4.2
324.19 5.7
325.40 1.6
326.97 6.5
328.33 8.5
336.11 127.4
337.22 4.6
340.47 1.2
341.26 11.7
342.30 14.0
345.04 3.2
346.27 3.0
348.14 1.3
349.36 1.3
351.39 2.8
353.31 33.3
354.17 11.2
355.23 4.1
357.20 2.6
358.32 41.0
359.25 139.8
360.49 6.1
362.08 1.1
362.77 1.4
364.54 1.4
365.37 2.1
366.38 10.2
367.04 2.0
369.43 11.6
370.32 4.5
371.16 13.7
372.34 2.3
373.65 8.6
376.24 1207.2
377.29 181.4
378.51 2.4
379.86 15.3
382.02 4.7
383.79 38.0
384.62 20.9
385.25 1.6
386.22 2.3
387.14 6.7
388.29 20.1
390.21 25.4
391.37 1.1
392.81 58.2
394.23 3.5
395.08 5.4
397.37 10.6
398.32 13.0
400.36 13.8
401.78 7.8
403.75 1.2
404.48 4.0
405.23 64.4
406.14 37.0
406.81 43.0
407.91 9.8
408.77 4.8
409.79 1.9
410.42 2.1
411.04 18.0
411.89 10.8
412.74 1.3
413.58 1.7
414.39 8.3
415.47 200.1
416.30 5.4
418.00 13.2
419.19 2.4
420.27 5.9
420.92 18.1
421.80 5.4
422.71 5.9
423.43 6.0
426.22 4.4
427.09 15.1
428.15 26.7
429.89 314.9
431.34 21.5
432.44 59.2
433.32 12.2
434.63 6.7
435.61 8.4
436.29 22.6
437.36 17.9
438.65 655.9
439.39 130.3
441.30 10.0
442.10 4.0
443.35 2.4
444.70 8.4
446.25 60.4
447.41 4348.0
448.42 53.5
449.38 8.6
450.48 23.7
451.60 12.2
452.58 13.9
453.48 2.7
455.31 6.5
455.95 7.6
456.90 23.3
459.41 392.3
460.51 13.5
461.41 26.2
462.79 5.9
464.20 168.0
465.38 42.5
466.29 52.0
466.98 21.7
467.90 17.6
468.84 5.4
470.13 7.5
471.39 49.0
472.40 48.1
473.29 16.7
474.11 15.3
475.50 10.4
476.37 24.8
477.41 27.4
478.45 38.4
479.37 15.5
480.74 27.3
481.46 21.8
482.54 14.1
483.34 34.5
484.42 28.7
485.95 21.8
487.46 310.3
488.47 620.7
489.39 1443.3
490.46 283.3
491.94 108.2
492.97 130.7
494.12 25.4
495.08 12.9
496.02 8.7
497.80 265.7
498.43 110.3
500.20 309.3
500.88 187.4
502.05 52.0
503.04 78.7
504.65 10.0
505.69 145.1
506.40 78.6
507.58 3.5
508.52 48.2
509.39 277.2
510.32 199.6
511.34 26.2
512.37 22.4
513.36 16.0
514.67 187.1
515.35 218.9
516.27 29.0
517.48 94.7
518.30 58.3
519.08 86.2
520.13 41.8
523.30 1750.4
523.90 1557.0
524.97 19.5
526.38 27.3
527.70 5.7
529.36 103.5
530.38 19.3
532.41 3492.2
533.40 43.9
535.02 13.2
535.66 3.1
547.42 4.9
548.33 10.0
549.53 9.4
550.33 5.3
554.94 2.4
557.26 103.0
558.20 156.7
559.35 15.5
560.45 5.6
561.57 5.7
565.39 22.0
568.96 6.2
572.53 2.0
575.35 174.8
576.26 231.7
577.35 60.8
579.33 5.0
580.47 9.2
581.79 1.4
582.47 1.3
586.46 9.6
589.31 6.7
589.92 2.4
590.57 2.9
593.24 464.4
594.37 93.4
595.76 3.7
597.42 5.1
598.42 1.3
600.47 25.7
601.36 22.7
602.38 12.0
604.36 3.3
605.13 1.4
607.48 2.9
608.34 11.3
609.38 4.3
610.10 2.0
613.39 1.8
618.37 967.3
619.36 182.7
620.44 10.0
622.03 5.1
624.39 17.3
625.31 11.5
627.39 2.4
628.65 2.3
630.30 5.1
631.24 4.6
632.51 25.6
633.37 4.1
634.35 35.3
636.44 2.5
640.55 3.4
642.30 28.2
643.62 4.4
645.19 13.3
646.35 3.7
647.82 2.8
649.29 7.7
652.18 23.5
653.32 26.6
654.36 28.5
656.37 5.7
659.29 15.0
660.14 20.6
661.39 11.1
662.22 3.1
664.33 3.1
665.38 4.1
666.31 3.3
668.01 2.8
670.28 170.3
671.38 131.7
672.33 23.3
675.46 1.5
676.77 1.3
678.12 17.8
679.66 7.4
688.30 169.8
689.32 113.7
690.23 16.1
691.32 107.9
692.51 40.8
695.42 1.2
698.02 4.0
699.01 4.6
706.33 302.2
707.42 47.6
709.24 2.3
710.18 9.2
711.36 10.5
712.26 4.6
713.57 1.9
716.72 1.5
717.44 2.1
723.63 5.7
725.31 3.3
726.55 1.8
727.72 11.1
728.45 84.1
729.43 166.6
730.53 34.0
731.63 4.4
732.39 2.3
733.22 1.3
735.34 1.2
738.71 5.4
740.39 8.6
741.44 5.3
744.26 4.2
744.88 3.6
746.41 1566.2
747.49 438.8
753.00 2.2
757.01 8.0
758.22 3.6
760.68 1.6
762.53 4.2
763.98 5.7
765.37 4.5
766.33 2.4
767.62 5.5
768.41 13.9
769.34 14.0
770.76 2.1
771.47 1.5
772.77 2.4
775.42 6.8
777.41 5.9
784.28 40.1
785.32 36.7
786.49 33.9
787.36 3.5
788.75 2.6
790.52 2.2
792.56 3.4
793.54 5.2
800.94 2.4
802.34 113.8
803.38 145.7
804.47 17.2
807.44 9.8
808.42 4.8
810.33 1.7
813.66 7.2
814.47 4.9
816.53 5.9
818.51 2.0
820.40 256.2
821.44 81.8
822.37 5.1
825.48 6.3
826.61 3.8
829.52 44.2
830.60 9.5
835.50 11.8
837.46 3.0
838.56 6.9
854.52 11.4
859.49 3.6
862.37 1.6
863.34 4.2
864.74 2.8
866.59 3.4
867.58 1.7
871.44 4.3
872.63 11.1
873.40 7.0
875.35 16.8
876.57 85.7
877.55 18.6
881.36 4.0
889.42 7.2
890.44 59.7
891.55 9.3
893.44 483.4
894.59 166.0
895.54 1.2
898.60 2.9
903.39 3.0
905.85 3.4
906.56 2.7
907.51 75.9
908.34 19.2
910.69 2.1
914.40 3.1
915.70 2.1
916.35 2.5
917.41 17.5
918.58 7.4
919.72 1.5
927.54 35.0
928.33 5.0
946.61 2.8
949.29 3.7
951.46 9.4
952.50 3.7
977.23 2.0
988.68 1.4
1004.67 11.7
1005.76 4.8
1006.48 7.0
1024.02 2.6
1043.29 1.6
1045.74 1.1
1064.40 2.1
