1340.67034 2
190.19 2.8
192.09 1.6
193.17 5.6
194.02 3.5
195.12 32.6
196.37 6.5
197.62 24.8
198.24 156.4
199.16 110.2
200.52 21.8
201.18 41.8
202.40 1.7
205.20 1.5
206.36 16.4
207.42 6.5
209.42 3.1
210.14 44.1
211.23 26.2
213.27 4.9
216.23 778.2
217.24 54.6
218.31 7.6
219.12 2.2
220.41 3.9
222.01 29.9
223.22 23.0
224.28 10.6
225.17 17.2
226.34 1.6
227.25 16.1
228.24 53.8
229.23 2.1
231.02 3.1
232.17 3.8
234.15 366.1
235.25 27.5
236.13 11.4
236.94 10.0
239.30 16.9
240.24 34.3
241.46 2.1
242.21 13.7
243.28 3.7
244.23 7.2
245.28 5.3
247.23 12.2
248.44 1.7
249.29 4.0
250.23 5.1
251.14 12.0
252.24 136.6
253.21 9.7
254.35 15.0
255.23 13.7
256.30 2.3
257.32 13.3
262.21 14.0
263.45 11.0
264.38 13.2
265.27 19.9
266.21 18.8
267.27 8.6
268.11 111.0
269.22 393.4
270.27 63.5
271.10 8.9
272.21 22.3
273.18 5.8
275.14 10.1
276.39 11.1
277.31 3.2
279.96 3.8
281.11 30.9
282.16 30.4
284.26 12.8
285.29 1.8
287.21 335.3
288.30 47.8
289.50 2.6
290.36 7.2
291.13 2.2
292.23 102.9
293.09 16.2
294.22 8.7
295.25 7.5
296.28 6.2
297.30 6.9
298.22 6.0
299.43 13.5
300.40 16.7
301.17 10.7
302.53 3.4
303.85 4.6
306.13 2.8
307.27 4.5
308.37 34.6
309.24 70.6
310.53 53.4
311.31 86.2
312.19 20.1
313.19 10.3
314.12 5.1
315.19 9.0
317.42 4.6
318.50 2.3
319.41 9.2
321.48 7.1
322.17 8.1
323.29 9.0
324.43 6.5
326.34 21.1
327.18 123.5
328.30 45.2
329.29 52.1
330.11 20.3
331.47 3.0
332.13 4.9
333.05 2.4
334.20 69.2
335.15 57.6
336.24 13.4
337.24 30.9
338.20 11.6
339.20 86.7
340.32 52.5
341.14 9.7
342.14 2.9
344.24 345.8
345.28 353.8
346.33 40.3
347.28 12.5
348.35 5.8
350.30 9.1
352.33 6.8
353.33 60.9
354.25 8.4
355.33 30.4
356.17 7.5
357.23 158.9
358.24 47.5
359.15 30.8
360.18 4.2
361.16 10.6
362.31 323.6
363.35 85.7
364.45 31.6
365.37 14.5
368.21 20.4
369.49 2.0
370.34 16.6
371.39 19.4
372.74 12.4
373.49 4.0
374.39 21.9
375.62 3.0
376.31 7.0
377.33 22.5
378.33 3.4
379.30 60.5
380.34 164.7
381.22 131.1
382.32 56.5
383.17 29.7
384.57 2.9
385.43 5.5
386.42 9.5
387.36 13.8
388.14 21.6
390.31 20.2
391.32 1.5
392.31 3.9
393.19 4.4
396.20 9.8
398.20 580.8
399.29 128.1
400.30 83.0
401.27 64.3
405.41 49.5
406.50 14.6
407.39 23.8
408.17 18.3
409.18 7.7
410.32 52.6
411.26 37.0
412.09 16.4
414.51 1.7
416.29 442.9
417.50 70.9
418.77 2.3
421.18 23.2
422.44 12.1
423.35 15.8
424.35 43.2
425.47 1.5
426.36 3.3
427.55 27.0
428.26 148.6
429.27 25.1
430.03 4.9
430.93 3.4
432.61 18.7
433.65 51.9
434.31 12.7
435.08 6.9
437.09 6.1
438.31 3.5
439.29 8.8
440.30 2.9
441.21 21.0
442.31 16.9
443.32 11.8
444.49 15.7
445.19 5.0
446.14 6.6
448.32 22.3
449.36 2.4
450.32 14.5
451.30 93.4
452.23 93.5
453.32 8.8
454.36 12.7
456.33 2.5
457.19 21.6
459.45 37.2
460.38 10.2
462.38 4.5
463.44 25.9
464.21 24.8
465.00 3.9
466.38 16.4
467.39 34.4
468.68 56.2
469.35 305.4
470.31 112.5
471.30 7.4
472.17 32.6
474.02 20.4
474.65 3.5
475.28 19.0
476.45 11.8
478.48 5.4
480.32 5.5
481.24 4.6
482.15 29.1
483.97 14.8
484.86 29.5
485.61 23.8
486.22 7.7
487.29 349.7
488.38 89.0
489.36 24.6
490.31 71.4
491.39 51.5
492.26 54.2
493.17 12.6
494.26 38.5
494.99 3.2
496.23 12.9
497.45 11.2
498.66 26.9
499.32 15.7
500.41 11.2
501.81 5.3
502.45 7.3
503.18 13.1
505.38 8.9
506.53 4.1
507.40 59.5
508.49 51.5
509.46 22.4
510.44 31.0
511.31 31.1
512.23 21.2
513.47 11.2
514.45 5.5
515.28 13.8
516.06 11.7
517.45 12.6
519.24 7.3
520.16 9.0
521.33 12.3
522.46 18.0
523.56 15.5
525.33 1398.1
526.39 328.2
527.32 69.1
528.34 9.0
529.37 34.1
530.42 5.4
531.34 13.4
532.84 19.7
534.07 2.0
534.98 6.0
536.08 12.9
537.10 41.0
537.93 33.6
539.26 52.2
540.12 20.4
540.94 6.0
542.42 6.0
544.23 11.7
545.36 57.9
546.38 13.5
547.50 2.3
549.43 16.7
550.33 2.5
551.80 5.6
553.26 48.6
554.67 33.7
555.78 12.8
556.67 25.3
557.39 89.7
558.33 16.7
559.79 9.2
561.01 16.1
562.29 33.2
563.35 66.9
564.11 11.5
565.40 17.8
566.21 2.6
566.85 20.2
567.56 10.7
568.38 5.2
569.83 3.0
570.47 24.5
571.39 15.1
572.49 24.9
573.84 22.8
574.95 12.3
576.91 18.7
578.16 21.2
579.28 40.7
580.34 235.9
581.35 107.2
582.18 16.4
583.01 14.5
583.70 18.8
584.59 4.8
585.97 1.5
587.58 16.2
588.57 29.4
589.36 24.8
590.40 9.0
593.36 3.9
594.47 3.8
595.44 11.7
596.74 16.6
598.28 514.1
599.35 90.6
600.08 35.7
601.17 69.1
602.22 8.1
603.70 44.2
604.47 26.6
605.40 8.8
606.14 14.0
606.77 10.6
608.11 11.7
610.12 347.2
611.40 23.8
612.27 5.2
614.43 7.4
616.35 769.6
617.34 182.9
618.76 204.9
619.57 95.7
620.42 11.6
621.37 26.0
622.09 30.3
623.30 20.7
624.27 21.1
625.62 7.0
627.58 707.3
628.71 9.0
629.75 32.3
630.48 22.8
631.25 4.2
632.47 90.6
634.44 64.5
635.75 135.6
636.41 91.5
638.40 557.7
639.39 124.1
640.45 11.9
641.18 7.9
642.54 20.8
644.53 184.0
645.84 2.9
647.09 68.4
647.95 30.6
648.83 41.9
649.45 17.0
650.47 62.4
652.21 103.1
653.24 425.2
653.90 114.4
654.52 9.1
656.11 129.9
657.27 7.9
658.38 4.2
659.57 14.1
661.79 437.8
662.49 87.2
674.49 2.5
675.45 10.5
676.35 12.0
681.47 10.0
685.32 102.7
686.44 20.0
687.43 14.2
689.32 9.7
690.42 49.4
691.55 19.8
692.46 35.8
693.68 25.8
694.41 9.5
695.33 2.6
699.43 8.3
703.34 137.9
704.43 30.3
707.33 116.8
708.38 83.9
709.53 25.6
711.46 18.7
712.59 2.9
718.54 3.5
721.08 17.6
722.36 2.9
725.42 2356.1
726.52 653.8
727.60 9.1
728.57 18.5
729.59 54.8
730.66 7.6
732.75 1.6
734.40 8.6
735.46 7.8
737.61 8.2
739.30 6.8
740.36 2.2
743.46 24.7
744.49 20.0
745.36 17.9
746.45 46.4
747.38 2.5
749.31 2.8
753.10 13.4
754.47 12.1
757.36 35.6
759.17 5.7
760.55 6.3
761.50 21.4
762.55 25.4
763.37 20.9
764.48 45.8
765.38 2.3
767.18 6.7
768.38 2.3
769.15 3.1
771.60 16.9
772.64 2.5
773.63 2.3
776.12 1.9
778.47 2.5
779.64 61.9
780.47 64.8
781.43 72.2
782.35 12.0
787.94 11.5
788.57 15.6
789.28 2.7
789.97 2.4
791.19 5.3
794.03 20.1
795.65 2.2
796.44 2.0
798.37 273.5
799.51 48.0
800.28 6.4
801.29 1.5
801.92 4.3
803.46 5.8
806.54 4.8
808.39 6.2
816.39 828.0
817.48 199.1
818.56 9.8
819.74 6.6
821.27 8.6
822.53 3.2
823.40 3.5
824.28 6.1
829.53 4.1
830.34 8.6
831.73 2.5
832.75 4.9
833.63 5.3
836.53 262.3
837.52 162.4
838.38 3.6
839.14 7.0
840.45 6.4
848.39 1.6
849.65 3.2
850.79 16.6
851.57 6.9
854.46 1890.7
855.52 720.8
856.74 8.8
858.35 1.5
858.97 1.5
859.60 4.3
861.84 7.1
863.69 6.1
865.56 19.5
866.56 5.9
867.79 2.3
868.58 3.3
872.47 22.8
873.25 11.9
874.01 5.5
875.31 8.4
876.63 2.3
880.28 11.1
885.38 6.5
888.75 18.3
889.53 10.6
890.41 44.8
891.41 23.7
892.48 60.1
893.40 23.2
894.26 3.4
899.91 1.4
900.63 2.3
901.81 9.6
902.42 2.7
903.72 8.7
904.68 4.3
905.63 2.4
907.52 154.5
908.52 101.4
909.42 16.4
910.46 2.8
914.54 6.6
917.34 12.6
918.03 1.7
919.91 3.4
920.75 6.3
921.46 1.4
925.47 2699.5
926.56 955.1
927.42 3.3
928.61 5.6
932.51 4.5
933.47 2.3
934.81 4.8
935.66 7.9
937.44 3.8
938.49 5.5
941.68 4.0
942.50 4.7
943.44 32.5
944.54 80.6
945.52 13.0
946.79 2.6
949.61 10.0
951.16 7.8
952.64 25.1
956.66 4.8
958.64 3.2
959.50 8.2
960.84 13.7
961.47 131.3
962.46 51.5
963.59 8.4
975.15 19.6
977.58 2.5
979.47 662.5
980.50 244.7
981.27 1.7
984.58 1.6
991.85 6.5
994.39 15.6
995.39 9.4
996.42 19.3
997.58 17.5
998.25 4.0
1001.49 3.3
1002.53 12.8
1003.59 12.0
1005.30 13.5
1006.56 4.5
1011.77 9.5
1013.64 14.0
1018.43 33.9
1019.68 10.0
1020.48 8.6
1021.34 1.9
1021.96 12.0
1024.49 5.2
1026.44 2.3
1028.64 5.0
1031.68 3.3
1036.47 369.7
1037.50 188.7
1038.67 32.5
1044.39 6.1
1046.38 3.5
1047.84 16.9
1048.68 12.0
1051.83 4.8
1054.56 1925.3
1055.58 833.3
1056.63 6.8
1060.27 7.2
1062.29 10.6
1063.51 5.7
1064.93 24.4
1071.68 11.4
1072.61 48.6
1073.69 17.3
1077.29 6.0
1079.51 9.4
1081.52 3.4
1082.99 1.9
1083.87 6.3
1084.80 1.9
1089.60 191.6
1090.53 184.2
1091.62 24.6
1093.60 3.0
1095.61 1.9
1106.08 2.5
1107.55 931.3
1108.56 508.5
1109.61 57.9
1119.62 2.9
1123.63 17.4
1125.59 4698.8
1126.62 2479.3
1127.26 4.5
1131.65 3.5
1132.55 1.6
1136.76 3.1
1140.68 3.1
1142.49 6.6
1158.61 9.8
1159.48 14.3
1160.51 14.0
1164.76 3.0
1165.48 10.0
1166.67 2.2
1167.52 3.6
1168.71 3.7
1176.55 78.6
1177.70 58.3
1185.79 7.0
1192.59 5.2
1194.59 303.3
1195.65 240.8
1196.84 5.4
1204.60 31.2
1205.54 13.0
1212.55 88.5
1213.19 17.2
1213.83 85.7
1218.43 4.7
1219.50 7.5
1225.45 9.8
1234.78 4.7
1263.47 6.1
1264.68 4.4
