1172.6375 2
167.13 1.1
168.02 3.4
169.16 1.8
170.06 2.0
171.26 2.8
173.20 10.9
175.15 153.7
176.26 14.7
176.89 2.6
178.25 2.7
180.28 3.6
181.29 4.1
182.16 7.8
183.13 8.3
184.01 4.4
185.16 10.3
186.58 7.2
187.20 19.2
188.08 3.1
190.24 2.0
191.14 6.9
192.12 5.7
193.21 5.1
195.32 9.8
196.20 3.3
197.20 2.9
198.20 7.9
199.36 1.8
201.15 27.2
202.17 2.3
205.03 3.6
207.20 1.3
208.16 6.3
209.15 11.7
210.11 5.9
211.20 3.0
212.21 5.6
213.32 3.9
214.05 2.4
215.20 12.4
216.43 5.5
220.20 6.6
221.19 2.4
222.21 5.7
224.23 1.6
225.17 4.8
226.26 53.1
227.19 24.1
227.91 6.6
229.20 2.8
230.03 3.0
231.20 5.3
234.14 5.3
236.34 2.0
237.15 20.1
238.04 7.0
239.17 5.2
240.09 36.1
241.20 22.4
242.21 11.4
243.05 6.6
245.14 11.6
246.23 6.9
247.07 1.6
248.33 1.8
250.22 12.6
251.23 20.4
252.27 16.7
253.33 4.5
254.29 2.3
255.20 8.5
257.16 20.5
258.11 5.9
260.20 1.2
262.30 3.6
263.29 1.6
264.27 3.3
265.19 5.2
266.23 2.2
267.46 14.1
268.16 49.8
269.22 37.9
270.18 38.5
271.29 11.6
272.17 16.3
274.29 6.4
275.22 2.2
278.08 1.4
279.16 6.9
279.96 8.1
281.38 2.2
282.21 19.4
282.82 8.5
283.46 9.4
284.76 17.5
285.47 48.2
286.33 30.5
287.26 20.5
288.27 12.9
289.26 4.5
290.43 3.1
291.47 13.2
292.18 1.7
293.01 4.4
294.30 4.7
296.17 12.1
297.33 2.9
298.10 10.5
299.54 13.8
300.32 12.6
301.36 8.9
302.27 3.0
303.39 14.1
304.30 24.6
306.30 5.0
307.06 3.1
308.14 22.5
309.39 6.2
310.29 14.6
311.23 2.0
312.02 3.5
313.27 6.0
314.27 8.8
315.11 3.2
316.42 2.8
318.08 6.6
319.90 9.6
321.27 4.2
322.31 2.4
323.42 13.3
324.30 4.1
325.60 11.9
326.25 85.2
327.27 15.2
328.20 4.3
329.26 5.9
330.49 1.9
331.36 3.4
332.18 3.8
333.24 5.8
334.37 15.7
335.35 3.1
338.42 7.6
339.25 19.4
340.27 6.5
341.56 12.1
342.46 10.6
343.55 19.3
344.19 107.5
345.22 20.0
346.29 11.7
347.27 2.0
349.20 6.9
350.83 3.9
352.09 8.0
353.17 16.4
354.34 24.8
355.28 15.0
357.27 8.6
358.25 17.2
359.25 17.5
360.37 15.7
361.28 58.3
362.33 5.6
363.30 8.1
364.17 15.0
365.25 2.3
366.42 3.1
367.18 3.1
368.07 2.4
369.26 8.5
370.32 63.3
371.17 9.0
373.38 5.7
374.30 14.3
375.23 40.8
376.27 14.5
377.15 10.2
378.56 21.8
379.55 12.6
380.59 27.4
381.29 27.1
382.19 15.8
383.13 16.2
384.16 8.5
385.22 19.0
386.40 3.5
387.18 2.3
389.28 1.9
390.22 7.7
391.09 4.3
392.02 5.3
393.18 3.0
394.36 8.8
395.21 1.7
396.09 2.9
398.19 125.3
399.35 43.6
400.30 13.8
401.62 10.1
402.51 13.0
403.21 3.9
404.17 3.3
405.06 1.5
406.41 22.1
407.24 5.4
409.05 20.3
410.27 12.2
411.01 6.0
412.40 6.6
413.39 1.0
415.32 82.9
416.42 45.4
417.31 9.8
420.51 1.6
421.38 8.2
422.18 4.7
423.18 3.7
424.36 29.5
425.28 24.9
426.40 22.2
427.33 13.1
428.21 15.7
429.40 7.8
430.27 1.2
431.41 13.2
432.35 9.7
433.14 6.1
436.26 8.2
437.39 10.6
438.31 6.4
439.48 2.4
440.37 32.1
441.43 94.9
443.21 117.2
444.27 19.1
445.07 4.3
446.14 6.9
447.24 2.3
448.43 7.0
449.31 3.4
450.36 12.0
451.48 14.1
452.71 24.1
453.52 7.1
454.41 14.2
455.51 19.1
456.20 9.7
457.12 40.5
458.39 85.7
459.42 15.0
460.41 72.7
461.17 18.4
462.11 2.9
463.09 18.5
463.99 10.7
465.36 6.6
466.24 16.1
467.39 26.2
468.20 22.9
469.18 18.9
470.31 11.3
471.51 16.2
472.63 15.8
473.31 13.0
474.04 15.8
475.39 12.3
476.18 7.2
477.36 21.1
478.48 31.7
479.47 29.5
480.49 13.2
481.62 2.3
482.72 6.1
483.38 3.9
484.35 15.5
485.28 9.4
486.16 13.2
487.56 12.4
489.48 13.3
490.53 3.0
491.51 27.1
492.44 25.3
493.17 12.2
494.22 12.6
495.15 36.3
496.34 544.9
497.26 85.4
498.05 19.3
499.80 39.7
500.62 26.4
501.69 12.0
502.65 4.2
503.40 3.1
504.54 32.7
505.37 11.2
506.14 3.9
507.22 9.5
508.43 10.3
509.24 28.4
510.21 10.3
511.15 2.7
513.32 2556.0
514.37 450.9
515.77 23.3
516.52 7.1
517.19 2.3
517.94 5.3
519.06 18.3
520.10 21.9
520.72 7.9
521.39 10.2
522.54 11.3
523.31 43.7
524.40 14.2
525.29 33.5
526.36 17.7
527.18 41.3
528.07 32.9
529.14 66.7
529.90 5.7
530.65 15.3
531.86 38.0
532.97 51.2
533.67 12.7
534.38 34.5
535.50 7.6
537.72 63.5
538.63 40.4
539.85 69.1
540.75 19.0
541.38 38.0
542.30 59.0
543.39 16.6
544.68 25.5
545.65 13.5
546.78 13.7
547.86 18.2
548.89 64.7
549.80 13.8
550.96 135.5
552.12 33.6
552.77 8.9
553.55 23.2
555.12 71.6
556.14 115.3
556.95 37.6
557.62 70.3
558.75 29.7
559.56 28.5
560.53 241.1
561.60 15.7
562.76 23.7
564.16 119.1
565.01 91.9
566.20 45.1
567.22 11.1
568.59 442.3
569.53 783.9
570.52 101.4
571.99 82.6
572.67 5.3
573.37 38.9
574.42 23.5
575.76 7.2
577.74 738.5
578.51 1812.7
579.41 11.1
586.45 2.3
598.38 18.8
600.33 32.7
601.51 25.1
602.46 1.4
607.72 1.3
608.39 6.1
612.21 4.2
613.38 2.6
614.19 3.7
615.50 17.3
617.55 2.6
618.46 3.1
619.43 11.1
621.53 8.2
622.63 6.3
624.49 9.5
625.70 17.8
626.37 3.2
628.36 4.9
630.39 9.4
631.45 10.9
633.43 28.7
636.43 13.5
637.95 12.5
639.14 11.9
642.38 130.0
643.31 49.9
644.29 11.1
645.35 4.2
646.45 7.4
647.62 1.3
648.42 9.4
650.36 3.9
651.34 5.9
653.36 1.6
654.25 9.1
655.37 16.6
656.56 6.4
657.39 10.5
660.42 2921.6
661.44 643.8
664.09 1.4
666.41 4.9
667.54 7.8
668.57 1.9
670.08 5.7
670.73 10.3
671.47 2.7
673.23 5.7
676.49 5.5
678.05 8.7
678.92 14.1
679.66 10.8
680.67 9.7
681.36 4.4
682.69 6.0
683.55 23.9
684.56 16.6
685.57 70.1
686.53 21.9
688.09 5.3
689.20 3.0
695.58 26.5
696.54 33.3
697.33 23.0
698.61 19.2
699.44 11.9
700.52 1.2
701.46 10.2
703.66 2.3
706.91 22.8
709.21 5.2
713.37 222.3
714.45 64.8
715.51 3.2
716.41 9.4
717.24 5.2
718.14 4.4
719.32 7.5
722.10 4.1
723.19 2.1
724.05 6.4
725.17 15.8
726.11 7.4
727.37 1.9
728.59 12.3
729.40 10.5
730.42 2.2
731.48 9.1
733.60 2.7
734.90 7.5
737.33 8.8
738.71 9.1
740.31 9.6
741.42 17.8
742.65 10.1
743.59 3.6
745.47 5.0
749.22 2.8
751.45 6.6
752.53 4.1
755.96 11.9
756.66 26.5
757.43 34.8
758.36 46.7
759.48 10.2
762.43 5.6
763.79 7.3
764.78 8.2
765.60 8.9
767.53 24.3
768.71 4.7
769.68 7.6
770.44 2.9
771.57 17.7
772.25 4.1
774.25 24.6
775.44 173.0
776.53 57.6
777.70 1.1
779.51 5.5
783.24 5.4
784.54 117.4
785.56 37.4
786.43 7.1
787.44 7.3
788.25 15.0
789.38 11.6
792.69 17.8
793.58 2.5
794.47 18.5
795.53 54.3
796.45 12.2
797.63 10.9
799.00 2.7
802.64 5.3
803.56 3.8
806.18 15.3
807.47 14.4
808.85 10.3
810.47 6.8
812.54 441.4
813.58 154.6
814.84 11.8
816.32 6.6
817.11 12.9
817.75 5.6
818.43 2.5
819.68 6.4
820.84 1.4
821.55 1.1
822.43 3.9
823.32 3.4
824.69 8.1
825.80 13.6
826.63 3.4
828.31 2.5
829.64 18.9
830.73 4.6
833.39 7.7
834.39 3.6
835.45 2.7
837.10 7.2
837.72 8.4
839.45 1.1
841.46 4.3
842.72 13.2
843.84 1.3
844.49 4.6
846.31 6.5
847.85 4.0
851.36 5.4
852.48 51.1
853.51 12.7
855.52 7.6
856.50 6.8
859.55 2.4
860.63 2.1
861.54 1.1
863.30 4.0
864.42 2.5
869.49 155.4
870.62 45.3
871.63 3.7
873.24 10.8
874.62 2.6
878.75 2.1
879.40 1.4
881.65 5.1
885.19 2.9
885.98 4.7
886.59 5.9
887.68 16.9
888.51 151.6
889.63 73.2
895.58 1.7
896.42 1.1
897.37 1.1
898.47 7.2
902.38 1.9
903.54 3.6
906.18 1.9
908.56 2.7
909.36 3.6
911.53 2.8
913.76 8.6
914.91 8.6
915.55 6.5
916.34 1.4
920.05 4.2
921.48 2.6
925.63 4.7
928.18 6.9
929.32 2.0
930.35 3.1
931.60 8.1
932.74 11.9
935.61 3.6
938.73 1.7
943.60 4.8
944.85 1.9
953.54 32.9
954.58 21.7
955.55 1.6
956.43 6.3
957.52 5.9
961.32 2.2
963.46 12.1
964.47 4.6
965.64 2.2
967.66 1.7
968.54 16.9
969.54 3.8
970.70 75.2
971.63 24.5
972.57 2.1
976.47 2.1
980.49 18.2
981.67 121.2
982.65 59.8
983.57 8.8
984.76 3.7
989.28 4.2
990.72 3.1
997.48 16.6
998.58 540.8
999.61 353.1
1000.49 37.3
1001.59 1.9
1004.44 2.2
1006.22 2.1
1007.49 8.7
1009.71 1.5
1010.67 2.3
1015.40 9.1
1016.60 335.2
1017.59 178.4
1022.47 1.0
1026.77 25.9
1027.64 12.2
1039.14 3.3
1040.14 1.8
1042.46 5.2
1044.55 4.9
1045.29 2.3
1059.20 7.0
1078.56 3.0
1079.55 1.7
1089.82 9.0
1096.40 15.5
1097.50 1.5
1107.80 5.8
1113.65 138.4
1114.76 72.4
1135.67 2.0
1142.89 1.0
1151.31 4.0
