1037.52629 2
146.80 6.5
147.87 4.1
149.19 2.8
151.21 4.5
153.22 3.5
153.97 1.1
156.19 11.7
157.20 16.5
158.22 13.0
159.07 10.8
160.14 3.3
161.20 6.0
163.05 5.8
165.22 7.3
166.11 8.2
167.19 1.6
169.34 1.1
170.15 1.3
171.12 5.6
173.07 15.6
174.27 13.7
175.22 88.7
176.22 9.8
178.04 45.7
179.03 5.8
180.21 2.1
181.95 1.8
183.12 5.3
184.38 7.0
185.15 17.6
187.17 14.1
188.10 4.9
190.37 1.6
191.65 15.8
192.50 8.1
193.73 9.0
195.22 12.5
196.08 2.3
197.14 3.3
198.26 8.3
199.57 10.5
200.26 2.3
201.30 16.3
202.16 373.6
203.25 31.9
204.52 6.4
205.19 10.7
208.26 3.7
209.44 4.8
210.10 45.4
211.15 17.1
212.26 7.7
213.23 34.9
214.17 4.2
215.45 11.1
216.23 13.5
217.10 1.9
219.18 3.5
220.10 24.4
221.13 12.1
223.22 9.0
224.12 1.0
225.24 3.8
226.12 8.9
227.17 9.1
228.24 22.0
228.98 3.1
230.70 19.3
231.34 6.6
232.48 6.6
233.16 5.4
234.35 3.6
235.13 4.4
237.28 12.6
239.06 4.0
241.23 26.2
242.21 15.9
243.12 9.9
244.19 8.7
245.32 5.9
246.56 12.9
247.25 36.9
248.56 14.4
249.27 279.5
250.51 10.9
251.44 18.0
252.12 9.3
253.29 10.9
254.22 2.9
255.18 11.7
257.15 4.5
258.23 21.7
259.11 12.0
260.08 3.7
261.46 1.9
262.28 3.7
265.16 757.5
266.29 15.1
266.94 3.0
268.21 7.4
269.35 5.6
270.20 10.3
271.29 19.9
272.47 13.0
273.32 10.7
274.14 9.5
275.21 68.6
276.29 42.4
277.20 137.3
278.22 15.1
278.86 2.1
281.17 556.3
282.02 1.3
283.07 13.7
284.19 42.5
285.25 10.3
286.18 5.9
287.25 13.1
288.34 134.2
289.26 15.0
290.54 11.1
291.34 8.6
293.14 1348.8
294.23 57.6
295.18 1.4
295.91 1.1
297.19 13.8
298.25 13.6
298.94 25.7
300.07 6.9
302.17 3.9
303.16 8.0
304.32 50.4
305.10 15.5
306.33 4.3
307.40 8.0
308.18 46.5
309.21 12.5
309.89 6.2
311.52 7.7
312.28 4.1
313.29 12.2
314.04 2.3
315.19 8.1
317.39 7.9
318.40 10.8
319.21 1.9
320.52 2.9
321.16 3.6
322.37 18.6
323.94 21.1
325.23 4.8
326.20 20.9
327.14 6.8
328.23 13.3
329.21 5.4
330.28 9.5
331.13 1.8
332.42 3.9
333.28 10.2
334.27 17.4
335.21 8.0
336.31 15.1
337.29 8.0
338.29 6.6
339.00 2.0
340.05 20.0
341.15 26.1
342.15 11.3
343.24 11.9
344.05 9.3
345.19 10.8
346.69 9.3
347.45 5.1
348.24 13.0
349.16 7.5
350.09 27.6
351.52 5.1
352.41 4.7
353.81 21.3
354.66 9.4
355.32 19.0
356.24 21.4
357.23 8.7
358.20 8.2
360.19 12.5
360.92 4.5
362.44 4.9
363.27 5.7
364.31 696.7
365.92 3.4
367.51 1.8
368.29 2.9
369.31 19.1
370.17 5.9
371.27 13.4
372.65 4.0
373.31 67.8
374.49 47.1
375.28 105.9
376.30 62.1
377.31 11.4
378.19 28.3
379.26 15.6
380.06 6.2
381.37 6.3
382.07 3.7
382.81 11.4
383.82 12.1
384.50 22.0
385.41 50.3
386.92 15.4
388.54 32.3
389.52 26.8
390.29 9.1
391.25 6.6
392.27 85.6
393.06 7.8
394.30 141.6
395.27 18.7
396.37 7.9
397.70 32.0
398.48 11.3
399.31 6.9
400.25 7.5
402.33 497.2
403.39 30.7
404.39 18.0
405.11 61.8
406.25 16.2
407.25 4.0
408.23 8.6
409.38 16.9
410.42 15.5
411.61 60.2
412.44 1.4
413.31 16.9
414.25 13.1
415.09 34.4
416.09 6.2
417.43 19.5
418.10 1.5
419.49 33.7
420.35 8.3
421.26 15.0
422.94 20.1
424.20 19.3
425.21 36.7
426.23 12.6
427.20 27.3
428.22 28.5
428.92 27.1
430.05 9.8
431.27 40.3
432.26 28.9
433.28 37.1
434.28 6.7
435.56 9.8
436.46 20.8
437.38 14.9
438.50 38.6
439.31 4.9
440.29 6.3
441.27 6.5
442.60 30.7
443.48 28.6
444.67 16.9
445.66 22.5
447.33 27.3
448.40 13.7
449.21 28.0
450.12 9.4
451.46 31.5
452.57 4.3
453.23 27.4
454.24 31.1
455.05 29.8
456.26 10.8
457.25 7.7
458.25 18.3
459.11 41.2
460.10 70.6
461.16 31.2
462.30 47.8
464.43 16.7
465.68 9.6
467.07 50.3
467.90 15.8
469.23 94.7
470.36 33.2
471.28 40.1
472.62 34.7
473.49 92.6
474.33 22.2
475.02 17.0
476.29 392.3
477.29 20.6
477.96 217.9
479.17 45.3
480.19 95.8
481.34 56.9
482.23 12.8
483.19 79.0
483.80 38.8
484.42 60.3
485.56 16.9
486.45 31.8
487.43 91.3
488.54 71.0
489.54 96.8
490.51 28.7
491.36 12.5
492.37 185.9
493.32 8.7
494.70 51.4
495.43 97.7
496.82 175.1
498.26 259.0
499.19 12.3
500.18 39.7
501.30 1455.8
502.06 573.9
503.07 243.4
504.32 202.1
505.26 119.2
506.48 67.0
507.33 54.2
508.17 5.1
510.34 5079.2
511.48 27.5
512.53 7.3
515.50 3.1
520.43 4.3
530.24 4.3
531.08 7.9
532.48 6.3
534.37 34.9
535.38 9.6
536.32 1.2
537.40 12.8
538.42 5.3
539.09 1.1
540.40 1.4
544.19 15.1
546.11 10.4
548.16 13.9
549.14 8.5
550.98 9.2
552.37 3.6
555.58 4.9
556.53 48.1
557.55 16.7
558.79 6.1
560.29 4.0
561.29 15.0
562.40 63.6
563.41 5.9
564.33 6.7
565.31 9.5
566.24 3.5
567.16 1.1
569.35 8.2
570.56 6.5
571.60 22.7
572.26 7.7
574.38 8.3
575.23 4.9
576.48 4.2
577.63 10.7
578.46 27.5
579.25 9.1
580.36 7.7
581.58 2.0
583.32 3.1
586.22 1.8
589.44 56.5
590.48 12.6
591.38 8.5
593.01 6.6
594.12 7.6
595.08 5.4
596.44 11.7
598.79 9.0
600.46 18.1
601.71 11.3
602.60 8.9
603.55 1.1
604.17 1.8
605.30 4.8
605.99 4.2
607.18 9.8
608.39 24.6
609.80 1.8
610.49 3.8
612.75 1.3
614.36 1.5
615.57 2.8
616.37 1.7
617.63 14.0
618.38 65.2
619.34 20.0
620.36 25.5
621.40 12.3
622.58 22.2
625.38 12.9
626.29 6.4
627.51 13.3
628.64 18.2
629.80 5.8
630.64 1.6
633.66 9.0
634.37 4.3
636.24 90.5
638.40 1.6
640.81 11.6
642.65 4.7
644.41 401.3
645.40 57.8
646.50 159.9
647.36 30.5
649.12 10.6
650.66 2.0
652.34 39.3
653.55 4.6
654.55 3.1
655.46 6.0
657.44 11.6
658.23 12.6
660.44 6.2
662.46 1.6
663.41 82.1
664.48 20.0
665.35 12.9
666.32 6.1
667.76 9.7
668.96 4.4
670.55 29.5
672.46 21.5
673.41 4.1
674.60 9.2
675.38 6.5
676.81 8.5
678.23 9.0
679.83 12.5
681.48 4.9
682.51 5.1
685.03 7.5
686.27 4.1
689.36 3.0
690.19 1.9
691.63 5.7
692.42 21.1
694.97 10.9
697.03 9.4
698.50 1.6
699.39 10.7
700.27 9.8
701.64 1.7
702.30 2.1
704.16 3.4
705.45 21.6
706.15 13.5
707.34 14.3
708.31 17.6
709.14 9.6
709.77 1.0
710.45 2.2
711.42 4.1
713.62 28.7
715.23 26.2
716.39 19.8
717.29 7.8
719.69 1.4
720.74 12.2
721.50 4.2
722.52 11.0
723.52 2.7
724.72 5.0
727.43 467.5
728.51 60.1
729.21 15.9
730.28 11.7
731.62 16.1
732.64 47.7
733.52 42.1
734.44 37.3
735.54 16.3
736.45 13.6
737.18 2.5
738.34 9.0
741.45 1.3
743.34 45.9
745.48 3756.6
746.57 249.2
747.41 5.6
749.36 11.2
750.47 56.5
751.36 4.4
754.50 31.3
755.81 1.2
756.66 3.5
758.35 5.3
759.78 6.1
761.43 945.0
762.44 132.5
763.23 2.8
765.55 12.1
766.61 1.6
767.45 34.7
768.62 6.0
772.58 6.6
774.44 2.1
775.71 7.7
776.47 2.5
778.43 12.7
785.29 2.3
786.31 2.7
788.44 3.7
790.33 9.6
791.52 13.9
792.34 1.1
793.40 15.9
794.49 9.6
795.46 18.3
796.58 14.4
797.30 1.9
798.68 4.1
800.49 11.5
804.68 4.3
805.49 5.3
806.72 4.4
809.33 9.0
810.57 7.1
812.58 2.4
813.29 8.7
816.38 6.4
817.43 4.4
818.71 11.8
819.39 2.6
820.32 27.8
821.53 20.0
822.55 34.0
823.36 2.8
824.93 8.8
826.37 6.2
827.27 4.5
828.31 8.4
829.52 5.1
831.52 1.6
832.79 8.0
834.02 11.7
835.00 10.5
835.61 51.0
836.66 32.3
837.50 4.7
838.47 21.1
839.49 4.5
840.12 1.4
842.55 16.4
843.48 11.5
845.32 59.9
846.36 46.1
847.79 2.7
850.40 1.2
852.55 9.4
853.32 3.4
854.56 4.0
856.62 33.4
857.61 15.9
860.23 10.8
861.60 45.1
862.64 61.1
863.46 62.9
864.48 9.7
865.65 5.9
866.63 2.3
868.66 3.0
872.70 4.9
874.53 158.3
875.63 10.0
877.50 8.8
878.99 10.1
879.69 5.6
880.89 26.9
884.42 13.1
885.29 4.7
888.50 3.2
890.69 2.6
891.50 7.1
892.49 6.8
901.52 5.2
904.50 7.5
906.40 3.8
907.52 3.6
908.59 3.9
909.84 2.3
913.14 2.6
924.57 4.8
929.55 1.3
932.96 7.8
935.40 1.9
942.62 2.5
953.54 3.1
983.66 3.1
987.92 1.9
989.40 2.4
996.60 3.6
998.74 16.6
999.46 8.5
1014.08 16.3
1014.87 2.5
1016.76 6.2
1043.52 2.1
