1045.56474 2
149.20 1.0
153.06 1.8
156.97 8.4
158.25 2.0
160.14 7.0
162.18 3.7
164.17 11.8
165.14 3.3
165.87 1.9
167.20 2.2
168.04 2.6
170.36 4.1
171.18 3.2
173.31 10.6
175.27 5.0
176.17 4.9
178.20 14.8
180.20 5.8
182.95 13.6
184.18 3.4
185.03 6.1
187.07 6.3
189.14 1.3
190.42 3.1
192.24 4.8
193.24 5.1
194.15 1.3
196.19 4.9
196.99 7.5
198.29 7.3
199.12 1.2
200.14 2.4
201.18 22.3
203.80 3.3
206.11 1.3
207.12 6.2
208.48 13.8
209.48 4.8
210.20 3.7
211.23 7.5
212.27 4.7
212.92 8.1
215.07 10.2
216.45 1.4
217.43 2.0
218.22 1.6
219.23 2.5
221.28 1.9
222.25 2.9
223.34 10.1
224.37 15.6
225.23 23.9
226.13 3.4
228.01 2.4
229.17 4.0
230.23 4.4
231.56 12.6
232.31 4.5
233.29 3.5
234.11 5.8
235.21 3.7
236.27 2.0
237.22 10.0
238.25 104.9
239.09 6.9
239.96 1.4
242.39 5.6
243.25 1.6
244.49 5.7
246.36 6.1
247.13 11.8
248.32 7.6
249.54 2.8
251.25 4.0
252.32 9.5
254.03 3.7
255.23 2.7
256.29 10.4
257.17 2.0
258.14 8.0
259.03 4.4
260.17 2.4
262.35 17.7
263.23 2.5
264.19 8.8
265.31 19.2
266.20 9.1
267.29 6.8
268.19 8.3
270.21 75.1
271.19 22.9
272.12 5.7
273.29 5.6
274.11 6.8
275.21 2.7
276.15 9.8
278.16 4.6
279.23 3.5
280.12 10.9
281.24 18.0
282.21 16.4
283.15 44.3
284.15 12.1
285.31 37.9
286.43 7.8
287.33 4.4
288.24 11.8
289.21 2.2
290.05 3.3
292.41 6.9
293.25 7.6
294.39 2.5
295.13 4.6
295.98 6.9
297.24 16.4
298.14 6.0
299.22 6.5
300.72 8.9
301.33 4.7
302.05 7.3
303.29 10.8
304.36 11.3
305.27 10.7
306.49 3.7
307.35 16.1
308.33 4.2
309.26 11.6
310.08 11.7
312.24 15.3
313.24 13.6
314.26 9.2
315.27 8.2
316.23 13.4
318.25 4.0
319.10 8.3
320.14 7.6
321.28 23.6
322.28 44.6
323.21 13.9
324.13 4.1
325.28 3.3
326.20 23.5
327.17 5.3
328.20 8.2
329.25 24.0
330.16 7.8
331.05 2.4
332.05 3.6
333.29 6.4
335.18 5.9
336.80 17.5
337.71 14.3
339.20 25.1
340.62 9.7
341.36 6.1
342.42 9.8
343.33 3.1
344.30 15.7
345.16 12.6
346.03 7.0
347.01 4.7
349.31 27.6
350.64 1.6
351.28 12.3
352.22 15.3
353.33 7.7
354.58 4.3
355.26 9.9
356.50 16.3
357.22 9.7
358.09 1.6
359.37 5.6
360.45 19.7
361.31 11.2
362.35 12.4
363.22 14.1
364.95 22.8
366.29 9.9
367.25 16.4
368.26 3.4
370.09 35.4
370.89 36.7
371.55 1.9
373.13 12.8
373.95 7.2
374.63 15.7
375.45 14.8
376.30 64.4
377.29 43.2
378.39 25.7
379.85 368.4
380.70 5.9
381.67 3.1
383.31 5.9
384.31 4.7
385.52 7.7
386.15 8.2
387.19 5.7
388.45 5.9
389.23 14.0
390.01 8.6
391.11 30.5
392.00 21.7
393.39 5.7
394.62 5.6
395.42 11.9
396.56 15.9
397.19 1.7
398.10 5.4
399.27 13.9
400.42 13.8
401.08 5.6
402.30 3.2
403.24 15.6
404.25 8.1
405.17 57.1
405.86 112.3
407.42 19.7
408.35 26.6
409.15 71.4
410.12 43.9
411.30 10.1
412.42 5.6
414.41 1592.8
415.71 26.0
416.97 26.0
418.36 11.3
419.28 34.6
420.26 16.7
421.31 37.6
422.43 21.7
423.41 566.5
424.45 21.7
425.31 18.7
426.37 16.9
427.19 8.9
428.01 10.9
429.24 12.0
430.14 14.3
431.13 10.3
432.24 11.2
433.30 5.8
434.28 17.2
435.37 28.2
436.17 1.2
437.29 24.0
437.97 18.8
438.71 5.6
439.42 16.1
441.34 54.9
442.31 59.0
443.37 64.5
444.43 18.6
445.53 11.4
446.83 129.6
447.98 21.6
448.68 2.0
449.32 27.9
450.34 7.8
451.47 45.4
452.43 16.8
453.40 11.8
454.78 19.1
455.77 71.5
456.45 72.3
457.76 47.1
459.18 51.0
459.92 44.5
460.54 6.8
461.55 37.7
462.74 54.3
463.45 28.9
464.44 31.1
465.33 170.7
466.19 35.5
467.02 17.7
468.70 156.8
469.41 99.0
471.03 11.2
471.96 21.8
473.01 13.7
473.67 14.9
475.12 34.4
476.24 8.8
477.87 368.4
479.18 77.2
480.33 56.9
481.44 13.3
482.21 23.8
483.46 7.3
484.40 8.9
485.49 8.7
486.55 13.8
487.39 52.5
488.27 23.9
489.33 117.9
490.48 26.4
492.45 93.6
493.49 70.0
494.37 6.5
495.23 30.1
496.27 28.0
497.20 28.8
500.50 50.1
501.41 393.1
502.34 90.1
503.36 7.6
505.24 862.1
506.09 412.5
507.08 68.5
508.06 9.8
509.13 62.2
509.92 33.1
511.41 8.7
513.05 8.6
514.47 1146.2
515.39 99.7
516.88 1.3
524.02 1.6
539.32 14.5
540.47 4.0
543.81 4.1
549.38 2.5
553.36 3.5
554.85 2.5
557.39 5.2
558.40 2.3
562.02 4.0
567.14 4.3
568.24 4.1
569.24 3.5
569.97 1.6
572.27 8.9
575.46 2.3
579.72 1.0
585.38 3.0
590.46 215.6
591.41 43.6
599.89 2.3
600.67 1.4
601.62 6.3
603.47 8.9
614.21 4.7
616.55 2.5
618.43 2.6
623.94 10.9
629.32 2.8
634.50 5.5
636.34 3.7
639.28 5.4
640.59 2.3
643.68 9.2
645.99 8.8
648.04 6.0
649.38 1.6
650.41 10.1
652.42 21.7
653.27 4.1
655.49 2.1
656.52 1.0
661.60 59.8
662.50 19.4
665.37 7.3
666.54 2.7
667.52 2.1
668.66 2.6
670.46 30.0
671.42 1.3
673.42 1.6
674.54 4.5
676.00 1.8
676.83 3.6
677.64 7.4
683.13 13.2
684.20 1.8
686.52 7.8
687.24 2.4
690.12 7.3
692.12 18.8
695.68 8.4
698.28 4.9
699.43 4.8
700.44 2.1
702.90 2.3
708.37 3.6
711.35 5.8
715.49 3.1
720.08 7.1
724.65 3.8
729.25 3.5
738.32 4.6
740.38 4.7
742.15 1.7
744.52 1.9
748.12 3.7
749.63 7.4
751.81 1.8
758.46 270.8
759.36 45.5
760.03 2.8
766.47 4.8
767.46 2.2
768.56 1.8
769.42 2.4
770.36 6.1
773.30 2.4
774.66 1.7
776.30 5.1
784.60 4.4
786.70 1.0
796.18 2.5
799.14 2.1
803.62 2.2
804.30 1.8
811.45 2.2
817.46 3.2
822.56 2.1
827.51 7.1
828.47 3.1
831.90 2.5
832.71 4.7
833.55 1.8
841.13 4.7
845.43 137.2
846.62 27.2
849.61 2.1
852.80 2.9
855.60 2.7
864.76 1.5
872.73 2.2
892.09 4.3
912.08 1.5
912.97 5.0
914.18 3.4
920.86 1.1
931.56 1.9
932.67 12.3
933.67 7.8
937.75 3.7
942.13 1.4
942.80 8.1
943.70 3.0
947.18 4.8
989.42 1.8
1004.69 6.6
1007.36 4.4
