1084.49932 2
154.20 3.2
156.08 3.6
157.33 80.5
158.14 319.2
159.16 190.5
169.14 145.2
170.10 14.7
172.87 2.4
175.13 1598.7
176.20 11.0
177.15 4.2
181.27 10.3
182.21 102.5
183.20 168.0
184.34 20.9
185.22 13.2
187.12 1623.7
188.14 77.7
188.90 4.0
190.33 10.7
192.27 2.4
193.18 22.4
194.20 56.1
195.32 16.2
196.26 12.9
197.22 26.4
200.22 20.5
202.09 8.9
203.41 2.1
207.15 3.2
208.15 16.7
209.23 7.0
210.18 162.5
211.02 29.2
212.20 68.1
213.16 10.8
214.23 130.3
215.10 1263.6
216.18 97.1
218.20 5.3
221.10 34.9
222.21 11.5
223.05 8.3
224.22 126.2
227.38 43.0
228.17 35.1
229.33 6.7
230.22 113.9
231.21 2.7
232.25 33.1
233.90 10.4
234.64 10.0
235.38 4.9
236.16 4.4
237.29 12.8
238.20 111.1
239.23 74.1
240.13 60.5
242.20 293.0
243.18 8.4
244.19 8.6
247.13 30.6
248.35 59.8
249.38 7.8
250.74 4.3
252.19 1343.0
253.32 18.8
255.27 34.4
256.53 79.1
257.20 1452.9
258.26 27.3
260.21 472.0
261.23 56.4
262.18 27.0
263.26 11.3
265.08 23.7
266.98 22.3
268.16 12.4
270.14 3612.9
271.16 12.3
273.12 18.8
274.25 547.8
275.20 48.7
277.50 5.4
278.42 18.3
280.22 6.3
282.07 14.4
283.08 20.6
284.48 5.6
286.43 11.3
288.30 14.2
291.18 28.0
292.06 3.2
293.31 8.0
294.44 10.4
295.62 14.5
296.42 44.0
297.31 229.0
298.59 3.5
300.28 2.2
301.24 67.6
302.13 14.7
304.38 3.5
305.41 33.3
306.31 129.6
307.19 39.0
308.05 66.7
309.10 7.7
309.93 6.6
311.21 7.7
312.26 157.8
313.27 27.2
315.74 16.1
317.28 39.0
318.14 2.3
318.98 4.1
320.29 9.9
321.35 3.1
323.19 459.8
324.18 259.0
325.32 265.1
326.44 26.7
327.25 26.4
328.04 6.3
329.15 40.6
330.14 334.0
331.28 26.0
332.28 29.1
333.34 24.6
334.18 133.6
335.38 10.7
337.34 13.6
338.14 3.8
339.29 21.8
340.95 198.0
342.05 2.6
343.15 49.1
344.37 2.8
345.25 14.2
346.22 6.6
347.15 7.3
348.25 29.8
349.39 49.6
350.10 226.8
351.20 538.7
352.29 151.2
353.38 4.7
354.19 13.6
356.15 3.8
357.32 45.3
358.50 3.4
360.22 14.6
361.02 5.7
362.03 8.8
363.18 6.7
364.11 3.1
366.05 97.0
367.37 334.8
368.27 550.2
369.29 497.1
370.38 40.0
373.19 18.7
374.26 8.5
374.93 5.9
376.31 11.1
377.19 2.9
378.30 65.4
378.92 12.8
380.45 2.8
381.43 15.1
382.23 6.5
383.26 12.2
384.42 165.0
385.34 314.1
388.44 8.0
389.93 19.7
392.26 8.4
393.53 11.7
394.49 14.0
395.33 265.9
396.68 25.4
397.37 3.7
399.16 127.6
400.41 13.0
401.38 26.4
402.35 79.6
403.71 27.9
404.59 19.0
405.35 18.0
407.26 1210.1
408.30 178.1
409.34 34.5
410.24 54.8
411.19 63.9
412.35 75.7
413.27 15.4
414.28 16.6
415.39 34.8
416.16 35.7
418.28 90.2
419.14 12.5
420.15 65.9
422.17 8.4
422.93 11.0
424.33 25.4
425.29 28.7
426.22 66.3
427.16 285.5
428.17 73.2
429.01 23.8
429.84 4.4
430.72 41.9
431.46 38.7
432.89 61.4
433.87 30.1
434.63 18.8
435.93 598.0
436.73 16.1
437.35 11.2
438.47 21.0
440.05 15.4
441.10 10.1
441.74 7.5
442.37 4.3
444.20 361.8
445.21 18.5
446.42 54.8
447.30 56.8
448.23 64.7
449.08 53.9
449.89 17.8
451.04 14.3
452.03 40.5
453.21 47.6
454.45 60.9
455.50 33.1
456.51 30.5
457.53 20.8
458.69 14.7
459.35 11.1
460.37 31.6
461.03 16.6
462.21 39.7
463.27 71.0
464.30 96.8
465.37 193.5
466.41 109.7
467.98 288.0
468.95 96.7
470.05 165.7
471.04 102.9
472.23 22.4
473.39 26.3
475.14 19.8
476.34 44.8
477.05 120.6
478.07 9.6
480.26 329.8
481.45 215.3
482.36 24.5
483.35 186.9
484.24 109.7
485.24 196.9
485.90 86.3
487.27 70.2
488.22 29.1
490.16 234.9
491.15 609.9
492.35 128.8
493.31 34.0
495.37 12.8
496.41 204.8
497.30 678.8
498.22 818.4
499.27 150.2
500.10 16.9
501.46 381.3
502.34 39.3
503.27 62.3
505.38 345.1
506.22 192.7
507.62 343.2
508.36 2392.5
509.29 75.2
510.63 224.5
511.50 364.9
512.40 85.4
513.25 25.5
515.19 2994.4
516.33 389.0
517.02 11.7
518.71 90.5
520.39 2985.7
521.36 165.2
522.65 19.9
524.79 1031.5
525.45 5819.4
526.32 707.9
527.52 222.6
528.38 54.8
530.74 249.6
533.12 743.0
534.08 811.2
534.80 27.0
536.24 22.1
537.79 5.8
541.36 3.3
548.50 5.2
552.08 6.3
559.33 9.5
561.10 13.6
562.13 10.8
565.60 20.9
567.55 4.8
568.50 12.7
570.34 4409.6
571.35 661.6
571.96 3.6
572.97 21.9
573.77 11.5
574.44 15.7
575.74 11.3
576.89 20.5
577.52 12.1
578.54 2.2
580.55 8.4
583.40 11.8
585.49 16.7
589.39 10.2
590.42 5.9
593.28 9.5
594.42 10.1
599.08 3.4
600.38 16.4
601.15 5.6
602.00 8.4
603.64 27.6
605.14 7.9
607.08 12.3
608.83 11.6
611.42 7.8
612.21 6.8
615.41 19.7
616.22 6.5
618.61 5.5
619.44 20.4
621.39 19.7
623.26 52.3
625.24 46.7
626.50 16.2
629.56 4.0
631.64 33.2
632.32 8.6
633.21 23.8
635.51 3.4
636.43 4.7
638.68 7.0
641.35 1172.9
642.42 217.0
643.40 81.7
644.37 39.2
645.61 6.6
647.80 32.5
649.74 18.4
650.35 28.8
651.44 12.3
652.30 5.9
655.13 8.2
656.04 17.2
657.05 2.3
657.93 3.8
658.95 42.8
660.37 85.3
661.31 305.6
662.50 63.5
663.88 7.0
664.50 10.0
665.45 52.9
666.48 10.4
667.90 35.0
671.95 8.8
674.13 40.3
675.54 9.0
676.50 8.5
677.31 45.8
678.34 448.4
679.30 120.4
680.34 84.0
681.01 8.8
682.82 36.0
683.70 32.5
684.86 11.9
685.54 16.5
686.38 16.3
687.50 13.3
688.55 11.3
689.69 22.7
690.48 34.3
691.54 14.1
692.45 2.2
693.31 11.8
694.47 115.3
695.34 11.6
696.12 11.9
697.21 15.8
698.14 6.1
698.99 23.1
699.62 17.1
700.55 14.0
705.68 20.6
706.46 18.0
707.10 3.9
708.36 35.2
710.43 8.6
711.22 10.0
712.51 3.2
713.71 6.8
717.49 11.4
718.87 13.3
720.33 2.2
721.17 33.5
722.11 15.7
723.22 5.0
724.14 4.8
727.29 4.1
728.26 3.5
729.54 4.4
732.43 8.0
733.49 2.2
734.46 32.2
735.37 20.0
736.41 9.1
737.41 12.5
738.45 50.2
739.53 27.9
740.77 21.2
744.60 15.0
745.51 13.4
746.25 8.6
747.20 8.4
749.31 6.1
750.72 7.4
752.35 2.6
755.38 1351.0
756.40 329.6
757.57 21.0
760.76 6.8
761.40 11.8
763.50 13.5
764.32 12.4
765.87 18.2
767.64 6.0
768.96 5.4
771.97 6.8
773.08 21.7
776.50 7.3
777.34 11.3
780.44 6.4
782.63 8.6
784.70 9.6
786.93 12.2
790.23 31.7
791.37 28.5
792.40 39.1
793.51 4.8
794.54 62.5
795.19 34.9
796.09 6.2
798.45 13.5
801.17 7.7
804.39 3.0
806.54 51.4
807.49 101.9
808.38 465.6
809.40 71.3
810.65 11.1
812.56 19.7
813.46 7.5
814.54 12.0
816.45 5.8
819.22 8.8
820.60 17.9
823.67 13.8
825.28 317.7
826.32 72.1
832.42 5.4
833.60 8.5
834.58 9.7
835.44 27.2
837.51 7.3
839.74 11.3
840.41 7.0
841.16 7.1
850.14 3.2
852.42 201.6
853.41 719.0
854.35 163.8
856.96 12.9
858.28 2.8
859.09 6.8
863.44 3.8
864.70 11.1
865.57 9.8
868.59 25.5
870.43 5954.4
871.46 1310.5
872.09 6.1
872.92 5.4
875.70 26.8
876.73 10.9
879.09 5.1
881.31 11.6
884.07 3.1
885.51 9.0
886.55 5.3
887.80 4.2
892.65 7.8
893.64 7.1
894.43 11.3
895.51 14.5
899.35 6.0
900.33 9.4
902.84 28.5
903.48 17.9
904.22 21.5
908.23 12.9
909.29 3.4
910.50 18.7
911.66 5.2
912.93 2.9
916.43 14.2
917.58 7.7
920.27 151.6
921.36 440.1
922.32 95.9
923.04 4.0
927.51 11.4
928.64 11.2
929.84 2.9
931.26 12.2
932.60 4.8
935.64 12.0
936.58 14.8
938.37 599.3
939.38 148.0
940.15 3.7
944.60 11.0
950.31 26.0
951.39 3.6
953.48 4.5
954.29 9.0
961.73 39.5
962.59 39.5
963.60 19.8
966.65 8.6
968.49 16.7
979.73 237.9
980.53 616.8
981.46 171.9
989.35 6.6
996.33 16.0
1011.58 5.3
1017.89 4.5
1018.59 8.3
1045.46 159.4
1046.54 75.4
1047.43 16.0
1061.77 6.9
