833.437 2
119.93 1.0
126.07 168.1
127.04 6.5
128.14 24.2
129.21 3.2
130.10 11.5
131.02 1.0
133.19 7.8
135.08 2.8
136.22 2.9
141.23 5.3
144.13 25.5
147.23 4.9
151.14 2.7
151.98 2.6
153.19 29.3
154.11 250.3
155.14 13.3
156.32 9.3
157.18 5.6
158.23 25.2
159.39 5.6
160.23 7.2
161.47 3.5
162.10 12.7
166.40 7.2
167.23 6.5
170.07 122.2
171.19 277.5
172.11 24.0
173.08 82.5
174.30 25.8
175.17 115.7
176.22 7.7
177.24 8.3
178.23 7.0
179.28 5.2
180.13 3.0
181.16 4.9
182.13 5.6
183.38 4.4
184.33 1.9
185.24 10.6
186.11 4.5
187.24 7.4
189.18 812.6
190.15 28.7
194.17 5.8
196.16 5.0
197.29 11.2
199.05 133.0
200.40 17.0
201.22 68.6
202.10 13.8
203.79 2.8
205.25 7.4
206.26 1.9
207.27 1.7
208.06 1.9
209.29 2.9
210.19 2.4
211.21 1.3
212.08 1.9
213.19 1.6
215.32 5.2
217.09 2451.3
218.18 119.9
219.14 3.5
220.13 1.4
221.13 4.0
222.20 3.6
223.19 5.8
225.19 11.8
226.20 1.7
227.25 10.9
228.15 7.5
229.22 9.9
230.38 9.5
231.35 10.4
233.29 3.0
234.97 14.4
236.07 4.1
239.20 6.8
240.27 1.8
242.21 3.0
243.23 5.5
244.05 5.8
246.29 5.4
247.29 4.5
248.20 3.2
251.18 7.0
252.17 1.8
253.31 8.7
255.27 3.9
256.21 15.6
257.24 6.3
258.06 11.4
259.28 5.7
260.23 3.3
261.09 5.1
262.11 2.2
263.21 1.6
264.14 1.9
265.22 4.9
266.03 3.4
266.66 5.2
268.11 3.3
268.91 3.7
270.30 17.2
271.19 8.8
272.81 11.6
274.54 1.8
275.29 2.3
276.09 2.7
279.13 3.6
280.95 1.3
282.11 3.5
283.34 5.2
284.26 16.4
285.20 54.2
286.13 40.3
287.12 2.3
288.23 637.1
289.26 62.0
291.22 5.9
292.10 3.7
293.24 1.9
294.31 5.1
296.26 7.7
298.40 1.9
300.41 40.5
301.96 59.1
303.07 57.5
304.19 19.9
305.34 1.6
306.08 3.9
308.32 9.9
309.29 181.8
311.39 12.0
312.24 40.5
313.25 4.3
315.06 2.3
316.09 17.3
317.05 24.4
318.34 1.9
320.42 12.6
321.18 8.7
322.45 10.9
323.26 24.3
324.35 19.2
325.36 23.3
326.30 28.3
327.10 16.7
327.98 28.7
329.13 171.7
330.14 536.0
331.19 59.4
332.33 6.9
333.46 6.6
335.20 3.3
337.25 2.3
338.26 3.2
339.31 14.3
340.40 14.4
341.22 10.1
342.14 16.0
342.94 14.2
344.03 8.2
345.25 5.3
346.49 16.5
347.28 4.6
348.28 1.0
349.37 2.3
350.51 6.4
352.14 2.3
353.47 14.8
354.36 18.1
355.18 13.9
357.13 56.4
358.33 41.3
359.32 64.7
360.82 21.6
362.14 5.3
363.24 5.0
364.87 34.7
367.18 2.0
367.93 3.6
369.52 12.7
370.55 4.8
371.37 34.8
372.51 16.6
373.17 19.8
373.98 34.6
375.46 26.3
376.29 6.1
379.08 13.3
379.72 17.7
380.43 3.8
381.34 30.1
382.33 43.5
383.28 37.2
384.13 3.1
385.15 28.7
386.14 4.2
387.21 43.5
387.97 45.6
389.26 26.5
390.32 20.5
391.03 4.7
392.98 53.8
393.68 11.3
394.43 22.3
395.64 29.8
396.25 6.2
397.20 12.0
399.18 663.3
400.12 265.8
401.38 61.0
402.41 40.9
403.27 7.3
405.04 32.0
405.97 50.5
408.34 1317.5
409.39 13.4
410.30 3.3
410.94 1.3
415.05 2.6
416.99 9.4
417.92 3.9
423.95 2.4
428.44 3.2
429.29 2.3
432.31 23.1
433.42 3.4
434.71 11.2
435.84 2.8
438.67 3.5
439.74 2.6
441.05 1.1
443.36 2.5
455.27 1.7
458.36 29.0
459.45 13.4
460.27 3.3
468.64 15.4
470.60 9.9
472.55 1.2
474.35 5.6
475.25 5.9
476.28 1.3
478.40 8.1
479.48 6.3
481.06 4.8
484.14 3.8
486.34 35.7
487.25 4.3
488.35 6.4
489.39 14.1
490.47 2.9
491.57 1.9
493.28 5.8
494.93 9.7
497.42 18.6
498.27 15.8
499.66 5.0
500.33 16.1
501.32 2.5
502.24 7.0
504.33 2963.5
505.36 456.8
506.30 2.2
507.72 8.1
508.38 9.2
510.15 24.1
511.53 4.0
512.33 2.9
514.49 5.2
515.86 4.1
518.30 4.4
519.01 3.1
522.40 6.0
526.63 9.4
528.19 129.1
529.32 7.2
531.41 5.0
532.41 11.8
533.46 23.3
534.31 3.1
536.09 3.6
537.59 7.2
544.89 5.4
546.20 71.7
546.82 10.0
548.98 4.0
550.28 3.0
551.06 2.9
553.61 4.5
554.48 6.1
555.46 1.4
556.47 10.9
557.19 1.4
560.27 14.4
561.61 26.9
563.25 3.2
566.24 4.3
569.04 4.6
570.53 2.2
572.24 9.8
573.52 5.1
578.52 6.2
583.44 4.1
584.37 5.8
587.43 6.0
588.42 1.1
589.44 1.5
590.11 8.7
591.21 2.5
593.65 7.6
599.40 49.7
600.53 16.5
601.34 1.0
603.45 2.4
604.12 3.8
607.15 5.7
608.42 19.4
609.42 1.1
612.41 3.2
613.55 4.1
614.68 3.5
617.42 6276.7
618.44 1200.5
619.29 2.2
622.41 1.1
623.29 5.7
624.66 1.6
631.22 23.9
632.45 197.9
633.46 53.8
634.51 7.4
637.30 2.3
641.18 49.8
642.19 6.2
646.32 2.6
649.36 9.0
650.34 7.0
658.76 29.4
659.47 21.7
660.31 5.4
661.89 4.9
662.59 2.4
664.58 1.1
673.86 2.4
680.73 2.6
684.53 10.9
685.52 2.2
687.35 3.5
688.45 2.0
700.60 2.2
705.51 4.3
707.64 2.5
719.56 14.5
722.36 3.0
724.45 3.3
728.64 19.7
729.65 8.1
732.24 1.0
741.35 2.1
746.45 6.8
747.52 11.5
758.47 4.1
775.38 2.0
778.43 5.3
789.51 2.7
793.31 1.1
795.51 1.1
801.32 1.1
812.33 4.3
835.70 2.1
840.73 2.3
