1172.52605 2
169.14 4.6
171.53 2.2
175.07 5.8
176.21 1.1
178.12 2.7
178.73 2.7
180.33 2.0
182.23 4.6
185.21 3.4
187.10 56.6
189.13 6.5
191.06 5.0
192.10 3.6
197.42 2.5
198.25 1.8
200.27 2.8
201.21 5.4
202.14 3.9
203.19 9.2
205.76 5.0
210.11 8.2
211.10 2.3
212.08 3.1
213.36 6.6
214.34 1.9
216.03 6.9
217.42 2.4
218.06 3.6
218.97 1.5
221.23 2.4
221.98 3.7
225.23 6.6
226.22 2.6
228.18 3.9
230.43 10.4
231.07 5.5
232.37 4.1
234.24 9.3
235.15 2.9
236.38 2.9
237.21 3.2
238.16 3.8
239.26 4.8
240.48 3.6
241.09 16.3
242.13 2.6
243.03 5.1
245.24 7.3
246.15 2.6
248.23 47.9
249.52 6.7
253.28 1.5
255.14 1.9
256.02 5.3
257.21 5.1
258.16 6.5
259.21 45.0
260.05 6.7
262.43 6.3
263.33 5.0
264.09 1.4
265.05 4.2
269.24 2.4
270.15 6.1
271.19 3.7
273.16 1.1
276.12 1.5
277.17 3.7
279.19 5.0
280.36 9.4
281.41 2.9
282.13 1.6
282.75 3.4
283.80 19.6
285.02 4.4
286.13 1.6
287.04 1.5
288.20 6.8
290.22 10.3
292.19 2.7
293.29 5.8
294.40 9.3
295.20 9.6
296.47 6.0
298.19 22.6
299.10 11.8
299.98 5.2
302.24 9.2
303.30 5.4
303.99 3.6
305.23 2.8
306.37 3.4
309.27 4.5
311.24 2.2
313.01 8.1
315.34 3.4
316.27 41.6
317.03 4.7
318.18 4.7
319.22 8.0
321.24 8.9
322.03 3.3
323.16 6.1
324.12 2.8
325.26 3.3
326.14 1.4
327.30 5.3
328.34 6.5
330.23 10.5
331.17 3.2
332.23 3.5
333.33 10.1
334.17 5.9
335.34 3.2
336.22 2.9
337.22 5.9
338.04 3.6
339.26 2.1
340.29 10.0
341.31 2.6
343.29 18.8
344.42 6.3
345.40 3.9
349.02 15.3
350.92 17.2
352.30 4.3
353.41 2.7
356.58 8.3
358.04 19.3
359.36 3.2
360.63 3.2
361.33 8.5
362.15 8.8
363.35 7.6
364.07 13.8
365.25 10.9
366.30 11.2
368.15 4.9
371.35 4.9
373.00 7.9
374.30 7.4
375.03 15.4
375.66 8.7
376.37 2.6
377.22 9.1
378.13 5.9
379.76 4.7
380.59 11.3
381.35 15.5
382.06 3.8
383.26 17.1
384.43 4.1
385.41 5.3
386.20 6.8
387.53 4.5
388.33 16.5
389.33 8.6
391.23 2.9
394.27 7.5
395.25 205.1
396.26 20.0
397.09 12.7
399.16 10.5
400.25 7.2
401.03 5.2
402.16 1.1
403.26 14.4
404.32 4.4
405.12 4.2
406.30 6.7
408.30 1.3
409.15 15.8
411.54 8.7
413.46 10.6
414.36 17.1
415.24 4.6
416.16 7.2
417.17 6.6
418.10 4.5
419.06 3.6
420.20 1.5
421.26 4.5
422.40 15.3
423.16 3.5
424.74 12.7
426.01 6.9
427.18 37.5
428.01 21.8
430.42 3.8
431.22 6.6
432.10 2.0
432.93 7.1
435.33 2.1
436.26 6.8
437.37 7.3
438.23 12.6
439.18 8.6
440.06 6.0
440.69 3.6
441.45 11.6
442.75 20.4
443.44 3.3
445.18 80.5
446.41 10.9
447.81 5.1
450.09 5.5
451.09 7.4
453.13 2.7
454.08 8.6
455.67 12.0
456.52 13.4
457.13 6.7
458.18 9.5
459.13 8.8
461.01 5.4
462.27 8.8
462.87 2.3
463.89 5.8
464.86 6.4
465.51 5.8
466.27 4.2
467.25 5.9
468.13 1.4
469.27 9.8
470.47 2.2
471.52 15.6
472.18 26.9
473.18 70.7
474.11 8.8
474.72 2.9
475.78 14.6
476.50 9.4
478.10 4.4
481.35 8.4
482.28 24.9
483.24 13.7
484.12 6.3
485.01 58.8
486.02 5.8
487.17 7.6
488.04 1.3
489.33 5.8
490.13 1.4
493.89 80.9
495.25 17.5
496.26 10.2
497.15 17.5
498.21 8.6
499.22 8.6
500.42 3.4
501.07 2.2
502.28 1.4
503.17 6.3
504.02 8.9
505.31 6.1
506.51 27.8
507.48 5.6
508.22 3.8
510.52 3.8
511.54 13.9
512.52 10.5
513.29 12.0
514.35 13.0
515.23 7.4
516.21 4.7
518.30 1.4
519.46 4.1
520.48 20.7
521.46 15.5
522.43 11.6
523.51 19.4
524.37 23.6
525.47 24.5
526.61 8.1
527.40 38.8
528.32 15.5
529.78 19.2
530.41 7.6
532.26 7.0
534.26 9.3
534.88 7.5
535.79 8.8
537.39 7.3
538.43 10.3
539.24 9.1
540.42 20.8
541.22 42.2
542.36 259.9
543.42 59.1
544.16 3.1
545.03 1.7
546.56 10.3
547.54 6.2
548.26 31.6
549.14 16.4
550.63 47.4
551.48 31.9
552.37 2.9
554.24 10.3
555.72 15.8
557.53 19.4
558.63 6.2
559.83 44.9
560.61 2.4
563.58 8.7
564.43 14.6
568.27 191.7
569.22 267.3
570.37 73.1
571.50 19.9
572.43 4.4
573.07 5.2
574.38 27.0
575.07 14.7
576.27 3.3
577.77 93.8
578.71 10.9
579.62 3.1
593.61 1.4
595.59 1.4
600.29 1.0
603.54 8.2
610.10 3.0
613.28 39.0
614.49 7.6
615.37 4.9
616.38 1.3
618.51 7.5
623.49 7.2
627.10 2.5
628.30 2.4
631.29 63.0
632.43 28.5
644.22 8.7
654.56 1.6
655.21 2.8
660.71 3.3
668.25 1.5
670.37 3.4
683.57 1.4
689.62 1.4
690.64 3.9
695.62 6.8
701.31 4.6
705.50 6.6
708.08 1.9
709.59 4.2
710.59 6.0
711.60 2.8
712.78 10.9
713.40 1.4
714.42 1.0
715.51 2.2
721.30 11.5
724.90 5.2
728.37 298.5
729.45 64.4
732.49 2.2
733.44 3.1
739.67 1.8
741.55 3.2
742.20 5.6
745.87 3.3
751.17 3.3
754.56 5.1
758.35 7.1
760.18 19.0
764.86 4.0
766.89 6.0
767.71 5.4
770.31 1.8
772.01 1.4
775.39 5.5
776.58 2.7
778.31 100.5
779.37 38.2
780.55 13.1
788.56 1.6
789.16 1.2
790.67 3.6
796.79 1.6
802.94 3.7
804.15 1.7
811.37 5.5
812.54 10.9
813.43 4.3
816.87 1.0
817.67 1.6
819.52 4.1
822.59 5.3
827.25 13.7
828.95 8.9
829.86 12.8
831.75 5.6
832.87 2.0
836.59 2.6
839.49 17.6
840.34 4.0
841.43 3.0
843.12 3.6
845.65 1.8
846.41 3.4
849.65 2.9
853.63 3.8
855.63 2.6
857.47 268.3
858.37 58.7
862.36 1.2
870.54 1.8
880.74 8.2
886.53 3.4
888.66 9.5
893.69 5.3
895.16 2.7
897.37 2.6
898.52 3.5
901.42 1.0
902.51 1.0
904.08 6.9
907.48 32.9
908.52 10.7
909.66 3.4
911.22 1.2
912.60 2.0
921.68 3.6
925.36 77.5
926.48 29.1
928.24 1.8
929.32 6.3
931.20 2.0
943.32 3.2
947.66 3.8
951.41 1.4
953.76 1.5
964.01 4.4
968.54 26.6
969.62 16.7
971.77 1.7
972.37 2.7
975.91 2.5
976.66 2.3
981.57 1.7
986.49 126.1
987.69 39.4
997.65 4.9
999.47 5.9
1008.46 18.8
1009.64 6.1
1010.42 1.5
1026.49 70.3
1027.48 19.8
1033.59 2.5
1038.63 1.2
1040.58 10.5
1044.57 1.6
1067.71 2.6
1068.69 1.4
