1060.56438 2
151.23 7.4
152.23 1.0
156.28 1.5
157.24 2.6
158.07 2.4
160.03 1.3
161.10 4.2
162.14 7.3
163.07 3.8
163.96 1.1
165.08 2.4
166.41 1.2
168.23 2.0
169.17 4.8
171.21 4.7
171.99 3.5
173.10 6.2
174.34 2.5
175.20 25.0
177.19 91.5
178.17 12.6
179.16 5.5
181.18 4.7
182.02 2.8
183.78 1.6
185.38 7.6
187.19 198.5
188.27 5.2
189.24 1.4
190.93 1.1
192.31 3.1
193.18 7.6
194.13 2.8
195.42 7.8
196.98 4.6
198.33 3.5
199.32 6.6
200.28 5.3
201.44 12.9
202.23 2.6
203.17 2.3
204.25 1.7
205.11 13.5
206.02 4.1
207.20 5.4
208.10 4.0
209.04 10.2
210.24 21.7
213.20 4.9
215.15 142.0
216.29 30.5
217.36 2.4
218.32 5.5
219.26 11.1
220.44 14.2
221.25 72.6
223.31 5.0
224.31 10.1
225.32 1.3
226.38 9.4
227.14 3.9
228.23 7.8
229.04 14.8
229.89 3.7
231.10 60.0
232.13 13.9
233.15 5.7
233.98 2.3
235.13 2.4
236.26 3.0
236.98 6.6
238.42 6.7
239.25 71.4
240.15 2.3
241.17 5.8
242.20 7.2
243.19 10.6
244.22 2.1
245.51 5.5
247.26 3.5
248.04 3.7
249.17 24.1
251.16 5.1
253.22 7.6
255.28 15.2
256.30 8.2
257.21 1.5
258.09 8.7
259.92 10.2
261.07 13.9
262.09 7.8
263.15 10.1
265.17 23.9
266.32 13.6
267.29 9.1
268.14 1.0
270.17 2.6
271.06 3.6
272.26 10.0
273.19 7.2
274.19 17.0
275.21 22.3
276.27 19.7
277.36 10.2
278.16 4.7
279.29 4.4
280.27 3.9
281.32 4.3
283.22 76.3
284.22 12.5
285.36 5.7
286.20 11.3
287.09 6.5
288.04 5.0
289.22 24.3
290.16 4.7
292.24 10.9
293.23 36.2
294.46 13.4
295.25 12.1
297.10 7.5
299.15 14.6
300.14 19.9
301.10 8.2
302.22 14.3
303.20 2.1
304.28 2.3
305.29 2.3
306.11 7.1
307.08 6.5
308.37 7.6
309.20 27.9
310.31 5.2
311.19 13.0
312.32 12.0
314.17 6.7
315.25 6.6
316.03 11.6
317.29 3.8
318.00 16.1
319.22 32.5
320.22 16.5
321.21 5.1
322.15 17.4
323.13 10.1
324.31 19.8
325.19 5.6
326.12 10.9
327.26 136.8
328.22 39.3
329.07 6.3
330.08 11.1
331.36 20.5
332.43 14.7
333.35 6.0
334.39 2.7
335.61 15.3
336.46 15.0
337.35 73.0
338.34 13.5
339.20 11.1
340.02 23.7
341.16 7.9
342.17 20.1
343.13 3.5
344.56 16.2
345.22 22.7
346.24 58.6
347.31 1.6
348.20 9.1
349.11 3.0
350.07 9.9
351.15 9.0
352.09 23.9
353.14 50.3
354.14 8.3
355.25 8.1
356.06 21.4
357.11 5.7
358.19 16.8
359.17 17.2
360.07 10.7
361.20 5.0
362.11 6.2
363.20 11.6
365.20 15.1
366.14 3.3
367.42 7.4
368.12 15.6
369.18 16.4
370.17 34.1
371.40 25.2
372.26 19.0
373.54 8.8
374.35 5.6
375.05 24.5
376.29 16.5
377.17 3.8
378.23 4.6
379.50 21.9
380.64 32.1
381.44 51.8
382.37 4.6
383.35 12.9
384.50 17.3
385.34 4.1
386.27 22.9
387.15 33.5
388.19 7.6
390.16 22.7
392.16 4.5
393.20 20.1
394.25 15.7
395.19 15.7
396.45 21.2
397.23 19.4
398.42 23.7
399.28 9.9
400.22 9.9
401.27 11.3
402.29 16.9
403.03 19.6
403.98 7.2
404.69 5.3
405.63 8.8
406.35 5.1
407.21 15.1
408.17 11.5
409.22 15.2
410.19 16.1
411.25 9.2
412.32 17.3
413.30 6.9
414.80 26.2
415.98 138.3
417.02 63.2
418.13 16.9
419.10 20.0
420.28 13.5
421.10 9.7
422.44 24.6
423.78 114.1
425.31 123.6
426.09 10.0
427.31 26.4
428.29 13.2
429.44 6.3
430.28 12.3
431.32 3.1
432.60 21.0
433.33 15.2
434.33 19.6
435.31 1.3
436.12 21.9
436.82 14.2
437.54 17.2
438.28 11.7
439.22 70.5
440.24 39.6
441.15 9.8
441.96 27.4
442.75 13.2
443.42 151.4
444.26 14.1
445.33 11.8
446.13 13.6
447.31 14.1
448.26 13.4
449.41 56.8
450.45 11.9
451.39 20.8
453.39 8.7
454.73 68.0
455.56 34.8
456.64 32.9
457.59 19.4
458.76 21.8
459.44 10.4
460.31 19.1
461.16 5.6
462.00 3.2
462.85 17.1
463.76 117.2
464.75 11.4
465.50 12.5
466.44 17.9
467.61 57.1
468.36 24.0
469.23 52.4
470.04 28.2
471.07 62.1
472.16 41.0
473.32 18.3
474.33 2.7
475.11 13.3
476.71 239.3
477.91 16.5
479.68 74.6
480.50 33.8
481.57 23.4
482.55 19.1
483.34 43.8
484.17 56.8
485.16 66.6
485.97 193.7
487.28 102.3
488.33 28.9
489.33 62.4
490.00 170.5
490.87 6.5
491.47 4.7
493.33 15.1
494.35 55.1
495.26 70.2
496.28 16.2
497.27 21.3
497.93 1.4
499.61 27.1
500.38 89.8
501.33 12.8
502.05 21.0
503.09 6.3
504.52 23.8
505.29 204.4
506.29 40.7
507.46 53.6
508.62 196.1
509.23 188.4
509.90 13.9
512.15 439.4
512.78 35.0
513.43 721.5
515.23 19.8
517.10 22.1
518.56 12.2
520.44 2.5
521.66 179.2
522.32 380.6
524.41 2.1
528.98 1.5
537.27 2.5
538.31 17.5
544.55 2.8
545.24 6.9
549.95 8.9
553.15 2.2
554.16 5.4
556.38 40.6
557.37 15.9
562.30 1.3
563.44 9.6
571.68 2.6
577.23 1.6
582.66 2.0
584.47 4.4
589.09 2.7
599.13 2.3
600.15 2.6
601.44 9.7
611.62 1.2
616.10 11.0
618.46 159.2
619.48 37.2
627.52 3.0
629.30 2.8
640.16 3.9
644.09 3.7
645.65 1.3
649.25 1.3
652.24 6.5
653.22 1.6
656.03 3.9
657.09 4.8
659.09 19.6
660.52 2.6
661.95 7.6
664.26 4.3
667.27 6.6
670.18 5.0
671.56 6.5
672.67 13.4
673.47 5.4
674.67 2.7
678.29 4.2
683.16 4.5
688.44 4.3
690.40 2.9
699.46 2.1
701.13 5.3
701.99 2.4
703.39 2.1
704.55 8.2
708.57 2.5
711.22 3.9
712.55 5.1
713.32 2.7
715.45 7.1
716.33 5.4
717.44 8.0
725.22 1.4
726.68 1.6
729.56 2.4
731.23 6.1
733.40 237.8
734.47 55.6
735.08 1.8
745.55 2.0
748.50 1.8
750.52 3.5
754.49 3.5
756.51 1.6
758.59 2.7
761.30 5.4
766.70 4.4
767.63 4.7
770.58 2.9
771.53 4.0
785.42 11.4
788.68 6.3
799.28 2.2
813.72 2.1
816.12 3.8
819.58 4.6
820.30 1.4
825.00 6.7
827.08 3.5
828.50 2.2
829.45 6.9
831.20 1.7
832.77 2.7
846.46 524.2
847.58 133.5
849.66 1.3
850.44 1.6
854.46 1.1
857.03 5.1
867.88 3.7
869.49 1.3
870.22 1.8
870.95 4.3
872.73 2.5
883.41 3.0
885.70 4.6
886.33 4.0
894.55 2.2
903.34 3.6
904.28 2.6
905.72 2.2
910.11 6.4
943.17 2.6
944.63 6.2
960.55 2.6
994.71 2.7
1004.43 2.4
1037.95 1.1
1039.78 1.7
1040.83 2.1
