1045.56413 2
147.84 4.5
155.12 25.6
157.21 42.1
158.19 4.6
158.84 1.9
163.59 3.3
164.30 1.8
167.16 12.5
169.15 25.1
173.16 79.5
174.29 5.3
175.28 22.5
178.94 4.1
183.12 108.4
184.20 6.0
185.14 33.4
186.99 8.8
188.22 1.3
190.27 1.8
191.47 6.6
193.12 3.8
194.10 4.9
196.10 5.8
197.22 4.7
198.40 1.2
199.32 17.4
201.11 206.7
202.16 19.8
205.34 5.0
208.12 5.0
209.23 9.2
210.25 5.4
211.23 8.0
212.28 6.5
214.77 5.5
215.51 1.9
216.14 3.4
219.29 5.1
222.04 2.7
224.55 15.2
225.22 71.9
225.98 3.9
227.64 2.1
229.79 3.6
230.42 1.1
232.24 1.5
233.15 6.6
234.04 2.4
238.22 846.8
239.23 54.1
240.28 16.5
241.79 12.7
242.45 9.1
243.27 2.7
243.89 2.0
245.33 4.1
246.32 17.8
247.01 1.5
248.13 4.0
250.59 9.4
251.34 16.1
252.22 31.8
253.27 9.2
254.21 9.0
255.09 1.3
256.19 37.9
257.27 2.2
258.10 8.2
259.28 8.9
262.25 104.5
263.50 6.8
264.37 2.7
265.31 4.0
266.61 4.4
268.42 7.3
270.15 581.1
271.21 52.3
274.21 11.5
277.28 3.8
278.57 2.8
279.30 2.5
281.20 3.4
282.38 12.6
283.18 17.1
284.30 11.5
285.17 7.9
286.16 10.2
286.95 6.5
288.10 79.0
290.25 4.2
291.15 1.3
292.41 2.7
294.27 11.2
296.11 11.8
297.22 1.8
300.16 6.8
301.28 4.5
302.48 1.5
305.35 3.3
307.25 3.3
308.46 2.4
309.12 4.9
310.10 13.0
311.54 4.0
312.21 6.0
313.25 8.1
314.11 5.9
315.32 1.7
316.40 1.1
317.55 3.2
321.04 8.0
322.36 18.2
323.33 3.6
324.60 8.7
325.30 21.6
326.40 5.2
327.12 6.6
328.38 9.0
329.52 7.8
330.28 2.7
331.26 23.9
332.02 19.4
333.10 4.2
333.90 7.5
335.22 2.3
336.39 6.0
337.90 26.7
339.10 9.6
341.24 6.2
342.12 1.3
343.30 17.5
344.38 4.0
345.41 1.0
346.64 5.2
348.21 4.8
349.14 3.4
350.51 1.9
351.31 5.4
352.26 3.4
353.39 10.3
354.45 7.1
355.28 9.5
357.27 28.6
358.40 2.4
359.34 17.3
360.22 4.4
360.87 2.4
361.66 3.1
362.27 6.4
363.28 5.3
364.71 7.6
365.36 1.7
366.28 3.2
367.33 23.0
368.23 3.2
369.68 56.1
370.72 248.1
371.40 108.1
372.43 1.8
374.02 9.2
376.19 526.7
377.27 67.9
378.80 135.9
379.89 2274.4
380.66 9.2
381.90 11.3
383.37 3.3
384.08 7.3
386.37 7.4
387.35 18.8
390.46 16.4
391.39 27.7
392.54 18.1
393.33 6.3
394.38 9.6
395.28 21.8
396.04 46.0
396.82 33.5
397.67 8.9
399.35 9.0
401.26 9.4
402.26 7.4
403.02 6.4
405.61 1074.3
406.33 123.0
407.92 50.7
409.22 24.9
410.33 17.4
411.20 2.5
414.40 12555.0
415.61 131.2
416.84 12.8
418.03 19.3
419.75 27.4
420.40 19.6
421.29 7.6
423.40 3705.7
424.49 17.5
425.64 13.3
426.43 11.1
427.38 5.0
428.24 25.1
428.98 42.0
429.98 19.3
431.42 15.8
432.30 22.6
434.31 6.1
436.55 29.9
437.33 7.4
438.27 68.7
440.49 24.2
442.60 15.1
443.54 7.7
444.57 19.2
445.32 6.7
447.14 14.9
448.10 2.0
449.31 52.1
450.14 10.7
451.62 8.2
452.39 38.4
453.80 10.8
456.31 57.5
457.76 86.6
458.52 12.2
460.04 21.2
461.55 10.0
462.70 102.2
463.41 28.3
464.33 32.4
465.60 66.3
466.77 57.0
467.46 9.6
468.26 10.8
469.25 4.4
470.35 36.7
471.67 110.8
472.38 50.2
473.12 10.5
474.40 8.4
475.18 28.1
476.28 8.8
477.67 35.5
478.39 23.3
479.69 23.8
480.56 17.4
481.90 25.3
482.81 15.2
483.87 9.2
484.82 13.7
485.42 13.4
486.29 6.4
487.46 25.7
488.77 100.6
489.40 407.4
490.30 68.8
490.96 14.5
491.85 18.3
492.78 37.6
493.60 39.7
494.36 35.2
496.57 204.3
497.56 41.7
499.32 48.8
500.16 40.2
501.15 91.9
502.04 48.1
503.37 52.8
505.26 2582.4
505.88 1118.7
506.95 33.1
508.13 31.0
508.92 18.2
509.79 16.9
511.04 41.4
511.91 8.2
512.81 9.1
513.93 212.5
514.53 1059.9
515.60 1.5
516.30 4.0
523.85 2.3
527.50 6.4
530.30 1.5
531.33 7.4
533.56 4.2
539.32 66.8
540.35 3.2
541.88 8.1
543.11 2.1
545.02 1.1
546.36 2.5
549.14 14.1
549.83 2.3
551.36 4.3
554.71 1.9
556.75 16.8
557.46 23.3
558.56 12.0
559.68 2.3
564.48 4.1
565.24 2.2
566.36 10.0
567.06 5.3
567.94 3.7
570.16 1.7
572.51 3.7
573.51 14.6
579.75 18.7
583.85 10.9
585.31 3.5
586.29 2.3
588.45 6.9
590.36 1746.3
591.49 249.0
592.30 7.9
593.33 7.9
594.18 8.0
597.39 1.5
600.22 13.9
600.94 2.1
601.71 3.7
603.42 1.0
605.40 4.4
607.54 8.7
608.42 3.6
609.26 10.4
614.53 4.1
616.06 18.7
617.63 12.3
618.93 7.1
620.97 17.3
622.48 8.0
625.33 8.4
626.78 2.1
627.98 3.2
629.02 5.5
630.94 12.4
633.00 4.8
634.40 92.5
635.39 18.8
636.63 2.7
637.97 1.2
639.43 3.7
642.83 14.7
643.65 14.1
644.58 10.1
646.34 9.5
647.14 5.7
649.53 7.3
651.13 1.3
652.35 99.0
653.26 18.9
653.99 15.0
654.75 4.9
656.33 15.4
657.00 3.8
658.27 5.5
659.05 4.8
661.39 381.4
662.48 59.5
663.61 7.8
664.28 2.8
667.77 4.1
669.33 11.5
670.38 75.1
671.54 14.1
673.48 8.3
674.34 4.4
676.16 46.1
676.85 24.7
680.40 10.4
681.36 3.3
682.37 5.7
684.31 4.6
685.30 1.7
686.39 1.7
687.49 1.6
688.74 7.0
690.10 2.5
690.93 3.1
691.72 9.0
692.60 15.4
693.35 3.7
695.79 5.8
697.14 6.3
698.62 3.6
700.92 17.0
701.75 2.0
703.32 22.8
705.49 3.1
710.82 8.3
711.54 1.6
713.24 1.4
715.38 2.9
716.82 6.5
717.56 2.8
718.53 4.7
719.52 8.6
721.81 7.3
723.42 1.2
728.20 5.8
729.30 4.6
731.84 3.1
733.94 10.5
736.19 9.7
738.40 4.0
739.46 3.8
740.57 71.1
741.59 19.2
742.41 7.4
744.48 2.1
746.36 19.7
747.40 13.9
748.56 12.1
749.42 16.4
750.49 12.7
751.59 7.5
753.23 3.7
756.35 6.2
758.43 2374.5
759.56 598.0
760.79 13.4
761.53 1.3
764.36 8.4
765.30 4.0
766.41 4.5
767.56 23.2
768.55 5.8
770.61 10.5
771.64 3.4
773.66 2.6
774.66 7.3
776.41 8.8
779.33 10.2
784.39 16.7
785.41 13.2
786.93 11.2
787.75 12.0
789.23 2.4
790.50 4.2
792.57 2.3
793.78 5.6
798.66 6.0
799.53 13.1
800.62 4.1
801.82 3.3
802.55 9.5
804.56 5.6
805.67 4.4
806.38 2.0
811.56 2.1
813.46 6.0
814.60 10.4
815.56 2.2
816.95 6.0
818.30 10.4
819.36 8.8
820.55 4.2
823.48 3.5
824.61 1.9
826.63 2.8
827.61 44.4
828.72 25.1
829.62 22.3
830.61 8.0
832.61 3.5
833.86 4.2
835.13 2.9
836.47 3.0
837.67 1.9
838.52 1.4
841.27 4.0
845.51 1233.2
846.47 286.6
847.10 1.9
850.05 4.7
853.32 5.4
854.65 14.7
855.62 69.4
856.61 2.9
857.98 7.2
860.56 1.7
861.48 4.2
867.36 5.3
869.00 3.2
870.80 7.4
871.55 26.3
872.43 7.4
874.15 7.5
883.51 5.7
888.46 5.8
890.58 2.9
891.25 2.7
892.61 2.3
896.63 9.5
898.52 9.4
899.99 3.7
900.59 2.6
901.25 3.1
906.37 2.7
907.76 3.8
908.62 2.3
909.74 1.5
910.64 1.5
914.72 18.0
915.58 11.6
916.72 6.6
917.80 4.7
918.70 2.0
924.49 9.3
930.56 4.5
932.51 153.0
933.63 17.5
940.50 6.3
942.51 93.7
943.52 37.0
945.32 7.0
949.09 2.7
959.47 1.8
1006.55 3.5
1007.89 3.1
1021.68 2.6
1023.36 1.5
1024.61 7.7
