1109.49016 2
159.13 5.4
162.10 2.2
164.22 4.1
165.33 3.9
169.20 5.0
171.22 1.6
173.15 4.1
175.39 2.5
176.15 3.1
179.08 1.5
180.86 1.3
184.37 3.7
185.23 17.9
187.11 43.7
187.84 2.7
189.91 1.2
193.16 4.2
195.13 3.9
196.08 3.4
197.21 3.4
198.25 3.7
200.17 4.4
201.23 24.4
203.08 5.2
210.05 4.5
211.19 1.4
214.15 1.3
215.22 4.1
217.14 4.9
220.39 2.9
221.07 6.4
221.95 3.2
223.26 2.9
224.97 2.5
226.13 4.7
227.27 1.7
228.25 3.9
229.06 8.6
230.32 4.1
232.09 3.2
235.13 3.7
236.72 6.4
237.38 1.1
238.46 2.7
239.28 1.2
240.92 4.2
244.42 3.0
245.21 2.8
246.14 3.6
247.13 2.1
249.31 8.4
250.25 2.3
250.95 2.0
252.28 1.3
254.10 6.0
254.97 6.3
255.62 1.6
257.08 2.7
258.26 6.7
259.30 5.4
260.03 1.2
261.43 2.4
265.17 2.2
265.88 2.1
267.26 5.0
269.18 8.4
270.41 1.9
271.05 2.6
272.38 6.6
273.20 5.4
274.97 1.0
276.26 7.5
277.29 9.0
279.22 3.7
280.10 5.0
281.22 10.0
283.09 5.8
283.99 1.2
285.85 5.9
287.34 7.0
288.24 3.5
289.10 7.6
291.25 4.3
293.27 7.0
295.69 5.2
296.62 7.8
297.25 3.3
298.19 11.4
299.42 5.5
300.36 2.8
302.18 6.1
303.35 2.4
304.15 2.6
307.04 4.0
309.15 14.2
310.51 5.5
311.20 2.9
312.39 1.1
313.47 8.9
315.62 6.8
316.24 44.6
317.28 9.2
318.23 8.2
319.36 2.7
320.23 13.1
321.21 6.5
322.36 1.9
323.18 4.3
324.57 4.6
325.23 8.5
328.13 1.5
329.19 3.4
330.69 3.8
331.94 6.5
334.52 8.1
335.15 1.7
337.25 7.0
338.04 2.1
340.13 5.1
341.30 11.1
342.25 2.9
343.60 12.8
344.66 6.3
345.31 2.7
347.27 4.9
348.14 1.1
350.08 5.1
351.11 12.6
352.28 7.6
353.21 5.1
354.24 2.4
355.16 2.1
356.35 9.8
357.19 6.6
358.51 7.3
359.33 6.3
360.32 7.4
361.28 1.7
362.32 28.2
363.18 5.0
364.17 4.2
367.33 10.7
368.14 4.2
369.28 50.2
370.49 7.4
371.30 2.0
372.42 10.5
373.20 17.7
374.26 11.2
375.11 4.4
376.18 11.5
377.14 19.8
378.20 6.4
379.14 9.9
380.22 9.4
381.20 18.2
382.32 5.5
383.24 7.7
384.35 7.8
384.99 6.3
386.32 17.4
387.22 70.4
388.26 4.8
390.22 97.3
391.11 16.7
393.28 23.3
394.27 7.7
395.15 8.2
396.96 8.6
397.81 1.6
398.55 2.8
400.37 8.7
401.22 8.3
404.68 7.0
407.24 2.1
408.42 1.8
409.17 12.4
410.27 12.3
411.25 25.4
412.16 4.7
413.11 1.3
415.25 4.5
417.40 8.4
419.35 23.8
420.32 3.0
420.93 4.6
422.16 10.7
423.31 9.2
424.42 7.8
425.37 11.7
426.09 7.3
427.17 5.9
427.89 4.0
429.36 1.6
431.15 4.0
432.60 5.5
433.51 1.6
434.41 4.1
435.31 28.6
436.16 2.0
437.19 9.7
438.20 19.9
439.30 5.8
440.19 3.8
441.19 80.9
442.12 60.0
443.71 5.1
444.41 6.6
447.10 7.6
448.19 7.8
449.37 4.3
453.31 26.8
454.30 16.1
455.10 8.0
456.13 16.8
457.18 16.3
458.35 6.4
459.12 5.0
460.32 4.4
461.25 2.0
462.41 80.3
463.32 6.5
464.28 3.9
465.23 10.6
466.31 20.7
467.37 6.9
468.23 11.2
469.41 11.3
470.22 17.1
471.18 5.4
472.36 2.6
473.43 12.9
474.25 25.1
475.41 17.8
476.26 10.6
477.25 3.3
479.16 2.4
480.33 7.4
481.14 8.2
482.24 8.0
483.14 11.5
484.24 9.8
485.33 1.7
487.61 7.2
488.67 9.8
489.42 2.3
490.50 23.7
491.86 23.5
493.23 42.2
494.35 13.2
495.28 30.4
496.19 18.9
497.29 15.2
498.05 1.3
499.41 13.2
500.51 9.5
501.40 11.0
502.28 5.6
503.27 10.8
506.36 2.6
507.28 18.8
508.33 3.7
509.24 10.2
510.37 38.2
511.24 39.1
512.11 32.6
514.00 13.7
515.10 2.0
516.16 15.4
517.05 1.9
519.33 35.4
520.33 41.3
521.23 1.6
522.04 2.8
524.16 13.3
525.15 26.1
526.42 8.5
527.33 15.8
528.28 35.5
529.30 1.2
533.24 8.4
537.31 566.5
538.30 284.9
539.24 41.4
540.32 3.7
541.30 7.4
545.22 10.6
546.45 72.6
547.53 5.3
560.06 1.8
573.32 52.7
574.37 15.7
592.66 2.2
600.52 2.4
603.32 4.8
604.40 3.0
610.46 7.0
621.59 2.2
622.22 2.4
626.52 2.2
631.25 1.6
640.37 6.5
643.41 1.5
646.89 3.2
650.53 1.1
659.57 3.9
670.32 7.1
674.97 2.5
690.64 1.3
693.52 5.9
695.96 7.6
699.44 9.5
702.30 18.0
703.20 3.5
704.93 4.4
705.61 2.6
706.34 2.5
707.35 2.3
711.30 2.5
713.43 6.6
720.32 29.7
721.32 29.1
723.40 221.6
724.34 117.7
725.47 10.7
729.86 5.7
733.36 1.9
739.71 6.0
745.63 1.2
746.88 6.7
747.63 2.2
751.35 1.1
764.41 1.5
776.53 8.2
794.39 210.4
795.49 89.2
796.53 8.2
798.42 3.5
801.86 4.3
807.17 4.3
817.59 3.6
818.49 6.3
834.35 4.6
835.55 2.4
883.37 3.1
893.47 3.1
900.83 7.6
903.51 3.0
906.51 6.1
907.67 3.3
909.44 3.4
910.56 10.8
911.77 7.9
918.59 4.4
920.43 5.9
923.55 61.0
924.51 27.6
925.40 2.7
927.12 1.9
935.71 2.8
944.89 1.3
953.46 3.0
955.61 3.7
963.14 4.7
964.50 4.0
1003.53 1.1
1005.85 6.1
