1062.50139 2
151.36 1.6
155.21 10.6
156.28 1.5
157.06 6.9
158.22 1.8
159.29 4.2
161.15 1.8
169.14 9.6
170.14 7.6
173.11 20.7
175.18 41.3
176.17 2.7
177.23 2.4
178.14 9.0
180.19 2.5
183.10 4.1
185.25 8.7
186.02 6.4
187.35 5.1
189.08 2.9
190.16 4.2
192.16 1.3
193.33 9.2
197.21 7.4
198.16 4.6
199.27 6.5
200.13 2.9
201.09 6.6
203.21 17.5
204.63 9.1
205.37 2.4
206.13 2.9
208.14 2.0
209.12 3.2
210.14 4.9
211.04 1.5
212.52 3.1
213.14 4.6
213.78 1.6
215.29 1.0
215.94 3.0
217.16 9.5
218.32 6.2
219.15 2.0
221.21 2.4
225.50 5.9
226.23 11.3
227.03 3.9
228.17 1.2
229.12 1.5
230.59 9.1
232.28 4.3
235.23 5.4
236.40 2.6
238.15 4.6
239.10 1.8
240.33 14.4
241.19 21.6
242.22 6.1
243.11 12.9
244.26 27.7
245.26 5.6
246.21 4.7
248.22 6.4
250.29 12.9
252.27 8.2
253.39 8.4
254.56 3.0
255.20 5.3
256.59 6.1
258.24 5.1
259.14 1.0
260.13 90.0
262.28 1.5
263.24 6.2
264.11 3.5
265.32 7.2
266.07 8.6
267.68 4.7
268.30 16.7
269.12 8.9
270.21 18.1
272.12 32.2
272.83 10.5
274.51 1.6
276.28 4.2
276.98 4.3
280.09 1.3
281.34 6.1
284.14 2.2
286.12 60.9
287.07 2.9
288.11 1.8
289.27 6.2
290.16 62.2
291.17 12.9
292.34 2.5
293.53 5.0
294.35 5.8
296.13 5.3
299.16 1.9
300.30 1.8
301.25 2.1
302.34 1.8
303.33 8.5
304.11 8.6
305.30 3.7
306.93 7.0
307.99 3.5
310.41 9.2
311.46 5.9
312.19 3.9
313.29 6.0
314.11 4.2
315.06 3.5
315.95 4.6
317.41 10.4
318.34 5.6
319.17 2.3
320.25 7.4
321.14 16.6
322.12 4.5
324.00 2.2
325.27 3.0
326.24 2.1
328.29 1.9
330.37 2.8
331.67 13.3
332.36 1.8
333.25 3.0
334.30 1.6
335.39 5.6
336.34 4.1
337.23 8.6
339.31 2.3
340.29 1.5
343.44 7.5
345.22 2.2
345.97 2.9
347.03 11.4
349.14 3.5
351.34 17.8
352.31 6.7
353.25 22.0
354.16 2.8
355.30 17.4
356.37 4.4
357.43 6.9
358.58 6.1
359.47 4.0
360.33 7.8
361.29 6.3
363.30 6.8
365.34 9.8
366.20 3.1
367.05 2.7
368.27 5.2
369.38 7.2
370.20 3.3
371.16 23.6
372.03 12.0
372.84 2.4
373.64 8.7
374.38 5.7
375.05 3.5
376.34 34.0
377.14 6.5
377.78 6.7
379.58 51.1
380.38 49.4
381.39 9.0
382.25 9.5
383.23 15.0
384.00 1.5
385.24 11.3
386.29 13.5
387.45 9.8
388.16 14.2
390.58 5.2
393.45 2.9
394.45 5.0
395.64 6.5
397.16 7.0
397.97 4.3
399.10 9.4
400.30 18.3
401.14 12.6
402.03 16.5
403.27 33.8
404.27 356.3
405.23 43.9
406.23 8.8
407.36 2.3
410.12 14.5
411.27 5.4
413.12 10.3
414.22 46.0
415.28 13.2
416.21 9.2
417.00 39.0
418.08 64.7
419.01 15.0
420.06 13.2
421.36 7.5
422.47 46.5
423.31 47.6
424.02 9.2
424.72 6.4
425.34 15.9
426.83 18.5
428.26 24.2
429.00 14.7
431.26 28.0
432.07 58.2
432.77 3.3
433.37 18.2
435.13 7.1
437.15 116.5
437.95 26.5
439.19 27.4
440.31 21.3
441.17 20.0
443.37 12.6
444.46 20.3
445.83 737.0
446.91 5.2
448.38 4.1
449.17 17.5
450.24 22.5
451.72 4.7
452.37 1.2
453.16 8.3
454.29 29.9
454.96 10.2
455.99 6.8
456.59 3.7
457.71 64.8
458.44 28.1
459.59 16.9
460.42 11.1
461.43 8.7
462.31 29.6
463.37 6.0
464.33 8.6
465.54 5.7
467.04 139.5
468.16 28.3
469.72 9.0
470.34 11.2
471.31 11.3
472.10 20.6
472.90 7.7
474.11 53.5
475.16 29.5
476.31 3.8
476.98 22.7
478.74 25.2
479.43 22.7
480.56 8.1
481.37 15.9
482.52 25.7
484.08 7.7
484.85 17.2
486.10 38.8
487.60 88.1
488.40 16.1
489.83 82.1
490.95 114.7
492.65 45.8
493.43 9.7
494.28 26.8
495.28 17.5
496.61 240.3
497.42 6.3
498.75 10.9
499.92 12.8
500.60 21.4
501.50 136.7
502.67 38.4
503.50 16.3
504.57 27.7
505.61 99.7
506.38 16.3
507.55 35.3
508.44 48.9
509.41 106.8
510.36 27.4
511.25 11.5
512.28 22.9
513.53 243.8
514.45 432.8
515.33 33.5
516.69 52.2
517.36 197.7
518.41 33.4
519.51 53.4
520.23 29.7
522.73 962.3
523.46 319.6
525.50 4.4
528.19 1.4
531.93 1.7
539.34 6.9
541.94 5.8
546.37 14.0
547.32 6.7
549.58 1.9
550.37 2.5
553.46 1.5
554.30 2.5
559.01 9.4
560.24 3.0
562.22 1.5
563.13 3.5
564.44 10.0
565.75 2.6
567.43 2.6
568.25 1.2
570.17 11.1
572.28 2.9
573.35 11.7
573.97 1.3
575.46 4.9
577.36 12.1
579.20 3.9
580.07 11.7
581.62 7.4
583.24 22.8
584.06 5.5
587.46 2.4
588.67 2.6
590.33 43.5
591.31 21.8
592.44 4.1
595.74 10.0
596.37 25.7
598.30 10.7
601.40 3.2
602.36 5.5
604.55 1.6
606.40 6.5
607.35 11.6
609.20 1.3
611.06 1.5
611.99 12.3
613.84 8.3
614.45 38.6
615.23 11.7
616.59 3.5
619.27 1.5
620.37 6.5
621.35 5.5
622.80 21.2
624.28 28.9
625.35 17.6
626.36 4.6
626.98 6.4
628.51 11.7
631.31 452.1
632.44 102.3
633.48 10.3
635.43 1.3
636.87 13.0
638.53 1.5
639.57 4.1
641.34 24.1
642.30 64.3
643.41 41.5
644.21 4.4
645.44 3.5
646.51 1.9
647.15 3.6
650.37 9.1
651.23 2.1
652.65 12.1
657.01 6.2
658.10 14.7
659.37 68.4
660.76 47.2
661.43 109.1
662.34 41.3
663.47 4.3
664.64 20.0
665.68 15.2
666.63 1.8
667.66 5.9
669.56 2.6
670.43 5.6
672.33 7.1
673.59 5.0
675.28 17.5
675.89 9.7
678.49 1.3
680.57 1.3
683.32 149.9
685.49 10.5
686.37 4.6
687.87 1.7
688.70 18.8
689.90 17.9
691.97 2.9
692.57 1.5
693.34 1.2
695.37 3.7
696.92 8.9
698.60 2.6
702.13 5.7
704.37 5.0
706.26 6.6
707.61 10.8
708.81 9.0
710.75 3.1
711.39 8.0
715.32 2.3
716.22 7.3
717.37 4.3
718.61 6.6
720.79 8.2
722.53 2.1
724.38 17.7
728.23 1.4
729.56 8.8
730.39 4.5
731.49 4.0
732.36 6.0
733.64 4.7
735.46 1.5
738.55 1.5
739.48 1.5
741.20 12.4
742.43 44.5
743.58 13.8
744.50 8.7
745.78 6.8
746.52 9.2
748.32 6.4
749.63 1.8
751.63 3.1
755.15 8.6
756.26 11.0
757.41 11.3
759.40 301.2
760.48 75.4
762.42 1.4
763.43 2.9
765.62 3.3
768.77 2.5
769.82 3.8
770.64 10.1
771.57 3.1
772.62 9.2
773.52 15.5
774.38 24.6
775.41 7.8
776.38 1.0
777.22 2.2
778.47 13.2
779.57 10.4
780.76 8.6
781.72 2.1
782.69 1.4
784.41 2.2
785.58 4.5
786.49 14.1
787.46 5.6
788.12 3.0
789.47 34.8
790.54 31.7
792.03 10.6
792.78 2.5
793.56 3.0
794.66 2.6
796.33 110.5
799.43 4.2
800.30 1.0
802.08 11.0
802.89 4.7
804.37 2.9
805.38 5.9
808.49 3.7
811.52 2.9
813.67 3.5
814.62 3.3
815.41 1.5
816.45 1.5
817.77 4.0
818.46 2.0
819.53 13.4
820.46 3.9
821.56 2.3
825.41 9.7
829.45 7.5
830.51 2.7
831.49 6.1
834.21 1.7
836.40 6.0
837.61 4.1
841.49 2.3
843.61 2.3
846.53 20.7
847.37 9.8
848.71 8.2
849.97 5.7
850.86 3.0
851.64 23.8
854.64 11.0
855.44 4.9
858.46 6.2
859.42 1.8
862.61 14.9
863.71 8.7
866.59 1.8
867.78 4.4
869.34 1.6
870.63 15.4
871.53 22.6
872.54 3.3
873.70 14.2
874.59 3.9
875.56 4.9
879.55 8.2
880.36 2.5
887.58 9.1
888.48 23.4
889.48 9.2
890.43 168.6
891.42 45.8
895.42 63.0
897.54 3.0
898.21 1.7
899.75 10.6
900.43 2.7
903.35 3.3
909.75 7.0
912.73 2.7
914.25 5.9
915.34 6.9
916.35 15.9
917.67 10.4
918.67 1.6
924.49 2.8
931.69 4.3
932.76 5.6
937.76 2.3
942.13 9.5
944.57 2.5
945.98 1.3
948.93 4.2
961.74 1.9
964.80 2.2
973.51 3.3
991.05 3.8
992.53 1.1
1001.50 6.3
1002.55 10.9
1003.65 2.4
1007.22 3.8
1024.49 8.3
1025.74 7.2
