1237.5844 2
175.28 5.6
176.35 24.4
181.09 38.5
187.14 27.7
188.17 7.1
191.25 10.6
193.23 13.1
194.13 9.1
195.21 35.4
198.19 27.2
199.04 35.7
200.29 7.5
201.29 31.5
202.18 25.7
205.28 4.6
208.04 28.8
209.09 214.7
210.26 26.2
213.11 21.6
214.31 28.3
216.23 27.3
217.18 7.7
219.14 2.8
220.47 6.2
222.19 77.2
223.18 5.4
224.92 17.5
226.19 471.4
227.19 291.0
228.19 82.2
230.25 4.5
232.04 26.9
234.24 18.2
235.33 8.8
238.31 6.1
239.14 3.4
240.21 105.8
241.18 113.8
242.28 8.6
244.18 655.7
245.03 35.1
246.47 6.3
247.41 6.6
249.14 3.9
252.23 48.9
253.20 14.7
254.31 33.7
255.52 7.8
258.33 333.6
259.34 44.2
261.00 2.9
262.29 126.1
263.26 17.5
265.15 3.8
266.18 3.6
268.22 9.0
270.09 21.9
272.20 35.9
273.21 3.2
274.03 7.3
276.27 274.8
277.06 29.6
279.07 6.9
280.27 87.6
281.38 9.0
285.31 15.6
286.50 26.4
288.49 12.3
289.17 21.7
292.09 24.5
293.12 26.9
294.17 14.5
295.09 13.4
296.25 13.7
297.35 177.1
298.19 198.4
299.13 21.1
300.28 7.0
301.98 4.7
303.12 15.0
304.16 11.4
306.17 4.7
307.11 3.5
309.33 24.0
310.29 48.0
311.36 12.0
312.20 26.4
313.26 5.2
314.20 3.7
315.18 347.9
316.14 75.1
317.15 19.7
318.06 3.5
319.30 34.2
320.28 19.4
321.17 26.0
322.01 7.3
324.19 7.0
327.10 22.1
328.27 38.4
329.49 22.1
332.17 9.6
333.41 12.7
334.31 35.9
335.40 8.6
337.20 186.4
338.15 70.7
338.98 18.3
341.17 24.7
342.20 48.3
343.17 11.1
345.16 31.1
346.22 32.3
347.14 3.9
351.28 31.9
354.23 33.3
355.14 340.5
356.27 68.7
357.31 9.1
359.39 7.9
360.31 13.3
362.44 42.1
363.25 57.2
364.29 15.3
365.12 39.7
366.19 8.3
367.30 6.6
368.26 45.6
369.10 67.2
373.29 640.9
374.22 92.6
375.37 10.1
377.84 7.1
378.45 15.3
380.39 196.1
381.34 172.2
382.16 34.3
383.39 31.7
384.40 25.3
385.25 16.3
386.29 39.0
387.10 73.7
388.26 9.5
390.23 494.3
391.30 264.9
392.07 29.2
393.64 10.0
396.43 10.2
397.11 16.1
398.21 21.1
399.27 89.2
400.22 13.8
401.34 18.3
403.17 24.2
404.32 21.0
405.55 9.4
406.30 4.2
408.29 411.0
409.28 282.8
410.32 34.4
411.24 4.2
412.29 36.6
413.26 43.5
414.25 54.1
415.36 3.5
416.25 10.6
417.22 23.4
419.24 29.2
421.32 17.7
422.30 5.2
423.97 13.2
425.33 6.2
426.32 317.0
427.30 299.9
428.45 25.9
430.29 75.4
431.38 10.9
432.01 4.5
433.20 4.5
433.89 28.8
437.03 25.7
438.30 3.5
439.21 44.6
440.22 14.4
442.43 42.7
443.26 18.4
444.34 365.5
445.33 69.8
447.46 9.2
448.29 18.7
450.23 16.1
451.33 45.5
452.43 40.0
453.35 41.3
454.40 10.7
455.46 24.8
457.33 12.5
458.26 86.8
459.19 44.4
460.22 3.0
465.95 24.0
467.12 10.9
469.42 54.4
470.31 37.3
471.09 28.3
473.35 20.6
474.24 4.6
478.42 16.7
479.28 167.7
480.34 116.2
481.72 40.8
482.36 22.8
483.49 60.3
484.23 82.7
485.26 42.7
486.89 124.7
487.63 85.4
489.20 39.0
490.05 20.3
490.74 5.9
493.35 10.4
495.98 70.4
497.24 372.0
498.34 355.2
499.23 70.4
499.95 32.0
501.30 27.0
502.33 151.2
503.24 40.5
504.54 5.3
505.26 10.8
506.06 32.7
507.32 12.2
509.37 13.8
510.34 30.8
513.64 21.4
515.29 556.0
516.39 141.3
517.37 66.0
518.10 16.6
519.24 142.3
520.33 380.4
521.44 122.3
522.18 10.3
523.16 9.9
524.69 37.1
525.74 35.1
527.28 55.2
528.51 62.1
529.80 31.7
532.20 17.1
533.38 25.1
534.67 52.3
537.31 2170.3
538.32 396.7
539.38 49.7
541.00 17.3
542.20 4.1
543.50 96.6
544.49 62.0
545.50 42.5
546.49 283.0
547.46 8.6
548.46 25.7
549.37 15.1
550.23 8.0
551.42 21.9
552.25 81.4
553.03 162.0
554.47 17.8
555.36 37.1
556.32 14.5
558.22 12.9
559.50 10.2
560.49 133.1
561.41 20.8
563.01 15.3
564.38 14.5
566.15 37.9
567.30 26.3
569.31 29.5
570.57 4.2
571.42 76.2
572.32 232.6
573.33 188.7
574.40 22.0
576.39 24.5
577.25 138.2
578.49 13.5
580.07 228.2
581.13 16.4
581.84 16.0
582.54 10.7
583.65 13.7
584.54 25.1
585.86 18.5
586.57 7.6
587.97 53.4
588.59 14.5
589.34 15.1
590.17 4.2
591.38 51.7
592.63 69.6
593.66 38.4
594.46 59.5
595.28 30.1
596.18 27.4
597.28 37.4
598.00 46.2
599.27 42.2
601.15 398.4
602.09 1779.7
603.02 207.3
604.12 12.1
605.23 26.0
610.57 4385.0
611.54 238.7
612.90 3.7
622.31 11.2
623.47 16.4
630.49 47.5
631.30 29.6
632.17 29.7
634.51 6.2
635.76 9.6
637.51 24.2
638.51 67.3
639.43 21.2
640.35 58.3
643.42 5.7
645.58 39.0
647.01 43.0
648.38 127.1
649.27 18.2
650.47 9.0
653.37 17.4
655.39 106.3
656.44 97.6
657.31 30.6
661.47 23.7
662.41 36.2
663.22 17.2
664.21 3.9
665.20 103.3
666.42 98.6
667.28 6.7
670.37 49.6
671.48 13.3
672.49 8.4
673.54 96.5
675.33 3.5
676.19 34.5
677.34 8.9
678.53 5.2
679.23 3.0
680.45 11.6
682.42 6.2
683.34 180.9
684.33 438.2
685.41 39.1
686.43 3.9
687.53 7.7
688.25 66.9
689.33 44.0
691.38 13.4
693.54 22.6
696.58 4.3
700.02 5.8
701.45 729.9
702.32 252.8
703.37 38.0
705.38 45.7
706.38 177.8
707.49 37.7
709.62 4.3
713.28 3.0
714.64 3.9
716.34 7.4
719.14 28.1
720.43 88.3
721.36 21.8
723.36 2212.3
724.37 671.6
725.63 11.0
727.26 10.1
733.04 16.1
733.68 20.5
734.39 3.9
735.73 15.3
738.70 8.3
740.24 14.5
741.44 38.0
743.43 8.3
744.53 21.7
745.41 15.7
748.16 10.7
750.29 16.1
752.00 6.4
753.32 28.5
754.59 42.5
758.42 23.7
759.69 65.1
760.64 31.0
761.42 9.6
766.77 8.4
768.46 17.4
771.27 11.7
776.33 82.9
777.51 187.7
778.49 42.1
779.32 12.8
785.01 20.1
786.21 22.9
787.26 9.5
788.14 9.7
788.94 24.0
791.46 12.4
794.43 2603.7
795.43 905.7
798.77 39.8
799.61 3.9
800.21 16.4
802.13 8.0
803.78 21.8
804.58 11.9
805.47 4.3
807.62 21.8
809.82 5.8
811.16 4.4
812.67 39.4
813.38 31.7
814.45 11.5
815.13 16.8
816.61 7.2
817.60 18.7
819.27 6.8
820.51 52.6
821.56 28.5
826.24 4.4
828.62 6.4
830.49 88.6
831.40 248.4
832.42 49.8
833.20 7.3
834.43 15.7
835.44 7.4
838.75 3.9
840.64 5.7
843.18 9.3
845.77 4.4
848.38 874.5
849.49 199.1
852.57 14.9
856.42 24.5
857.39 13.8
858.68 25.8
861.71 3.4
865.25 32.1
865.95 45.8
867.28 15.7
870.54 8.9
871.37 5.4
873.98 6.2
874.61 18.2
875.33 25.3
876.44 10.1
878.46 9.3
879.48 4.9
883.44 61.6
884.63 59.0
885.49 4.1
887.59 44.4
888.49 20.5
889.65 32.9
891.52 9.0
892.60 8.9
899.47 9.5
900.18 7.8
901.59 7.1
902.26 8.5
905.37 133.9
906.55 132.9
907.63 27.3
909.48 3.5
910.55 30.6
914.82 4.9
916.33 10.1
917.55 54.5
919.94 11.3
920.64 5.2
923.49 928.9
924.52 318.2
926.50 6.7
927.38 71.0
928.58 28.2
929.64 32.1
930.46 4.4
931.63 8.2
932.37 33.5
933.15 6.1
934.52 5.9
936.38 4.5
941.50 4.7
942.62 7.3
944.80 104.0
945.51 221.1
946.52 181.6
947.49 16.3
948.51 34.7
949.34 4.4
950.38 7.9
956.45 18.8
958.48 28.3
959.51 28.2
960.62 3.9
961.78 14.4
962.51 340.5
963.51 219.4
964.39 23.0
966.52 7.1
970.55 3.5
971.48 8.3
973.09 13.6
974.63 4.5
975.53 32.1
976.79 41.8
977.55 90.7
978.59 36.9
979.51 38.7
980.76 11.8
985.33 24.2
986.40 17.5
987.68 6.7
990.31 36.1
991.54 72.3
992.48 41.7
994.48 2747.4
995.48 1114.3
996.90 114.6
998.13 36.5
999.07 16.0
1002.42 12.8
1004.50 14.3
1005.43 11.0
1006.80 9.5
1007.63 5.3
1011.41 8.0
1012.48 5.7
1016.71 4.4
1017.60 20.1
1018.43 12.4
1020.42 13.3
1021.24 9.2
1025.88 6.3
1029.43 29.3
1034.52 12.1
1035.88 10.3
1038.48 10.9
1039.80 3.0
1044.44 27.3
1045.48 12.2
1046.34 31.6
1048.76 10.6
1055.84 19.9
1056.92 31.8
1057.64 42.2
1058.63 30.9
1062.59 51.5
1063.73 81.4
1064.83 16.9
1065.69 4.5
1073.52 179.6
1074.47 318.8
1075.41 123.8
1076.17 25.7
1076.81 3.1
1080.52 2.9
1082.06 4.9
1089.51 12.3
1091.51 774.0
1092.51 794.8
1093.50 125.4
1102.34 10.5
1103.80 16.2
1104.63 24.9
1105.65 18.4
1106.91 3.8
1109.53 5156.0
1110.60 2270.5
1111.71 34.9
1119.53 233.8
1120.38 109.9
1121.84 4.4
1137.75 4.3
1157.65 3.9
1161.56 10.1
