1095.547730000001 3
107.31 8.4
111.21 5.1
112.23 10.1
114.19 4.1
116.93 5.1
119.16 5.6
120.23 8.9
121.46 4.8
122.10 7.5
124.28 3.1
125.13 2.4
126.13 11.3
127.46 16.7
128.19 48.7
129.52 929.4
130.22 286.4
131.20 69.2
132.13 29.3
133.33 2.4
135.10 13.4
136.15 117.6
137.12 4.9
138.18 604.1
140.20 7.2
143.12 25.3
144.28 5.1
145.24 6.4
147.22 156.6
148.28 16.0
149.23 6.2
150.18 10.0
152.22 12.5
154.16 3.1
155.14 35.5
156.15 21.6
157.05 6.2
158.08 100.6
159.19 80.0
160.19 5.2
165.24 2.1
166.46 22.2
167.19 13.0
168.27 19.8
169.23 9.4
170.13 45.3
171.20 7.3
173.20 2191.0
174.13 221.4
175.24 26.6
177.16 11.1
178.05 2.7
179.20 10.8
180.17 13.9
181.02 19.9
182.16 17.2
183.32 30.3
184.40 4.0
185.17 8.4
186.94 49.2
187.57 5.4
188.26 5.2
189.19 57.7
190.20 2.1
190.96 3.5
195.98 61.1
197.44 13.7
198.25 16.4
199.09 5.7
200.11 55.5
201.11 1096.7
202.19 104.1
203.12 30.5
204.31 7.7
208.06 92.7
209.22 31.0
210.33 6.5
213.45 18.5
214.16 27.3
215.22 12.9
216.13 9.1
218.30 2.9
219.12 3.9
221.19 9.4
222.14 6.8
222.89 9.6
224.21 10.3
225.22 347.7
226.26 104.9
227.33 46.7
228.26 28.7
229.38 58.3
230.35 22.8
231.04 25.4
232.07 9.8
233.19 103.8
234.20 39.8
235.23 6.5
235.85 4.4
237.55 14.1
238.33 16.0
239.19 14.0
240.15 10.4
242.10 543.5
243.11 61.6
244.10 269.1
245.25 40.2
246.27 4.6
248.17 168.7
249.34 75.6
250.36 36.3
251.19 32.1
252.46 42.7
253.29 20.6
255.56 21.2
256.21 64.6
257.25 173.2
258.34 244.2
259.19 58.8
260.28 26.3
261.57 23.4
262.21 28.1
263.33 48.1
265.90 16.7
268.16 14.0
269.18 41.0
270.30 27.5
272.05 83.6
274.10 112.1
275.23 1295.8
276.24 150.7
277.15 227.9
278.37 38.6
279.16 90.3
280.14 17.0
281.39 16.7
282.11 2.3
283.28 2.7
284.28 98.4
285.23 23.4
286.15 5.7
287.28 76.8
288.36 33.7
289.51 19.3
291.31 16.3
292.37 25.4
293.16 66.6
294.23 60.0
295.44 16.6
296.34 82.9
297.05 6.2
298.27 8.7
298.99 67.0
299.66 25.2
302.08 197.0
303.07 59.3
304.35 22.5
305.29 64.0
306.35 31.8
307.42 44.8
308.26 36.8
309.39 93.2
310.66 22.7
311.70 14.2
313.23 20.2
314.86 18.3
317.24 11.6
317.93 3.2
319.21 122.6
320.26 65.9
321.21 321.0
322.33 132.9
323.23 10.0
324.05 12.9
324.98 47.7
325.93 11.3
327.22 5.8
328.33 44.5
329.31 7.8
330.04 48.0
331.28 236.7
332.27 21.4
333.32 53.5
334.43 19.8
335.41 20.9
336.69 84.8
337.48 31.3
338.32 29.2
339.88 1230.8
340.93 27.3
341.72 11.6
342.60 12.1
343.61 94.8
344.43 82.2
345.38 36.8
346.18 13.1
347.31 343.3
348.32 370.3
349.12 94.8
350.05 17.1
350.73 181.8
351.42 43.5
353.02 92.6
354.03 202.5
354.69 211.6
355.35 31.2
357.12 1368.5
358.09 266.1
359.69 61.1
365.76 3.7
366.79 2.3
370.29 122.0
370.91 38.8
372.31 47.8
373.24 8.6
374.37 5.5
376.33 7.8
379.99 7.4
383.42 7.1
384.41 11.6
385.23 16.4
389.08 29.3
390.38 736.3
391.38 132.7
392.15 13.5
394.82 21.6
396.10 2.4
397.51 16.2
398.61 8.8
399.34 34.3
399.95 23.3
401.18 2.1
402.22 58.3
403.48 21.5
405.17 24.9
407.38 19.5
408.40 9.3
409.53 2.1
410.43 17.2
411.22 5.6
412.23 39.4
413.26 109.8
414.09 35.5
415.02 11.6
416.42 130.4
417.34 18.5
419.10 289.6
419.88 139.5
420.85 9.8
422.39 3.5
425.76 11.1
427.93 4493.7
428.78 124.5
429.65 33.0
430.26 53.7
431.35 54.1
432.20 2.6
433.41 5.3
436.05 24.5
437.26 13.5
438.90 23.8
439.72 14.4
440.96 9.4
441.97 4.2
443.35 5.9
443.96 5.5
446.35 5.6
448.00 15998.0
448.89 1076.7
450.01 32.2
451.04 12.2
452.17 20.8
453.64 14.8
454.28 2.2
455.27 5.1
456.53 3.0
457.49 16.8
458.71 51.2
460.58 27.2
461.37 11.1
465.22 222.7
466.33 54.0
467.32 16.9
470.51 18.5
471.55 5.9
472.40 35.5
474.07 456.4
474.91 73.3
475.85 51.3
476.73 11.6
479.18 31.2
483.20 7774.0
483.89 3091.6
484.80 156.1
485.54 10.4
486.51 14.7
487.44 9.2
488.70 20.2
489.39 19.8
490.21 12.0
491.95 3073.5
492.87 107.1
496.35 22.3
497.07 31.2
498.08 56.5
499.22 6.6
499.88 7.1
500.56 13.6
501.50 11.9
502.10 6.5
503.41 11.0
504.41 294.0
505.34 89.8
506.46 23.4
509.37 11.5
510.33 4.5
511.63 11.2
515.24 60.6
516.24 27.9
517.24 13.8
520.11 4.1
522.66 5.6
524.36 9.9
525.48 18.5
527.16 9.8
529.50 9.7
530.63 13.2
531.40 14.4
532.46 4.3
535.41 45.2
536.44 30.1
540.13 48.5
541.82 12.9
543.37 107.1
544.30 25.5
545.35 9.9
547.27 26.3
548.39 46.1
549.33 5.2
550.48 6.0
553.32 378.7
554.37 98.9
555.40 29.9
558.27 7.5
559.31 12.5
561.31 3.5
562.42 13.4
563.37 4.3
565.35 76.7
566.27 11.2
567.62 19.4
571.46 9.4
573.54 6.6
574.50 14.5
576.14 117.7
577.27 32.9
578.29 13.6
580.24 266.0
581.35 82.6
582.29 11.5
583.45 1.9
591.22 75.4
592.25 5.1
593.25 13.9
594.32 40.8
595.41 8.7
597.25 5.2
598.81 20.1
602.17 12.9
611.47 20.3
612.51 4.5
615.23 15.6
617.32 62.2
618.57 9.5
619.34 2.3
621.25 6.5
622.44 6.2
627.52 3.0
631.05 14.6
632.82 4.5
635.25 5.4
636.26 1.9
640.58 5.2
642.06 28.5
642.99 8.9
645.29 17.8
648.27 7.1
660.08 6.9
662.36 3.3
672.40 4.8
674.19 10.4
676.32 2.2
678.34 14.1
688.11 2.6
689.38 3.0
690.42 192.2
691.43 193.6
692.33 42.5
693.37 25.9
694.62 8.1
705.77 27.7
706.48 31.3
707.27 10.6
708.31 162.3
709.33 89.0
710.61 4.6
714.40 6.8
720.17 11.1
721.44 4.3
723.43 7.7
726.25 77.3
727.55 25.5
731.48 19.5
732.55 12.8
733.68 5.6
736.40 5.3
739.55 51.7
740.52 15.5
741.30 2.4
742.61 5.4
743.22 9.7
744.53 9.3
749.63 6.4
758.12 2.7
760.60 5.7
775.07 4.0
776.41 7.4
786.44 5.0
788.41 6.9
793.25 7.9
802.38 6.4
803.61 11.7
804.33 80.4
805.72 16.9
818.28 48.9
819.36 19.5
821.33 450.3
822.33 185.7
823.65 7.2
833.54 2.8
836.20 15.0
837.36 72.2
838.23 22.4
839.39 5.6
854.65 12.7
855.56 5.7
924.82 10.7
