1425.69731 2
201.27 2.7
202.14 25.0
203.24 2.3
204.29 10.2
207.14 5.4
208.24 15.4
209.30 2.1
210.20 9.6
211.23 5.6
212.16 7.6
214.02 2.5
215.97 3.5
219.12 12.4
220.17 45.3
221.23 4.6
224.39 30.1
225.27 10.5
226.03 12.3
228.19 17.5
231.00 9.1
233.04 25.7
234.29 11.8
235.16 41.7
236.32 5.4
237.35 60.9
238.32 121.7
239.28 6.7
240.33 16.1
241.62 6.8
242.32 21.0
243.22 16.7
244.53 14.4
245.30 53.2
247.07 79.7
248.35 14.5
250.23 256.4
251.10 21.3
252.07 16.0
254.09 40.7
255.31 13.1
256.22 134.0
257.37 17.8
258.19 9.0
259.26 41.8
260.19 25.6
261.38 11.0
262.33 114.6
263.09 4.0
265.17 34.7
267.17 4.2
268.25 208.9
269.22 35.7
270.41 24.3
271.32 24.7
272.21 31.4
273.19 7.6
274.34 4.8
275.02 7.9
276.47 4.7
277.12 4.4
278.30 28.7
279.21 4.4
280.27 17.6
281.37 7.6
283.39 8.8
284.25 29.9
285.13 31.5
286.20 67.0
287.22 54.7
288.05 41.9
289.11 29.9
290.19 77.9
291.23 20.7
292.19 6.0
294.24 38.0
295.19 22.4
297.23 22.2
298.11 9.6
299.19 8.9
300.20 19.5
301.18 42.7
302.27 22.6
303.35 45.5
304.25 87.8
305.49 10.4
306.28 46.9
307.18 12.4
308.13 3.1
309.36 11.1
310.44 21.4
311.17 26.1
312.08 11.1
313.33 30.0
314.30 28.3
315.25 18.1
316.26 84.5
317.25 49.1
318.22 82.3
319.20 58.3
321.25 254.3
322.25 49.9
323.12 3.7
324.23 4.4
325.36 2.0
326.26 15.8
327.38 3.0
328.18 21.1
329.31 35.4
330.35 22.4
331.59 58.5
332.32 38.6
333.16 25.4
334.21 126.3
335.34 26.2
336.16 62.6
337.16 19.7
339.20 319.7
340.24 49.3
341.13 11.6
342.27 48.3
343.22 1.9
344.25 6.0
345.34 23.1
346.28 42.8
347.28 27.1
348.73 74.9
349.36 385.1
350.32 25.2
351.29 1.8
352.36 44.2
354.27 42.4
355.48 12.3
356.28 25.6
357.33 188.0
358.31 20.3
359.29 34.9
360.28 18.2
361.19 55.3
362.21 28.4
365.63 24.5
366.48 6.5
367.44 9.3
368.41 8.0
370.12 50.9
371.27 16.8
372.70 15.4
373.39 95.4
374.29 60.2
375.38 21.6
376.69 30.5
377.44 31.1
378.31 18.1
379.54 8.5
380.47 8.7
381.28 7.8
382.15 5.3
383.25 19.7
384.15 23.4
385.04 17.7
386.38 26.8
387.16 31.3
388.17 32.5
389.23 70.6
390.07 21.2
391.18 69.2
393.02 49.2
394.28 24.6
395.48 7.1
396.16 17.8
397.27 8.7
398.30 15.1
400.36 19.6
401.33 57.0
402.37 29.3
403.34 45.2
404.38 46.4
405.24 32.3
406.31 39.8
407.37 12.2
408.25 4.4
409.32 21.7
410.11 11.6
411.21 49.3
412.38 41.7
413.30 31.0
414.37 9.8
415.25 33.3
416.44 20.9
417.24 46.8
418.31 157.7
419.22 46.1
420.27 77.1
421.23 50.1
422.33 6.3
423.43 15.0
424.39 7.6
425.39 10.5
426.40 9.8
427.40 56.0
428.25 6.9
430.16 137.4
431.26 126.6
432.25 45.4
433.31 36.9
434.10 10.7
436.24 1968.9
437.35 298.3
438.16 12.3
439.18 29.8
440.28 19.5
441.21 2.9
442.26 4.0
443.19 8.2
444.31 19.8
444.98 20.1
446.57 2.2
447.30 14.8
448.32 120.5
449.40 122.3
450.28 47.1
451.59 2.2
452.53 39.2
453.37 7.4
454.21 17.9
455.28 11.4
456.26 31.0
457.25 101.4
458.32 84.9
459.88 8.1
460.81 11.8
461.91 48.8
464.17 4.0
465.07 4.2
466.28 96.3
467.27 25.5
468.17 9.4
469.93 70.6
471.07 9.8
472.34 32.1
473.25 32.0
474.21 195.0
475.23 171.2
476.30 108.4
477.21 17.9
478.36 7.1
481.27 3.9
484.26 594.5
485.34 139.8
486.33 25.6
487.12 62.2
488.17 153.4
489.28 39.9
490.19 31.4
491.22 39.5
492.33 551.4
493.40 74.8
495.92 18.4
497.04 22.2
499.43 9.3
501.05 36.8
502.25 430.2
503.28 85.3
504.44 42.3
505.48 41.9
506.30 40.4
507.23 28.2
508.56 3.6
509.67 24.1
510.27 4.1
511.31 5.7
512.18 3.9
513.34 57.2
514.37 50.8
515.40 50.3
516.46 34.3
517.35 79.2
519.17 121.7
520.32 623.6
521.34 54.5
522.51 30.4
523.28 145.5
524.30 70.6
525.40 71.4
526.45 78.0
527.10 48.7
528.07 11.3
529.25 27.3
530.31 6.2
531.31 56.6
532.29 58.8
533.38 25.8
535.41 1545.4
536.42 119.8
537.19 6.0
538.11 7.0
539.32 66.9
540.76 45.5
541.37 205.0
542.43 83.7
543.40 12.6
544.39 10.8
545.43 24.7
546.44 39.6
547.42 15.7
548.06 9.8
549.37 60.7
550.57 25.7
551.36 8.7
552.33 4.7
553.41 9.8
554.46 24.8
555.37 50.8
557.21 31.7
558.46 27.3
559.28 173.5
560.41 7.4
561.57 150.3
562.86 17.4
563.48 4.5
564.49 4.9
565.27 25.5
566.43 9.8
567.57 11.4
568.41 31.8
569.19 6.6
570.49 4.6
571.36 44.3
572.28 44.7
573.19 33.2
574.32 42.5
575.68 34.8
577.05 644.2
578.34 51.8
579.36 3.8
580.59 53.2
581.35 34.8
582.16 16.5
583.23 50.7
584.12 73.0
584.99 62.3
585.92 151.2
586.68 2.1
588.24 59.6
589.20 28.8
590.12 45.7
591.25 21.9
592.22 7.7
593.35 20.2
594.46 57.6
595.36 18.0
596.54 14.0
598.45 567.3
599.43 53.7
600.35 94.4
601.31 63.6
602.34 121.4
603.12 72.6
604.27 76.6
605.53 99.6
606.51 27.7
607.31 12.9
608.47 55.2
609.52 11.9
610.19 18.5
611.50 581.6
612.64 26.6
613.89 24.5
614.76 14.7
616.35 96.4
617.30 46.0
618.27 85.4
619.17 232.2
620.54 781.2
622.41 2999.2
623.44 698.9
624.61 47.5
626.82 37.6
627.49 7.0
628.61 32.3
629.58 188.2
630.76 20.5
631.42 19.0
632.50 24.5
633.79 23.5
634.41 117.9
635.34 23.5
636.40 13.8
637.30 47.2
638.48 51.3
639.52 11.5
641.15 66.0
642.08 10.1
644.33 9.5
645.35 60.4
646.54 123.7
647.60 30.3
648.35 41.5
649.65 74.7
651.18 67.2
652.34 56.3
653.46 41.7
654.49 35.6
655.28 240.7
656.40 92.8
657.41 13.9
658.44 10.1
659.51 129.7
660.28 165.7
661.07 28.3
661.94 19.0
663.32 131.5
664.71 89.0
665.70 30.2
666.45 23.6
667.21 12.4
667.98 22.7
669.20 433.1
670.17 236.7
671.58 84.4
672.57 88.3
673.34 169.4
674.19 103.5
675.16 16.2
676.32 23.1
678.10 2696.9
679.00 23.4
679.68 47.7
680.40 57.4
681.19 40.7
682.40 206.0
683.06 294.7
684.00 4.8
684.77 8.3
686.64 1914.1
687.54 98.3
688.54 22.5
689.62 366.5
691.28 300.8
692.38 133.4
693.02 3.0
695.61 4033.6
696.65 201.1
697.56 60.5
698.56 70.3
699.55 38.1
700.48 23.6
701.63 34.9
702.30 37.2
702.92 11.4
704.25 232.5
705.06 42.5
716.62 7.4
718.52 6.2
719.56 19.0
720.88 4.0
722.47 8.6
723.40 3.1
724.19 25.8
725.38 11.3
726.47 15.4
728.19 11.0
729.59 3.2
731.27 6.4
732.52 18.2
733.48 142.3
734.71 70.6
735.52 837.5
736.59 186.6
738.21 5.7
739.27 10.0
741.35 16.4
742.40 26.1
743.42 3.7
744.03 4.8
745.36 83.9
746.67 20.3
750.44 59.5
752.18 23.3
756.28 12.1
757.17 5.9
758.52 49.1
759.91 79.0
760.59 33.4
761.37 21.0
763.57 158.7
764.61 31.9
765.62 10.6
766.39 15.1
768.37 303.2
769.47 88.5
770.37 16.1
771.72 13.4
772.53 7.2
773.82 6.8
774.48 30.4
775.75 44.1
776.49 106.1
777.50 27.9
778.67 4.9
779.77 6.8
781.66 7.1
783.79 9.4
784.60 5.8
786.42 387.8
787.52 135.2
788.54 21.0
789.17 7.2
790.44 13.7
792.46 1452.8
793.45 490.5
795.35 5.6
800.56 5.4
801.33 18.8
804.41 427.8
805.57 153.4
806.45 3.5
807.45 6.7
808.61 2.9
809.47 15.2
811.41 23.3
812.33 4.7
813.36 23.7
814.59 28.0
815.44 3.0
818.26 4.7
819.42 11.2
820.38 18.5
821.55 23.9
822.36 26.7
823.09 9.8
827.57 11.3
828.18 2.6
829.33 10.8
831.45 68.7
832.39 35.9
833.47 9.3
837.45 26.2
838.50 10.9
840.29 9.3
841.47 34.8
843.03 24.7
843.97 14.1
845.39 21.8
846.51 15.6
847.67 16.6
849.52 2451.2
850.47 739.3
851.59 16.5
852.84 5.8
854.38 27.6
855.05 25.7
855.73 41.4
856.61 19.9
857.37 16.1
859.41 136.4
860.32 46.7
861.30 11.8
863.54 42.6
864.45 5.2
865.48 11.2
866.47 13.7
868.37 118.2
869.44 51.8
870.74 17.3
871.72 32.1
873.36 187.9
874.50 41.0
875.46 11.0
876.42 24.7
877.30 4.7
879.47 6.0
880.34 2.4
883.19 129.1
883.87 3.8
884.52 55.0
885.57 12.0
888.01 56.3
888.63 193.1
889.60 129.0
891.29 137.3
892.16 55.0
895.17 11.0
896.37 10.4
897.30 9.4
898.32 9.9
899.41 11.6
901.59 25.0
902.85 3.3
903.55 17.9
904.71 7.7
906.50 8842.0
907.52 2759.9
908.22 19.9
909.47 3.0
910.12 1.9
911.44 17.3
913.05 4.9
913.81 6.9
914.55 8.1
917.39 12.9
918.61 15.7
919.35 11.0
920.45 9.2
921.83 10.1
925.59 96.6
926.71 31.8
928.44 14.8
929.39 5.3
931.17 3.2
933.37 6.7
936.47 49.2
937.89 17.8
939.55 37.5
940.46 12.3
941.87 12.4
942.70 16.4
943.62 7.5
944.59 11.2
945.42 29.6
946.61 28.3
947.59 9.8
954.40 181.2
955.56 49.7
958.40 5.9
960.62 35.5
961.31 2.9
962.58 14.2
963.67 5.1
964.56 5.4
967.50 24.0
970.58 7.5
972.49 292.0
973.53 95.5
974.87 8.7
976.64 13.5
978.01 6.6
979.59 7.6
980.56 8.3
982.37 25.0
983.51 13.1
984.27 2.7
987.68 3.4
988.48 9.5
989.27 11.9
990.49 271.3
991.57 115.9
992.49 20.1
993.35 2.4
996.43 88.7
997.51 64.0
998.77 1.7
1001.54 4.2
1004.09 2.8
1004.74 4.5
1005.49 2.1
1006.38 6.2
1007.66 3.5
1012.52 18.7
1013.19 5.8
1014.58 12.6
1015.63 14.8
1019.82 3.5
1022.98 2.2
1023.70 12.5
1024.41 4.2
1025.53 6.8
1027.58 5.4
1028.74 7.5
1029.90 15.0
1033.35 14.4
1034.55 18.6
1035.61 22.8
1036.51 36.5
1037.71 9.5
1039.89 2.8
1040.94 10.2
1041.68 48.5
1042.57 16.8
1043.69 2.1
1046.20 19.7
1047.66 19.1
1049.51 12.7
1050.50 5.2
1051.46 79.4
1052.45 56.5
1053.54 150.2
1054.54 118.6
1055.65 68.4
1059.60 58.6
1060.48 32.3
1064.74 14.5
1069.58 2793.0
1070.57 1218.5
1071.49 3.5
1072.76 5.8
1075.83 7.3
1077.66 72.5
1078.60 16.4
1080.56 3.9
1081.77 3.2
1082.74 2.3
1084.33 13.1
1088.60 84.5
1089.43 11.9
1092.30 6.2
1093.56 12.0
1094.16 3.3
1101.35 12.1
1102.54 2.1
1103.51 6.5
1104.46 2.8
1106.19 10.7
1107.60 3.9
1109.96 3.9
1110.65 6.1
1111.64 44.0
1112.93 3.1
1116.52 10.4
1117.89 9.2
1118.71 3.1
1121.72 2.8
1125.73 42.8
1126.62 16.8
1128.40 37.3
1129.42 16.1
1131.57 2.7
1132.97 2.6
1134.51 10.4
1136.59 6.0
1140.81 4.3
1145.22 2.9
1146.66 45.1
1147.48 45.3
1151.57 3.2
1152.64 123.6
1153.72 69.3
1154.77 4.8
1160.02 10.4
1160.64 2.7
1161.69 9.6
1163.68 2.5
1164.70 19.2
1165.75 19.1
1166.62 9.8
1170.65 985.4
1171.68 489.1
1174.68 3.0
1175.53 7.3
1179.65 7.9
1180.66 23.1
1182.56 9.6
1183.67 20.6
1192.67 16.9
1193.32 5.2
1196.46 13.1
1197.68 8.0
1198.66 6.4
1201.96 4.0
1203.37 12.1
1204.03 14.6
1208.22 7.6
1210.56 5.1
1211.75 7.2
1212.98 3.0
1215.74 43.2
1216.67 1.7
1217.32 3.3
1221.62 148.0
1222.69 185.7
1223.75 11.5
1224.80 3.9
1227.54 2.6
1231.90 8.1
1233.40 33.5
1234.90 7.1
1239.67 90.0
1240.81 65.5
1245.25 3.4
1249.53 22.9
1250.64 2.5
1251.56 35.4
1252.63 27.4
1254.80 2.6
1257.69 1129.6
1258.77 711.0
1259.52 3.6
1261.68 1.9
1263.80 3.3
1267.58 53.8
1268.78 43.5
1270.62 3.6
1275.59 2.2
1279.85 6.5
1290.52 1.8
1298.68 6.2
1302.87 17.8
1303.89 11.7
1310.90 4.2
1338.80 19.3
1339.62 7.9
1344.70 2.9
1354.63 24.2
1355.76 16.0
1368.83 2.9
