1179.60381 2
174.91 3.0
195.07 2.0
202.31 10.7
215.16 5.2
219.08 1.1
221.03 3.4
232.23 11.3
233.42 2.5
258.37 2.8
265.23 10.7
281.99 1.3
290.59 1.6
293.26 7.0
294.08 9.0
303.39 29.2
304.26 1.2
308.44 4.6
325.23 3.6
336.13 1.5
345.06 1.7
349.47 4.2
353.14 8.3
355.16 3.1
358.21 2.0
371.45 6.3
372.26 5.8
390.30 1.1
404.34 62.5
405.28 8.8
411.30 1.6
422.36 16.2
423.42 1.7
434.81 3.8
436.95 7.7
438.11 3.7
439.70 5.7
448.09 2.5
453.83 25.8
460.57 2.1
464.69 1.4
471.19 1.2
472.21 3.4
475.67 10.1
476.91 3.7
481.56 11.9
486.49 2.1
489.23 1.4
491.48 2.9
496.76 3.0
499.41 10.9
505.47 2.8
507.28 12.4
516.19 2.0
517.35 35.1
518.02 4.7
519.26 3.7
529.27 5.9
530.95 1.3
533.17 2.0
535.34 11.1
535.98 2.2
537.53 2.5
543.94 2.1
547.92 2.9
549.13 3.2
554.24 5.6
555.02 9.3
559.51 7.3
564.79 2.3
565.98 1.1
572.43 74.3
573.42 8.4
576.52 4.3
579.35 9.8
581.14 5.3
581.98 19.8
599.91 3.3
618.21 1.3
627.50 1.3
628.29 6.2
628.90 1.8
630.35 2.6
640.84 9.4
645.52 44.2
646.53 15.7
648.24 5.2
649.77 3.9
653.10 3.3
656.54 12.8
662.51 2.1
663.49 16.6
664.32 3.6
666.55 4.5
668.18 3.9
671.35 2.9
673.77 9.5
679.36 1.3
682.36 3.0
683.61 6.2
687.93 34.3
689.46 6.2
698.49 3.8
702.06 2.0
704.43 2.7
711.56 4.0
731.60 2.8
748.47 1.8
758.55 32.7
759.66 4.7
760.28 1.4
766.33 2.9
776.44 15.5
777.41 12.1
807.49 6.8
817.32 2.4
819.58 1.6
845.67 2.5
847.20 1.9
859.48 2.9
860.30 6.4
864.62 3.6
870.77 7.5
871.61 3.3
876.45 1.8
877.49 8.6
878.44 7.1
887.59 46.7
888.68 21.6
920.47 4.2
924.39 4.2
930.24 4.7
931.41 2.8
935.71 3.4
948.51 7.7
988.45 3.5
999.59 3.2
1006.76 2.9
1041.34 1.7
1057.72 2.5
1066.91 4.7
