1391.68022 2
195.05 28.3
198.22 115.3
199.25 102.0
200.17 2.7
201.21 32.0
202.16 4.4
205.29 54.5
207.12 24.2
208.18 7.3
211.19 14.8
212.28 5.2
213.22 4.2
216.17 702.7
217.19 63.4
218.30 6.2
219.28 6.3
221.29 6.7
222.92 30.3
225.20 287.3
226.25 40.8
228.19 13.5
228.90 6.2
234.16 455.2
235.24 50.5
237.03 22.6
238.71 17.0
239.51 11.5
240.22 105.8
241.20 69.0
242.32 4.3
243.14 49.6
244.09 5.0
246.31 24.4
247.22 17.3
248.28 18.5
249.42 2.1
250.21 8.8
252.19 28.8
253.36 5.4
255.31 3.2
257.16 83.4
258.47 37.0
259.27 50.1
260.26 2.4
261.35 9.5
262.16 8.2
263.65 11.1
264.30 18.3
265.32 27.6
266.28 30.3
268.16 124.5
269.33 59.7
270.30 25.9
272.29 27.0
273.26 23.8
274.30 25.1
275.32 32.1
277.27 26.4
280.24 33.7
281.29 28.4
282.29 31.4
283.44 36.1
284.22 52.7
286.20 144.0
287.37 102.3
288.33 22.5
289.38 4.8
290.24 10.2
291.51 16.4
292.28 138.2
293.22 21.6
294.28 11.8
296.14 10.6
297.28 17.6
299.28 17.2
300.27 40.1
301.26 514.1
302.26 28.4
303.02 2.6
304.30 11.2
305.44 17.6
306.26 11.1
308.35 17.8
309.27 196.7
310.21 125.6
311.29 19.7
312.12 76.4
313.23 12.4
315.26 3.8
317.27 39.2
318.26 17.6
319.19 9.0
320.36 6.3
322.29 2.6
324.29 19.1
325.31 4.3
327.32 741.8
328.30 87.4
329.26 24.2
330.28 139.3
331.37 17.8
333.25 9.8
334.59 10.0
335.26 258.4
336.33 42.5
337.33 9.7
338.78 50.2
339.54 8.4
340.44 25.0
342.05 4.9
343.64 14.0
345.23 851.1
346.27 84.9
347.22 16.4
348.13 10.9
351.20 33.1
352.39 105.3
353.25 637.8
354.38 117.8
355.36 25.9
356.35 5.5
357.31 10.7
358.33 5.2
359.23 5.0
362.32 11.1
363.10 39.1
364.36 12.0
365.29 5.4
367.03 9.8
369.27 31.1
370.27 185.1
371.23 961.5
372.31 184.3
374.26 5.7
375.43 4.6
376.37 2.2
377.91 13.9
379.22 34.9
380.27 89.6
381.26 42.2
382.34 39.1
383.23 14.3
384.28 9.3
385.27 19.4
386.31 68.7
387.29 34.2
388.35 174.6
389.27 49.5
391.13 15.1
392.25 40.7
393.28 10.0
394.16 12.6
395.17 17.4
396.18 21.7
397.32 50.0
398.35 210.9
399.49 49.6
400.41 4.0
401.24 8.1
402.35 10.0
403.07 2.8
404.30 6.7
405.29 7.6
406.40 33.4
407.34 3.9
408.35 21.0
410.61 38.5
411.39 52.1
412.45 16.0
413.57 28.5
414.30 57.1
415.27 174.4
416.37 97.7
417.33 24.6
420.09 82.0
421.29 60.8
422.20 45.6
423.34 12.6
424.50 31.1
425.34 21.9
426.23 4.6
428.34 22.9
429.19 5.0
432.17 8.2
435.18 14.7
437.38 5.0
438.37 156.3
439.39 71.6
440.37 74.1
441.33 60.2
442.42 28.8
443.33 8.0
444.20 4.5
446.31 31.2
447.89 30.6
448.53 20.2
449.31 7.6
450.33 27.7
450.98 5.2
451.74 3.7
453.32 7.9
454.18 9.1
456.31 597.7
457.32 172.9
458.31 112.4
459.28 73.3
463.84 41.5
465.22 3.6
466.44 3.3
467.70 34.1
468.36 50.5
469.30 26.4
470.39 2.5
471.50 22.6
474.27 448.9
475.40 103.7
476.31 43.7
478.28 8.3
479.27 5.4
480.14 6.2
481.27 64.5
482.30 94.4
483.37 10.1
484.06 2.6
485.31 121.9
486.31 122.0
487.36 8.1
488.55 3.3
490.55 27.3
491.40 51.8
492.38 34.9
493.57 23.4
494.37 39.6
496.29 72.3
497.29 21.1
498.35 147.8
499.28 148.2
500.57 56.8
501.39 64.7
502.12 5.5
504.33 13.7
505.25 14.0
509.31 212.4
510.35 77.0
511.56 25.7
512.22 98.1
513.51 27.7
514.45 13.6
516.29 625.2
517.43 207.9
518.43 17.8
519.19 35.3
520.21 4.9
521.27 8.4
522.53 7.5
523.75 10.8
524.51 8.9
525.17 17.3
526.19 6.6
527.29 524.7
528.38 145.3
529.32 33.0
530.43 38.5
531.36 12.9
532.20 14.7
534.30 2425.8
535.40 454.1
536.22 5.4
536.84 16.0
537.44 15.0
539.29 17.8
540.08 17.1
541.25 13.7
542.47 14.4
543.84 22.6
545.25 528.9
546.31 117.5
546.92 6.1
547.57 2.7
548.66 28.0
549.60 27.6
550.48 6.1
551.19 15.4
552.24 32.0
553.70 19.9
554.52 47.3
555.49 19.5
557.07 40.1
558.08 60.4
558.97 66.3
560.94 47.2
561.87 20.5
562.59 14.2
563.48 18.4
564.45 17.0
565.88 71.0
566.73 30.9
567.53 68.4
568.42 119.7
569.28 29.9
570.23 37.5
570.87 267.7
571.49 84.7
572.36 147.6
573.46 36.0
574.85 11.8
575.50 27.8
577.37 8.7
578.04 2.4
579.22 44.6
579.86 658.0
580.51 422.5
581.16 18.8
582.69 42.7
583.39 8.2
584.88 32.3
585.49 26.5
586.60 55.2
587.54 23.2
588.76 438.1
589.44 96.4
590.54 71.1
591.96 62.7
592.83 5.8
593.71 21.0
594.31 59.6
595.46 38.1
596.82 53.5
597.94 84.2
599.10 70.5
600.60 173.1
601.47 54.6
602.30 16.1
603.22 52.3
604.16 12.6
605.36 48.0
605.98 60.0
607.27 28.2
608.49 28.9
609.55 83.3
610.42 7.0
611.41 84.7
612.56 78.3
613.71 29.8
614.49 473.7
615.49 65.8
616.34 41.0
617.34 25.7
618.37 11.2
619.24 18.3
620.43 60.2
621.43 55.2
623.34 1150.8
624.00 594.3
624.81 28.2
625.59 52.6
626.50 90.6
628.57 82.3
629.40 320.2
630.66 90.5
632.52 841.6
633.53 16.5
635.30 198.1
635.91 114.5
636.63 12.8
637.64 66.4
638.36 257.0
639.42 102.2
640.55 73.8
641.79 25.3
643.48 144.7
644.37 278.6
645.13 50.5
647.40 1602.0
648.53 379.3
649.65 41.3
650.66 28.4
652.87 391.0
653.52 216.9
655.29 140.0
656.34 598.1
657.35 200.6
658.40 137.1
659.36 48.3
660.59 64.1
661.62 202.6
662.53 32.0
663.77 39.5
664.68 30.3
665.52 28.4
666.82 29.9
667.47 9.7
668.54 37.9
669.44 150.9
670.21 140.1
672.68 139.2
674.34 1122.6
675.43 299.5
678.37 2464.1
678.99 1780.2
680.44 48.4
681.49 124.9
682.38 140.0
683.18 273.8
684.35 35.6
685.29 96.3
687.37 902.2
688.05 180.9
689.50 2.3
700.61 101.4
701.55 59.2
702.66 5.7
703.65 11.1
706.25 8.9
708.73 11.9
709.41 61.7
710.37 20.1
711.43 28.2
712.52 19.9
715.71 8.4
716.49 5.1
717.24 5.8
718.42 1769.5
719.52 641.2
720.54 7.5
723.15 14.7
724.46 6.5
725.45 7.3
727.28 229.8
728.24 98.3
729.44 64.8
730.41 11.5
731.39 4.5
732.65 5.9
733.35 9.3
734.46 10.9
739.34 5.0
741.40 21.1
742.26 18.7
743.70 5.4
745.42 593.0
746.45 191.9
749.66 9.3
750.50 9.3
751.41 27.0
752.35 8.7
754.44 24.5
761.47 14.7
763.48 22.0
764.46 15.1
766.51 14.2
769.35 42.9
770.95 57.0
771.81 40.3
772.48 101.5
773.57 16.4
775.77 2.1
777.54 22.7
781.47 24.8
787.41 10.9
788.34 31.3
789.49 7.2
790.41 53.1
791.37 22.8
792.34 3.8
793.34 15.0
794.37 14.1
795.63 9.5
796.59 18.9
797.52 5.4
799.43 27.3
802.66 6.2
803.49 4.6
804.45 9.0
805.46 7.9
806.20 28.3
807.38 8.2
811.43 126.7
812.53 46.3
813.48 40.9
814.44 53.5
815.55 17.7
817.80 3.5
819.44 13.0
821.44 28.7
822.56 65.7
823.53 33.0
824.49 6.3
827.93 11.5
829.44 755.6
830.53 297.6
831.46 27.1
832.39 2.3
837.51 54.0
838.44 24.9
840.42 357.2
841.48 155.3
842.67 12.3
845.62 10.4
847.47 2243.9
848.46 694.9
849.11 4.0
853.64 11.9
854.52 2.9
856.27 4.9
858.44 1852.5
859.53 678.0
862.14 2.6
863.46 41.2
864.65 16.5
866.01 4.7
866.77 3.7
867.43 10.2
870.00 10.1
870.90 9.2
872.22 5.8
873.30 10.9
874.40 21.9
875.48 19.2
876.47 9.0
880.65 3.9
882.54 62.9
883.55 126.3
887.69 8.2
890.52 13.2
891.55 23.5
892.49 3.3
893.52 18.5
897.42 5.0
898.88 9.2
900.53 487.0
901.57 235.3
902.59 33.6
906.34 5.0
908.37 32.0
909.27 8.8
910.52 6.0
911.94 6.0
914.62 6.7
915.36 17.0
918.51 2545.5
919.54 1128.8
920.62 7.4
922.34 5.8
925.40 8.2
926.53 15.0
928.57 3.4
932.35 18.1
933.68 4.2
935.70 11.6
940.27 3.1
943.45 157.2
944.44 79.9
945.59 6.0
950.53 38.1
951.74 2.2
953.64 2.5
957.48 26.8
958.64 15.6
959.51 6.0
960.84 31.0
961.80 10.8
962.52 24.1
963.62 5.0
966.55 8.0
967.47 16.9
968.70 3.1
970.69 2.2
971.69 3.4
972.59 4.9
973.32 2.0
974.31 4.9
975.44 9.5
976.65 51.6
977.59 14.9
978.63 12.3
980.00 9.9
982.44 15.6
985.54 68.9
986.60 25.1
992.45 7.5
993.68 90.6
994.54 46.5
998.40 8.8
1000.60 4.3
1003.50 221.0
1004.50 156.0
1005.37 8.7
1006.70 4.5
1010.47 3.1
1011.48 99.8
1012.51 136.5
1013.47 29.0
1016.41 2.3
1018.59 10.7
1021.55 1580.2
1022.60 768.5
1024.52 13.3
1027.94 3.0
1029.52 773.0
1030.58 507.1
1031.64 116.0
1038.69 2.8
1039.58 7.9
1040.88 2.4
1042.40 4.9
1045.66 19.2
1047.54 2216.0
1048.56 1180.0
1049.57 37.0
1059.98 11.6
1062.32 6.2
1065.48 4.9
1071.66 4.5
1072.38 18.0
1077.60 3.9
1081.57 10.8
1082.93 10.1
1085.73 6.3
1086.75 4.5
1088.06 5.6
1088.88 16.3
1098.53 5.4
1102.36 2.3
1105.41 3.0
1108.30 15.5
1113.52 24.8
1114.51 8.8
1115.57 4.4
1122.66 21.1
1123.58 12.4
1124.64 2.3
1128.34 10.2
1130.62 118.6
1131.71 57.4
1133.61 7.8
1136.54 10.4
1140.58 434.7
1141.58 238.0
1146.68 2.6
1149.56 5.5
1155.70 5.4
1158.59 3308.3
1159.64 1860.7
1170.79 21.2
1176.59 3425.7
1177.60 1899.9
1178.27 8.7
1182.91 4.9
1184.84 19.6
1187.39 4.4
1192.59 12.4
1194.88 3.0
1197.87 4.3
1199.66 13.3
1202.44 5.1
1204.70 4.3
1205.78 4.6
1209.83 8.4
1210.94 4.8
1214.63 6.4
1215.57 9.3
1216.89 11.5
1217.67 7.9
1218.46 8.0
1220.88 5.5
1227.66 99.3
1228.58 31.9
1237.04 4.1
1237.69 12.7
1243.83 4.3
1245.61 471.6
1246.70 411.5
1247.84 5.6
1255.63 32.7
1263.54 168.6
1264.76 137.3
1273.87 5.8
1350.76 6.2
