1033.51579 2
152.27 53.4
154.17 9.0
156.30 19.7
157.17 9.6
158.21 13.9
159.56 12.2
165.18 27.9
167.35 20.9
169.12 49.0
170.18 27.8
171.32 20.9
175.20 374.0
184.13 25.9
185.21 13.4
187.18 15692.7
188.19 796.2
191.51 13.8
195.19 67.1
197.24 142.3
198.31 20.2
199.28 45.6
200.26 25.1
202.67 110.5
203.44 19.8
207.06 7.3
209.73 44.9
212.10 10.6
213.26 226.0
215.11 13481.5
216.20 705.2
217.09 8.9
218.45 12.0
221.35 8.2
225.32 28.8
226.16 38.6
227.27 117.8
228.17 32.3
230.39 27.8
231.29 174.0
235.21 11.3
237.18 28.4
239.36 14.0
241.08 11.8
242.00 21.9
243.11 2655.2
244.11 186.0
245.28 210.1
246.13 15.9
247.09 9.0
250.28 39.4
254.11 25.7
255.31 223.7
256.10 9.6
257.19 40.5
259.27 11.4
260.17 16.8
262.19 2847.0
263.25 152.1
265.75 8.7
269.91 14.9
270.76 76.1
271.40 32.3
272.30 59.9
274.35 46.7
278.30 12.2
280.21 53.5
281.15 31.0
283.22 2178.8
284.20 161.4
285.38 26.4
286.19 19.7
288.33 14.1
289.12 9.0
292.22 31.5
293.14 13.6
296.23 9.9
298.30 50.9
299.75 152.9
300.36 202.4
301.12 6.6
302.34 20.9
305.21 8.4
308.22 118.6
309.07 6.8
310.33 540.7
311.36 39.6
312.30 14.9
313.46 33.4
316.25 77.6
317.27 16.2
318.46 10.5
326.18 341.5
328.23 3817.7
329.27 418.5
332.28 30.2
338.17 16.4
339.30 14.9
340.38 32.6
341.36 8.6
342.88 27.0
344.17 444.2
345.26 55.2
346.69 22.4
349.45 16.5
353.82 57.7
354.73 27.4
356.20 235.0
357.36 38.3
358.82 59.4
360.03 9.4
363.42 10.7
365.12 47.2
365.96 38.0
368.49 19.6
369.97 15.9
371.17 42.2
372.38 46.5
373.35 152.8
374.24 29.6
376.23 49.0
380.35 42.3
381.26 11.8
382.19 7.8
383.26 245.5
384.51 284.4
385.77 45.5
386.51 88.0
388.07 21.7
391.25 3260.8
392.28 263.1
393.27 57.9
394.31 270.1
395.42 87.1
399.34 29.5
401.30 750.8
402.03 221.1
403.18 26.7
403.92 6.1
404.53 26.6
405.45 18.1
410.35 13342.9
411.38 333.5
412.30 259.5
413.28 120.4
414.54 65.7
415.56 27.9
417.14 14.3
421.23 83.0
422.01 63.0
423.54 8.2
426.23 23.8
427.16 32.3
429.28 1110.5
430.48 214.6
431.22 10.7
433.22 10.6
434.40 58.5
437.65 50.2
439.24 1464.5
440.23 109.3
441.26 38.2
442.59 110.5
443.84 34.6
445.43 11.6
447.16 25.4
450.86 60.2
452.25 9.0
457.24 6322.6
458.36 607.9
459.37 63.1
462.31 62.7
464.29 367.5
464.98 196.9
466.78 730.8
467.43 239.4
468.51 71.8
469.63 37.2
471.71 133.5
472.34 14.3
473.38 136.2
474.46 20.4
476.00 340.3
477.09 21.8
478.19 18.3
480.99 32.9
481.74 79.7
482.54 38.2
484.27 44.5
486.24 557.9
486.99 195.6
487.89 76.4
488.49 32.1
490.64 328.8
493.06 47.3
494.05 170.0
495.13 343.7
496.31 806.5
497.31 186.3
499.44 1476.5
500.55 142.7
502.22 539.1
503.32 187.7
504.82 84.9
505.90 123.9
508.29 3280.2
508.97 591.8
510.82 44.6
511.42 6.6
513.30 9.6
516.77 20.8
524.54 46.8
530.31 74.4
540.24 19.0
541.36 9.1
542.24 31.1
543.45 11.4
546.42 15.2
547.66 18.8
558.17 85.7
559.34 349.0
560.40 51.1
561.51 14.6
563.37 6.6
572.44 7.0
577.33 30619.5
578.43 4129.6
579.26 13.1
580.20 7.8
581.17 7.4
582.25 9.4
587.44 9.6
589.60 19.9
596.51 9.6
597.28 102.8
598.54 34.1
599.56 26.9
602.68 22.6
604.55 10.9
605.39 16.2
607.32 300.5
615.45 85.4
616.50 11.4
617.43 10.7
618.36 88.5
619.27 12.3
620.39 9.7
623.49 39.9
625.32 719.2
626.28 169.5
627.12 20.2
633.22 59.5
634.43 26.0
638.03 23.9
640.07 81.9
641.37 17.3
642.10 37.7
643.28 1082.5
644.42 178.2
645.54 70.4
646.35 27.0
647.03 41.5
647.69 32.1
651.53 13.5
653.57 48.0
655.34 32.3
658.82 37.7
659.46 9.1
660.11 12.2
661.70 18.6
665.21 7.3
667.25 65.0
668.57 58.1
669.37 7.7
670.48 10.9
671.38 40.3
672.29 17.7
673.38 31.8
676.70 17.1
677.54 7.7
679.21 30.0
680.53 57.2
682.25 33.1
683.50 26.6
688.38 1983.6
689.34 515.6
699.34 37.6
703.52 8.6
704.29 12.9
706.36 27061.9
707.44 5302.2
708.45 40.4
709.06 6.2
710.31 31.0
712.27 76.9
713.36 17.7
716.48 62.1
718.81 23.2
723.98 6.7
727.22 15.2
728.47 18.7
733.61 8.1
736.51 124.5
737.52 11.8
743.08 16.7
744.18 65.7
745.17 38.7
745.79 11.9
747.63 29.7
751.36 10.0
753.31 9.1
754.38 683.4
755.30 203.6
758.77 11.0
762.54 6.7
763.61 7.0
764.62 10.6
768.52 10.8
772.43 1077.9
773.45 321.7
783.50 389.2
784.59 221.2
785.47 22.8
789.41 25.0
790.59 22.4
798.41 8.6
801.55 798.4
802.57 211.2
805.45 18.6
811.80 15.9
819.45 54960.4
820.52 12484.0
823.30 83.1
824.40 16.6
830.35 10.6
831.57 25.5
832.46 22.2
841.33 67.1
842.10 66.1
847.59 55.9
848.47 8.7
859.37 471.6
860.36 167.3
884.91 76.7
886.24 16.9
887.75 10.6
898.56 10.6
900.77 56.9
906.25 11.2
928.53 10.3
932.55 189.2
933.51 26.9
942.50 89.5
943.38 56.0
1033.79 7.4
