1554.67351 2
256.33 2.0
263.24 3.2
266.14 1.7
274.39 3.8
276.30 5.2
280.07 2.2
288.29 2.5
334.14 1.5
375.45 2.6
376.63 3.4
388.21 2.1
390.47 2.3
393.61 2.4
410.46 3.9
412.13 2.4
413.78 2.6
420.71 3.2
430.47 1.8
438.42 1.2
440.28 1.1
446.77 1.7
471.29 4.1
484.97 1.1
488.39 1.6
503.32 2.1
503.93 3.1
510.07 3.1
520.28 11.1
532.87 6.4
536.39 4.2
543.47 1.5
545.04 10.2
547.44 2.2
548.32 3.5
550.64 4.0
560.27 3.5
561.06 1.9
563.50 1.3
568.18 4.9
580.98 6.2
583.45 2.5
587.45 4.2
593.45 1.1
594.85 8.0
597.45 14.5
599.36 4.1
603.33 1.3
606.27 1.3
608.51 1.5
609.16 1.2
612.03 4.2
616.65 5.4
619.66 1.1
624.09 3.2
631.40 4.0
633.77 1.2
641.47 11.8
642.51 8.0
645.93 3.3
652.80 14.6
654.79 6.6
656.15 1.4
657.31 3.4
661.44 3.2
662.37 5.8
663.78 25.3
664.63 1.2
665.74 1.6
677.81 10.0
680.56 1.4
683.91 7.0
689.04 3.5
693.48 13.1
697.24 2.6
699.52 3.0
701.21 7.7
703.10 4.6
703.96 6.3
704.78 7.2
707.08 5.9
712.18 16.2
713.03 7.0
714.47 1.8
719.43 3.4
720.55 14.1
724.36 3.8
725.40 10.7
729.41 2.0
730.34 12.5
734.53 7.0
738.45 8.8
739.37 3.7
742.18 3.9
745.67 13.1
746.50 2.6
747.41 6.5
756.28 3.6
760.35 35.3
761.33 18.9
765.90 10.5
766.93 10.6
791.55 2.4
806.62 2.9
808.36 2.8
818.16 1.7
824.34 2.9
834.48 8.6
835.14 3.4
836.12 6.0
841.53 2.4
844.32 4.3
845.39 2.4
853.02 6.2
860.04 8.2
869.74 6.7
870.48 1.7
874.72 1.4
886.14 1.6
892.14 5.1
893.08 2.5
893.87 2.1
894.54 8.5
895.68 4.6
903.17 3.6
914.48 1.4
924.94 7.3
930.26 2.9
931.57 2.1
935.65 12.5
936.78 7.7
960.96 7.0
963.01 5.8
964.13 1.0
975.10 5.4
986.53 2.2
988.60 4.3
991.38 7.3
995.39 6.3
998.54 8.1
1002.49 3.5
1003.45 5.0
1004.28 4.2
1007.49 4.8
1008.65 2.9
1012.59 1.2
1015.54 3.1
1027.69 4.7
1036.31 17.0
1037.39 1.4
1040.50 6.6
1042.14 3.9
1046.18 4.9
1048.59 5.4
1053.19 3.5
1061.20 3.4
1070.63 5.4
1072.07 7.0
1076.85 2.5
1077.60 5.3
1083.44 8.2
1087.86 3.3
1090.06 4.7
1100.09 5.8
1110.59 5.3
1114.67 1.1
1120.45 2.9
1122.55 1.3
1124.68 1.4
1140.32 2.7
1144.41 1.7
1148.33 7.9
1159.00 2.1
1164.59 1.4
1171.62 3.2
1177.78 2.1
1180.44 1.2
1207.54 5.1
1211.50 4.6
1248.57 5.5
1255.45 2.4
1265.24 3.3
1278.81 1.6
1281.72 4.4
1295.40 6.2
1317.57 2.4
1342.69 5.6
1343.78 1.7
1348.55 4.4
1366.57 9.4
1367.25 3.6
1403.13 1.1
1405.90 1.9
1433.76 2.9
