2505.179600000001 3
236.04 4.1
237.14 14.1
241.15 35.1
242.38 3.1
244.20 4.5
250.31 13.1
252.32 38.2
254.30 15.9
256.35 15.2
257.29 3.8
258.18 60.6
259.30 9.2
260.18 7.3
262.20 4.0
263.31 10.5
264.17 9.9
265.41 7.6
266.16 4.2
267.10 7.6
268.22 27.3
269.23 35.2
270.40 42.9
272.19 20.9
273.35 10.3
274.30 16.7
276.12 4.8
277.23 5.1
278.01 10.8
279.44 5.5
280.07 32.7
280.88 13.6
282.21 12.2
283.28 14.7
284.21 21.4
285.13 13.2
286.17 50.4
287.27 13.4
288.25 4.9
291.40 16.8
292.36 26.3
293.19 5.3
294.19 15.3
295.09 18.1
296.27 9.6
297.23 43.5
298.01 24.4
299.56 4.9
301.31 17.9
303.00 26.5
304.24 6.7
306.10 22.7
308.30 5.2
310.10 99.0
311.01 8.7
312.24 57.2
313.30 56.5
314.05 6.9
315.30 18.8
316.31 24.1
319.06 23.8
320.21 34.1
321.22 10.2
322.47 8.8
324.65 30.4
325.37 10.2
328.23 24.2
330.14 83.6
331.11 43.6
332.28 7.4
333.28 6.9
335.15 6.4
336.25 26.6
338.10 80.0
339.27 35.9
340.28 11.7
341.22 19.5
342.33 11.5
343.69 25.6
345.14 7.3
346.18 4.2
348.18 10.6
349.41 13.7
350.37 11.9
351.33 18.6
352.41 7.4
353.31 16.6
354.24 20.7
355.49 10.4
356.51 3.4
357.27 25.4
358.20 18.9
359.26 16.7
362.15 28.7
363.10 5.0
364.29 3.9
366.02 6.0
367.13 49.2
368.50 15.9
369.27 6.6
370.15 17.2
371.49 8.0
374.25 3.8
376.23 14.5
378.11 9.6
379.42 5.9
381.18 3.7
382.03 4.8
383.20 33.4
384.24 44.3
385.18 53.2
386.16 26.9
387.30 17.4
388.22 3.8
389.35 9.2
391.40 7.0
392.15 7.7
394.05 13.0
395.45 11.6
396.36 6.9
397.52 49.4
399.40 24.1
400.37 16.3
401.29 12.5
402.15 57.2
403.31 22.0
404.14 8.4
406.46 10.7
407.26 39.5
410.43 19.9
411.30 26.7
412.21 26.4
414.13 33.1
415.51 5.5
421.80 15.1
423.38 10.3
424.15 4.4
425.31 24.2
426.33 30.4
428.24 56.8
429.31 89.0
430.26 25.7
431.35 17.0
432.31 8.6
434.26 8.5
437.30 8.2
438.22 22.2
439.38 27.4
440.48 15.4
441.30 12.3
443.38 46.7
444.45 12.4
448.08 20.7
449.40 3.0
452.54 7.1
453.36 42.7
454.16 9.2
455.41 24.7
456.30 4.0
457.23 117.6
458.13 7.8
460.33 10.5
462.24 12.3
463.34 5.4
464.37 11.3
465.30 21.2
466.28 36.4
467.42 10.3
470.91 47.6
472.30 50.0
473.77 46.6
475.40 6.9
476.30 3.1
478.19 10.9
480.25 26.0
481.21 23.0
482.25 30.3
483.36 20.5
484.10 20.1
485.16 11.2
486.53 14.4
487.32 15.3
488.38 16.8
489.72 22.9
490.39 5.1
492.52 19.1
493.25 28.6
494.48 5.7
496.20 8.6
497.24 17.9
498.24 35.0
499.34 61.1
500.50 52.7
501.39 81.1
502.73 26.3
505.90 15.9
507.42 4.0
508.18 63.3
509.37 7.9
510.46 38.0
511.37 13.3
512.34 36.7
513.52 43.1
515.34 47.3
516.41 72.0
517.39 29.3
518.48 17.5
519.27 12.1
520.34 38.4
521.40 19.8
523.45 4.8
524.34 5.9
525.46 33.1
526.38 121.2
527.38 50.3
528.31 19.6
530.40 17.4
533.36 24.1
534.32 34.9
535.31 33.4
537.30 8.3
537.97 21.4
539.30 24.0
542.23 27.6
543.19 3.3
544.14 17.6
545.11 14.8
546.05 30.9
547.14 28.4
548.16 23.7
548.98 25.4
549.75 14.3
550.47 14.6
551.12 94.5
552.29 31.1
553.48 44.7
554.16 7.3
555.42 37.1
556.37 18.8
557.18 34.5
558.16 42.1
559.43 13.5
560.19 4.0
562.25 13.7
563.59 33.4
565.24 25.5
566.61 23.2
567.44 11.5
568.47 10.9
569.13 9.2
570.16 30.2
572.55 33.9
573.39 15.3
574.24 15.0
575.31 5.9
576.48 8.7
578.28 20.1
579.25 13.2
581.23 53.0
582.33 29.5
583.30 67.6
584.31 29.4
585.27 17.6
586.31 38.6
587.36 35.1
588.43 11.3
589.48 30.8
590.44 11.3
591.45 12.2
592.54 5.4
593.76 3.1
596.09 10.9
597.10 47.4
598.19 22.0
599.61 24.8
600.59 30.5
601.41 17.5
602.47 37.6
603.56 71.1
605.74 38.0
606.47 40.2
607.64 18.9
608.68 24.1
610.23 68.6
611.49 8.5
612.58 24.8
613.47 18.9
614.28 19.2
615.57 67.1
616.74 40.8
618.19 30.0
619.61 29.9
620.78 75.9
621.55 13.3
622.71 19.7
624.08 56.2
625.17 34.1
625.83 80.5
626.47 27.4
627.21 42.5
628.05 39.8
629.65 21.7
630.96 86.3
632.05 20.9
632.80 38.1
633.44 38.6
634.45 41.4
635.33 58.7
636.38 190.4
637.31 6.1
638.60 32.3
639.67 17.7
640.56 111.8
641.32 6.7
642.90 32.7
643.55 13.1
645.79 39.6
646.50 20.2
648.02 124.5
648.89 45.9
650.01 57.0
651.33 25.1
653.15 77.5
654.26 53.9
655.08 47.8
655.69 23.6
656.40 11.6
657.03 15.4
657.65 22.9
658.78 72.5
659.55 39.7
660.30 27.9
661.02 7.3
661.63 5.3
663.32 26.6
664.61 110.4
665.54 55.5
666.23 49.8
667.23 10.0
668.38 85.5
669.21 193.9
669.99 111.3
670.89 117.9
671.71 17.2
672.74 40.2
673.43 83.3
674.18 48.7
674.98 33.5
676.14 26.1
677.20 40.7
678.21 87.0
678.88 43.3
679.56 64.8
680.51 58.3
681.61 147.8
682.89 94.4
684.11 94.9
684.77 23.0
686.39 101.7
687.34 70.6
688.43 62.0
689.77 108.1
690.82 114.1
692.14 179.0
692.83 94.9
693.64 225.2
694.57 23.1
695.39 42.5
696.28 193.3
697.61 189.9
698.42 274.4
699.70 48.6
700.62 123.8
701.59 80.8
702.30 570.2
703.40 120.5
704.46 174.2
705.48 163.9
706.56 82.5
707.94 931.5
708.86 16.8
709.63 75.9
710.51 36.7
711.75 240.7
712.82 28.3
713.93 93.8
715.29 58.9
716.40 285.0
717.46 522.0
718.68 30.8
719.63 296.6
720.41 314.3
721.16 99.2
723.11 119.6
724.62 157.0
725.33 346.8
726.09 403.8
727.08 492.7
728.48 28.7
729.55 214.3
731.07 493.5
731.81 247.2
732.55 99.1
733.78 130.4
735.08 893.8
736.16 169.4
737.02 308.2
737.79 7.7
738.50 56.3
739.38 39.7
740.54 247.3
741.21 1109.9
742.74 116.7
743.49 52.8
744.62 309.6
745.57 85.9
746.33 126.8
747.46 106.9
748.51 325.6
749.41 261.0
750.48 463.7
751.25 158.1
752.49 300.5
753.71 303.2
754.57 765.8
755.27 409.2
756.25 55.4
756.94 39.2
757.98 271.5
758.60 524.1
759.83 636.9
760.65 673.8
761.61 242.8
762.73 275.0
764.24 2203.2
765.60 141.3
766.56 47.9
767.89 794.4
768.59 291.0
769.68 1640.5
770.31 2215.8
771.64 287.7
772.97 554.2
773.75 508.0
774.37 607.9
775.14 166.4
776.13 151.1
777.13 399.8
777.98 152.3
778.81 1284.7
780.05 248.1
781.11 482.8
782.22 832.6
783.14 428.5
783.94 210.3
785.42 240.2
786.20 267.3
786.96 725.5
787.81 702.7
788.82 680.9
790.23 146.3
791.53 559.4
792.54 1417.0
793.39 1083.2
794.02 787.5
795.59 447.8
796.58 440.3
797.35 2050.5
798.49 1523.4
799.31 594.9
800.18 308.5
801.52 926.9
803.13 6355.2
804.87 547.9
805.71 501.4
806.66 634.4
807.55 220.3
808.56 645.1
809.40 1111.7
810.23 239.6
811.14 129.6
811.96 206.3
812.58 367.5
813.48 393.4
815.07 2935.0
816.36 113.8
817.47 541.1
818.46 2357.3
819.87 404.7
821.00 2370.2
822.44 102.3
823.91 2169.4
824.52 2696.1
825.73 348.8
826.66 217.9
827.58 16.4
828.56 9.8
830.01 8.4
833.67 8.2
834.90 6.0
835.96 5.8
836.63 7.5
837.51 8.4
839.37 11.3
840.20 19.0
841.37 30.6
844.84 3.7
845.69 7.5
848.79 45.8
849.63 12.1
850.94 15.1
851.81 40.7
853.16 132.6
854.68 41.1
856.21 44.4
857.68 39.7
859.40 24.2
860.03 47.9
860.96 13.4
862.66 23.9
864.38 39.5
865.11 8.5
865.79 21.3
866.45 37.2
867.16 44.6
868.66 87.7
869.61 25.6
870.34 15.0
871.43 50.9
872.49 51.0
873.57 160.5
874.62 221.4
875.76 138.6
876.94 22.7
877.55 6.5
878.92 117.7
879.81 20.8
880.66 264.0
881.66 151.7
882.80 282.4
884.13 20.2
885.29 38.5
886.41 7.6
887.94 176.8
888.57 62.7
889.85 273.6
890.65 84.3
891.71 36.1
892.69 56.0
894.20 51.2
895.24 24.9
896.64 513.4
897.72 113.4
898.47 23.8
899.24 34.0
900.18 30.4
901.04 39.3
902.09 23.5
903.77 29.6
905.10 17.9
905.74 10.7
906.86 58.7
907.63 20.8
908.94 72.3
910.27 188.1
911.17 100.6
912.69 32.4
913.72 103.8
914.94 52.5
915.81 11.3
916.44 7.5
917.40 54.8
918.52 41.2
919.51 91.7
920.46 22.3
921.52 75.8
922.63 62.8
923.40 16.9
924.20 38.2
925.14 51.2
925.79 67.8
926.45 35.2
927.20 8.0
928.43 57.0
929.77 111.3
930.57 229.4
931.88 186.0
932.53 111.9
933.31 45.3
934.23 77.4
934.87 8.6
935.90 45.6
937.01 102.9
937.71 89.3
938.77 354.4
939.68 265.8
941.22 35.6
941.94 4.1
942.65 15.2
943.60 12.0
944.86 201.1
945.99 452.1
946.78 580.5
947.66 73.9
948.71 43.4
949.91 71.4
951.04 32.5
952.42 89.9
953.85 647.0
954.71 308.5
955.60 7.5
957.54 43.9
958.47 65.4
959.45 52.1
960.10 24.1
961.29 97.1
961.93 4.0
962.70 167.4
963.61 14.8
964.96 53.9
966.40 115.3
967.81 762.9
968.77 703.8
969.72 61.5
971.54 197.1
972.51 64.9
973.35 53.6
974.26 68.5
975.37 112.6
976.22 170.2
977.12 63.7
977.99 28.8
979.30 89.5
980.29 101.5
981.94 302.7
982.74 307.8
983.65 52.0
984.65 146.6
985.61 99.0
986.89 163.8
987.68 121.1
988.75 181.3
989.87 86.2
990.76 172.7
991.58 49.4
992.77 65.8
993.62 16.6
994.26 91.1
995.40 393.6
996.23 626.7
997.44 239.3
998.83 29.0
1000.16 81.6
1001.62 133.0
1002.87 369.6
1003.68 682.3
1004.81 81.1
1005.85 200.8
1006.80 30.0
1008.37 70.2
1009.02 162.1
1010.23 45.0
1011.29 95.9
1012.01 51.4
1012.80 116.0
1013.77 53.0
1014.61 103.5
1015.93 152.0
1017.15 465.7
1018.02 244.3
1018.70 259.9
1020.13 34.6
1020.93 65.3
1021.95 104.4
1022.95 265.4
1023.80 267.9
1025.27 669.0
1026.21 312.4
1027.26 113.4
1028.82 105.0
1029.51 73.2
1030.53 185.9
1032.01 380.8
1032.85 306.9
1034.18 54.7
1034.96 36.7
1036.24 29.9
1037.81 280.0
1039.16 230.6
1040.27 219.4
1041.22 70.1
1042.07 85.4
1043.37 291.6
1044.25 188.2
1045.06 71.5
1046.49 115.0
1047.29 153.2
1048.53 201.5
1050.01 83.6
1050.96 71.4
1051.96 361.1
1052.84 1020.2
1053.81 332.1
1055.06 214.5
1055.77 125.5
1056.77 42.4
1057.83 143.7
1058.51 52.9
1059.78 162.2
1061.00 848.9
1061.78 1066.3
1062.91 13.7
1064.33 39.6
1065.41 127.0
1066.60 126.3
1067.83 70.5
1068.86 156.9
1069.82 117.2
1070.68 117.7
1071.80 59.9
1072.93 30.8
1073.86 97.9
1074.89 288.6
1076.02 225.3
1076.75 53.6
1078.06 58.5
1079.21 231.8
1080.03 109.6
1080.74 410.8
1081.73 206.8
1082.70 136.8
1083.83 148.3
1084.96 152.3
1085.70 153.1
1087.39 541.2
1088.49 883.3
1089.43 1092.1
1090.45 327.3
1091.33 45.9
1092.25 61.8
1093.33 317.2
1094.18 153.6
1096.04 562.9
1097.02 392.2
1097.89 140.7
1098.87 1786.4
1099.75 561.4
1101.44 301.4
1102.21 606.8
1103.38 269.6
1104.52 101.8
1105.51 65.6
1106.49 23.7
1107.94 102.9
1109.09 147.0
1110.89 1757.0
1111.61 587.6
1112.46 47.9
1113.68 115.7
1114.47 148.8
1115.61 70.1
1116.62 113.3
1117.72 144.1
1118.56 39.4
1119.80 57.2
1120.60 81.3
1121.51 79.5
1122.77 168.3
1123.66 17.8
1124.63 101.2
1125.50 135.8
1126.37 21.6
1127.03 51.5
1128.25 102.9
1129.02 43.4
1130.59 370.3
1131.47 612.9
1132.67 108.7
1133.34 15.2
1134.43 33.1
1135.37 153.5
1136.57 209.1
1137.46 281.0
1138.97 225.4
1139.79 598.5
1140.77 173.0
1141.47 36.9
1142.37 92.6
1143.36 101.1
1144.46 248.6
1145.37 514.3
1146.37 1712.1
1147.59 92.2
1148.65 47.8
1149.46 134.8
1151.31 588.4
1152.34 653.3
1153.45 238.3
1154.47 1006.9
1155.24 214.1
1156.08 26.8
1157.31 274.0
1158.40 389.2
1159.45 187.7
1160.47 1446.9
1161.19 520.1
1162.01 42.2
1163.01 8.8
1164.37 32.7
1165.70 281.3
1167.00 688.1
1167.80 387.9
1168.83 67.2
1169.87 59.4
1170.71 55.6
1172.08 87.2
1173.51 170.7
1174.36 119.3
1175.41 149.2
1176.40 105.4
1177.32 24.5
1178.06 12.0
1179.83 372.7
1180.86 363.6
1181.84 138.3
1182.66 38.6
1183.77 53.0
1184.85 277.0
1185.61 49.9
1186.47 94.6
1187.66 301.9
1188.59 702.8
1189.65 549.1
1190.52 52.8
1191.38 19.8
1193.20 218.2
1193.99 171.2
1194.93 359.2
1195.71 304.1
1196.81 444.5
1197.67 307.7
1198.57 22.2
1199.42 54.4
1200.41 24.4
1201.57 373.5
1202.45 823.8
1203.75 1233.8
1204.70 656.7
1205.37 34.9
1206.87 220.1
1207.59 126.0
1208.74 93.8
1209.70 55.8
1210.86 1311.9
1211.69 633.6
1212.52 55.0
1213.40 132.9
1216.01 439.7
1216.75 152.6
1221.64 27.0
1222.28 35.7
1223.78 46.8
1224.88 62.3
1225.76 72.3
1227.77 20.3
1230.83 15.3
1235.99 3.8
1237.09 9.9
1237.72 27.5
1238.75 16.3
1239.72 24.7
1242.25 32.1
1244.10 14.6
1245.70 3.8
1246.73 12.4
1254.67 16.6
1257.74 35.5
1263.55 13.0
1264.62 5.6
1266.06 6.1
1267.68 35.7
1271.67 4.9
1273.07 17.0
1274.62 8.9
1275.48 8.6
1276.49 11.7
1278.46 5.6
1280.06 6.4
1280.87 33.5
1282.08 74.9
1283.00 30.5
1283.81 23.1
1285.25 78.8
1285.92 14.5
1286.79 9.6
1287.72 5.5
1291.39 4.3
1292.55 8.3
1294.78 5.2
1295.73 12.1
1302.05 15.7
1302.91 7.3
1304.68 14.5
1305.39 14.7
1307.36 4.7
1309.66 5.1
1311.57 11.5
1312.63 21.6
1314.76 18.8
1316.53 7.3
1321.30 11.8
1323.05 3.3
1323.75 6.4
1326.13 17.0
1331.52 6.0
1332.52 6.0
1334.65 16.7
1335.65 14.3
1336.70 23.3
1337.62 11.7
1338.62 9.7
1339.64 38.9
1341.39 17.5
1343.85 6.4
1345.47 4.0
1347.19 7.2
1350.64 28.3
1351.67 9.8
1352.69 8.3
1354.36 10.5
1356.64 22.4
1359.70 6.9
1363.68 17.7
1364.84 9.5
1367.92 10.5
1368.98 35.3
1370.72 47.5
1373.62 18.8
1379.70 7.0
1381.12 30.0
1381.81 6.1
1382.86 5.1
1385.65 21.4
1388.87 6.9
1390.42 12.4
1392.82 7.3
1393.97 9.0
1395.88 11.7
1396.87 4.7
1397.85 48.9
1398.97 123.4
1400.07 9.4
1400.72 19.9
1405.94 19.1
1409.95 10.6
1410.56 17.2
1411.91 33.4
1417.82 4.3
1420.17 6.5
1420.94 5.8
1423.71 5.3
1424.89 20.9
1425.73 24.4
1431.75 8.4
1432.88 12.4
1436.97 4.4
1438.49 47.6
1439.64 18.1
1443.69 4.5
1444.94 8.8
1446.68 10.1
1447.44 6.5
1449.98 26.4
1450.79 27.5
1452.06 6.6
1452.96 10.6
1454.76 4.0
1457.96 7.3
1460.28 12.0
1462.94 17.2
1468.90 7.1
1470.70 21.6
1475.06 10.6
1477.43 19.2
1478.95 3.3
1479.71 7.4
1480.93 5.9
1483.02 19.2
1487.13 3.0
1489.59 10.7
1490.62 8.8
1491.39 9.8
1493.73 4.2
1494.93 3.6
1495.79 13.1
1497.65 14.9
1500.94 3.1
1502.76 8.1
1509.60 19.1
1511.56 6.0
1512.95 12.0
1514.09 18.4
1515.20 8.0
1517.04 5.3
1519.55 9.4
1523.31 10.8
1525.08 14.8
1526.12 3.3
1527.01 8.4
1527.76 13.2
1529.59 4.5
1530.99 3.2
1531.89 6.0
1533.71 3.8
1536.03 17.2
1539.00 5.6
1539.99 39.5
1540.90 13.0
1545.84 11.2
1548.89 4.1
1550.06 7.8
1552.74 23.4
1553.85 18.2
1561.87 6.5
1562.57 17.5
1565.64 5.8
1566.86 7.3
1568.91 10.4
1574.65 5.7
1578.87 15.7
1580.36 11.2
1581.92 8.4
1582.97 12.5
1584.61 4.9
1588.67 4.9
1589.92 10.0
1590.95 3.9
1592.87 5.9
1598.31 26.2
1599.15 4.1
1603.41 12.1
1605.33 11.2
1611.24 15.5
1634.98 20.8
1641.63 14.5
1643.62 5.1
1647.88 13.4
1649.39 10.5
1655.49 5.3
1656.84 3.3
1661.63 8.2
1666.74 7.7
1668.03 6.2
1676.45 5.6
1678.32 6.6
1679.94 14.3
1682.12 24.3
1685.95 3.8
1700.88 5.2
1703.19 6.2
1704.02 11.8
1706.05 7.6
1707.53 7.5
1711.77 12.7
1712.77 7.9
1715.82 3.1
1726.93 3.5
1733.09 11.6
1733.86 4.2
1735.94 6.6
1738.88 7.3
1740.90 32.0
1749.15 6.4
1777.72 4.4
1785.30 4.0
1790.11 15.2
1792.27 21.0
1794.13 8.4
1805.86 7.8
1806.95 4.2
1820.78 5.4
1834.68 22.0
1847.13 6.9
1849.87 5.1
1859.72 28.6
1860.65 5.3
1874.32 12.8
1875.22 3.5
1890.45 8.4
1894.07 8.6
1906.26 8.2
1906.93 4.1
1910.84 6.5
1911.90 6.0
1924.49 3.8
1930.93 5.6
1947.25 19.6
1961.03 4.1
1978.04 3.8
