862.5039499999999 2
124.16 1.5
127.07 5.9
128.27 2.2
129.17 20.5
130.10 28.0
132.06 2.6
133.10 4.1
136.14 58.8
137.09 2.4
138.68 7.6
139.38 13.8
140.51 6.1
141.26 4.3
142.31 1.5
143.29 2.4
147.06 35.4
149.10 4.6
152.25 2.3
153.60 4.5
155.12 113.7
156.16 10.9
156.99 6.4
158.27 8.4
159.06 84.7
160.12 10.1
161.23 2.6
163.13 1.2
165.17 70.1
166.03 10.5
167.20 5.6
168.11 5.1
169.18 2.9
171.56 6.8
173.23 14.3
174.27 9.8
175.18 109.2
176.12 15.3
181.01 4.6
182.20 210.6
183.03 20.0
184.03 2.7
185.14 4.7
187.02 25.5
190.19 2.2
191.20 2.2
192.46 13.9
193.22 16.0
194.33 6.7
195.07 5.9
196.18 1.4
196.92 1.0
198.33 6.2
199.22 9.0
200.42 7.9
201.19 7.7
204.07 12.9
205.19 13.4
206.28 3.8
207.03 5.3
209.13 136.9
210.15 44.7
211.25 10.4
212.18 6.5
213.03 1.5
214.65 23.8
216.16 9.3
217.04 3.9
220.23 1.6
220.95 27.3
223.16 1.4
223.81 5.2
226.14 82.6
227.22 165.5
228.27 15.3
229.22 6.8
230.20 15.5
231.20 1.0
232.31 2.9
233.22 3.2
235.15 29.9
236.19 15.4
237.27 3.8
238.07 8.0
239.23 17.3
240.21 5.2
241.28 8.3
242.03 5.8
244.35 4.3
245.31 9.4
246.18 10.6
247.59 2.1
249.18 8.0
251.33 3.6
252.33 9.9
253.60 34.2
254.22 193.1
255.21 122.4
256.20 22.2
257.05 21.3
258.29 9.7
261.33 4.3
262.34 22.5
263.21 35.8
264.92 6.7
265.74 4.8
267.17 5.6
268.99 22.7
269.84 6.0
271.19 43.7
272.19 2303.0
273.20 185.1
275.31 5.9
276.20 2.7
277.63 23.9
278.31 24.3
279.10 2.2
279.91 3.1
281.17 33.1
281.97 18.0
283.14 33.5
284.09 5.4
285.00 8.8
286.21 11.3
287.28 16.1
288.47 20.1
289.33 20.0
291.67 339.2
292.34 40.7
293.36 23.4
294.41 11.6
295.42 15.1
296.31 13.1
297.27 9.2
298.03 2.8
299.21 21.9
300.41 297.5
301.29 55.2
303.33 5.0
304.59 287.2
305.38 46.0
306.38 3.2
307.34 3.5
308.40 4.4
309.04 15.6
310.24 14.6
311.30 23.7
312.15 3.2
312.93 11.1
314.14 1.8
315.91 27.4
317.17 45.1
318.62 209.8
319.47 10.4
320.19 12.6
320.98 69.0
322.08 19.6
323.30 31.9
323.95 1.2
325.31 2.4
327.21 2155.7
327.85 648.6
329.19 10.0
332.59 84.6
333.39 20.3
335.20 9.1
336.17 3.8
337.23 38.6
338.15 50.3
339.16 9.0
341.19 851.6
341.91 246.1
343.03 397.9
344.14 130.2
345.16 7.3
345.95 7.2
347.01 7.2
347.65 5.6
350.15 1903.3
350.84 456.5
352.27 6.8
353.32 15.5
354.18 15.5
355.10 13.3
357.37 3.0
358.46 28.3
359.34 31.4
360.25 15.1
360.97 44.5
363.05 9.5
364.10 8.5
365.32 26.0
366.35 27.4
367.35 111.5
368.67 30.2
369.38 48.9
370.59 10.7
372.75 12.9
373.51 7.2
374.34 20.4
375.38 8.5
376.23 7.1
378.09 10.3
379.92 21.6
381.66 32.5
382.35 132.0
383.30 175.9
384.41 32.6
385.20 9.9
386.32 16.4
387.05 25.8
388.13 10.7
389.36 34.9
390.50 7.2
391.13 65.6
391.84 79.6
393.10 20.3
395.06 20.6
396.34 58.4
397.27 12.5
398.10 12.2
399.18 37.9
400.18 74.8
401.03 67.3
401.70 3.3
402.52 8.6
403.28 8.1
404.78 26.3
405.83 17.4
407.73 35.6
409.13 1172.5
410.00 480.9
411.24 124.1
412.37 27.1
413.48 97.5
414.51 236.0
415.64 15.0
416.60 63.7
417.37 41.9
418.32 18.2
419.77 104.2
420.45 74.3
422.67 920.0
423.44 618.9
424.41 25.7
425.45 13.9
435.41 7.0
436.30 14.0
437.75 2.8
438.56 1.9
441.33 4.8
443.03 8.4
444.44 5.9
445.27 3.8
446.56 1.5
447.18 3.1
448.80 3.8
451.55 1.8
452.65 4.2
453.51 2.3
454.65 8.2
455.41 3.0
456.09 1.3
460.55 1.7
461.64 11.7
462.30 16.3
463.36 1.4
463.96 2.2
465.63 10.9
466.39 2.5
469.36 3.5
473.22 24.1
474.33 6.0
475.28 1.5
476.44 4.4
477.86 19.9
479.74 11.1
480.47 4.1
483.27 1.8
484.21 9.3
486.13 1.0
487.38 3.2
488.29 16.3
488.98 2.2
489.71 7.9
490.72 1.4
491.71 6.4
492.41 2.1
495.01 7.9
496.03 18.3
497.28 62.3
498.29 12.5
499.01 1.0
499.69 1.2
501.14 20.1
502.21 10.8
503.75 7.8
504.86 5.9
505.53 1.6
507.26 44.6
508.36 23.0
509.26 57.4
510.01 2.0
511.08 8.6
513.64 1.5
515.81 111.3
516.50 91.2
517.55 17.3
518.53 16.7
519.56 3.9
520.17 1.2
521.36 10.3
522.36 8.5
523.46 12.5
524.49 36.4
525.45 60.6
526.37 20.0
527.24 4.1
528.48 18.0
529.59 2.0
530.56 6.2
531.69 29.1
532.63 8.2
533.26 18.2
534.74 3.8
535.46 8.0
536.52 21.3
537.53 199.3
538.72 23.7
539.50 41.1
540.16 13.8
541.47 1.9
542.54 5.2
543.39 25.4
544.80 16.6
545.73 13.4
546.37 74.5
547.20 21.8
547.84 3.0
548.90 23.2
550.08 12.0
551.17 7.1
553.29 14.6
554.40 4.0
555.19 9.1
556.10 15.2
556.70 1.1
559.49 6.1
560.43 8.7
561.36 8.0
562.21 5.4
564.70 5.5
565.41 1.8
568.05 11.1
570.72 26.5
571.83 21.1
573.34 269.4
574.40 77.0
575.19 1.1
576.69 23.6
577.38 9.5
578.69 20.6
580.01 4.5
581.10 17.2
582.17 38.2
582.88 15.3
583.61 14.1
584.36 5.3
585.12 6.0
585.91 5.3
588.60 51.0
589.55 22.4
591.38 1949.9
592.36 682.6
593.44 56.6
594.44 27.8
595.23 4.7
597.29 42.7
597.99 27.5
598.75 16.3
599.64 11.4
600.44 5.0
601.69 12.5
602.51 6.7
603.33 6.2
604.20 2.4
607.40 25.1
608.38 50.6
609.48 17.9
610.69 3.6
613.43 2.6
617.36 3.0
618.43 23.3
619.43 7.7
620.35 11.9
621.57 7.2
622.77 1.1
623.52 5.7
624.42 1.2
626.47 8.3
627.54 3.6
629.58 1.2
630.52 1.7
631.42 2.7
632.36 2.6
633.57 17.3
634.39 6.1
635.47 75.7
636.39 240.3
637.46 40.7
641.18 5.8
642.45 5.5
643.44 5.8
644.39 5.9
646.13 14.0
647.38 16.7
648.13 19.4
649.19 5.0
649.79 5.2
650.90 14.9
652.07 8.9
653.46 17.4
654.88 15.7
655.64 5.6
657.57 3.8
659.44 1.1
660.39 58.4
661.45 25.2
662.42 49.6
663.44 20.2
664.38 17.9
665.37 8.9
668.42 5.5
670.42 3.1
671.24 2.0
672.34 10.4
674.10 9.6
675.50 4.3
677.51 5.0
680.50 15.5
681.53 66.0
682.49 35.3
683.45 8.2
684.47 4.3
686.21 3.6
687.79 14.6
688.47 57.2
689.47 42.6
690.37 2.2
693.43 1.9
694.62 2.1
698.86 6.5
699.50 2.6
703.46 3.6
705.41 73.9
706.44 269.9
707.48 74.5
713.66 16.6
715.42 4.8
716.54 5.5
717.67 2.0
718.44 3.1
721.56 1.5
724.92 1.7
729.90 4.5
731.50 11.2
732.34 4.8
733.60 8.9
735.26 5.6
739.22 1.4
746.58 7.7
748.99 5.9
749.85 3.8
755.22 1.5
764.38 5.3
765.82 3.6
769.78 3.4
772.98 2.7
773.69 1.0
774.86 5.1
785.40 3.5
796.71 1.3
799.43 7.2
800.56 9.8
816.67 34.4
817.62 44.6
818.43 24.8
824.65 1.7
827.50 1.6
828.48 3.6
829.54 3.1
839.38 3.5
840.28 1.4
841.82 1.2
