1422.73239 3
136.96 1.7
141.13 49.8
142.30 7.1
143.29 1.8
147.20 4.8
152.14 1.3
153.36 1.7
155.22 10.4
156.22 6.8
156.91 1.5
158.99 2.1
161.26 4.7
163.29 2.4
165.05 1.6
166.43 3.0
167.27 1.5
169.09 207.0
170.11 7.3
171.24 4.4
173.26 5.7
174.29 3.2
175.27 53.5
176.21 6.9
181.30 3.0
183.14 1.2
185.26 26.3
186.21 2.0
187.22 26.8
188.12 2.2
189.13 4.9
190.21 1.5
191.07 2.6
193.05 3.0
195.89 2.0
197.25 55.6
198.09 17.1
199.29 16.4
201.13 4.5
202.24 3.5
203.24 3.1
204.11 1.1
209.28 14.3
211.29 4.6
212.09 6.5
213.19 38.5
214.11 22.8
215.01 7.8
216.17 3.1
217.19 5.6
222.01 8.3
223.41 8.1
225.10 2.3
226.18 4.1
227.30 4.5
228.43 2.8
230.04 25.5
231.19 11.6
232.03 5.3
235.09 1.1
236.34 9.5
237.20 6.0
237.81 1.6
239.24 1.6
240.18 16.8
241.21 6.7
242.17 16.9
243.20 4.8
245.38 1.6
246.07 2.5
247.24 1.3
248.14 2.3
249.53 1.4
250.20 6.6
251.28 6.7
253.49 10.6
254.25 15.9
255.31 3.9
256.23 38.5
257.12 7.3
260.23 12.9
261.20 3.5
262.56 11.4
263.47 2.7
265.43 10.3
266.22 6.3
268.20 107.7
269.23 4.0
270.22 4.7
271.22 11.9
272.46 4.7
273.23 1.9
274.22 27.1
275.32 4.5
276.43 1.5
277.19 2.0
279.34 17.6
280.19 2.6
281.02 2.1
282.53 7.6
283.25 2.1
284.39 13.2
285.10 7.2
288.26 9.4
290.29 10.4
291.28 6.8
293.24 2.0
295.31 8.9
297.03 7.9
299.20 8.5
300.03 7.3
301.30 8.0
302.01 7.7
303.44 2.8
305.28 4.5
308.44 2.8
309.13 3.8
310.32 46.6
311.32 4.8
312.26 22.1
312.89 5.3
314.39 2.0
315.64 10.4
316.26 11.1
317.28 23.3
319.34 7.2
320.23 4.4
321.18 1.4
323.31 6.6
324.83 6.1
325.76 9.4
327.12 2.5
328.11 5.6
329.23 3.9
330.73 3.1
332.87 2.0
334.91 10.8
336.12 18.6
337.11 13.2
337.90 8.2
338.57 2.4
339.89 9.6
340.97 10.1
342.60 15.1
343.41 14.8
345.24 4.9
346.10 2.9
347.54 9.2
349.31 2.4
350.21 5.9
352.55 2.1
353.37 105.1
354.40 24.6
355.41 1.8
356.34 1.6
357.14 11.9
359.00 17.8
359.94 2.2
361.31 15.0
362.26 19.1
363.10 4.2
364.26 5.1
365.02 5.6
366.30 3.5
367.43 8.1
368.23 2.6
369.25 6.1
370.51 10.8
371.39 30.4
372.33 5.7
373.02 6.3
373.99 3.1
375.21 11.7
376.32 7.4
377.27 33.3
377.92 16.2
379.03 25.3
380.65 37.3
381.35 125.6
382.27 22.2
383.37 9.0
385.24 5.1
386.62 18.8
387.62 44.0
388.46 6.9
389.29 17.6
390.37 3.4
391.33 4.6
392.10 1.4
393.39 22.1
394.15 3.7
395.36 21.4
396.65 23.3
397.38 20.7
398.49 2.8
400.02 23.1
400.86 5.3
401.48 5.9
402.59 40.1
403.34 2.0
404.14 3.4
405.75 9.7
406.80 13.6
407.75 8.3
408.51 28.2
409.34 9.3
410.39 15.4
411.74 26.3
413.09 109.2
414.64 26.5
416.09 43.5
417.47 93.5
418.92 110.0
419.93 16.3
420.94 1132.0
421.96 70.4
423.20 57.9
424.69 144.4
425.54 67.3
426.44 15.4
427.36 12.8
428.17 29.9
429.71 24.1
430.45 23.2
431.46 14.6
432.49 8.6
433.68 27.6
434.63 29.7
435.62 39.1
436.72 24.1
438.03 41.2
439.27 34.4
440.41 8.7
441.64 10.4
442.66 25.0
444.03 65.4
445.24 36.0
446.36 29.4
447.34 13.1
448.35 15.1
449.69 9.7
450.29 33.2
451.51 3365.2
453.03 80.0
453.80 25.0
454.65 18.2
455.40 51.8
456.49 243.9
457.41 145.8
458.26 15.9
458.97 35.1
459.82 63.3
460.69 110.4
461.51 19.3
463.18 117.2
464.44 38.7
465.65 456.2
466.34 289.9
466.97 46.2
468.86 1.3
471.43 5.2
476.92 1.7
480.22 8.4
483.31 3.4
484.34 1.3
485.43 5.6
489.31 7.1
490.32 33.6
491.68 7.9
493.00 9.0
494.25 11.0
495.34 9.0
496.11 1.3
497.77 21.7
498.49 2.0
499.46 7.7
500.46 11.8
501.37 1.9
504.31 27.6
505.25 3.2
506.51 2.0
507.47 3.4
509.12 3.2
509.74 6.0
510.38 4.9
511.27 10.2
512.42 29.2
513.63 18.0
514.49 6.9
515.54 1.5
516.34 2.4
517.70 6.3
518.67 3.6
519.37 1.5
520.92 23.1
521.99 2271.7
522.97 91.1
524.35 7.6
525.51 1.9
526.39 1.6
527.41 5.6
528.62 4.8
530.29 2.7
531.24 6.5
532.36 3.5
533.20 2.7
534.50 2.2
537.37 26.4
538.55 16.2
539.26 6.2
541.74 11.3
543.31 31.9
544.04 1.5
545.71 5.9
546.46 24.9
548.35 5.3
551.34 3.5
552.78 7.6
553.93 4.8
554.60 5.5
556.43 9.2
557.66 1.5
559.94 13.0
561.03 38.4
563.38 20.6
564.09 7.9
564.77 32.7
565.60 22.2
566.72 41.3
567.48 18.4
568.26 2.4
569.54 78.7
570.32 6.8
571.52 41.9
572.38 15.7
573.34 7.7
574.20 15.3
575.47 8.8
578.60 3130.3
579.87 2.0
580.73 3.1
581.58 37.8
582.36 5.7
583.31 136.1
584.24 29.4
585.71 1.9
586.40 4.6
588.16 31.8
589.13 18.2
590.01 40.3
591.06 25.5
593.17 38.9
594.09 20.6
594.70 2.1
596.24 17.9
597.41 13.8
598.34 1.3
599.42 24.1
600.58 21.3
601.74 17.3
603.37 30.1
604.68 30.3
605.66 5.7
606.65 3.6
609.04 16.2
610.27 28.9
611.23 5.8
612.40 9.7
613.35 13.3
614.39 2.1
616.06 14.8
617.19 28.6
618.04 20.7
618.79 73.9
619.61 61.8
620.80 12.3
621.66 28.3
622.44 24.3
623.85 13.2
624.90 33.7
625.59 10.8
628.10 3334.1
628.98 215.1
629.83 11.9
631.25 12.5
631.95 16.6
633.01 35.7
634.02 31.8
634.90 9.8
635.92 4.5
636.92 9.4
638.23 6.4
639.56 9.8
641.10 45.7
642.06 29.2
645.00 6.1
646.19 96.2
647.12 12.4
648.06 6.4
649.27 5.2
650.09 3.8
651.67 8.0
652.59 8.8
653.49 10.6
654.56 21.4
655.58 66.2
656.56 16.3
657.21 2.7
658.91 2.0
659.67 5.4
660.35 8.3
661.38 2.4
662.51 25.9
663.65 9.4
664.44 1.0
665.64 6.9
666.31 6.2
667.42 18.2
668.18 6.1
670.30 7.6
671.18 1.2
673.46 16.7
674.42 7.9
676.58 284.8
677.47 22.3
678.44 57.4
679.28 17.3
680.46 10.1
682.26 3.4
685.38 18.9
686.29 16.1
688.51 9.7
689.49 3.4
690.56 3.2
691.36 9.3
692.49 5.2
693.35 7.1
694.42 6.8
695.48 1.3
696.31 5.1
697.45 1.9
699.16 1.5
700.13 5.9
702.80 4.4
704.30 4.4
705.55 6.4
706.41 2.5
707.30 1.6
710.20 4.7
715.40 4.9
716.08 2.9
716.83 5.9
718.36 87.9
719.43 36.7
720.55 3.5
722.38 7.0
723.38 4.3
725.51 3.5
727.39 8.2
729.54 2.6
730.35 1.5
734.53 3.2
735.30 2.9
735.98 4.3
737.64 6.5
739.30 2.1
740.31 1.3
744.89 3.4
746.80 4.2
747.83 6.9
749.50 11.4
750.46 1.1
753.31 4.5
755.36 3.5
756.65 9.6
760.26 3.2
763.23 23.3
765.03 4.1
766.62 1.8
767.59 1.1
771.68 1.1
772.66 13.5
773.49 30.0
774.54 7.8
775.57 6.5
776.42 1.5
777.73 11.0
779.70 8.3
781.30 12.1
786.40 5.3
787.48 6.5
791.37 20.3
792.55 12.5
793.73 11.2
794.51 3.6
795.51 1.7
799.18 9.6
800.20 2.7
801.54 7.8
802.47 1.3
803.27 1.1
804.20 2.5
806.55 1.7
808.40 2.2
810.55 2.2
814.22 3.0
815.45 4.1
816.33 6.2
817.46 8.8
818.33 3.4
822.24 13.7
826.28 1.1
827.16 1.2
831.76 2.9
832.50 2.5
833.98 6.1
840.54 7.7
841.67 2.3
842.49 7.0
844.25 2.6
846.10 7.1
847.67 3.6
848.91 5.9
851.60 6.5
852.29 6.1
860.53 1.3
861.28 4.5
868.61 2.9
869.45 3.5
870.08 4.5
879.19 10.0
886.43 10.8
887.25 7.7
897.45 5.7
898.70 2.1
909.51 6.2
916.60 6.3
925.50 7.1
927.81 3.7
928.73 4.0
948.06 1.4
973.56 3.0
981.61 14.6
982.49 1.0
983.67 1.5
999.35 7.2
1000.42 5.1
1007.56 2.0
1025.62 1.9
1042.58 2.3
1043.53 1.3
1050.52 2.3
1064.72 1.2
1080.38 9.4
1081.72 10.7
1082.40 4.0
1100.72 3.8
1141.57 1.5
1157.42 1.2
