2231.19805 2
310.05 3.9
313.15 13.1
320.94 3.3
324.02 3.4
326.10 3.9
326.90 4.7
328.31 7.5
335.22 3.3
340.36 5.1
341.29 10.3
342.30 22.6
343.32 86.5
344.07 6.7
345.15 13.7
354.14 2.8
358.23 20.5
359.33 13.8
360.48 9.8
363.24 19.6
365.35 2.7
366.42 5.3
367.23 7.4
369.49 3.1
372.93 8.5
374.03 17.3
375.13 10.2
376.27 10.2
377.21 198.4
378.30 53.7
381.26 24.8
382.83 14.9
383.67 26.7
384.63 6.5
387.58 7.1
395.36 11.4
396.30 20.2
398.52 5.2
399.18 8.2
401.15 5.6
406.39 10.0
408.47 27.3
409.46 5.3
411.24 20.5
413.14 35.7
414.39 5.2
417.30 5.8
418.14 8.5
420.26 9.4
421.25 6.1
422.95 3.8
424.34 3.4
425.05 14.6
426.19 14.5
427.00 6.2
428.12 30.5
429.29 34.6
430.44 12.8
434.09 4.1
437.25 4.4
438.30 4.3
440.24 5.6
441.15 37.8
442.43 11.0
443.30 35.3
443.92 15.6
444.53 16.8
446.44 7.9
447.35 20.8
452.09 23.6
453.06 21.9
455.33 15.5
456.64 21.4
458.01 5.7
458.62 8.9
459.49 13.7
460.49 21.4
462.18 19.8
463.21 10.5
467.07 5.7
468.21 5.0
469.41 26.4
470.36 15.8
471.25 10.9
472.23 8.5
473.48 9.8
474.42 14.5
476.35 8.1
477.75 35.9
478.47 34.4
479.20 21.7
480.32 11.6
481.46 12.9
482.42 4.0
485.39 13.9
490.36 35.8
491.47 18.9
494.19 18.4
494.99 14.1
496.19 30.4
497.51 38.6
498.38 24.9
499.44 7.5
501.23 7.1
502.37 4.1
505.47 23.8
506.20 11.4
507.54 3.5
508.87 3.8
509.48 12.8
510.38 11.3
511.36 13.3
512.77 22.2
513.70 23.0
514.42 36.2
515.29 13.4
517.93 11.3
520.34 3.9
521.49 3.5
522.36 7.8
523.35 33.6
524.28 60.1
525.28 16.8
526.23 9.2
527.11 16.7
528.55 3.5
529.34 4.4
530.19 4.7
531.19 14.4
533.49 4.3
538.27 15.7
539.45 40.2
540.21 18.6
541.44 104.4
542.42 67.1
543.31 38.2
546.34 20.6
547.49 9.1
549.44 4.9
550.36 6.6
551.76 11.1
552.44 14.2
553.97 67.3
554.68 2.8
555.36 10.2
556.38 60.9
557.44 7.8
558.61 11.7
559.43 80.8
560.34 17.7
561.74 10.5
565.21 14.2
566.43 23.0
567.34 27.3
568.54 9.4
570.16 42.2
571.12 18.2
572.05 21.8
573.17 4.6
574.39 37.8
575.14 5.3
579.93 7.3
581.36 3.5
583.54 15.0
585.37 16.8
586.69 21.5
587.60 5.7
588.33 7.8
589.37 15.9
590.19 25.4
591.37 92.7
592.32 55.9
594.49 8.8
597.18 17.5
599.43 28.7
600.36 29.8
601.69 110.7
602.62 25.8
603.37 13.9
608.97 37.3
609.67 21.6
610.36 23.4
611.23 14.1
612.46 8.7
615.57 32.7
617.62 13.4
619.77 13.6
620.54 9.0
624.63 7.9
625.43 20.1
627.46 242.3
628.36 44.5
629.37 13.6
634.78 14.7
635.44 3.8
636.38 35.6
637.27 52.7
638.15 28.7
639.43 26.6
640.77 32.6
642.41 9.6
644.09 6.1
645.15 21.1
649.82 43.3
651.08 14.5
651.82 21.1
653.15 48.6
654.16 51.0
655.30 116.2
656.27 27.4
657.36 19.3
658.47 18.2
659.33 18.2
660.91 3.5
662.49 29.2
663.59 22.6
664.42 9.3
667.42 12.1
668.26 13.3
669.32 39.8
670.43 66.3
671.49 40.6
672.33 81.9
673.26 14.2
674.48 3.7
675.56 4.9
677.50 3.5
679.51 23.1
681.49 20.3
682.52 19.0
683.44 17.7
684.82 71.7
686.14 71.4
687.47 8.6
688.52 6.3
689.69 14.1
690.40 24.4
691.29 7.9
692.48 6.5
693.30 8.2
694.96 20.2
695.65 14.9
696.66 19.2
697.68 9.4
698.36 3.1
699.59 34.0
700.49 23.0
701.55 15.3
702.51 17.3
703.44 28.0
706.08 13.8
707.49 7.1
709.76 13.0
710.54 15.2
712.54 18.1
713.37 31.0
714.77 183.7
715.43 120.3
716.16 26.8
716.82 3.4
718.08 4.0
720.12 15.3
721.58 8.8
722.39 14.1
723.34 45.1
724.30 22.1
725.66 23.6
726.78 3.5
727.66 2.9
728.66 7.3
731.38 4.1
732.69 13.9
733.69 3.5
734.38 12.8
735.31 15.3
737.14 11.1
739.24 18.8
740.56 148.5
741.51 120.6
742.38 117.1
743.43 12.3
745.00 7.2
746.25 9.5
747.22 12.4
748.47 3.5
749.63 5.2
750.40 85.2
751.48 17.6
752.37 17.1
754.25 22.1
755.26 2.7
757.45 21.1
758.71 188.0
759.46 711.8
760.43 107.9
761.48 7.7
762.97 18.2
765.29 14.9
766.07 20.9
767.37 113.9
768.44 159.1
769.54 35.2
770.50 20.1
771.54 44.7
772.28 19.0
775.14 28.8
776.53 2.9
777.35 13.1
778.55 10.4
779.26 9.2
780.35 168.5
781.11 163.0
782.67 18.3
783.39 29.5
784.44 9.7
785.45 118.6
786.32 69.8
787.88 23.7
789.04 4.9
790.54 23.2
792.24 9.3
793.33 14.6
794.36 14.7
796.43 8.2
797.45 16.0
798.37 23.9
799.54 19.6
800.39 6.5
801.38 21.5
802.56 16.5
803.49 29.5
804.57 22.4
805.37 18.6
807.66 4.2
808.62 15.4
809.51 29.9
810.43 15.7
811.64 24.8
812.50 6.3
813.73 25.1
815.06 34.6
815.98 8.1
816.73 19.2
817.46 4.8
818.10 4.1
818.83 17.9
820.35 12.8
821.41 28.4
822.10 46.9
822.74 12.5
823.58 30.8
824.60 5.4
825.91 29.4
826.72 14.4
827.95 351.6
828.76 219.4
829.88 27.9
830.72 9.5
831.57 3.7
835.50 15.0
837.18 2415.6
838.12 282.9
839.81 7.8
841.11 17.6
842.41 23.8
843.27 83.9
844.45 19.0
845.58 206.8
846.54 688.8
847.56 95.0
848.54 16.3
849.49 5.1
850.19 7.3
851.64 3.9
853.12 63.1
854.15 12.8
855.53 33.4
856.58 104.9
857.49 38.2
858.50 13.3
859.46 5.6
862.75 17.5
863.41 12.0
865.14 9.5
866.42 20.7
867.17 5.1
871.11 59.6
871.76 21.6
873.24 7.5
874.63 14.0
876.76 36.5
878.33 42.4
879.30 4.0
880.44 41.9
881.41 128.9
882.47 42.9
883.33 7.8
884.63 3.9
885.59 26.8
886.33 31.5
887.40 45.2
888.39 8.4
889.77 7.4
890.45 11.3
892.68 26.7
894.06 176.4
894.82 317.0
896.58 93.3
897.46 68.8
898.51 173.7
899.51 95.2
900.51 49.7
901.53 3.7
902.39 10.0
903.53 6.6
904.62 15.4
905.53 3.5
906.56 6.4
910.39 5.3
912.80 7.2
913.72 17.5
914.52 80.3
915.51 213.7
916.42 149.2
917.53 49.3
918.51 36.0
920.32 19.6
921.42 12.1
922.80 28.9
923.72 36.0
924.54 27.0
925.80 6.2
928.58 43.2
929.56 28.6
932.75 426.7
933.55 1336.4
934.53 380.8
935.51 57.7
936.21 10.9
938.40 28.2
939.41 14.3
940.60 68.7
941.55 509.1
942.82 673.7
943.85 137.6
949.61 11.6
951.53 1484.9
952.22 1320.5
953.60 40.1
954.83 31.9
956.93 32.0
963.67 10.9
965.68 3.0
967.88 13.7
968.59 13.7
969.58 99.7
970.67 53.4
971.73 17.4
972.63 13.8
973.57 5.4
975.11 13.0
976.54 13.0
977.74 15.1
980.22 9.6
981.27 20.5
982.40 24.2
983.58 21.5
984.62 29.3
985.67 23.3
987.47 16.1
988.56 9.0
989.73 37.2
990.62 26.9
991.98 40.5
992.67 20.3
993.70 19.8
994.50 41.2
995.44 6.6
997.51 11.2
998.49 31.1
1000.37 110.3
1001.16 78.7
1001.92 6.1
1002.68 21.6
1004.85 11.6
1005.55 3.5
1006.91 46.4
1009.40 502.0
1010.47 114.4
1011.52 127.7
1012.34 94.0
1013.08 21.0
1014.76 22.6
1016.95 18.1
1017.61 12.9
1018.71 7.1
1019.34 21.1
1020.25 34.3
1020.87 5.0
1023.52 18.3
1024.89 13.6
1025.52 3.2
1026.70 20.0
1027.66 52.8
1028.62 125.4
1029.59 172.9
1030.62 26.7
1031.71 19.5
1032.63 3.1
1034.93 3.2
1035.71 4.8
1036.55 6.5
1037.52 16.6
1038.76 19.7
1039.52 10.9
1041.51 7.0
1042.48 3.0
1044.86 68.2
1045.87 386.6
1046.63 1218.1
1047.59 461.7
1048.64 50.7
1050.02 8.4
1050.70 7.3
1051.48 9.5
1052.48 10.9
1053.24 15.4
1054.11 27.9
1054.73 202.3
1055.75 99.1
1056.76 78.1
1057.69 34.7
1058.77 20.3
1059.58 3.8
1060.84 15.8
1062.06 12.0
1062.78 21.1
1064.53 7.7
1065.98 48.9
1066.62 48.4
1067.88 41.6
1068.76 5.4
1070.35 20.7
1071.28 32.2
1071.98 48.5
1072.77 99.2
1073.87 40.2
1075.24 100.5
1076.21 95.0
1077.15 47.5
1077.87 3.8
1079.04 20.5
1079.96 8.1
1081.64 106.0
1083.14 18.7
1085.13 204.1
1085.96 249.0
1086.90 9.6
1089.16 134.0
1090.16 137.5
1090.77 8.3
1092.37 107.5
1094.06 726.7
1094.92 822.5
1096.61 15.4
1098.02 249.3
1098.71 666.8
1099.78 98.9
1101.12 122.5
1101.97 27.0
1119.05 3.2
1121.69 3.3
1124.55 4.1
1125.58 24.6
1126.58 27.5
1127.36 4.7
1132.66 5.3
1134.73 5.8
1139.69 13.9
1140.73 36.8
1141.59 37.0
1142.79 35.6
1143.83 21.2
1144.77 2.7
1145.80 18.3
1147.70 4.8
1149.89 6.3
1150.70 5.0
1151.45 5.3
1152.31 8.3
1154.03 19.9
1155.59 10.7
1157.62 114.6
1158.69 62.7
1159.80 27.7
1161.55 14.3
1162.46 11.3
1166.13 13.9
1167.73 285.9
1168.76 188.9
1169.73 10.3
1171.04 47.5
1172.84 17.6
1173.99 5.0
1175.65 6.5
1176.63 6.5
1183.66 24.2
1184.93 339.1
1185.75 1738.5
1186.68 869.4
1187.75 258.7
1188.92 2.7
1191.22 10.5
1194.49 5.7
1195.47 8.9
1196.55 9.8
1198.76 19.8
1201.96 471.7
1202.80 1431.4
1203.77 506.8
1204.77 85.2
1206.91 3.7
1209.14 5.4
1209.95 12.8
1211.79 38.1
1212.78 15.1
1213.97 8.1
1215.66 13.6
1218.58 3.7
1222.54 14.3
1224.13 12.4
1226.06 4.3
1227.70 18.7
1228.69 5.1
1231.35 4.4
1235.73 5.7
1236.61 13.0
1238.88 25.0
1239.83 10.5
1240.86 11.7
1242.04 9.6
1242.65 13.0
1244.00 19.2
1244.80 6.3
1249.55 14.2
1250.33 5.7
1251.54 12.6
1254.15 59.0
1255.09 52.1
1255.90 7.5
1256.78 21.3
1257.73 5.6
1259.67 27.6
1260.97 11.4
1263.26 11.5
1267.84 4.5
1268.75 9.3
1270.76 69.0
1271.75 42.2
1272.87 16.0
1273.97 6.4
1274.82 9.4
1278.83 11.1
1280.47 100.7
1281.78 101.9
1282.89 18.1
1283.80 8.8
1285.94 13.3
1287.48 9.1
1288.78 9.8
1293.96 8.4
1294.68 4.6
1296.80 79.7
1298.17 422.7
1298.84 1087.4
1299.75 848.6
1300.83 210.8
1301.93 20.0
1307.99 3.3
1312.98 22.8
1313.92 10.8
1315.08 203.5
1315.86 541.2
1316.80 293.4
1317.87 90.4
1318.79 22.3
1319.69 14.3
1321.67 4.1
1322.62 2.7
1324.77 4.7
1325.65 42.5
1326.31 6.8
1327.47 15.6
1329.85 18.9
1330.58 8.0
1332.93 6.7
1335.86 2.8
1338.26 22.0
1339.67 32.0
1340.74 24.1
1342.61 15.5
1343.56 22.7
1344.59 7.8
1346.54 3.3
1348.69 16.2
1349.75 5.7
1350.78 15.2
1352.84 15.1
1356.01 63.1
1357.00 27.1
1357.88 11.4
1358.69 11.3
1359.80 13.3
1364.28 2.8
1367.76 280.0
1368.86 213.0
1369.64 47.8
1370.49 19.5
1372.21 4.0
1375.12 6.0
1376.71 29.0
1381.13 9.8
1382.97 7.3
1384.55 27.2
1385.87 471.3
1386.85 266.6
1387.83 85.0
1389.27 4.5
1390.33 8.8
1392.49 4.8
1393.82 19.0
1394.82 7.7
1396.11 25.8
1399.34 22.4
1400.35 6.0
1403.31 4.1
1403.95 7.0
1404.80 52.4
1406.65 31.0
1410.81 74.2
1411.87 496.6
1412.95 218.7
1413.89 42.8
1420.51 35.6
1422.05 11.6
1422.76 6.9
1424.75 43.7
1425.65 34.4
1428.06 105.4
1428.98 468.5
1429.96 248.5
1430.75 41.9
1431.40 14.1
1432.12 18.1
1436.84 265.8
1437.89 147.1
1438.90 49.9
1441.91 8.8
1443.03 17.1
1443.69 9.6
1444.85 16.2
1445.74 16.0
1447.08 4.6
1454.87 401.6
1455.82 363.0
1456.81 112.0
1457.89 5.7
1461.19 8.7
1466.85 17.0
1471.23 17.0
1472.92 295.9
1473.95 94.3
1474.85 12.1
1481.05 7.7
1483.63 14.0
1488.04 4.2
1490.58 5.2
1492.04 14.3
1493.23 12.8
1497.89 4.4
1499.42 12.0
1500.20 9.1
1501.04 14.0
1504.43 2.9
1507.93 14.6
1508.89 26.3
1509.79 11.4
1512.29 8.7
1516.05 8.2
1516.86 17.9
1523.07 3.0
1524.12 2.7
1525.90 39.5
1526.75 74.0
1528.10 69.4
1529.14 4.9
1530.16 11.7
1534.87 3.5
1536.85 4.3
1541.29 5.8
1542.18 12.4
1542.89 45.4
1543.78 27.6
1544.70 4.9
1545.42 12.2
1548.72 4.0
1550.14 4.7
1551.67 6.7
1552.57 15.5
1553.96 7.3
1554.77 3.0
1559.87 361.3
1561.18 133.3
1562.16 23.7
1563.88 10.3
1566.88 3.5
1567.76 8.7
1569.82 10.8
1571.23 23.7
1572.06 4.8
1580.08 9.8
1582.00 5.6
1587.29 10.0
1596.02 4.6
1597.29 21.5
1599.45 24.0
1600.48 25.7
1604.73 4.1
1606.02 12.4
1606.86 10.2
1613.06 15.1
1614.13 4.4
1623.00 34.7
1624.02 10.3
1625.37 3.9
1627.89 6.3
1640.93 487.1
1642.00 400.7
1643.07 90.7
1651.97 3.5
1655.02 5.4
1656.22 8.1
1659.80 10.2
1661.27 4.3
1663.99 19.9
1666.89 6.4
1669.02 8.5
1672.96 66.1
1674.06 57.3
1675.04 19.4
1679.89 6.5
1682.78 7.5
1694.85 18.1
1698.07 41.2
1699.44 8.4
1703.69 9.8
1706.66 3.9
1707.71 7.7
1713.92 3.1
1714.57 3.7
1716.28 12.3
1718.12 13.9
1720.96 7.5
1724.09 39.4
1724.91 76.7
1726.23 25.3
1727.97 15.1
1729.26 4.7
1734.96 3.2
1737.52 21.5
1738.76 12.7
1739.83 17.4
1741.76 32.6
1742.94 27.3
1744.23 22.9
1747.37 28.0
1756.00 63.0
1757.07 71.3
1765.02 12.5
1770.10 6.7
1783.77 5.9
1787.56 4.5
1789.17 28.9
1792.16 5.5
1793.91 15.0
1800.04 2.8
1803.40 3.9
1806.93 3.1
1809.04 16.1
1811.11 50.1
1812.13 46.7
1815.16 9.0
1820.03 14.5
1826.94 13.0
1828.02 43.3
1829.33 17.6
1837.23 202.1
1838.28 81.1
1839.10 81.8
1855.08 275.0
1856.03 256.8
1857.00 167.9
1859.23 2.6
1864.81 5.9
1866.03 6.1
1869.06 8.1
1873.01 72.7
1873.99 46.0
1879.46 3.1
1881.07 27.3
1883.04 13.7
1887.84 9.7
1891.27 12.4
1891.87 3.5
1892.71 17.8
1899.21 3.9
1900.24 4.9
1909.24 11.8
1910.08 3.6
1915.70 13.3
1916.32 5.5
1918.13 3.1
1926.12 170.1
1927.15 137.8
1927.91 55.5
1928.55 4.1
1934.26 41.8
1935.13 57.5
1936.46 14.6
1937.36 26.1
1939.81 9.3
1941.29 16.4
1943.19 5.6
1952.14 297.6
1953.07 448.0
1954.15 324.6
1955.00 20.7
1970.14 4255.1
1971.18 3851.3
1972.19 1672.9
1977.21 5.6
1986.04 4.9
1989.25 12.2
1995.07 7.4
1999.95 6.1
