1441.72466 2
225.14 2.0
228.28 1.9
235.22 4.0
241.45 1.7
245.06 1.6
261.22 2.1
262.92 4.4
268.40 2.7
275.11 2.4
277.17 2.9
283.28 1.9
284.19 1.3
288.92 2.2
290.50 3.9
291.37 3.4
297.35 14.6
301.22 3.6
303.50 3.7
314.27 3.6
331.27 2.4
334.24 4.1
335.39 2.0
342.21 5.4
344.18 1.5
351.39 4.5
355.19 3.2
362.51 5.7
371.13 2.5
374.33 4.2
375.90 1.8
377.20 3.2
382.21 1.7
383.07 1.3
397.45 1.9
399.25 2.9
400.32 1.8
404.33 9.2
405.12 2.5
406.95 5.4
413.28 1.1
414.32 11.6
417.31 4.6
418.39 2.0
425.37 1.5
427.09 8.6
428.33 1.2
431.28 1.8
437.46 1.1
439.32 3.3
444.80 1.4
445.55 1.7
447.16 5.7
448.42 5.3
449.61 2.2
451.11 3.1
455.27 2.0
459.06 1.2
464.36 1.5
467.45 1.2
468.43 1.2
470.69 5.4
471.71 1.5
472.62 8.2
474.19 1.3
479.25 1.4
484.46 6.2
487.36 6.9
489.97 3.7
494.65 1.6
496.28 1.9
497.27 1.1
506.46 2.9
507.24 2.7
511.08 10.6
511.70 1.7
513.59 9.3
516.40 3.8
517.55 8.1
518.39 6.2
520.33 3.4
523.30 1.4
525.48 2.1
526.13 2.2
527.16 1.1
529.32 7.3
532.69 3.4
533.63 6.3
535.39 5.7
537.34 2.2
540.80 5.5
544.00 2.5
546.55 7.0
553.30 1.4
555.59 6.4
558.42 4.1
561.31 3.5
563.14 19.5
563.76 3.6
568.13 2.6
569.06 8.1
569.94 20.8
570.75 3.2
574.14 2.0
576.37 6.4
577.40 11.0
578.76 2.0
581.84 3.0
582.47 1.5
583.57 3.8
585.12 28.1
589.34 4.5
590.41 28.1
591.09 24.3
592.35 2.8
594.47 10.5
597.67 1.0
599.92 2.2
601.46 4.2
604.44 7.0
605.23 5.7
606.24 2.5
607.28 37.3
608.19 4.2
611.61 10.3
613.30 5.0
616.06 6.7
617.93 4.5
618.63 3.3
620.56 17.5
621.43 2.0
622.88 12.0
624.98 35.5
626.12 5.9
626.75 3.6
631.29 1.4
632.28 2.7
633.64 1.4
635.96 1.2
637.47 4.9
639.22 25.9
641.30 4.3
641.95 18.3
642.78 2.8
643.76 3.3
645.56 3.8
646.98 46.0
647.91 3.8
651.42 4.8
652.14 10.8
652.90 24.5
655.10 8.7
655.95 23.7
657.08 5.8
658.49 29.4
659.42 31.6
665.08 9.5
666.73 14.0
668.29 6.8
669.17 14.7
670.00 7.8
671.31 66.4
672.18 5.8
674.42 13.3
675.30 1.7
676.37 5.7
677.36 6.4
685.23 13.6
686.47 125.4
687.45 35.7
688.52 9.0
690.48 9.2
691.60 5.7
692.55 2.1
693.45 1.4
696.90 3.4
699.21 21.5
700.13 11.3
700.74 6.2
703.27 58.4
704.45 76.5
705.22 2.7
706.94 5.0
708.68 15.6
710.10 6.3
712.08 24.8
712.70 8.9
729.56 28.8
730.65 5.6
732.78 3.1
738.53 123.2
739.47 33.4
740.47 3.4
748.45 7.0
749.41 2.4
750.45 10.7
751.39 5.1
767.39 41.0
770.53 2.0
780.55 3.1
782.92 2.8
787.41 3.0
788.57 4.4
789.64 3.4
790.59 1.6
796.21 5.0
800.39 2.5
804.42 13.5
813.03 3.8
821.04 2.6
823.13 2.2
824.73 1.3
825.55 4.5
826.40 3.8
836.60 4.4
839.02 3.0
844.69 8.8
850.46 3.9
851.74 6.2
854.63 3.0
857.00 3.5
863.50 18.1
870.54 2.1
872.58 2.1
875.09 4.3
879.77 43.7
880.65 37.1
882.39 3.1
890.00 2.1
891.59 8.7
897.25 3.9
900.79 2.3
901.74 6.4
903.43 3.4
909.51 4.4
910.24 8.4
913.47 6.1
917.94 9.0
922.74 4.2
927.84 6.9
932.63 1.6
933.45 4.3
934.67 1.9
936.30 84.0
937.17 6.3
945.42 7.2
950.45 3.9
953.33 5.5
958.75 2.4
967.84 1.6
968.77 2.3
969.46 3.7
972.93 9.1
974.04 5.0
976.16 6.6
977.69 4.1
982.47 1.7
986.74 13.5
1005.65 3.7
1014.99 18.4
1015.96 18.3
1017.70 1.3
1024.91 9.0
1026.70 2.4
1033.31 6.3
1035.43 1.2
1040.53 3.3
1044.76 1.7
1048.87 8.0
1055.54 16.0
1060.58 1.4
1062.49 4.0
1066.42 12.7
1069.59 3.6
1074.30 3.6
1076.52 1.2
1081.62 4.8
1082.47 1.8
1097.83 2.8
1111.65 3.1
1116.43 3.7
1124.33 1.6
1128.78 8.4
1131.55 2.4
1133.72 1.9
1146.24 7.4
1150.64 1.2
1151.62 2.6
1159.76 1.5
1162.43 2.6
1163.67 8.3
1168.69 37.3
1180.68 14.2
1199.79 6.3
1217.68 5.4
1222.60 2.7
1228.84 1.2
1231.13 3.2
1231.74 1.5
1239.49 27.5
1240.15 4.4
1248.89 1.7
1270.67 2.7
1282.90 1.5
1286.69 1.6
1290.75 5.7
1309.13 1.3
1310.72 10.5
1335.99 2.4
1404.93 1.2
