2550.22098 3
237.33 1.7
243.17 3.2
247.33 4.3
249.43 2.1
251.11 1.9
252.29 1.3
253.29 1.3
255.55 2.1
257.51 7.0
258.28 4.5
259.02 1.6
261.15 5.4
263.25 3.7
266.03 2.9
266.98 1.6
268.28 1.2
269.15 1.4
271.31 2.1
274.29 1.4
276.19 6.6
277.07 2.9
278.25 4.9
279.28 4.1
280.34 3.0
282.26 6.8
283.12 4.2
284.32 1.4
285.37 11.4
286.28 16.0
289.40 1.3
290.40 5.1
292.13 9.4
294.15 6.8
295.12 2.7
296.09 5.1
297.28 10.4
298.26 20.7
299.18 4.0
300.73 10.1
303.18 6.8
305.32 2.0
306.46 5.0
307.36 3.5
308.06 10.4
309.11 3.8
310.16 4.8
310.85 4.8
311.46 5.1
312.33 3.1
313.26 1.4
315.07 2.9
316.29 3.0
318.45 1.3
320.43 1.6
321.47 1.9
323.22 14.1
324.14 12.0
325.10 24.9
326.43 6.5
328.44 9.5
329.32 2.4
330.31 2.9
331.36 11.6
332.28 2.6
333.30 2.2
334.35 5.6
335.26 3.5
336.36 9.8
337.13 1.4
338.25 17.9
339.30 17.3
340.53 8.0
341.31 14.7
342.33 4.5
343.21 10.8
344.15 1.3
345.33 1.1
348.05 5.8
349.28 8.6
350.67 11.2
351.39 29.4
352.68 3.3
353.37 7.0
354.44 12.9
355.80 6.5
356.97 9.3
359.24 2.3
359.90 4.9
361.09 1.6
362.20 5.7
363.43 2.2
364.21 1.7
365.39 1.7
366.39 4.6
367.39 49.3
369.19 65.3
370.45 10.0
371.54 8.7
372.28 22.7
373.43 10.4
374.31 3.1
375.95 1.2
380.24 6.0
381.29 23.4
383.40 5.9
385.22 138.5
386.25 19.5
387.33 3.9
388.24 8.8
389.38 10.2
390.31 3.0
391.35 6.6
392.45 34.3
393.24 2.0
394.17 7.9
395.16 7.8
396.38 4.4
397.39 8.3
398.20 19.4
399.30 4.8
400.39 8.6
402.07 10.4
403.51 3.0
404.40 5.6
405.29 2.1
406.58 8.4
407.36 25.9
408.18 8.2
410.12 11.9
411.24 3.9
412.51 6.0
413.31 2.2
414.28 5.7
415.45 1.5
417.29 1.3
418.11 3.3
419.39 11.6
420.31 12.4
421.39 6.1
423.10 3.6
424.17 14.3
425.27 5.9
426.20 12.3
427.15 8.6
428.34 11.9
429.34 11.2
430.19 5.8
431.93 8.4
432.60 1.2
434.47 1.5
436.26 2.8
438.22 41.9
439.37 11.9
441.29 135.8
442.17 8.2
444.28 7.7
445.23 5.7
446.49 2.5
447.42 1.2
448.50 4.7
449.56 2.9
450.88 6.9
452.31 4.9
453.60 7.2
454.40 6.4
455.18 8.5
456.22 25.5
457.37 8.8
458.19 10.0
459.52 1.5
460.44 4.7
461.44 8.7
463.57 4.9
464.58 8.1
465.52 17.1
466.30 32.3
467.35 18.5
468.27 24.7
469.46 5.4
470.33 7.7
471.27 6.8
472.11 4.3
473.26 4.8
474.38 6.8
475.50 14.7
476.52 13.1
477.39 13.3
478.85 13.9
480.37 19.6
481.50 9.3
482.92 12.5
484.33 206.8
485.31 44.1
486.40 7.8
487.36 8.5
488.35 39.6
489.25 11.9
490.38 1.2
491.28 2.6
492.15 1.2
493.28 9.2
495.68 17.6
497.11 51.6
498.34 47.9
499.62 27.0
500.91 17.9
501.57 14.3
502.45 4.5
504.68 23.3
505.54 4.9
506.49 2.6
507.63 10.6
508.38 6.5
509.50 1.8
510.32 16.2
511.26 13.1
513.26 35.8
514.02 28.0
515.43 13.5
516.31 113.1
517.38 33.9
518.29 5.2
519.35 19.2
520.30 23.3
521.31 5.7
522.56 4.7
523.78 30.5
524.43 1.9
525.31 9.4
526.39 13.1
527.36 24.7
528.27 13.3
529.49 1.7
531.42 20.1
532.33 12.2
533.48 30.0
534.42 10.9
535.34 12.3
537.29 23.5
538.43 20.1
540.40 13.8
542.08 78.4
543.06 23.3
544.10 3.1
545.95 22.4
546.97 22.7
548.06 5.9
549.35 8.4
551.19 9.0
552.33 20.2
553.37 8.1
554.43 12.9
555.29 58.5
556.75 21.7
557.57 5.1
559.22 22.6
560.31 17.7
561.41 37.4
562.89 9.5
564.67 19.2
565.42 34.2
566.34 15.2
567.38 25.7
568.57 13.9
569.36 18.8
570.33 70.5
571.16 26.8
572.65 11.4
573.36 13.7
574.27 5.9
575.36 12.9
576.17 23.9
577.65 17.7
578.48 17.3
579.60 34.6
580.38 13.7
581.72 2.2
582.87 38.1
583.48 154.5
584.53 43.6
585.41 25.3
586.72 26.7
587.58 16.5
588.37 12.3
589.31 32.0
591.17 21.8
592.47 30.5
593.78 31.9
594.63 28.4
595.83 31.1
596.80 21.0
597.73 36.7
598.81 11.0
599.77 8.1
600.54 29.3
601.40 13.6
602.44 22.0
603.48 36.8
605.08 210.9
606.28 27.0
607.07 8.3
608.38 13.8
609.25 6.6
611.38 64.5
612.23 35.7
613.70 84.3
614.47 92.7
615.49 8.8
616.29 5.0
617.25 16.4
618.19 9.4
620.00 22.3
620.74 14.1
621.56 29.7
622.43 19.8
623.65 26.2
625.03 20.7
625.64 3.6
627.31 20.3
628.37 8.9
629.33 10.8
630.28 7.1
631.28 8.4
632.51 38.1
633.41 24.2
634.48 35.2
635.53 23.5
636.36 5.7
638.52 25.0
639.64 62.7
640.79 13.8
641.52 28.7
642.30 11.2
643.27 39.2
644.10 16.5
645.78 18.2
646.44 31.0
647.53 40.2
648.48 20.3
649.28 11.9
651.09 101.1
652.32 56.7
653.17 30.7
654.11 28.2
655.27 61.7
656.54 138.9
657.40 65.0
658.52 27.0
659.71 7.0
661.34 223.1
661.98 151.0
662.75 24.0
663.55 19.1
664.45 151.6
665.42 49.5
666.34 15.3
667.37 12.8
668.34 39.8
669.26 78.9
670.59 402.1
671.74 44.3
672.49 10.2
673.69 2.3
674.63 30.1
675.51 45.3
676.41 93.2
677.37 38.9
678.39 32.9
679.33 19.7
680.44 13.2
681.51 16.7
682.28 16.6
683.72 33.6
684.48 89.9
685.38 4.8
686.32 39.3
687.40 44.2
688.25 7.9
689.72 51.3
690.93 25.0
691.85 6.7
693.05 19.9
693.72 1.6
694.78 49.3
695.69 22.3
696.89 22.6
697.70 14.8
698.36 40.0
699.37 38.8
700.29 39.5
701.36 33.6
702.29 25.8
703.64 93.1
704.57 46.4
705.29 39.9
706.02 15.1
707.04 14.8
708.17 19.4
708.90 53.8
709.80 79.4
711.00 38.3
712.77 121.0
713.63 149.3
714.62 43.5
716.00 21.0
717.18 73.0
717.87 174.8
718.66 185.6
719.73 38.7
721.09 40.7
722.21 16.9
723.18 49.6
724.44 52.2
725.90 77.9
726.90 719.4
727.63 553.3
728.72 28.4
729.84 13.7
730.74 33.2
731.71 19.8
732.31 6.0
733.15 22.1
734.27 56.9
735.26 28.6
735.93 41.7
736.70 30.1
737.64 54.9
738.47 16.7
739.63 49.4
740.57 91.6
741.61 13.2
742.95 32.2
743.55 29.6
744.79 44.0
746.15 50.6
747.37 19.1
748.67 32.1
749.34 74.0
750.07 106.5
751.68 83.1
752.69 19.9
753.73 14.3
754.87 40.8
756.15 56.1
757.22 20.9
758.05 50.8
759.47 84.2
760.46 40.1
761.55 50.6
762.76 50.0
763.91 51.2
764.62 30.2
765.69 66.8
766.34 35.1
767.12 46.5
768.31 87.0
769.49 312.8
770.50 109.2
771.40 31.7
773.74 234.4
774.38 169.8
775.34 208.1
776.19 136.6
776.93 175.3
777.95 63.2
778.57 43.7
779.43 64.5
780.46 40.9
781.69 33.0
782.39 279.4
783.21 241.7
784.20 666.9
785.25 202.0
786.59 53.8
787.51 32.1
788.40 51.9
789.72 36.2
791.25 32.9
792.54 138.3
793.49 77.7
794.14 32.7
795.02 43.1
795.97 18.6
796.89 102.0
797.53 111.2
798.26 31.5
799.25 61.3
800.30 39.1
800.96 101.1
801.90 55.6
803.07 215.7
803.89 27.6
804.60 71.3
805.80 96.3
806.81 166.0
807.68 58.1
809.69 104.9
810.62 108.7
811.68 34.5
812.58 23.9
813.47 12.7
814.46 31.2
815.07 34.1
815.73 424.2
816.52 104.3
817.74 53.8
818.76 148.4
819.84 80.9
820.96 66.7
821.86 54.2
823.51 59.1
824.45 61.8
825.25 36.6
826.48 25.7
827.37 157.8
828.19 263.2
829.43 83.9
830.28 77.1
831.02 93.5
832.43 162.1
833.49 724.4
834.56 151.4
835.89 271.0
836.83 76.5
837.55 46.2
838.52 73.6
839.43 649.9
841.81 13.2
851.53 5.0
856.44 3.9
857.68 2.7
859.02 5.3
861.66 6.3
862.44 16.7
865.02 21.5
865.79 9.3
867.08 9.7
868.90 33.0
869.87 11.6
870.95 4.9
872.45 25.8
873.58 40.8
874.29 86.0
874.97 16.0
876.40 26.2
877.70 20.8
878.62 21.8
879.76 22.1
880.57 77.4
881.52 27.3
882.69 171.8
883.47 87.6
884.08 15.2
885.18 8.2
886.99 19.9
887.63 14.0
888.86 14.0
890.00 1.7
891.40 200.4
892.01 203.8
892.71 119.1
893.56 2.2
895.09 16.9
896.83 20.8
897.73 82.3
898.52 23.7
899.59 33.8
900.67 5.1
901.61 3.3
903.47 1.9
904.70 32.1
905.68 34.5
907.03 19.8
908.42 8.9
909.73 51.6
910.73 26.2
911.84 23.2
912.85 18.9
913.64 11.2
914.62 10.1
918.24 19.7
919.21 58.6
919.95 3.6
920.87 7.5
921.82 17.1
922.91 17.5
923.84 18.4
925.01 49.2
926.37 51.7
927.62 35.4
928.50 11.1
929.40 7.8
931.09 17.8
931.89 16.2
932.73 48.6
933.81 25.9
934.78 8.7
935.92 14.0
936.94 15.2
937.75 38.7
938.80 47.1
939.68 10.2
940.60 48.5
941.69 17.8
943.10 49.6
944.03 9.5
944.75 23.5
945.66 4.5
946.65 13.6
947.40 14.2
948.49 11.7
949.18 11.6
950.88 19.3
951.56 9.6
952.24 2.3
952.85 39.2
953.82 59.8
954.98 15.4
955.72 14.8
956.91 32.2
957.74 42.2
959.00 46.0
960.05 13.5
961.82 93.9
962.79 69.4
963.54 47.1
964.43 2.2
965.60 11.0
966.74 94.8
967.70 141.4
968.69 62.9
969.97 105.1
970.79 77.5
971.72 25.9
972.69 2.1
973.70 7.5
975.41 76.6
976.39 257.4
977.82 35.5
978.71 6.4
980.07 41.2
980.68 26.2
981.85 16.0
982.62 8.5
983.34 10.2
984.77 675.2
985.57 145.7
986.51 34.5
988.24 34.8
989.14 9.8
990.00 3.7
990.76 20.5
992.03 10.4
992.66 7.7
993.89 9.4
995.41 14.4
996.88 50.1
998.21 54.3
999.71 24.8
1000.77 36.3
1001.65 55.6
1002.81 37.4
1003.55 11.4
1005.22 14.8
1006.20 26.1
1007.03 20.6
1008.11 16.2
1008.84 29.3
1009.74 68.4
1010.65 64.2
1011.82 76.4
1012.64 20.1
1013.93 37.1
1014.56 15.8
1015.39 10.0
1016.39 56.0
1017.10 81.4
1017.91 120.1
1018.54 127.8
1019.21 59.0
1020.39 79.9
1021.32 30.0
1022.62 15.1
1023.90 13.8
1025.35 253.7
1026.24 204.3
1027.73 13.6
1028.59 21.0
1029.45 26.6
1030.94 58.9
1032.19 38.2
1034.36 838.3
1035.19 147.1
1036.34 22.8
1037.85 75.1
1038.62 48.0
1039.62 7.9
1040.74 4.3
1042.57 24.8
1043.37 7.8
1044.66 29.0
1045.91 20.8
1046.90 67.5
1047.67 57.9
1048.62 14.0
1049.42 24.1
1050.29 16.6
1051.64 35.8
1052.50 51.8
1053.63 29.3
1054.82 31.2
1055.84 42.3
1056.63 35.2
1057.49 30.6
1058.70 31.5
1060.31 16.7
1061.48 40.7
1062.46 26.6
1063.88 16.5
1064.54 10.1
1065.79 100.1
1067.05 139.4
1068.33 45.6
1069.63 51.6
1070.52 36.9
1071.41 23.6
1072.53 62.5
1073.65 84.4
1074.87 192.5
1075.76 200.5
1076.59 64.2
1077.60 4.9
1079.42 25.0
1080.55 42.1
1081.49 64.8
1082.54 121.9
1083.81 889.1
1084.64 337.2
1085.30 90.2
1086.24 15.0
1087.36 11.6
1088.27 38.8
1089.27 23.7
1090.96 78.8
1091.92 424.7
1092.82 92.9
1093.79 10.2
1095.61 25.0
1096.38 21.0
1097.27 39.2
1098.55 414.6
1099.55 225.1
1100.76 56.7
1101.91 45.1
1102.72 19.2
1103.37 14.9
1104.16 21.3
1104.85 28.7
1105.90 29.8
1106.81 11.2
1107.91 11.4
1108.96 30.8
1109.99 69.6
1111.34 15.0
1112.43 20.3
1113.29 25.2
1114.63 24.9
1115.88 13.8
1116.68 25.3
1118.24 144.8
1118.96 118.2
1119.94 15.6
1120.79 12.7
1121.87 18.8
1122.96 36.5
1123.74 44.2
1124.62 64.3
1125.29 23.2
1126.16 45.9
1127.44 235.6
1128.39 58.1
1129.83 13.5
1130.66 19.0
1131.84 21.7
1132.63 17.5
1133.46 10.5
1134.26 10.0
1134.94 5.9
1135.87 56.1
1136.87 22.9
1137.88 15.2
1138.70 48.1
1139.47 24.4
1140.14 33.4
1140.75 38.1
1141.45 10.3
1142.36 1.8
1145.12 154.4
1146.14 62.4
1147.36 20.3
1148.83 69.9
1149.80 52.5
1150.65 3.1
1151.62 25.4
1152.47 14.3
1153.89 404.5
1154.91 248.7
1156.08 18.4
1157.02 10.9
1157.80 26.9
1158.85 11.4
1159.63 50.3
1160.59 43.4
1162.97 453.2
1163.83 147.2
1164.89 22.8
1165.90 37.7
1166.76 36.3
1168.03 37.6
1168.78 56.5
1169.49 13.5
1171.21 18.7
1171.90 29.0
1172.83 93.2
1173.71 67.3
1174.89 58.1
1175.80 42.5
1176.55 7.4
1177.82 13.8
1178.61 3.2
1179.93 74.1
1180.78 263.5
1181.56 63.7
1182.21 4.8
1183.31 22.2
1184.36 80.5
1185.32 51.8
1186.71 1.2
1188.39 88.5
1189.52 830.0
1190.41 443.2
1191.61 3.6
1193.45 27.9
1194.61 18.5
1195.66 28.1
1196.80 21.5
1198.42 2096.5
1199.34 875.3
1200.95 6.4
1201.57 3.0
1202.85 3.0
1203.75 10.9
1204.72 14.9
1207.21 15.0
1208.37 36.5
1209.56 41.5
1210.50 35.2
1211.10 6.8
1211.71 207.8
1212.72 73.7
1213.67 41.5
1217.83 3.1
1221.69 9.4
1222.91 8.9
1223.90 3.5
1224.82 5.8
1225.76 1.1
1226.74 3.1
1227.82 7.6
1230.59 5.3
1231.50 8.0
1232.65 7.1
1233.79 5.4
1235.83 5.1
1237.70 3.2
1242.68 1.2
1243.70 11.4
1244.76 2.6
1245.92 1.5
1247.63 6.4
1248.78 3.7
1249.47 2.0
1250.68 12.2
1252.68 12.5
1253.29 1.4
1254.58 4.8
1255.68 9.3
1256.53 1.3
1257.56 1.8
1258.69 1.4
1260.69 2.7
1261.75 12.2
1263.82 2.0
1264.89 1.5
1266.96 12.1
1267.89 17.8
1269.95 1.8
1271.38 1.8
1273.71 1.1
1276.51 1.1
1277.19 3.2
1278.58 26.5
1279.93 5.4
1281.03 6.6
1281.96 4.7
1283.12 1.0
1286.09 6.8
1286.75 2.8
1288.76 4.5
1289.65 8.3
1290.69 4.3
1293.72 1.6
1296.38 5.9
1297.61 14.3
1298.67 8.2
1299.68 3.3
1300.74 6.3
1303.68 7.9
1305.41 3.8
1306.60 12.4
1307.68 6.2
1308.69 6.2
1311.48 4.4
1312.78 1.3
1313.74 2.3
1317.83 9.9
1321.63 11.5
1322.72 6.8
1323.86 4.7
1324.72 26.7
1325.44 9.9
1326.04 43.2
1326.88 25.9
1330.09 2.9
1332.55 1.2
1334.50 2.9
1336.53 1.8
1337.76 8.0
1339.79 11.4
1340.93 16.6
1341.86 1.5
1343.44 1.7
1348.51 4.8
1349.81 1.5
1350.92 2.7
1353.33 6.1
1356.58 1.0
1357.61 6.5
1358.52 3.4
1360.42 4.8
1363.59 4.8
1365.02 2.8
1366.96 5.0
1368.47 3.2
1370.73 2.5
1371.58 4.3
1375.08 4.1
1376.52 4.6
1379.04 1.3
1379.78 9.2
1381.83 2.4
1382.92 8.9
1383.92 9.7
1384.82 4.8
1385.55 2.2
1392.61 27.1
1393.65 6.8
1395.34 16.9
1396.66 11.7
1399.69 3.3
1401.68 3.4
1405.73 3.1
1408.32 2.3
1411.86 42.3
1412.80 25.2
1413.89 19.9
1414.58 1.3
1416.46 1.3
1417.71 3.2
1419.66 1.5
1420.51 1.2
1421.67 1.8
1423.09 1.6
1425.73 2.1
1426.78 3.1
1427.88 4.4
1429.90 6.4
1434.22 1.5
1435.68 10.3
1436.67 7.3
1437.76 3.0
1439.64 3.6
1444.63 5.2
1448.45 1.7
1450.68 4.1
1451.54 3.8
1452.70 35.9
1453.82 48.9
1455.08 16.9
1456.31 4.8
1461.93 1.9
1463.18 4.1
1466.69 7.8
1468.85 20.3
1470.56 12.3
1472.48 2.6
1476.58 1.4
1477.94 2.8
1479.55 11.4
1480.35 11.0
1481.76 3.8
1482.85 2.0
1489.49 11.3
1496.96 1.0
1498.96 3.0
1504.05 3.5
1505.36 2.3
1507.79 13.3
1508.73 14.0
1509.75 2.8
1510.71 3.5
1511.61 4.0
1514.90 2.2
1517.55 1.7
1519.88 3.4
1522.07 2.7
1523.88 3.0
1524.86 2.4
1526.07 40.4
1526.98 43.4
1527.79 18.7
1528.94 2.3
1532.71 4.3
1533.78 2.2
1534.58 2.5
1537.04 16.3
1539.64 1.9
1544.68 2.7
1549.56 1.0
1551.29 12.5
1551.97 7.7
1553.04 11.4
1555.23 1.8
1556.07 3.6
1556.89 4.0
1561.05 5.9
1561.68 12.6
1562.92 1.4
1566.96 4.5
1568.16 10.7
1568.94 1.5
1571.89 1.2
1572.89 8.4
1578.73 9.8
1580.14 8.1
1582.02 2.3
1585.94 3.3
1587.64 1.2
1589.78 3.6
1591.04 6.2
1593.18 1.6
1594.26 6.2
1595.00 3.7
1595.81 1.5
1596.68 3.4
1599.56 5.9
1601.42 9.5
1602.75 1.6
1607.20 3.3
1608.47 1.3
1609.89 5.2
1613.86 1.9
1617.86 1.9
1618.75 4.6
1619.57 2.1
1622.91 3.8
1627.15 4.2
1628.08 2.7
1628.69 16.6
1630.84 2.1
1633.08 1.8
1635.08 1.5
1636.03 1.4
1636.90 1.3
1637.80 3.0
1645.85 5.7
1650.85 4.7
1652.03 4.7
1653.04 6.9
1654.12 10.5
1655.00 4.4
1655.61 3.5
1659.03 6.5
1661.00 4.0
1662.89 1.2
1663.88 2.5
1666.13 1.5
1666.77 7.1
1670.02 1.5
1672.19 2.3
1681.75 7.6
1682.43 3.9
1683.06 4.9
1693.06 2.7
1696.15 2.8
1697.05 4.3
1697.95 1.1
1698.82 10.6
1700.07 6.5
1700.78 2.6
1704.83 3.3
1706.47 1.4
1708.15 5.4
1709.87 1.8
1718.86 5.4
1723.82 1.5
1724.65 2.0
1725.74 4.0
1726.97 1.3
1727.81 1.2
1729.57 3.2
1731.61 3.7
1737.95 4.7
1743.28 2.0
1745.73 1.1
1747.70 5.9
1753.80 1.9
1755.94 2.4
1757.33 4.0
1758.49 5.0
1759.98 2.0
1760.67 1.2
1763.86 2.6
1764.99 3.5
1765.68 3.4
1767.07 4.9
1772.97 6.2
1775.96 2.3
1776.69 1.3
1777.84 2.1
1778.86 7.3
1780.98 4.1
1782.06 19.0
1782.95 5.0
1783.80 1.4
1785.01 2.5
1791.32 4.4
1792.87 2.2
1794.46 10.8
1795.17 1.5
1796.00 4.8
1796.79 6.4
1798.02 22.5
1799.19 5.4
1808.10 1.9
1809.25 3.6
1811.13 1.2
1813.15 7.6
1826.08 7.8
1828.12 4.8
1829.41 5.8
1830.02 2.0
1831.18 3.1
1833.83 7.4
1836.46 1.4
1839.06 2.1
1844.19 7.1
1845.83 2.7
1849.33 1.3
1851.64 1.2
1853.35 3.6
1856.07 1.2
1861.07 2.2
1861.92 4.1
1863.92 2.7
1864.65 1.4
1867.18 11.1
1873.81 2.6
1875.66 3.3
1876.85 3.5
1878.22 2.8
1879.49 5.9
1881.25 6.0
1882.00 7.7
1882.67 2.6
1883.66 5.1
1886.37 9.5
1893.12 5.4
1894.03 10.0
1894.80 1.6
1899.84 3.5
1902.55 1.2
1931.91 1.8
1937.53 4.3
1938.54 6.7
1940.48 10.1
1942.54 2.0
1951.51 3.8
1955.22 11.0
1956.35 20.4
1957.06 4.0
1959.29 4.1
1961.32 5.4
1964.13 4.0
1965.62 2.4
1968.09 3.7
1970.30 2.9
1974.82 2.4
1976.26 1.8
1988.18 11.6
1989.29 5.9
1990.47 3.9
1992.11 11.5
1993.02 29.8
1994.34 6.8
1996.89 3.4
