864.49388 2
125.19 12.0
126.31 7.9
128.13 26.3
130.22 9.0
131.13 3.0
132.16 8.3
133.12 10.7
136.06 2.1
138.22 4.9
140.31 5.5
143.22 138.5
144.26 3.3
145.86 1.3
148.14 2.2
151.18 7.1
152.16 1.3
153.32 3.8
155.47 8.9
156.20 9.6
157.05 2.9
158.10 9.6
159.02 18.5
160.22 3.3
161.91 8.2
164.10 1.9
165.09 2.2
166.08 4.7
167.26 1.8
168.98 1.4
170.01 1.9
171.16 400.7
172.34 6.9
173.13 146.4
174.24 27.1
175.16 65.5
176.08 6.8
177.23 8.0
179.22 31.0
180.19 6.0
182.52 4.7
183.33 5.2
184.33 4.7
185.13 13.6
186.10 2.0
187.12 2.6
189.86 1.0
192.14 6.2
193.15 3.6
194.18 4.2
195.05 9.4
195.97 5.0
197.09 12.5
198.27 1.1
199.27 32.5
201.11 221.8
202.16 68.5
203.18 1.3
205.00 2.3
207.32 4.3
209.07 21.3
210.22 4.9
211.08 60.0
212.33 4.3
213.20 31.6
215.20 1.1
216.22 12.2
217.22 4.9
218.26 2.0
219.26 4.1
220.24 2.9
222.19 2.8
223.24 8.7
224.37 5.4
225.18 5.8
226.15 4.7
227.22 41.4
228.22 3.0
230.19 192.2
231.13 5.5
232.08 1.2
233.32 1.9
234.15 2.3
235.13 12.3
236.23 2.9
237.25 5.7
239.21 263.7
240.26 18.4
241.20 18.7
242.11 9.3
243.26 6.4
244.22 10.5
245.13 4.1
246.28 9.2
247.14 7.7
248.25 15.0
250.24 9.7
251.16 3.4
252.10 2.0
253.09 3.7
254.17 20.9
255.19 19.4
256.12 10.9
257.98 15.4
259.67 3.9
261.06 4.8
262.34 11.4
263.09 3.3
263.94 7.7
266.19 8.1
267.08 5.3
268.17 7.5
269.24 4.4
270.30 2.8
271.23 11.0
272.19 37.9
273.38 8.1
274.01 2.9
275.33 7.2
277.10 5.0
278.08 15.8
279.05 2.0
280.17 2.4
281.22 11.1
282.21 13.7
283.48 34.4
284.26 246.5
285.15 21.7
286.53 17.5
288.27 9.6
290.33 6.6
292.55 4.7
294.16 8.5
295.21 7.2
296.28 11.3
297.35 9.0
298.32 3.4
299.05 12.5
300.27 17.0
301.25 8.5
302.37 1.1
303.32 29.5
304.40 23.9
305.46 4.7
306.29 5.6
307.77 1.5
308.85 7.1
310.31 2.8
312.03 1.8
313.41 5.5
314.50 3.8
315.62 7.5
316.68 2.5
317.36 18.3
319.06 48.1
319.83 10.1
321.03 114.5
322.98 96.3
323.69 3.6
325.44 16.7
326.54 27.4
327.64 35.4
329.28 9.4
330.33 13.6
331.56 40.5
332.33 32.9
333.30 5.9
334.93 11.7
335.85 9.2
337.03 1.6
338.69 73.6
339.55 23.5
341.03 22.2
342.14 47.9
343.13 53.9
344.01 105.2
345.01 26.5
346.20 21.2
347.75 853.2
348.37 34.6
349.24 72.6
350.27 6.3
351.12 14.3
352.53 38.9
354.08 24.9
355.28 3.1
356.18 3.8
357.24 5.4
358.39 2.2
359.94 9.4
362.04 28.6
363.61 14.3
365.22 10.0
366.23 12.6
367.21 182.8
368.02 12.3
369.27 176.8
370.89 7.6
372.01 20.0
373.33 14.3
374.24 14.2
375.70 58.8
376.58 16.6
377.49 4.6
379.23 14.5
380.55 9.4
381.46 28.1
382.36 5.8
383.39 45.7
384.30 18.3
385.35 32.9
386.74 14.7
388.39 33.1
389.36 22.7
390.17 17.4
392.40 2.9
393.33 25.9
393.97 7.6
394.89 29.6
395.90 94.3
397.24 332.8
398.39 19.6
399.18 2.3
400.53 21.3
401.96 209.8
402.96 96.9
404.51 17.7
405.36 8.3
406.93 11.4
407.66 1.5
408.68 10.9
409.69 59.2
410.76 230.8
411.44 128.7
412.35 18.1
413.35 22.9
414.43 203.6
415.34 229.5
416.14 86.9
417.56 171.3
418.55 51.1
419.32 139.0
420.35 139.9
421.43 27.2
423.20 607.0
423.91 1028.2
424.87 191.4
425.63 4.5
426.52 19.9
428.24 1.1
429.01 2.8
436.14 2.4
444.17 6.4
445.30 20.3
446.16 7.1
449.42 9.8
450.36 12.1
451.47 13.3
452.42 15.5
453.23 8.5
453.85 4.8
455.38 8.9
456.33 9.4
458.37 3.9
459.23 8.3
460.32 7.4
461.12 2.7
462.14 3.8
463.06 11.9
464.76 27.8
465.55 8.4
468.26 959.1
469.27 36.5
470.32 4.2
471.20 1.3
472.42 20.9
473.37 8.0
474.32 8.5
475.32 1.4
476.14 7.7
477.29 15.3
478.20 3.9
479.01 2.6
480.32 61.5
481.41 3.6
482.57 4.0
484.33 12.1
485.34 4.4
486.16 1.3
489.74 14.9
490.41 1.7
491.24 3.3
493.60 1.6
494.61 2.6
495.41 7.1
497.67 25.6
498.40 48.7
499.82 9.9
502.54 3.5
504.57 9.0
506.26 10.1
507.31 2.0
509.55 12.3
510.31 2.4
512.54 5.1
513.52 1.7
514.67 14.7
515.33 3.4
516.29 2.2
518.59 2.1
519.60 2.5
521.34 2.4
522.33 4.1
523.41 3.4
525.41 2.3
526.41 11.4
528.13 12.4
532.12 36.1
533.35 6.7
534.43 7.1
535.14 11.1
537.23 15.9
538.23 21.3
539.01 12.6
540.18 26.0
541.14 36.9
542.35 2.6
543.36 2.9
544.41 6.5
545.27 5.8
547.39 22.3
548.05 2.7
552.96 6.5
554.34 1.1
555.46 4.5
556.26 2.4
557.38 5.1
558.06 4.4
561.80 7.0
563.20 9.3
564.91 32.1
565.55 60.8
566.43 12.5
567.10 7.8
568.73 8.8
569.35 1.3
570.54 4.8
571.29 9.6
572.57 17.5
574.15 8.0
575.45 16.7
576.31 19.3
577.29 9.2
578.55 4.4
579.17 2.6
580.11 9.1
581.34 1322.5
582.33 45.8
583.27 3.7
584.99 3.2
586.04 1.5
588.03 5.2
589.10 4.4
590.28 4.1
591.04 17.3
592.30 14.0
593.41 36.8
594.66 14.2
595.33 8.7
597.01 3.4
598.48 6.9
599.48 9.8
600.09 1.1
601.22 11.2
602.42 5.1
603.36 5.0
604.87 14.8
605.58 24.3
606.46 73.9
607.32 23.0
608.03 3.9
609.30 2.8
609.90 4.3
611.38 6.2
614.11 4.0
615.41 3.9
616.45 8.6
617.54 27.2
618.52 2.2
620.62 7.4
621.45 6.4
623.40 24.7
624.43 2.2
625.24 4.9
627.33 8.1
628.47 4.3
629.53 3.5
631.30 3.8
632.28 21.3
633.85 18.5
634.73 46.0
635.53 200.7
636.41 15.5
637.63 13.2
638.40 7.8
639.77 2.5
643.80 13.8
645.11 15.5
646.52 18.1
647.57 5.1
648.88 8.3
650.15 6.1
652.42 9.1
653.65 1.7
655.80 1.0
657.54 3.8
659.46 3.5
660.37 3.8
662.43 411.8
663.41 1091.3
664.37 203.4
665.33 15.9
672.16 13.6
673.41 10.2
675.55 3.2
676.46 16.2
677.45 84.8
678.53 23.5
679.44 4.1
680.99 2.0
682.19 10.1
683.15 3.5
684.77 2.4
687.45 8.4
688.25 6.2
689.35 6.0
690.45 38.2
691.37 26.4
693.14 9.6
694.40 2068.2
695.51 82.1
696.50 8.5
697.70 2.5
699.62 6.0
700.40 12.2
701.40 1.5
703.35 2.1
704.62 4.6
705.56 19.2
706.56 3.7
707.69 14.9
708.44 61.8
709.52 31.3
711.30 3.6
713.57 1.8
715.25 1.5
716.35 6.2
717.51 26.0
718.51 6.6
719.48 3.8
722.40 9.8
723.15 7.4
724.92 3.0
729.19 2.0
730.48 16.0
731.53 20.2
732.48 75.3
733.43 6.5
734.37 4.2
735.50 3.6
741.25 9.2
742.38 4.4
744.64 1.7
748.58 37.6
749.50 133.0
750.42 479.6
751.46 112.7
752.29 10.6
758.26 2.3
759.38 10.7
760.42 73.5
761.49 21.0
763.52 1.3
765.46 135.3
766.42 21.0
767.60 2.3
768.38 2.0
775.49 2.4
776.78 1.8
788.53 1.3
792.29 1.2
798.82 3.5
800.39 3.5
806.08 2.0
808.51 3.5
812.56 3.3
818.43 3.5
823.47 3.8
824.61 15.9
826.40 14.7
827.65 6.9
842.53 238.4
843.63 98.0
