1766.88616 2
253.07 2.9
259.16 2.0
262.37 12.1
263.17 3.9
269.36 5.6
270.16 8.3
271.36 11.8
273.35 4.7
274.29 5.0
275.16 2.6
280.08 5.2
284.08 5.3
285.10 1.9
287.17 24.2
288.29 248.3
289.32 48.6
294.35 7.4
295.16 7.3
298.43 4.5
299.05 3.1
300.99 17.4
303.12 16.0
307.23 21.2
308.66 13.2
310.10 3.1
311.32 12.1
312.13 20.7
313.27 3.9
318.34 8.5
323.04 2.1
324.04 17.8
325.16 3.9
326.24 5.4
327.07 8.9
328.10 6.6
329.22 6.0
330.32 4.9
331.47 8.3
336.38 6.1
337.30 11.5
339.21 7.9
341.18 10.7
343.06 14.7
344.24 7.0
345.27 8.8
346.14 3.9
349.97 2.1
350.95 2.4
352.15 10.2
353.34 4.1
354.04 2.8
355.20 2.1
357.25 20.1
358.40 4.7
360.51 3.6
361.38 4.3
363.33 8.4
366.28 4.8
368.14 10.1
369.60 18.0
370.31 36.0
371.23 47.2
372.36 14.6
375.37 17.4
376.13 8.6
377.15 7.5
380.05 1.9
381.19 4.4
382.31 10.5
383.38 8.4
384.38 7.7
385.29 23.5
386.33 14.6
387.27 11.4
388.50 16.0
389.29 34.8
391.11 2.4
392.17 5.3
394.38 12.6
395.06 13.2
397.57 1.7
398.29 5.5
399.21 10.1
400.21 14.4
401.40 145.1
402.38 11.1
403.42 3.4
404.46 11.9
406.01 28.9
406.77 13.7
409.27 8.0
411.08 18.1
412.29 16.9
413.12 17.7
414.39 13.7
415.10 6.2
416.15 27.1
417.17 112.1
420.20 13.8
421.52 4.4
423.40 8.7
424.38 12.0
425.42 30.8
426.33 6.2
427.30 7.6
428.26 26.4
429.37 10.8
430.24 2.3
431.20 4.3
433.52 10.3
434.19 86.6
435.42 17.9
436.34 2.6
437.43 29.5
438.27 57.5
439.50 13.9
440.36 8.6
441.31 19.8
442.32 8.4
444.06 5.5
445.28 6.4
446.25 11.4
448.30 18.8
451.17 8.5
451.78 9.1
452.42 9.4
453.20 2.7
454.34 27.8
455.14 4.9
456.25 40.1
457.16 5.8
458.66 4.0
463.34 5.4
465.24 30.8
466.29 64.2
467.25 15.2
468.03 11.1
470.38 20.2
471.34 10.5
472.29 89.4
473.31 40.9
474.31 24.6
475.22 13.8
476.12 3.2
476.92 2.7
478.62 5.8
479.73 4.5
480.37 4.4
481.55 7.2
482.45 19.4
483.28 109.6
484.29 105.0
485.12 26.6
486.36 3.6
488.10 5.6
489.43 38.0
490.33 40.5
491.35 23.5
493.34 2.5
494.54 1.6
496.42 10.0
497.56 8.4
499.55 65.4
500.38 114.6
501.33 41.9
502.18 17.5
503.42 5.2
506.26 7.8
507.50 2.5
508.58 4.1
509.19 5.0
510.18 2.3
511.06 2.9
512.09 5.5
514.36 157.5
515.39 48.2
516.69 27.7
517.32 79.2
518.24 179.1
519.36 6.1
520.46 2.0
521.44 8.5
522.41 3.0
523.31 8.9
525.50 23.0
529.43 9.7
530.41 1.6
531.49 16.5
535.12 42.1
536.44 2.7
537.46 21.6
538.39 12.6
540.23 41.1
541.36 23.6
542.52 9.1
543.33 7.1
544.09 4.8
545.56 7.8
546.40 9.1
547.31 2.0
548.29 14.2
549.47 9.2
550.40 6.3
552.06 15.6
553.19 10.6
554.55 2.9
555.39 21.4
556.19 6.4
556.93 5.0
557.55 13.3
558.31 16.6
559.30 6.5
560.56 11.6
562.20 3.8
563.54 2.0
564.19 11.2
566.13 8.3
567.17 32.1
568.46 28.3
569.42 17.7
570.09 8.3
572.46 1.8
574.32 26.7
576.34 5.3
577.41 1.6
578.36 7.5
580.06 71.2
581.36 72.8
582.27 6.9
584.21 16.6
585.38 93.9
586.33 50.1
587.54 22.0
588.43 8.1
589.41 3.8
590.39 2.6
591.34 7.7
592.63 12.3
593.64 24.1
594.67 13.2
595.39 40.7
597.41 267.7
598.47 102.0
599.30 34.6
600.41 4.3
601.38 5.0
602.42 30.5
603.37 52.1
604.28 4.6
605.49 14.5
606.40 7.4
607.68 4.2
608.90 20.9
609.61 2.3
611.41 13.3
612.45 143.5
613.32 202.9
614.21 73.7
615.32 33.8
616.34 100.2
617.26 15.4
618.29 4.9
620.37 55.2
622.05 23.7
623.31 4.9
626.30 12.5
627.46 12.9
628.45 12.3
630.31 203.6
631.35 299.0
632.42 22.6
633.75 16.4
634.55 6.6
637.55 4.7
639.30 22.4
640.53 17.0
641.93 18.9
643.40 36.5
644.15 12.6
644.75 3.8
645.53 9.4
646.79 19.1
648.25 106.9
649.35 52.3
650.49 21.6
652.81 5.5
654.28 4.9
655.07 8.6
656.41 27.1
657.41 15.2
658.67 9.3
659.35 13.5
660.35 8.1
661.53 333.1
662.47 69.5
663.48 18.8
664.62 2.4
666.40 25.1
667.65 3.6
669.01 15.7
670.37 20.8
671.46 15.7
672.14 3.1
673.26 6.3
674.40 26.8
677.42 14.1
679.01 20.8
681.40 3.3
682.43 8.1
683.22 33.0
684.20 20.7
685.38 3.1
686.54 21.6
688.23 25.9
689.40 2.9
690.24 6.1
691.52 9.7
692.28 25.5
693.19 5.8
694.47 84.4
695.51 32.2
696.35 7.6
697.28 17.9
698.47 16.5
699.31 30.2
700.22 28.1
701.32 35.7
702.11 2.5
703.47 20.0
706.51 2.3
708.88 13.7
709.54 18.0
710.63 281.3
711.73 98.7
712.61 26.7
713.46 13.5
714.47 15.1
715.39 45.9
716.29 18.6
717.47 39.7
718.31 16.6
719.21 3.9
720.63 13.5
721.51 25.0
722.95 6.8
723.98 12.7
724.85 27.6
725.71 1.7
726.65 19.2
727.28 81.3
728.32 102.5
729.52 32.4
730.50 17.1
731.38 12.4
732.41 7.7
733.26 10.9
735.28 72.5
736.04 26.4
739.11 9.2
740.48 20.5
742.02 8.6
743.02 10.0
744.30 97.6
745.41 197.0
746.39 203.9
747.35 51.0
748.28 10.8
749.42 8.8
750.41 14.3
751.37 6.5
752.69 159.6
753.61 67.0
754.67 6.2
755.48 15.1
756.49 15.8
758.02 17.8
758.64 41.6
759.54 10.8
760.41 5.8
761.06 8.9
762.44 57.0
763.40 545.9
764.27 96.5
765.43 5.5
767.26 2.9
767.95 9.1
769.47 44.8
770.50 145.7
771.56 96.5
772.40 1.9
773.24 15.2
774.57 482.1
775.61 178.5
776.68 21.9
777.72 55.1
779.14 57.8
780.72 16.1
781.41 39.4
783.18 11.9
783.91 6.1
784.99 17.6
786.37 137.7
787.16 57.1
788.42 9.7
789.59 2.3
790.53 2.4
791.97 23.2
792.92 27.0
794.42 3.1
795.93 30.5
797.21 27.3
798.16 23.7
799.70 10.4
800.78 81.8
801.65 71.5
802.62 19.7
804.27 5.3
805.03 10.6
807.11 14.5
807.89 7.9
808.83 41.6
809.71 309.4
810.54 87.5
811.67 38.9
812.38 3.4
814.30 5.0
815.46 5.0
816.48 38.1
818.36 383.0
818.98 163.7
819.61 19.8
820.71 10.9
821.45 8.9
822.48 2.2
823.69 23.4
825.57 535.2
826.59 128.9
827.63 118.4
828.74 39.2
829.43 2.4
830.03 10.6
830.65 7.5
831.73 11.6
832.53 17.5
833.25 6.2
834.33 72.4
835.28 27.7
836.47 13.7
838.20 7.3
839.05 2.2
840.09 14.3
842.93 469.6
843.57 594.6
844.44 120.2
845.38 20.6
846.18 25.9
850.77 21.6
852.17 2370.4
853.13 71.8
854.15 11.4
854.88 7.1
855.57 18.6
856.74 43.1
857.65 159.3
858.44 2.5
859.52 23.4
860.47 151.4
861.50 214.0
862.51 26.6
863.20 9.6
864.51 13.1
865.96 222.6
866.63 519.2
867.48 46.7
868.65 7.3
869.82 26.8
871.73 35.5
872.37 3.5
873.69 61.0
875.09 4.0
880.08 2.3
884.22 5.1
889.65 45.8
890.74 7.7
891.57 4.7
892.49 2.8
894.75 22.1
895.45 2.2
897.90 4.2
898.53 8.4
900.52 2.7
904.59 1.8
905.57 3.3
906.36 2.3
907.38 8.7
909.54 4.2
912.49 11.3
913.54 10.5
915.54 8.6
917.70 3.2
919.64 4.0
921.59 6.7
922.61 5.1
923.60 9.4
924.60 30.0
925.42 9.2
926.55 5.1
927.40 5.1
928.57 3.8
930.83 15.8
932.27 4.1
934.63 6.1
935.86 3.9
939.82 57.3
940.66 462.7
941.70 139.8
942.83 6.5
943.56 10.9
945.39 4.0
947.52 3.6
949.65 6.9
951.49 7.6
955.32 3.2
957.28 43.3
958.52 108.3
959.70 39.3
961.24 3.9
963.44 5.3
965.61 12.8
970.01 19.6
970.90 10.2
971.59 7.3
974.84 50.9
975.69 75.3
976.54 68.7
977.49 9.2
979.25 2.6
980.47 6.7
986.64 88.6
987.72 88.8
988.58 100.2
989.61 19.6
991.10 24.8
993.33 230.3
994.61 81.0
995.49 11.1
999.50 6.8
1001.82 2.6
1002.46 18.1
1004.56 1595.1
1005.58 391.0
1006.66 53.3
1007.46 4.2
1008.21 2.2
1010.03 4.4
1010.81 4.6
1011.59 4.9
1013.27 5.1
1018.35 2.6
1019.43 3.9
1021.87 3.7
1023.64 5.1
1025.51 3.6
1026.22 3.2
1028.64 5.4
1035.29 1.9
1036.36 7.5
1037.60 20.4
1038.77 13.8
1039.50 3.2
1043.63 10.5
1044.44 10.8
1046.52 6.1
1047.37 5.5
1048.87 2.9
1052.55 6.5
1053.39 14.1
1055.63 464.9
1056.68 125.7
1057.74 10.1
1059.20 11.6
1060.34 3.8
1061.42 6.9
1062.23 14.2
1069.47 6.8
1070.49 10.7
1071.35 56.1
1072.38 24.8
1073.43 2.6
1074.84 3.8
1075.73 12.6
1076.69 10.7
1079.68 12.4
1083.71 6.3
1084.64 10.7
1085.78 1.6
1086.58 7.7
1087.90 23.6
1088.64 75.0
1089.59 61.9
1090.64 25.7
1092.85 3.0
1093.92 9.1
1094.62 4.0
1097.91 2.8
1099.40 9.3
1101.66 176.1
1102.77 62.8
1103.81 9.0
1104.68 3.8
1106.34 50.1
1107.27 25.1
1108.10 2.3
1119.63 1783.3
1120.71 622.4
1121.74 35.2
1123.33 7.6
1124.47 5.5
1125.50 4.8
1130.41 2.8
1134.61 2.4
1136.63 12.8
1137.74 3.3
1138.55 1.8
1139.98 6.1
1142.86 2.6
1143.82 3.0
1145.47 5.9
1151.02 1.7
1154.15 6.8
1156.58 4.9
1160.60 7.1
1161.55 3.6
1166.33 3.2
1168.76 111.2
1169.79 29.2
1171.42 15.4
1172.68 3.0
1174.70 2.5
1183.80 12.7
1187.14 3.8
1190.35 4.9
1191.66 3.9
1193.32 9.7
1195.58 11.0
1199.59 6.5
1200.64 6.7
1202.47 48.2
1203.67 4.4
1210.54 7.9
1212.61 12.1
1213.53 2.4
1214.56 52.5
1215.60 9.9
1216.57 7.0
1217.44 27.9
1218.51 25.9
1219.35 15.1
1220.51 5.7
1229.52 1.8
1230.74 2.9
1231.68 27.7
1232.69 699.8
1233.73 214.9
1234.59 29.9
1235.39 18.6
1236.59 23.0
1237.87 7.3
1249.87 7.8
1251.80 3.6
1252.82 29.0
1253.66 26.0
1254.47 11.3
1264.85 4.6
1266.40 15.9
1267.82 7.3
1269.72 48.7
1270.74 31.2
1279.81 4.9
1281.48 12.3
1284.89 11.0
1290.70 3.4
1297.53 10.6
1299.50 2.3
1302.80 3.8
1303.99 8.0
1305.62 14.3
1308.59 8.0
1309.89 4.4
1312.73 2.0
1313.56 2.5
1314.62 6.1
1315.72 32.8
1316.94 11.7
1318.74 8.0
1320.57 9.6
1321.99 3.9
1331.03 12.6
1331.73 27.8
1332.64 25.5
1333.76 173.6
1334.70 94.5
1335.56 8.3
1347.81 13.1
1348.63 18.3
1349.50 30.9
1350.50 3.2
1357.76 1.6
1362.72 2.6
1364.76 6.4
1365.80 8.6
1366.65 31.2
1368.69 3.5
1379.87 11.8
1382.03 4.6
1382.88 3.0
1388.88 3.3
1395.61 2.3
1397.61 22.3
1398.84 4.5
1400.49 3.6
1401.26 1.8
1404.67 2.7
1405.56 3.1
1407.90 2.7
1413.57 6.4
1415.71 11.7
1416.74 8.1
1417.71 9.6
1420.97 8.2
1422.01 1.7
1424.67 7.0
1426.75 6.8
1427.69 3.6
1433.27 6.4
1434.61 22.9
1439.90 5.9
1443.85 30.0
1444.71 59.2
1445.35 5.5
1445.97 3.6
1446.62 6.1
1448.00 28.6
1448.94 10.4
1449.64 4.1
1451.67 2.0
1460.82 12.9
1461.67 63.1
1462.65 56.6
1463.68 19.3
1479.68 69.4
1480.75 30.3
1481.73 5.4
1487.07 4.0
1488.21 2.2
1504.91 25.8
1506.00 16.5
1522.94 2.9
1572.91 5.4
1612.78 3.3
1638.73 3.5
