1569.63115 2
219.96 3.0
226.08 4.6
227.13 36.8
228.15 25.6
230.14 3.6
230.98 15.9
232.07 3.2
233.32 10.1
235.23 15.3
236.23 6.6
239.20 71.8
240.19 96.3
241.24 17.4
242.20 18.5
243.18 26.3
244.22 9.0
245.08 15.4
246.06 33.9
247.24 8.8
248.16 7.2
250.15 7.0
251.03 3.7
252.20 35.5
253.37 5.2
254.43 3.6
255.32 20.8
256.17 4.6
257.24 18.1
258.22 27.3
259.43 21.1
260.27 5.8
262.30 8.1
263.27 4.3
264.20 23.3
266.12 7.6
267.08 3.6
268.82 36.0
269.43 32.7
270.33 11.5
274.39 14.3
276.25 39.5
277.35 15.6
278.24 4.2
279.37 6.9
280.26 9.6
282.28 11.1
283.13 42.5
284.14 25.0
285.27 8.3
286.16 40.5
287.16 10.4
288.22 3.2
291.17 12.6
291.99 16.0
294.05 7.6
295.30 16.0
296.66 20.2
297.27 177.7
298.25 59.6
299.30 8.4
300.40 51.2
301.28 55.1
302.30 34.7
303.24 3.9
303.95 9.0
305.31 7.5
307.27 8.3
308.18 8.7
309.45 11.8
311.23 12.9
312.11 12.4
313.44 9.3
314.18 35.3
315.15 10.2
316.14 17.1
317.27 122.9
318.30 7.5
319.24 10.5
320.23 20.2
321.22 17.4
322.03 25.8
324.41 12.7
325.07 6.6
325.67 24.9
326.35 19.6
327.26 13.6
328.38 27.3
329.32 51.9
330.51 15.8
331.16 5.9
332.18 3.4
333.30 31.4
333.99 5.3
335.06 32.5
335.74 47.2
336.36 36.8
337.38 30.1
338.35 33.5
339.30 14.4
340.28 24.8
341.17 6.8
343.24 16.9
344.42 40.8
345.23 41.9
346.09 20.2
347.31 7.1
348.49 9.2
349.27 18.8
350.11 27.5
351.12 7.4
352.34 20.8
353.16 44.4
354.64 32.1
355.28 25.4
356.17 24.3
357.63 57.8
358.56 33.3
359.43 34.8
361.34 10.1
362.44 45.4
363.25 171.5
364.11 2.8
364.81 15.5
365.76 25.2
366.45 17.8
367.32 54.5
368.32 8.7
369.18 11.7
370.28 11.6
371.22 7.7
372.25 38.1
373.23 86.0
374.18 42.0
375.49 5.3
376.27 11.0
377.32 17.4
378.26 18.0
379.58 22.9
380.42 20.0
381.55 10.3
382.26 3.0
383.35 16.0
384.23 118.1
385.28 297.8
386.38 42.2
387.36 45.7
388.25 12.4
389.40 8.9
390.53 46.2
392.14 18.6
393.57 27.0
394.19 35.3
395.18 46.1
400.09 37.9
401.13 79.7
402.21 95.5
403.42 13.9
404.39 37.3
405.24 74.0
406.14 14.0
407.39 3.7
408.28 80.2
409.39 11.0
410.43 89.5
411.23 37.9
412.29 95.8
413.35 45.9
414.27 87.7
415.47 49.5
417.61 65.3
419.12 101.4
420.26 247.1
421.36 9.4
423.24 47.0
424.06 30.1
425.30 47.0
426.31 12.6
428.52 46.8
429.17 165.0
430.10 60.0
431.27 695.3
432.37 145.1
433.16 16.3
434.19 14.1
435.00 46.4
435.62 7.0
437.40 89.9
438.36 23.3
439.14 29.0
440.19 80.6
441.38 57.7
442.45 26.1
443.25 40.1
444.22 22.6
445.47 24.0
446.39 37.0
447.27 316.3
448.51 54.0
449.45 8.8
450.25 21.7
452.50 67.7
453.33 103.8
454.20 44.9
455.34 6.1
456.65 122.8
457.27 96.3
458.42 171.8
459.43 139.6
460.49 84.7
461.50 16.9
462.30 5.9
463.08 31.9
465.22 669.1
466.55 164.0
467.21 76.7
467.93 64.7
469.20 22.9
470.12 19.4
471.38 50.2
472.51 32.3
473.19 7.5
474.58 59.6
475.34 67.6
476.24 19.5
477.18 11.1
478.48 10.8
480.08 95.1
481.02 13.7
482.11 64.1
483.07 71.0
484.30 239.9
485.37 37.4
488.93 915.0
490.01 223.8
490.94 54.6
492.42 9.0
493.75 92.2
494.40 41.6
495.83 171.5
496.54 179.8
497.37 123.4
498.25 173.0
499.21 54.8
500.18 70.7
501.28 52.1
502.38 17.2
503.46 23.9
504.87 63.6
506.23 127.4
507.39 33.3
508.26 36.9
508.95 10.0
510.11 6.2
511.84 48.5
512.52 9.5
513.47 42.2
514.52 40.3
515.45 91.8
516.26 309.3
517.30 215.5
518.34 110.3
519.44 32.8
520.29 29.7
521.38 29.5
522.28 40.3
523.33 90.3
524.34 99.2
525.24 20.1
526.51 38.5
527.64 66.8
528.74 24.0
529.49 44.8
530.26 20.5
531.49 49.6
532.75 75.9
533.63 151.0
534.29 1225.7
535.24 311.7
536.23 42.3
537.28 15.1
538.57 26.3
539.29 26.3
540.35 113.2
541.36 78.0
542.57 49.5
543.42 114.0
544.41 454.5
545.39 176.4
546.20 41.5
547.33 50.4
548.22 5.7
549.42 40.8
552.21 5464.3
553.36 116.2
554.23 119.3
555.34 65.9
556.20 24.0
557.30 23.7
558.61 55.6
559.35 62.7
560.48 180.6
561.32 27.1
562.22 32.5
563.39 75.8
564.22 53.8
565.46 28.6
566.47 49.5
567.60 73.5
568.57 67.5
569.55 52.2
570.56 93.0
571.46 56.7
572.52 22.9
573.97 80.5
574.74 113.3
575.53 35.6
576.43 41.4
577.86 14.6
578.98 24.4
580.47 34.8
581.76 90.7
583.31 257.7
584.39 102.9
585.72 78.3
586.44 234.8
587.67 63.9
588.54 62.3
589.51 67.3
590.53 43.7
591.57 24.4
593.07 113.5
594.14 68.1
595.41 21.9
596.30 49.7
597.39 112.1
598.36 21.4
599.30 6.0
600.38 22.7
601.95 191.3
603.08 125.4
604.09 23.7
604.94 33.6
605.62 28.8
606.62 115.5
607.43 70.2
608.49 36.8
609.31 68.6
610.55 147.4
611.52 113.2
612.64 96.3
613.65 74.7
615.06 85.8
616.21 121.9
617.08 441.9
618.20 101.6
619.01 102.8
619.97 70.9
620.58 45.2
621.25 5.8
622.64 38.0
623.28 6.1
624.60 144.7
625.60 99.6
626.52 58.0
627.63 111.1
628.38 77.9
629.42 137.9
630.43 72.8
632.07 143.8
633.20 21.1
634.16 66.4
635.06 32.8
636.46 116.3
637.47 61.9
638.57 49.3
639.50 19.6
640.53 55.6
641.25 9.8
642.32 77.5
643.45 26.5
644.23 47.9
645.62 437.3
646.46 178.5
647.40 196.3
648.28 56.1
648.90 21.9
649.94 55.0
650.89 22.7
652.26 119.9
653.59 115.6
654.45 107.3
655.34 133.4
656.32 84.9
657.51 214.1
658.31 108.0
659.00 36.5
659.61 92.8
660.52 115.3
661.51 102.4
662.74 138.9
663.51 250.4
664.83 245.0
665.52 644.3
666.70 276.7
667.76 76.8
669.63 314.5
671.09 273.6
672.06 112.2
673.12 378.9
674.30 142.1
675.22 385.4
675.89 76.8
676.49 118.3
677.61 76.1
678.70 61.9
679.91 77.8
681.11 147.1
682.03 277.7
683.21 144.5
684.48 341.4
685.60 219.8
686.53 48.4
687.36 84.0
688.68 192.3
689.67 86.2
691.42 812.9
692.43 389.4
693.59 119.7
694.42 79.1
696.20 180.6
697.46 255.6
698.36 193.2
699.43 130.0
700.35 79.7
701.24 243.8
701.94 128.4
703.14 543.9
704.29 207.2
705.20 71.2
706.09 99.9
707.27 573.3
708.06 142.9
709.22 484.3
710.26 419.4
711.37 82.5
712.32 115.5
713.46 85.2
714.36 46.8
715.14 20.2
715.85 71.1
716.74 104.8
718.31 292.2
719.32 298.4
720.64 52.2
721.48 70.4
722.34 124.4
723.29 86.4
724.46 87.9
725.58 65.3
726.61 44.7
727.38 17.0
728.09 32.9
729.45 143.3
730.52 236.4
731.57 159.7
732.76 121.3
734.08 98.0
735.21 110.0
736.45 193.5
737.49 8.0
738.24 114.6
739.25 453.2
740.01 315.4
740.66 322.1
741.66 441.0
742.70 92.4
743.41 62.1
744.28 198.7
745.22 381.9
746.14 154.8
747.18 345.5
748.07 160.0
749.43 330.0
750.60 124.3
751.67 208.2
752.40 120.8
753.59 308.7
754.75 209.1
755.71 146.4
756.65 346.0
757.55 228.0
758.43 1050.9
759.71 96.7
760.65 257.8
761.74 251.0
762.43 724.2
763.57 755.5
764.55 895.8
766.13 523.6
767.41 5921.8
768.49 304.3
769.28 345.5
770.10 896.0
770.88 139.4
771.55 105.6
772.43 399.7
773.07 1850.3
774.21 227.0
775.10 59.5
775.76 29.5
776.37 63.9
786.33 8.3
789.60 7.8
791.40 12.1
792.48 5.9
793.70 27.8
794.46 14.3
795.39 35.3
796.43 23.9
797.63 40.6
798.52 18.8
799.26 21.4
800.50 35.8
801.50 66.3
802.35 63.5
802.99 13.4
803.62 68.6
804.56 19.6
805.50 25.8
807.01 32.5
808.40 29.8
809.25 41.7
810.40 35.2
811.42 117.0
812.46 115.7
813.58 81.7
814.61 6.8
815.48 14.3
816.50 14.7
817.67 42.8
819.44 387.8
820.51 148.3
822.31 563.6
823.30 476.3
824.33 93.3
825.76 43.9
826.68 36.5
827.53 213.8
828.52 232.3
829.61 185.4
830.80 332.4
831.57 330.2
832.50 28.9
833.27 19.0
833.93 19.9
835.25 43.3
836.38 63.2
837.58 105.9
838.44 97.4
840.22 92.9
841.03 50.3
842.21 41.1
843.61 56.4
844.59 62.0
845.59 118.9
847.07 34.2
848.34 79.9
849.43 45.0
850.45 36.6
851.14 34.8
852.03 47.6
852.83 22.5
853.81 187.6
855.09 48.2
856.05 30.1
856.90 68.4
857.85 63.2
858.86 45.5
859.49 2.9
860.60 78.7
861.41 29.6
862.50 81.3
863.34 32.0
863.99 23.7
865.07 26.5
865.80 4.6
867.50 57.9
868.58 30.9
869.61 79.7
870.64 23.5
871.42 33.5
872.67 6.3
873.36 5.1
874.60 223.2
875.54 174.6
876.22 33.5
876.98 35.8
877.89 50.4
878.54 39.8
879.22 80.6
880.34 109.4
881.37 17.9
882.41 61.3
883.08 19.4
883.93 11.8
884.57 24.5
885.70 49.6
886.73 160.6
887.40 382.2
888.40 29.6
889.31 67.1
890.41 108.4
891.46 187.0
892.59 51.3
893.71 33.8
894.74 66.5
895.84 370.0
896.69 326.0
897.58 30.7
898.57 45.4
899.71 52.8
900.71 22.2
901.56 86.7
902.71 49.4
903.76 120.4
904.92 1087.6
905.56 502.3
906.45 44.3
907.84 27.6
908.53 18.5
909.90 25.6
911.18 167.8
912.82 159.6
913.72 161.7
914.96 35.5
915.60 4.0
916.57 49.6
917.42 41.9
918.42 83.9
919.17 36.5
920.13 32.6
920.79 12.0
922.01 101.2
922.83 75.0
923.76 9.8
924.46 27.8
925.73 124.5
926.67 150.3
927.64 125.8
928.75 33.6
929.56 47.1
930.60 29.0
931.56 68.2
932.52 52.1
933.47 32.9
934.91 434.2
935.66 431.1
936.63 136.9
937.63 13.1
938.59 226.7
939.58 129.1
940.38 48.2
941.63 17.2
942.58 10.3
943.86 612.9
944.51 233.1
945.27 331.8
946.69 49.3
947.46 95.5
948.61 142.5
949.70 93.3
950.68 30.4
951.71 65.9
952.85 150.4
953.52 102.4
954.14 16.1
955.78 62.1
956.78 112.7
958.41 46.7
959.71 45.6
960.87 225.3
961.58 205.9
962.29 137.0
963.30 14.7
964.42 33.1
965.48 29.2
966.59 46.7
967.65 82.3
969.11 22.6
970.16 51.7
971.74 60.8
972.67 108.8
973.65 95.2
974.91 129.3
975.68 145.3
976.60 116.1
977.50 69.6
978.37 5.8
979.58 45.7
980.56 25.4
981.74 70.7
982.49 235.9
983.53 53.9
984.50 308.6
985.59 80.6
986.59 189.9
987.59 144.9
988.43 23.5
989.20 47.6
990.44 598.2
991.51 246.5
992.58 124.9
993.68 39.0
994.93 61.5
996.06 38.1
996.76 133.2
997.52 422.9
998.60 668.1
999.82 828.8
1000.46 3444.3
1001.24 64.1
1002.00 60.9
1002.75 19.8
1003.63 19.8
1004.53 61.6
1005.30 75.5
1006.22 24.9
1007.25 32.0
1008.57 6.9
1009.76 64.9
1010.58 35.1
1011.42 76.7
1012.62 192.2
1013.62 75.0
1014.40 25.5
1016.27 73.1
1018.39 5482.3
1019.53 168.1
1020.61 37.5
1022.60 25.0
1023.54 67.2
1024.32 48.0
1025.44 48.7
1026.05 7.0
1026.94 25.5
1027.92 72.2
1028.70 31.5
1029.49 45.2
1030.46 28.0
1031.31 81.0
1032.23 160.3
1033.21 185.1
1034.46 68.8
1035.53 14.9
1036.14 27.2
1036.91 9.2
1037.95 8.1
1038.89 17.6
1040.26 123.1
1041.63 154.1
1042.50 21.3
1044.11 28.6
1044.86 150.8
1045.92 142.7
1046.61 100.5
1047.46 13.4
1048.34 43.3
1049.53 65.2
1050.51 36.6
1051.49 47.4
1052.68 84.6
1053.91 331.5
1054.80 285.1
1055.68 65.0
1056.41 25.0
1057.45 29.8
1058.42 50.4
1059.60 13.8
1060.33 8.8
1062.06 119.9
1063.09 296.8
1063.85 169.9
1064.77 48.8
1065.64 29.1
1066.81 49.8
1067.90 64.8
1068.65 73.9
1069.68 165.9
1070.91 6.6
1071.66 70.9
1072.45 19.8
1073.80 45.0
1074.64 26.5
1075.66 37.4
1076.83 45.1
1079.99 150.7
1080.67 159.3
1081.38 124.6
1082.07 13.2
1082.95 3.2
1084.31 30.9
1085.59 433.0
1086.68 229.5
1087.51 562.5
1088.73 167.8
1089.52 226.6
1090.35 225.1
1091.49 68.7
1092.31 62.1
1093.43 29.2
1094.62 41.7
1095.70 2.6
1096.59 32.1
1097.59 29.8
1098.52 119.4
1099.68 157.2
1100.65 33.3
1101.60 37.7
1102.60 127.5
1103.67 406.4
1104.77 299.9
1105.48 1187.4
1106.64 43.2
1107.67 77.1
1108.52 43.5
1109.62 107.5
1110.63 52.9
1111.55 94.7
1112.19 76.1
1112.93 14.2
1114.49 29.4
1115.54 33.0
1117.93 73.5
1118.87 156.3
1119.67 97.9
1120.49 239.1
1121.33 173.6
1122.45 14.0
1124.22 23.9
1125.48 139.4
1126.65 173.5
1127.71 33.1
1129.87 6.4
1131.42 19.5
1132.73 25.4
1134.01 34.3
1134.70 15.5
1136.54 28.1
1137.74 13.7
1138.78 2.6
1139.73 11.1
1140.82 6.5
1141.68 4.8
1142.58 8.2
1143.66 18.0
1144.57 95.6
1145.35 3.3
1147.09 9.4
1147.81 14.1
1149.27 11.6
1150.13 11.2
1151.06 15.5
1152.85 15.5
1153.67 10.4
1154.62 8.1
1156.08 38.3
1157.40 621.2
1158.52 103.0
1159.36 76.5
1160.60 55.0
1161.99 79.0
1162.65 221.7
1163.79 34.7
1164.62 5.6
1165.38 4.2
1166.67 22.1
1167.62 52.3
1168.70 31.9
1169.68 6.8
1170.70 28.4
1174.74 8.6
1175.52 5.1
1176.69 23.4
1177.70 12.9
1178.72 7.1
1179.54 43.2
1180.74 32.3
1181.61 32.3
1182.64 25.4
1184.62 298.1
1185.55 239.0
1186.56 78.2
1188.22 28.1
1189.55 10.7
1190.66 10.1
1192.02 8.6
1192.63 8.1
1193.52 9.7
1194.34 11.2
1195.79 37.7
1196.60 11.9
1197.71 13.0
1200.60 13.8
1201.98 23.7
1203.07 5.0
1203.99 50.8
1204.72 46.2
1205.70 21.3
1206.84 14.8
1207.68 3.2
1211.53 49.7
1212.74 56.6
1213.55 12.6
1214.77 35.2
1215.74 30.5
1216.75 26.3
1218.71 4.1
1220.33 5.4
1221.69 17.8
1222.89 32.7
1223.69 23.2
1224.61 50.6
1225.88 6.0
1226.50 11.1
1227.45 5.3
1228.54 13.3
1229.69 5.2
1230.67 7.6
1231.78 44.1
1232.73 259.5
1233.72 215.8
1234.65 83.7
1235.55 7.9
1236.60 43.2
1237.51 4.0
1238.71 71.8
1239.57 105.4
1240.63 8.0
1242.49 38.5
1243.36 18.0
1247.99 45.2
1248.78 46.8
1249.54 26.3
1250.81 37.4
1251.71 10.4
1253.56 68.3
1254.73 48.5
1255.71 29.1
1256.81 46.4
1257.90 16.0
1258.62 6.8
1259.69 7.5
1260.64 10.0
1261.72 19.1
1262.98 6.6
1264.76 17.4
1265.53 5.9
1267.56 8.9
1269.25 14.3
1270.15 4.6
1271.71 63.2
1272.68 32.8
1273.59 4.1
1275.86 3.0
1276.80 14.6
1278.70 3.4
1280.09 12.2
1280.96 14.2
1281.69 12.9
1282.73 8.0
1284.50 11.9
1288.50 25.9
1289.63 74.3
1290.36 33.7
1291.57 47.3
1293.20 15.3
1294.61 11.5
1295.92 11.2
1298.49 4.7
1299.58 8.1
1302.91 7.7
1303.78 4.2
1304.78 15.2
1306.31 30.1
1307.73 20.7
1308.87 35.8
1309.88 12.9
1310.77 3.2
1312.70 30.2
1313.91 2.9
1314.80 5.8
1316.19 29.4
1317.08 6.6
1317.87 3.6
1319.82 10.0
1320.53 21.4
1321.60 13.6
1322.37 16.3
1323.93 58.6
1324.72 119.5
1325.78 36.4
1326.85 45.2
1327.82 5.8
1328.88 6.3
1330.19 11.4
1331.04 8.2
1331.74 11.2
1332.96 14.1
1334.59 18.0
1335.60 17.4
1336.49 16.7
1338.81 26.6
1340.91 6.5
1342.73 201.9
1343.75 155.3
1344.62 49.9
1345.63 6.4
1347.08 11.4
1349.60 31.3
1352.52 9.1
1353.51 12.6
1354.62 14.5
1356.42 7.0
1357.72 25.2
1358.79 46.5
1359.66 6.0
1360.82 26.6
1362.01 64.1
1362.64 137.9
1364.02 37.0
1364.87 8.1
1365.73 34.3
1366.67 46.3
1367.75 42.5
1368.84 2.6
1369.74 11.3
1370.81 9.1
1374.80 72.1
1375.75 184.2
1376.78 77.1
1377.82 32.9
1379.03 69.9
1380.46 839.1
1381.12 33.2
1383.62 24.0
1385.64 10.7
1386.81 35.9
1387.94 8.1
1388.74 6.2
1389.70 4.8
1391.73 34.3
1392.63 9.6
1393.75 73.8
1394.70 80.8
1395.69 72.2
1396.71 79.9
1397.66 13.4
1398.63 9.6
1401.55 8.4
1403.73 17.4
1404.76 24.8
1406.03 7.9
1407.61 6.8
1409.92 11.2
1411.75 458.2
1412.73 504.7
1413.71 794.1
1414.74 480.7
1415.76 111.3
1416.76 14.8
1419.57 52.2
1421.18 16.3
1421.97 14.3
1422.86 16.8
1423.68 4.1
1425.12 7.5
1430.05 10.0
1431.88 30.2
1433.84 9.0
1435.51 9.5
1437.57 321.5
1438.93 4.2
1442.67 8.3
1443.54 9.1
1444.94 4.5
1445.62 17.5
1453.62 2.6
1455.86 30.0
1456.61 9.4
1457.98 5.8
1460.87 7.4
1464.82 4.5
1468.52 4.0
1475.80 13.7
1480.71 15.2
1481.44 13.6
1483.12 7.5
1486.62 5.3
1489.80 10.7
1492.41 5.9
1504.98 6.5
1511.95 2.6
1512.60 7.9
1514.61 6.5
1517.80 6.4
1520.03 7.4
1532.79 29.6
1533.76 44.5
1549.00 5.7
1551.43 5.7
1580.05 4.7
1581.76 8.4
1582.74 7.7
