2328.190220000001 3
227.37 13.5
229.37 6.5
230.03 12.4
232.98 4.5
234.05 17.5
235.02 5.4
238.23 18.1
239.23 9.8
241.41 6.7
243.14 14.5
245.23 10.2
251.59 20.9
253.24 8.8
254.29 11.3
257.27 5.4
258.21 16.3
260.18 7.7
261.07 19.9
263.28 7.5
265.33 4.9
268.48 19.2
272.07 9.5
273.06 21.4
276.15 19.7
277.23 12.4
279.30 7.9
280.33 12.4
281.96 18.0
283.21 20.0
284.14 10.9
285.07 6.7
286.24 6.2
288.13 264.0
289.10 25.7
291.33 21.5
292.70 27.3
293.39 15.8
294.31 12.0
295.27 14.8
296.31 24.9
297.44 20.2
298.17 31.9
299.20 10.0
301.46 16.0
305.27 8.1
306.99 14.9
308.04 25.8
310.37 17.3
311.12 16.4
312.16 23.2
313.57 9.5
315.26 8.5
316.12 26.8
318.32 6.8
319.36 19.5
321.22 12.1
322.42 26.0
324.26 16.2
325.12 12.0
326.25 32.0
327.24 20.9
328.24 79.0
330.07 35.4
331.37 41.9
334.41 4.2
336.21 4.1
338.41 11.7
339.34 5.5
340.38 12.9
341.18 28.2
342.18 6.9
343.19 55.2
344.26 72.4
345.28 11.3
346.17 9.3
348.11 11.5
348.97 5.6
350.33 23.6
351.28 9.7
352.20 37.9
354.14 35.7
355.34 35.8
356.12 8.8
357.34 7.2
358.53 17.2
359.39 43.1
362.36 37.2
366.34 8.7
367.30 12.7
368.36 15.4
369.27 22.9
370.17 41.3
371.24 24.2
372.45 14.7
373.23 15.3
374.22 20.0
375.18 29.8
376.28 44.8
378.54 4.4
379.93 5.6
381.16 16.8
382.56 21.0
384.69 26.6
385.30 28.0
386.24 52.0
387.38 34.6
388.24 49.8
389.37 23.0
390.46 28.4
392.99 6.6
395.46 6.9
396.22 7.6
401.40 344.9
402.36 86.2
403.25 17.9
407.44 8.3
408.32 4.1
409.23 10.0
410.14 11.9
411.51 36.7
412.57 32.2
413.32 11.3
414.23 48.3
414.93 7.4
416.98 15.8
418.29 10.5
420.43 25.1
421.42 9.0
422.30 19.6
423.56 61.8
425.59 20.1
426.54 16.4
427.27 12.9
429.37 4.5
430.18 60.0
431.14 12.6
432.45 23.4
433.25 5.8
434.44 17.2
436.81 23.9
438.07 57.1
439.35 21.3
440.38 5.9
441.31 28.1
444.13 14.7
445.17 96.5
446.01 211.9
447.35 133.9
448.61 5.6
450.38 25.0
451.41 18.2
453.33 46.2
454.23 21.7
455.20 38.9
456.52 36.8
457.38 44.9
458.31 54.9
459.05 13.3
461.40 16.1
462.12 29.7
464.27 9.3
465.50 167.3
466.40 13.8
469.59 17.3
470.20 34.4
472.02 23.3
473.42 24.2
474.30 82.2
475.40 72.6
476.33 18.6
478.22 61.9
480.06 4.7
482.23 46.7
483.30 63.9
484.34 426.5
485.38 262.2
486.47 74.7
489.54 82.6
490.76 37.6
492.71 76.6
493.34 10.1
494.74 59.3
495.46 8.0
496.74 13.5
497.62 36.0
498.60 74.9
499.56 72.1
500.44 9.1
501.31 43.4
502.18 57.0
503.31 249.9
503.94 175.8
506.27 21.0
510.06 40.3
513.19 95.0
514.30 63.4
515.28 58.2
516.22 7.6
517.76 20.4
518.54 19.6
519.42 53.0
520.29 11.2
521.46 18.7
522.64 43.4
524.12 26.2
525.50 32.1
526.77 91.9
528.16 35.4
530.16 79.3
531.42 74.3
532.65 114.4
533.31 41.3
534.29 68.3
535.41 51.6
536.39 42.3
538.32 32.1
540.12 146.2
541.09 72.9
542.30 148.8
543.03 16.0
544.40 26.8
545.45 29.8
546.59 200.5
548.37 1663.1
549.43 480.5
550.57 133.8
551.45 236.1
552.54 46.6
553.32 39.2
555.30 68.9
556.20 93.8
557.44 51.0
558.50 37.1
559.98 1041.3
561.17 138.8
562.23 24.0
563.23 20.5
565.65 54.1
566.67 72.1
567.55 20.7
568.15 4.6
569.02 82.4
569.74 16.1
570.44 51.3
571.43 61.1
572.51 50.3
573.61 44.5
574.62 180.4
575.29 30.4
575.97 25.0
577.57 32.8
579.04 76.6
580.02 33.3
581.23 52.6
583.13 319.6
583.97 243.0
585.25 80.9
586.29 84.6
586.96 13.8
588.13 593.5
589.10 81.7
589.91 21.5
591.82 143.5
592.61 100.7
593.72 17.0
594.51 67.5
595.98 168.3
597.10 3064.4
598.11 466.4
599.38 31.8
600.29 15.8
601.49 174.3
602.36 112.5
603.36 93.3
604.34 50.1
605.75 1400.5
606.50 1383.6
607.52 37.4
609.31 94.8
610.37 247.2
610.99 166.4
611.88 30.9
613.25 102.7
614.19 39.5
615.22 41.2
616.49 145.3
617.68 74.1
619.05 50.7
621.42 56.8
622.59 41.6
623.84 30.6
626.62 37.2
628.48 33.5
629.50 28.7
630.87 287.4
632.07 149.2
633.83 63.4
634.58 21.3
636.03 79.7
636.94 16.4
639.66 915.1
640.49 318.7
641.09 10.1
641.97 32.8
644.22 545.7
645.18 1003.0
646.55 61.9
647.44 136.4
648.61 404.1
649.57 65.8
650.58 92.4
651.94 20.2
653.28 1467.7
654.04 1914.8
655.18 99.8
656.04 95.8
657.10 55.3
658.83 137.3
659.70 97.2
660.87 197.0
661.49 2084.6
662.52 2260.9
663.48 379.1
664.69 71.2
665.50 67.9
666.67 28.3
667.75 406.8
668.45 63.7
669.48 56.0
670.57 24.9
671.34 10.3
672.58 94.7
673.46 117.5
674.52 18.9
675.38 22.5
676.37 188.5
677.46 60.7
678.56 31.0
679.29 12.6
680.49 39.4
681.89 108.2
682.98 59.4
683.68 35.3
684.49 101.0
685.84 59.1
686.90 192.0
687.69 248.4
688.51 39.8
689.68 297.2
690.47 89.2
691.43 14.2
692.40 46.9
693.27 67.9
694.49 71.4
695.74 332.0
696.89 18.5
697.67 57.7
698.56 67.3
699.25 19.7
700.26 66.3
701.68 161.0
702.69 347.9
703.65 107.5
705.01 56.2
706.60 143.3
707.66 63.3
708.71 105.3
709.64 52.2
710.77 814.9
711.61 1066.1
712.56 1465.8
713.49 586.4
714.22 45.2
715.53 68.9
716.39 113.3
717.68 91.7
718.81 186.3
720.06 1870.4
721.15 279.5
721.95 44.2
722.87 24.1
723.55 12.2
724.67 56.5
725.75 31.6
727.18 225.5
728.19 236.3
729.24 68.2
730.15 86.0
731.28 97.2
732.69 246.3
733.51 245.4
734.12 17.1
735.37 73.7
736.22 83.4
737.21 57.3
737.92 18.0
738.93 76.0
739.54 47.5
741.28 120.2
742.37 104.6
743.36 94.0
744.56 422.4
745.84 243.5
746.89 151.1
748.15 149.8
749.64 721.6
750.54 383.4
751.38 183.3
752.30 62.2
753.67 722.7
754.46 179.2
755.72 672.3
756.63 865.4
758.51 638.2
759.52 3373.5
760.65 515.4
762.09 363.3
762.75 98.3
763.38 16.9
764.26 266.2
765.10 3276.2
765.73 1362.1
766.98 69.9
767.71 37.5
768.83 17.1
777.78 8.4
779.41 6.8
782.64 16.6
783.45 7.5
784.40 34.9
786.44 29.6
787.32 10.8
789.13 18.3
790.76 15.3
793.55 30.6
794.38 6.1
795.55 91.7
796.41 34.0
797.30 29.1
798.64 88.3
799.36 24.7
802.89 23.7
805.87 62.6
806.54 18.2
807.61 50.7
808.58 48.9
809.52 63.1
810.52 17.7
813.03 90.2
814.53 31.1
815.28 36.9
817.07 407.8
817.92 145.4
819.37 70.7
820.30 96.3
821.34 47.6
822.24 38.8
823.45 492.5
824.48 203.4
825.75 1242.3
826.53 586.0
827.55 148.6
828.47 104.8
829.66 144.2
831.11 80.2
831.80 6.6
832.73 35.3
834.34 1008.1
835.08 1150.7
836.40 34.4
837.42 6.9
838.33 28.9
839.47 4.2
840.59 79.5
841.87 95.3
842.75 41.4
843.56 20.5
845.32 35.0
846.27 10.2
846.88 22.3
848.28 10.5
850.33 25.8
851.73 58.5
852.58 6.9
854.49 38.0
855.52 24.7
856.40 42.9
857.94 10.6
858.99 66.8
860.15 69.2
860.87 28.9
861.51 20.2
862.73 10.5
865.01 53.6
865.79 81.1
866.65 21.6
868.53 275.4
869.72 32.8
870.83 26.0
872.68 84.4
873.51 348.1
874.66 212.4
875.90 23.4
876.91 159.3
877.64 33.8
878.42 18.5
879.21 72.9
880.21 13.2
881.01 45.5
882.34 783.4
883.34 421.1
884.49 80.4
885.23 8.5
886.40 39.6
887.46 14.4
889.25 24.9
890.56 1923.9
891.54 1274.4
892.48 240.9
893.66 145.7
894.85 44.6
896.09 18.5
897.58 21.4
899.20 76.5
899.93 63.1
900.73 17.8
902.04 51.3
903.02 35.7
903.98 24.8
905.36 48.6
906.30 69.4
907.16 24.8
908.26 40.6
909.41 20.8
910.44 25.0
911.52 12.2
912.70 15.6
914.02 56.9
915.36 181.3
917.63 45.9
920.09 52.6
921.63 25.1
923.62 222.8
924.47 229.3
925.51 79.4
926.17 16.5
927.55 127.1
928.51 56.2
929.83 21.6
930.86 49.0
932.61 197.4
933.54 164.9
934.35 9.3
935.44 35.3
936.60 35.7
938.52 537.8
939.40 198.7
940.75 28.8
941.62 144.3
942.57 21.5
943.45 32.1
944.57 86.4
945.57 35.0
946.89 124.2
947.49 165.9
948.56 71.5
949.49 28.8
950.61 76.0
951.63 12.4
952.37 96.9
953.95 95.2
955.17 88.3
955.92 213.2
956.53 453.6
957.54 28.9
958.52 5.8
959.15 7.0
960.04 46.0
960.73 49.4
962.36 61.4
963.39 55.7
964.01 18.8
964.67 421.8
965.46 126.8
966.54 44.7
967.67 71.2
968.54 42.3
969.56 55.7
970.53 118.6
971.65 83.4
972.76 62.6
974.37 124.2
975.46 23.9
976.88 61.6
977.55 74.4
978.72 55.9
979.44 57.6
980.54 133.0
981.54 27.8
982.41 18.7
983.41 33.6
984.14 49.5
985.53 146.4
986.43 49.2
987.50 273.0
988.62 1011.8
989.61 362.9
990.57 197.7
991.78 211.4
992.88 119.2
993.59 69.8
994.57 108.0
995.54 551.3
996.61 255.8
997.47 124.7
998.85 164.1
1000.29 119.9
1001.35 145.7
1002.15 110.0
1003.72 437.3
1005.55 4969.6
1006.56 2738.7
1007.68 485.8
1008.68 32.6
1009.76 38.8
1010.50 82.3
1012.25 724.0
1013.16 537.3
1014.74 26.0
1015.84 29.9
1016.76 80.4
1017.63 34.1
1018.41 67.6
1019.38 24.5
1020.17 32.5
1020.95 542.0
1021.79 954.9
1024.44 4.3
1025.95 200.6
1026.94 38.8
1027.88 37.8
1028.73 55.5
1030.47 11.2
1031.47 31.7
1032.87 81.1
1033.80 291.3
1034.65 20.9
1035.79 29.0
1036.91 89.2
1038.69 16.1
1039.42 46.1
1040.79 83.0
1041.71 71.3
1042.84 195.7
1043.51 174.2
1045.80 207.2
1046.71 112.6
1047.53 46.5
1048.14 7.1
1048.76 6.1
1050.05 30.3
1051.57 290.0
1052.42 485.0
1053.47 48.4
1054.55 67.4
1055.42 216.7
1056.09 110.6
1056.84 15.0
1057.73 11.7
1060.17 1203.4
1061.01 275.4
1062.66 102.3
1063.81 190.9
1064.45 124.8
1065.78 15.9
1067.00 13.9
1068.95 2459.3
1069.74 1136.5
1070.47 44.4
1071.30 63.6
1072.38 13.6
1073.74 27.5
1074.96 17.1
1077.80 3459.6
1078.59 865.6
1079.63 163.7
1080.48 78.4
1081.67 11.0
1082.75 62.5
1083.59 7.4
1084.59 75.4
1085.48 92.1
1086.79 10.1
1087.75 35.7
1088.62 27.9
1089.47 35.7
1090.45 96.7
1091.47 42.5
1092.24 51.4
1092.90 40.8
1093.57 29.2
1095.71 29.2
1097.62 234.2
1098.77 272.5
1099.89 143.4
1100.67 152.5
1101.69 119.7
1102.76 80.2
1103.64 29.7
1104.99 40.3
1107.83 52.1
1108.73 100.7
1109.57 625.1
1110.62 300.8
1111.61 157.4
1112.42 40.5
1114.67 17.3
1116.71 7.5
1118.64 839.9
1119.68 463.4
1120.74 107.3
1121.79 18.4
1123.02 36.9
1124.21 18.8
1124.94 17.9
1126.83 44.8
1127.62 9.5
1130.85 5.9
1131.46 7.2
1134.20 20.5
1135.48 12.1
1137.38 6.1
1138.86 11.9
1139.65 7.6
1144.55 24.2
1145.25 11.1
1146.47 30.1
1149.14 12.2
1149.80 13.5
1152.40 31.9
1153.38 16.6
1159.31 39.4
1160.16 6.9
1162.49 15.9
1164.64 42.0
1165.63 23.8
1166.72 100.1
1167.70 123.6
1168.70 43.2
1169.91 17.1
1172.71 7.4
1173.82 10.7
1174.61 18.0
1175.71 30.1
1176.53 33.7
1177.39 65.0
1178.37 51.6
1179.53 15.5
1180.55 42.4
1181.73 50.3
1182.63 7.7
1183.65 34.3
1186.58 28.0
1187.55 55.6
1188.56 16.8
1192.50 302.2
1193.58 393.1
1194.70 48.3
1195.83 11.3
1197.68 8.7
1199.76 10.3
1200.58 6.2
1201.62 15.1
1202.64 70.6
1203.66 31.6
1204.60 63.8
1205.73 39.8
1208.62 18.4
1210.54 824.9
1211.64 689.3
1212.63 228.7
1213.79 48.9
1214.63 20.7
1215.81 21.7
1216.58 10.9
1217.31 9.3
1219.52 68.9
1220.72 83.4
1222.47 5.8
1224.34 9.0
1225.08 25.5
1226.61 31.9
1227.50 23.3
1228.86 6.5
1231.42 6.2
1233.69 10.6
1235.67 21.1
1236.69 15.9
1238.15 12.6
1240.53 24.3
1242.43 10.9
1248.72 30.2
1250.57 16.2
1254.70 20.6
1256.09 16.2
1258.42 21.8
1262.43 19.1
1263.62 27.1
1272.08 12.0
1273.91 9.3
1276.04 20.5
1277.77 28.7
1278.89 5.5
1279.66 19.7
1280.85 10.8
1282.75 4.4
1283.72 5.7
1285.07 4.8
1289.69 22.5
1292.46 22.5
1293.47 19.3
1294.50 9.7
1295.39 21.0
1296.71 10.1
1304.28 17.3
1305.58 44.3
1306.66 41.9
1307.72 59.7
1308.87 54.9
1310.17 4.4
1311.18 19.3
1311.97 5.5
1312.86 21.4
1313.72 37.4
1315.02 8.8
1315.97 6.2
1322.86 34.8
1323.70 258.7
1324.76 154.3
1325.76 76.6
1326.63 60.0
1328.56 69.6
1330.95 52.2
1338.96 8.3
1339.96 8.0
1340.92 13.7
1345.70 30.8
1346.97 53.9
1347.69 7.6
1349.88 5.1
1353.71 4.7
1363.40 9.4
1364.59 25.7
1365.52 25.7
1373.35 11.0
1374.55 5.2
1375.44 4.1
1379.01 8.9
1380.05 5.1
1384.28 5.0
1385.61 13.6
1388.03 13.0
1390.75 6.9
1391.81 48.3
1395.89 11.4
1396.77 79.1
1397.57 50.2
1398.24 40.5
1399.10 15.0
1402.80 19.4
1404.81 15.1
1406.81 10.7
1407.96 24.4
1414.37 14.5
1415.74 18.7
1420.31 9.5
1421.85 76.4
1422.48 21.7
1424.24 38.9
1425.65 4.9
1427.64 15.4
1436.40 12.3
1437.01 26.2
1437.66 4.4
1438.81 114.1
1439.84 131.2
1440.84 49.2
1442.52 15.9
1444.28 7.3
1447.82 13.9
1496.72 8.5
1506.79 25.9
1507.79 24.6
1513.54 12.9
1537.47 17.2
1538.92 14.2
1539.81 14.3
1540.68 11.9
1544.81 5.6
1552.84 5.8
1554.94 10.6
1556.00 21.8
1561.70 22.8
1568.06 7.2
1569.01 8.2
1572.86 30.5
1585.01 23.7
1615.49 4.1
1625.84 17.6
1632.80 24.4
1633.88 19.0
1635.13 28.5
1636.27 7.9
1649.87 7.4
1651.15 38.3
1651.85 29.4
1653.90 27.6
1655.68 9.0
1659.30 12.8
1661.87 8.1
1667.73 24.0
1668.82 7.1
1672.83 14.9
1682.74 22.7
1683.98 22.2
1695.67 9.1
1713.67 6.9
1716.46 7.8
1729.83 6.9
1734.05 7.2
1747.88 15.5
1765.14 41.2
1765.82 10.9
1780.87 7.3
1786.55 6.4
1787.38 11.9
1788.01 6.2
1790.90 11.4
1792.67 12.3
1795.42 12.3
1803.12 7.9
1848.00 12.0
1849.21 9.3
1893.98 9.3
1910.04 24.6
1973.38 18.7
