1384.77983 2
199.27 5.2
200.27 8.4
201.09 1.2
209.03 2.0
210.22 7.1
212.27 2.2
213.27 7.1
214.12 12.7
215.27 2.5
216.09 2.0
222.23 3.1
223.23 5.3
224.29 1.0
225.04 1.8
226.06 7.2
227.05 12.6
228.02 7.0
229.29 2.2
230.28 2.7
232.18 13.4
233.17 9.9
235.20 3.8
239.63 7.9
240.39 1.1
241.16 14.5
242.15 2.6
243.27 8.6
245.22 1.7
246.18 4.1
247.19 5.7
248.83 1.9
251.25 6.5
253.25 3.9
254.35 5.6
255.14 3.6
256.35 3.8
257.27 7.5
258.25 8.7
259.40 7.0
260.20 22.3
261.23 19.7
262.26 6.6
263.39 7.3
264.40 4.7
265.19 1.0
266.07 2.9
267.08 4.0
267.93 4.7
269.11 5.7
272.26 2.3
273.36 4.3
274.10 5.9
275.26 5.2
276.27 9.8
277.27 3.9
278.13 4.6
279.21 27.5
280.16 1.4
282.09 3.0
283.36 9.6
284.34 1.9
285.13 6.9
286.36 1.9
287.29 4.1
288.23 3.6
289.32 6.2
291.05 4.4
292.32 7.1
295.35 4.0
298.11 13.7
299.32 6.6
300.40 3.5
301.18 21.5
302.31 10.4
304.48 6.9
305.32 5.4
308.47 3.6
310.32 10.7
311.25 1.9
312.19 1.8
313.19 1.5
314.22 11.1
315.17 11.9
316.24 12.8
317.34 17.9
318.41 6.7
319.30 6.3
320.16 9.7
321.21 1.3
323.02 14.9
324.33 10.4
325.43 19.2
326.25 4.0
330.15 8.6
331.08 2.7
332.51 9.9
333.31 4.0
334.70 12.0
335.34 25.2
336.10 9.4
338.17 1.0
339.24 4.4
341.34 23.8
342.64 11.2
343.39 9.1
344.25 3.2
345.30 13.0
346.49 3.1
347.19 5.4
348.53 8.9
349.32 3.0
351.35 6.0
352.68 7.7
353.29 8.5
354.22 16.7
355.23 4.6
355.87 3.8
357.40 13.8
359.39 7.4
360.09 7.0
361.24 6.0
362.37 2.6
363.37 4.1
365.35 27.3
367.15 13.5
368.11 1.1
370.16 40.5
371.13 30.5
372.09 13.2
373.43 3.6
374.29 32.3
376.26 11.8
377.17 28.4
380.36 15.6
381.50 7.6
382.33 3.1
383.25 19.0
384.01 4.3
385.33 35.8
386.27 11.3
387.30 8.7
388.35 12.4
389.26 20.0
390.19 13.1
391.09 1.5
392.50 9.1
393.29 2.9
394.18 4.8
395.45 6.2
396.40 8.0
397.50 6.7
398.28 6.8
399.63 3.3
400.26 7.1
401.26 3.3
402.36 8.2
403.51 23.8
404.31 24.0
405.29 16.9
406.05 19.6
407.17 17.7
408.33 21.9
409.22 6.9
411.21 102.0
412.32 25.4
413.40 6.9
414.34 2.5
415.19 10.4
416.32 11.8
417.23 6.7
418.18 20.7
419.17 16.2
422.41 2.0
423.48 2.0
424.35 4.4
426.22 8.9
427.23 2.4
428.39 11.2
429.53 43.9
430.39 15.7
431.31 8.2
432.25 21.6
433.40 14.1
435.29 6.6
436.50 20.5
437.49 12.2
438.30 1.9
439.36 10.8
440.30 10.2
441.54 4.3
443.55 1.6
445.35 14.0
446.21 28.3
447.13 24.6
448.46 10.7
449.18 6.4
450.49 16.7
451.52 8.3
452.27 7.1
453.29 13.3
454.44 21.6
455.47 9.1
456.26 6.4
457.23 4.6
458.31 17.6
459.46 2.6
460.56 26.4
461.41 15.3
462.41 3.3
463.48 12.5
464.41 13.1
465.34 20.5
466.36 7.8
467.22 4.9
468.39 17.8
469.61 30.6
470.83 17.4
471.91 13.5
473.73 17.7
474.57 3.2
476.31 12.3
477.19 3.1
478.06 16.0
479.30 4.2
480.22 12.7
481.57 41.9
482.45 18.6
483.15 4.8
484.37 67.8
485.61 15.4
486.53 9.6
487.51 40.4
488.23 17.2
489.09 25.6
490.13 26.3
491.20 12.8
492.19 33.1
493.59 2.6
494.65 12.4
495.84 41.9
496.54 24.1
497.25 17.5
498.16 49.1
499.06 33.0
500.41 13.2
501.06 17.0
502.28 2.5
503.19 15.7
504.01 1.0
505.24 31.7
506.23 157.9
507.32 24.7
508.40 16.1
509.63 27.6
510.57 8.0
511.59 14.4
512.37 30.0
513.32 7.2
515.22 87.4
516.20 98.1
517.29 69.7
518.32 80.0
519.60 30.8
520.44 2.7
521.50 8.3
522.32 9.9
523.26 45.8
524.32 21.5
525.37 16.0
526.32 23.7
527.43 19.0
528.47 16.4
529.22 10.5
530.27 26.9
531.59 18.8
532.66 31.9
533.31 167.4
534.30 116.6
535.24 50.0
536.12 6.6
536.98 24.3
538.11 43.3
539.53 34.7
540.42 27.1
541.42 57.8
542.41 29.3
543.33 98.3
544.18 25.1
544.92 48.5
545.94 25.5
546.62 13.1
547.64 4.4
548.70 9.6
549.61 10.6
550.56 22.0
551.25 192.6
552.26 110.7
553.51 147.7
554.86 64.3
556.15 51.4
557.37 268.7
558.37 200.2
559.61 80.8
560.45 57.3
561.39 25.4
562.74 93.5
563.52 89.4
564.55 4.8
565.54 10.3
566.38 13.8
567.51 34.6
569.05 203.0
570.26 110.1
571.33 18.2
573.24 33.7
574.41 12.0
575.67 73.6
576.62 45.0
577.46 187.0
578.47 21.1
579.35 61.1
580.44 29.9
581.37 22.6
582.55 54.5
583.46 55.0
584.78 36.4
586.02 25.2
586.68 28.9
587.68 23.1
588.61 24.2
589.75 22.3
590.78 26.2
591.73 27.1
592.65 93.0
593.50 21.8
594.32 20.4
595.92 34.0
596.90 55.6
598.12 20.0
598.91 51.3
600.00 20.1
601.30 213.4
602.14 80.8
603.23 32.9
604.54 151.6
605.52 142.5
606.46 36.8
607.35 43.1
608.47 17.8
609.59 82.1
610.51 340.8
611.55 20.1
613.04 226.6
614.00 24.0
615.26 18.4
616.66 26.4
617.93 144.0
619.24 472.2
620.08 112.4
621.28 29.3
622.21 10.0
623.27 16.4
624.83 57.0
625.70 41.2
626.66 177.9
627.30 117.0
628.07 103.5
629.00 55.1
630.58 29.6
631.56 60.7
633.10 74.1
634.16 30.8
635.22 43.1
636.19 52.6
637.54 30.6
638.50 28.1
639.53 36.5
640.38 39.1
641.89 152.1
642.89 30.2
644.30 61.6
645.50 34.7
646.46 63.6
647.54 54.0
648.64 82.7
649.39 60.7
650.60 77.6
651.45 9.9
652.56 97.0
653.94 41.5
654.95 44.4
656.18 50.6
656.87 37.1
657.67 45.3
658.42 23.5
659.75 44.4
661.04 108.8
662.12 65.4
663.39 59.7
664.46 98.8
665.69 253.1
666.60 211.0
667.62 25.6
668.39 28.1
669.70 127.6
670.55 85.5
671.54 64.7
672.43 28.3
673.42 21.0
674.74 812.4
675.42 382.4
676.18 162.5
677.44 70.8
678.52 82.5
680.37 454.0
681.46 97.5
682.71 26.7
683.66 133.2
684.61 40.3
685.29 1.7
699.94 2.0
701.26 1.7
703.36 10.5
704.41 6.2
705.49 1.0
706.48 2.5
709.01 5.6
710.07 12.9
711.55 26.5
712.31 1.4
714.29 6.0
715.27 19.8
716.88 32.6
717.61 19.0
718.46 49.0
719.58 28.0
720.58 20.3
721.49 34.7
722.50 24.4
723.75 43.3
724.88 5.3
725.68 9.3
726.52 7.7
727.72 1.9
728.73 49.8
729.46 38.7
730.96 22.8
733.78 10.9
734.50 12.4
735.33 10.5
736.34 5.0
737.51 11.9
739.17 45.7
739.95 3.3
740.78 2.4
741.55 12.1
742.76 18.0
743.61 1.1
745.08 46.9
746.22 58.3
747.49 21.5
748.39 18.5
750.19 14.1
750.88 13.6
751.93 7.1
753.39 87.5
754.38 48.4
755.55 39.9
756.55 71.0
757.70 27.5
758.65 27.8
759.67 6.7
760.94 3.1
761.76 36.2
762.84 45.8
763.56 1.8
764.52 1.1
765.53 11.3
766.50 19.7
768.04 8.2
769.25 96.7
770.33 80.3
771.32 30.6
772.17 2.1
773.16 25.3
773.78 19.9
774.55 10.0
776.10 23.1
776.94 9.3
777.95 30.1
779.28 7.5
780.88 27.2
782.10 5.1
782.71 2.9
783.94 23.5
785.22 11.2
786.59 22.2
787.78 30.5
789.25 32.7
790.64 41.3
791.82 8.5
792.73 20.8
793.56 22.0
794.43 16.9
795.31 38.6
796.25 33.9
797.33 62.0
798.76 25.8
799.76 12.4
801.17 19.3
802.12 11.2
803.24 26.6
804.58 19.2
805.80 20.2
806.54 8.5
807.44 34.1
808.47 70.0
809.36 53.7
810.35 32.6
811.36 32.4
812.78 10.3
813.41 68.2
814.53 516.9
815.56 844.5
816.56 255.1
817.42 48.4
818.37 79.2
819.24 42.5
820.48 26.5
821.54 63.4
822.52 80.6
823.49 26.2
824.62 34.3
826.40 252.7
827.39 401.8
828.37 137.9
829.46 27.0
830.59 38.9
831.58 15.1
832.51 35.5
833.95 48.3
835.00 66.3
835.90 40.1
836.78 53.7
839.03 15.3
840.27 66.8
841.56 128.5
842.60 355.3
843.67 11.2
844.94 25.6
845.81 19.7
846.72 39.0
847.84 77.7
849.16 70.5
850.22 37.3
851.36 35.7
852.20 41.7
853.58 24.9
854.47 35.5
855.41 146.8
856.33 22.3
857.90 12.3
858.82 19.3
859.52 1.9
860.82 26.0
861.88 14.0
862.75 25.4
863.70 16.7
864.51 11.9
865.76 10.4
866.64 8.9
867.56 16.8
868.55 21.1
870.16 26.4
871.27 72.0
871.99 18.3
872.71 16.6
873.72 9.0
874.75 23.6
875.64 40.2
876.55 29.9
877.56 16.7
878.99 39.7
879.70 45.0
881.01 49.7
882.10 24.1
883.49 14.8
884.33 21.6
885.29 24.8
885.94 20.8
886.62 8.0
887.48 9.8
888.68 21.8
889.49 34.5
890.67 34.4
891.44 11.2
892.17 17.7
893.20 18.2
894.23 17.1
895.77 27.2
896.44 16.9
897.50 34.9
898.84 47.6
899.84 55.7
900.45 5.5
901.15 11.6
902.83 15.2
903.96 9.7
904.74 20.2
905.76 37.2
906.39 37.8
907.13 27.2
908.06 5.1
909.25 63.8
910.19 19.8
911.26 36.6
912.14 9.7
913.54 23.9
914.86 43.4
915.57 32.4
916.30 43.9
916.96 11.8
918.02 12.3
919.54 16.4
920.27 3.4
922.26 15.0
923.31 9.0
924.76 19.1
925.65 24.7
926.79 5.3
927.49 19.0
928.71 2.8
929.82 31.7
930.78 25.4
932.09 61.2
933.20 16.3
934.27 9.9
935.26 5.9
936.70 56.3
937.48 26.1
938.69 36.8
939.51 20.0
940.28 15.8
941.04 6.3
941.76 7.1
942.85 20.4
943.78 32.6
944.65 17.0
945.51 16.9
946.58 6.9
947.87 5.2
948.55 10.8
949.41 12.2
950.83 37.8
951.68 40.5
952.50 22.9
953.38 7.8
953.98 3.6
954.76 21.3
955.57 11.4
956.33 15.8
957.66 35.0
959.72 21.3
960.69 15.9
961.32 4.2
962.54 39.3
963.24 56.4
964.28 25.1
965.19 46.1
966.01 9.0
966.68 11.6
967.55 16.2
968.66 10.2
969.40 12.8
971.51 131.7
972.27 156.6
973.25 183.4
974.44 15.6
976.30 11.5
977.69 49.3
978.61 119.3
979.56 32.3
980.64 42.8
981.77 15.9
982.62 9.3
983.50 5.8
984.28 12.3
985.71 9.7
986.45 8.0
988.12 39.8
988.92 7.3
990.53 24.4
991.58 32.6
992.55 33.9
993.32 8.5
994.43 8.9
995.42 8.0
997.54 8.9
998.95 25.1
999.84 52.4
1000.67 16.1
1001.30 10.6
1002.66 3.0
1003.64 9.4
1004.53 6.6
1005.51 27.3
1006.45 17.3
1007.50 4.4
1008.35 6.2
1010.49 32.0
1011.56 41.3
1012.35 17.1
1013.74 11.6
1014.47 4.7
1015.27 11.1
1017.30 9.2
1018.51 5.2
1019.60 5.3
1021.30 12.6
1022.25 2.5
1023.30 6.5
1024.47 7.5
1027.00 16.4
1027.79 2.9
1028.60 4.9
1029.33 5.8
1030.64 6.1
1032.62 1.8
1033.39 1.7
1034.93 4.3
1036.57 3.4
1037.85 10.9
1038.47 1.2
1040.16 3.2
1042.92 5.4
1044.10 6.2
1045.67 5.0
1047.16 21.3
1048.74 6.7
1050.62 8.4
1052.37 8.0
1053.72 3.6
1054.56 11.2
1055.79 16.9
1056.69 3.4
1057.65 10.8
1058.66 3.4
1059.57 3.1
1062.19 4.5
1062.88 2.8
1064.59 25.0
1065.60 47.6
1066.67 25.4
1067.70 10.7
1068.62 8.6
1069.94 18.5
1070.78 2.5
1072.58 3.9
1074.19 6.6
1075.64 26.8
1076.68 1.6
1077.67 1.9
1078.57 21.1
1079.69 8.2
1080.67 4.2
1081.62 4.9
1083.43 3.4
1084.66 3.9
1085.68 10.5
1086.63 7.6
1087.56 11.1
1089.60 6.6
1091.53 14.7
1092.66 2.7
1093.58 11.0
1094.28 4.6
1095.67 1.8
1096.65 4.2
1097.37 1.3
1100.77 2.1
1102.68 2.0
1103.61 8.6
1104.37 3.4
1105.54 11.3
1106.96 9.4
1107.77 21.5
1108.78 3.6
1109.54 1.1
1110.52 3.8
1113.58 4.3
1115.50 2.2
1116.37 12.3
1122.68 8.3
1123.66 58.8
1124.68 204.8
1125.63 92.8
1126.61 23.7
1127.71 6.5
1128.71 3.7
1131.21 9.7
1132.65 6.2
1134.39 22.2
1136.64 10.0
1137.74 4.1
1138.70 8.1
1139.57 13.1
1140.81 8.7
1141.47 3.8
1142.41 4.5
1143.65 10.2
1144.63 1.7
1146.82 1.8
1149.52 5.5
1150.83 1.7
1152.26 19.5
1153.43 28.2
1154.63 17.8
1155.86 6.8
1156.64 7.8
1157.28 3.8
1160.14 2.7
1163.59 5.1
1166.46 2.6
1167.91 1.8
1171.58 10.9
1172.38 3.8
1174.53 1.2
1176.73 1.3
1178.61 1.3
1179.62 1.9
1180.66 4.2
1182.89 2.0
1183.72 6.9
1187.33 1.3
1191.37 1.8
1192.49 1.6
1193.98 10.2
1194.61 1.4
1196.11 1.5
1199.36 6.0
1200.58 5.2
1201.72 6.2
1202.61 2.7
1203.51 1.0
1204.56 7.6
1209.60 22.2
1210.42 8.9
1211.51 3.5
1212.27 3.1
1213.27 7.1
1214.12 3.8
1219.01 4.4
1219.80 10.3
1220.66 9.0
1223.99 1.1
1225.72 1.5
1228.38 12.9
1229.64 12.8
1230.54 1.3
1231.65 3.0
1232.54 2.2
1234.61 6.2
1236.49 32.7
1237.64 291.1
1238.68 128.4
1239.68 22.6
1240.37 2.5
1241.60 3.5
1244.65 1.7
1247.64 1.2
1248.52 1.7
1251.57 12.0
1252.62 22.7
1253.66 4.2
1255.52 13.4
1256.46 6.6
1257.53 6.8
1261.18 2.4
1264.05 3.8
1267.30 3.1
1269.82 2.8
1287.44 1.2
1292.02 2.3
1305.65 2.2
1313.57 4.0
1345.65 2.8
1347.50 12.9
1355.44 2.2
1365.91 2.2
1366.59 1.2
1370.88 1.5
1372.46 2.1
1374.58 1.0
