1204.64995 2
175.22 180.5
176.23 99.1
183.23 12.6
185.05 7.1
187.14 1036.3
188.19 149.0
198.22 10.9
201.13 6.4
210.34 17.4
211.07 25.2
215.12 972.7
216.34 30.7
217.24 9.7
222.09 7.6
225.03 8.4
228.35 21.8
229.42 16.2
230.24 36.6
241.14 6.1
243.13 25.9
244.99 12.8
247.47 12.7
250.01 8.3
252.12 9.1
259.21 14.2
260.42 8.3
265.01 18.7
266.53 22.6
271.15 15.8
272.16 8.6
272.78 31.5
278.33 22.1
279.13 7.9
281.35 7.2
285.61 30.5
288.34 479.9
289.32 68.7
292.23 12.4
294.20 9.0
297.55 38.7
298.35 18.3
300.46 26.9
302.23 22.0
303.38 11.2
305.19 9.6
312.16 127.0
317.38 21.4
319.41 26.4
321.26 6.8
327.03 7.2
330.19 456.7
331.22 65.7
332.24 65.8
337.43 24.4
339.27 14.7
343.54 32.0
344.38 19.9
346.25 84.2
357.57 40.7
358.83 15.8
362.39 12.2
364.56 13.1
372.42 25.7
373.33 8.7
374.22 13.3
378.31 9.9
381.31 29.3
382.55 13.2
386.10 9.1
388.51 22.3
398.78 43.9
400.02 12.4
401.41 601.2
402.56 77.7
403.28 20.5
405.19 68.7
407.29 13.8
410.44 40.1
411.48 28.1
413.26 45.2
414.74 50.0
420.28 16.3
423.48 10.6
424.45 6.2
426.26 32.3
427.34 52.7
430.71 81.5
431.39 17.2
432.46 10.8
434.23 19.9
435.07 14.6
438.44 21.7
439.18 17.2
440.08 6.9
441.33 16.2
443.14 13.6
444.32 130.5
445.34 279.6
446.11 18.9
449.21 13.1
450.20 18.6
451.27 33.8
454.06 29.3
455.40 12.5
456.53 23.4
457.26 10.0
458.34 8.0
459.13 26.3
465.78 45.0
469.27 19.9
470.34 67.6
471.14 8.7
472.92 10.6
474.13 14.9
478.51 61.7
479.20 41.1
480.25 32.5
484.71 31.8
486.30 30.0
488.07 118.3
489.10 43.5
490.10 15.7
495.65 163.8
496.42 85.1
497.26 34.1
499.12 11.2
501.74 10.9
502.54 10.0
503.30 20.9
505.22 41.0
506.12 23.3
507.39 6.8
509.11 13.9
511.36 9.1
514.36 101.3
515.21 10.0
516.22 14.1
517.35 27.6
518.26 9.5
519.45 78.6
520.07 13.6
524.20 150.5
525.38 23.3
526.31 23.8
528.10 134.3
529.10 226.8
531.07 23.1
532.36 2141.8
533.43 493.9
534.43 58.4
535.70 8.3
536.90 131.1
537.62 18.4
538.98 12.9
540.14 54.6
541.30 87.9
542.26 388.9
543.46 93.9
544.33 39.5
545.46 26.7
546.29 63.1
546.94 72.5
550.53 47.2
551.78 40.4
552.64 260.5
553.56 11.1
554.34 24.3
555.21 31.1
556.26 34.8
557.33 55.8
558.36 85.1
559.31 260.4
560.32 487.2
561.44 232.4
562.78 74.9
563.57 6.9
567.46 63.4
568.26 17.0
571.15 52.5
571.90 109.8
572.69 63.5
573.42 32.6
574.73 26.6
575.94 90.8
576.71 36.0
579.71 62.5
580.61 65.1
582.27 12.8
583.88 273.8
585.01 414.5
585.96 60.9
586.73 13.3
587.68 39.8
588.60 36.9
590.29 33.2
593.68 759.4
594.51 9.0
595.28 40.5
611.57 5.8
619.32 7.7
620.12 16.8
621.31 31.3
625.51 13.4
627.27 144.1
627.93 50.8
628.61 20.4
630.91 20.6
632.13 6.4
635.25 19.5
636.28 21.7
637.42 157.4
638.32 21.0
640.37 11.1
645.44 1320.8
646.49 361.9
653.50 17.6
654.66 149.8
655.41 342.2
656.24 108.1
656.96 13.4
669.00 16.6
670.61 15.5
672.31 216.5
673.33 399.7
674.16 102.1
679.44 21.8
681.94 48.5
684.66 40.6
685.57 11.3
687.44 7.4
691.50 5.9
692.39 25.0
693.56 14.5
700.62 42.0
701.53 5.8
702.39 21.9
703.46 60.4
705.06 49.1
706.01 20.4
712.92 10.5
720.42 7.6
723.39 9.3
727.53 18.0
728.19 9.4
729.18 25.6
731.82 59.6
733.18 23.2
735.58 5.5
742.72 10.9
743.55 9.3
750.63 36.0
754.62 26.1
757.48 39.3
760.45 741.6
761.55 222.0
762.54 11.5
763.87 45.4
766.19 11.2
767.59 31.4
768.61 22.8
769.28 11.5
776.43 27.4
778.69 52.6
780.48 5.8
781.40 15.6
782.04 21.6
784.42 18.5
785.76 40.4
786.42 239.9
787.40 119.2
790.09 11.6
793.41 7.7
795.43 12.3
796.75 20.3
797.62 7.2
802.39 59.5
803.55 91.4
804.34 22.5
805.15 90.9
806.09 17.3
813.53 7.8
814.85 7.6
816.42 34.4
820.51 20.6
821.64 48.0
829.69 23.2
832.31 24.4
833.04 7.5
836.27 9.0
839.32 9.3
843.30 19.7
845.55 8.4
856.33 9.4
857.69 7.2
865.70 10.6
867.56 7.5
870.95 28.6
873.38 10.7
874.51 291.9
875.56 662.4
876.63 174.5
877.26 7.7
881.44 91.2
882.49 29.2
886.25 13.2
889.76 11.7
892.59 7.2
894.22 14.5
897.31 7.7
898.75 51.3
899.46 268.2
900.18 102.8
901.37 21.7
904.91 20.2
908.52 13.2
909.91 9.7
915.56 31.7
916.55 56.3
917.58 258.3
918.54 79.2
919.42 16.7
929.52 13.7
934.53 17.1
942.46 42.0
943.70 6.2
946.79 10.1
947.86 24.5
958.72 64.0
959.49 12.3
961.53 7.8
971.81 69.0
972.62 334.1
973.73 159.7
974.72 27.2
976.56 7.1
989.56 2502.5
990.55 6233.4
991.64 2670.5
993.51 20.7
994.38 81.8
995.81 18.4
1005.77 7.9
1011.63 215.3
1012.45 388.5
1013.33 137.2
1029.47 144.4
1030.50 330.3
1031.47 236.2
1042.68 8.0
1047.84 7.5
1054.46 18.8
1073.61 35.5
1088.23 16.6
1092.34 11.3
1101.38 6.2
1103.66 20.6
1113.56 75.2
1114.36 19.0
1165.82 10.3
