1324.70317 2
186.13 1.1
187.11 10.2
195.98 1.8
197.29 2.1
199.20 13.7
201.13 1.7
202.11 1.2
209.22 5.7
210.10 1.8
213.22 5.0
214.09 1.5
215.22 2.4
216.26 4.5
218.10 1.4
221.22 1.5
222.47 3.6
223.22 3.2
225.26 5.6
227.15 24.5
228.21 9.9
234.34 1.4
235.26 2.8
239.21 46.7
240.24 31.0
241.28 9.9
242.51 2.8
243.18 1.3
246.20 15.4
248.33 2.5
250.24 2.2
252.13 5.2
253.42 2.8
254.91 1.2
257.29 2.8
257.98 3.8
262.10 17.6
263.28 1.8
265.28 3.7
267.26 4.9
268.04 3.7
269.21 10.0
270.17 1.6
273.12 2.1
274.51 1.5
275.12 1.8
279.15 6.0
280.11 1.9
282.16 5.3
283.10 9.3
285.25 1.5
287.26 5.6
288.44 3.7
289.56 3.6
293.29 1.4
294.07 2.4
295.05 5.3
296.54 9.2
297.22 5.0
298.28 27.3
299.19 2.3
300.11 1.6
302.02 10.4
305.27 5.9
308.21 1.4
309.49 1.4
310.37 3.3
312.16 9.9
313.27 5.2
315.31 15.1
319.15 1.4
320.28 1.5
323.30 2.4
327.93 1.4
329.19 3.8
330.03 11.0
331.22 8.4
332.37 3.1
335.16 4.5
336.25 5.2
337.68 4.9
338.49 27.2
339.27 40.7
340.25 4.3
341.17 17.0
342.37 1.4
343.20 3.3
345.56 3.7
346.55 1.1
347.27 1.5
348.27 6.6
349.26 1.8
351.40 4.5
355.11 2.0
357.35 5.1
359.16 1.1
360.29 2.7
362.16 4.0
363.42 10.7
364.16 17.8
365.21 14.5
366.40 41.7
367.27 53.8
368.50 2.2
371.90 3.5
374.33 3.3
375.25 7.9
377.28 10.0
379.14 1.0
380.15 1.8
381.17 4.7
382.23 2.1
383.35 13.0
385.36 101.5
386.31 13.7
388.04 5.5
389.12 3.6
390.25 1.6
393.22 3.2
394.11 4.3
395.24 2.7
396.32 2.8
397.57 3.2
398.18 1.7
399.33 4.0
400.46 2.7
402.50 2.2
404.00 5.7
405.16 3.3
407.05 1.8
408.44 2.0
409.34 3.7
410.40 7.1
411.32 3.1
412.51 1.7
415.21 2.5
416.40 2.9
417.21 4.8
418.10 4.3
419.24 3.0
420.14 3.8
423.35 14.0
424.59 10.7
425.52 7.1
427.67 7.9
428.36 17.2
429.21 14.1
430.21 4.2
431.19 3.1
433.15 2.8
435.08 1.1
437.13 8.1
438.31 3.8
439.41 10.8
440.25 17.9
441.38 9.4
443.10 12.0
444.23 1.2
445.46 2.9
448.02 5.4
449.73 3.6
451.17 14.4
452.16 2.6
453.47 5.6
454.37 5.7
455.42 2.2
456.45 1.6
457.12 2.7
458.28 4.5
459.30 1.5
460.04 7.9
461.91 8.4
465.19 3.6
466.56 9.6
467.28 8.1
469.32 2.4
470.98 4.7
472.08 6.0
473.27 2.4
474.64 10.2
476.54 5.3
477.37 3.0
480.39 16.9
481.40 26.8
482.49 2.7
484.25 112.8
485.38 20.0
486.30 3.9
488.06 5.4
489.34 7.3
490.01 3.2
491.17 8.0
492.19 1.9
493.29 4.6
495.18 10.6
496.25 9.9
497.47 8.6
498.46 26.8
499.33 7.3
500.49 15.3
502.40 4.0
503.18 1.4
504.40 16.6
505.46 9.7
506.31 5.5
508.20 3.2
509.35 9.3
510.40 3.3
511.27 11.2
513.41 19.7
514.38 7.6
515.33 48.4
516.39 9.8
517.41 12.7
518.30 5.6
519.13 2.4
521.16 9.4
522.36 4.1
523.16 3.2
524.58 7.1
526.15 7.1
529.39 11.3
530.30 1.6
531.17 26.1
532.32 24.9
533.18 11.3
534.32 5.2
535.57 2.0
536.47 3.9
537.55 5.5
538.46 10.0
539.33 27.9
540.98 92.3
541.94 15.0
542.54 1.8
543.17 5.5
546.42 5.2
547.72 6.3
548.59 13.9
549.68 56.1
550.58 7.6
551.42 10.4
552.23 4.8
553.08 6.8
555.18 3.2
556.27 52.9
557.38 10.0
558.20 3.2
559.43 7.4
561.38 5.8
562.39 4.9
563.40 14.6
564.53 19.4
566.04 24.9
567.52 5.1
568.27 6.1
569.32 11.9
570.50 1.9
571.44 19.2
572.20 2.8
573.00 3.0
573.96 22.9
575.17 13.1
576.26 13.7
578.18 21.6
579.27 6.0
580.16 5.8
581.39 35.4
582.32 14.5
583.35 97.8
584.14 9.1
584.78 4.0
585.44 5.8
587.28 3.8
588.53 21.3
589.62 2.7
590.33 5.2
591.93 16.3
593.36 24.1
594.50 16.5
596.02 17.8
597.12 70.8
598.05 38.6
599.26 10.1
600.30 5.3
601.55 9.8
602.41 35.5
603.59 10.0
604.48 10.9
605.20 3.7
606.12 28.8
606.99 14.6
608.34 17.5
611.24 26.0
612.49 20.1
613.21 47.0
614.37 22.7
615.93 9.9
616.71 11.2
617.56 26.4
619.00 64.8
619.97 6.8
620.91 4.9
621.74 7.0
623.37 43.3
624.22 4.1
625.11 1.4
626.33 11.6
627.18 22.8
627.90 18.1
628.99 11.1
629.91 17.0
630.62 4.7
631.38 12.0
632.24 12.8
633.47 11.3
634.51 2.7
635.21 20.3
636.26 18.7
637.33 3.9
638.35 4.1
639.38 14.0
640.32 31.7
641.27 9.5
642.32 11.2
643.12 2.2
644.25 85.8
645.13 285.1
646.24 81.2
647.73 27.8
648.61 10.9
649.77 14.5
650.88 29.1
651.52 33.5
652.29 7.0
653.62 48.2
654.47 10.1
662.93 1.9
670.39 2.0
671.44 2.2
673.06 1.0
674.61 3.1
676.33 1.7
676.96 2.9
678.56 2.0
680.51 4.4
682.68 3.9
683.33 10.1
684.17 11.1
685.42 14.9
686.40 2.8
689.18 11.5
689.90 7.8
691.67 1.1
693.47 41.9
694.24 2.9
695.61 12.2
696.59 5.0
697.30 6.2
700.47 3.6
702.48 3.4
703.39 4.2
706.38 7.1
707.62 3.6
709.76 8.9
710.67 5.8
711.29 5.1
712.35 3.6
712.96 5.9
713.85 7.2
714.72 2.6
715.66 6.0
716.50 5.3
719.07 19.1
720.40 3.0
721.95 11.1
723.22 10.4
724.61 2.6
725.46 26.5
726.30 6.8
727.75 47.1
728.60 5.4
729.31 1.9
734.59 2.1
736.95 70.4
737.77 3.9
738.39 1.6
740.62 2.3
742.33 21.7
743.44 12.2
745.56 1.2
747.84 3.0
749.61 15.7
751.35 8.4
753.73 4.3
754.47 3.3
755.29 12.3
756.56 14.0
757.54 1.9
759.02 4.6
763.43 6.0
764.51 2.5
765.37 2.7
766.43 6.4
767.38 4.0
769.37 199.2
770.52 45.0
773.24 18.8
774.44 7.6
775.79 8.9
778.52 13.0
780.40 5.2
781.70 8.3
782.76 1.5
784.65 4.3
787.23 1.6
788.85 4.7
789.79 12.2
792.36 2.3
794.70 1.9
796.16 15.5
797.09 8.4
800.03 9.4
801.40 1.9
802.97 24.8
803.62 7.0
804.50 3.6
805.69 2.6
806.55 3.7
807.76 8.7
808.67 6.3
809.93 4.1
811.74 23.6
812.48 3.3
813.58 1.3
815.13 3.7
816.42 2.2
820.35 14.5
821.03 41.6
823.36 8.4
824.42 33.1
825.53 8.9
826.39 6.5
827.56 8.0
828.44 10.3
830.51 7.6
832.44 2.6
834.78 5.2
835.62 4.0
837.27 4.0
838.97 1.4
840.82 9.1
841.51 32.3
842.47 15.5
844.36 13.4
846.06 7.0
847.63 1.5
848.38 3.0
849.31 19.4
850.18 6.4
852.23 7.1
853.55 24.3
854.62 7.3
856.78 5.6
857.93 3.8
859.81 2.2
861.51 4.0
862.67 47.0
863.70 8.9
865.61 2.2
866.39 3.0
869.01 4.0
870.53 19.5
871.61 68.9
874.78 11.1
875.60 1.3
876.39 10.1
878.20 23.0
879.30 16.6
880.10 13.6
880.74 10.0
882.85 4.5
885.07 10.0
885.94 4.9
887.25 25.5
888.06 9.4
888.70 2.9
891.05 3.9
895.60 3.8
896.62 6.8
897.54 38.6
898.45 5.4
899.86 7.5
901.81 16.0
903.84 8.9
904.48 1.9
905.31 1.6
906.49 11.9
907.48 7.4
908.53 1.0
909.97 41.2
910.60 17.9
912.64 3.1
915.37 4.8
916.65 5.4
917.63 14.2
918.99 82.3
919.80 11.0
920.83 5.8
921.77 8.3
922.68 8.4
923.62 28.3
924.73 11.4
925.69 15.6
928.06 193.3
929.46 6.6
930.15 1.1
931.27 7.7
933.57 5.4
934.71 4.6
936.62 6.4
939.69 1.2
940.58 49.3
941.44 14.1
942.63 3.6
943.53 1.6
944.64 1.4
948.67 3.6
950.59 5.4
951.77 2.4
953.20 5.0
956.57 2.1
961.94 2.7
966.49 4.6
967.66 5.8
969.67 3.8
972.33 9.2
975.51 3.5
977.37 2.7
978.63 1.7
981.04 3.6
981.88 4.5
984.49 42.2
985.53 14.9
987.65 2.7
989.55 4.5
990.62 3.9
996.42 1.1
997.68 1.6
999.63 4.0
1002.62 1.7
1009.61 2.7
1010.55 4.8
1011.27 6.6
1012.41 2.8
1013.68 2.4
1023.52 8.0
1024.34 1.0
1026.21 2.4
1027.65 3.6
1028.34 16.9
1029.38 4.0
1032.98 7.5
1034.92 5.0
1036.50 6.9
1039.35 2.4
1044.57 2.3
1047.64 7.6
1051.74 6.3
1053.45 5.7
1056.72 12.0
1062.35 6.8
1068.08 2.1
1068.71 1.3
1076.33 2.0
1078.63 2.9
1079.67 14.5
1080.91 21.4
1081.56 33.5
1082.90 7.5
1084.83 2.7
1085.90 5.5
1089.50 3.0
1090.53 1.4
1093.89 2.3
1094.70 1.0
1095.65 2.6
1098.56 109.2
1099.48 127.8
1102.19 1.2
1107.78 10.7
1109.86 2.4
1111.56 7.1
1116.53 3.7
1123.48 1.0
1124.42 5.1
1125.64 3.2
1137.81 1.3
1141.70 3.0
1143.53 2.6
1144.22 2.5
1152.51 9.9
1153.72 5.3
1157.76 1.3
1164.52 1.0
1168.52 1.1
1169.56 10.1
1170.63 9.5
1175.60 1.9
1177.06 4.1
1179.24 5.4
1184.15 1.0
1187.17 2.6
1192.72 1.5
1193.90 1.1
1203.72 6.7
1211.61 3.3
1219.54 3.5
1223.54 7.3
1240.07 4.1
1272.59 4.9
1304.09 1.7
1312.79 1.7
1316.33 2.4
1334.48 2.3
1338.78 2.4
