916.4644 2
131.14 1.0
133.13 3.0
136.12 2.5
138.14 3.2
141.27 1.0
147.31 2.7
153.32 1.2
155.44 2.2
156.14 3.5
157.20 3.2
161.19 7.0
167.26 2.6
175.29 58.1
176.12 4.7
183.17 1.3
187.15 1.0
193.09 6.0
195.20 4.8
196.24 1.5
197.43 3.7
199.42 2.8
200.10 1.3
208.28 2.2
209.22 4.5
213.50 5.2
214.12 6.9
219.23 2.3
220.23 3.7
221.13 2.6
223.33 29.6
224.25 2.8
225.24 5.2
229.21 6.7
230.22 1.1
232.15 1.9
233.17 1.2
235.15 2.0
239.16 4.3
240.15 1.7
241.31 78.0
242.32 6.5
246.37 1.0
252.18 3.0
254.25 3.4
256.15 5.7
258.22 3.3
258.99 1.8
262.42 1.2
269.89 2.1
272.21 3.1
276.41 1.8
277.14 9.6
280.96 1.2
283.10 1.9
284.20 16.0
285.33 10.0
286.44 2.1
288.31 3.1
290.41 4.7
291.28 10.2
294.38 1.7
299.41 1.7
301.26 2.3
304.33 5.4
305.23 1.0
308.88 4.6
310.29 2.0
312.10 4.6
313.37 14.0
314.94 4.9
316.84 7.3
318.06 8.8
319.21 1.8
320.32 1.5
322.96 2.3
324.09 1.5
327.78 2.0
329.20 28.5
330.48 4.6
331.87 4.6
333.41 1.8
334.15 3.0
338.48 3.2
339.42 3.0
340.15 4.8
343.02 16.9
344.14 12.0
345.71 9.5
347.29 2.5
348.34 8.6
351.94 2.5
355.53 5.4
357.29 34.2
358.18 5.7
358.81 2.3
360.23 3.2
363.17 8.4
364.88 4.5
365.82 5.8
366.82 5.3
368.21 4.6
371.04 20.9
372.26 27.9
373.34 5.0
374.36 4.5
375.51 7.8
376.38 4.0
377.22 2.2
378.96 9.5
380.43 3.0
382.47 11.7
383.85 8.8
389.52 6.2
390.59 6.7
391.37 6.4
392.29 8.3
393.27 30.1
394.61 5.8
398.51 3.7
400.18 1.6
401.76 82.3
403.10 3.0
404.11 12.5
404.92 12.0
406.12 14.4
407.03 12.0
408.40 33.6
409.59 5.1
411.27 20.5
412.35 10.8
414.38 6.7
415.35 22.2
419.46 4.5
420.08 20.6
420.97 12.8
422.12 2.6
423.51 29.5
424.47 14.3
425.33 7.7
426.28 8.0
427.08 3.9
428.15 21.9
428.96 39.2
430.07 8.8
432.72 13.9
434.05 6.1
436.09 6.7
437.00 203.5
437.94 21.1
438.72 3.2
439.42 3.2
440.60 29.1
441.39 113.0
442.24 1.3
443.14 3.7
444.37 51.0
446.81 228.0
447.44 92.2
448.36 2.7
449.89 111.1
451.04 3.1
452.39 4.6
453.39 10.8
466.21 1.6
472.97 29.6
474.27 6.0
475.40 2.5
476.49 20.1
477.25 4.0
478.27 4.4
479.46 5.9
483.06 1.0
485.05 11.0
485.77 13.8
486.47 3.3
488.68 5.9
490.30 4.7
495.39 2.1
496.81 4.5
497.43 1.6
498.85 1.0
499.81 5.4
501.26 1.0
502.21 2.0
503.75 4.4
504.53 2.6
505.36 2.4
508.74 7.5
509.41 32.4
510.42 33.8
511.54 13.7
512.41 10.5
516.47 2.3
523.96 5.8
525.34 12.9
528.20 4.9
532.37 3.8
534.41 5.4
535.57 25.8
537.51 5.1
538.27 14.3
541.07 6.4
542.80 5.2
543.46 5.9
546.09 21.2
548.45 6.6
549.30 3.8
551.40 18.2
552.68 7.3
558.02 5.9
560.29 132.4
561.26 33.2
562.37 2.1
564.15 12.6
567.50 5.7
569.84 4.3
575.40 2.5
576.37 8.8
578.66 8.0
579.50 3.5
581.75 4.0
584.44 5.8
585.40 6.6
586.26 4.7
587.00 9.6
587.72 5.2
593.23 11.7
594.14 21.7
594.77 3.7
595.69 1.4
596.44 13.8
599.80 5.6
600.70 6.8
602.35 2.6
603.86 5.0
605.39 22.9
606.32 4.5
607.70 12.7
609.02 3.2
611.09 5.6
614.22 20.8
615.32 7.0
616.19 11.1
620.44 3.2
621.91 15.5
625.06 1.2
625.89 4.5
629.79 28.5
632.33 2.9
635.46 5.9
636.13 4.7
637.26 3.8
638.03 11.4
639.12 2.2
641.25 8.8
643.87 7.0
645.49 2.5
646.39 2.3
651.67 8.5
654.54 1.5
655.53 11.9
657.08 8.7
659.32 89.4
660.35 10.8
664.05 2.7
670.49 1.5
677.18 1.4
684.41 3.4
691.69 1.0
698.47 2.4
699.36 4.1
702.74 2.3
709.29 9.4
710.33 2.2
716.30 3.5
719.54 3.2
721.04 5.2
725.83 4.4
727.36 3.1
736.22 3.6
738.35 2.5
740.00 1.5
741.49 1.4
742.43 7.4
743.37 17.6
744.61 2.5
754.21 6.1
757.63 2.7
760.40 8.3
761.78 3.6
766.24 4.8
767.44 1.5
768.22 1.7
784.34 1.7
792.32 1.4
800.92 4.3
823.39 11.3
827.39 1.7
877.34 1.3
893.79 1.3
