1563.59697 2
222.16 1.4
228.09 1.2
229.39 3.3
235.14 3.0
236.47 10.3
239.88 1.7
241.08 2.5
242.33 1.1
246.20 6.2
257.25 1.1
258.22 2.0
260.35 1.0
263.38 1.7
266.06 1.6
267.07 2.1
268.28 6.9
269.29 1.3
273.80 10.4
275.53 4.5
280.11 1.8
281.31 3.6
283.39 1.4
284.28 1.7
285.28 1.2
285.91 6.9
289.28 1.4
292.32 1.1
293.23 5.1
306.23 2.1
306.89 1.9
309.17 4.2
312.03 3.8
313.18 12.5
319.83 2.7
322.53 6.8
323.17 5.3
328.06 1.3
331.24 1.7
333.18 1.9
334.34 3.9
335.35 5.9
339.22 5.3
340.29 6.2
341.20 7.2
343.27 1.2
344.37 5.5
345.54 2.2
350.19 2.4
351.37 4.2
352.43 3.8
353.12 3.4
354.68 7.8
355.59 7.5
356.64 2.6
358.20 3.1
361.12 2.2
362.93 3.7
364.35 2.8
366.44 9.0
370.19 1.2
374.26 3.2
377.42 10.4
378.46 1.7
379.12 2.2
380.02 3.7
381.13 7.5
382.25 4.7
387.37 3.5
388.21 6.7
390.30 4.4
392.41 2.3
394.23 1.7
396.21 4.1
397.16 7.9
398.15 12.4
399.08 5.9
402.35 11.7
403.56 9.1
407.34 7.5
408.10 5.8
409.02 1.5
410.06 2.2
413.78 4.5
414.46 1.4
420.49 3.1
421.26 2.2
423.41 1.4
425.05 65.6
426.24 77.4
427.32 10.4
429.15 3.5
430.24 1.1
433.34 6.0
435.29 4.3
437.49 4.1
438.36 7.5
439.49 9.8
440.47 3.4
441.10 1.7
445.46 12.6
450.60 7.7
451.50 1.0
452.12 8.1
453.32 10.7
454.26 1.8
455.16 10.2
457.08 3.4
458.80 3.8
462.41 2.2
463.15 3.8
464.22 1.9
465.31 2.4
466.36 8.4
467.27 2.5
468.27 2.4
470.21 5.5
471.42 4.8
472.50 4.1
473.32 2.2
474.40 1.5
476.11 6.0
477.75 1.7
479.38 3.3
480.07 3.9
481.17 3.9
482.36 1.2
484.22 8.7
485.39 3.3
486.56 8.7
488.18 6.0
490.19 2.2
491.11 6.5
495.13 6.1
496.60 7.3
497.42 9.7
498.51 2.4
499.18 4.0
500.29 2.0
502.12 3.2
503.42 5.8
504.19 6.9
505.16 11.6
506.41 2.6
508.44 9.2
509.33 3.2
510.68 17.3
512.11 6.8
513.01 5.7
514.48 5.2
515.15 3.1
515.86 5.9
516.50 4.2
517.40 1.1
518.49 2.3
519.45 3.4
520.47 5.3
522.33 7.4
523.54 19.3
524.35 8.8
525.24 17.0
526.15 9.6
527.09 1.5
528.48 8.4
529.45 2.7
530.45 4.8
532.16 5.8
533.49 4.8
534.42 5.7
535.20 1.2
536.53 18.1
537.30 1.5
539.23 12.9
540.28 3.6
542.41 11.1
543.42 1.7
544.27 10.0
545.21 1.9
547.69 7.9
548.50 1.6
549.52 5.3
550.33 6.0
551.11 16.0
553.26 112.3
554.29 198.4
554.94 4.9
556.22 2.7
557.49 5.9
558.34 7.8
559.15 4.3
561.44 1.0
563.20 5.0
564.49 11.2
565.77 19.6
566.69 6.6
567.59 8.7
569.20 28.5
570.35 6.1
571.16 3.4
572.20 1.7
573.21 3.2
574.87 8.4
575.57 4.2
577.32 5.7
578.68 16.3
579.72 8.8
580.73 14.3
581.44 6.3
582.33 4.9
583.44 11.7
585.14 6.4
586.09 10.8
587.39 6.2
588.35 4.3
589.40 7.5
591.02 34.5
592.21 30.6
593.01 13.3
593.87 10.4
595.15 22.6
596.21 7.6
597.48 14.9
598.19 5.8
599.58 15.8
601.06 29.7
602.27 6.0
603.40 28.6
604.49 18.8
605.32 5.2
606.14 9.3
606.86 7.8
607.79 8.1
608.61 9.0
609.50 28.2
610.64 1.7
612.12 7.0
613.07 6.3
614.47 14.9
615.24 6.9
616.12 5.0
617.07 11.7
618.37 8.5
619.31 2.1
620.54 25.7
621.77 11.0
623.08 21.3
623.70 28.7
624.53 38.4
625.43 1.0
626.51 18.1
627.73 17.7
628.37 11.4
629.32 8.6
630.19 27.7
631.04 10.4
631.70 9.5
632.60 26.1
633.80 19.2
634.69 24.8
635.83 33.7
636.69 26.8
637.91 13.3
638.87 30.4
639.75 16.0
640.72 11.9
641.74 28.6
642.72 9.0
644.39 56.2
645.35 10.3
646.39 28.7
647.44 35.9
648.39 13.5
649.08 19.2
650.44 34.7
651.44 49.3
652.34 21.1
653.17 24.1
654.11 27.3
655.58 49.3
656.50 9.9
657.52 17.7
658.69 28.6
659.56 22.9
660.47 51.2
661.56 31.9
662.77 26.2
663.70 34.8
664.67 23.2
665.30 13.2
666.06 36.9
667.53 61.5
668.33 45.3
669.15 115.9
670.00 61.2
671.11 25.0
672.02 38.1
673.19 44.7
674.48 49.1
675.52 84.3
676.58 74.7
677.41 37.5
678.57 31.7
679.48 32.2
680.69 25.0
682.01 180.4
682.80 47.4
683.60 20.6
684.51 17.6
686.00 58.0
687.14 79.5
688.17 56.1
689.14 75.7
690.29 43.4
691.46 46.4
692.41 34.6
693.52 60.1
694.79 79.0
695.72 204.7
696.68 270.3
698.28 26.1
699.21 26.1
700.16 63.0
701.09 39.6
701.99 42.8
703.71 460.1
704.62 308.8
705.48 40.6
706.64 46.6
707.49 36.9
708.30 81.8
709.17 215.3
709.92 82.7
711.22 67.9
712.08 142.8
713.16 54.7
714.24 119.1
715.22 121.2
716.37 111.1
717.26 151.5
718.13 241.9
719.03 64.6
720.20 80.0
721.05 48.3
722.44 88.1
723.41 72.8
724.73 98.9
725.67 214.1
726.65 196.2
727.65 170.6
728.60 63.9
729.65 80.9
730.64 192.7
731.71 168.4
732.70 179.3
733.38 66.4
734.03 200.4
735.32 200.8
736.13 240.7
737.15 228.2
738.12 236.3
739.14 219.0
740.52 408.5
741.54 104.2
742.66 228.7
743.57 113.7
744.75 76.7
745.65 496.9
746.39 518.5
747.03 417.0
747.98 68.2
749.56 742.5
750.64 309.7
751.63 1003.1
752.52 318.6
753.64 269.5
754.56 131.4
755.71 96.1
756.54 42.0
757.31 4.2
758.67 403.8
759.61 1104.0
760.56 2631.0
761.47 505.0
764.66 1318.6
765.50 665.2
766.33 71.3
767.54 913.9
768.58 4555.6
769.46 835.1
770.53 7.7
773.62 3527.1
774.53 816.3
775.90 3.2
778.37 3.4
782.83 2.9
786.36 7.2
789.33 2.0
790.60 1.9
792.80 1.4
793.64 4.9
794.41 4.2
798.24 7.3
802.32 1.1
803.17 2.7
805.69 1.5
806.51 4.4
807.94 1.7
808.77 2.7
809.51 13.6
810.84 6.4
811.64 3.8
812.64 1.0
814.94 5.2
816.14 9.8
817.61 11.6
819.39 2.6
820.58 14.0
821.51 1.2
822.40 1.3
823.47 1.6
824.55 4.3
825.29 5.9
826.41 3.1
827.86 2.0
829.46 2.1
831.04 9.9
832.30 2.3
835.09 5.9
836.54 4.5
837.57 6.5
842.33 1.7
843.56 4.9
850.05 4.0
851.50 2.2
852.25 2.0
854.62 18.5
855.54 3.4
856.68 8.2
857.81 4.6
860.40 4.8
861.53 3.6
862.68 1.6
865.99 7.9
866.66 2.5
867.76 20.1
869.80 5.9
870.46 3.9
871.58 19.6
875.36 16.0
877.84 7.5
879.32 29.6
879.94 1.4
880.63 3.8
881.46 10.8
883.25 4.0
884.33 4.5
885.86 5.2
887.32 3.0
888.55 5.7
889.57 7.2
891.41 7.5
892.47 3.6
893.47 2.4
896.03 56.0
898.53 1.9
899.69 4.5
900.48 5.8
901.39 1.9
902.51 7.0
904.27 2.9
905.52 8.9
906.46 8.9
907.23 5.2
909.32 5.1
910.99 4.9
911.68 7.2
912.40 2.3
913.29 2.4
914.54 2.0
916.31 4.8
918.76 1.3
919.57 1.8
921.57 4.8
922.84 2.6
924.48 16.9
926.12 2.1
927.58 3.6
928.61 6.0
929.55 4.7
930.68 4.5
931.76 11.9
933.89 9.3
934.62 2.0
938.62 1.7
939.57 7.4
941.16 2.2
943.68 4.0
945.29 1.6
945.89 6.5
949.59 12.2
950.40 1.3
951.25 3.9
956.25 2.5
958.54 15.2
959.47 1.0
960.66 13.2
961.77 12.2
963.01 10.5
963.64 6.8
964.52 2.2
966.31 7.5
968.50 9.9
971.53 5.9
973.65 1.9
975.24 1.1
977.44 9.2
978.36 1.2
979.69 2.2
980.82 7.2
982.21 2.2
983.20 1.9
984.58 1.7
986.39 9.7
990.80 4.1
994.75 3.3
995.52 35.0
996.45 23.0
998.51 4.5
1000.43 4.1
1001.53 4.2
1002.80 7.6
1003.73 3.3
1007.00 4.4
1007.88 5.6
1008.60 4.6
1009.78 7.2
1010.73 3.3
1012.39 3.0
1013.50 10.0
1014.72 14.4
1017.63 2.4
1018.50 2.4
1019.83 5.2
1021.56 3.1
1022.71 10.5
1023.41 1.8
1024.56 12.8
1025.50 3.5
1026.21 2.4
1028.47 14.5
1029.77 7.4
1031.74 1.8
1033.38 13.6
1035.33 3.3
1036.68 1.7
1037.54 5.8
1041.14 36.2
1042.41 10.5
1043.48 8.8
1044.48 14.0
1045.48 7.4
1046.46 1.7
1047.69 1.4
1048.51 2.3
1052.28 3.2
1054.46 4.9
1055.28 2.9
1057.39 11.8
1058.50 2.3
1066.65 2.7
1069.40 7.7
1072.25 1.2
1074.50 4.6
1077.53 1.1
1078.98 5.6
1080.61 4.1
1081.58 2.5
1084.62 14.3
1085.56 12.7
1086.64 6.5
1088.88 3.2
1090.49 7.6
1093.55 4.8
1095.02 6.5
1095.96 2.2
1096.57 4.4
1097.50 1.5
1098.64 3.3
1100.01 5.6
1101.38 3.4
1102.25 3.8
1108.07 10.4
1112.41 7.5
1113.23 3.8
1115.63 4.8
1118.00 1.8
1125.53 4.1
1126.92 1.2
1129.72 13.0
1130.57 13.9
1133.66 6.3
1134.57 3.7
1136.23 7.3
1143.76 4.7
1147.64 3.9
1152.64 6.5
1155.33 6.0
1156.62 2.5
1158.49 5.2
1159.70 7.0
1161.67 1.3
1165.29 5.1
1166.46 4.8
1171.65 2.6
1174.64 2.0
1177.29 1.8
1184.62 3.7
1185.27 4.3
1186.10 4.7
1187.62 7.6
1188.41 7.8
1189.42 6.4
1191.49 3.0
1193.01 7.8
1199.70 5.8
1201.74 2.6
1203.99 6.8
1207.81 1.1
1208.66 1.4
1213.51 5.3
1218.43 4.4
1223.71 1.4
1227.05 5.6
1228.95 3.2
1236.53 2.4
1241.47 2.7
1245.38 11.2
1247.02 5.0
1254.52 1.6
1256.61 2.6
1257.54 3.1
1261.62 1.4
1263.63 11.0
1264.52 2.1
1267.20 1.2
1272.63 6.4
1280.77 6.0
1282.50 2.2
1284.58 3.2
1286.70 24.0
1292.52 1.1
1297.77 1.4
1302.06 5.1
1312.83 1.1
1313.69 4.2
1314.49 4.3
1318.69 1.1
1328.86 4.0
1335.01 6.2
1340.53 2.0
1341.65 7.6
1343.95 4.8
1346.87 2.1
1353.10 3.0
1358.71 2.4
1362.11 2.7
1366.72 3.5
1369.61 1.3
1374.21 6.6
1374.96 6.4
1375.67 2.0
1376.92 2.9
1383.44 3.0
1385.46 4.5
1388.50 3.4
1391.54 3.9
1393.73 10.9
1394.73 3.3
1405.82 2.7
1407.66 1.9
1410.75 9.8
1411.86 1.1
1412.84 4.8
1416.85 6.2
1422.69 2.2
1424.98 2.4
1428.60 6.3
1429.57 3.1
1431.58 5.4
1432.25 1.8
1433.61 1.1
1439.69 3.1
1440.42 6.9
1442.83 2.3
1444.61 2.2
1447.83 1.7
1450.54 1.7
1451.51 5.1
1454.78 3.7
1455.66 8.7
1460.28 1.5
1462.62 9.1
1463.47 2.9
1468.50 1.4
1470.16 2.1
1475.72 10.5
1476.68 2.7
1477.57 1.6
1478.70 2.1
1480.32 8.8
1481.58 8.2
1484.89 4.8
1488.59 2.6
1492.13 1.7
1495.02 7.2
1496.99 9.1
1498.47 31.0
1499.79 15.5
1506.40 4.7
1507.80 5.4
1511.52 3.0
1512.60 2.4
1513.95 12.7
1514.84 16.5
1515.69 7.6
1523.68 32.7
1524.72 27.6
1525.67 17.7
1526.68 3.5
1527.54 2.3
1541.70 222.1
1542.67 156.4
1543.66 76.5
1544.86 11.2
