1622.81206 2
238.63 5.2
239.36 2.7
245.16 2.1
248.23 2.3
252.23 3.2
254.96 1.5
256.21 2.6
257.42 2.1
258.24 3.0
262.37 3.1
269.21 14.2
270.26 2.5
273.12 4.0
274.14 14.5
275.24 8.1
276.21 1.2
278.19 2.5
280.37 2.9
281.00 1.4
283.45 7.0
284.15 2.1
285.15 4.1
287.18 3.0
292.21 2.3
297.31 2.8
298.29 2.0
299.42 2.9
300.32 9.1
303.38 1.3
307.11 1.4
310.33 3.9
311.34 4.1
312.06 1.4
318.23 1.3
320.07 19.6
321.31 2.3
324.08 2.9
327.29 15.0
332.26 3.9
337.29 3.3
340.57 2.7
342.17 1.9
344.34 7.6
345.34 8.8
346.37 10.3
349.14 3.0
352.23 12.1
354.33 3.3
355.25 1.2
359.37 8.0
367.03 2.4
368.10 1.4
370.07 10.9
371.20 30.8
373.21 6.3
375.18 1.1
376.20 6.7
378.47 1.1
381.26 4.7
385.43 4.8
386.36 12.1
387.30 39.7
388.23 15.7
389.24 3.8
392.40 5.2
394.48 5.4
396.40 9.3
397.26 1.6
398.47 4.5
399.19 3.1
400.17 11.4
411.02 7.2
413.16 7.0
414.20 8.8
415.14 3.9
416.18 3.4
417.31 15.5
418.10 6.3
420.29 3.4
423.54 1.7
425.23 3.0
426.05 2.3
427.17 2.5
428.58 16.8
429.46 4.2
434.25 30.8
435.21 7.0
437.21 12.0
438.24 18.2
439.62 2.5
440.23 5.9
445.02 1.0
446.67 5.2
447.87 6.1
449.37 5.0
452.43 2.8
454.22 11.7
455.35 7.9
456.18 4.8
458.50 10.5
459.29 6.2
463.35 5.5
465.07 7.3
466.19 15.1
467.04 8.0
468.17 2.4
471.35 6.0
472.27 38.8
473.41 13.7
474.20 11.8
474.90 1.8
476.17 2.5
482.32 7.5
483.24 23.7
484.25 19.1
485.26 10.6
486.35 4.0
487.56 8.2
489.21 3.2
490.26 24.1
491.13 4.5
492.32 2.6
495.15 5.2
496.43 5.9
498.09 5.4
499.31 24.1
500.31 43.9
501.24 12.3
502.39 8.8
503.30 3.9
504.07 1.3
505.43 3.8
507.08 2.4
508.17 1.9
509.25 2.1
511.34 3.3
513.31 3.0
514.03 5.1
516.47 9.2
517.22 47.8
518.42 130.1
519.32 30.8
520.61 9.2
523.21 1.5
525.14 13.0
527.31 1.1
530.52 4.0
532.29 1.3
533.32 1.9
534.38 9.2
535.35 10.3
536.08 10.0
538.13 6.9
539.52 13.0
541.08 10.6
542.20 14.2
545.50 8.1
546.31 4.1
547.16 4.6
549.42 11.3
550.55 6.8
551.19 1.7
552.30 6.3
553.21 12.1
554.27 4.2
555.97 4.7
556.97 1.1
557.80 3.1
558.58 6.8
559.33 6.6
560.67 4.4
561.36 2.6
562.43 2.7
563.39 4.2
564.91 4.2
565.71 2.4
567.11 15.4
567.95 3.2
569.37 17.1
570.29 4.4
574.23 1.1
575.26 2.7
576.42 9.7
577.86 11.9
578.52 1.3
579.36 5.0
580.38 9.4
581.39 4.7
582.44 6.0
583.71 17.5
585.16 21.7
586.41 19.3
587.02 1.7
588.35 5.3
593.15 1.0
594.12 10.8
595.29 17.1
596.28 10.1
597.97 15.1
599.22 10.3
600.79 8.2
602.69 13.1
603.60 11.6
604.50 2.7
607.44 4.6
609.41 11.0
611.21 3.4
612.15 30.8
613.40 52.2
614.16 9.3
616.44 14.3
617.35 1.8
618.30 8.0
620.43 5.9
621.50 7.2
624.72 5.4
625.45 5.9
627.12 16.8
627.90 1.1
629.09 4.5
630.48 50.7
631.43 152.9
632.42 46.8
633.37 23.1
636.99 16.9
637.61 1.3
640.02 3.8
642.03 3.8
643.53 25.9
644.60 14.4
645.40 4.8
646.17 2.2
647.98 13.4
649.23 11.8
650.56 2.5
651.73 13.6
652.38 1.2
653.44 4.9
654.30 10.4
655.22 47.7
656.11 9.6
657.28 14.1
658.70 6.6
659.98 5.2
660.93 1.9
662.83 7.4
663.85 23.5
664.50 11.5
665.16 2.7
666.44 7.0
667.58 10.7
668.42 2.5
669.45 5.3
670.22 3.5
672.23 35.4
672.93 24.7
673.79 12.4
675.49 7.9
676.27 3.0
677.53 12.6
678.27 2.5
680.00 11.0
681.34 31.5
681.98 21.4
682.90 4.0
683.77 7.7
684.46 8.3
686.31 8.5
687.67 1.2
690.02 9.8
692.35 4.7
693.21 7.7
694.20 1.8
695.20 31.0
696.37 13.5
697.85 10.4
698.82 14.8
699.46 10.4
700.38 3.4
701.41 15.4
702.73 8.2
703.66 10.2
704.66 4.3
705.66 5.8
706.65 9.7
709.36 23.2
710.43 2.7
711.40 2.7
712.37 8.2
713.47 18.6
716.48 12.3
717.28 10.7
718.03 17.8
719.10 6.9
720.91 16.7
721.62 1.3
722.64 5.7
723.51 3.4
724.53 5.8
725.29 12.2
725.95 9.9
726.96 11.7
727.69 12.8
728.44 21.4
729.76 109.7
730.57 13.4
731.38 14.0
732.30 6.8
732.90 4.0
733.76 12.9
734.98 13.1
736.69 8.8
737.44 12.1
738.36 31.5
739.09 48.3
739.79 10.8
740.48 10.7
743.80 32.7
744.82 18.5
745.83 27.8
746.44 122.2
747.71 38.0
749.87 12.2
751.30 1.9
752.32 20.1
753.43 11.4
754.45 5.0
755.18 14.6
755.90 5.5
756.75 14.0
758.39 21.3
759.24 21.9
759.99 4.9
760.67 2.7
761.68 1.9
763.21 79.5
764.22 9.5
766.60 21.1
767.56 55.7
768.28 50.4
769.51 7.3
770.65 2.6
772.24 63.3
773.60 31.5
774.37 4.0
774.99 5.8
776.16 28.7
777.40 25.6
778.50 12.7
779.19 20.0
779.79 3.4
781.06 50.7
782.01 22.5
782.64 3.1
784.34 47.1
785.30 45.8
786.34 19.1
788.46 8.2
789.93 100.7
790.88 47.6
792.94 18.2
794.31 578.8
795.18 255.9
796.13 22.2
796.94 22.8
798.33 1.2
798.96 4.5
800.20 22.6
801.07 6.4
802.12 12.4
803.33 47.0
804.02 15.6
812.87 3.4
813.94 1.8
824.35 4.9
825.55 2.4
826.35 7.0
827.51 2.4
828.57 3.9
833.28 10.3
834.46 5.8
836.89 2.3
840.58 3.7
842.51 6.3
843.58 16.8
845.16 6.1
853.43 1.7
856.42 2.5
859.01 10.1
860.48 186.3
861.61 117.6
862.56 30.8
865.82 8.9
867.46 2.7
868.22 1.8
871.79 7.8
874.44 1.2
876.09 7.0
877.41 5.1
878.51 10.4
881.08 5.5
883.48 2.7
884.19 2.1
885.09 6.6
888.70 19.6
892.88 20.7
896.30 5.9
897.44 1.2
898.44 5.2
899.46 5.2
902.37 8.6
904.17 5.3
913.34 3.1
916.02 7.4
916.72 1.1
918.57 5.1
920.02 2.9
921.96 6.3
923.33 3.7
925.58 4.3
928.26 3.9
930.67 3.5
931.78 2.8
934.11 5.5
935.10 4.1
936.25 5.4
938.39 2.9
939.53 14.8
940.34 3.3
941.12 6.5
947.09 18.7
950.88 5.3
951.65 6.6
952.53 1.4
954.20 5.9
955.35 3.7
956.42 2.2
957.49 24.5
958.53 23.2
959.42 7.0
960.47 3.1
961.43 6.1
962.62 6.3
967.81 4.7
968.77 11.9
970.36 11.9
973.20 13.5
974.59 19.6
975.56 457.0
976.54 316.8
977.57 98.5
978.76 1.2
979.55 4.6
983.62 1.9
987.60 4.3
988.39 4.8
990.48 12.2
992.44 50.0
993.36 8.9
994.54 13.5
995.62 3.4
996.36 3.7
998.40 1.1
999.31 2.5
1000.14 2.3
1003.78 1.4
1005.77 9.1
1009.74 3.2
1012.42 9.0
1013.07 5.2
1013.75 3.0
1014.64 1.6
1015.55 16.1
1016.68 5.8
1018.02 2.5
1019.51 1.1
1022.57 1.2
1023.47 1.7
1025.17 2.7
1026.91 11.4
1028.71 6.9
1029.51 9.5
1030.43 3.6
1032.62 10.9
1034.45 1.8
1035.16 3.3
1041.43 3.4
1044.70 1.9
1046.53 3.4
1047.94 10.3
1051.37 7.8
1052.37 15.3
1053.28 20.7
1054.13 5.0
1055.89 17.7
1058.43 2.9
1059.27 1.8
1060.24 3.7
1061.64 2.8
1064.94 2.1
1066.63 3.3
1067.25 2.8
1069.50 6.9
1070.34 9.9
1071.59 30.0
1072.42 2.1
1073.34 1.1
1075.34 4.0
1077.61 4.5
1080.46 4.4
1084.06 3.9
1085.58 10.9
1086.67 6.9
1087.43 5.7
1088.60 263.2
1089.66 195.4
1090.66 48.5
1092.09 5.9
1094.55 4.3
1096.31 5.9
1097.08 3.7
1099.56 1.2
1101.77 3.5
1102.54 9.2
1104.81 23.0
1105.58 15.6
1106.56 8.9
1107.54 6.8
1110.68 7.9
1111.51 5.0
1112.21 7.0
1113.28 7.7
1114.68 2.0
1116.27 6.0
1117.55 3.1
1118.86 2.7
1120.44 1.7
1122.77 6.3
1123.49 1.7
1124.31 5.4
1125.25 8.0
1127.69 2.3
1131.26 9.9
1133.24 2.0
1134.17 3.3
1138.54 2.0
1139.71 1.3
1140.67 2.7
1142.48 3.0
1143.30 2.6
1144.56 2.4
1145.82 6.1
1147.45 11.0
1148.60 2.0
1150.69 6.8
1152.10 2.5
1153.14 3.9
1153.77 2.4
1154.64 5.6
1156.86 1.0
1157.97 2.9
1158.98 1.2
1161.05 2.2
1161.73 2.7
1166.58 4.3
1168.54 5.4
1169.28 3.9
1171.64 9.2
1172.71 7.9
1173.79 2.2
1175.57 4.9
1182.00 6.5
1182.76 5.0
1183.86 2.8
1184.59 3.6
1185.54 4.0
1189.69 95.7
1190.75 66.4
1191.64 21.8
1192.41 2.9
1199.66 4.0
1201.30 16.4
1202.62 2.4
1206.49 2.6
1215.61 3.1
1216.87 1.2
1218.21 7.1
1218.94 4.6
1219.61 7.3
1221.62 2.1
1223.88 5.0
1224.53 2.3
1233.48 1.1
1235.49 2.8
1236.56 14.2
1237.63 8.8
1239.31 3.1
1240.63 5.9
1246.66 5.4
1248.50 3.6
1249.31 1.7
1251.07 3.6
1265.25 1.1
1268.37 5.8
1269.91 6.0
1271.81 5.4
1273.77 2.0
1280.27 1.6
1280.96 2.4
1282.53 1.5
1286.78 25.3
1287.96 7.1
1288.82 2.9
1291.85 3.0
1296.86 1.5
1297.91 7.0
1303.03 2.7
1303.73 20.8
1304.84 37.2
1305.70 17.8
1309.62 3.1
1311.88 2.5
1313.74 3.6
1314.62 11.1
1316.69 4.4
1317.64 9.2
1323.66 3.3
1332.21 21.6
1333.47 8.7
1334.70 14.7
1335.66 2.8
1341.51 1.6
1343.50 8.3
1344.77 18.5
1345.67 4.5
1347.64 7.5
1349.46 11.1
1350.60 11.6
1358.90 2.6
1360.79 13.6
1361.74 21.4
1362.54 7.5
1363.14 6.4
1374.39 1.8
1377.47 1.5
1378.15 3.4
1382.77 4.1
1383.64 4.2
1385.90 2.9
1386.61 1.0
1392.76 1.6
1396.91 1.6
1397.62 4.6
1410.75 1.7
1411.88 2.1
1417.44 3.8
1418.50 5.1
1420.60 3.1
1426.61 9.9
1427.88 3.5
1428.60 16.5
1430.81 2.5
1432.67 3.2
1433.74 2.6
1434.64 6.4
1438.01 4.5
1438.95 1.6
1444.46 21.6
1445.41 22.4
1446.52 12.7
1447.52 1.7
1449.45 2.3
1458.67 3.8
1460.87 10.5
1462.83 12.7
1463.64 12.2
1464.60 4.1
1467.80 10.4
1469.11 3.0
1473.53 2.1
1476.75 4.4
1485.60 10.1
1486.75 4.4
1495.79 3.2
1548.69 1.6
1585.03 1.4
1590.84 3.3
1602.79 1.1
