2726.35122 4
196.21 1.6
197.11 1.7
200.19 4.7
204.10 4.1
206.00 4.1
207.25 3.1
209.07 5.1
210.08 3.3
213.14 3.3
218.30 5.2
221.24 3.7
224.13 2.9
227.25 7.2
228.26 19.0
229.05 3.6
230.19 8.4
241.80 2.3
243.06 3.3
244.24 2.9
253.07 1.6
254.29 13.7
255.30 12.0
256.29 6.8
263.20 1.7
267.20 3.3
269.31 6.7
270.14 7.7
271.47 3.5
273.16 34.4
274.17 61.1
275.19 3.6
276.31 3.4
276.98 2.9
279.26 61.8
280.19 10.8
283.37 25.1
284.11 7.0
286.33 2.5
287.09 4.3
288.33 5.4
291.18 253.8
292.25 24.9
293.54 5.5
297.07 4.7
298.71 3.7
299.37 26.8
300.41 2.5
301.29 9.8
302.11 9.1
303.25 8.5
304.40 12.4
305.09 4.2
306.29 5.9
307.22 6.7
311.70 7.0
313.09 18.3
316.22 2.3
317.27 2.5
320.35 1.8
321.21 1.8
322.08 4.0
325.21 3.0
326.28 4.2
331.35 4.7
334.30 2.5
338.30 4.3
339.16 13.0
342.02 11.8
342.74 2.0
343.38 1.5
346.15 10.8
347.40 9.1
348.03 1.7
349.21 11.7
350.20 4.4
351.28 3.7
354.24 13.5
355.84 1.9
357.39 4.6
358.35 2.4
365.20 16.2
367.37 2.8
368.31 19.8
369.34 15.0
371.15 7.0
373.59 4.6
374.23 31.7
375.39 9.3
378.24 8.5
381.17 7.6
382.10 3.2
383.10 6.5
384.28 6.6
386.27 9.4
387.38 19.5
388.29 8.7
390.25 4.4
392.60 5.0
396.20 32.6
399.59 3.8
400.39 22.3
402.25 1.8
403.42 8.6
404.24 56.0
405.75 8.0
408.47 9.4
409.18 2.4
410.28 7.4
411.53 13.8
413.82 24.4
414.44 11.4
416.20 3.3
419.13 51.2
420.46 13.8
421.54 3.2
423.48 5.3
424.32 79.8
425.32 15.1
426.38 4.5
429.60 8.0
434.02 1.9
437.34 7.5
438.76 5.2
440.33 3.0
441.12 2.1
442.51 6.1
444.26 9.5
445.40 6.1
448.41 20.3
449.03 4.1
451.36 5.5
452.21 1.5
453.22 5.2
455.33 35.2
456.43 8.7
458.55 7.5
460.46 7.9
461.36 9.6
462.22 13.0
463.42 5.6
464.50 8.0
465.18 4.3
466.49 2.7
468.01 9.9
468.92 16.5
469.61 5.3
470.22 7.6
472.86 16.8
474.27 4.9
479.11 17.8
480.36 16.5
482.31 7.1
483.38 10.5
484.13 2.2
486.50 12.3
487.44 3.0
488.49 17.5
492.30 4.5
494.31 10.3
496.52 9.2
497.42 16.4
498.42 4.4
500.35 11.7
501.24 21.5
502.37 8.3
503.26 7.2
507.15 13.5
508.63 1.6
509.29 2.1
510.55 24.7
511.42 5.5
512.19 9.3
513.16 1.7
514.27 24.1
515.48 4.6
516.52 11.6
517.77 11.5
518.53 11.9
519.43 5.0
520.30 6.3
521.34 9.5
522.04 1.9
523.51 18.0
524.59 13.0
525.52 7.7
526.55 24.6
527.45 5.8
528.21 8.1
529.11 2.6
530.49 18.9
531.86 27.8
532.47 2.0
534.90 20.9
535.62 3.5
537.36 89.0
538.42 19.2
539.30 7.2
539.99 9.1
541.22 20.6
543.30 12.1
543.91 4.6
545.76 11.0
546.72 11.3
547.80 28.3
548.88 7.7
549.97 35.7
551.30 15.2
553.53 14.8
554.27 33.7
555.34 8.4
557.13 24.5
557.99 15.7
558.95 27.4
560.37 4.0
561.47 15.9
562.56 20.4
563.42 13.7
564.24 13.7
565.33 12.1
566.52 64.5
567.25 50.8
568.14 16.5
569.17 95.8
570.48 24.5
571.21 10.9
572.73 33.0
573.98 12.3
574.67 31.7
575.30 11.8
577.43 39.5
578.46 4.4
579.48 31.2
580.38 7.8
581.60 156.4
582.32 58.2
583.39 23.6
584.80 13.6
585.45 14.3
586.44 19.7
587.52 16.6
588.64 13.5
589.52 2.5
590.61 29.9
591.91 30.8
593.19 12.4
593.83 11.6
595.32 4.8
596.10 27.1
596.96 38.6
597.75 61.6
598.54 46.9
600.06 70.5
601.14 30.1
601.75 4.7
603.01 137.3
604.75 97.7
605.60 239.7
606.47 40.9
607.38 65.7
608.99 33.7
610.18 236.1
611.30 35.9
612.42 58.6
613.85 19.4
614.48 8.4
615.35 10.1
615.98 25.3
616.91 112.3
617.78 15.2
618.99 49.8
619.71 101.1
620.79 36.7
621.41 85.1
622.25 64.7
624.05 203.2
625.06 26.3
626.37 292.6
627.13 83.6
628.24 86.3
629.01 54.2
630.19 134.5
631.07 742.5
632.51 14.8
634.02 158.2
635.39 1779.5
636.17 64.7
637.04 17.9
638.27 115.2
639.10 48.1
640.13 15.0
640.78 263.1
641.94 51.1
642.99 202.3
644.05 76.0
645.28 1083.7
646.50 29.2
647.54 8.7
648.49 29.2
649.56 686.5
650.63 103.0
651.82 257.5
652.68 175.3
653.52 93.0
654.70 22.4
655.35 52.7
656.18 31.6
657.23 50.6
658.11 132.3
659.11 21.9
660.46 113.5
661.11 53.1
662.05 46.8
662.82 98.6
663.51 180.2
664.24 88.6
665.11 343.2
666.82 341.5
667.67 87.9
668.88 207.2
669.49 367.7
670.41 86.5
671.58 299.4
672.30 138.6
673.30 90.7
673.94 55.6
675.00 17.4
677.15 7.5
678.62 4.7
683.51 2.8
686.02 7.1
687.45 7.2
691.61 5.8
692.23 14.3
696.52 8.1
697.83 14.7
700.77 5.3
701.53 23.8
703.87 32.0
705.89 23.6
706.83 9.8
707.62 10.2
708.22 2.1
709.17 9.0
709.98 2.2
710.96 16.8
712.53 34.5
713.40 27.5
715.38 16.4
716.47 11.9
718.19 1.6
719.37 31.6
721.05 6.7
721.71 2.8
722.46 2.0
723.36 15.4
724.07 14.9
725.61 14.8
727.64 64.8
728.51 22.0
729.13 17.5
730.79 41.6
731.85 10.7
732.84 293.0
734.57 25.3
735.42 11.0
738.79 51.6
739.58 262.9
740.63 120.3
741.63 30.9
742.69 16.1
743.72 3.7
745.42 7.7
748.59 12.9
749.33 9.2
750.52 7.8
751.68 11.6
753.75 24.1
755.05 26.0
755.82 13.2
756.71 1.8
759.11 5.2
760.34 32.2
762.64 31.9
763.80 13.7
765.52 64.6
766.19 6.8
769.31 189.1
770.38 42.6
771.57 29.4
773.02 27.8
773.80 9.2
775.16 1485.3
775.76 1881.7
777.71 21.9
778.58 4.7
779.79 26.5
780.80 19.1
782.22 7.1
783.49 12.4
784.90 29.1
785.71 17.5
786.72 9.3
787.45 16.3
788.41 23.7
789.09 30.4
790.03 38.2
791.53 15.7
793.61 73.3
794.56 34.6
795.56 23.4
797.83 135.1
798.74 29.0
801.48 31.4
802.30 33.0
803.34 269.1
803.97 331.7
804.69 14.4
806.98 254.3
807.60 242.9
809.24 285.4
810.28 36.6
810.93 16.9
813.20 9191.6
814.60 3.8
815.25 10.9
816.43 26.4
818.64 19.6
819.42 17.7
820.24 11.7
822.19 628.7
823.46 12.7
825.66 7.8
826.67 54.3
827.89 99.2
828.85 22.0
829.60 2.0
830.31 24.2
832.14 501.2
832.91 71.3
834.07 14.7
834.90 58.7
835.72 17.5
836.61 11.1
837.35 55.0
838.02 80.4
839.26 31.2
840.84 2559.8
842.35 10.1
843.62 2.2
844.84 34.4
846.18 65.9
846.82 4119.1
848.68 61.6
849.54 169.2
850.48 89.9
851.23 98.2
852.11 46.0
853.71 18.1
854.63 20.4
856.64 27.9
857.84 8.9
859.28 59.8
859.91 782.1
861.38 9.4
862.02 7.0
863.96 19.4
865.31 174.2
865.94 4759.2
867.27 9.2
869.89 3.8
871.72 84.2
872.75 43.5
873.57 13.1
874.49 8.7
875.51 2.8
877.06 3.5
878.01 3.6
878.81 14.3
881.19 7.5
882.86 10.4
883.64 3.9
884.27 2.8
885.87 46.2
887.46 11.7
888.22 3.1
889.78 8.7
890.60 10.0
891.62 23.0
892.64 14.6
893.79 12.5
894.94 31.1
896.32 6.1
897.70 14.9
898.58 21.2
899.69 44.3
900.55 25.9
901.99 10.9
903.41 1.6
904.57 8.0
905.66 10.1
907.39 54.4
908.23 136.4
909.16 30.4
912.69 16.4
914.28 13.8
916.60 3.4
919.70 28.0
920.53 12.2
921.62 10.6
922.53 11.6
923.63 7.6
925.67 46.1
926.70 3.1
928.48 44.9
929.51 36.4
931.21 10.4
934.41 44.4
935.42 37.3
936.46 43.0
939.75 16.1
940.83 26.6
941.62 6.2
942.85 34.0
943.78 19.0
945.02 39.5
946.62 2.5
948.57 6.8
949.60 3.9
950.50 23.0
951.75 17.3
953.57 25.8
954.66 7.0
955.97 13.0
956.72 11.4
957.56 15.5
958.71 2.1
960.50 19.7
962.58 7.8
963.25 11.8
964.03 2.9
964.94 6.7
965.67 2.6
967.64 1.6
968.48 2.9
969.67 8.1
973.67 6.8
976.15 20.2
977.81 20.8
978.87 2.7
980.22 13.0
980.97 5.9
984.09 11.2
984.74 4.7
985.72 20.5
988.00 13.7
990.23 7.3
991.60 8.4
992.62 11.4
994.52 25.7
998.38 7.4
999.07 7.7
999.70 5.4
1001.45 70.8
1002.55 6.1
1003.58 19.0
1004.39 3.6
1005.29 7.1
1008.22 11.6
1011.18 2.7
1012.37 18.3
1016.52 4.1
1017.57 5.7
1019.84 3.2
1021.13 56.5
1022.06 18.5
1027.12 12.6
1028.28 3.0
1029.99 19.5
1031.48 5.0
1036.49 6.2
1041.67 4.8
1048.58 13.6
1052.60 10.5
1053.52 10.7
1054.44 12.7
1055.47 3.7
1057.56 3.1
1058.76 5.1
1059.66 4.8
1062.91 1.7
1063.68 23.7
1067.19 2.8
1068.45 14.6
1069.78 9.7
1070.64 2.7
1072.28 11.0
1073.52 10.7
1075.25 14.4
1076.75 6.8
1084.17 3.2
1085.56 137.1
1086.49 21.3
1087.24 11.6
1088.74 2.9
1089.55 13.0
1093.42 6.6
1095.67 5.8
1098.51 6.4
1099.56 2.7
1100.29 3.9
1101.85 3.5
1103.60 12.4
1105.22 5.5
1109.90 6.5
1113.88 3.3
1114.60 1.9
1119.55 3.4
1121.34 21.4
1125.46 5.2
1127.77 1.8
1128.91 38.7
1131.49 7.5
1132.54 26.9
1133.33 17.7
1134.72 13.8
1135.92 9.2
1138.16 4.1
1141.59 2.9
1143.47 2.2
1145.74 5.3
1148.72 2.2
1151.91 2.7
1154.67 8.5
1156.12 5.4
1156.92 6.5
1160.76 9.7
1165.47 5.6
1169.43 7.2
1170.30 2.2
1171.68 12.6
1173.66 14.4
1181.73 6.8
1184.75 18.3
1188.39 4.6
1189.74 1.8
1192.07 5.0
1196.30 6.4
1197.30 19.3
1199.40 3.9
1204.76 1.9
1211.69 8.6
1218.76 3.9
1222.86 2.0
1224.90 3.8
1226.64 4.9
1231.65 5.1
1239.68 1.8
1245.60 3.0
1250.26 21.6
1257.81 3.8
1288.90 5.0
1302.61 2.6
1303.85 2.0
1309.47 2.0
1312.74 1.9
1325.86 2.1
1332.66 1.6
1347.50 2.5
1356.74 6.0
1384.20 2.7
1438.74 4.9
1443.50 1.7
1448.88 4.4
1459.05 4.7
1487.47 3.3
1509.35 5.1
1570.02 4.5
1599.98 2.4
1614.38 7.8
1643.94 2.0
1655.32 5.6
1672.87 6.2
1703.86 2.4
1706.73 5.3
1852.01 6.4
1857.42 5.6
