1546.81328 2
219.19 1.7
225.12 1.9
226.02 11.2
227.30 9.9
229.06 1.6
232.21 3.7
233.26 1.5
235.28 3.8
237.94 3.0
240.07 3.4
242.12 18.4
243.26 4.1
245.22 4.0
246.58 1.3
247.28 1.3
248.25 1.5
249.33 1.7
251.14 2.9
252.09 2.4
253.17 1.1
257.61 2.2
266.12 1.5
269.08 4.2
270.35 10.2
271.28 1.5
273.29 3.5
274.23 2.9
278.30 7.9
280.25 38.1
284.29 9.0
286.24 5.2
287.25 1.8
290.99 1.4
294.18 1.0
295.39 3.4
296.32 8.1
298.23 10.8
299.49 1.8
301.25 6.3
304.44 4.5
307.91 7.6
309.17 2.0
310.38 1.3
311.20 2.5
312.42 1.9
313.45 2.0
314.19 5.8
315.23 6.3
316.50 1.4
317.22 1.2
318.26 2.3
319.15 18.6
320.13 2.0
323.18 6.3
325.56 2.9
329.69 1.7
332.27 2.0
333.23 1.6
336.30 3.0
338.05 4.1
340.38 4.6
341.34 1.7
345.08 5.2
346.25 1.1
347.33 3.3
348.12 2.6
349.12 2.0
351.25 3.0
352.13 3.4
353.04 10.8
355.91 2.1
359.13 5.8
363.34 1.3
364.17 6.0
365.38 2.7
366.42 9.1
370.12 2.6
371.02 5.3
375.12 1.0
377.22 4.0
378.63 3.1
383.44 16.0
384.46 2.5
385.39 3.0
387.18 1.5
388.32 6.7
389.06 3.6
390.61 2.3
391.48 2.4
393.38 1.2
395.27 11.1
396.50 4.9
397.18 5.8
398.10 2.6
399.13 2.4
400.55 1.6
401.57 3.8
402.53 8.2
403.61 1.8
404.54 6.6
405.19 5.4
406.32 1.4
408.78 5.8
409.43 2.8
411.28 42.5
412.31 11.8
413.36 8.5
414.00 9.1
414.64 2.4
416.66 3.4
418.27 1.9
420.63 3.9
421.25 2.3
422.37 17.9
423.56 12.3
424.55 9.2
426.34 2.3
428.16 11.0
429.32 20.7
430.29 3.2
431.38 1.2
432.48 5.3
433.36 3.8
435.24 5.2
436.18 4.5
437.47 1.4
438.38 3.9
440.41 38.9
441.30 4.6
442.48 1.5
446.03 9.4
447.45 1.0
448.17 2.3
450.38 2.9
451.24 3.7
454.51 1.1
456.20 2.9
457.28 10.0
458.48 3.7
459.78 7.8
460.49 4.4
461.24 2.6
462.42 8.7
463.67 5.5
464.37 22.1
465.73 4.9
466.95 17.5
469.21 1.8
470.22 9.0
472.32 1.8
474.46 1.5
475.29 4.2
477.25 1.4
478.61 6.1
481.09 12.4
482.18 18.3
484.11 11.8
486.98 6.2
488.18 7.5
489.96 7.9
491.33 1.1
492.38 9.4
495.68 1.8
497.54 6.3
498.76 14.5
499.68 9.5
500.31 8.3
501.15 1.5
502.38 6.7
503.20 5.5
504.07 3.8
505.36 20.5
506.35 3.3
507.39 5.1
509.32 4.9
510.30 11.6
511.31 9.6
512.28 15.5
514.27 4.8
515.35 27.3
516.26 19.1
517.38 11.2
518.09 4.1
519.43 9.9
521.55 56.1
522.44 2.0
523.40 2.8
524.78 1.3
527.47 49.7
528.71 8.9
530.16 34.2
532.17 9.3
533.22 36.4
534.50 11.7
535.39 20.2
539.30 267.0
540.49 7.5
541.49 10.3
542.67 5.1
543.68 5.0
544.39 14.2
545.78 3.0
546.93 15.5
548.16 5.5
549.33 8.2
550.26 8.8
551.24 32.4
552.30 10.3
553.57 14.2
554.19 1.2
555.08 10.5
556.31 1.8
557.42 4.7
558.33 16.0
559.60 10.9
562.87 20.0
563.84 10.2
565.27 4.6
566.69 2.2
567.79 9.6
568.45 8.8
569.43 35.0
570.38 14.6
571.60 17.7
572.62 8.4
573.42 20.8
575.38 7.9
576.28 6.4
577.02 3.0
578.39 14.3
579.42 20.3
580.52 2.1
581.12 9.3
582.25 1.1
583.51 19.4
584.52 7.6
585.61 24.1
586.41 12.1
587.69 54.0
588.48 9.5
589.38 3.7
590.34 10.6
591.40 29.1
592.75 5.0
593.94 14.2
595.35 14.2
596.75 127.7
597.51 36.4
598.63 18.4
599.42 3.2
601.39 15.5
602.50 1.9
603.27 1.5
604.33 5.6
605.74 139.5
606.51 27.9
607.38 8.9
608.39 52.9
609.33 5.4
609.94 1.6
612.01 15.0
613.00 6.8
614.37 34.4
615.21 37.2
616.56 7.0
617.59 16.2
618.95 8.9
619.86 6.1
620.52 1.4
622.17 16.3
623.63 8.1
624.56 7.8
625.57 18.8
626.35 70.5
627.04 33.2
628.11 3.6
628.87 8.8
630.71 31.4
631.43 15.8
632.14 14.5
632.81 5.7
633.84 10.7
635.41 239.5
636.38 6.7
637.22 10.0
639.62 33.4
640.41 54.7
641.41 15.9
642.72 39.7
643.46 55.9
644.37 291.3
645.03 38.2
645.86 11.1
646.53 4.5
647.38 9.4
649.03 98.5
650.08 19.4
650.99 30.4
651.78 1.5
652.72 16.2
653.47 55.2
655.16 31.8
656.24 9.9
657.20 19.1
658.73 41.7
659.83 23.2
660.83 4.4
661.44 21.0
662.73 32.5
663.70 29.5
664.91 16.7
665.55 6.9
666.27 17.3
667.13 10.5
669.20 35.3
669.93 10.3
671.33 49.8
672.23 10.8
673.63 40.2
674.67 68.2
675.88 19.9
676.76 14.1
677.87 25.0
678.48 9.6
679.57 25.4
680.30 10.1
681.60 23.0
682.68 23.1
683.48 113.2
684.48 32.7
685.17 10.1
686.48 39.0
687.15 71.3
688.42 10.8
689.59 30.5
690.47 14.4
691.87 151.9
692.56 89.4
693.70 14.2
694.74 10.4
696.36 3.9
697.20 9.4
698.81 40.2
699.68 32.5
700.84 289.8
701.49 126.8
702.56 53.9
703.66 5.1
704.40 4.5
705.54 2.0
707.18 68.3
708.37 142.0
709.98 236.8
711.26 3.1
712.47 58.0
713.42 6.8
714.47 17.5
715.32 8.5
716.69 34.6
717.54 41.4
718.46 4.1
719.25 5.9
720.54 49.9
721.43 51.9
722.32 15.9
723.37 8.3
725.11 27.5
725.93 25.7
727.62 7.8
728.42 29.7
729.19 57.3
730.47 44.4
731.37 4.9
732.58 8.2
733.22 43.8
734.07 18.4
734.77 5.1
735.65 31.3
736.85 19.2
737.80 139.2
738.48 113.5
739.14 19.2
740.36 65.3
741.63 97.8
742.64 99.7
743.28 25.9
743.97 12.7
744.82 14.3
745.59 17.9
747.06 854.2
748.60 20.8
749.87 20.8
750.95 252.9
751.60 106.7
752.51 23.5
753.39 3.7
755.92 3014.9
756.55 552.7
757.24 52.4
758.32 72.3
759.08 64.5
759.96 235.1
760.93 71.8
761.78 84.3
762.53 5.4
764.08 20.5
764.95 10.9
765.81 4.8
773.80 4.8
782.46 4.8
786.43 4.6
787.29 4.7
788.46 7.4
789.88 5.8
790.57 2.6
791.63 5.1
792.43 2.7
794.37 9.9
796.51 8.1
797.54 5.4
799.47 7.3
800.36 5.5
801.52 2.1
803.34 9.6
804.45 13.1
805.26 2.2
806.20 1.3
807.53 2.5
808.49 7.2
809.60 12.2
811.29 2.5
812.65 4.2
813.54 1.9
816.26 3.3
818.34 6.4
819.20 18.2
820.50 5.9
821.60 8.1
822.62 9.8
823.41 6.6
825.28 8.3
826.37 41.9
827.55 50.6
828.54 11.3
830.35 13.2
831.60 2.8
834.49 18.0
836.13 6.6
837.17 6.8
838.53 1.8
840.96 15.1
843.42 4.0
844.30 5.0
845.55 17.7
846.83 13.6
848.40 12.3
849.82 5.7
850.89 1.7
851.62 1.1
853.67 63.6
855.84 5.0
856.53 1.5
857.36 15.8
858.57 5.8
859.63 33.6
860.69 9.3
861.83 6.5
862.89 5.3
863.74 11.3
864.38 3.9
865.34 1.3
866.65 7.7
868.76 16.4
869.52 17.8
870.62 4.9
871.33 10.5
872.30 2.2
873.56 11.2
874.46 10.8
875.08 8.6
876.52 27.1
877.44 10.4
878.95 13.9
879.71 4.7
881.05 3.0
882.05 2.6
883.82 2.6
885.44 2.6
886.52 19.9
888.53 31.9
889.74 1.8
892.41 8.6
893.44 12.1
894.21 9.9
896.41 6.4
897.49 4.8
898.68 2.5
899.58 1.3
900.21 7.3
902.51 1.1
903.98 3.8
904.68 13.8
906.98 2.8
908.38 9.2
909.30 3.4
910.42 7.9
911.61 1.2
912.65 8.0
914.60 6.2
915.67 14.0
917.21 1.0
918.32 15.7
919.56 5.9
920.84 6.6
921.58 25.8
922.66 6.0
924.85 2.4
925.58 3.5
927.23 3.4
928.26 12.1
929.04 3.7
930.84 1.0
931.67 4.9
932.76 15.1
933.61 13.9
934.76 15.9
935.67 3.0
937.77 3.7
938.76 18.0
939.49 29.7
940.61 15.3
941.55 2.9
942.54 33.0
943.44 6.4
944.47 15.1
946.30 4.2
948.57 9.4
950.46 15.6
951.74 1.3
953.00 3.4
953.84 21.1
955.64 4.6
956.99 10.0
957.84 5.2
959.10 7.8
960.72 21.8
961.71 12.3
963.45 2.8
966.96 7.3
968.71 15.8
970.33 3.4
971.33 12.6
972.53 42.8
973.62 23.9
975.88 5.4
977.53 8.1
978.68 96.0
979.85 9.1
980.70 1.0
981.80 6.2
982.59 1.1
984.26 11.4
985.81 6.2
987.51 7.3
990.52 285.6
991.63 59.9
992.84 15.3
993.93 21.3
994.85 17.7
995.63 1.8
996.70 13.9
997.46 4.0
998.47 11.3
999.30 21.9
999.99 2.9
1002.22 7.8
1004.51 2.4
1005.38 1.6
1006.59 5.2
1007.86 11.6
1008.51 429.0
1009.58 44.0
1010.61 1.8
1012.45 19.7
1014.19 16.0
1016.03 11.7
1016.69 2.3
1018.62 2.2
1020.64 10.9
1021.64 2.3
1022.58 19.2
1023.46 6.9
1024.83 11.1
1025.61 8.1
1026.81 28.5
1028.20 16.0
1029.86 4.4
1030.61 6.5
1031.43 11.0
1033.73 6.1
1034.53 7.4
1035.18 5.0
1036.45 13.3
1037.82 11.1
1039.06 15.4
1040.68 6.8
1041.51 5.1
1044.49 8.6
1045.15 8.0
1046.39 5.2
1047.49 25.7
1048.40 8.5
1050.49 3.3
1051.99 19.8
1053.73 11.7
1055.12 26.4
1055.91 1.6
1057.70 6.3
1058.51 2.8
1061.70 2.4
1062.49 13.1
1064.47 17.7
1065.60 43.2
1066.71 14.4
1068.93 2.0
1070.27 5.6
1071.64 16.7
1072.69 10.0
1074.45 10.9
1075.46 3.9
1076.48 3.3
1079.47 14.8
1080.54 1.8
1081.57 8.6
1082.67 9.5
1083.59 2.6
1085.45 8.6
1086.36 5.5
1086.97 3.1
1087.82 17.3
1088.53 6.3
1089.49 12.7
1094.68 20.4
1095.73 5.8
1097.08 6.7
1098.70 2.0
1099.46 2.4
1100.67 5.7
1101.46 10.2
1102.69 8.0
1103.64 2.4
1104.61 7.4
1105.58 28.2
1106.96 9.3
1107.60 2.0
1108.59 5.9
1115.50 4.9
1118.80 14.6
1119.67 1.3
1120.78 5.1
1122.85 2.1
1123.72 2.1
1126.34 10.1
1130.03 2.8
1133.59 4.6
1135.03 4.7
1135.82 15.9
1136.90 35.4
1137.89 2.2
1138.82 1.6
1140.07 8.1
1141.78 13.5
1142.58 3.1
1145.54 1.9
1148.59 4.1
1150.41 1.6
1151.40 3.1
1152.72 8.6
1153.36 5.0
1154.56 12.8
1156.56 7.6
1157.45 1.5
1164.74 3.8
1165.79 3.2
1169.20 2.3
1170.93 1.9
1172.62 3.4
1174.67 51.5
1175.67 11.5
1179.29 3.7
1181.78 8.6
1182.68 4.7
1183.68 5.5
1184.64 2.0
1186.88 3.4
1187.94 5.4
1188.87 1.6
1191.47 7.0
1192.68 46.1
1193.84 1.3
1194.70 1.5
1199.84 6.0
1200.52 8.3
1201.66 2.5
1203.34 3.1
1210.41 34.5
1211.17 19.3
1211.96 3.1
1214.36 5.6
1215.61 2.3
1217.25 3.2
1218.51 5.2
1220.75 6.4
1228.62 12.1
1229.78 10.2
1231.13 1.4
1231.75 18.2
1233.52 3.8
1235.01 1.0
1236.55 2.6
1237.59 3.0
1240.32 2.4
1249.71 42.2
1251.99 10.3
1255.08 2.6
1256.70 4.5
1263.87 3.0
1269.66 13.9
1270.63 10.8
1271.49 3.2
1274.02 1.2
1277.45 2.9
1279.12 4.5
1280.75 7.7
1283.61 1.4
1284.86 3.0
1286.55 4.8
1287.58 38.3
1288.43 2.0
1289.63 16.0
1295.83 5.7
1297.88 18.5
1298.63 5.9
1299.52 4.3
1300.20 3.9
1301.17 9.2
1302.06 7.1
1305.53 28.3
1306.81 6.2
1310.13 2.5
1310.91 1.1
1315.53 2.7
1317.53 6.1
1318.69 6.3
1319.95 2.2
1323.19 3.1
1324.82 1.4
1327.23 4.9
1328.46 1.0
1330.79 1.0
1334.38 1.1
1336.71 2.3
1337.68 2.7
1341.46 2.0
1344.43 5.7
1345.86 2.8
1346.94 1.3
1348.71 3.0
1349.71 2.7
1350.51 4.2
1353.87 1.6
1356.69 2.2
1359.87 2.3
1361.77 4.2
1362.82 1.3
1363.69 4.9
1364.75 1.3
1366.00 3.5
1366.91 3.4
1372.53 9.2
1381.64 1.8
1383.82 2.3
1384.52 1.4
1386.60 3.2
1394.31 2.9
1396.58 9.1
1400.63 5.7
1401.39 5.7
1402.75 1.8
1412.15 2.9
1413.66 11.5
1414.47 1.8
1419.06 3.5
1422.80 1.3
1431.85 6.8
1432.83 5.4
1459.85 1.5
1477.62 1.0
1495.31 2.2
1509.09 12.4
1515.71 1.6
1517.85 2.6
1540.93 2.5
