1448.68695 3
142.97 7.4
148.30 6.7
155.25 7.8
156.16 1.4
157.33 3.7
158.23 6.5
159.12 3.1
161.11 29.5
162.23 7.9
167.03 1.4
172.24 2.3
173.18 22.8
175.30 18.4
185.18 3.3
188.14 3.1
190.35 4.2
193.07 3.4
194.18 2.2
198.10 4.3
200.99 9.1
203.24 6.8
205.14 5.2
206.28 1.2
207.09 2.0
211.21 5.0
212.52 1.8
217.24 1.8
219.26 1.8
222.33 2.0
223.22 5.3
224.46 5.4
226.21 6.2
233.34 6.2
238.25 2.7
241.23 18.7
242.09 1.0
244.14 8.3
245.13 1.2
246.28 1.9
249.85 7.7
250.92 1.7
254.18 1.0
255.24 1.4
258.00 5.1
262.20 5.0
263.30 1.3
264.23 5.1
266.34 2.4
270.20 2.8
271.96 1.4
274.32 10.2
275.56 1.0
279.95 1.2
285.11 4.3
288.43 14.6
289.25 14.9
290.11 2.7
291.60 9.2
297.43 1.7
298.30 8.9
304.08 3.7
304.84 4.9
307.14 2.6
308.47 3.5
309.28 37.5
310.50 4.6
311.41 2.6
313.36 1.9
316.36 1.4
317.29 6.9
318.39 15.3
320.79 9.3
322.76 14.1
323.43 1.6
325.69 26.2
326.40 19.1
328.48 5.7
331.24 3.6
333.30 6.5
334.14 2.5
335.14 1.9
338.39 4.3
340.61 9.8
341.94 13.0
343.29 29.0
344.28 32.7
347.08 17.0
347.80 1.3
350.16 19.1
356.38 3.8
357.50 16.8
358.71 109.1
359.38 50.8
360.10 2.4
361.04 9.3
362.96 18.1
364.02 19.9
367.33 13.0
367.97 3.3
368.95 32.0
370.90 14.5
372.78 88.4
373.72 7.3
375.04 5.9
376.25 1.1
377.59 3.3
378.86 1446.2
380.44 9.7
382.04 8.6
383.41 4.3
385.22 2.3
386.47 7.2
387.37 1.8
388.96 9.6
389.89 27.9
392.35 3.1
397.42 5.6
399.53 17.3
400.61 10.6
401.25 2.1
402.54 37.9
403.48 11.7
404.62 1.4
405.26 20.7
406.41 7.3
407.29 12.3
409.21 59.0
410.30 11.3
411.33 33.5
412.43 5.1
413.32 9.9
414.24 5.8
417.07 185.8
418.30 42.8
419.33 21.4
420.22 12.3
422.38 2.4
423.65 6.7
424.25 3.7
425.31 4.0
426.09 20.9
426.93 93.1
427.65 4.3
428.46 1.2
431.37 25.2
432.30 5.1
433.49 14.5
434.76 23.3
435.67 5.1
437.02 10.6
437.98 1.3
439.37 67.3
440.35 11.0
443.08 22.3
443.93 10.4
445.26 24.8
446.04 177.3
446.71 9.6
447.95 1.3
449.41 68.7
450.86 35.4
451.87 7.0
453.43 92.9
454.38 31.0
455.13 13.2
456.09 15.8
457.01 14.7
457.88 18.6
460.90 28.7
461.91 128.5
462.82 47.8
465.03 44.4
466.15 59.4
466.85 13.9
467.88 15.6
468.99 54.4
471.45 89.9
472.14 241.1
473.89 116.9
475.43 1372.3
476.28 2.9
477.38 7.4
489.34 25.0
490.17 5.5
493.44 12.1
499.36 5.1
501.40 2.4
502.87 2.0
504.30 4.1
506.32 1.7
507.73 3.1
508.49 1.0
509.41 2.1
510.42 1.2
511.36 4.7
514.40 2.8
515.73 13.8
516.53 3.8
519.23 2.3
523.76 32.3
524.42 30.4
525.35 3.2
528.34 6.4
530.42 7.6
532.33 3.6
533.04 3.9
534.03 4.7
535.38 3.1
537.50 39.2
538.95 12.3
540.83 1.7
541.45 18.6
542.28 10.8
545.68 6.9
546.73 5.3
547.68 8.0
548.46 4.4
549.21 8.2
552.62 11.3
558.63 43.1
559.51 8.5
560.50 8.6
561.24 2.3
562.28 3.7
563.16 2.6
566.01 1.7
567.47 358.6
568.46 52.9
570.33 7.4
571.03 7.7
572.28 2.8
573.39 2.3
575.40 12.3
576.95 1.0
577.55 1.2
578.48 1.2
580.18 12.2
581.24 19.2
582.47 3.2
583.48 1.1
584.37 1.0
585.38 2.0
586.97 9.1
590.40 17.4
591.01 6.5
593.17 20.6
594.70 28.6
595.62 20.2
599.67 6.7
600.50 3.5
602.56 24.8
605.60 11.2
606.27 5.5
607.37 37.5
608.35 16.2
610.42 7.4
611.19 3.2
615.86 54.9
616.76 19.1
618.60 2.2
620.31 41.5
621.29 6.9
622.16 7.1
623.22 45.9
625.08 510.3
625.98 101.9
626.61 4.8
629.38 9.2
630.47 10.8
636.79 2.6
638.26 51.9
639.28 18.5
640.09 2.7
641.08 3.9
642.20 11.7
644.22 8.9
645.34 4.6
647.01 53.7
647.83 20.3
648.70 1.5
649.56 1.2
650.45 28.0
651.57 9.8
652.54 4.9
653.54 4.3
654.23 5.6
655.92 14.2
657.30 2.0
659.25 58.0
660.14 59.4
660.79 3.5
664.44 4.1
665.30 25.9
666.35 2.7
668.52 783.8
669.47 116.1
670.55 1.0
671.72 2.0
673.48 103.6
674.40 10.7
676.37 4.5
681.56 1.7
682.47 27.5
683.58 15.6
684.62 8.3
685.25 16.4
686.11 6.3
687.37 4.1
688.10 5.4
689.37 4.2
692.37 13.7
693.57 12.8
695.92 4.6
697.34 6.4
698.48 5.3
699.39 4.7
705.32 1.2
709.49 17.8
710.42 4.1
716.35 96.4
717.41 41.1
718.31 9.9
724.41 5.4
731.46 6.1
733.44 26.0
734.25 3.7
740.24 3.7
741.54 2.8
743.56 2.4
744.52 27.0
750.42 2.0
751.47 2.2
758.40 1.3
764.52 5.7
765.29 2.2
767.32 6.0
771.15 2.7
772.20 1.3
773.72 2.4
778.34 1.1
785.20 3.0
787.38 2.0
789.32 40.4
790.65 16.6
792.59 1.6
793.53 6.4
796.33 6.0
798.44 5.2
799.27 22.5
800.46 4.3
806.51 33.1
807.29 25.7
814.54 3.0
818.51 2.1
823.41 1.2
824.47 12.9
826.51 2.3
831.56 2.0
836.49 1.5
840.75 2.5
850.36 11.1
868.71 3.6
870.41 2.0
872.49 3.5
891.21 5.3
893.79 1.6
911.59 1.8
929.79 2.9
967.40 3.0
977.50 4.6
978.50 1.1
1029.05 1.5
1040.69 1.9
1074.56 3.4
1085.30 1.7
1092.58 1.7
1093.61 3.0
1108.44 1.5
1143.76 1.1
1155.03 4.8
1161.45 2.4
1180.89 1.5
