1802.93181 2
262.07 1.3
268.31 2.0
271.40 1.0
276.29 2.4
279.27 1.7
282.16 2.9
283.55 2.7
294.27 1.2
295.21 1.7
297.59 2.0
303.93 1.3
308.31 6.3
311.50 2.0
313.33 3.8
317.33 16.0
322.31 2.7
323.54 1.6
325.22 7.0
328.21 7.4
329.37 1.5
337.33 2.1
338.50 1.7
339.31 4.4
340.23 6.2
341.37 5.5
343.20 21.6
344.24 3.4
350.75 8.1
352.29 2.9
353.51 3.7
360.29 1.9
363.15 2.8
367.19 4.6
370.36 2.7
373.57 2.1
394.06 1.4
405.34 2.3
406.39 2.9
408.16 4.4
411.25 13.4
413.09 2.3
414.31 8.5
415.38 1.8
419.56 2.0
428.28 5.7
431.36 115.1
432.42 7.0
437.42 6.6
438.35 2.7
439.44 9.7
440.35 10.6
442.13 67.0
443.48 1.5
447.50 1.1
449.02 4.0
451.42 5.9
452.20 5.1
453.95 4.3
455.51 1.2
456.23 1.7
457.17 9.1
459.04 1.2
460.60 3.6
462.32 6.0
465.25 2.1
466.18 5.0
468.41 1.9
470.15 4.2
471.31 3.1
472.15 9.3
473.34 4.6
481.50 2.9
482.18 2.6
486.22 3.8
487.56 7.6
492.24 5.0
493.24 6.9
497.09 4.5
504.22 2.6
505.24 12.9
505.97 1.4
508.37 3.3
510.61 17.0
512.30 4.1
513.38 2.5
515.11 2.7
518.21 3.8
519.47 1.2
520.24 2.3
520.89 1.8
522.08 1.0
524.12 2.4
525.38 10.6
526.63 3.4
527.36 18.4
527.99 1.3
531.56 5.4
532.37 4.2
532.98 2.4
534.46 5.4
535.67 2.0
536.28 5.0
537.36 4.7
538.31 11.8
539.24 5.5
540.72 1.4
542.19 3.4
544.29 62.4
545.35 19.0
546.59 7.3
547.40 3.9
551.17 5.5
552.16 1.5
555.34 39.3
556.29 5.3
557.35 2.5
560.29 2.7
562.22 2.3
563.51 1.5
564.12 5.7
565.29 8.0
566.45 2.4
567.28 1.4
568.59 16.9
569.42 2.3
570.26 3.5
571.26 15.0
577.90 8.2
579.50 4.3
581.45 4.9
582.15 9.7
585.37 5.1
587.29 2.2
591.07 1.5
595.12 4.2
596.43 6.0
597.43 12.6
601.49 11.6
602.20 4.5
603.28 5.9
604.65 1.2
605.37 3.7
606.65 1.1
609.19 4.4
610.52 3.5
611.63 12.4
613.26 1.3
617.48 3.2
618.38 1.7
621.43 5.7
622.32 4.0
623.57 5.4
625.85 8.9
627.01 3.4
628.30 4.9
629.34 11.2
631.25 7.6
632.68 6.8
635.62 2.7
636.94 6.9
638.28 2.2
639.31 7.8
640.80 3.5
643.01 3.6
645.23 9.1
646.19 6.0
647.36 12.6
648.30 2.2
649.31 4.2
651.40 3.4
652.45 7.8
654.05 2.1
656.16 5.3
657.20 4.1
661.32 4.2
663.25 38.7
664.14 9.3
666.33 17.6
667.39 51.4
669.24 8.5
670.27 1.8
671.51 9.7
672.88 11.6
676.24 2.6
677.41 7.2
678.66 3.8
681.56 11.0
682.98 1.0
684.34 81.7
685.21 13.0
686.70 8.9
687.49 4.3
688.19 1.8
691.42 72.5
692.48 26.1
695.35 2.8
697.37 11.5
698.46 7.8
699.52 3.9
701.31 5.0
703.22 5.2
706.47 12.8
707.48 3.9
709.31 7.1
712.08 3.6
713.40 5.5
715.18 2.2
717.53 1.8
718.54 5.0
719.33 3.4
721.74 7.0
722.46 8.3
723.07 4.0
724.45 13.1
725.46 6.1
728.17 1.2
730.09 4.6
730.97 6.9
731.84 11.5
734.37 12.7
735.47 1.2
738.35 4.6
740.20 13.9
741.17 28.0
742.10 4.1
744.79 5.5
746.30 1.0
747.92 12.9
749.34 1.5
750.46 4.1
751.58 1.7
754.49 1.7
756.66 17.6
757.56 3.1
758.60 1.1
759.97 20.9
761.67 5.8
762.55 8.3
763.96 4.7
765.61 33.5
766.41 6.3
769.23 12.0
770.17 6.5
771.22 22.7
772.40 5.0
773.04 4.6
774.82 2.1
777.46 4.8
778.21 5.2
779.31 27.4
780.35 11.6
781.18 11.0
782.66 8.3
783.43 7.9
785.63 11.6
786.76 14.1
787.58 132.3
788.54 98.0
789.64 11.4
790.74 12.1
792.06 17.2
795.51 12.9
796.51 2.5
797.18 3.8
798.13 4.8
799.33 4.0
800.33 3.9
801.63 18.7
802.45 24.3
803.33 1.8
804.62 9.4
807.30 3.2
810.24 11.0
812.22 9.5
813.60 1.5
815.83 1.8
817.96 9.7
819.43 154.9
820.52 28.2
821.71 16.7
822.54 1.2
824.14 6.9
826.74 27.6
827.35 6.3
828.73 7.3
829.56 4.2
833.21 1.6
834.49 10.8
835.75 13.9
836.47 26.8
837.09 3.9
838.35 31.7
839.40 6.1
840.73 22.8
841.57 6.7
842.37 1.9
845.01 27.6
845.83 4.8
847.08 7.9
848.07 11.3
849.31 4.1
850.69 5.1
852.32 4.2
854.39 5.5
855.41 9.4
856.36 3.1
857.48 17.9
858.44 17.7
859.48 2.7
861.25 11.3
861.88 2.7
864.19 14.3
865.51 2.4
866.40 9.6
867.89 2.0
868.84 3.3
869.78 22.5
870.58 16.8
871.71 15.8
874.97 13.7
875.89 43.7
876.67 7.3
879.66 25.4
881.27 9.6
882.15 9.9
883.31 71.3
883.97 45.8
884.84 169.5
885.77 15.6
886.69 2.5
887.73 5.9
889.80 25.9
892.73 1.0
913.35 1.1
915.50 3.1
917.18 5.4
919.53 1.4
920.78 3.2
922.65 5.0
926.44 5.4
930.54 6.6
931.39 5.2
932.65 20.2
933.35 5.8
937.02 10.7
939.57 1.1
947.44 2.7
948.61 49.8
949.59 9.4
950.39 6.5
951.35 3.5
953.47 2.3
954.69 2.6
960.83 6.9
965.19 4.3
966.15 2.6
967.53 17.8
968.53 6.0
970.44 2.1
971.34 3.0
972.40 9.5
973.68 5.8
977.31 10.0
980.08 11.0
982.84 6.5
984.28 52.9
985.40 8.8
989.10 32.9
990.25 6.0
991.17 6.5
996.00 3.1
999.50 1.7
1000.95 8.1
1001.69 1.6
1003.57 10.0
1007.06 6.1
1010.32 10.2
1011.53 1.6
1015.43 1.2
1016.75 11.4
1020.00 6.6
1022.64 2.2
1024.32 5.6
1028.03 3.8
1029.00 2.2
1032.45 3.2
1039.48 4.2
1041.42 1.8
1043.67 4.3
1045.44 10.7
1046.17 6.2
1051.78 7.4
1054.71 13.8
1055.70 1.9
1057.50 1.8
1058.15 3.7
1058.80 2.1
1062.64 72.8
1063.61 53.8
1067.12 3.6
1071.62 4.1
1078.76 3.7
1080.71 20.6
1081.42 1.4
1082.64 1.7
1086.52 6.8
1090.11 2.8
1092.31 1.1
1092.97 3.2
1093.71 2.8
1095.63 11.6
1096.59 14.0
1097.53 2.8
1100.79 3.8
1101.46 1.4
1102.64 50.6
1105.62 4.4
1112.36 19.7
1113.67 10.9
1117.62 6.9
1119.58 292.7
1120.60 113.7
1121.62 10.9
1125.53 1.4
1126.68 1.9
1128.50 8.3
1131.06 1.6
1134.81 7.5
1138.39 4.9
1140.65 2.7
1141.64 2.0
1144.49 3.6
1145.51 6.1
1146.50 4.9
1147.44 4.5
1152.84 6.2
1157.03 1.6
1157.80 1.8
1159.10 7.3
1160.53 1.6
1161.29 8.8
1165.93 2.0
1169.57 2.2
1171.43 2.0
1184.60 3.3
1187.56 2.3
1199.69 2.5
1205.24 5.0
1207.23 9.6
1208.07 3.2
1211.83 2.7
1213.84 5.6
1224.55 10.9
1226.19 5.9
1226.96 1.1
1230.77 18.8
1231.61 34.9
1232.57 1.5
1238.62 5.7
1239.59 4.7
1242.29 19.3
1242.89 13.4
1243.97 7.6
1248.58 161.0
1249.69 60.9
1256.41 3.4
1258.78 1.6
1259.63 22.6
1260.55 6.5
1263.16 1.0
1265.81 8.2
1266.45 1.2
1270.05 2.4
1275.70 2.0
1283.90 1.4
1294.74 2.7
1313.69 1.2
1321.48 5.5
1326.20 2.2
1327.29 9.3
1329.81 9.9
1331.63 3.2
1332.48 2.5
1334.81 5.7
1337.23 12.7
1338.01 7.6
1339.01 3.9
1339.92 5.0
1341.78 2.2
1344.49 11.7
1345.56 2.1
1346.17 2.1
1353.79 3.4
1354.91 18.8
1355.81 29.2
1356.77 9.9
1361.67 90.0
1362.83 63.2
1371.41 3.1
1372.46 34.3
1373.16 13.9
1373.98 14.5
1375.64 3.2
1379.65 2.0
1381.76 5.0
1390.84 1.7
1396.64 1.7
1407.58 5.0
1410.80 5.6
1411.82 4.6
1414.94 3.5
1416.85 4.7
1419.46 1.9
1432.34 2.4
1436.44 1.7
1443.03 3.4
1444.17 6.5
1458.97 2.4
1460.66 7.3
1461.36 2.3
1468.89 3.6
1469.49 5.7
1470.59 1.5
1486.63 5.1
1487.29 8.0
1492.33 5.1
1495.94 4.5
1500.85 1.2
1506.93 1.7
1525.67 1.4
1527.60 3.5
1539.63 1.1
1540.64 4.4
1541.37 2.5
1542.07 3.2
1543.70 4.6
1550.28 1.4
1557.32 4.7
1558.15 11.3
1558.89 10.9
1560.06 3.1
1573.05 2.7
1575.20 3.5
1576.08 2.7
1576.90 13.6
1580.77 2.2
1584.11 2.8
1592.47 1.9
1595.63 1.1
1597.81 1.6
1599.23 2.2
1611.40 14.2
1612.15 2.9
1625.70 3.8
1628.57 40.4
1629.77 18.5
