1022.56255 2
148.36 2.5
156.17 4.5
165.01 5.7
166.16 4.9
172.90 2.7
175.08 4.1
182.19 5.2
183.13 8.6
184.87 9.1
186.36 2.6
187.22 13.2
192.98 1.9
197.21 1.9
200.16 4.1
201.30 2.4
202.14 2.2
214.09 7.3
215.40 1.2
216.08 6.3
219.14 1.8
221.24 1.9
223.33 6.3
225.55 5.5
227.19 3.4
229.00 2.6
230.36 2.0
235.13 2.8
236.20 2.1
239.23 7.9
241.39 8.4
242.22 6.6
243.24 6.6
243.97 1.0
245.05 3.5
245.95 2.5
248.36 5.0
250.12 4.1
253.21 1.5
257.36 3.2
261.29 1.1
263.11 2.0
265.28 2.5
270.29 3.1
272.22 1.7
279.28 4.3
280.15 1.2
282.26 4.1
285.27 1.8
296.04 8.6
296.99 18.8
298.23 2.1
299.49 10.3
300.14 1.8
302.18 2.3
308.00 5.7
310.08 2.7
311.13 28.8
313.98 1.5
315.41 1.9
316.80 5.4
317.46 6.1
318.18 1.2
320.30 4.2
325.57 3.0
327.01 1.2
329.14 20.1
330.43 2.9
331.29 1.8
335.69 13.0
337.23 11.4
338.15 8.7
339.02 2.5
339.89 4.5
340.89 20.8
342.28 4.0
344.75 6.0
346.24 1.2
348.28 1.6
350.28 9.4
351.41 3.7
357.09 6.0
358.23 2.4
359.24 4.1
360.15 1.1
362.05 1.4
363.14 2.3
363.84 6.8
365.28 3.8
366.34 2.2
368.17 8.3
369.24 8.8
370.24 10.6
371.49 6.9
374.40 2.3
379.20 6.3
380.05 2.1
380.77 1.8
381.45 2.7
382.36 11.5
383.18 6.8
383.84 2.1
384.86 15.7
385.98 2.7
387.03 8.1
388.26 1.1
390.01 4.7
391.23 4.0
392.27 1.3
394.40 4.1
395.27 8.1
396.28 5.9
397.38 7.8
398.57 25.2
399.28 10.1
399.99 18.8
400.63 1.6
401.33 1.5
402.37 5.3
404.20 9.9
405.11 7.1
407.17 26.2
407.81 41.2
408.52 23.8
409.93 5.6
411.15 11.4
415.17 3.6
416.96 10.0
417.76 1.1
419.16 4.1
420.32 31.5
421.32 4.9
422.36 2.6
423.91 14.8
424.62 4.4
425.56 18.2
427.27 3.3
428.46 27.7
429.30 7.1
430.36 13.8
431.06 10.0
432.39 4.7
433.20 4.6
434.27 26.4
437.20 5.7
438.55 10.1
439.37 1.2
440.03 3.0
441.48 11.6
443.31 324.2
444.70 5.9
445.39 1.7
447.53 4.8
448.48 7.8
449.32 1.1
450.39 2.5
451.17 1.0
452.83 10.2
454.21 19.4
455.48 4.0
457.48 2.4
458.51 10.7
460.61 1.2
461.56 5.1
462.30 5.0
463.37 5.1
464.43 5.1
465.78 5.8
466.43 7.9
467.17 3.9
468.28 29.3
469.36 6.6
470.56 4.4
471.62 6.8
473.22 3.0
473.92 4.3
475.43 4.9
476.17 15.9
478.17 12.1
479.44 14.3
480.26 32.5
481.12 24.4
482.26 22.3
483.37 26.6
485.62 7.9
487.57 31.2
488.69 15.3
489.54 32.3
490.80 6.4
492.22 7.0
493.26 110.8
494.05 35.6
495.23 30.0
496.23 47.0
496.94 14.8
498.39 3.2
500.09 15.6
501.30 15.8
502.54 135.6
503.40 24.3
532.48 4.9
534.27 1.8
537.40 2.7
538.30 4.0
555.38 5.7
556.27 2.4
563.36 4.6
563.98 3.3
565.42 3.2
572.37 2.0
575.94 3.6
579.54 5.0
580.90 8.0
581.60 9.8
584.66 1.7
590.98 1.6
598.42 10.9
604.37 13.8
605.11 14.0
608.64 4.4
610.19 5.4
617.30 8.8
618.60 23.7
620.61 6.1
621.51 3.2
624.05 11.5
626.42 2.2
627.65 9.7
628.58 7.1
629.43 9.6
632.20 7.8
632.97 5.9
634.53 4.4
636.38 8.4
637.00 2.5
639.20 9.6
644.45 4.5
650.76 1.7
652.06 3.1
656.55 3.5
657.92 12.5
669.59 8.2
672.36 2.5
675.47 3.8
678.92 3.2
681.23 5.5
682.16 1.5
684.24 12.9
686.67 6.2
689.92 1.4
690.57 3.5
692.38 12.2
694.34 3.9
695.47 7.2
698.53 5.6
700.55 5.3
702.40 5.9
703.40 3.7
707.55 7.9
710.15 5.1
711.71 3.5
712.46 2.2
716.56 4.4
718.28 10.2
723.79 5.0
725.40 10.2
726.50 9.0
734.90 1.9
740.25 1.2
741.80 4.0
746.41 1.4
747.37 2.2
748.28 1.2
750.60 1.1
754.35 3.8
759.55 3.0
761.58 2.4
762.59 4.6
775.42 1.8
778.59 8.6
779.61 5.6
789.32 5.9
790.66 3.4
793.38 1.2
795.97 3.0
798.80 8.7
805.41 2.5
806.39 3.7
808.47 26.0
809.79 1.6
817.48 1.7
819.53 2.7
822.63 2.5
829.63 2.3
830.61 2.8
831.78 3.2
837.35 4.2
839.58 3.0
840.43 3.7
846.70 4.8
847.45 2.6
855.54 20.7
856.41 5.0
866.43 4.8
867.57 3.5
868.57 2.6
872.65 3.6
873.43 5.6
877.09 5.9
881.38 3.5
884.45 3.1
885.40 14.4
889.34 2.6
908.59 1.2
919.79 1.2
985.52 3.6
1000.40 5.4
