1213.57622 2
179.33 2.6
185.33 6.3
187.26 2.2
195.44 1.7
197.37 3.1
198.22 2.3
200.15 7.4
203.14 1.9
205.10 1.8
207.34 3.2
209.17 3.3
211.10 3.6
212.29 12.9
213.27 18.7
214.37 1.4
215.25 4.4
221.07 5.5
223.25 68.7
224.30 6.2
227.07 2.0
232.12 1.1
241.13 248.7
242.12 22.1
245.33 4.6
252.86 3.7
255.68 3.2
256.34 4.5
258.25 41.2
267.06 3.4
272.41 3.9
275.49 3.6
276.23 2.4
278.04 1.0
284.31 22.4
285.27 2.3
295.36 9.0
298.44 2.2
311.20 27.4
312.26 7.0
313.44 5.8
316.35 5.7
322.30 3.6
327.28 1.7
327.90 7.0
329.30 81.8
330.17 12.8
333.37 3.6
335.86 3.6
339.29 17.9
340.55 10.0
341.54 3.8
342.32 6.9
345.13 2.6
350.74 2.6
352.82 8.6
355.22 2.5
356.25 8.9
357.37 129.2
358.31 11.5
365.87 3.5
367.40 2.2
370.56 2.0
372.46 1.3
374.45 4.2
375.53 9.0
382.32 15.1
384.19 1.2
386.99 2.9
392.17 1.8
396.21 9.4
398.17 3.1
400.24 12.9
405.26 2.8
405.99 2.9
407.24 3.3
409.52 3.9
411.34 8.6
415.41 10.3
417.16 6.3
418.12 13.0
420.13 1.7
426.32 152.1
427.38 38.3
428.34 3.0
429.10 2.6
431.30 1.4
432.10 5.1
433.08 7.6
435.18 5.8
439.34 7.3
441.11 7.5
442.32 5.0
443.20 7.7
444.13 17.9
445.26 3.0
446.31 4.2
447.21 4.8
448.11 10.9
449.14 24.0
453.46 9.1
454.64 9.8
455.47 6.6
457.52 12.4
458.46 11.0
459.33 11.8
460.54 9.1
462.19 4.3
464.66 2.1
466.01 2.4
467.58 5.4
468.24 2.7
469.20 7.1
470.84 14.3
472.08 6.6
474.37 7.2
476.26 20.5
477.88 3.0
479.09 7.8
482.70 2.7
483.38 1.7
484.55 13.0
485.36 16.2
486.72 7.2
488.56 1.3
489.16 3.0
490.37 11.1
491.43 19.9
492.50 22.8
493.38 33.5
494.32 17.5
495.04 3.6
496.68 6.5
497.40 30.8
498.45 12.6
499.61 22.7
500.49 7.5
501.33 1.6
502.32 1.1
503.81 8.4
505.00 33.3
506.24 4.5
507.05 13.5
508.73 12.8
509.46 1.2
510.45 6.9
511.30 20.4
512.33 3.8
513.19 2.6
514.61 21.1
515.53 9.4
516.40 11.7
517.14 4.5
518.22 7.0
518.92 4.5
519.70 10.6
520.43 15.5
521.16 4.7
522.40 14.8
523.34 46.9
524.22 55.0
525.37 3.2
526.12 6.7
527.30 23.2
528.36 62.2
529.32 29.1
530.25 15.0
531.32 17.5
532.89 333.7
533.87 38.6
534.77 7.7
537.10 22.6
538.36 3.8
540.22 102.9
541.58 1052.6
542.39 299.1
543.21 5.9
543.97 3.2
544.71 6.2
545.98 15.6
547.25 41.4
548.07 58.0
549.14 37.2
550.50 882.3
551.47 12.0
554.48 181.8
555.52 30.6
556.54 66.2
557.56 42.5
558.38 223.7
559.57 91.3
561.50 4.9
562.13 36.3
562.97 118.5
564.01 12.4
564.86 7.0
566.11 31.5
567.06 43.1
568.22 227.4
568.84 134.8
569.95 11.2
571.36 2.4
572.35 31.6
573.30 139.6
574.32 21.3
575.34 11.3
576.78 505.0
577.50 186.6
578.47 20.1
579.38 20.4
581.21 155.2
582.00 55.7
583.11 22.1
584.02 6.1
585.23 297.9
585.99 79.1
587.43 7.1
588.24 6.6
590.50 10712.9
591.27 76.4
592.00 42.3
593.22 5.9
595.56 2.6
596.46 12.1
597.90 104.4
598.89 3754.4
599.51 635.9
600.51 5.4
601.32 2.6
602.60 3.1
612.51 1.9
613.49 1.5
616.61 3.4
620.37 3.6
621.31 2.3
623.31 96.6
624.37 88.3
625.35 16.0
627.41 1.6
636.52 7.0
639.30 153.2
640.31 51.4
643.57 1.5
644.42 1.2
649.47 1.1
650.36 4.6
654.63 5.9
656.29 342.9
657.32 80.7
672.39 1.8
676.94 4.4
678.33 8.7
680.31 9.2
681.40 3.7
691.41 7.1
698.40 1.8
699.81 10.8
705.78 4.9
708.34 2.6
711.78 2.1
713.39 1.2
716.67 4.2
720.29 6.1
721.66 3.0
722.49 1.8
723.41 4.1
725.34 1.1
726.24 8.6
727.38 10.6
729.50 3.7
730.45 1.8
735.36 1.2
736.63 7.8
738.41 2.0
739.41 16.4
741.37 2.5
742.38 1.9
743.35 11.7
744.47 7.6
748.27 2.6
749.55 3.1
753.28 8.9
754.75 5.6
762.56 2.6
763.73 8.9
768.64 9.0
771.54 5.9
772.47 1.2
775.65 4.3
777.20 5.9
778.68 6.9
782.49 4.5
783.49 4.0
785.02 6.0
791.55 2.6
794.60 2.3
796.25 3.5
797.85 8.9
799.51 6.5
801.24 1.6
804.62 2.2
805.26 5.7
806.65 2.1
807.38 10.1
811.05 3.3
812.48 3.7
813.52 3.5
822.22 9.8
823.52 21.6
824.46 10.1
825.30 2.4
830.08 4.8
831.35 3.1
832.40 7.6
836.93 1.0
839.37 5.3
840.44 134.9
841.43 54.1
842.47 14.1
843.33 9.5
853.33 3.1
857.47 138.1
858.53 47.9
863.05 1.7
867.36 5.1
868.86 2.5
875.47 1.4
879.68 4.1
886.41 4.7
894.40 1.6
895.56 11.0
896.24 2.9
900.36 3.9
904.08 2.1
913.09 12.6
921.19 2.7
922.23 54.3
923.39 17.1
924.55 2.5
934.37 2.3
935.48 2.2
937.20 1.8
938.60 13.5
939.38 162.9
940.50 63.3
943.50 3.2
949.49 2.3
956.39 132.8
957.48 67.5
966.59 3.5
967.45 5.2
982.51 3.5
983.65 1.8
987.75 2.9
997.47 1.8
1000.29 1.9
1004.83 6.0
1005.44 1.8
1015.66 4.4
1033.41 7.5
1049.40 4.7
1050.38 2.1
1061.21 1.8
1062.31 3.2
1063.76 1.3
1064.58 1.1
1066.98 3.0
1077.33 2.7
1080.56 2.9
1081.68 4.9
1156.89 1.5
