1856.931309999999 3
175.24 20.8
177.27 26.9
179.09 6.3
183.16 12.9
185.06 5.4
187.14 2.4
188.87 10.3
190.34 2.3
192.12 3.5
194.26 2.0
195.08 13.6
196.13 4.6
197.15 9.5
198.23 3.4
199.05 8.9
200.10 17.9
201.54 2.7
203.17 43.3
205.02 22.2
207.24 5.3
208.15 18.7
209.25 10.9
210.25 7.7
211.22 3.7
213.13 9.9
214.18 1.6
215.09 13.1
217.15 636.1
218.14 41.7
218.99 3.4
220.21 2.1
221.29 25.7
223.19 319.0
224.19 29.0
225.17 22.3
226.18 15.2
227.16 15.5
228.27 47.3
228.99 33.3
230.16 14.4
231.12 9.3
232.04 9.6
233.12 5.0
234.26 7.3
235.31 6.1
236.21 7.8
237.18 10.1
239.09 20.6
240.15 63.4
241.08 29.5
242.04 14.1
243.06 17.1
245.09 366.6
246.17 34.9
247.22 2.1
248.50 11.0
249.21 3.0
250.20 9.7
251.18 3.2
252.13 3.7
253.24 4.7
254.15 29.4
255.48 9.1
257.11 128.6
258.16 79.7
259.10 25.7
261.07 12.0
262.25 15.7
263.25 10.3
264.15 16.7
267.17 2.6
268.14 14.9
269.45 42.4
270.38 9.7
272.19 63.2
273.16 1.7
275.15 103.7
276.35 44.8
277.26 56.9
278.12 10.4
279.29 23.5
280.26 8.8
281.14 30.3
282.20 4.2
283.25 8.3
284.43 4.9
285.26 2.5
286.48 2.0
288.43 10.6
289.08 2.5
289.99 50.2
291.23 20.8
292.12 5.5
296.07 20.5
297.16 5.8
298.29 44.5
299.23 24.9
300.48 11.6
301.47 21.3
302.10 4.5
303.40 21.3
304.35 13.7
308.34 6.9
309.23 4.9
310.18 20.8
311.37 19.2
312.74 104.3
314.27 156.9
315.27 26.5
316.21 24.1
317.62 15.4
318.32 2.3
320.11 27.4
321.13 24.5
322.21 191.6
323.29 48.2
324.20 11.3
326.26 15.9
327.22 3.3
328.11 15.0
329.22 4.6
330.23 8.0
331.38 14.1
332.37 6.8
333.67 4.7
335.33 9.3
336.27 2.6
336.97 11.5
338.52 10.0
339.40 15.2
340.73 19.7
342.15 7.8
343.51 32.6
344.34 2.7
345.48 14.0
346.35 18.6
347.31 25.4
348.37 8.9
350.21 1.8
352.36 20.1
353.52 15.9
354.41 7.0
355.45 9.5
357.16 67.0
358.29 7.6
359.23 46.2
360.58 11.8
361.43 69.0
362.71 2.8
363.38 8.8
364.29 19.5
365.15 3.9
366.84 21.0
367.46 12.8
368.55 13.7
369.31 8.4
370.16 50.1
371.23 21.7
372.22 8.9
373.28 31.8
374.29 2.5
375.10 12.9
376.28 26.5
377.30 44.8
378.22 4.5
379.26 36.6
380.04 4.3
381.36 10.1
382.13 38.4
383.35 25.9
384.51 4.0
385.22 76.1
386.21 27.5
387.48 7.3
388.43 62.3
390.49 33.8
391.20 44.6
392.02 16.5
393.06 10.8
393.68 1.9
394.34 3.9
395.16 20.6
396.00 53.1
397.07 80.5
397.99 28.9
399.37 43.2
400.37 86.3
401.31 17.6
404.55 51.0
405.26 27.0
406.31 3.3
407.29 17.8
408.38 8.6
409.37 9.3
411.00 30.1
412.21 10.6
413.31 179.7
414.05 128.5
415.20 25.4
416.13 14.0
417.19 11.6
418.18 33.4
419.20 13.2
420.41 15.9
421.35 17.0
422.62 16.7
424.33 385.7
425.28 102.2
426.39 25.6
428.43 27.6
429.31 17.1
430.63 32.7
431.59 28.3
432.54 19.5
433.63 39.3
434.81 65.6
435.47 16.9
436.40 5.3
437.29 6.1
438.16 27.7
439.37 64.3
440.20 6.1
441.49 25.7
442.43 13.8
443.46 25.5
444.15 7.6
445.37 15.1
446.71 20.4
447.75 67.2
448.45 267.0
449.53 7.3
450.50 14.9
451.21 2.4
452.07 11.5
453.71 43.4
454.42 29.1
455.02 10.9
455.65 45.1
456.53 13.6
457.45 52.5
458.40 8.6
459.39 50.6
460.28 29.8
461.16 16.3
462.27 5.7
463.54 4.7
464.61 30.2
465.69 2.8
466.53 9.5
468.22 53.9
469.14 45.4
470.20 54.9
471.55 19.5
472.69 78.8
473.37 29.5
474.33 28.3
475.58 3.0
476.43 49.3
477.33 176.3
478.33 16.5
479.20 17.8
480.58 9.9
481.37 48.4
482.44 63.5
483.63 137.3
484.32 629.4
485.27 123.6
486.53 44.6
487.38 18.0
488.45 42.6
489.31 37.9
490.30 184.3
491.39 10.4
492.65 79.5
493.72 23.6
494.64 23.3
496.03 119.3
497.39 123.1
498.39 123.9
499.54 26.8
500.56 55.8
501.58 28.1
502.24 118.3
503.57 76.2
504.26 73.7
504.98 189.0
506.01 135.4
506.83 186.4
507.44 30.4
508.08 54.8
509.30 125.9
510.56 49.7
511.44 61.6
512.79 1274.0
513.44 68.2
514.61 89.4
515.35 88.1
516.48 98.0
517.54 181.3
518.56 40.1
519.92 87.2
520.72 159.6
521.53 46.1
522.27 37.1
523.58 38.0
524.73 54.3
526.11 120.9
527.16 59.1
527.97 83.1
528.76 27.7
529.49 32.6
530.60 92.9
531.39 29.5
532.48 56.7
533.55 170.6
534.45 188.6
535.51 197.6
536.52 967.5
537.44 684.6
538.50 380.0
539.56 286.4
540.37 196.4
541.51 63.5
542.49 81.6
543.38 11.9
544.18 86.2
545.74 519.6
546.71 109.0
547.48 147.3
548.60 49.9
549.64 127.8
550.66 110.6
551.57 73.7
552.82 172.2
553.46 97.6
554.20 73.2
555.42 325.9
556.62 118.5
557.60 84.2
558.92 434.2
559.93 572.8
561.06 178.7
562.25 234.6
563.14 61.2
564.43 543.9
565.16 333.1
566.29 57.4
567.52 86.1
569.08 101.5
569.98 73.4
570.75 142.0
571.41 72.5
572.42 67.3
573.35 59.5
574.12 234.0
575.23 113.0
576.25 319.1
577.41 40.7
578.31 157.0
578.94 371.8
579.54 457.2
580.76 79.1
581.45 70.0
582.47 85.0
583.28 167.9
584.68 328.4
585.53 170.7
586.86 148.1
587.95 135.8
589.15 333.3
589.96 164.1
591.19 96.8
592.35 61.2
593.19 64.6
594.53 131.2
595.78 406.2
596.60 271.6
597.57 405.6
598.46 162.3
599.21 153.6
599.96 32.3
601.41 1290.4
602.62 812.4
603.55 215.4
604.56 553.7
605.50 203.4
606.46 136.5
607.85 595.9
608.74 60.8
610.08 928.7
611.76 2100.6
612.55 185.7
613.62 4.3
614.61 13.4
615.65 11.4
617.49 2.7
618.55 4.4
624.11 289.6
625.27 27.6
626.62 3.7
628.21 8.6
629.15 11.9
630.93 19.4
631.62 17.8
632.70 16.8
633.71 13.8
634.61 28.9
635.55 23.3
637.73 45.0
638.51 15.6
639.49 18.0
640.45 11.3
641.98 310.0
642.90 45.5
644.33 9.4
645.62 26.5
646.55 24.9
647.84 31.4
649.08 41.0
650.43 19.8
651.44 14.1
652.38 90.4
653.10 2.5
654.83 84.9
655.67 88.5
656.45 118.4
657.67 64.0
658.69 35.8
659.43 45.5
660.52 165.0
661.52 31.4
662.32 35.9
663.20 25.5
663.82 152.5
664.58 29.8
665.32 20.7
666.39 13.8
667.10 11.8
668.12 34.5
669.35 32.0
670.68 32.0
671.50 35.0
672.63 61.9
673.80 75.2
674.47 232.6
675.51 19.6
676.69 41.9
677.60 44.4
678.38 5.7
679.50 5.5
680.50 6.9
682.11 675.8
683.13 30.7
684.21 30.4
685.15 26.3
686.08 115.0
687.38 154.5
688.39 70.9
689.49 53.6
691.37 61.7
692.20 11.5
693.50 66.1
694.55 132.3
696.07 620.6
697.43 61.3
698.25 54.1
699.04 5.2
699.86 9.7
700.61 23.5
701.54 22.4
702.49 59.3
703.37 64.4
704.48 38.7
705.32 48.7
706.41 35.1
707.19 29.8
708.40 75.8
710.03 140.8
711.07 50.1
712.14 46.5
713.02 36.7
713.96 15.6
715.44 188.7
717.16 694.7
718.35 45.1
719.21 18.3
719.90 38.9
721.45 39.4
722.26 92.7
724.37 431.0
725.27 315.0
726.32 48.9
727.34 32.0
728.22 31.5
729.79 37.6
730.66 33.0
732.30 68.1
733.26 108.0
734.26 92.3
735.27 656.3
735.96 124.1
737.19 33.4
738.54 186.9
739.50 1332.0
740.53 337.6
741.54 65.0
742.35 26.7
743.15 15.7
743.80 51.9
744.48 55.5
745.21 35.6
746.41 80.1
747.38 23.8
749.38 104.9
750.51 85.0
751.74 128.7
752.62 205.6
753.47 73.1
754.63 83.7
755.33 22.8
756.61 40.4
757.53 73.4
758.22 46.3
759.42 167.8
760.18 264.6
761.39 175.2
762.10 104.5
763.14 49.3
764.35 28.3
766.35 377.9
767.12 219.1
768.64 1652.7
769.54 76.1
770.31 31.4
771.43 55.5
772.09 27.7
773.32 57.1
774.66 81.3
775.85 82.9
776.83 21.9
777.49 61.2
778.60 30.2
779.49 234.0
780.55 136.1
781.24 277.2
783.06 150.4
784.36 72.8
785.16 23.8
786.11 77.2
787.40 85.0
788.70 58.1
789.91 466.5
790.59 194.2
791.68 1485.2
792.55 134.9
793.39 60.7
794.37 27.6
795.20 561.6
795.95 77.1
796.83 58.0
798.15 539.5
799.32 90.3
800.38 56.1
801.54 16.3
802.49 25.3
804.25 357.9
805.23 21.6
807.20 11032.1
808.12 388.7
809.49 260.1
810.61 34.1
811.97 57.7
813.22 18.6
814.67 49.7
815.53 84.4
816.48 22.4
818.20 2632.2
819.27 60.3
820.34 41.0
821.35 62.0
822.37 37.9
823.09 29.0
824.02 39.5
825.21 37.4
826.49 167.7
827.59 41.3
828.51 28.1
829.28 6.3
830.75 34.5
832.04 52.7
832.93 37.0
833.61 24.7
834.80 18.6
836.23 24.8
837.90 91.7
838.71 19.4
839.40 21.7
840.66 12.9
841.91 58.7
842.64 45.3
843.60 10.8
844.73 56.8
845.87 52.0
846.76 1652.8
847.70 145.8
848.56 4.3
849.40 7.6
850.19 75.0
851.60 58.6
852.47 39.3
854.51 111.0
855.69 2089.6
856.49 391.5
857.22 41.5
858.46 16.8
859.42 11.2
860.24 15.5
860.98 6.7
861.88 63.3
863.66 1016.1
864.54 18.8
865.47 15.8
866.46 116.2
867.46 42.1
868.43 41.4
869.34 26.4
870.44 17.9
871.63 35.3
872.81 18.3
874.40 143.5
875.49 90.8
876.77 22.3
877.65 4.0
878.61 18.4
879.79 15.2
880.62 21.8
881.57 10.0
882.46 4.1
883.31 11.0
884.96 35.9
886.01 19.6
886.80 4.7
888.27 2.4
889.89 24.5
891.54 5.7
892.52 5.9
893.58 12.6
894.79 4.8
895.48 17.4
896.44 65.5
897.55 39.8
898.87 23.0
899.63 46.7
900.63 28.7
901.77 30.3
902.75 8.2
903.69 1.5
904.59 3.4
906.35 49.1
907.03 25.1
907.67 4.3
908.61 7.4
911.00 8.8
911.86 5.9
912.64 5.4
913.75 28.7
914.46 17.2
915.82 13.3
917.53 14.6
918.52 24.8
919.44 25.2
920.66 6.7
921.39 7.4
922.34 13.4
923.61 9.9
924.64 8.1
926.49 29.4
927.26 9.5
928.97 7.7
930.67 10.0
931.79 11.3
932.71 8.7
937.96 34.8
938.74 9.4
939.62 4.2
940.73 15.6
941.60 9.0
942.50 3.2
944.52 237.0
945.60 98.3
946.75 18.9
947.67 11.4
949.51 1.7
951.99 8.7
953.51 105.4
954.58 39.9
955.59 18.5
956.74 5.2
957.81 20.6
958.57 14.2
960.48 2.9
961.48 11.3
963.29 16.5
964.51 12.0
965.65 19.4
967.46 12.7
968.68 23.2
969.67 13.1
971.30 20.0
972.32 14.9
973.37 13.9
974.28 2.5
977.54 19.9
978.53 6.7
980.38 19.9
981.31 9.3
982.56 47.5
983.53 8.8
984.58 10.6
985.32 10.0
986.09 1.8
987.06 19.6
988.25 44.7
989.29 25.4
990.81 23.6
991.65 8.6
993.19 33.5
994.02 17.5
995.49 349.0
996.51 126.3
997.58 20.8
998.71 56.8
999.63 20.9
1000.75 15.6
1002.65 8.6
1003.39 22.7
1005.30 9.3
1006.78 1.7
1007.48 22.3
1008.60 18.7
1009.64 29.8
1010.64 7.7
1011.53 55.1
1012.47 16.1
1013.44 9.1
1014.48 28.0
1016.57 5.5
1017.63 14.4
1018.63 21.0
1019.73 26.4
1020.65 14.0
1021.36 4.0
1024.16 2.8
1025.03 7.0
1025.73 1.7
1026.69 6.5
1028.53 18.1
1030.46 4.0
1031.51 169.6
1032.72 69.8
1033.58 17.3
1034.64 12.7
1035.60 10.2
1036.64 8.4
1037.26 5.8
1037.88 18.5
1039.63 3.3
1040.38 4.4
1045.03 9.3
1046.48 4.3
1047.25 1.8
1048.60 97.9
1049.65 55.6
1050.55 14.8
1051.46 13.3
1052.49 15.9
1054.60 21.9
1056.03 7.1
1057.38 1.7
1058.40 10.2
1063.67 14.3
1064.56 20.0
1065.55 24.0
1066.56 60.8
1067.72 16.3
1068.49 61.2
1069.56 37.3
1070.79 5.2
1072.71 7.9
1073.59 2.1
1074.43 8.1
1076.16 34.3
1076.93 19.5
1077.71 20.1
1078.50 8.1
1079.57 4.1
1081.01 32.3
1081.76 95.6
1082.66 53.3
1083.57 7.1
1086.01 12.9
1086.66 9.8
1087.54 8.0
1088.50 12.5
1090.52 12.2
1091.93 5.7
1092.85 8.0
1098.57 19.0
1099.44 32.3
1100.69 36.1
1101.59 13.4
1102.67 6.1
1104.14 14.2
1105.39 11.1
1106.32 30.9
1108.54 10.6
1109.51 11.5
1110.77 7.5
1114.72 4.8
1115.75 5.5
1116.53 3.1
1117.65 11.5
1118.36 37.9
1119.59 28.8
1120.33 2.5
1123.69 10.8
1124.59 3.8
1132.78 2.8
1133.81 7.4
1135.71 8.8
1137.20 6.3
1137.88 13.5
1138.79 6.4
1139.82 5.5
1144.88 4.7
1146.61 8.8
1147.79 3.4
1150.57 4.8
1151.85 10.2
1155.74 13.8
1156.45 7.9
1161.70 3.1
1163.60 3.9
1164.54 9.8
1166.89 11.8
1168.52 11.3
1170.45 23.3
1175.59 1.9
1177.44 2.5
1178.71 10.4
1183.61 7.1
1189.87 6.4
1190.91 7.0
1191.52 2.6
1198.53 4.8
1200.73 5.7
1202.58 3.2
1204.85 7.0
1205.70 9.6
1206.97 6.3
1211.64 1.6
1215.60 9.8
1217.50 9.4
1219.83 5.3
1221.59 2.1
1222.63 264.5
1223.65 113.6
1233.52 10.9
1234.54 10.7
1235.47 4.0
1237.37 3.9
1240.90 3.4
1247.20 1.6
1248.42 3.5
1252.78 1.6
1256.67 9.8
1260.93 2.9
1262.53 3.2
1264.72 1.7
1266.77 7.5
1269.01 4.3
1271.83 2.0
1279.44 2.3
1282.76 13.6
1285.15 2.6
1289.69 3.1
1302.60 4.7
1303.99 4.3
1306.66 5.4
1308.97 2.3
1309.65 3.3
1311.65 7.9
1314.36 4.5
1315.55 2.6
1320.17 6.5
1320.91 4.1
1321.94 20.6
1325.47 3.6
1335.74 2.3
1352.90 1.9
1353.76 6.3
1361.66 15.3
1365.45 3.9
1367.74 2.9
1372.81 2.1
1378.52 4.5
1385.75 31.1
1386.81 15.0
1387.84 1.7
1407.55 2.0
1409.50 22.5
1446.98 4.2
1451.79 3.1
1456.77 14.1
1464.58 12.5
1470.12 1.9
1477.69 2.9
1478.92 1.7
1495.00 1.9
1520.50 1.7
1536.70 2.4
1563.79 2.2
1580.88 2.1
1678.99 2.7
