861.4838699999999 2
128.02 3.1
136.21 2.4
171.01 2.5
175.30 9.9
176.89 3.9
179.13 3.0
181.28 1.5
182.00 1.6
186.04 1.6
204.76 2.0
209.12 13.5
213.08 2.2
216.15 9.4
234.01 1.4
240.21 5.1
242.95 2.1
246.19 6.1
256.26 4.0
257.43 3.7
260.09 3.3
261.36 2.9
268.09 4.1
276.17 10.9
280.16 3.3
286.14 4.0
288.40 1.8
314.22 3.6
317.56 8.2
318.39 7.9
319.24 1.6
320.78 8.3
323.30 4.7
327.09 4.7
328.26 1.6
328.90 5.8
329.51 2.5
335.01 5.3
336.78 1.5
340.95 25.7
342.13 36.0
343.10 212.8
344.13 1.6
347.35 4.0
350.00 11.8
352.93 3.1
358.31 7.9
359.74 1.5
360.61 13.2
361.47 7.6
362.20 1.4
363.89 6.5
367.21 4.7
371.37 4.1
372.38 11.2
378.51 3.0
382.95 12.1
384.30 4.3
386.39 2.4
387.62 9.0
394.90 10.9
396.32 6.6
399.64 10.4
400.99 7.5
402.33 2.2
403.20 7.5
406.78 1.8
408.58 12.7
409.31 8.8
413.54 25.0
414.27 17.1
415.06 7.8
415.76 13.0
417.01 11.8
422.12 33.2
423.06 19.4
460.35 13.1
474.59 1.9
484.56 8.6
494.36 9.2
496.53 1.5
498.75 5.6
507.48 1.5
532.53 3.4
535.76 6.3
547.64 9.1
587.35 5.6
588.77 4.8
631.72 4.4
635.74 5.9
641.22 4.0
646.53 55.0
647.22 2.1
705.64 3.7
707.52 2.3
