1190.6458 2
167.37 5.8
169.13 62.3
170.04 2.0
173.18 1.4
174.55 21.2
175.28 73.4
176.41 6.1
178.00 1.6
181.34 4.1
183.30 84.5
184.33 41.0
187.43 2.4
193.14 9.2
195.12 8.1
197.19 105.9
199.07 3.1
200.20 104.9
201.27 23.3
203.08 7.6
205.13 1.6
206.10 2.9
207.22 1.7
208.82 12.4
210.29 10.6
211.21 31.0
212.10 8.2
214.17 1.3
215.29 2.1
218.43 10.3
219.28 2.5
221.32 3.9
225.08 1.3
226.21 3.8
228.22 212.3
229.29 24.0
232.29 2.4
235.14 2.8
236.35 3.9
238.00 1.4
239.25 1.3
240.50 3.3
241.30 1.3
242.48 5.2
243.20 6.5
244.09 31.9
245.10 4.4
247.27 6.5
250.32 13.1
251.32 6.9
251.95 7.0
254.24 13.5
255.26 4.5
256.36 6.4
257.36 7.2
260.11 8.9
261.24 17.8
262.38 5.6
263.44 4.1
264.21 2.4
265.04 2.5
266.21 22.1
268.25 22.9
272.15 18.2
273.20 4.3
276.35 4.5
278.30 97.4
279.40 5.9
280.28 2.6
282.24 13.4
283.20 2.1
284.15 10.4
287.38 2.2
288.08 1.7
290.22 17.3
291.33 1.3
292.13 6.3
293.36 9.3
295.44 4.5
296.93 21.6
298.10 9.7
300.20 4.2
302.40 2.9
304.12 1.8
307.36 11.9
308.36 10.3
310.24 59.9
311.11 9.2
312.15 13.6
313.40 7.5
314.32 4.5
315.19 1.6
316.26 10.4
317.42 9.2
323.01 3.0
324.41 6.9
329.07 12.3
331.38 6.0
332.43 2.3
334.29 7.6
335.73 5.8
336.94 9.5
337.63 4.2
338.43 5.0
339.27 5.4
341.41 5.8
342.62 4.7
343.41 1.9
344.41 5.8
345.43 2.4
347.29 11.5
348.34 8.3
349.05 1.7
351.24 21.9
352.32 19.8
353.38 34.2
354.27 11.6
357.33 4.0
358.51 9.5
361.40 8.4
363.74 4.4
364.58 44.4
365.32 59.7
366.31 6.5
368.12 3.1
369.42 15.0
370.33 19.7
371.34 2.6
374.50 16.0
375.50 11.6
377.08 9.9
378.34 5.3
379.23 75.1
380.56 23.9
381.34 28.5
382.37 10.6
383.33 3.7
386.24 11.9
387.24 21.2
388.22 5.9
393.36 3.6
394.08 4.0
395.12 7.4
396.33 146.6
397.39 51.5
398.62 17.9
399.28 20.4
400.05 27.8
402.17 3.7
403.27 3.0
404.23 47.7
405.22 10.7
406.44 13.3
407.78 28.8
408.84 18.1
410.18 6.4
411.16 4.9
412.39 8.2
414.04 30.6
415.03 3.8
416.34 37.5
417.33 31.4
418.39 61.3
419.41 16.5
420.27 6.1
421.39 20.8
422.39 48.1
423.36 13.0
424.34 236.0
425.37 49.3
426.57 2.0
427.45 2.4
428.44 5.8
429.22 13.2
429.85 6.7
430.48 3.6
431.17 10.7
432.37 3.1
433.69 52.8
434.36 167.9
435.42 55.7
436.47 27.0
437.26 8.1
438.36 113.1
439.34 293.4
440.31 38.5
441.10 10.2
442.30 76.7
443.22 6.2
444.04 6.6
445.33 3.1
446.48 4.1
448.34 25.6
449.39 29.2
450.35 17.1
451.50 899.5
452.29 2743.7
453.29 340.6
454.37 5.0
455.29 6.7
456.24 11.8
457.85 7.1
459.52 8.9
462.70 12.4
463.71 7.2
464.40 54.3
465.44 26.0
466.27 15.2
467.65 19.6
468.78 19.3
470.73 6.1
471.98 101.3
473.15 51.3
473.93 12.3
474.57 4.4
475.61 8.8
477.14 6.6
478.02 10.3
478.94 8.0
480.07 6.0
480.82 3.0
482.45 559.5
483.53 42.6
484.44 36.9
485.41 13.6
486.24 2.4
487.42 2.5
488.92 10.3
489.73 27.1
491.06 82.0
492.26 56.6
493.39 42.1
494.27 34.2
495.33 13.0
496.33 18.8
497.44 16.1
498.49 2.6
499.11 13.2
499.73 46.9
500.50 16.1
501.94 8.0
502.71 6.2
504.06 30.7
504.81 37.7
505.77 28.0
506.91 9.9
508.09 3.7
509.41 153.9
510.38 24.9
512.34 261.2
513.40 81.6
514.41 79.5
515.63 69.7
516.93 27.9
518.05 88.2
519.24 20.0
520.14 23.5
520.92 11.3
521.58 16.9
522.78 78.1
523.73 39.0
524.49 7.8
525.36 10.4
526.56 32.8
527.51 6.2
528.91 42.4
529.80 23.7
530.66 2.6
531.39 34.2
532.42 165.1
533.23 38.6
534.32 59.0
535.44 218.6
536.31 39.6
537.47 499.6
538.14 19.2
538.78 276.8
539.82 28.7
541.32 250.6
541.92 303.2
543.35 54.2
544.84 17.2
546.12 41.9
547.71 6333.4
549.20 60.6
550.30 37.7
551.23 19.3
552.42 53.8
553.59 22.1
554.30 13.8
555.03 147.7
555.90 49.7
557.12 45.0
558.46 26.0
559.61 25.0
561.14 87.3
562.55 40.5
564.00 97.5
565.20 106.3
566.29 72.1
567.26 255.8
568.23 31.8
568.94 40.6
569.91 120.0
571.12 34.6
572.28 485.9
573.27 476.4
574.04 106.8
575.11 47.3
576.44 31.1
577.64 534.6
578.70 635.1
579.55 273.6
580.60 242.0
581.42 49.5
582.54 31.2
583.56 191.6
584.51 562.6
586.84 1042.0
587.47 349.2
588.11 16.6
600.19 13.3
602.62 51.8
603.39 24.2
604.55 5.5
606.27 72.0
607.30 17.5
609.25 135.9
610.53 5.9
612.07 247.4
612.94 61.1
615.01 70.7
615.81 15.9
617.22 2.2
619.44 9.8
620.12 8.2
622.22 8.4
624.44 68.0
625.47 46.3
626.48 6.5
628.61 3.4
632.65 10.0
636.34 49.2
637.37 32.3
638.03 30.9
640.37 16.5
641.74 57.8
642.46 51.4
643.47 15.2
646.27 9.9
646.90 26.4
647.65 6.8
649.85 21.7
650.58 4.3
651.78 19.2
652.74 195.4
653.45 81.4
654.36 636.7
655.37 119.0
656.38 8.4
658.05 8.0
658.96 15.5
659.95 60.2
660.56 5.9
661.38 9.7
663.40 1.9
664.38 13.9
666.00 20.1
667.52 79.9
668.38 60.2
669.41 3.8
670.34 8.3
671.90 27.0
674.61 14.0
675.88 24.5
676.82 35.6
677.45 13.9
678.98 10.1
679.86 10.5
680.69 2.2
681.66 5.8
682.91 10.2
683.54 2.2
685.61 112.9
686.52 26.7
687.50 17.3
688.69 12.7
689.97 8.1
691.67 9.5
692.81 11.0
693.71 12.0
694.41 108.0
695.60 19.2
696.48 13.4
697.09 21.5
697.91 58.5
698.84 18.9
699.61 16.8
701.49 3.7
703.36 473.0
704.00 56.4
704.67 19.5
705.44 7.7
707.04 331.9
707.91 90.0
708.56 40.9
709.45 14.0
710.58 49.3
711.77 131.5
712.52 123.8
713.19 16.3
715.97 11.9
717.76 425.2
718.40 1063.1
719.79 15.3
720.63 21.8
721.52 196.3
722.49 132.7
723.44 31.5
724.94 14.2
725.92 31.5
726.74 30.7
727.70 30.6
728.98 4.4
729.67 15.7
730.70 15.6
731.72 13.5
732.35 2.3
733.56 85.3
734.45 25.3
735.75 63.9
736.79 22.4
737.66 10.0
739.46 3555.0
740.49 1167.4
741.59 490.2
742.35 199.0
743.15 105.5
744.53 31.7
745.23 30.9
746.38 15.3
747.46 7.7
749.39 38.7
750.71 12.4
751.45 12.7
752.31 3.4
753.36 11.0
754.89 54.6
756.21 22.1
757.64 9.2
759.96 416.8
760.66 32.8
762.52 4.0
763.37 3.6
764.29 3.1
765.31 17.9
765.98 5.4
767.42 851.9
768.37 276.3
769.44 10.9
770.27 8.1
771.04 31.0
771.69 4.2
772.68 1.8
773.47 5.4
775.36 25.3
776.85 8.1
777.47 14.7
778.78 68.2
779.59 13.5
780.77 8.7
781.44 14.5
782.40 5.3
783.63 210.0
784.84 8.7
786.28 8.8
787.02 8.8
789.44 42.3
790.35 10.5
791.74 12.8
792.68 4.1
794.47 12.2
795.52 10.6
796.39 4.1
797.16 6.0
798.14 46.8
798.96 20.8
800.49 25.0
801.10 2.2
803.01 13.9
803.71 6.6
804.48 2.5
806.44 41.8
807.35 26.5
808.43 40.1
809.51 393.6
810.31 31.1
811.86 34.3
812.71 11.5
814.32 23.1
815.02 22.3
816.36 12.0
818.00 12.9
818.71 2.3
819.40 16.5
820.47 216.9
821.10 165.4
822.18 18.4
823.35 2.1
824.68 7.8
826.61 92.8
827.74 46.5
829.16 17.7
830.54 8.4
831.57 4.6
832.51 10.4
834.32 9.5
835.53 13.8
836.43 5.8
840.61 8.5
844.23 28.3
846.68 3.1
847.66 4.2
848.81 18.9
849.52 8.8
850.37 8.5
851.31 3.3
852.59 10.3
854.32 4.6
855.60 2.4
858.01 25.9
859.78 2.4
861.75 3.0
864.43 21.6
865.24 14.1
866.50 167.5
867.16 5.0
867.77 45.7
869.14 11.1
870.18 14.6
873.57 5.2
874.21 1.7
876.49 3.1
877.98 54.0
878.99 18.6
879.87 6.2
881.50 3.8
882.51 8.9
883.58 9.1
885.52 5.7
888.55 6.6
889.38 3.6
890.65 2.0
893.55 3.5
895.49 37.6
896.61 8.2
898.49 15.9
899.98 19.1
901.27 20.4
902.41 10.7
903.68 8.8
904.95 5.2
906.32 1.6
907.25 18.4
908.00 7.4
908.67 2.7
909.57 4.7
911.48 12.5
912.95 22.0
913.64 31.8
915.23 5.9
916.21 28.4
917.07 1.5
918.68 28.8
919.57 3.2
920.51 2.6
921.58 46.1
922.61 43.1
924.84 14.4
925.79 28.9
926.75 4.4
927.59 44.5
928.42 11.9
929.56 43.9
930.56 14.4
931.83 9.5
933.66 15.5
934.55 20.3
935.50 1.7
936.54 3.3
942.46 12.8
943.94 12.1
945.52 82.6
946.48 30.3
952.58 1.8
954.30 31.3
955.15 37.8
956.29 11.3
957.26 5.7
959.42 7.7
960.64 13.5
963.53 2183.9
964.59 855.1
966.49 3.4
969.13 5.0
969.95 12.7
970.78 2.5
971.56 11.5
972.54 13.9
974.60 9.4
977.20 2.0
978.44 47.7
979.59 1.9
980.81 4.7
981.61 11.2
982.55 68.6
983.60 21.1
984.51 14.7
986.69 12.6
987.88 15.7
988.76 10.0
989.69 23.0
990.75 8.2
995.36 17.5
996.44 18.7
997.53 20.2
998.62 89.0
999.65 38.9
1000.51 3.0
1001.54 4.4
1004.41 4.6
1005.46 3.1
1010.69 4.9
1014.07 2.4
1016.59 145.8
1017.52 21.7
1021.57 1.3
1022.72 2.2
1025.92 7.7
1029.84 5.0
1030.55 3.5
1032.70 3.1
1034.57 430.6
1035.62 182.8
1038.02 2.1
1039.31 6.2
1040.32 18.8
1041.41 2.7
1042.65 3.4
1044.57 72.1
1045.45 39.8
1049.22 1.4
1050.69 1.4
1054.40 14.0
1056.63 22.8
1057.45 96.7
1058.43 73.6
1059.40 12.9
1060.19 2.6
1063.59 2.7
1066.40 7.4
1068.20 5.9
1073.69 3.7
1077.32 4.5
1078.57 3.2
1095.59 2.9
1100.22 1.6
1106.03 1.4
1113.79 2.5
1135.99 4.9
1144.68 6.1
1145.49 9.3
1146.48 6.0
1158.12 2.9
1162.29 6.9
1167.32 1.6
1188.66 1.8
1199.25 2.7
