1404.72315 3
132.95 5.8
140.27 25.9
141.08 33.0
147.32 1.7
150.40 5.6
151.09 2.4
155.30 14.0
156.11 2.8
157.14 22.7
160.09 2.2
161.30 4.6
162.10 3.5
165.16 4.6
166.06 6.8
167.15 8.3
168.19 2.8
169.03 48.5
172.00 2.0
173.22 20.1
175.19 109.8
177.08 5.4
178.09 1.4
179.93 7.7
182.27 18.7
183.21 44.2
184.17 11.5
185.21 19.2
187.27 4.0
188.05 9.8
190.10 4.1
191.48 6.5
193.18 2.4
194.52 4.2
195.17 18.6
197.06 41.6
197.79 2.8
199.33 5.6
201.27 69.5
201.99 4.9
203.17 90.8
204.15 10.0
205.22 3.7
208.14 1.9
211.26 11.3
212.40 4.7
213.85 14.5
215.19 7.0
216.11 10.1
217.13 16.4
219.71 6.9
221.16 16.8
222.15 2.3
223.18 16.2
224.20 2.9
225.14 8.2
226.20 5.8
227.16 10.1
230.22 133.2
231.24 12.9
233.06 3.5
234.34 1.9
236.26 1.5
237.05 4.1
239.20 71.3
240.15 7.1
241.35 4.8
242.22 24.2
243.22 9.3
244.26 7.6
245.24 6.4
246.15 5.0
247.52 4.5
248.56 7.7
250.27 10.0
251.22 3.8
252.11 2.8
253.23 26.6
253.98 15.1
255.23 6.6
256.07 6.8
257.26 3.2
258.15 2.1
259.58 1.9
261.28 14.8
263.17 19.9
265.33 3.7
266.26 1.7
267.64 17.4
268.36 23.3
269.53 20.6
270.22 5.2
271.11 15.6
272.07 21.1
275.46 2.1
276.24 1.4
277.42 1.7
278.29 8.1
279.38 13.5
280.67 10.4
281.36 2.3
283.10 15.5
285.29 9.7
287.24 10.0
288.26 7.6
289.57 18.6
290.31 15.3
291.25 2.3
293.28 9.0
294.20 7.9
295.12 5.5
298.19 36.9
299.14 10.3
303.57 2.9
304.34 1.5
305.19 5.4
306.36 30.1
307.35 7.0
308.19 6.8
309.50 6.4
310.32 37.5
311.78 30.1
312.76 25.1
314.49 8.5
316.18 17.8
317.72 4.5
318.79 1.3
319.74 8.0
321.23 12.0
322.43 20.5
323.79 20.4
324.54 2.2
325.47 14.3
326.63 11.0
327.28 7.2
328.26 2.0
329.25 5.6
330.18 8.3
331.17 13.1
333.22 3.3
335.19 6.2
336.10 23.1
337.36 42.1
338.20 4.3
339.23 4.3
341.64 13.1
342.72 6.0
343.45 29.5
345.62 9.4
347.17 1.6
348.45 2.1
349.23 3.2
350.17 2.3
350.85 5.7
351.71 10.6
352.42 9.1
353.41 17.4
354.34 29.4
355.19 44.8
356.01 12.3
356.75 4.6
358.22 8.4
359.15 12.0
360.05 19.0
361.14 3.6
362.39 12.8
363.50 16.4
364.28 3.0
365.34 2.2
366.76 23.1
367.38 53.8
368.43 20.7
369.37 20.3
370.25 15.0
371.27 1.9
372.41 51.0
373.24 20.2
374.29 26.2
375.21 9.6
376.46 20.3
377.60 33.0
378.67 12.7
379.62 29.5
380.53 49.2
381.33 71.7
383.01 54.3
384.09 57.0
384.94 20.2
386.38 29.0
387.29 10.2
388.19 5.9
389.10 20.4
389.82 4.3
390.43 24.2
391.56 42.2
392.31 57.2
393.29 36.4
394.40 7.0
395.64 69.8
396.48 33.8
397.43 31.4
398.42 60.6
399.06 8.5
401.64 175.2
402.71 91.2
404.10 60.0
405.24 24.7
406.13 5.8
407.24 13.4
408.15 26.9
409.37 621.9
410.44 82.6
412.02 187.8
413.01 15.9
414.02 16.2
415.68 66.3
416.65 2.1
417.33 13.2
418.12 7.0
419.33 16.2
420.11 25.9
420.99 30.5
422.01 439.7
423.34 37.1
424.51 207.3
425.52 212.7
426.62 122.4
427.31 6.6
428.14 52.1
428.84 15.9
430.08 158.3
430.80 159.0
431.46 330.5
432.73 31.7
433.89 111.9
434.80 45.2
436.04 642.8
436.98 61.5
438.00 68.5
439.34 131.7
440.09 169.7
441.17 32.8
442.34 115.2
443.24 5.9
445.35 689.9
446.66 106.1
447.60 123.8
448.37 30.9
450.20 210.9
451.18 314.5
452.31 78.8
453.82 772.8
454.48 68.9
455.45 19.3
457.04 785.2
457.92 37.0
459.76 3704.9
460.69 103.4
461.54 28.2
462.14 5.7
464.85 7.9
466.31 2.3
469.11 1.4
471.26 1.9
472.66 4.4
474.29 4.9
476.45 3.6
481.37 5.0
482.29 8.8
483.32 2.6
484.64 5.1
486.11 10.6
487.82 11.6
488.63 32.0
489.67 5.9
490.53 8.0
492.67 12.5
494.50 23.3
496.18 25.6
498.19 12.1
498.95 29.4
501.07 17.8
501.89 122.1
502.59 22.0
503.42 24.3
504.18 82.8
505.13 41.3
505.78 2.4
506.99 4.6
509.24 12.7
511.51 6.3
512.90 335.2
514.19 4.7
514.98 44.4
515.62 8.4
517.07 10.3
517.76 7.6
518.63 9.5
519.32 2.5
521.80 4.8
522.49 10.7
523.30 1.3
524.25 4.3
527.37 10.8
528.05 5.6
529.37 9.6
530.48 3.5
531.63 66.6
532.76 17.5
533.45 20.4
534.37 22.3
536.55 68.2
537.54 70.6
538.34 33.3
539.34 20.3
540.82 19.1
543.15 67.3
544.38 22.1
545.46 1071.3
546.30 3.8
547.34 14.7
548.46 83.0
549.78 25.6
550.42 9.2
551.20 12.3
552.57 45.3
553.38 65.2
554.06 6.7
554.96 7.4
555.63 42.2
556.70 11.9
557.62 32.5
558.41 247.3
559.08 22.3
560.41 138.6
561.51 11.3
562.37 17.7
563.79 7.9
564.49 5.6
565.43 3.8
566.40 25.0
567.27 13.0
569.51 403.5
570.59 18.6
571.50 26.7
572.40 12.6
573.44 20.4
574.24 9.3
576.92 9.0
577.80 2.0
578.50 7.9
579.66 25.1
580.34 29.4
581.29 43.5
582.29 7.0
583.17 70.0
584.04 30.8
584.69 7.4
585.53 3.5
587.81 44.5
589.02 254.4
589.94 20.9
590.93 93.5
592.72 60.9
593.68 83.7
594.35 78.2
594.96 80.0
596.07 75.3
597.05 130.0
598.31 22.3
599.44 1.9
600.36 12.2
602.02 1136.1
602.98 1510.8
603.92 16.9
605.04 320.6
606.01 22.9
607.06 100.5
608.44 2.0
610.14 166.4
610.93 40.3
612.03 2.2
612.77 1.3
613.83 5.9
614.95 4.4
616.14 96.1
617.13 33.2
619.04 392.9
620.15 38.4
621.63 8.2
623.67 56.9
624.84 15.2
625.69 5.1
627.19 14.5
628.34 69.6
628.97 47.6
631.28 31.8
632.46 173.5
633.07 44.5
633.91 9.0
636.42 122.8
637.39 683.2
638.00 275.1
638.71 9.0
640.59 7.6
642.26 56.4
643.18 35.5
644.52 10.9
646.55 9407.6
647.50 31.6
648.45 3.2
649.39 6.2
650.41 250.3
651.52 528.9
652.60 27.4
653.54 76.8
654.43 78.7
655.23 11.8
656.07 1.7
657.13 13.8
659.56 1961.7
660.44 4.7
662.38 3.6
664.61 9.0
665.89 12.7
667.61 60.9
668.64 6.6
672.44 34.6
673.55 38.1
674.34 4.2
675.59 7.8
676.22 16.3
677.55 4.6
678.42 7.3
680.70 5.8
682.36 1.4
684.71 35.9
685.55 25.6
686.53 8.9
687.55 4.4
688.78 7.8
690.01 15.0
691.74 2.1
694.00 2.1
695.50 20.4
697.65 2.9
699.53 1.7
702.48 3.1
706.71 5.4
707.50 15.6
708.68 13.1
709.44 12.0
710.37 2.8
711.41 2.7
712.86 7.6
714.10 5.4
715.65 3.4
716.37 1.8
717.74 11.7
721.38 6.6
722.90 3.6
724.27 7.9
725.57 7.5
726.76 10.6
727.58 12.9
732.05 1.4
733.37 6.3
734.25 10.9
735.67 3.2
737.26 9.7
738.76 5.7
739.52 2.9
740.41 2.7
741.44 2.2
743.41 5.1
746.38 2.2
747.41 16.5
748.47 2.8
749.33 4.0
751.40 4.3
752.34 12.0
753.36 6.4
754.42 1.5
755.30 10.3
756.69 4.9
759.16 2.1
760.91 2.6
761.52 3.6
762.18 3.2
763.53 7.1
764.41 2.6
765.71 5.8
766.43 10.7
767.85 17.6
768.67 1.4
770.76 5.7
771.82 16.5
780.73 9.8
781.54 7.9
782.52 12.9
788.50 44.4
789.62 12.1
790.45 2.4
794.70 4.2
798.54 6.7
799.23 1.7
801.37 2.0
803.48 12.1
804.55 12.1
805.62 3.9
806.55 22.8
808.52 7.4
810.50 3.0
819.50 5.5
822.49 7.0
824.77 4.4
827.35 2.9
828.34 3.0
830.57 2.6
832.42 2.3
833.40 2.2
836.25 10.4
839.96 9.7
848.59 14.5
850.48 14.2
852.71 17.5
853.50 4.1
862.64 2.4
867.91 14.7
868.67 2.0
869.53 9.2
872.65 1.5
889.57 2.7
890.95 3.6
896.10 2.3
897.65 1.9
898.55 2.8
914.82 8.7
916.76 2.1
938.74 6.3
939.64 8.1
945.54 1.5
947.34 4.0
948.77 2.1
965.59 9.7
966.37 4.2
967.58 2.9
981.66 8.3
982.43 1.4
984.56 4.7
1008.52 1.9
1010.74 2.0
1034.71 3.6
1052.96 2.4
1064.53 15.8
1071.62 4.8
1077.55 2.2
1141.66 2.6
