1025.51543 2
160.14 3.9
172.23 2.8
182.04 1.0
183.97 2.4
187.21 1.4
191.86 2.2
200.00 2.1
202.19 2.7
212.15 2.5
224.07 1.0
225.16 3.9
230.07 1.3
231.26 3.3
234.42 1.9
235.13 2.1
237.16 1.2
241.24 1.8
242.24 1.5
243.58 2.8
244.74 3.2
249.16 2.5
251.22 5.6
252.19 3.5
253.24 1.4
255.33 3.6
256.89 11.5
259.32 1.5
263.10 1.3
267.10 6.2
268.05 1.6
269.35 5.1
271.51 3.3
272.20 1.5
274.18 8.5
281.11 1.8
283.15 5.8
285.21 45.2
286.38 11.0
288.26 2.6
291.56 1.9
293.23 2.1
296.22 2.5
297.38 3.1
298.53 4.4
299.37 8.8
300.24 4.3
301.92 1.5
303.32 3.4
311.01 4.2
312.31 5.4
313.09 2.1
314.15 4.9
315.21 2.9
316.50 1.5
317.17 3.8
318.93 6.2
320.20 3.1
322.29 3.7
323.15 1.3
326.43 3.1
327.23 4.0
331.16 4.9
333.06 1.1
334.26 2.9
336.23 2.6
338.15 1.7
341.20 2.9
342.24 3.2
346.24 2.5
347.29 1.1
350.24 1.5
353.21 2.3
354.29 8.4
355.27 1.7
356.26 4.4
357.07 3.0
363.29 4.6
364.27 3.7
366.45 1.3
368.12 1.0
369.24 1.1
371.38 2.3
374.44 3.4
376.09 4.2
382.28 18.4
383.17 13.1
384.20 8.2
385.26 4.5
398.29 341.8
399.37 44.0
400.20 230.4
401.24 32.3
404.44 3.6
408.91 3.0
410.46 6.8
411.52 4.4
412.32 4.4
413.21 1.6
414.23 11.7
416.39 7.9
417.85 5.5
422.50 5.3
424.38 2.5
426.37 2.5
428.28 6.9
429.23 24.0
430.47 12.4
432.75 8.6
434.20 1.8
435.20 2.8
437.27 1.3
438.72 49.8
439.45 10.4
440.17 1.9
441.45 3.8
442.13 1.6
443.48 3.8
444.39 7.0
446.76 1.0
448.20 7.0
449.44 5.2
451.36 5.2
452.33 3.0
453.08 3.2
454.34 2.4
456.51 2.8
459.17 1.7
462.42 1.9
464.35 3.6
467.32 8.5
468.25 5.7
468.97 5.8
470.10 9.1
471.46 5.8
472.29 4.3
476.50 1.6
477.41 15.3
478.54 11.3
481.67 8.4
483.21 3.3
485.36 14.5
486.14 15.2
491.27 2.1
491.99 2.9
495.21 83.2
496.21 111.5
497.10 4.0
498.17 2.8
499.57 8.1
502.34 8.1
503.61 27.8
504.76 63.6
505.47 13.6
523.94 1.3
530.79 1.5
555.04 4.6
575.81 2.1
579.28 12.4
580.16 2.7
583.70 6.3
586.28 3.7
587.06 1.5
597.35 27.1
598.59 5.3
600.26 2.6
615.10 9.9
615.74 1.7
621.12 3.6
639.65 2.8
646.65 9.6
648.55 2.9
671.41 2.6
672.50 2.1
678.14 5.4
679.77 5.6
686.30 5.2
691.34 2.0
698.47 4.4
704.51 5.4
715.32 3.9
716.46 10.6
717.52 6.0
725.55 2.7
727.43 3.2
729.58 3.0
740.76 4.7
750.63 1.6
752.26 3.3
763.15 8.6
781.46 4.3
784.70 3.7
790.50 6.1
791.11 1.0
797.79 3.6
801.86 2.3
834.63 2.6
858.42 1.0
862.52 3.4
876.47 3.2
894.55 13.0
895.46 8.0
908.67 5.0
912.46 5.3
1004.79 3.1
