1128.62517 2
162.25 6.2
164.17 6.0
165.08 1.7
166.15 1.3
169.15 41.9
170.30 21.0
171.27 9.8
172.29 2.0
174.50 12.5
175.23 45.3
176.22 17.8
177.09 1.6
179.21 4.9
180.48 10.7
181.26 88.5
182.23 12.5
183.26 90.6
184.37 13.0
185.17 20.1
188.12 2.9
190.27 1.1
191.12 3.6
192.21 30.8
195.02 2.4
197.12 56.5
198.13 92.3
199.21 1135.3
200.27 122.2
201.24 12.1
202.50 5.5
203.17 46.3
204.16 13.1
205.08 6.1
206.09 1.1
207.54 2.6
208.17 20.9
209.16 9.5
210.19 25.0
211.26 18.7
213.16 2.7
214.52 6.7
216.15 577.4
217.26 46.1
219.07 3.7
221.23 11.2
222.27 2.4
224.66 6.5
226.06 36.7
227.14 12.0
228.25 107.4
229.43 8.4
231.25 3.3
232.08 3.1
234.40 3.5
235.40 7.0
236.23 6.9
238.32 9.3
239.19 5.6
241.34 3.3
242.06 1.8
243.09 3.3
244.20 17.2
245.04 2.1
246.06 2.5
247.27 3.8
247.96 1.3
249.37 1.1
250.26 24.7
251.32 12.9
252.43 8.3
253.58 3.8
254.24 29.1
255.15 19.2
256.25 6.8
258.34 15.1
261.18 1.4
262.14 15.2
263.17 4.8
264.36 3.4
265.12 5.0
266.33 9.9
267.18 9.8
268.30 20.0
269.31 23.7
271.26 17.8
272.16 137.7
273.16 45.4
275.79 6.5
276.53 4.5
277.26 3.5
280.41 7.2
283.48 2.6
285.24 3.6
286.32 3.6
288.22 9.3
290.17 99.3
291.35 14.8
293.17 5.7
294.19 4.1
295.22 6.1
296.13 16.0
298.40 33.5
299.19 13.9
301.20 17.4
303.26 84.1
303.98 11.2
307.33 10.5
308.34 19.4
309.37 6.9
310.25 24.6
311.22 1.9
312.15 13.1
312.91 62.3
313.60 1.6
314.36 6.3
316.18 42.3
317.20 12.7
318.35 2.5
319.17 33.8
320.36 5.0
321.09 1.0
322.33 11.6
323.17 22.4
323.97 10.8
325.23 19.9
325.95 8.9
327.29 4.0
329.23 4.4
331.40 9.9
332.16 20.1
333.65 17.5
334.25 25.8
335.30 6.0
336.45 25.6
337.30 52.2
338.34 9.4
339.22 4.4
340.17 8.6
341.23 29.2
342.23 31.5
347.58 30.8
349.61 21.9
350.30 19.9
351.28 19.3
352.22 30.2
353.38 15.1
354.16 12.9
355.27 49.4
356.40 16.6
358.13 3.7
359.14 29.3
360.15 5.4
361.32 54.8
362.34 5.0
364.44 4.9
365.33 11.1
366.40 3.6
367.20 3.1
369.32 17.8
370.54 25.1
372.29 75.4
373.37 17.2
374.16 2.1
375.37 15.6
376.36 17.2
377.45 23.7
379.17 17.0
380.03 10.1
382.13 90.1
383.23 32.7
384.47 11.3
385.38 22.0
386.65 23.7
387.38 2.2
390.24 1445.1
391.25 209.8
391.96 6.2
393.46 27.9
394.18 2.7
395.74 59.5
396.43 89.8
397.46 31.4
399.04 4.0
399.97 44.6
401.19 8.8
402.45 17.4
403.56 29.9
404.76 99.9
405.42 45.0
406.31 3.9
407.32 5.1
408.57 15.2
409.53 4.9
410.31 10.8
411.27 6.9
411.92 5.9
412.84 10.8
413.97 294.7
414.92 13.5
415.55 2.8
416.22 29.4
417.03 40.1
417.99 7.9
418.64 1.1
419.26 2.1
420.28 7.0
421.66 30.9
422.31 4.3
424.33 439.7
425.43 160.6
426.44 4.5
428.05 10.7
429.07 5.7
430.38 12.3
431.23 6.9
432.49 19.6
433.52 13.4
434.46 80.8
435.44 9.6
436.41 17.1
437.34 13.1
439.24 136.0
439.95 5.9
441.01 12.5
442.51 46.3
443.44 14.9
444.33 2.2
446.57 11.0
448.21 242.4
449.19 36.0
450.37 30.9
451.44 366.3
452.32 9.2
454.22 15.1
456.67 27.8
457.38 8.0
458.77 2.3
459.57 18.1
460.84 40.9
461.46 6.0
462.33 2.5
463.27 10.5
464.19 7.9
465.25 18.6
466.62 17.8
467.49 33.6
468.59 39.4
470.02 17.7
471.27 35.8
472.30 16.8
473.81 56.3
474.57 39.6
475.58 40.2
476.40 80.1
477.21 6.8
478.13 12.2
479.24 8.0
480.61 9.0
481.35 7.9
482.48 18.0
483.59 76.0
484.78 27.7
486.06 39.2
487.06 43.9
488.29 13.4
489.43 38.4
490.32 17.7
491.66 21.7
492.35 30.5
493.28 43.2
494.23 36.9
495.40 10.4
497.27 11.0
498.43 10.3
499.29 12.3
500.35 7.4
501.33 98.4
502.20 7.8
503.10 19.6
503.82 1.7
505.29 110.3
506.62 34.2
507.50 71.8
508.39 50.5
509.39 46.2
510.61 52.0
511.66 43.6
512.40 73.7
513.22 26.7
514.22 7.7
515.37 23.4
516.07 20.4
518.63 6.1
520.22 54.7
521.18 28.0
521.81 26.0
522.66 8.5
523.33 10.7
524.17 25.9
525.37 18.2
526.47 29.0
527.50 13.6
528.29 16.4
529.33 26.9
530.44 23.1
532.07 91.3
533.12 143.1
534.21 76.6
534.98 32.1
535.70 27.3
537.39 893.8
538.35 400.0
539.98 44.4
540.97 109.0
542.54 516.6
543.65 114.5
544.37 40.3
546.26 85.4
547.17 361.8
548.25 35.2
549.42 74.1
550.28 79.5
551.40 28.0
552.72 66.3
553.78 71.2
555.75 810.8
556.50 391.3
558.40 10.6
566.32 2.8
574.30 1.4
575.40 7.1
576.45 7.6
577.39 3.5
578.40 3.6
579.54 34.1
580.45 20.4
581.34 20.5
582.39 5.9
583.53 9.9
584.38 1.8
585.31 2.0
586.45 5.3
587.30 1.6
588.62 4.9
589.75 4.8
590.99 14.1
592.36 191.5
593.33 38.4
594.68 31.7
595.52 4.2
597.56 17.0
598.60 6.3
599.57 30.6
602.77 12.5
603.45 1.1
604.20 2.2
605.23 3.5
606.51 170.1
607.48 49.9
608.76 19.9
609.45 4.0
610.82 1.9
612.12 19.5
612.88 8.7
614.39 10.4
616.24 11.4
617.18 12.1
617.90 3.6
619.24 3.2
620.23 2.2
622.22 7.9
624.40 264.5
625.40 101.7
626.54 17.6
628.64 3.8
630.41 5.8
632.42 6.8
633.76 1.8
634.43 3.1
635.46 2.4
638.46 6.4
639.60 6.6
640.61 7.8
641.63 19.9
642.46 22.5
643.43 8.6
646.33 10.3
647.25 15.0
648.46 7.5
649.31 5.8
650.35 28.9
651.53 5.4
653.45 1.1
655.11 42.2
656.11 67.4
657.06 9.7
658.31 4.7
659.45 2.4
660.82 7.5
661.77 13.9
662.49 5.6
666.46 8.3
667.57 16.5
668.48 39.9
669.59 19.6
670.77 5.1
674.21 7.7
675.75 9.1
676.50 16.2
677.54 3.6
679.41 5.2
680.81 2.5
682.58 3.7
683.81 6.0
685.35 17.1
686.46 22.7
687.44 12.5
688.67 6.2
689.67 2.1
691.54 12.3
692.52 13.3
693.34 8.3
694.48 59.2
695.61 40.7
696.56 5.9
697.88 9.1
699.24 10.6
700.63 6.7
702.43 15.3
703.50 129.7
704.55 51.8
705.42 252.4
706.46 75.7
709.30 18.6
710.40 4.0
711.84 100.4
712.82 24.1
713.47 10.3
714.91 20.0
715.60 2.4
716.40 28.0
717.40 18.9
718.54 14.9
721.51 161.3
722.48 57.5
723.25 19.5
724.04 12.1
724.96 22.3
726.84 2.4
728.15 3.4
728.96 4.4
730.39 15.5
731.94 11.3
732.73 19.8
734.96 2.2
736.70 4.2
737.50 13.0
739.47 2768.4
740.49 1048.8
741.52 10.1
743.38 2.3
745.39 2.3
746.26 3.3
748.01 17.0
748.66 2.7
749.30 3.1
750.06 4.9
751.46 1.7
752.12 6.2
753.01 12.2
755.45 15.6
756.57 47.0
757.55 73.2
758.59 17.3
759.36 13.4
760.17 5.8
760.79 6.3
761.67 52.8
762.55 13.0
763.43 14.2
764.38 19.4
766.09 18.9
768.52 7.1
769.16 8.0
769.76 3.5
770.93 2.6
771.62 1.9
772.84 16.2
773.58 14.9
774.47 22.0
775.50 1.2
776.51 2.2
778.36 4.4
779.73 7.2
781.61 16.5
782.55 16.4
783.50 12.4
788.94 2.0
790.62 14.4
791.63 4.4
792.54 1.1
793.47 1.4
795.46 2.6
796.50 8.8
798.57 16.3
799.78 7.0
800.67 8.4
802.02 15.4
804.50 43.1
805.58 11.2
806.38 2.1
807.86 21.8
808.48 231.9
809.52 99.1
810.25 13.7
812.09 8.1
814.60 9.8
815.22 1.9
816.62 7.7
820.65 1.9
821.51 3.8
822.54 21.3
823.53 10.9
824.47 9.2
826.48 292.0
827.53 132.8
829.44 11.1
832.31 6.5
833.44 35.8
834.48 13.1
836.58 2.8
837.41 8.2
838.47 4.9
840.47 8.4
841.49 10.2
842.39 22.8
843.57 24.3
844.58 13.3
846.80 1.1
847.44 5.4
849.28 5.2
850.59 23.9
851.60 13.7
852.56 5.4
853.31 1.9
856.69 5.1
857.64 2.1
858.60 2.9
859.60 16.5
860.55 11.0
862.57 2.9
865.33 36.9
866.56 26.5
867.56 46.4
868.51 19.1
869.53 17.1
870.64 6.4
877.51 222.7
878.60 132.5
879.60 5.5
880.82 1.0
883.51 154.2
884.57 62.7
885.53 107.3
886.53 30.5
893.31 12.1
895.51 887.6
896.59 364.4
897.98 5.9
901.52 1040.4
902.52 395.6
903.15 11.7
908.65 5.4
912.57 130.7
913.57 1029.4
914.63 378.6
918.68 1.6
919.55 2.9
920.75 9.1
921.67 12.1
924.01 6.0
925.75 2.6
926.47 4.3
927.47 2.2
928.48 9.6
930.58 1323.2
931.57 602.5
932.43 3.9
934.37 1.5
935.99 2.6
937.49 16.9
938.78 5.0
939.66 3.3
943.58 3.9
945.47 1.1
946.63 2.7
948.74 1.8
952.67 17.3
953.79 1.8
954.56 37.5
955.53 24.7
956.65 23.9
957.65 10.0
964.56 125.6
965.72 63.2
971.82 16.3
972.51 173.9
973.62 45.4
978.43 3.3
979.30 6.9
982.58 395.9
983.64 241.1
986.14 2.9
995.43 1.8
996.38 6.9
997.78 2.1
999.48 29.4
1000.58 82.3
1001.64 45.0
1002.67 1.3
1022.58 2.6
1025.52 2.9
1028.66 3.6
1029.46 5.6
1036.87 2.8
1039.78 1.0
1043.60 1.6
1065.61 4.7
1083.55 21.3
1084.41 14.7
1087.47 1.3
1089.86 3.6
1109.27 3.0
