1742.864109999999 3
166.23 22.9
167.05 13.0
169.08 26.1
169.92 2.8
171.15 7.4
172.18 215.8
173.21 21.9
175.25 41.0
176.08 19.3
177.18 57.8
178.09 5.3
179.10 3.0
182.91 9.2
184.29 3.4
185.94 54.5
187.19 595.9
188.09 49.1
189.35 14.2
195.15 5.0
197.16 43.6
199.05 12.4
199.98 11.0
201.31 18.7
202.19 13.4
204.15 273.4
205.25 45.2
206.30 4.3
209.13 5.8
210.08 13.0
211.18 4.4
212.24 6.8
213.39 26.9
215.04 235.2
217.19 1587.9
218.16 95.3
219.17 18.3
222.18 6.4
223.21 96.3
224.11 3.0
225.30 3.7
226.07 8.9
227.22 11.5
228.49 61.9
229.26 88.1
230.23 37.3
231.05 13.2
233.16 50.4
234.53 15.5
235.20 20.2
236.29 6.8
238.98 25.4
240.20 44.7
241.16 213.0
242.21 41.0
243.31 21.6
245.07 1001.6
246.19 188.0
247.27 27.2
248.31 18.3
249.05 17.8
251.29 33.1
252.31 7.3
254.20 6.5
256.15 26.4
257.28 31.5
258.27 83.9
259.19 14.6
261.18 384.8
262.26 61.2
263.12 21.1
268.14 36.6
271.33 7.5
272.24 20.3
273.27 21.7
274.18 31.1
275.35 39.8
279.27 25.8
280.22 21.7
281.25 12.5
282.16 5.3
283.05 3.8
284.29 26.7
286.02 350.4
287.11 15.1
288.34 25.2
290.33 58.1
291.13 5.2
292.20 9.5
293.33 7.1
294.14 8.5
295.00 10.8
296.51 115.6
297.25 40.7
298.04 5.2
299.31 3.0
300.10 30.2
301.26 31.3
302.13 60.2
303.32 160.6
304.23 20.1
307.10 11.7
308.27 107.2
309.32 10.4
310.29 9.5
312.29 22.9
314.14 362.5
315.18 45.7
316.27 104.6
317.19 25.8
319.20 98.6
320.08 16.3
321.03 3.9
322.44 26.5
323.30 15.3
324.20 22.3
325.56 19.6
326.48 12.9
327.52 23.4
328.23 33.8
329.27 75.3
330.20 139.4
331.27 47.9
332.31 15.0
333.68 97.4
334.43 69.0
335.34 30.1
336.27 28.1
337.25 8.8
338.40 45.4
339.11 13.4
342.49 38.3
343.65 12.7
344.26 61.0
345.18 79.7
346.26 67.1
347.32 27.0
348.24 20.4
349.36 67.2
350.51 29.7
352.28 243.0
353.40 31.7
354.22 23.0
355.11 17.2
356.51 53.8
357.36 96.0
359.24 315.8
360.46 44.6
362.28 4.2
363.29 15.9
364.16 14.3
365.26 10.0
367.29 29.5
368.36 18.3
369.22 28.8
370.09 6.1
371.35 14.2
372.35 91.4
373.16 42.9
374.29 38.5
375.24 7.9
377.15 115.7
379.73 19.2
380.92 23.1
382.87 300.7
384.23 6.9
385.35 176.4
386.58 21.3
387.34 23.8
388.61 41.1
389.75 103.7
390.37 895.8
391.35 90.6
392.50 31.9
393.48 25.1
394.63 45.6
395.27 37.8
396.64 125.6
397.32 88.5
398.33 3.8
399.55 47.8
401.12 28.4
402.43 15.0
403.62 117.0
404.61 51.9
405.38 16.5
406.21 4.6
407.43 88.6
408.48 8.4
409.14 8.1
410.28 21.7
411.30 12.6
412.40 23.2
413.17 186.7
414.59 101.3
415.42 82.8
416.46 28.4
417.79 46.2
419.21 28.8
420.45 12.5
421.28 35.0
421.96 12.3
423.12 6.6
424.28 49.4
425.31 127.3
426.36 139.5
427.34 27.0
428.33 37.5
429.21 24.4
430.37 27.8
431.49 42.9
432.42 29.6
433.43 53.8
434.33 46.4
435.39 27.5
437.46 43.4
438.41 23.2
439.34 55.7
440.20 18.6
441.08 33.8
441.87 24.0
442.50 5.5
443.25 32.0
444.33 55.5
445.42 91.5
446.23 14.0
447.40 56.6
448.66 74.5
449.63 216.0
450.62 7.5
452.53 76.9
453.44 311.0
454.56 28.4
455.42 44.4
457.01 73.9
458.44 280.9
459.46 129.2
460.66 593.7
461.47 105.6
462.18 90.5
463.68 38.3
464.46 7.4
465.53 32.8
466.36 42.9
467.60 89.4
469.35 4198.5
470.64 42.5
472.14 146.2
473.06 71.9
474.20 44.4
475.05 38.3
476.03 44.9
476.81 29.1
477.86 32.1
478.48 23.9
479.35 45.1
480.56 95.3
481.61 168.6
482.48 76.5
483.33 60.3
484.31 173.3
485.50 77.1
486.49 119.0
487.47 74.0
488.48 1080.9
490.32 863.7
491.41 248.4
492.50 48.3
494.03 87.2
494.65 5.8
495.67 72.7
496.51 259.2
497.78 250.1
498.54 296.1
499.75 167.7
500.46 1397.5
501.45 159.9
503.27 1105.9
504.73 1241.1
505.45 375.1
506.55 92.0
507.50 71.8
508.31 26.4
509.50 146.9
510.37 383.8
511.50 67.1
512.33 27.4
513.42 80.9
514.65 478.1
515.38 385.7
516.54 135.6
517.67 106.2
518.96 3024.6
520.35 111.4
521.49 163.9
522.52 30.7
524.01 333.7
525.06 83.3
526.02 115.0
527.79 180.3
528.89 62.4
530.05 243.7
531.03 149.3
532.42 72.2
533.36 240.6
535.04 62.9
535.90 87.4
536.90 62.5
537.53 143.4
538.16 564.2
538.92 198.7
540.54 247.8
541.59 332.5
542.35 77.6
543.56 52.3
544.46 75.0
545.43 82.0
546.23 57.0
547.52 810.2
548.61 54.6
549.48 190.1
550.52 148.3
551.51 184.6
553.13 72.2
554.38 114.7
555.68 225.2
556.74 41.6
558.23 177.3
559.37 318.9
560.36 132.1
561.41 18.2
562.65 68.9
563.34 633.7
564.26 1309.2
565.49 340.9
566.57 166.6
567.83 109.5
568.57 15.5
569.59 298.0
570.58 291.6
572.17 991.7
572.83 406.6
573.44 215.3
574.38 12.3
575.17 6.8
583.24 3.8
588.77 7.6
590.31 8.2
591.31 9.1
592.38 145.6
593.60 12.8
596.28 39.1
597.38 49.6
598.41 109.8
599.71 22.0
600.52 20.4
601.43 22.2
602.48 41.4
603.50 335.3
604.47 111.5
605.39 32.6
607.21 225.1
608.35 33.6
609.28 31.3
610.23 44.8
611.10 25.6
612.21 176.1
613.16 110.1
613.95 29.4
616.04 18.7
616.81 8.6
618.42 15.1
619.51 26.8
621.01 665.5
621.92 21.0
623.12 89.4
624.31 1416.9
625.37 396.5
626.27 56.7
627.23 50.1
627.91 18.7
629.02 5.1
630.32 66.6
631.42 49.2
632.41 319.0
633.54 36.5
634.53 8.9
636.90 67.9
637.59 17.0
638.39 74.8
639.55 26.3
640.45 22.3
642.24 48.4
643.34 258.7
644.44 68.2
645.63 41.9
646.64 36.8
647.48 14.8
648.36 159.7
650.36 1539.3
651.50 224.2
652.27 14.4
654.06 113.5
655.28 192.1
656.29 33.1
657.67 3.3
659.38 5.1
660.38 52.3
661.28 33.5
663.47 97.2
664.80 126.7
665.47 310.0
666.62 13.7
667.40 4.3
668.56 55.9
669.71 62.6
671.71 99.1
672.45 136.3
673.45 41.2
674.45 17.0
675.20 130.7
676.23 147.5
677.62 451.1
678.44 10.4
679.81 40.9
680.67 36.8
681.49 25.8
683.02 83.9
684.13 63.0
685.33 70.8
686.42 63.3
688.44 6.9
689.43 63.7
690.03 6.0
690.67 22.8
691.30 38.6
693.33 716.7
694.35 156.3
695.11 10.8
696.39 31.3
698.15 54.6
698.75 21.9
699.36 26.3
700.52 80.3
702.61 71.9
703.69 39.2
704.65 65.8
705.73 42.5
707.41 8015.2
708.50 1705.8
709.42 30.9
710.65 167.8
711.55 66.6
712.48 44.4
714.29 33.5
715.61 5.4
716.23 14.2
717.28 43.2
718.51 194.2
719.49 99.7
720.16 26.4
721.54 79.3
722.55 7.6
724.12 33.5
725.79 57.0
727.04 35.2
728.06 124.2
729.86 24.5
731.58 22.9
733.16 153.7
733.84 38.8
734.83 52.3
736.08 82.6
737.25 52.7
738.76 57.9
739.66 40.3
741.62 2645.9
742.59 170.3
743.78 118.6
745.93 158.3
746.73 368.8
747.42 953.5
748.48 334.6
750.13 15997.9
750.95 165.1
752.04 66.0
753.65 62.9
754.56 40.0
755.46 81.5
756.22 34.0
757.41 131.3
758.26 102.1
759.38 61.9
760.08 29.3
761.79 16.1
762.45 51.2
764.37 434.4
765.51 177.0
766.61 31.2
767.54 14.9
768.27 38.7
769.48 70.7
770.40 24.1
771.21 119.2
772.30 346.8
773.37 104.7
774.96 56.8
775.60 82.3
776.44 138.0
777.46 39.0
778.35 89.3
779.78 16.6
780.87 3.1
782.16 40.6
783.11 17.4
784.22 14.2
785.19 84.5
786.24 100.5
787.27 27.7
788.61 42.9
789.43 61.7
790.32 60.2
791.85 170.8
792.51 687.4
793.48 228.9
794.28 10.8
797.27 20.9
798.07 113.0
798.78 144.9
799.49 98.7
800.44 35.8
801.59 65.4
802.78 67.3
803.93 78.4
805.19 46.0
806.50 2845.6
807.54 451.0
808.33 52.5
809.13 11.8
810.29 19.3
811.57 90.2
812.41 14.4
813.48 53.7
814.33 30.0
815.27 94.1
816.44 12.2
817.55 41.1
818.24 25.2
819.25 113.8
820.29 48.0
821.36 80.3
822.28 60.4
823.26 18.8
825.06 19.9
825.93 17.2
826.92 31.5
827.65 4.6
829.46 48.8
830.38 15.2
831.32 36.7
832.40 314.7
833.49 145.3
834.47 398.3
835.45 109.5
836.39 26.1
837.32 9.5
838.27 5.9
840.43 15.1
841.46 47.2
843.43 15.5
844.39 21.3
846.41 43.4
847.34 9.6
848.95 31.1
849.55 298.4
850.55 62.7
851.61 30.4
852.55 3.8
853.32 18.4
854.37 4.0
855.43 5.3
856.63 5.0
858.47 115.5
859.48 112.2
860.56 69.8
861.94 48.4
862.71 3.0
864.24 39.4
865.50 16.0
866.35 6.3
867.50 30.4
869.61 53.3
870.58 10.2
871.21 35.0
872.47 14.2
873.93 4.8
875.07 22.9
876.48 2120.3
877.48 672.5
878.37 19.6
879.33 3.4
880.36 6.5
881.42 24.6
882.48 21.6
883.48 84.9
884.44 11.9
886.88 31.3
887.93 95.5
888.59 59.7
889.70 17.9
890.51 28.3
891.64 7.4
893.94 30.0
895.18 19.4
896.42 33.9
898.09 34.0
899.33 62.5
900.56 15.6
901.52 96.6
902.68 17.0
904.51 224.3
905.49 157.5
906.48 33.5
907.51 38.2
908.66 10.1
910.40 23.6
911.85 20.0
912.86 67.5
914.42 114.7
915.50 310.5
916.48 189.9
917.45 165.4
918.59 41.1
919.51 21.9
920.36 59.3
921.56 7.1
922.42 110.4
923.61 128.2
925.83 30.3
927.55 16.5
929.80 70.1
930.48 111.5
931.28 37.4
933.47 783.5
934.58 168.5
935.46 35.4
936.17 4.2
937.39 237.7
938.45 119.5
939.44 72.9
940.37 330.4
941.45 157.8
942.47 27.0
943.38 10.6
944.45 4.2
946.26 21.7
947.49 1875.6
948.58 708.8
949.63 46.4
950.57 16.7
951.60 21.5
952.49 15.9
953.59 19.8
955.70 8.8
956.79 15.5
958.32 220.2
959.42 149.0
960.50 9.4
961.64 76.7
962.61 21.0
965.64 26.5
966.52 5.5
967.45 14.6
968.45 3.7
969.50 34.7
970.47 47.9
971.67 18.4
973.70 2.8
974.57 64.3
975.59 418.0
976.64 136.9
977.40 21.8
979.13 49.0
980.24 90.6
981.47 11.9
983.35 38.0
984.34 6.1
986.04 3.2
987.60 67.8
988.35 27.4
989.26 11.8
990.53 59.5
991.56 44.8
995.40 37.1
996.38 60.9
997.46 71.0
998.21 6.1
1000.41 4.8
1001.52 3.6
1004.64 4.4
1007.55 20.8
1009.46 3.4
1010.41 5.2
1011.32 6.8
1012.58 50.3
1013.28 31.0
1014.55 55.7
1015.47 71.8
1016.50 23.4
1017.61 9.7
1020.82 9.7
1023.55 8.6
1025.73 7.7
1026.58 16.9
1027.45 23.7
1028.55 191.7
1029.33 239.5
1030.37 516.9
1031.29 47.8
1032.77 28.3
1033.80 7.2
1034.63 7.4
1036.77 8.4
1046.69 4.8
1048.07 5.6
1048.75 13.5
1049.74 15.7
1056.90 12.6
1058.81 8.4
1060.35 14.8
1064.90 8.2
1065.99 55.0
1070.88 9.1
1072.43 13.6
1083.38 4.4
1092.61 3.5
1093.63 7.7
1107.66 8.9
1108.54 40.4
1109.61 71.7
1110.82 15.6
1122.65 6.5
1127.39 24.1
1128.53 39.3
1142.18 8.7
1143.66 4.5
1169.43 4.8
1177.55 8.2
1185.57 64.5
1223.54 4.8
1225.42 7.7
1226.68 12.3
1238.58 14.8
1239.26 9.4
1241.87 8.0
1245.56 2.8
1256.56 9.7
1281.86 3.9
1296.88 15.0
1335.49 12.7
1339.59 8.7
1352.55 11.9
1363.24 11.7
