1189.65117 2
172.21 2.8
177.16 3.4
183.25 1.9
187.16 13.5
189.45 1.9
192.08 1.3
199.32 1.8
200.36 2.2
203.26 5.2
212.16 4.0
212.95 2.1
215.09 5.7
217.96 1.5
223.38 3.2
227.17 5.2
230.00 5.3
234.50 1.5
236.21 4.9
239.18 1.9
241.23 3.7
243.38 4.5
246.25 1.8
249.46 1.6
253.13 1.7
256.22 2.6
258.21 4.2
266.23 7.5
268.22 1.1
270.11 6.9
271.41 6.2
272.27 2.5
276.05 2.8
279.38 5.5
280.42 7.0
281.50 2.5
283.27 2.9
287.20 13.1
288.54 5.1
289.31 4.6
292.30 1.3
293.32 1.7
294.21 2.6
295.08 2.4
297.32 6.3
298.17 1.1
300.14 4.6
303.04 1.7
310.23 3.1
311.22 4.1
312.27 3.4
314.21 1.3
315.12 32.9
317.32 4.3
319.10 5.7
322.56 2.2
324.23 2.4
328.54 3.5
331.23 6.1
331.90 1.7
332.89 1.5
336.35 3.9
338.19 1.2
338.86 2.2
341.25 4.0
344.92 5.1
346.15 1.1
347.28 5.6
348.38 9.2
349.48 2.0
354.92 2.7
356.30 3.3
364.42 3.8
365.10 8.2
367.24 5.1
368.35 2.3
371.94 6.6
373.09 1.0
375.36 1.7
376.27 4.6
378.20 1.1
379.89 2.4
381.20 9.5
382.06 6.2
386.63 9.0
387.38 5.1
393.38 4.4
396.31 2.9
397.23 2.2
398.49 2.0
399.25 5.3
400.37 2.6
401.03 1.6
406.08 2.2
406.88 8.0
408.53 1.4
410.20 3.1
411.22 1.6
412.24 1.4
414.33 40.2
416.19 4.6
417.17 1.1
418.55 2.7
419.26 7.7
420.34 9.4
421.28 1.3
422.20 2.7
424.36 3.9
425.04 2.1
426.30 3.6
430.11 3.5
431.49 1.1
432.26 4.6
433.47 2.9
434.33 5.4
435.37 6.2
436.55 2.5
438.15 4.8
439.38 1.8
440.29 1.8
441.70 3.1
444.43 2.1
446.31 3.9
449.28 10.4
450.35 1.9
452.21 10.6
453.13 2.1
454.92 7.0
457.45 3.1
458.53 5.0
461.64 16.4
462.49 4.4
463.25 13.1
464.95 16.8
466.04 4.4
467.35 5.4
468.31 5.2
469.55 22.5
470.50 5.5
475.27 6.0
480.37 3.6
481.27 4.7
482.32 12.4
483.25 6.4
484.37 1.4
488.30 6.5
489.40 1.3
495.29 2.8
497.33 3.5
498.36 6.7
499.39 7.4
504.04 4.5
506.21 3.7
507.21 3.1
509.50 9.6
510.22 2.7
512.56 17.9
513.48 13.4
515.39 11.1
517.22 6.5
518.38 7.8
520.25 7.9
521.35 3.9
523.37 7.8
524.44 18.7
525.97 1.4
527.22 9.1
528.24 1.8
529.20 16.1
531.22 16.3
532.29 9.7
533.40 3.3
534.42 1.7
535.49 2.9
536.39 8.1
538.40 4.7
539.36 10.0
541.47 11.4
542.38 11.4
544.61 20.0
545.51 10.4
547.41 5.7
549.24 5.7
549.93 3.3
551.03 32.3
552.40 8.4
555.19 5.3
557.51 7.2
558.76 5.9
559.51 11.8
560.33 2.3
561.03 10.6
564.14 6.3
565.50 4.6
566.19 8.3
567.28 31.6
568.37 3.8
571.24 6.3
571.96 20.0
573.65 4.5
574.67 6.2
577.36 89.8
578.39 54.8
579.10 9.5
579.91 9.1
581.48 5.5
583.13 5.1
585.65 45.7
586.47 33.6
603.85 8.7
605.19 4.1
621.50 3.3
631.43 28.8
632.40 2.5
638.64 1.8
641.38 14.5
645.76 2.8
646.55 5.1
654.32 3.7
655.30 5.8
659.39 1.7
661.34 1.0
673.17 2.9
676.00 2.4
679.47 1.5
684.30 2.7
692.61 5.2
694.41 2.0
711.74 6.3
714.15 2.4
718.13 3.7
721.31 2.1
723.31 3.6
739.46 1.7
740.56 6.2
741.84 2.2
744.98 1.8
745.78 7.8
746.56 3.6
748.59 6.2
749.65 1.1
751.62 8.1
753.81 5.7
763.17 7.1
774.17 1.3
782.55 2.3
784.54 19.1
785.60 4.1
789.84 3.1
790.66 2.4
794.58 6.4
796.86 3.3
800.59 3.1
803.38 1.7
805.80 3.5
807.52 5.6
808.38 1.4
809.92 1.6
818.36 12.8
820.51 1.4
822.55 3.8
831.51 2.6
841.56 5.7
842.70 7.8
859.25 7.1
860.69 6.5
878.58 1.5
887.51 2.6
900.44 3.6
901.66 1.1
907.72 2.9
910.63 5.9
916.13 2.9
916.94 3.1
918.47 1.5
924.82 1.8
925.90 6.5
926.77 2.5
930.80 3.3
935.46 1.2
941.55 2.7
942.73 4.6
944.47 9.9
958.54 6.6
963.81 7.6
973.54 2.8
975.59 98.4
985.69 7.1
992.39 2.6
1011.50 4.1
1012.31 12.9
1013.64 1.0
1022.57 2.6
1027.46 1.4
1028.63 1.3
1029.36 2.2
1038.53 3.9
1041.31 3.4
1042.24 2.4
1043.52 2.8
1051.06 1.6
1056.49 3.5
1057.30 1.3
1073.76 1.9
1074.64 2.5
1186.89 1.9
