1149.50652 2
164.20 2.2
169.21 2.9
171.07 5.6
173.17 1.8
175.24 77.9
176.18 3.5
176.81 1.7
181.50 1.4
182.26 5.4
184.30 2.3
185.18 22.9
186.54 5.5
187.27 39.9
188.28 4.1
191.17 2.1
195.22 3.0
196.52 2.0
197.27 7.0
199.33 1.7
200.25 1.7
201.24 1.5
204.21 4.5
208.27 6.2
209.34 6.9
210.38 6.6
212.22 2.7
213.25 4.0
214.60 14.4
215.20 53.4
216.23 5.0
219.21 1.9
223.24 5.6
225.20 2.8
226.49 1.0
228.11 3.4
230.06 4.6
232.16 213.0
233.27 48.2
234.44 3.3
235.26 42.2
236.10 5.2
239.41 1.2
240.14 2.0
241.21 3.3
243.27 2.0
244.30 1.5
245.12 1.8
246.33 2.9
248.19 2.3
250.26 78.2
251.05 7.5
252.34 7.4
253.29 330.6
254.33 15.3
255.32 9.6
256.17 4.5
257.28 6.0
258.18 19.1
259.11 2.5
260.54 5.6
261.18 6.0
262.16 1.7
263.21 59.4
264.21 4.0
270.41 26.0
272.36 11.4
273.51 1.3
274.30 5.9
275.21 8.1
276.36 7.7
278.14 115.5
279.06 13.3
280.35 5.9
281.07 2.0
283.15 45.3
284.29 14.1
286.14 1.2
288.37 13.4
289.25 3.8
291.31 9.7
292.30 2.7
294.29 12.3
296.28 3.3
298.35 105.0
299.24 3.8
300.26 8.2
301.35 6.6
302.47 1.5
303.31 8.1
306.35 4.1
309.20 3.0
310.37 1.7
315.51 1.5
316.32 2.3
317.27 10.9
318.63 6.0
319.27 3.1
320.38 5.8
321.97 1.2
325.50 6.3
326.40 6.3
327.22 1.7
329.44 1.4
331.07 5.4
332.28 15.4
333.06 9.7
334.42 9.6
338.21 287.5
339.27 21.4
340.38 9.1
341.28 2.3
342.26 4.1
343.14 13.9
345.24 7.9
347.25 13.9
348.42 8.2
349.13 11.9
350.11 7.8
351.22 3.6
353.38 4.8
355.34 39.9
356.22 5.3
357.39 2.2
358.27 2.3
359.39 15.2
360.24 27.8
361.22 11.2
362.33 7.9
363.24 8.2
365.64 13.3
366.32 21.6
367.52 12.7
370.37 1.7
371.29 48.7
372.22 6.6
373.26 2.1
374.98 3.5
377.25 390.2
378.31 64.1
379.16 1.3
380.30 1.5
382.31 9.4
383.33 84.9
384.36 6.0
385.48 97.9
387.24 6.0
388.01 2.7
389.22 37.2
390.23 4.7
392.30 2.0
395.22 23.7
397.07 11.3
398.30 5.0
401.31 43.3
403.47 1.0
405.44 14.2
407.39 15.6
408.31 13.2
409.30 1.4
410.45 14.5
411.23 3.5
412.04 6.0
414.21 1.1
416.23 4.3
417.05 6.7
418.52 18.4
419.23 7.3
420.35 5.4
421.40 4.8
422.04 2.8
424.28 30.7
425.21 16.8
426.33 14.3
427.62 9.4
428.32 5.6
429.13 41.5
430.39 12.5
431.23 11.1
432.39 4.6
433.44 1.8
434.79 18.5
435.93 6.6
437.53 78.3
438.69 6.8
439.39 27.5
440.45 9.4
441.37 28.5
442.17 25.5
443.09 12.7
444.34 24.1
445.92 508.9
447.28 19.2
448.50 12.1
449.64 2.4
451.36 173.4
452.45 41.7
453.54 40.2
454.34 6.0
455.20 6.6
456.26 25.1
457.10 2.6
458.35 9.4
459.87 1120.5
461.25 26.1
462.52 136.2
464.43 33.1
465.66 22.8
467.37 16.3
468.45 35.5
469.67 14.7
470.43 108.7
473.15 491.8
474.16 88.3
474.89 11.0
475.84 15.8
476.48 53.8
477.48 27.9
478.33 38.8
480.80 7.6
481.47 15.0
482.67 16.4
483.99 10.7
485.15 6.8
486.72 471.0
487.41 119.5
488.46 91.2
489.42 16.1
490.05 8.8
491.95 99.9
492.96 37.5
493.89 20.1
495.39 1275.6
496.35 29.8
497.18 13.6
497.85 14.9
498.63 7.2
500.30 243.8
500.97 933.0
502.13 20.4
503.02 4.7
503.72 7.4
504.58 26.3
505.51 18.0
506.64 20.0
507.25 9.2
509.38 3475.4
510.41 41.4
511.28 33.4
512.30 22.0
513.43 163.8
514.76 29.9
515.60 10.9
517.13 88.1
518.22 59.6
519.01 14.6
519.77 13.5
521.70 22.4
522.37 11.8
523.47 11.6
525.14 2.2
526.07 58.4
527.30 34.5
528.16 43.4
529.40 13.3
530.37 17.6
531.35 47.2
531.95 2.9
533.40 11.3
534.46 10.3
535.66 41.9
536.53 26.6
537.33 5.9
538.76 26.3
539.43 148.7
540.43 52.6
542.30 151.7
543.66 56.8
544.68 78.8
545.38 107.7
546.49 27.9
547.78 21.2
549.07 63.3
549.78 6.2
550.99 46.9
551.91 21.8
553.03 75.1
554.11 42.9
555.16 20.7
557.28 341.4
558.12 365.1
558.83 56.4
559.89 23.1
560.99 22.0
562.28 26.1
563.08 39.1
563.81 59.3
564.62 22.9
566.19 230.1
566.93 200.1
567.98 3.2
570.34 3.7
572.09 1.3
579.24 2.7
580.81 2.8
581.95 13.4
582.71 2.7
584.20 5.7
585.70 4.7
587.53 4.0
590.37 5.9
592.68 4.9
594.74 2.8
599.49 5.8
605.27 3.7
608.41 1.0
610.85 2.4
611.47 3.7
612.09 2.7
615.02 5.5
618.11 4.8
619.11 7.6
620.25 37.4
621.30 2.6
624.32 149.9
625.43 12.5
626.33 5.8
629.44 2.5
631.62 5.8
632.34 3.1
634.13 12.2
635.09 9.4
636.39 8.6
638.33 126.3
639.34 5.0
641.30 523.3
642.42 77.8
644.53 1.6
645.85 6.1
649.66 3.8
650.76 7.3
652.27 38.2
653.37 5.3
656.60 18.4
657.35 2.2
658.54 2.0
659.44 19.7
660.57 6.3
661.81 3.7
663.21 64.1
664.24 9.8
666.32 7.7
669.20 11.0
669.82 11.2
670.43 1.2
671.15 6.0
673.40 29.6
674.57 27.0
675.34 7.5
676.54 4.9
677.45 20.2
678.36 8.3
680.27 67.1
681.30 13.3
682.48 7.7
684.33 15.4
685.26 26.6
686.55 4.7
689.20 7.5
690.97 1.2
692.11 7.1
694.24 6.4
695.24 2.5
696.27 8.1
697.56 1.9
699.70 1.5
701.26 3.6
703.09 7.8
704.58 1.8
705.54 1.5
707.83 1.4
709.53 8.3
710.48 1.1
711.40 26.9
713.05 10.4
713.76 10.4
714.78 4.1
715.97 13.0
717.32 18.2
718.26 9.4
719.68 9.9
720.85 3.5
722.35 7.1
723.14 34.0
724.00 5.1
725.26 11.4
726.32 4.2
726.98 5.5
727.60 17.1
728.54 13.6
729.48 15.3
730.30 25.8
731.12 8.7
732.45 7.0
733.45 1.4
735.42 58.1
736.35 15.6
738.52 25.4
739.75 47.5
740.46 224.8
741.53 55.7
742.37 5.2
743.62 2.1
744.33 37.5
745.54 10.8
746.47 16.0
747.85 4.9
748.62 21.5
750.60 11.6
752.02 8.5
753.28 7.8
755.35 265.5
756.39 43.4
757.49 1.1
760.03 2.8
761.24 9.8
762.05 7.1
762.92 22.6
763.89 7.6
764.91 5.0
766.06 10.4
767.40 4.1
768.07 1.5
768.82 5.0
769.71 12.2
771.43 1.9
773.41 4.4
774.34 21.3
775.11 8.2
777.10 2.3
778.22 1.5
779.00 2.6
780.41 2.5
781.55 13.2
783.08 8.2
784.34 5.1
785.57 3.2
788.66 25.2
789.96 3.0
791.26 7.8
792.23 19.8
795.36 15.9
796.66 20.1
797.42 10.4
798.93 17.2
800.88 9.8
802.35 18.3
803.10 5.9
805.01 1.5
809.47 24.9
810.29 8.3
815.25 45.9
816.35 16.7
817.44 10.5
819.27 112.7
820.40 33.5
821.18 3.3
822.60 6.7
823.63 4.3
826.21 54.0
827.03 2.4
827.83 3.8
829.31 1.2
830.79 1.9
832.60 2.5
833.39 4.4
834.51 5.4
835.48 4.1
836.59 4.5
837.72 8.1
841.35 7.0
843.23 99.8
844.39 38.1
846.89 4.7
847.71 43.5
848.88 6.4
849.83 10.0
850.62 4.7
851.72 1.5
854.41 21.8
855.43 13.0
856.20 1.6
858.29 7.8
866.41 1.4
867.45 6.4
869.41 4.2
870.35 12.0
871.30 6.6
872.45 2.8
873.66 5.8
874.43 7.0
875.76 7.4
880.35 2.9
882.59 31.1
883.96 8.5
884.89 1.4
887.34 23.8
888.39 6.0
889.76 3.5
890.55 1.2
891.52 15.2
892.58 2.6
897.65 4.2
900.43 17.0
901.38 92.7
902.36 45.7
903.45 10.8
905.00 11.6
905.90 4.2
908.48 3.3
911.27 1.2
913.44 32.9
914.68 8.0
916.51 1.6
918.38 1454.5
919.46 469.3
920.30 6.1
921.40 5.8
922.47 1.4
923.37 11.0
929.42 95.8
930.49 19.8
934.30 5.6
935.34 5.2
936.35 5.5
938.56 2.5
939.92 5.1
940.86 4.0
941.48 2.3
946.43 88.8
947.48 38.9
948.63 4.6
949.60 8.7
951.46 8.9
952.63 1.2
957.53 8.3
958.47 25.6
959.46 16.3
962.28 4.6
965.63 4.0
969.65 5.0
971.38 1.9
975.25 74.5
976.26 19.9
977.39 5.7
980.21 3.4
982.45 7.9
983.39 4.7
985.48 6.4
989.80 8.2
990.53 9.9
992.59 1.0
993.39 6.3
994.38 3.1
997.58 1.1
998.47 2.8
999.44 5.9
1000.41 65.9
1001.46 21.8
1002.82 1.8
1003.56 6.0
1004.53 7.4
1010.26 3.0
1015.96 5.7
1017.48 1867.4
1018.52 730.9
1021.05 2.0
1028.26 3.2
1029.66 2.9
1032.54 8.0
1033.36 23.4
1034.16 12.4
1034.79 6.6
1044.42 14.6
1045.74 3.0
1050.40 11.1
1051.37 3.1
1058.50 2.2
1061.34 16.3
1062.47 1.3
1063.45 1.7
1098.61 4.3
