707.38848 2
101.05 1.9
103.13 4.4
104.11 221.1
112.16 4.1
116.32 4.6
119.06 67.6
120.25 31.7
121.06 591.6
122.10 16.0
123.13 58.9
125.19 44.3
128.10 20.4
129.20 57.8
130.21 4.5
133.14 2547.9
134.05 83.9
136.08 310.6
137.01 6.3
139.11 1.7
142.03 4.5
143.92 6.5
147.06 58.1
148.03 8.5
150.30 3.8
151.06 6.0
155.07 8.7
157.06 92.0
159.22 3.0
162.15 6.1
165.09 625.7
166.00 33.4
167.14 8.1
168.15 1.5
169.25 2.2
170.34 8.5
171.46 8.8
173.08 3.4
176.36 1.3
177.24 3.3
180.19 6.7
182.10 2581.6
183.14 213.5
184.26 22.4
185.41 7.8
186.30 5.7
193.26 8.8
194.33 15.7
195.22 5.5
196.17 1.8
197.20 1.5
199.26 5.2
200.00 3.2
201.24 6.1
203.07 5.6
205.06 14.4
207.02 6.0
208.24 4.0
209.14 12.7
211.21 612.6
212.13 106.6
214.27 6.9
219.01 10.5
220.22 10.2
221.09 8.3
222.34 8.1
223.29 5.4
225.20 4.0
226.02 2.9
227.43 8.1
229.12 2.9
230.14 75.4
231.14 10.4
233.18 9.1
234.19 2.9
235.41 6.0
238.16 411.4
239.13 486.8
240.21 101.0
241.19 23.5
242.20 2.9
245.10 2.4
247.08 9.6
249.88 181.9
250.74 1.3
252.15 7.9
253.17 3.7
254.12 146.0
255.16 62.6
256.34 21.3
257.48 5.4
258.41 3.9
259.55 5.1
260.21 3.6
261.91 4.6
263.71 296.1
265.82 7.5
267.08 111.1
268.25 6.0
270.21 10.9
271.25 93.0
272.25 53.2
273.18 12.3
275.11 12.0
276.11 10.9
277.25 1.4
277.98 7.2
278.96 5.2
279.96 20.0
281.17 60.4
282.09 9.7
283.43 12.7
284.14 5.1
285.13 5.9
288.59 20.5
289.37 3.3
290.34 6.8
291.14 9.3
292.25 5.2
293.37 7.6
294.33 48.4
295.24 13.3
296.07 1.9
297.09 20.5
297.86 21.4
300.89 10.6
302.20 7.3
303.13 1.5
304.74 3.6
306.73 28.0
307.39 59.3
308.24 24.2
309.29 18.0
310.21 30.7
310.82 14.5
311.45 7.0
312.38 7.2
313.18 3.4
315.29 7.2
316.77 9.7
318.26 39.5
319.10 23.4
320.06 11.5
322.87 20.2
325.39 23.7
326.24 39.7
327.02 17.3
329.73 6.8
331.03 134.6
331.86 27.2
332.87 16.1
334.52 9.8
336.17 173.8
337.11 44.1
338.18 241.7
339.12 52.4
340.12 17.7
340.79 12.6
342.35 25.1
345.10 1267.1
345.75 148.4
346.64 6.6
347.36 22.4
348.20 14.0
350.27 2.8
360.48 2.7
361.29 6.0
362.39 1.8
365.99 8.9
367.31 15.1
368.54 4.3
370.24 638.2
371.37 63.2
372.29 4.7
375.29 11.1
376.44 4.1
377.35 5.0
378.27 181.1
379.40 9.0
382.92 6.8
383.80 12.1
385.85 6.7
386.50 1.5
388.11 14.4
389.50 16.4
390.30 7.9
394.24 48.9
395.23 3.2
397.53 6.6
399.34 2.8
400.50 9.3
402.27 15.3
404.20 5.0
406.25 2941.2
407.40 203.4
409.59 5.2
411.86 4.6
412.77 7.6
413.84 14.6
420.85 10.1
422.04 4.5
422.79 4.3
424.22 3.5
426.08 12.7
427.16 81.6
428.25 8.4
429.17 10.6
430.38 4.4
431.16 9.8
432.37 18.9
433.56 7.1
434.21 16.4
435.27 178.7
436.30 184.6
437.31 72.2
440.13 10.9
441.05 1.6
445.03 3.0
446.46 11.6
447.31 28.8
449.50 16.0
451.20 6.9
452.56 2.1
453.53 3.0
455.27 2.3
456.31 1.6
457.51 3.4
460.46 16.0
461.33 14.8
462.54 5.0
464.85 15.6
465.78 3.2
466.63 12.9
468.24 1790.2
469.23 572.7
470.27 27.5
472.41 6.8
474.73 22.1
475.43 3.1
476.26 6.9
477.33 26.5
478.33 13.6
479.25 5.9
480.12 8.7
481.03 1.4
490.27 4.5
491.20 2.5
494.49 5.3
497.80 5.6
501.42 3.0
503.38 19.6
504.35 4.5
505.33 3.9
506.22 22.6
507.50 8.9
508.36 4.1
513.00 3.1
515.86 8.2
518.40 3.0
521.13 8.2
522.38 11.8
524.32 137.0
525.40 272.4
526.29 530.9
527.28 37.7
529.49 5.0
531.39 1.3
532.08 5.5
533.47 3.3
534.52 6.6
535.30 3.5
539.50 1.4
540.97 4.6
542.55 3.2
544.31 40.8
546.36 3.9
549.21 12.5
551.41 3.3
552.37 3.9
553.75 5.2
554.81 6.8
556.36 109.5
557.38 124.2
558.39 77.5
559.41 33.0
562.41 3.7
564.17 6.9
564.91 2.5
569.20 20.6
570.34 85.2
571.49 8.8
572.20 5.5
575.34 7451.1
576.33 1056.9
577.12 6.7
578.67 7.8
580.30 1.5
581.53 3.0
587.32 1078.6
588.42 103.8
589.45 1.8
590.23 7.0
593.28 158.4
594.29 96.2
595.31 17.6
602.15 2.3
602.77 1.7
635.51 3.5
636.45 3.2
642.67 2.0
650.68 2.3
685.45 1.8
686.74 1.6
