1602.84368 2
225.04 2.7
237.29 7.1
238.11 5.1
241.05 1.1
242.25 6.0
243.17 7.4
246.38 1.6
246.99 4.3
249.13 1.6
250.08 1.9
251.01 1.2
252.18 28.4
252.79 2.1
254.06 10.4
255.35 5.7
256.34 7.7
257.06 2.3
258.17 1.7
259.34 3.8
262.22 1.7
269.34 22.6
270.31 37.4
272.20 3.2
273.06 5.6
274.29 2.2
275.03 7.8
277.30 1.9
280.26 4.7
281.08 1.5
282.18 12.1
283.08 2.5
284.17 4.7
285.03 7.5
286.19 3.2
288.23 353.8
289.27 47.3
290.14 8.0
292.30 3.5
293.29 1.8
294.49 8.1
295.10 6.6
298.26 12.9
298.92 2.1
303.34 1.0
304.24 5.0
305.68 3.5
307.13 17.6
308.06 4.9
309.12 5.6
310.29 2.3
311.27 15.9
312.05 1.1
313.46 1.2
315.31 4.3
319.18 3.9
321.28 14.4
322.19 3.8
324.08 14.6
325.12 20.9
326.16 2.8
327.18 3.0
329.31 11.3
330.52 2.7
332.87 1.7
334.37 4.3
336.78 8.7
337.59 14.4
339.12 9.7
342.30 5.7
343.17 15.9
345.28 1.4
347.03 5.1
349.10 13.3
351.59 10.2
352.30 8.0
353.23 31.9
355.26 32.0
356.90 21.7
357.59 1.0
360.38 4.4
363.14 5.8
364.33 9.0
365.29 46.2
366.25 3.6
367.22 8.5
368.55 2.4
369.58 15.6
370.21 67.8
371.19 34.3
372.28 5.1
373.18 2.5
375.13 9.2
377.36 2.7
378.35 1.9
379.33 5.1
380.37 1.8
381.31 4.8
382.19 13.0
383.35 86.6
384.16 12.7
385.33 6.6
386.12 1.8
388.20 58.2
389.15 13.2
390.06 9.3
391.19 63.1
392.35 6.4
393.24 5.2
394.25 18.0
395.30 7.0
396.44 4.2
397.30 1.1
399.60 4.0
401.35 174.9
402.43 38.9
403.32 6.0
404.83 13.1
406.09 7.1
407.41 11.3
408.28 88.0
409.26 23.3
410.43 11.3
411.38 10.8
412.24 21.6
414.33 1.9
415.34 5.0
416.31 4.3
417.37 5.8
418.39 3.2
419.56 5.9
420.38 25.2
421.26 11.0
421.93 3.7
423.26 6.0
424.23 5.6
425.61 7.9
426.45 8.9
427.20 3.0
428.30 2.0
430.30 1.4
431.36 10.7
432.23 2.2
433.20 5.8
434.23 37.9
435.14 12.3
437.27 21.0
438.21 68.6
439.33 17.2
440.36 6.4
441.49 8.8
442.20 12.0
443.42 1.4
444.10 9.1
445.57 4.6
446.90 1.2
448.17 20.3
449.19 4.7
452.27 96.0
453.40 1.1
454.37 4.6
455.28 31.5
456.31 59.1
457.20 13.8
458.85 18.6
459.85 4.3
462.26 4.3
464.62 2.0
465.61 29.2
466.27 59.3
467.28 11.5
468.34 3.5
470.24 59.6
471.21 7.0
472.22 1.1
473.22 15.5
474.29 5.5
475.15 13.8
476.35 7.5
477.35 6.9
478.37 18.1
479.31 11.6
480.26 31.8
483.26 142.5
484.21 122.1
485.20 18.5
486.36 8.5
488.37 7.4
492.05 6.5
493.32 9.1
495.37 12.2
496.31 36.6
497.35 54.1
498.25 55.2
499.35 8.4
501.28 78.7
502.27 18.4
503.24 69.8
504.28 64.2
506.11 4.0
507.47 1.5
509.24 2.0
510.29 4.3
511.47 5.3
512.37 3.4
513.16 5.4
514.57 355.3
515.33 762.6
516.24 7.9
516.85 5.2
519.34 5.0
520.33 21.8
521.24 391.3
522.21 66.5
523.34 5.2
524.21 13.1
525.45 3.9
526.30 2.1
527.35 9.5
528.30 2.9
529.26 5.1
532.47 12.6
534.24 12.0
535.14 10.7
536.38 8.5
537.19 7.1
538.57 21.1
539.24 221.7
540.35 12.9
541.25 6.5
542.40 12.3
543.57 4.4
544.34 8.4
545.40 2.6
547.12 7.2
547.84 2.9
549.16 7.8
551.84 2.7
553.38 5.8
554.34 14.6
555.61 5.9
556.74 25.9
557.45 123.5
558.57 6.3
559.41 5.0
560.36 1.1
561.65 3.3
563.32 20.8
564.12 3.8
565.36 16.4
566.55 17.5
567.28 26.8
568.44 3.9
569.16 3.1
570.14 6.4
571.29 11.1
572.27 5.4
574.29 3.4
575.28 1.4
576.20 4.2
579.37 4.7
580.19 31.6
581.36 40.5
582.34 7.7
583.75 27.6
584.42 96.8
585.37 5.0
586.37 8.4
587.25 2.8
588.31 8.9
589.46 10.6
590.46 12.2
594.31 5.1
595.43 4.2
596.66 12.5
597.39 8.8
598.36 52.4
599.32 55.8
600.51 16.5
602.27 236.4
602.95 4.7
603.93 4.8
605.27 4.1
606.30 27.2
607.31 26.1
608.55 14.3
609.40 2.7
612.01 9.5
613.09 1.7
614.72 18.9
616.33 227.2
617.37 43.6
618.39 1.9
619.24 2.7
620.58 10.7
622.43 9.6
624.38 13.9
625.38 25.3
626.28 2.6
627.39 21.6
628.44 10.2
629.49 2.5
631.34 1.6
632.24 4.1
634.34 872.4
635.32 84.1
636.78 24.3
637.55 13.7
638.52 3.1
639.36 1.7
640.45 10.1
642.39 65.1
644.33 3.0
645.45 381.6
646.54 98.3
647.55 8.4
648.48 3.2
649.50 13.9
650.51 13.7
651.31 18.9
652.45 715.5
653.93 31.9
655.31 27.9
656.40 5.6
657.32 21.7
659.23 12.8
659.90 5.0
660.61 2.4
661.84 15.2
662.91 19.6
663.87 2.7
665.65 3.3
667.39 4.4
668.69 7.3
669.40 10.4
670.45 404.4
671.59 80.4
672.61 4.0
673.46 12.2
674.40 3.3
677.40 13.0
678.31 12.2
679.37 53.7
680.21 83.8
681.17 22.8
682.97 6.0
683.63 4.9
684.48 4.1
686.24 1.1
687.44 5.4
688.35 22.5
689.56 12.3
691.43 4.3
692.79 8.2
694.06 20.8
695.39 18.3
696.56 32.3
697.40 15.5
698.09 10.2
699.26 24.8
700.30 16.9
702.04 13.1
703.77 6.5
705.08 32.3
706.08 6.7
706.95 23.1
707.83 8.5
710.29 67.2
710.99 12.2
712.57 15.8
713.46 56.4
714.13 28.6
715.04 8.9
716.40 9.7
718.73 144.2
719.61 146.3
720.81 2.3
722.38 61.7
723.06 24.4
725.97 10.1
727.76 566.1
728.51 156.1
729.77 15.0
730.43 30.7
731.26 20.5
732.14 6.0
733.50 4.5
734.71 5.5
736.65 1147.6
737.47 134.4
738.46 8.9
739.30 6.2
740.10 8.1
741.34 4.5
742.61 22.8
743.72 13.8
744.92 20.3
745.65 16.1
747.00 9.2
748.24 24.0
749.39 64.1
750.31 3.5
751.28 2.5
751.99 2.8
753.00 4.8
755.52 15.5
756.52 26.2
757.75 35.0
758.59 150.6
759.63 55.3
760.61 12.8
762.21 5.1
763.35 1.7
764.45 4.1
765.43 9.2
766.45 145.4
767.47 74.8
768.43 16.9
769.34 7.8
770.12 15.4
770.93 21.6
771.65 20.8
772.47 3.6
773.45 2.3
774.39 3.9
775.39 42.7
776.19 68.7
777.17 3.8
778.90 20.2
779.94 25.8
781.14 14.8
781.92 6.9
783.46 50.7
784.43 671.2
785.42 356.4
786.49 6.1
787.49 10.1
789.05 23.6
790.32 20.5
791.25 3.8
792.58 9.8
797.61 1.0
809.38 5.1
810.41 33.5
811.27 14.4
812.58 3.1
817.60 3.6
823.85 8.1
825.34 5.7
826.26 8.2
827.43 36.7
828.41 55.6
829.34 12.8
829.99 2.0
834.59 2.0
838.61 1.8
839.74 3.0
842.48 6.3
845.35 54.1
846.49 8.5
850.70 5.8
851.59 2.7
854.43 2.4
856.57 41.8
857.50 29.6
858.36 2.4
859.65 3.7
860.78 6.9
862.35 7.8
866.13 5.3
872.26 4.9
873.60 150.3
874.63 79.5
875.80 17.4
877.26 1.6
878.04 3.7
878.76 11.9
885.28 9.0
886.21 1.8
887.13 6.2
888.57 5.6
889.56 12.0
890.39 5.5
891.42 4.0
895.12 4.3
896.38 6.7
897.23 5.6
898.23 7.9
899.13 9.4
900.80 3.1
902.84 1.4
905.70 6.7
906.47 23.6
907.39 11.0
913.85 10.6
914.65 3.8
915.40 4.4
916.61 12.7
919.80 1.9
922.56 18.8
923.47 42.6
924.37 40.7
925.52 8.4
926.22 1.6
929.15 9.5
930.72 17.8
931.41 2.2
932.35 1.8
933.10 2.7
936.58 3.7
940.52 46.6
941.37 106.3
942.33 38.9
943.40 9.6
944.44 2.9
951.95 1.9
954.27 5.9
956.97 5.3
958.41 66.0
959.44 48.0
960.38 1.6
961.68 1.4
962.43 1.6
964.20 6.0
965.57 2.9
968.51 4.7
969.80 6.8
970.78 11.3
971.54 108.3
972.54 44.5
973.44 10.7
975.37 2.4
976.45 4.8
981.36 2.0
982.48 3.9
987.59 208.6
988.57 209.0
989.62 26.1
990.45 18.2
991.47 4.0
995.32 2.3
996.42 5.6
997.75 2.1
998.55 4.2
999.61 2.9
1002.00 3.7
1004.09 7.8
1005.88 1.9
1007.73 4.8
1009.48 6.0
1011.58 3.3
1013.86 2.6
1015.72 5.2
1017.97 4.4
1022.32 3.1
1026.52 2.0
1028.41 5.1
1029.15 10.2
1029.84 4.0
1030.88 4.8
1033.06 8.2
1033.70 1.3
1035.66 1.5
1036.67 12.0
1037.46 4.5
1038.40 1.7
1039.08 3.0
1042.59 8.5
1044.30 1.3
1046.05 9.6
1046.81 1.4
1050.38 1.2
1054.46 41.4
1055.39 15.6
1056.35 20.3
1057.40 7.1
1058.04 5.9
1059.44 4.2
1061.59 2.4
1062.89 16.5
1064.11 20.8
1065.62 3.7
1066.58 2.5
1067.71 1.4
1068.60 4.2
1070.63 2.9
1071.44 22.5
1072.37 65.8
1073.44 46.3
1076.60 1.3
1077.70 1.5
1080.56 1.5
1083.68 20.1
1084.58 59.3
1085.55 61.3
1086.72 17.1
1087.74 11.6
1089.39 56.4
1090.38 15.2
1091.30 10.9
1094.03 2.0
1096.54 3.7
1097.48 11.5
1098.41 3.7
1100.79 4.7
1102.65 664.1
1103.69 445.6
1104.79 87.7
1107.63 2.3
1111.46 4.0
1112.92 3.4
1113.65 2.9
1116.48 6.6
1119.92 9.0
1123.04 4.9
1126.46 9.1
1130.64 2.0
1132.63 5.2
1133.62 3.0
1136.52 2.0
1137.64 10.0
1139.56 4.6
1140.61 2.5
1143.63 1.9
1144.38 3.4
1149.29 3.9
1149.91 2.8
1150.58 5.1
1152.86 5.5
1156.36 8.0
1157.50 7.0
1158.51 8.0
1160.79 1.8
1166.53 9.1
1167.47 41.4
1168.38 33.5
1169.16 12.1
1169.77 1.9
1171.47 10.9
1173.44 1.1
1182.36 6.4
1184.24 30.8
1185.44 72.2
1186.51 40.7
1187.54 5.0
1194.78 5.5
1196.75 2.7
1198.19 21.1
1198.86 2.5
1199.59 1.1
1200.62 2.4
1202.29 47.1
1203.49 48.4
1204.59 11.3
1209.52 5.6
1210.48 1.2
1212.25 2.5
1213.80 1.5
1215.67 189.2
1216.84 152.9
1217.92 19.6
1218.78 1.0
1219.84 9.0
1220.46 1.1
1228.65 10.7
1236.89 7.5
1241.54 3.4
1242.51 6.6
1246.46 3.7
1249.43 2.4
1253.84 6.5
1255.64 3.0
1256.35 5.0
1257.92 3.0
1261.44 6.3
1262.37 17.1
1262.97 2.3
1264.46 6.0
1269.49 3.3
1270.52 1.6
1271.43 13.8
1274.62 2.7
1279.55 41.8
1280.60 52.2
1281.77 35.6
1282.61 16.3
1287.90 3.5
1288.71 6.8
1297.52 104.7
1298.56 192.0
1299.64 49.5
1300.59 21.3
1302.13 3.7
1306.74 5.1
1315.58 223.2
1316.62 189.6
1317.77 98.3
1318.58 9.9
1323.92 2.2
1324.54 5.4
1340.95 6.4
1341.65 3.0
1342.56 2.7
1357.10 5.9
1358.45 2.3
1359.79 4.2
1382.80 1.8
1390.64 2.3
1396.63 4.6
1399.73 1.1
1414.07 7.1
1414.90 11.2
1427.25 1.9
1431.77 2.4
1432.95 3.7
1470.26 5.3
1582.85 2.0
