1071.64116 2
179.14 3.1
187.17 1.8
190.34 1.5
199.21 7.4
200.32 1.0
210.35 1.1
214.09 1.3
223.24 5.7
224.24 3.1
227.04 4.4
234.28 1.5
237.07 1.3
238.27 4.4
240.26 2.7
244.13 1.5
256.92 3.4
259.95 1.4
262.22 1.2
264.47 1.3
265.18 2.1
266.57 3.3
281.19 5.0
283.11 4.0
284.28 1.3
295.31 14.5
296.38 4.7
297.42 1.3
298.12 2.5
299.04 2.7
302.08 1.1
308.18 1.3
314.31 2.6
316.17 5.7
320.18 6.9
325.24 2.4
332.14 4.1
337.56 1.8
345.59 3.0
347.25 5.8
348.30 2.2
350.33 3.6
351.41 9.0
352.25 4.1
353.50 3.9
354.16 3.5
363.26 1.6
371.56 7.5
372.20 1.7
373.30 3.0
374.52 3.3
375.34 1.0
383.02 8.3
389.17 5.9
390.67 3.2
394.66 5.6
396.40 1.1
401.23 4.0
405.21 10.1
406.44 2.4
407.34 7.1
408.30 1.8
409.46 1.1
413.72 2.4
415.93 2.8
417.06 4.7
420.25 3.8
422.18 7.1
423.33 12.2
424.46 2.1
425.44 2.4
427.92 12.9
428.78 7.9
429.40 8.0
430.21 3.2
435.22 3.0
436.18 2.4
437.69 6.9
438.80 5.0
440.28 1.7
443.40 6.5
448.23 8.4
450.36 4.9
452.62 1.5
453.44 2.8
455.65 5.5
458.00 1.8
459.13 5.8
461.30 35.2
461.95 3.2
464.41 7.8
465.34 2.7
466.37 22.6
467.41 20.4
470.56 8.0
471.46 1.6
475.32 6.2
476.17 6.8
477.70 4.5
478.78 6.9
479.39 19.7
481.94 4.8
483.01 10.8
484.52 3.7
485.37 3.3
490.61 14.8
492.05 20.7
493.14 15.3
494.45 6.3
496.01 2.5
497.65 8.6
499.78 10.0
501.29 1.2
503.13 4.0
504.22 14.8
505.01 13.7
507.16 15.2
508.44 5.4
509.41 6.3
511.72 2.5
513.51 4.7
515.07 8.1
518.42 39.8
519.43 69.4
520.75 16.3
521.81 6.2
524.26 14.2
526.96 58.1
528.02 15.1
566.53 3.3
581.32 1.1
582.24 12.1
584.15 2.4
587.05 3.8
587.79 5.3
601.38 3.5
617.65 2.4
634.58 1.1
635.50 3.1
643.62 2.6
662.30 6.9
672.36 2.5
688.97 12.7
690.88 2.7
691.54 10.8
696.40 1.6
708.57 3.7
719.38 5.2
724.73 7.3
725.64 1.5
729.48 4.2
731.68 8.4
739.01 7.5
746.69 8.3
749.91 1.5
772.50 1.6
781.45 2.3
790.39 1.9
795.54 2.6
796.56 1.5
803.62 1.8
805.41 1.9
808.65 7.8
809.32 5.4
826.71 11.1
827.44 1.4
833.28 8.2
834.23 4.7
835.35 1.8
845.41 2.1
852.64 3.2
868.49 2.0
874.69 3.3
915.50 1.6
917.51 3.0
939.62 6.8
940.58 7.2
972.43 1.8
1022.91 1.6
1031.51 3.6
1033.74 1.8
