2316.194979999999 3
223.32 51.9
224.12 3.9
225.06 7.3
227.93 4.4
229.28 1.1
231.40 2.2
233.31 4.0
235.23 1.7
236.51 3.8
237.26 1.7
239.10 6.4
239.70 1.4
241.17 152.0
242.26 24.2
243.18 8.4
244.23 3.7
246.31 2.5
248.38 6.7
250.29 8.0
251.27 1.7
252.25 4.8
254.19 10.0
257.16 8.9
258.32 21.6
259.29 5.2
260.22 32.1
261.37 16.5
262.29 6.5
264.06 2.3
265.14 5.4
266.38 3.7
267.02 1.8
268.37 10.5
269.05 3.0
270.40 14.8
271.29 3.2
273.59 4.9
275.80 4.8
276.52 6.6
280.25 41.3
281.22 2.0
282.52 9.6
284.10 14.9
284.76 4.3
285.37 1.6
286.19 4.5
287.39 2.1
289.54 3.5
290.65 7.8
291.34 8.0
292.97 6.4
294.15 17.0
294.99 3.5
296.19 1.8
297.13 1.3
298.31 23.9
299.33 15.6
300.45 7.5
301.30 30.7
302.35 5.7
303.50 4.0
306.54 1.6
308.19 2.0
309.46 1.3
310.28 2.1
311.29 14.3
312.47 11.2
313.24 3.2
314.64 9.6
315.60 4.5
317.30 10.6
318.26 6.1
319.24 4.8
320.23 2.0
321.49 4.6
323.46 1.4
324.11 3.1
325.72 11.8
326.34 3.8
327.37 6.6
329.24 42.0
330.24 2.4
331.29 9.4
332.10 4.8
333.33 5.1
335.40 2.7
338.08 8.6
339.17 5.4
340.32 7.9
341.40 4.9
342.34 3.3
343.94 3.8
345.26 36.0
346.58 10.8
347.52 8.3
349.34 1.5
350.24 3.2
352.52 3.4
353.48 16.1
354.48 3.2
355.22 3.2
356.50 7.0
357.32 69.5
358.41 13.1
359.24 16.0
360.34 1.1
361.40 9.3
362.74 4.6
364.30 5.2
365.29 2.4
366.33 3.9
367.37 7.2
368.34 11.9
369.57 10.3
370.72 9.3
371.60 18.0
373.03 9.7
374.44 16.7
375.21 3.1
376.31 6.6
377.29 6.4
378.47 12.9
379.33 2.0
380.11 6.1
381.09 7.3
382.35 17.2
383.41 11.2
384.50 7.2
386.65 15.7
387.35 9.6
388.33 3.1
389.26 2.5
390.35 7.4
390.97 14.7
393.58 1.9
395.48 27.2
396.17 35.7
396.93 13.3
398.30 1.5
399.71 11.6
400.46 8.6
401.22 6.5
402.27 13.2
403.67 10.3
404.75 43.7
405.51 9.9
406.37 10.0
407.62 9.9
408.35 13.2
409.14 4.9
410.06 23.6
411.27 30.6
412.12 3.4
413.07 10.2
413.87 30.6
414.57 4.8
415.37 16.8
416.29 6.2
418.43 5.5
419.45 3.3
420.51 5.0
421.73 13.8
422.49 18.3
423.35 6.1
424.01 2.5
425.30 6.6
426.28 110.9
427.43 40.8
428.48 22.9
429.35 10.5
430.85 3.7
432.13 30.1
433.02 1.8
434.23 7.1
435.39 34.7
436.23 10.2
437.07 12.9
437.74 2.9
439.79 12.5
440.55 3.7
442.15 4.2
443.38 11.0
444.46 23.0
445.13 3.9
446.33 11.7
447.28 3.7
448.75 26.2
449.58 14.2
450.27 14.2
451.32 6.6
452.35 17.2
453.48 38.4
454.54 16.2
455.31 6.8
456.32 9.6
458.47 3.8
459.39 22.5
460.25 16.7
461.51 9.9
462.45 17.8
463.38 11.4
464.40 18.7
465.27 16.6
466.66 19.8
467.63 27.0
468.43 46.3
469.30 17.1
470.44 33.4
471.68 8.2
472.42 4.4
473.26 14.8
473.93 6.8
475.23 15.0
476.72 45.0
477.35 19.6
478.73 13.7
479.77 22.9
480.69 17.8
481.38 9.5
482.54 15.1
483.77 25.4
484.85 28.9
486.30 3.5
488.00 90.3
489.12 39.5
490.44 12.9
492.17 51.7
493.38 9.8
494.47 6.9
496.14 26.2
497.08 140.2
498.01 21.8
499.40 4.9
500.63 5.6
501.61 13.7
502.44 9.3
503.41 12.2
505.19 26.0
505.98 43.1
506.99 24.4
508.17 10.8
509.22 8.2
510.46 30.7
511.69 14.0
512.47 6.7
513.12 28.8
514.09 14.4
515.15 36.5
515.98 12.2
517.43 35.6
518.16 8.2
519.43 42.5
520.34 3.8
521.44 33.1
523.58 138.3
524.44 84.2
525.39 31.0
526.31 9.2
527.32 7.9
528.44 43.6
529.30 3.8
530.61 70.3
531.64 71.5
532.59 70.5
533.43 37.3
534.76 13.9
535.63 73.5
536.43 1.4
537.46 2.3
538.17 16.8
539.40 128.1
540.71 91.8
541.46 153.2
542.45 40.9
543.45 11.8
544.54 163.0
545.73 9.8
547.53 4.8
548.47 102.6
549.34 7.4
550.24 1.8
551.22 26.5
552.57 15.9
553.54 219.2
554.51 11.4
555.51 21.1
556.63 5.7
557.70 19.7
558.34 76.8
559.39 17.8
560.18 3.2
562.60 201.3
563.44 26.8
564.63 28.9
565.50 3.1
566.15 7.9
566.93 4.0
568.61 2.9
569.39 8.2
570.41 15.5
571.02 3.7
572.07 10.8
573.40 17.1
574.10 8.7
574.87 12.1
575.76 35.5
576.59 28.7
577.46 27.5
578.18 22.9
579.45 23.6
580.52 22.0
581.50 14.8
582.19 4.7
583.25 25.8
584.39 6.5
585.51 13.4
586.78 11.5
587.57 3.3
589.09 101.1
589.88 27.6
590.76 7.4
591.72 33.1
592.38 51.9
593.48 32.4
594.47 24.1
596.08 51.0
597.60 105.1
599.35 21.1
600.17 9.0
601.08 85.7
601.86 41.9
603.37 10.3
605.18 101.7
606.17 29.6
607.33 374.0
608.24 103.8
609.56 170.0
610.54 53.0
611.51 11.9
612.33 1.7
613.85 20.5
614.60 24.4
615.38 4.0
616.56 42.6
617.38 11.2
617.98 9.1
619.07 93.5
619.93 7.9
620.54 5.6
621.45 16.3
623.26 52.3
624.32 344.4
625.30 120.0
626.42 66.3
627.32 46.1
628.22 31.2
629.42 10.1
630.33 14.3
631.33 8.4
632.57 6.4
634.06 14.1
634.99 11.4
636.49 40.9
637.11 16.0
637.95 24.5
638.96 11.7
640.47 20.0
641.53 26.9
642.57 39.9
643.32 37.3
644.37 40.1
645.46 193.8
646.39 47.9
647.51 19.6
648.31 31.0
649.29 45.3
650.52 31.1
651.13 34.1
652.08 14.8
653.37 5.6
654.38 50.8
655.08 29.1
656.20 17.0
656.96 4.7
657.80 30.7
658.79 34.9
659.86 42.0
660.57 25.2
661.81 22.9
663.29 76.9
664.29 60.6
665.29 63.1
666.46 41.8
667.37 17.8
668.43 25.7
669.53 25.0
670.57 15.1
671.74 36.9
673.11 57.1
674.06 64.8
674.98 47.5
676.07 35.3
677.38 50.4
678.40 9.7
680.12 31.0
681.01 136.6
682.18 59.5
683.12 41.2
684.27 29.5
685.47 19.5
686.69 118.2
687.78 16.0
688.76 28.6
689.55 37.1
690.64 33.8
691.25 36.0
691.96 49.1
693.02 55.5
693.64 6.0
694.88 56.6
695.65 7.8
696.79 21.4
697.84 73.9
698.61 17.3
699.47 35.5
700.37 20.3
701.25 30.8
702.22 18.0
703.15 28.4
704.17 48.2
704.99 40.3
706.28 47.9
707.20 54.6
708.62 65.6
709.48 15.5
710.52 7.4
711.89 23.3
712.74 21.2
713.68 34.3
714.50 42.4
715.32 64.3
716.27 76.7
717.61 70.0
718.78 77.8
719.84 36.5
720.70 96.9
721.77 34.6
722.74 34.3
723.53 106.7
724.67 73.8
725.59 95.5
726.50 31.8
727.83 60.6
728.86 269.1
729.51 139.1
730.40 59.1
731.32 58.5
732.27 39.9
733.51 189.4
734.29 92.7
735.08 907.5
736.17 43.1
737.45 332.5
738.22 197.8
739.43 278.7
740.51 380.2
741.40 222.1
742.68 85.2
743.49 386.6
744.90 83.5
745.88 1060.2
746.61 425.1
747.23 402.8
748.03 24.6
749.26 131.8
749.97 201.3
751.07 90.7
752.34 443.9
753.02 712.0
754.60 161.6
755.58 723.8
757.26 171.1
758.43 926.7
759.30 114.1
760.69 135.0
761.54 1918.5
762.70 19.0
763.40 39.6
764.27 14.4
765.29 3.5
768.10 2.2
772.88 1.1
778.20 2.5
779.57 2.6
780.62 5.4
781.89 16.4
782.55 11.3
783.49 3.9
784.24 2.7
786.54 2.8
787.46 30.6
788.25 30.2
789.53 71.7
790.46 24.5
791.62 31.3
792.82 7.3
794.47 13.4
795.18 12.7
796.71 31.9
798.55 59.5
799.56 25.9
801.86 11.7
802.88 18.5
804.28 44.0
805.49 30.9
806.40 44.1
807.57 45.7
808.44 270.1
809.51 94.4
810.47 46.2
811.42 8.0
812.19 11.2
813.57 12.7
814.54 4.9
815.42 9.3
816.62 39.5
817.35 11.1
819.41 64.7
820.31 53.9
821.39 50.5
822.27 10.6
823.08 7.5
823.96 17.8
824.61 25.9
825.42 33.5
826.46 671.3
827.45 321.3
828.44 99.9
829.70 30.8
830.50 2.4
832.18 8.2
833.06 12.9
834.08 8.4
835.30 15.9
836.07 6.0
837.39 25.3
838.16 84.9
839.05 14.2
840.84 16.1
843.35 44.0
844.26 12.3
845.03 2.3
846.94 119.7
847.75 264.5
848.81 18.8
849.50 21.4
850.39 4.9
851.37 4.3
852.52 4.1
853.34 8.5
854.39 17.6
855.23 19.0
856.35 17.5
857.83 6.5
858.78 22.8
859.58 20.1
860.34 22.5
861.18 3.3
862.81 56.9
864.28 46.8
865.10 17.6
866.06 34.7
866.87 5.1
867.62 15.0
868.69 4.7
871.11 80.1
872.07 33.3
872.77 19.0
873.67 1.9
874.76 22.4
875.76 20.0
877.03 25.4
877.96 1.7
878.66 11.2
880.30 637.7
881.26 107.3
882.49 2.0
883.63 7.9
884.94 2.0
885.66 13.5
887.51 21.0
888.52 12.6
889.65 26.1
890.76 28.1
891.58 43.5
892.63 11.2
893.75 13.0
894.66 24.1
895.46 25.7
896.30 4.5
897.28 18.9
898.84 4.4
899.90 26.9
900.74 36.5
901.48 12.5
902.23 10.0
903.87 15.4
904.49 19.0
905.34 12.2
906.11 23.8
907.08 35.9
907.88 8.8
908.54 12.6
909.66 2.0
910.80 16.1
912.62 1.6
914.38 16.1
915.69 9.8
916.88 19.6
917.54 65.9
918.56 52.8
919.61 44.5
920.63 15.2
922.08 10.9
923.56 29.2
924.69 38.5
925.75 16.6
926.98 91.5
927.81 4.6
928.96 4.5
929.82 10.2
930.74 11.7
931.35 7.6
932.65 22.1
934.07 55.7
934.80 111.9
935.56 297.1
936.55 153.2
937.30 65.7
938.04 11.6
939.68 31.7
940.45 23.1
941.96 73.5
942.87 38.2
943.60 40.3
944.39 50.5
945.27 30.3
946.34 5.0
947.44 12.0
948.54 60.4
949.67 36.6
950.46 19.6
951.67 30.3
952.59 173.2
953.66 84.1
954.58 64.3
955.85 5.1
956.81 34.7
958.10 57.6
959.23 15.1
960.72 24.4
961.65 2.8
962.72 48.3
963.85 29.6
964.64 16.3
966.11 29.4
967.29 49.6
968.49 16.9
969.37 15.3
970.14 30.2
971.98 136.5
972.98 148.7
973.87 68.4
975.21 50.4
976.52 17.4
977.86 39.1
978.76 83.7
979.79 20.4
980.85 226.2
981.75 74.1
982.45 5.8
983.14 11.9
984.22 12.8
985.43 21.8
986.83 161.5
987.95 41.1
989.00 8.5
990.45 23.3
991.28 16.5
992.49 191.5
993.60 89.1
994.57 24.1
995.47 16.5
997.56 28.2
999.22 65.7
1000.49 39.8
1001.47 11.6
1002.57 6.1
1003.95 46.5
1004.66 6.3
1005.47 18.9
1006.18 3.9
1007.31 28.7
1008.03 63.8
1008.84 91.0
1009.96 38.7
1010.64 105.9
1011.60 50.9
1012.69 43.3
1013.44 44.8
1014.28 5.4
1015.11 7.8
1015.73 4.6
1016.56 14.7
1017.29 19.0
1018.00 8.6
1018.83 8.8
1019.88 53.5
1021.31 519.3
1022.21 425.9
1023.17 116.1
1024.10 10.4
1025.61 16.0
1026.88 29.1
1027.80 42.4
1029.03 75.0
1030.33 523.9
1031.22 137.1
1031.82 13.7
1032.55 4.3
1033.77 3.6
1034.94 9.8
1035.65 48.7
1036.58 21.8
1037.62 39.9
1038.34 17.4
1038.96 6.3
1040.65 3.6
1041.74 24.6
1042.94 13.3
1043.96 12.5
1044.81 28.0
1045.67 102.7
1046.60 195.4
1047.48 114.1
1048.50 33.7
1049.68 46.6
1050.85 11.6
1051.97 7.3
1053.01 9.2
1054.12 8.4
1055.50 45.2
1057.07 20.2
1058.18 14.3
1059.86 29.6
1060.56 10.7
1061.67 18.8
1062.51 71.6
1063.59 346.0
1064.59 114.3
1065.63 37.5
1066.39 12.9
1067.60 29.8
1068.43 36.4
1069.17 14.0
1071.36 33.6
1072.42 17.6
1073.36 34.7
1074.57 8.3
1075.94 16.8
1077.02 173.6
1077.65 142.9
1078.25 100.5
1079.25 15.4
1080.54 90.1
1081.62 21.0
1082.60 12.8
1084.14 39.0
1085.99 315.0
1086.78 234.3
1087.68 40.1
1088.45 5.0
1089.63 9.0
1091.99 97.0
1092.86 53.0
1094.29 22.5
1095.35 66.8
1096.61 13.3
1097.41 1.4
1098.80 17.3
1100.46 3.6
1101.82 12.0
1103.10 18.5
1105.39 64.7
1106.50 29.5
1107.62 13.3
1108.60 5.5
1109.73 2.6
1110.93 10.0
1114.27 13.0
1115.76 3.6
1117.51 8.5
1118.66 4.7
1121.62 9.0
1123.65 187.3
1124.66 180.9
1125.84 25.1
1126.79 9.6
1131.96 12.5
1132.81 4.6
1133.82 10.3
1134.81 16.4
1135.54 10.5
1137.62 6.2
1139.38 3.6
1140.59 2.6
1141.33 2.3
1142.52 17.8
1143.45 7.8
1145.08 2.3
1145.93 3.5
1147.83 5.8
1149.33 3.5
1150.63 1.6
1151.24 7.5
1152.04 4.4
1155.69 3.9
1157.79 6.7
1158.94 7.4
1159.77 12.3
1160.65 14.2
1161.71 8.6
1162.60 2.7
1164.62 5.5
1167.57 2.4
1168.99 2.4
1169.75 4.0
1170.61 3.3
1171.60 16.5
1172.85 7.4
1174.89 15.8
1176.62 123.1
1177.73 59.4
1178.71 42.2
1179.76 10.2
1180.66 4.9
1181.72 8.3
1183.82 1.9
1184.56 1.6
1185.45 10.5
1186.06 2.0
1188.00 6.5
1189.63 3.2
1190.91 6.3
1191.54 2.5
1192.57 1.6
1193.74 73.4
1194.70 39.9
1195.66 36.1
1196.86 6.9
1200.55 2.5
1201.80 6.2
1202.56 6.6
1203.55 4.4
1205.80 1.7
1207.67 5.0
1208.70 1.6
1209.65 10.3
1211.49 10.9
1212.47 1.6
1213.68 4.3
1214.66 9.3
1216.00 2.2
1216.65 14.3
1217.47 2.7
1218.26 5.3
1219.34 24.9
1220.03 2.5
1220.64 3.6
1222.74 4.1
1223.88 1.4
1227.59 2.3
1228.90 8.8
1230.41 14.1
1231.76 5.6
1232.72 6.2
1233.67 4.9
1234.75 8.3
1236.75 140.1
1237.78 90.6
1238.70 30.7
1239.84 8.8
1244.55 2.8
1245.64 3.5
1247.57 1.9
1251.67 4.3
1252.31 2.3
1253.79 6.0
1254.65 3.5
1257.97 2.2
1258.75 3.0
1259.97 3.0
1262.00 1.4
1263.58 1.9
1265.69 5.6
1266.61 3.4
1268.18 3.3
1269.81 4.7
1272.04 7.9
1272.93 2.4
1273.82 3.4
1276.16 3.8
1277.04 4.2
1277.74 2.0
1280.81 2.7
1281.85 4.7
1282.90 20.7
1283.97 16.0
1288.53 3.0
1289.63 13.4
1291.10 5.5
1292.08 1.1
1292.77 3.8
1298.90 6.8
1299.70 8.4
1300.80 5.0
1303.62 8.1
1306.78 9.3
1307.79 14.0
1309.13 8.5
1312.87 3.6
1314.63 3.2
1317.94 3.5
1319.90 2.7
1322.70 8.2
1326.56 2.7
1327.78 2.6
1329.05 12.5
1329.88 4.5
1331.72 8.3
1335.88 3.3
1336.84 2.6
1337.85 1.1
1339.74 1.9
1340.84 4.3
1342.76 7.9
1344.51 6.2
1345.73 15.3
1346.88 22.8
1347.85 4.6
1348.83 1.9
1359.47 6.4
1362.93 4.2
1363.84 12.5
1364.65 79.7
1365.82 23.2
1366.86 10.1
1367.83 1.5
1371.74 2.7
1376.88 40.0
1377.79 21.6
1378.92 14.4
1379.62 6.1
1381.73 6.9
1382.90 6.8
1384.10 1.6
1389.61 3.9
1390.69 4.7
1393.18 7.4
1394.01 8.5
1394.98 4.1
1395.82 4.4
1396.90 3.0
1397.72 1.3
1398.66 6.5
1400.01 3.0
1400.72 1.5
1401.55 3.9
1405.69 2.1
1406.86 4.3
1408.66 5.8
1410.40 2.5
1414.78 5.2
1415.63 6.9
1416.89 11.5
1418.10 1.1
1420.71 1.7
1422.87 1.4
1424.15 1.5
1429.82 7.5
1433.80 108.5
1434.77 94.7
1435.95 17.4
1436.83 9.8
1442.92 2.1
1444.91 1.3
1447.49 6.6
1452.96 1.5
1455.58 19.2
1456.75 16.6
1457.57 4.8
1458.18 5.0
1461.67 1.8
1465.71 8.7
1467.12 8.8
1467.93 7.7
1470.81 2.0
1472.71 2.9
1473.80 48.9
1475.01 34.5
1475.80 8.2
1477.68 1.9
1484.01 1.8
1484.85 6.0
1486.19 2.9
1487.20 5.5
1488.64 1.5
1490.99 35.8
1491.91 30.6
1492.76 21.1
1494.44 2.6
1500.49 2.1
1501.65 5.3
1502.83 11.1
1503.91 2.8
1504.64 4.4
1525.57 2.2
1528.88 1.3
1530.84 1.2
1546.78 26.8
1547.97 32.3
1549.97 3.9
1551.73 5.1
1559.98 4.2
1566.03 1.7
1568.02 5.0
1572.68 2.8
1577.67 3.5
1585.92 1.2
1587.34 2.6
1600.05 2.3
1608.93 2.4
1612.90 5.1
1615.10 3.6
1616.74 5.3
1618.88 1.8
1630.88 3.2
1632.86 6.5
1634.13 3.2
1637.12 11.5
1638.82 2.2
1652.03 1.4
1654.79 1.5
1668.08 3.6
1685.41 4.8
1691.62 1.4
1696.20 3.5
1704.05 1.8
1719.25 8.4
1741.08 4.8
1742.15 4.0
1755.27 1.8
1760.85 8.9
1784.08 4.6
1784.92 10.1
1786.73 3.1
1799.53 7.8
1869.12 2.1
1879.60 1.9
1881.88 2.1
1883.00 5.2
1899.29 3.4
1913.90 6.3
1914.85 2.5
