1212.60063 2
173.99 16.7
175.28 7.7
180.04 8.0
181.21 37.8
183.26 73.9
184.29 8.3
185.11 14.7
186.21 27.3
186.99 7.2
189.18 2.5
190.25 4.2
191.81 11.9
192.42 5.1
194.23 2.6
198.05 35.5
198.93 18.0
200.22 24.9
201.56 23.0
202.23 51.4
202.98 5.3
204.16 4.1
205.15 7.7
207.12 4.8
208.17 21.0
209.26 81.8
210.21 74.1
211.23 370.5
212.39 21.4
213.24 7.8
216.30 48.6
217.20 66.0
219.07 7.4
223.25 9.0
224.06 4.2
225.05 2.5
227.08 225.6
228.22 1160.3
229.24 80.2
230.33 16.2
231.16 11.3
232.06 5.8
233.66 11.2
234.31 25.3
235.16 11.1
236.97 11.8
238.21 5.3
239.19 5.5
240.06 12.7
241.06 35.8
242.57 6.6
243.27 20.6
244.28 12.5
245.15 19.6
246.09 8.0
248.17 4.7
249.15 8.6
251.05 17.8
252.10 13.0
253.30 20.4
254.51 9.8
255.45 19.3
256.40 16.7
257.37 4.3
258.35 18.0
260.23 9.9
262.22 36.1
263.25 13.8
264.49 6.2
265.09 3.4
266.12 6.7
267.34 83.4
268.18 13.1
269.16 9.9
270.18 19.5
271.26 10.5
272.17 11.3
274.08 15.3
275.43 2.6
278.07 6.1
279.22 35.6
280.22 18.0
281.23 22.2
283.31 12.5
286.20 39.0
287.24 35.4
288.39 5.3
289.34 12.7
290.36 6.9
292.15 25.6
294.74 30.1
296.24 33.9
297.19 289.6
298.23 735.0
299.30 83.0
300.28 14.4
301.30 15.8
303.02 3.6
306.28 6.8
307.31 5.0
308.22 5.1
310.06 36.8
310.83 5.9
312.20 24.6
313.34 55.4
314.41 43.0
315.24 221.2
316.27 78.0
318.26 30.9
319.51 6.6
322.07 34.7
323.20 15.0
324.30 6.8
326.30 15.2
327.31 14.7
329.30 18.4
330.25 24.2
331.20 136.7
332.27 40.2
333.37 11.1
334.33 2.9
336.09 7.1
338.18 10.1
339.49 25.1
340.30 18.1
341.22 41.0
342.07 16.9
344.35 3.9
346.02 23.6
347.30 28.1
348.15 13.5
349.19 12.1
350.23 13.2
353.19 44.0
354.07 3.9
355.10 7.2
356.35 52.7
357.45 10.6
358.28 3.7
359.31 25.6
361.50 4.0
363.31 34.7
366.26 12.1
367.26 150.9
368.18 60.7
369.18 15.4
369.96 7.8
371.58 13.8
373.33 7.1
374.31 6.7
376.57 40.9
377.36 9.0
379.21 14.7
380.04 54.8
381.28 118.1
382.52 17.1
384.12 41.9
385.21 3468.6
386.24 330.8
388.32 8.0
390.00 101.8
391.24 6.6
392.47 14.1
394.41 3.5
395.23 3.1
396.20 7.2
397.29 47.5
398.19 63.3
399.33 187.3
400.40 13.8
401.34 4.2
402.16 14.9
403.24 84.9
404.12 19.6
404.92 30.5
406.32 15.4
407.36 63.4
408.22 120.5
409.22 121.9
410.43 24.2
411.31 14.3
412.04 8.8
413.37 11.3
414.37 46.4
415.16 4.6
416.37 67.6
417.20 5.3
418.55 28.9
419.99 10.3
422.29 17.4
423.50 12.7
424.32 8.4
425.41 84.8
426.25 548.8
427.28 327.3
428.31 124.1
429.19 18.8
432.16 5.0
433.16 29.1
434.26 50.7
436.42 31.2
437.21 34.3
438.25 9.7
439.10 3.3
440.14 27.1
441.05 50.4
442.36 26.0
443.58 94.3
444.23 387.7
445.32 74.9
447.36 80.6
448.28 98.3
449.54 42.0
450.29 5.1
450.96 19.0
452.03 22.2
453.97 20.3
455.36 80.8
455.98 6.2
457.04 23.0
458.08 16.2
460.08 7.8
460.98 73.4
462.46 25.0
463.41 4.2
464.30 14.0
465.32 36.8
466.36 218.1
467.25 51.2
468.75 16.6
470.49 16.4
471.49 30.9
472.27 29.0
473.85 70.5
475.18 118.4
476.01 61.1
477.31 26.1
479.41 25.7
480.48 11.1
481.32 8.6
482.15 87.9
484.32 5356.1
485.34 605.0
486.17 36.8
487.61 32.4
488.36 23.7
489.34 33.6
490.35 26.1
491.62 25.1
492.26 44.5
492.99 127.0
494.05 41.9
495.52 7.6
496.43 24.1
497.49 53.2
498.35 49.3
499.41 68.9
500.29 145.0
501.38 37.2
502.40 80.6
503.36 21.5
504.39 35.5
505.66 62.3
506.37 38.9
507.11 32.5
508.42 24.8
510.32 48.8
511.11 23.8
513.17 36.8
514.30 52.5
515.25 57.4
516.42 80.4
517.33 237.9
518.30 39.2
519.24 29.6
520.37 49.9
521.45 38.1
522.22 74.3
522.99 71.6
524.27 146.4
525.02 81.1
526.21 49.3
527.61 8.7
528.69 27.7
529.45 18.6
531.40 98.1
532.32 69.9
533.31 168.0
534.53 59.8
535.21 67.3
536.47 39.7
537.65 36.6
538.65 13.5
539.50 33.7
540.37 51.1
541.38 397.8
541.99 199.9
543.24 37.5
544.15 28.0
545.19 80.3
546.09 27.5
547.26 106.7
548.24 42.9
549.23 16.4
550.25 246.6
551.07 56.6
551.96 66.2
553.02 157.9
554.69 166.2
555.45 60.5
556.48 77.9
557.22 24.7
558.31 6.0
559.17 22.9
560.16 32.5
561.50 80.6
562.47 112.4
563.37 207.3
564.53 126.6
565.48 46.5
566.52 108.6
567.34 82.4
568.48 59.9
569.35 113.3
570.35 23.1
571.53 69.1
572.45 29.8
573.50 79.6
574.57 56.6
575.70 49.6
576.67 72.3
577.49 59.5
578.39 64.6
579.65 128.1
580.26 251.3
581.05 148.3
583.32 3406.5
584.35 759.4
585.39 118.7
586.43 102.6
587.12 18.0
588.75 1469.1
589.54 2715.6
590.48 102.5
591.33 5.2
591.97 49.0
593.23 179.2
594.32 201.7
595.24 336.1
596.39 74.9
597.74 2807.8
598.44 297.9
599.12 43.8
601.72 6.2
611.31 3.7
612.37 164.1
613.31 122.4
614.66 93.6
615.43 56.4
616.33 138.9
617.00 37.9
617.62 6.4
618.39 22.5
620.52 15.7
623.42 5.6
624.84 30.0
626.21 13.5
627.41 16.2
628.38 28.6
629.58 89.0
630.36 281.7
631.46 144.4
632.47 65.5
633.38 10.1
634.78 80.5
635.49 25.7
636.67 37.2
637.95 36.9
639.34 47.4
640.06 12.5
641.20 77.7
642.15 71.1
642.88 29.2
644.11 23.0
645.15 18.5
646.86 254.7
648.01 287.0
649.40 73.8
650.44 14.2
651.43 26.9
652.47 14.7
653.45 25.7
654.16 32.4
655.17 25.5
656.40 18.1
657.77 18.3
661.52 50.2
662.25 26.1
663.04 32.4
663.98 22.5
664.70 24.2
665.60 33.3
666.73 32.2
667.50 34.4
668.17 6.5
669.45 20.0
670.71 35.1
671.48 47.2
672.68 28.7
673.68 22.8
674.71 27.6
676.59 51.6
677.56 34.5
679.82 68.3
680.57 77.4
681.19 145.2
682.36 46.0
683.37 100.9
684.42 70.9
685.90 60.2
686.66 4.4
687.43 21.7
688.74 3.1
689.73 44.5
690.50 26.4
691.65 56.0
692.66 41.1
693.58 81.0
694.30 139.7
695.25 78.7
696.32 64.0
697.31 45.1
698.32 162.3
699.41 69.7
701.46 50.6
702.39 9.3
703.55 80.7
704.20 52.5
705.25 26.1
706.42 24.1
707.16 18.9
707.89 5.2
708.74 89.4
709.49 83.7
710.22 273.8
711.37 691.6
712.35 789.2
713.30 236.1
714.25 48.3
715.34 231.0
716.42 33.2
717.51 12.7
718.56 14.6
719.56 48.4
720.52 28.3
721.46 42.2
722.46 49.2
723.84 47.4
724.81 29.0
727.18 23.7
728.49 208.6
729.37 911.5
730.46 233.2
731.54 42.6
732.75 66.0
733.75 110.5
734.71 21.3
735.32 30.9
736.08 15.3
736.69 19.6
737.59 19.8
739.78 35.2
742.08 58.3
743.19 74.5
744.15 61.8
745.00 43.0
746.77 31.8
748.40 30.1
749.38 15.2
750.61 51.0
751.59 99.4
752.72 95.5
753.49 11.5
754.37 24.3
755.02 29.9
756.35 33.0
757.04 10.3
758.23 9.1
759.27 52.2
760.72 20.0
762.07 29.4
763.46 37.9
764.58 18.1
765.46 53.1
766.40 18.4
767.76 53.2
769.41 3479.8
770.41 1267.8
771.45 79.5
772.46 8.7
773.45 6.6
774.54 12.3
775.64 39.8
776.51 6.2
777.72 67.4
778.64 95.5
779.47 61.6
780.40 32.5
781.38 43.7
782.36 10.4
783.22 129.4
784.34 71.6
785.31 40.3
786.58 34.7
787.32 29.1
788.27 14.5
788.97 13.7
789.63 5.1
790.57 9.6
792.32 74.8
793.43 110.8
794.49 20.9
795.41 45.3
797.42 26.8
798.29 101.2
799.24 67.6
800.06 60.2
800.70 62.6
801.33 32.3
802.03 56.7
803.23 80.7
804.18 15.3
805.29 10.8
806.46 18.3
807.67 23.0
809.63 91.4
810.48 593.5
811.46 1067.2
812.55 232.7
813.43 15.0
814.60 29.2
815.67 24.2
816.36 4.8
818.43 16.5
819.89 48.6
820.58 62.4
821.59 16.9
823.00 38.3
824.58 3.5
826.64 39.6
827.46 122.4
828.48 966.6
829.54 310.1
830.58 11.3
831.46 17.9
832.10 2.5
833.32 31.0
834.29 61.6
835.05 25.8
836.89 39.7
837.72 186.0
838.82 46.7
839.62 21.9
841.88 19.5
843.32 288.9
844.28 125.9
845.40 12.6
846.35 9.8
847.95 16.7
848.89 14.0
852.31 33.8
853.48 5.9
854.16 30.5
855.39 19.8
856.74 5.2
857.79 32.4
860.75 12.3
862.32 4.5
863.30 5.0
863.98 6.1
864.76 40.1
866.14 16.2
867.80 9.0
868.46 31.7
869.26 29.2
870.46 19.1
871.37 9.3
873.24 5.8
874.32 10.0
876.59 5.5
878.30 24.9
879.63 70.1
880.54 154.0
881.52 46.7
885.48 4.5
886.61 3.6
887.57 31.5
890.23 10.8
891.48 5.5
894.67 17.1
896.68 88.7
897.58 463.5
898.47 1148.1
899.50 276.8
900.47 9.3
901.50 24.1
904.48 29.9
905.19 19.7
907.17 20.5
908.76 19.0
910.59 13.3
912.14 26.1
912.97 14.1
914.08 38.1
915.36 220.2
916.46 85.6
919.87 71.4
920.65 74.5
921.67 63.3
922.30 23.3
924.28 24.4
925.49 12.4
926.54 16.5
927.50 27.4
930.38 7.6
931.32 2.9
933.29 19.9
934.11 10.5
936.60 12.3
937.64 4.3
938.36 5.6
939.54 2.7
940.43 9.2
941.79 10.0
943.41 12.3
944.57 30.3
945.64 33.1
947.48 33.8
948.47 35.0
949.36 58.2
950.53 38.2
951.61 26.5
952.52 15.4
953.45 4.3
954.65 22.7
958.41 11.2
959.13 22.1
963.37 11.3
964.27 10.3
966.73 216.5
967.53 1046.0
968.54 634.0
969.54 68.9
970.59 77.8
971.44 6.3
972.18 8.3
980.45 3.3
981.59 3.4
984.64 663.1
985.55 3982.6
986.56 1327.7
987.49 40.8
990.03 14.8
993.81 7.5
995.56 10.6
996.73 11.0
997.89 4.4
999.49 24.5
1001.52 8.4
1003.53 2.5
1006.59 20.7
1010.39 4.6
1012.07 11.1
1013.39 7.2
1015.83 8.4
1017.09 9.4
1021.61 30.3
1022.44 48.1
1023.57 10.7
1027.04 3.9
1029.60 12.9
1033.48 5.2
1034.27 6.3
1036.97 17.9
1037.70 7.4
1038.87 80.4
1039.63 241.2
1040.50 159.7
1041.45 45.1
1047.49 9.9
1049.32 8.0
1051.92 7.6
1053.55 15.8
1054.42 8.1
1056.60 23.1
1057.43 152.7
1058.42 101.6
1061.46 41.5
1063.52 40.5
1064.61 49.7
1065.41 6.8
1066.14 9.6
1066.83 3.5
1068.54 12.3
1071.75 4.1
1077.88 9.0
1078.98 15.6
1079.61 19.5
1080.47 32.7
1081.51 105.0
1082.56 68.5
1083.59 25.5
1091.59 2.6
1093.56 12.4
1095.58 7.2
1098.41 21.9
1099.51 376.7
1100.62 115.5
1105.28 6.7
1109.24 27.8
1110.48 38.5
1111.48 9.9
1113.09 5.5
1116.83 4.7
1125.96 6.2
1126.69 14.5
1132.63 8.1
1167.14 4.6
1168.14 3.8
1181.98 8.3
1183.70 16.7
1184.92 3.7
1186.78 7.3
1193.81 16.5
1200.96 2.8
1223.62 6.7
1224.90 3.2
