882.4249699999999 2
128.48 3.4
129.23 9.7
130.22 11.5
131.15 4.7
132.56 6.8
133.27 11.8
136.17 2.7
139.21 2.0
140.02 6.4
141.24 4.8
143.06 2.1
146.22 3.3
147.04 1.1
148.24 8.3
153.28 2.0
155.40 1.5
156.32 12.7
157.36 1.3
158.42 1.6
161.11 3.6
165.18 8.0
166.13 1.4
167.03 4.4
169.17 7.8
170.30 8.3
171.21 3.4
172.90 2.4
174.23 49.7
175.13 67.0
176.19 5.7
177.26 1.1
182.22 9.6
183.29 4.4
184.27 6.0
185.23 5.8
189.16 3.6
190.03 1.3
193.09 4.2
196.25 1.1
197.28 2.2
199.07 43.9
200.02 5.9
203.24 5.6
204.65 1.6
209.25 4.5
210.10 4.1
211.37 3.2
212.08 3.6
213.09 5.3
215.88 3.9
219.36 1.8
220.31 5.8
221.13 8.4
222.03 1.5
223.43 3.7
224.17 2.9
225.08 4.1
227.20 27.3
228.30 27.8
229.32 1.6
230.16 9.3
232.20 5.1
233.17 2.0
234.13 1.5
236.69 3.5
237.41 5.4
239.36 5.4
241.14 17.0
242.14 3.5
243.27 4.2
244.38 3.1
245.35 6.7
246.11 1.6
247.40 2.2
248.07 6.0
249.61 4.7
250.31 96.0
251.21 7.2
251.98 1.6
253.32 6.5
254.05 5.6
255.14 5.5
256.21 4.0
257.33 10.8
258.34 5.0
259.32 2.8
262.26 14.7
265.25 2.6
266.42 6.1
267.31 3.5
268.18 2.0
269.40 2.3
270.02 1.2
271.15 3.6
272.26 22.0
273.25 8.9
276.31 3.1
277.12 1.1
277.94 5.0
278.82 6.0
280.12 21.3
281.15 21.1
281.81 2.2
282.44 6.1
283.22 6.4
285.04 1.1
286.53 3.0
287.19 3.8
290.02 5.3
291.33 14.9
292.07 2.8
293.54 1.5
295.30 2.6
297.23 107.3
298.02 17.1
299.19 2.4
300.71 4.5
302.23 8.0
303.25 3.6
304.46 10.6
306.05 8.6
307.27 4.5
308.65 30.1
309.27 1.7
310.35 5.6
311.23 7.2
313.12 4.7
314.02 3.9
315.31 70.2
316.50 57.2
317.29 13.1
318.43 9.3
319.09 9.7
320.40 5.6
322.03 6.9
322.89 27.7
324.09 1.5
325.37 4133.7
326.34 10.9
327.49 25.2
328.34 10.8
329.38 5.2
330.41 97.3
331.42 871.7
332.47 4.3
333.39 2.0
335.26 3.0
336.07 5.2
337.32 11.6
338.37 297.7
339.29 14.9
340.39 3188.9
341.32 56.6
342.10 14.8
343.03 33.1
344.24 70.7
344.93 45.4
346.28 9.9
347.47 7.5
348.12 6.1
349.21 24.1
349.95 5.5
351.43 15.5
352.33 142.2
353.40 119.5
354.66 24.6
355.83 5.5
357.24 8.4
358.41 26.5
359.35 34.7
361.16 12.8
362.73 18.7
363.62 8.5
365.38 1482.0
366.81 170.0
367.86 6.2
369.34 7.7
371.52 71.8
372.36 24.3
374.37 859.9
375.48 60.2
376.38 26.6
377.15 5.0
377.97 1.6
379.36 22.4
380.38 789.4
381.17 14.2
382.52 18.0
383.32 47.9
384.65 37.5
385.41 30.0
387.09 36.5
389.33 3033.6
390.31 10.1
391.17 11.0
392.94 34.8
393.92 48.5
395.55 26.1
396.59 37.5
398.37 1079.2
399.57 13.5
401.16 137.0
401.80 98.3
402.68 29.4
403.65 30.8
404.60 30.6
406.27 79.4
407.18 17.7
408.66 97.8
409.50 75.2
410.54 172.1
411.54 74.0
412.60 32.0
413.52 19.9
415.14 187.1
416.87 14.3
417.96 747.8
419.36 319.9
420.42 52.5
421.91 32.7
424.00 1261.2
425.11 52.2
426.86 1621.0
427.99 32.5
429.56 108.6
430.22 201.2
432.89 6135.2
433.82 37.6
442.80 5.8
449.50 7.2
451.67 14.4
452.54 3.4
453.48 3.2
454.35 2.8
455.46 9.9
457.31 1.6
458.36 2.6
461.35 10.4
463.14 1.5
465.26 4.0
465.95 7.3
468.47 34.4
469.38 5.2
470.02 1.6
470.81 4.1
472.06 14.7
476.12 5.0
477.34 11.3
478.44 3.3
482.25 12.0
483.42 2.1
484.40 10.5
486.42 2.4
487.48 1.6
489.35 15.2
490.68 10.0
492.83 23.9
493.71 2.4
494.60 3.2
496.03 5.5
497.08 11.0
498.72 21.6
499.44 5.3
502.60 10.6
503.75 17.1
504.66 20.1
506.65 5.8
508.76 2.4
510.54 1.1
512.50 38.0
513.49 11.4
514.42 4.4
515.33 6.0
516.10 6.2
517.41 36.4
518.40 20.7
519.18 4.0
521.11 7.7
521.79 5.0
522.58 7.6
523.23 6.4
524.50 1.5
525.93 11.3
527.27 13.8
528.41 55.3
529.35 10.3
530.62 10.0
531.85 31.4
532.85 14.7
533.80 14.2
538.01 20.3
538.93 12.2
539.59 10.3
540.46 16.3
541.30 14.4
542.18 29.7
545.04 22.2
547.42 37.2
548.52 70.5
549.64 25.0
551.09 24.0
552.90 16.3
554.82 14.5
556.26 25.1
557.38 18.0
558.32 3.6
559.62 3.8
561.01 24.7
561.86 11.7
563.03 9.2
564.81 20.3
565.54 8.8
566.65 8.4
567.66 7.7
568.45 2.3
569.83 26.7
570.75 20.0
571.51 26.2
572.45 16.7
573.30 10.2
573.91 18.3
575.15 11.9
576.37 9.5
577.77 7.2
579.32 3.4
580.39 12.5
581.54 37.8
582.89 60.3
583.72 16.5
584.52 3.7
585.59 12.0
586.80 46.2
587.67 32.9
588.62 15.5
589.82 72.8
590.71 43.0
591.45 7.7
592.60 5.5
593.58 8.0
594.52 5.7
596.01 175.0
597.01 35.6
598.29 10.4
599.13 15.5
601.09 6.5
601.80 2.9
602.43 9.7
604.40 25.9
605.37 43.4
606.36 10.8
608.49 5.2
609.60 49.7
610.52 37.7
611.65 10.9
613.52 125.4
614.41 42.4
617.39 20.0
618.32 50.5
619.07 65.9
620.43 2.3
621.47 1.4
622.50 2.0
623.40 16.8
624.13 1.6
625.40 3.5
626.18 10.6
627.17 27.1
631.57 7.6
632.52 16.7
633.36 4.3
636.39 8.3
637.46 3.7
638.39 15.0
639.30 34.0
640.51 2.9
641.70 5.3
643.67 2.9
645.09 7.0
645.75 2.1
647.74 7.3
649.12 2.4
650.93 9.2
652.47 4.9
653.52 12.0
654.39 5.3
655.82 2.9
657.24 119.2
661.01 74.1
662.04 26.5
662.86 4.0
663.73 1.9
664.57 1.6
665.52 4.5
668.51 8.5
669.75 18.9
670.58 3.7
672.19 6.1
673.41 4.6
675.58 1.9
679.58 1.8
680.71 3.8
681.36 4.3
682.34 3.4
688.57 5.5
689.39 6.9
691.67 5.9
694.44 13.0
695.42 5.4
696.57 3.8
697.32 2.6
700.30 13.0
701.26 3.9
702.12 5.3
703.60 11.3
704.65 5.0
707.47 22.7
708.50 5.5
709.40 1.7
711.29 19.7
712.57 2.9
713.53 3.3
714.44 3.4
715.45 1.7
717.47 5.4
718.14 5.2
721.60 2.1
724.43 23.7
725.58 25.8
726.29 1.5
727.45 4.8
728.32 4.1
732.45 8.0
733.59 8.1
734.46 10.0
735.47 5.5
736.58 12.3
738.29 3.0
739.48 26.9
740.42 5.3
743.53 2.1
744.52 2.1
746.00 1.5
746.66 1.9
747.60 1.7
748.64 3.1
750.45 15.6
751.56 5.1
752.61 8.3
754.37 2.1
759.69 3.1
765.48 2.6
766.11 1.2
770.38 10.4
780.49 7.5
784.05 3.1
784.87 2.7
786.47 3.0
789.37 4.4
789.98 1.6
792.20 4.5
793.46 1.8
794.25 2.8
795.70 3.5
797.39 2.3
799.57 5.4
800.53 2.3
802.71 1.9
816.62 2.8
822.05 4.2
823.78 4.4
836.24 4.2
836.86 2.4
838.75 1.2
844.49 343.2
845.58 76.5
859.39 12.4
860.28 5.5
861.56 4.7
880.61 1.0
888.51 1.4
