1954.03081 2
279.02 1.2
288.47 1.9
293.20 2.8
309.94 2.0
324.24 3.6
333.82 1.1
343.09 1.4
353.18 1.2
357.21 1.4
367.19 1.2
378.50 2.5
383.57 3.8
391.27 1.8
393.32 1.6
398.48 3.0
404.34 1.9
411.07 4.6
413.04 1.7
423.08 3.0
425.52 1.0
427.38 3.3
431.32 4.0
440.19 1.8
444.58 3.3
449.04 4.3
453.22 2.2
458.42 7.2
459.39 8.4
460.52 4.2
463.34 2.0
466.44 3.2
469.30 4.8
479.32 5.5
480.35 3.9
484.30 2.2
486.37 2.0
487.12 4.2
491.45 1.8
497.35 3.1
499.31 3.4
500.35 4.0
511.52 1.5
515.47 1.0
516.38 1.4
517.43 2.7
519.18 7.1
520.36 1.7
524.21 2.5
530.15 2.1
534.23 1.2
547.36 3.0
551.11 2.2
555.61 2.5
566.41 6.1
567.80 2.0
573.54 2.8
576.18 1.5
578.49 6.2
579.56 1.3
580.99 13.3
584.33 3.0
585.12 2.4
586.37 7.0
588.22 4.3
589.50 2.0
609.34 3.8
614.42 3.3
616.26 2.0
618.42 5.1
622.58 5.2
624.07 6.9
628.37 7.6
631.47 5.8
632.29 3.0
634.41 4.5
640.23 1.9
641.88 3.0
643.15 3.3
648.87 3.2
650.72 1.4
651.40 4.4
653.28 6.1
654.54 1.2
655.23 4.3
662.46 5.7
663.27 4.1
664.22 2.1
666.26 4.6
668.45 3.0
670.25 2.2
674.42 2.3
676.19 3.4
684.33 5.0
685.67 3.4
686.30 6.9
687.58 1.1
688.56 2.7
690.77 2.3
692.30 5.2
694.86 7.3
696.03 2.5
698.95 6.0
699.57 7.4
701.45 9.2
703.17 2.9
704.37 4.4
705.64 7.6
706.63 12.4
707.40 14.1
711.40 2.2
712.60 7.2
714.86 7.4
715.48 12.3
716.64 4.5
717.83 2.8
721.50 3.0
730.27 6.1
732.52 5.3
733.27 24.6
734.51 5.7
735.58 1.6
739.34 11.2
740.10 8.3
743.71 1.2
746.06 9.4
746.98 7.2
749.54 5.9
751.43 4.3
757.30 2.7
761.35 2.2
762.51 7.6
763.92 13.0
766.17 1.3
770.35 2.5
772.75 14.9
773.82 5.2
776.62 3.4
777.31 8.3
778.56 1.5
783.47 2.8
785.90 2.1
787.38 4.1
788.48 6.0
789.55 1.2
791.66 4.3
794.54 2.1
798.27 6.5
799.32 4.1
802.07 5.3
802.80 3.5
803.88 10.3
804.78 10.4
805.53 4.7
808.13 1.1
808.95 7.6
810.59 1.2
812.90 1.4
814.52 4.2
817.41 9.5
819.01 9.9
819.87 4.3
820.56 2.1
822.33 2.0
823.49 1.8
827.31 3.3
827.99 8.4
829.42 5.2
831.45 4.0
835.41 1.1
836.71 1.9
837.88 13.3
841.43 8.1
843.15 10.6
845.17 11.2
846.37 26.2
847.11 1.9
848.49 1.5
849.61 10.9
851.32 6.1
852.03 2.8
854.90 1.9
856.73 11.6
858.47 4.1
859.38 8.5
860.17 7.1
862.61 18.0
863.66 17.0
864.56 10.3
867.40 5.4
869.27 1.5
871.56 8.3
873.69 10.0
875.47 2.2
877.36 2.5
878.57 1.4
880.05 4.5
884.32 3.4
888.65 6.3
889.73 8.9
891.17 13.0
892.43 2.3
893.39 2.5
894.32 26.7
897.52 17.6
898.16 18.0
898.80 13.3
902.40 15.6
903.74 20.3
904.50 2.8
906.05 4.6
907.61 17.7
909.13 6.9
911.70 18.0
912.47 14.7
913.36 8.1
914.61 17.4
915.62 2.7
916.49 1.5
917.75 4.5
919.09 5.4
921.31 31.1
922.83 20.5
924.06 16.4
925.39 9.1
928.11 15.6
928.84 8.4
929.51 4.2
930.41 3.2
932.38 2.2
933.45 20.1
934.23 33.1
937.68 3.3
938.49 11.1
940.09 7.8
941.40 1.4
942.17 8.0
942.87 14.7
943.79 5.0
944.59 1.4
945.25 3.4
946.55 13.8
947.40 9.3
950.96 10.9
951.70 11.1
953.41 15.4
955.59 16.0
956.42 6.9
957.36 24.0
958.00 8.8
959.68 97.3
960.41 111.1
961.43 62.4
962.37 4.9
963.14 19.9
964.02 9.2
964.66 5.0
965.95 45.4
1001.19 5.0
1005.35 2.9
1008.18 2.8
1014.81 2.7
1017.70 2.1
1031.40 3.8
1033.61 1.6
1036.70 4.7
1041.21 8.6
1042.16 2.6
1043.31 1.6
1056.72 2.4
1059.57 2.0
1063.77 3.4
1070.62 2.2
1076.62 12.8
1082.23 3.5
1086.25 4.5
1088.24 6.8
1089.15 7.6
1093.42 12.1
1094.52 4.5
1095.57 1.1
1096.43 2.4
1104.45 1.5
1105.72 8.9
1111.60 1.7
1113.62 2.0
1115.78 4.9
1118.38 4.8
1120.59 4.3
1121.56 4.2
1123.60 1.6
1124.67 5.9
1130.89 1.5
1136.49 1.9
1139.91 7.8
1142.25 4.4
1143.76 1.7
1147.66 3.8
1164.53 4.0
1170.69 2.3
1174.40 2.1
1179.58 17.4
1180.28 4.8
1184.30 3.5
1185.61 6.3
1186.97 5.4
1190.51 8.6
1198.10 1.4
1201.63 3.8
1203.85 3.2
1205.86 4.4
1207.17 13.0
1210.47 1.6
1216.45 4.3
1230.40 2.9
1241.66 10.9
1249.04 14.0
1263.20 6.3
1265.88 10.9
1275.05 3.8
1282.32 2.3
1284.62 2.8
1285.78 3.3
1291.39 11.1
1292.05 1.1
1294.77 4.3
1302.43 2.4
1309.59 2.7
1314.48 5.1
1320.84 3.2
1322.25 5.5
1323.45 3.4
1325.64 2.8
1328.48 4.0
1331.23 5.2
1339.99 2.0
1346.69 5.9
1350.96 2.3
1356.40 3.1
1358.22 1.2
1363.66 2.1
1365.61 3.4
1369.59 2.4
1370.72 4.7
1373.62 2.0
1376.12 4.6
1389.01 1.5
1391.39 2.1
1392.68 4.5
1395.52 2.5
1402.76 3.7
1409.06 1.2
1415.56 3.2
1418.82 1.6
1419.90 4.0
1420.87 5.3
1422.61 5.5
1427.73 2.0
1431.08 1.0
1431.68 2.0
1467.97 3.8
1475.77 50.5
1482.75 1.8
1505.71 1.5
1526.35 2.8
1538.71 1.4
1543.99 1.8
1553.79 2.0
1568.87 1.0
1590.65 2.0
1594.89 2.0
1600.84 2.4
1622.64 1.7
1627.84 1.1
1635.62 2.8
1636.91 5.4
1651.90 3.4
1663.55 2.2
1664.54 2.0
1680.98 3.4
1692.19 1.2
1706.53 2.3
1742.04 1.6
1779.49 3.8
1782.22 1.5
1786.77 1.0
1809.13 5.1
1870.65 3.1
1880.74 2.3
