2037.006560000001 3
195.11 5.0
197.22 19.2
198.11 3.1
199.11 4.8
200.17 3.0
201.01 15.5
205.23 5.4
206.14 7.9
207.17 8.6
210.07 17.8
211.30 5.0
212.23 8.9
213.95 46.0
215.29 27.0
217.17 2.9
218.27 4.0
220.78 2.5
223.04 23.1
224.94 5.4
226.01 6.7
227.25 40.4
228.20 73.1
229.13 16.2
230.25 11.3
232.03 29.2
233.08 28.8
234.47 7.9
235.14 32.3
237.06 6.6
237.70 2.6
238.76 12.1
240.24 11.2
241.18 32.8
242.19 36.8
243.30 38.8
244.23 16.6
245.19 11.8
245.98 5.0
247.28 5.0
248.23 10.0
249.27 5.4
250.37 17.6
251.23 11.4
252.00 9.8
253.39 17.7
254.24 6.9
255.09 17.4
257.28 4.1
258.30 14.8
262.27 26.7
263.10 7.5
264.27 4.0
265.25 19.0
266.35 10.2
269.15 4.7
270.16 21.0
271.21 18.4
273.19 12.3
274.25 70.3
275.20 3.0
278.62 11.0
279.28 75.2
280.14 27.6
281.29 7.2
282.61 18.7
283.30 5.9
284.41 23.6
285.23 10.6
286.14 12.8
287.16 19.2
288.26 10.1
289.33 12.0
290.12 4.3
291.27 12.2
292.39 44.5
293.22 2.5
294.27 14.4
295.22 3.5
296.39 19.5
297.14 20.3
298.27 72.0
299.29 14.4
300.27 12.0
301.16 57.0
302.16 34.5
303.08 7.9
305.09 23.0
307.05 7.7
308.03 24.2
309.01 5.3
311.27 13.8
312.68 31.8
314.89 89.2
316.15 38.5
317.34 14.6
319.28 42.0
320.25 30.5
321.51 9.8
322.40 6.5
323.53 11.8
324.41 8.4
326.49 54.0
327.68 34.2
329.32 8.2
330.35 15.4
331.35 36.9
332.34 12.4
333.23 44.0
334.35 45.7
335.07 31.2
336.01 22.8
337.30 5.9
338.22 103.2
339.25 13.1
340.55 31.0
341.59 16.1
342.37 6.1
343.17 65.8
344.03 44.4
345.77 69.7
346.53 20.7
347.29 30.3
348.30 12.6
349.27 35.7
350.27 11.6
352.04 43.6
353.39 47.9
354.29 13.6
355.32 28.9
356.18 13.6
358.65 68.3
359.54 57.6
360.39 9.8
361.41 19.5
362.24 9.1
363.92 20.3
365.35 13.5
366.12 41.9
367.14 9.9
368.27 11.4
369.05 8.8
370.11 47.8
371.24 48.6
372.11 18.1
373.27 134.0
374.15 48.5
375.33 6.0
376.19 11.3
377.18 36.3
378.22 41.8
379.33 6.9
381.52 42.0
382.51 10.6
383.21 47.7
384.31 98.5
385.28 138.1
386.64 60.0
387.46 50.0
388.17 21.1
389.29 78.5
390.65 43.7
391.55 43.9
392.52 313.7
393.38 67.2
395.23 87.6
395.94 154.5
396.77 52.9
398.42 6.7
399.68 51.5
400.49 36.4
401.26 143.7
402.06 114.6
403.09 39.4
404.67 126.8
405.35 54.8
406.04 45.5
407.34 115.2
408.33 69.4
410.52 21.0
411.35 87.0
412.23 36.3
413.99 129.5
415.30 20.9
416.21 23.0
417.10 13.9
418.37 24.7
419.34 55.1
420.52 28.1
421.41 11.7
422.96 53.8
424.15 16.5
425.45 45.6
426.44 34.0
428.22 104.6
429.41 52.3
430.34 35.7
431.35 18.8
432.55 14.4
433.43 12.3
435.14 70.1
436.02 20.9
437.24 31.2
438.12 24.1
439.09 116.8
440.33 109.4
441.33 155.9
442.31 18.2
443.59 48.0
444.27 128.1
444.95 20.2
446.00 42.9
447.36 54.3
448.66 62.3
449.49 31.3
450.10 2.8
451.17 19.7
452.29 31.1
453.25 25.3
454.05 65.3
455.36 46.0
456.28 51.2
457.67 199.5
458.48 98.1
459.82 17.4
460.60 46.9
461.61 29.9
462.57 180.9
463.46 44.2
464.13 91.1
465.97 35.6
467.23 125.9
468.20 49.7
469.65 120.2
471.12 32.2
472.18 105.9
473.31 960.0
474.26 264.2
475.46 120.9
476.29 5.2
476.97 21.7
478.36 31.5
479.56 93.5
480.45 37.9
481.46 46.1
482.30 41.5
483.26 88.2
484.23 286.0
485.14 109.5
486.01 67.8
486.94 13.4
487.94 139.5
489.02 73.7
490.44 157.3
491.38 26.0
492.43 49.4
493.85 114.9
494.56 33.7
495.22 17.4
496.16 96.4
497.14 284.7
498.23 88.9
499.28 59.0
500.42 36.4
501.32 12.9
502.72 24.3
503.41 45.1
504.35 16.4
505.55 89.6
506.47 147.6
507.68 35.3
508.64 34.1
509.68 34.7
510.81 138.6
511.79 94.6
512.57 28.6
513.34 24.4
514.60 200.8
515.34 70.4
516.26 110.5
517.48 56.6
518.48 14.2
519.54 67.8
520.46 59.7
521.71 51.7
522.62 125.7
523.51 57.6
525.39 14.9
526.25 71.3
527.06 91.6
528.80 181.8
529.56 7.8
530.17 147.1
531.08 153.8
532.14 126.1
533.27 243.6
534.25 48.9
535.59 313.5
536.47 125.5
537.45 131.2
538.56 41.0
539.52 565.0
540.98 993.7
542.20 586.7
543.37 178.3
544.54 917.1
545.42 103.2
546.40 27.9
547.25 130.8
548.28 195.5
549.06 172.2
550.43 61.2
551.33 121.7
552.32 77.7
553.59 1484.2
554.52 161.9
555.46 7.7
556.36 16.3
557.46 88.9
558.57 130.7
559.73 59.6
560.42 94.2
561.24 88.2
562.43 778.0
563.19 298.8
564.11 26.2
565.22 166.0
566.45 137.7
567.22 57.3
567.95 146.0
569.29 156.3
570.33 54.8
571.51 45.7
572.34 64.1
573.28 18.6
574.36 113.5
575.40 87.5
576.38 52.6
577.24 35.5
578.14 18.2
579.40 307.7
580.52 85.6
581.52 52.9
583.23 401.1
584.12 145.1
585.48 53.5
586.66 141.2
587.57 158.5
588.90 101.9
590.23 47.6
591.36 43.8
592.16 298.2
592.98 101.9
594.08 31.2
594.92 78.2
596.29 308.2
597.32 468.7
598.10 536.8
599.25 81.5
600.83 901.9
601.52 768.4
603.13 134.1
604.09 112.4
605.11 523.4
606.58 2527.5
607.45 457.8
608.55 119.1
610.07 2229.5
611.03 182.6
612.17 89.4
613.49 113.0
614.35 37.4
615.59 167.5
616.45 234.9
617.44 77.9
619.07 1745.0
619.98 89.4
621.34 102.3
622.66 202.1
623.81 215.4
624.97 72.4
625.94 115.3
626.81 118.7
627.45 96.8
628.36 38.4
629.41 91.6
630.42 499.8
631.55 84.4
632.60 96.7
633.28 27.6
634.43 133.7
635.44 202.7
636.38 703.5
637.47 84.9
638.62 111.2
639.85 201.2
640.58 236.4
641.70 86.3
642.50 97.1
643.76 151.4
644.53 200.5
645.44 206.6
646.58 219.8
647.42 106.3
648.60 124.5
650.16 288.9
651.37 282.6
652.50 316.6
653.48 427.4
654.25 223.1
655.43 972.7
656.47 605.0
657.55 144.0
658.99 191.3
659.83 160.6
660.51 83.5
661.27 149.5
662.34 1053.8
663.62 302.0
665.04 975.4
665.99 140.0
666.98 142.1
667.63 319.8
668.30 2310.8
669.62 180.5
670.61 354.0
671.41 53.4
672.26 6.8
673.51 40.1
674.93 7.8
682.20 7.2
684.15 14.1
686.53 26.0
687.70 10.2
689.22 9.6
690.24 52.0
691.62 63.3
692.57 10.2
693.23 5.6
694.71 41.1
695.92 15.5
699.26 13.3
700.14 49.4
702.21 29.3
703.25 28.8
704.05 10.1
705.40 65.3
706.59 56.8
707.49 22.6
708.56 88.5
709.58 20.6
710.46 35.5
712.05 174.8
712.88 39.7
713.50 61.2
714.35 33.1
715.46 18.0
716.42 95.7
717.44 204.3
718.26 213.7
719.15 83.3
720.16 44.8
720.91 52.1
721.63 14.4
722.58 53.1
723.30 4.9
725.42 38.5
726.18 55.5
727.89 948.8
728.69 1576.7
729.70 113.7
730.53 32.2
731.48 51.8
732.50 28.1
733.74 16.9
735.23 1830.0
736.20 397.4
737.18 4.7
739.64 117.3
740.54 46.9
741.83 39.1
742.96 22.3
743.97 30.5
744.67 94.5
745.34 108.6
746.30 25.3
746.97 50.7
747.59 12.1
748.92 52.6
749.84 11.0
750.99 21.5
752.45 30.0
753.49 39.3
754.51 13.6
755.89 102.8
756.59 94.6
757.33 3.8
759.31 104.0
760.21 79.5
761.56 56.3
762.63 62.0
763.51 14.7
765.15 180.2
766.34 92.2
767.67 56.0
768.72 31.1
769.55 122.7
770.52 46.8
771.32 41.2
772.25 87.9
773.58 136.8
774.57 138.8
775.48 52.7
776.81 64.1
777.76 154.6
778.48 61.5
779.09 131.9
780.36 18.6
781.08 18.2
783.26 601.3
784.37 1045.6
785.38 367.7
786.55 195.9
787.61 29.1
788.72 55.2
789.58 11.3
790.35 33.5
791.37 25.7
792.71 29.2
794.75 32.8
795.50 45.0
796.51 25.5
797.57 46.0
798.63 87.9
799.59 34.8
801.37 2350.9
802.41 891.0
803.42 316.3
804.90 78.2
806.74 111.1
807.64 78.7
808.59 437.6
809.72 966.2
810.53 192.1
811.73 85.8
812.84 17.7
813.69 8.1
815.27 76.8
816.43 385.4
817.22 292.3
818.23 79.6
819.30 46.2
820.26 21.6
822.00 16.0
823.32 54.0
824.40 41.0
825.15 79.2
826.47 2026.5
827.41 909.4
828.49 189.0
830.03 86.7
831.09 167.8
831.96 9.1
832.72 74.0
833.44 39.9
834.55 64.2
835.37 100.5
836.60 21.3
838.71 85.6
840.37 97.4
841.52 33.0
842.40 41.5
843.76 63.6
844.76 50.3
845.51 52.1
846.58 35.5
847.23 12.2
848.25 41.6
849.54 5.1
850.65 53.5
851.57 40.3
853.27 808.3
854.16 309.9
854.85 8.5
856.40 111.3
857.75 64.7
858.74 47.2
860.29 497.3
861.02 224.0
861.83 36.2
862.44 85.6
863.76 86.4
864.77 29.3
866.49 102.8
867.57 107.7
868.46 88.4
869.91 90.2
871.00 68.2
871.77 109.9
872.90 112.5
873.88 34.6
874.75 56.2
875.86 75.8
876.82 94.0
877.54 52.7
878.45 75.3
879.39 99.7
880.41 99.4
881.65 30.2
882.64 27.8
883.38 45.6
884.55 63.0
885.68 65.6
886.66 55.2
887.50 60.0
888.23 89.1
889.27 34.0
890.39 32.5
891.40 4.9
892.58 6.5
893.56 14.5
894.66 133.0
896.20 366.5
897.18 570.4
898.26 87.4
899.47 80.1
900.68 38.5
901.96 55.2
902.89 82.3
903.81 241.3
904.60 180.5
905.55 46.0
906.21 269.8
907.03 86.7
907.83 53.4
908.67 26.8
909.40 15.5
910.40 25.1
911.51 35.5
912.51 8.0
914.38 1405.7
915.64 921.4
916.60 369.3
917.63 119.9
918.60 142.4
919.25 11.4
920.52 29.6
921.94 23.0
923.34 220.3
925.26 2545.9
926.17 820.3
927.41 31.0
928.57 8.2
929.69 10.6
931.38 227.4
932.38 1586.6
933.07 606.4
934.03 67.8
935.63 22.2
937.14 61.4
937.74 37.6
938.70 57.9
939.46 51.6
940.92 41.0
941.63 63.7
942.74 59.5
943.81 14.4
944.62 38.0
945.58 14.0
946.78 36.1
947.73 52.6
948.95 44.8
949.64 40.3
950.71 115.1
951.60 72.6
952.30 49.7
953.10 35.9
953.83 184.3
954.52 5.1
955.54 67.0
956.45 7.1
958.34 13.8
959.46 101.7
960.22 288.1
961.78 93.8
962.85 113.7
964.46 99.3
965.40 163.0
966.43 43.0
967.36 50.3
968.79 1477.9
969.60 492.4
970.35 74.9
971.94 32.7
972.90 31.8
973.83 530.5
974.64 239.6
975.51 63.8
976.54 27.0
977.75 4.6
979.29 17.1
980.68 43.8
981.45 36.9
982.31 7.1
983.73 42.2
984.59 43.7
986.01 48.0
986.90 3.9
987.82 15.8
988.76 8.8
990.44 84.9
991.67 34.4
992.66 145.1
993.65 67.5
994.50 11.3
995.44 9.2
996.82 21.5
998.60 5.2
999.83 17.7
1000.66 10.0
1001.54 25.6
1002.48 6.6
1003.32 21.0
1005.54 14.5
1006.48 22.6
1008.38 85.9
1009.62 42.6
1010.59 253.1
1011.51 87.4
1012.53 53.7
1014.16 3.9
1015.52 29.0
1016.55 6.2
1017.98 24.1
1018.94 25.6
1019.65 11.6
1020.51 3.4
1021.21 13.2
1023.34 3.8
1026.57 36.8
1027.61 124.6
1028.67 152.0
1029.66 33.5
1031.60 18.7
1033.94 30.3
1035.05 3.6
1036.31 4.6
1037.62 30.8
1038.73 13.2
1044.61 63.5
1045.61 28.6
1046.69 21.3
1050.70 3.1
1051.74 5.0
1052.78 36.5
1053.64 27.2
1054.52 8.3
1055.69 10.4
1056.45 13.7
1058.38 14.6
1059.01 9.8
1059.99 25.9
1060.68 2.5
1063.54 86.2
1064.30 21.3
1066.05 8.2
1067.07 21.9
1067.88 29.4
1069.03 27.6
1069.89 5.6
1070.55 6.9
1072.40 2.6
1073.41 19.7
1074.60 8.6
1075.58 13.5
1077.60 6.5
1080.49 117.8
1081.65 52.8
1082.54 11.3
1083.61 4.4
1085.64 39.8
1086.41 12.8
1087.33 16.8
1088.57 14.9
1089.84 4.4
1091.33 7.0
1092.72 6.2
1095.09 10.3
1096.82 31.4
1097.67 14.9
1099.19 44.7
1100.42 86.4
1101.59 28.4
1102.81 5.8
1103.67 16.7
1104.51 12.0
1105.38 38.2
1106.75 15.3
1107.64 12.6
1108.87 5.6
1111.78 13.3
1112.73 3.4
1114.50 142.2
1115.60 64.9
1116.74 71.8
1117.87 12.2
1118.60 5.0
1120.05 6.5
1120.71 4.1
1122.24 5.8
1123.62 344.6
1124.60 215.3
1125.63 49.5
1126.30 8.9
1127.31 3.2
1130.43 23.2
1131.63 30.9
1133.67 6.7
1134.64 6.1
1135.67 8.4
1136.66 11.9
1139.74 24.2
1140.56 7.0
1142.12 13.5
1142.74 3.8
1143.68 10.2
1144.55 6.5
1146.57 3.7
1150.41 3.5
1151.62 3.6
1152.93 14.4
1155.51 3.9
1157.60 24.9
1158.59 62.4
1159.83 5.1
1162.54 12.4
1163.69 8.5
1167.83 4.8
1168.85 6.1
1172.82 8.7
1173.97 8.2
1179.50 3.3
1181.18 7.1
1182.10 6.0
1183.68 12.7
1184.68 9.5
1187.14 4.6
1193.52 39.3
1194.54 40.4
1195.73 42.5
1196.98 17.3
1197.70 7.1
1198.76 6.3
1200.81 7.9
1201.78 4.5
1207.42 4.9
1210.39 5.7
1211.60 215.2
1212.60 80.9
1213.81 27.6
1214.96 3.9
1215.58 4.0
1217.28 4.7
1218.54 24.8
1219.61 14.1
1220.59 14.4
1222.52 3.3
1225.50 9.6
1226.58 34.8
1228.45 11.0
1230.74 5.7
1232.74 8.6
1236.61 210.5
1237.80 78.8
1238.77 38.2
1239.58 4.5
1240.63 3.5
1246.01 11.2
1246.93 5.6
1255.36 15.4
1257.00 8.8
1260.94 33.5
1262.05 21.0
1270.76 6.0
1272.07 4.4
1272.75 3.5
1277.80 13.2
1278.48 6.1
1280.64 9.7
1285.01 9.4
1286.48 7.7
1287.64 3.6
1294.51 7.1
1295.96 15.1
1309.04 15.5
1321.82 11.3
1322.49 7.2
1328.72 14.0
1330.61 12.4
1336.70 3.9
1364.97 4.1
1367.55 7.0
1388.75 6.7
1400.17 4.1
1403.87 8.9
1413.59 8.8
1420.78 3.2
1422.24 7.0
1433.70 10.2
1434.68 4.4
1454.61 2.9
1455.79 7.1
1456.78 5.1
1476.72 5.9
1505.72 9.9
1544.97 4.3
1579.32 6.1
1602.84 7.1
1607.55 8.1
1618.08 4.5
1629.95 7.1
1632.22 2.9
1704.78 5.0
1779.84 4.9
