986.66301 2
143.94 1.8
147.12 5.0
149.26 5.8
150.16 2.3
155.15 16.4
156.03 13.2
157.15 12.6
157.91 1.9
159.18 27.9
160.23 13.6
161.49 4.1
162.25 6.7
163.21 12.1
164.17 20.5
165.19 14.6
166.30 4.8
167.21 8.7
169.14 7.6
170.30 2.8
171.15 26.9
173.24 6.2
175.08 13.0
177.30 10.7
179.12 6.6
180.35 8.0
181.16 28.2
182.25 10.8
183.19 5.6
184.08 3.2
185.30 7.2
186.00 2.1
187.12 7.3
188.18 1.4
189.20 25.9
190.15 6.0
191.42 2.3
192.66 1.4
195.26 18.9
197.16 3.0
198.14 26.3
199.10 26.0
200.17 17.8
201.20 10.7
201.92 1.3
203.10 1.4
205.27 1.6
206.10 2.0
207.60 6.1
209.28 17.8
210.01 1.8
211.29 2.0
212.25 3.3
213.33 12.2
214.14 16.6
215.10 18.2
216.10 165.6
217.15 58.6
218.08 5.6
219.34 12.8
220.32 1.4
221.18 7.2
223.12 6.3
225.11 5.4
226.32 1.9
227.16 16.8
228.24 12.0
229.13 6.2
229.98 2.7
231.07 1.8
232.32 5.8
233.23 1.9
233.86 1.9
235.21 8.1
236.21 5.4
237.11 17.1
238.63 3.7
239.26 1.3
240.28 1.0
241.20 10.0
242.31 11.9
243.29 64.3
244.19 5.8
245.31 20.8
246.25 5.4
247.21 7.7
248.31 3.3
249.11 2.5
250.24 3.9
251.44 16.3
252.20 1.1
254.08 8.1
255.35 16.1
257.36 24.4
258.52 8.2
259.27 13.9
260.19 6.7
261.11 6.4
263.18 6.1
264.54 6.7
265.26 11.7
266.26 7.0
267.13 14.6
268.23 7.6
269.09 14.4
270.42 59.7
271.34 9.9
273.32 15.8
274.24 2.9
275.21 7.3
276.30 1.3
277.14 8.0
278.61 3.6
279.25 15.1
280.32 9.3
281.21 15.0
281.86 10.2
283.16 9.8
284.65 11.3
285.46 33.6
286.33 14.1
287.26 6.3
288.76 3.1
289.42 1.2
290.32 1.6
291.18 15.6
292.20 1.5
293.31 22.0
294.11 1.5
295.00 5.9
296.22 5.4
297.22 9.4
298.26 51.9
299.22 51.5
300.54 2.6
301.30 9.8
302.17 4.6
303.15 19.5
304.33 4.4
305.57 2.6
306.68 6.5
307.38 5.7
308.84 6.3
310.48 2.2
311.41 14.6
312.23 15.4
313.19 6.2
314.19 17.4
315.63 18.0
316.34 11.4
317.44 10.1
318.24 3.7
319.31 7.9
320.05 7.0
321.15 23.8
322.21 8.5
323.16 11.8
324.23 1.5
325.20 13.7
326.24 10.2
327.29 9.0
328.73 9.0
330.20 6.6
331.10 5.3
332.45 2.7
333.33 35.0
334.41 8.2
335.11 7.3
336.20 8.6
337.32 17.2
338.26 3.7
339.32 20.6
340.31 9.4
341.16 5.2
342.32 4.0
343.25 14.8
344.40 5.4
345.04 7.7
346.15 13.3
347.26 15.6
348.31 42.3
349.27 18.9
350.20 18.8
351.33 12.2
352.31 6.2
353.11 14.6
353.79 7.1
355.40 4.0
356.06 3.8
357.33 24.6
359.11 23.9
360.33 9.2
361.28 30.3
362.46 4.8
363.30 15.7
364.19 22.0
365.43 23.1
366.39 15.2
367.30 10.2
368.38 25.3
369.29 6.4
370.55 5.3
371.50 5.8
372.25 1.3
373.42 7.3
374.34 13.4
375.36 20.1
376.21 7.8
377.17 9.7
378.18 17.2
379.18 88.2
380.14 39.8
381.28 232.3
382.22 53.3
383.33 3.5
385.19 141.4
386.24 85.6
387.21 20.8
389.49 5.2
390.39 4.4
391.26 14.5
392.23 3.5
393.56 32.5
394.78 21.4
395.63 14.3
396.82 30.9
397.59 8.6
398.25 7.9
399.26 52.2
400.16 20.8
402.19 65.3
403.20 86.9
404.20 11.4
405.26 35.6
406.26 13.3
407.26 12.4
408.40 18.9
409.33 25.5
410.37 11.6
411.35 27.1
412.33 26.5
413.36 22.0
414.19 9.2
416.00 12.8
417.54 7.6
418.57 15.2
419.40 24.9
420.29 3.6
421.24 25.8
422.30 16.0
423.04 5.5
424.24 6.2
425.52 3.7
427.48 13.1
428.39 19.3
429.24 13.9
430.69 113.3
431.84 21.5
432.57 10.8
433.32 21.9
434.20 25.4
435.22 28.9
436.37 24.6
437.33 20.2
438.29 8.2
439.37 8.5
440.32 15.4
441.38 8.4
442.31 2.4
443.22 1.6
445.39 3.9
446.34 11.0
447.26 23.0
448.31 15.7
449.44 42.7
450.37 31.2
451.59 22.0
452.35 11.3
453.15 7.2
455.11 8.8
456.14 4.9
457.37 66.8
458.44 40.1
459.27 23.3
460.39 12.5
461.88 9.3
463.03 14.1
464.14 16.3
465.30 26.2
466.94 23.4
469.58 7.4
470.25 6.0
470.85 3.6
471.60 1.4
472.44 2.3
473.13 4.7
473.81 9.5
475.25 468.1
476.22 352.9
477.17 43.5
478.07 6.2
479.03 5.2
480.11 11.4
482.67 16.1
484.47 225.8
485.31 118.5
486.26 14.2
492.30 7.0
493.45 4.2
501.25 1.3
502.38 1.4
503.20 1.0
520.53 1.4
541.16 4.3
541.97 9.2
542.63 3.6
543.62 6.5
546.77 1.7
548.24 4.1
555.50 4.3
558.85 1.2
564.29 10.0
569.08 6.0
571.46 5.1
573.75 2.7
574.48 6.2
578.85 1.6
581.06 2.6
582.26 15.6
583.37 103.3
584.31 133.9
585.35 20.1
591.28 1.9
593.71 3.6
596.39 4.0
600.20 23.2
601.35 89.2
602.19 9.3
603.83 1.1
606.19 1.0
608.12 5.4
613.30 2.2
615.23 1.6
616.36 3.2
617.67 2.1
618.89 2.9
628.80 1.1
629.70 2.7
631.90 6.2
632.58 4.5
635.89 3.0
636.51 1.7
638.07 11.6
641.86 5.7
652.56 6.4
664.76 9.4
666.42 3.4
669.10 2.0
670.11 6.6
671.33 4.3
672.44 7.5
673.30 9.7
675.05 3.6
678.65 3.4
682.40 4.8
683.05 5.4
685.47 5.1
687.20 14.8
688.24 14.1
689.58 4.5
695.73 3.4
701.47 3.2
706.25 1.3
717.06 5.2
718.28 3.6
722.41 1.4
728.39 6.9
729.55 1.1
734.22 2.3
740.03 2.8
740.71 4.9
741.35 3.6
742.44 2.4
743.41 2.8
744.67 5.5
750.20 8.5
751.31 2.8
752.49 2.3
758.48 5.0
760.29 2.1
766.56 2.0
768.08 1.4
769.41 137.9
770.41 557.2
771.53 79.0
773.63 2.5
795.20 1.1
808.58 3.8
813.24 8.0
814.66 2.2
825.30 2.1
828.86 3.4
829.75 4.5
830.37 5.8
831.30 4.2
838.51 4.3
854.08 1.4
858.47 3.2
860.57 47.1
874.71 2.4
881.59 2.2
897.83 5.8
947.51 1.1
948.36 6.2
949.63 1.4
965.88 4.7
967.17 1.9
987.45 2.9
