2620.16811 4
190.30 22.7
198.12 13.1
199.26 17.4
204.05 10.7
205.04 14.1
206.18 10.4
208.30 35.9
209.19 24.9
211.90 16.9
213.30 27.6
215.18 35.7
216.16 10.7
222.40 16.3
226.21 69.7
227.25 108.2
228.16 12.0
235.10 205.5
238.62 14.7
240.20 19.4
241.16 34.3
242.45 165.7
243.19 23.0
249.13 8.3
252.34 30.5
255.48 12.9
256.27 7.1
257.28 20.4
258.17 151.3
261.49 23.8
262.28 15.4
263.25 33.3
267.20 29.1
269.18 37.8
270.20 33.5
271.29 120.7
272.13 46.6
274.18 64.9
276.13 12.7
277.33 8.6
280.21 23.4
283.43 85.9
284.39 37.9
285.20 82.1
286.13 23.9
287.27 10.9
292.33 112.4
293.81 7.4
296.46 24.5
297.26 19.4
298.33 258.8
299.32 79.2
300.30 58.0
301.19 99.8
302.08 53.6
303.68 23.4
304.46 7.5
310.19 16.4
311.23 55.3
312.19 118.1
315.24 17.2
319.21 16.6
324.15 89.5
325.32 27.7
328.03 20.1
329.06 20.0
330.34 65.9
332.98 10.8
334.79 13.9
338.33 32.4
339.38 20.6
347.17 83.9
348.25 12.6
349.31 35.0
351.99 19.6
354.29 72.8
355.30 21.4
356.06 52.2
357.12 33.8
361.06 24.2
362.28 35.6
366.16 14.2
367.22 82.9
368.23 75.2
372.25 11.8
373.35 27.3
376.71 196.8
377.37 83.3
378.32 20.4
380.35 7.8
382.19 499.3
383.23 134.3
385.22 1472.7
386.18 105.1
388.22 12.8
389.20 26.9
391.86 7.3
393.97 11.7
400.22 57.0
402.44 81.1
404.24 40.6
406.90 33.1
408.33 37.7
409.28 9.5
411.27 32.8
412.47 47.2
413.49 23.6
414.26 54.2
415.42 152.9
416.60 43.5
417.34 13.2
421.57 25.7
425.40 17.9
426.80 67.4
432.33 133.0
433.08 30.1
435.42 12.6
436.36 14.6
438.14 40.6
440.80 20.1
442.35 8.9
445.43 7.2
446.78 61.9
447.80 51.9
449.27 14.8
454.57 13.4
455.60 52.1
456.43 19.5
457.28 33.2
458.31 12.4
459.33 57.7
462.31 28.3
464.19 96.0
464.85 7.1
466.29 221.3
467.00 88.5
468.63 33.8
470.34 36.6
472.35 91.6
473.21 14.7
474.46 39.0
475.39 30.6
476.46 20.1
480.51 82.6
481.35 122.7
482.49 110.5
483.15 21.5
484.30 3383.4
485.42 591.0
486.23 40.5
488.09 122.2
489.57 88.5
490.90 88.5
492.80 136.1
493.48 48.2
494.12 18.6
496.68 23.1
498.25 75.0
501.45 8.6
502.44 28.3
504.04 15.5
505.36 192.1
506.50 115.3
507.66 16.5
510.35 39.9
511.45 54.7
512.18 26.8
513.36 16.3
514.25 42.6
515.31 128.3
515.98 168.5
517.30 66.0
519.42 53.1
521.37 50.9
522.05 47.8
523.13 19.6
524.35 613.0
525.37 87.3
531.14 66.2
531.84 45.1
534.45 58.1
535.41 63.4
536.29 65.9
537.58 53.6
538.94 27.1
539.54 13.0
540.77 243.0
542.07 239.1
543.23 98.1
545.72 115.7
546.61 103.7
547.28 133.0
548.09 9.4
549.11 88.0
549.93 142.6
550.70 76.8
551.58 7.7
552.43 20.6
553.54 8.1
555.09 63.6
556.73 18.9
557.40 13.5
560.01 105.7
560.71 104.6
561.33 147.8
562.04 56.9
563.30 55.0
563.91 182.0
565.02 209.1
566.47 113.0
567.35 110.0
568.08 62.2
568.81 84.0
569.54 411.5
570.43 47.8
573.57 16.3
574.92 456.5
575.57 747.8
577.50 17.8
578.46 43.6
580.33 15.2
581.71 77.9
582.54 83.7
583.35 1707.8
584.35 593.8
586.28 47.6
587.48 12.9
589.32 185.2
590.02 168.5
590.66 11.2
591.31 9.8
592.03 56.3
594.24 15.6
595.44 12.1
596.40 14.7
597.65 123.1
598.47 35.3
599.81 66.6
601.92 41.9
602.65 91.1
603.38 19.5
604.10 137.3
605.89 222.5
607.18 97.2
608.00 9.2
609.33 41.1
610.24 25.1
612.29 1433.1
613.22 117.6
614.27 19.3
615.09 28.6
616.60 118.0
618.12 1771.0
619.90 88.8
620.54 49.9
621.50 194.3
622.32 75.2
623.42 184.7
624.24 56.0
625.24 84.2
626.55 40.0
627.25 91.8
628.81 81.4
630.18 296.8
631.67 34.4
633.22 410.7
634.47 425.5
635.43 131.3
636.41 183.5
637.60 541.4
638.52 1046.6
639.28 186.3
640.71 104.5
641.39 43.0
642.90 389.7
643.69 12.2
644.66 93.7
645.90 24.3
647.04 215.0
647.99 75.8
660.84 48.1
662.30 30.3
663.54 45.8
664.57 143.2
665.32 160.1
666.46 15.0
668.38 215.2
669.41 67.9
670.84 213.0
674.48 1242.8
675.52 56.9
676.33 112.5
677.62 186.9
678.40 17.5
680.26 2823.3
681.31 142.3
682.16 11.6
683.34 70.1
684.51 34.3
685.23 61.5
686.97 30.2
687.88 28.9
692.20 43.2
693.67 25.9
695.90 138.9
696.85 29.0
698.25 229.6
699.06 72.8
700.18 13.1
701.37 212.1
702.28 81.9
703.84 306.5
705.28 211.9
705.99 147.3
707.38 1733.6
708.31 108.5
709.73 27.6
711.09 16.9
713.27 2928.3
714.15 12.8
715.36 46.4
717.28 61.9
718.33 109.8
719.21 17.5
720.39 36.8
724.94 22.5
726.10 67.7
728.05 33.6
729.39 28.8
730.78 33.1
731.71 47.3
733.18 118.8
735.04 65.0
737.05 104.2
738.68 43.1
739.37 66.8
740.51 834.1
741.38 22.9
742.40 102.0
744.39 148.7
746.31 2457.5
747.42 362.1
748.29 44.7
748.92 42.6
751.16 147.2
752.24 50.4
752.86 264.3
753.57 222.2
756.46 47.3
759.18 16.4
759.79 137.2
762.12 1037.1
763.53 186.2
764.52 30.8
765.81 93.5
769.36 1936.8
770.51 876.8
771.71 127.6
773.44 14.4
775.26 1663.5
775.93 14.1
777.28 42.9
778.46 72.6
779.47 89.6
780.75 59.3
781.50 58.5
782.96 23.0
784.62 111.5
785.23 37.8
787.01 50.0
787.96 23.5
788.62 31.9
790.22 71.6
792.89 312.5
794.48 166.0
796.41 98.2
797.08 45.6
798.86 244.1
800.71 128.8
802.11 199.6
803.21 47.5
804.49 37.3
805.30 117.9
806.26 68.6
807.20 112.5
809.69 64.1
810.83 130.3
812.00 26.4
816.10 13.7
816.87 138.8
818.78 781.3
819.50 351.0
820.48 23.1
821.13 39.0
822.63 637.9
823.26 10.9
824.66 179.8
825.94 92.7
827.60 93.1
828.44 44.2
830.46 180.0
836.39 85.3
837.33 84.1
842.78 69.1
844.05 93.6
844.97 213.7
852.00 349.2
853.19 47.0
853.87 166.3
857.44 26.8
858.70 60.8
860.70 237.5
862.21 98.3
863.08 102.6
867.04 24.0
867.83 28.4
869.70 42.4
870.34 88.1
871.02 26.5
872.58 57.7
874.84 131.7
875.67 11.4
876.48 35.8
877.52 77.6
878.53 148.3
879.53 281.9
880.65 104.6
881.83 184.8
883.00 74.3
885.37 42.0
888.27 118.6
889.54 80.3
890.36 39.5
892.44 20.3
895.38 9.4
897.48 40.4
898.36 72.6
901.93 44.9
903.46 53.6
905.05 27.2
907.52 9.4
908.65 150.8
909.40 75.9
910.47 30.4
912.35 9.4
913.57 39.2
914.51 10.2
915.51 13.1
916.31 64.4
917.72 821.4
918.56 372.9
920.62 28.9
923.09 24.3
924.03 66.4
924.98 134.6
926.51 1671.1
927.19 1387.8
929.82 49.3
932.60 35.5
933.54 185.8
934.60 165.0
935.74 12.1
936.47 99.8
937.58 7.4
940.17 9.0
944.48 102.9
945.50 96.2
948.60 47.3
949.53 11.5
953.14 66.3
953.84 724.5
954.64 87.3
956.58 53.2
957.83 14.7
961.18 91.7
962.72 19.6
963.62 73.4
967.06 41.3
967.75 18.6
968.52 16.3
969.79 25.1
974.59 19.5
976.40 18.1
977.65 51.0
978.35 18.9
979.69 12.1
980.78 84.7
984.63 65.2
986.13 39.0
989.54 38.0
991.57 181.2
992.46 229.2
993.52 113.0
994.50 168.7
995.14 81.8
996.21 211.2
997.71 62.1
999.51 16.7
1003.32 532.7
1004.28 341.2
1005.07 316.7
1006.00 102.6
1007.54 48.9
1008.80 31.3
1010.09 55.3
1010.77 493.3
1011.52 424.1
1012.44 18.7
1016.43 60.6
1017.73 29.5
1018.66 27.4
1019.80 2540.5
1020.64 263.4
1023.58 7.3
1026.63 24.1
1029.59 34.5
1030.69 35.3
1031.34 7.2
1032.29 41.2
1033.30 68.4
1035.48 136.2
1037.45 7.3
1040.66 27.4
1043.02 55.8
1043.87 46.3
1044.48 69.3
1045.31 13.7
1046.55 75.9
1047.72 371.0
1048.75 251.3
1052.77 205.7
1053.49 10.7
1054.35 11.9
1060.00 60.8
1060.86 214.8
1061.65 9.8
1062.65 21.4
1064.53 9.4
1069.39 581.7
1070.06 21.0
1077.41 16.5
1078.40 10.4
1079.89 53.7
1080.66 25.1
1081.39 22.6
1083.63 32.6
1087.92 83.6
1093.61 18.3
1095.56 14.3
1096.35 102.3
1097.41 44.8
1098.15 23.3
1099.69 13.7
1104.84 15.1
1105.81 11.5
1109.35 35.8
1110.45 62.3
1111.26 10.9
1112.56 14.1
1114.14 7.5
1118.01 9.0
1118.87 52.1
1119.77 19.4
1121.23 162.1
1122.61 177.5
1135.38 24.1
1136.52 18.7
1138.31 13.8
1139.44 27.7
1152.17 78.3
1155.85 20.6
1156.74 20.1
1157.56 27.0
1168.25 67.0
1177.16 21.6
1178.67 24.3
1179.84 24.3
1180.70 15.9
1198.59 7.2
1206.39 12.1
1222.78 20.7
1223.83 20.4
1231.52 13.1
1236.18 101.1
1243.25 30.9
1267.59 10.2
1277.65 8.9
1278.59 37.1
1279.31 19.6
1301.97 18.1
1323.28 22.9
1362.51 11.7
1379.72 13.6
1384.70 18.2
1392.51 27.7
1396.83 9.4
1421.19 22.1
1450.58 70.2
1485.03 49.4
1490.76 20.1
1505.47 12.3
1522.63 27.9
1534.84 32.2
1551.89 18.8
1576.82 14.6
1625.58 12.8
1637.94 9.7
1695.97 12.3
1734.50 9.0
1749.72 15.1
1763.69 33.3
1779.87 20.4
