2477.170509999999 3
240.35 5.7
241.42 3.0
243.25 3.9
250.33 7.3
254.29 9.6
256.29 3.5
260.89 3.6
265.05 3.3
266.25 16.6
267.17 3.4
268.14 19.5
272.26 4.4
273.26 22.9
274.23 15.9
276.34 6.1
281.44 5.6
282.62 8.5
283.29 75.6
284.25 2.0
291.24 208.0
292.12 10.9
301.35 7.3
308.33 15.8
310.31 26.4
311.17 2.3
312.32 2.8
314.21 4.4
315.15 3.4
318.48 8.2
322.01 3.0
324.17 3.8
325.25 8.8
326.24 17.4
326.93 2.7
328.31 3.1
334.32 2.7
336.43 10.3
337.25 15.7
338.25 31.1
340.22 13.4
344.29 3.6
349.21 35.5
351.27 7.8
353.31 77.0
354.37 30.6
355.35 2.6
361.27 7.5
362.30 4.0
365.38 5.5
366.43 4.1
368.33 22.6
369.35 16.5
370.44 8.5
371.33 3.7
373.11 3.0
374.35 9.6
375.20 3.5
377.56 2.9
378.36 5.1
379.24 29.1
381.22 61.1
382.52 13.0
383.44 3.5
384.38 7.9
385.35 3.2
387.06 78.4
389.21 73.6
390.27 8.0
391.04 5.5
396.26 92.5
397.33 22.4
398.41 12.8
400.46 3.8
403.49 4.2
404.32 105.2
405.26 39.1
406.31 11.8
407.31 44.0
408.04 3.2
409.22 11.0
413.07 12.1
413.80 6.5
417.36 9.6
422.56 11.3
423.22 2.9
424.28 4.3
426.18 5.8
428.58 15.5
429.23 5.4
430.37 3.7
432.55 2.8
433.26 2.8
434.14 20.2
436.35 17.8
437.55 7.4
438.35 4.9
439.38 5.9
440.32 8.3
441.33 28.3
446.42 25.1
450.16 4.5
452.35 12.5
455.16 6.9
456.30 8.8
457.47 5.5
458.60 6.8
462.33 35.2
463.47 8.3
464.40 5.3
466.49 2.5
468.25 39.7
469.51 8.9
471.34 14.2
473.25 71.3
474.31 24.2
475.50 10.6
476.41 8.0
477.25 12.8
478.22 7.1
479.37 112.5
480.38 25.8
481.49 5.9
483.30 2.8
489.38 17.6
491.28 3.1
493.50 4.7
494.35 10.5
494.98 2.7
497.39 93.9
498.42 30.2
499.35 38.0
500.62 2.6
502.33 9.3
507.33 9.0
508.18 3.9
509.32 9.7
512.24 37.1
513.43 5.4
514.55 28.9
515.43 12.7
519.40 15.9
521.12 2.9
523.46 3.8
525.24 21.8
526.37 5.8
527.80 2.8
529.46 10.0
530.48 6.1
531.30 8.0
532.31 20.9
533.41 16.0
534.88 5.6
536.35 18.3
537.33 25.2
538.42 19.4
549.04 3.6
551.47 2.1
552.55 6.5
553.66 15.6
554.45 49.3
555.52 13.8
556.45 13.8
558.28 3.1
559.25 9.8
565.29 33.0
566.33 6.0
570.43 29.0
571.66 23.7
572.47 31.3
573.37 8.4
577.99 2.7
579.39 7.4
580.61 19.1
581.58 17.4
583.34 128.7
584.36 32.5
585.29 4.4
586.19 13.9
587.27 4.5
588.21 11.9
589.34 18.6
590.30 22.7
591.14 12.2
592.18 2.5
593.57 5.6
596.71 22.3
598.01 22.0
599.35 2.8
600.50 8.2
601.42 5.5
603.69 12.3
605.27 22.7
606.30 15.5
607.18 9.0
608.58 12.9
609.51 17.1
611.79 6.7
615.26 12.0
617.40 6.0
618.89 4.3
622.85 10.4
623.65 7.7
624.76 13.1
625.38 19.7
626.40 22.3
627.23 12.2
628.46 2.1
629.30 8.0
630.58 3.5
631.77 34.9
633.00 5.1
634.49 22.3
635.21 2.6
636.28 27.7
637.47 20.9
639.03 5.3
640.30 14.9
641.38 15.4
642.39 35.7
643.36 15.7
644.16 25.5
646.67 21.9
647.46 4.0
648.71 3.9
650.30 25.5
651.47 77.4
652.46 40.7
653.52 5.5
655.26 114.9
656.42 34.3
657.11 19.2
658.61 34.7
659.52 15.1
660.38 19.8
661.37 6.1
662.69 18.4
663.53 30.3
664.91 33.7
665.62 16.8
666.49 92.7
668.56 421.3
669.47 493.4
670.47 180.1
671.32 38.8
672.57 5.3
673.39 3.7
674.24 34.0
675.35 5.7
676.10 2.5
677.36 48.9
678.42 24.5
679.36 10.7
681.51 10.1
682.72 55.9
683.93 15.6
684.68 18.8
686.40 2098.4
687.42 615.4
688.37 85.0
689.19 5.3
689.98 7.3
692.26 663.9
693.46 93.7
694.57 58.9
695.80 19.8
696.79 78.0
698.18 85.5
699.43 87.9
700.47 72.5
701.72 20.6
702.35 6.6
703.64 4.0
705.07 32.8
706.39 353.0
707.68 88.3
709.45 24.7
710.58 50.5
711.59 17.2
712.43 105.8
713.44 25.9
714.36 14.1
715.37 86.0
717.26 50.2
718.43 41.0
719.24 27.2
720.48 141.8
721.12 93.1
722.36 16.0
723.50 58.2
724.41 244.6
725.30 18.0
726.17 82.4
727.01 30.3
727.91 220.7
728.64 183.6
730.02 1357.5
731.45 47.7
732.24 26.2
734.09 455.1
735.47 17.1
736.20 14.2
737.39 153.5
738.97 82.8
739.81 255.5
740.69 68.7
741.64 8.2
742.90 110.1
743.53 11.3
745.55 158.6
746.51 50.1
747.77 13.0
748.55 178.5
749.31 143.1
750.67 38.7
751.81 303.5
753.18 133.9
754.02 51.1
754.74 82.8
755.65 35.0
756.46 13.7
757.77 1397.2
758.77 36.7
759.43 76.9
760.11 30.2
761.35 47.9
762.36 128.5
763.71 2876.3
764.93 189.2
765.72 44.7
766.69 36.0
767.73 128.0
768.52 42.1
770.71 380.2
771.79 209.9
772.62 20.5
773.50 58.6
774.58 2.0
775.63 2.5
776.78 1114.7
777.61 41.2
778.60 36.5
779.39 35.9
780.31 30.7
781.10 12.6
782.77 2637.7
783.96 52.2
785.30 68.9
786.67 46.2
788.04 73.8
789.08 28.7
789.86 19.7
790.68 42.3
791.44 142.5
792.52 14.1
793.54 30.0
794.43 30.0
795.56 8.1
796.50 66.2
797.49 262.4
798.51 95.6
800.13 114.2
800.96 25.9
801.57 26.2
803.27 325.8
804.21 36.4
806.16 818.4
807.16 64.8
808.64 686.3
809.46 2289.4
810.47 386.5
811.59 176.6
812.67 144.8
813.51 12.3
815.02 957.4
816.09 16.1
816.84 4.6
837.78 6.6
839.44 11.9
843.53 16.1
844.54 23.6
845.20 9.9
847.55 71.8
849.33 193.2
850.66 44.5
852.33 32.0
853.26 14.9
854.20 40.8
855.62 9.2
856.55 8.2
861.24 281.3
862.19 14.8
865.32 12.4
866.15 1.9
867.65 30.4
873.70 80.8
874.44 20.0
878.77 161.3
879.52 36.7
880.37 9.3
881.71 174.6
882.82 316.3
883.55 66.5
887.73 2268.1
888.53 297.4
889.53 55.7
891.77 12.6
892.77 16.8
894.13 8.3
895.32 63.0
896.77 5972.4
897.54 883.0
898.71 7.2
899.67 18.8
900.40 4.6
902.06 44.0
903.10 22.8
904.19 142.4
905.09 95.4
906.99 5.1
908.74 11.2
909.76 23.0
911.08 6.6
912.09 8.3
912.87 12.2
916.62 49.5
918.71 7.5
919.41 16.4
922.20 12.2
922.97 20.0
924.22 26.3
925.44 118.1
926.15 6.5
926.87 21.4
928.99 9.0
930.65 73.8
931.69 17.1
933.00 39.6
934.21 15.8
936.44 135.1
937.46 43.9
938.38 27.0
939.71 273.0
940.61 96.7
941.65 17.1
942.44 3.8
944.24 6.5
945.33 215.6
946.15 152.1
947.85 319.7
948.76 359.1
949.61 9.0
951.68 34.6
953.82 86.2
954.72 112.7
955.59 22.7
957.45 13.8
958.50 15.5
959.29 13.2
960.87 116.6
963.04 9.1
964.83 69.4
965.69 51.4
966.91 123.6
967.90 10.2
969.64 40.6
972.49 18.7
973.81 262.8
974.66 74.2
975.52 62.1
976.64 7.5
978.71 15.3
979.88 18.9
981.92 30.1
982.99 77.0
984.25 26.2
986.86 12.7
988.25 58.9
989.30 34.3
990.21 9.1
990.97 1.9
993.20 39.7
994.10 33.5
995.75 36.2
997.11 122.6
998.37 55.2
999.21 26.1
1000.65 7.8
1002.35 389.8
1003.07 72.0
1003.96 75.0
1005.37 57.3
1006.10 177.3
1007.07 25.7
1007.87 21.2
1008.63 17.4
1010.22 124.7
1011.20 85.1
1011.98 30.9
1014.15 15.6
1015.22 5.7
1016.00 13.5
1017.05 19.7
1018.83 51.6
1019.68 17.1
1020.32 39.1
1021.26 22.8
1022.11 11.9
1023.46 55.9
1024.30 81.1
1025.06 20.0
1026.17 5.1
1027.01 16.2
1028.52 148.6
1029.24 184.9
1030.21 62.7
1031.32 76.0
1032.01 44.8
1032.80 47.6
1034.12 19.8
1035.26 17.4
1035.94 34.2
1037.83 3277.4
1038.65 571.4
1039.90 62.0
1040.52 325.4
1041.21 353.0
1042.05 6.3
1046.45 41.8
1047.24 24.5
1049.44 783.2
1051.68 58.4
1052.59 24.9
1053.30 26.4
1054.93 4.0
1057.79 17.0
1058.91 127.9
1060.25 50.7
1061.21 62.7
1062.25 12.2
1062.98 11.9
1064.35 11.3
1066.37 61.1
1066.99 14.5
1067.69 22.0
1068.78 7.9
1070.29 23.8
1072.13 70.3
1073.05 67.3
1074.74 44.1
1075.76 24.2
1076.55 37.4
1077.56 11.2
1078.34 24.8
1079.90 180.9
1080.67 367.9
1081.58 18.1
1082.63 4.9
1085.45 400.1
1086.14 300.6
1087.78 29.9
1088.44 195.0
1089.59 98.8
1090.40 32.1
1091.62 19.8
1094.06 2894.2
1094.79 5379.6
1095.99 22.4
1097.39 377.2
1098.18 58.7
1099.21 9.3
1100.25 21.4
1101.24 5.0
1105.86 707.0
1106.70 99.1
1107.94 147.3
1108.74 13.9
1109.80 5.9
1110.76 3.9
1114.01 30.3
1116.50 41.7
1117.25 59.7
1120.18 29.6
1121.07 10.0
1122.80 167.8
1123.87 110.2
1126.51 36.3
1127.40 38.5
1128.35 7.9
1130.03 29.3
1130.83 10.1
1131.78 8.1
1132.71 10.6
1135.12 56.0
1136.02 724.5
1136.76 299.3
1137.95 47.5
1138.88 6.1
1139.81 4.8
1140.86 9.9
1142.02 12.3
1143.81 59.1
1144.90 1212.8
1145.74 283.0
1146.92 219.6
1147.83 11.2
1149.33 4.4
1151.97 163.4
1152.96 99.8
1153.86 2.2
1155.43 279.5
1156.25 77.6
1157.14 18.4
1159.19 11.6
1160.95 10.6
1162.76 3.4
1164.56 361.9
1165.59 32.6
1173.49 1181.0
1174.27 314.7
1175.19 9.1
1179.53 7.6
1181.45 12.2
1182.97 29.6
1183.63 4.7
1188.71 7.5
1189.44 7.5
1191.76 9.8
1192.39 5.1
1193.53 2.0
1195.36 17.7
1196.26 19.2
1197.41 2.5
1202.39 4.8
1210.61 15.4
1221.44 11.7
1226.70 2.6
1228.82 8.7
1230.13 6.8
1232.43 2.2
1236.39 1.9
1239.77 10.7
1241.94 7.9
1246.72 6.0
1248.54 4.1
1249.76 10.7
1253.22 9.4
1260.70 2.1
1268.59 6.6
1271.52 11.4
1274.65 2.3
1280.81 5.3
1282.77 2.9
1285.83 4.3
1288.22 2.9
1295.49 6.5
1305.64 3.5
1308.31 5.8
1313.40 7.9
1315.89 2.7
1317.28 6.0
1319.71 17.0
1320.75 7.5
1321.88 3.5
1323.70 2.8
1325.48 3.6
1332.66 5.7
1333.93 3.7
1334.56 2.4
1335.51 2.0
1337.45 2.8
1343.87 6.0
1351.75 2.7
1363.58 13.6
1367.69 2.7
1368.87 3.5
1369.76 2.7
1371.73 3.7
1377.83 6.9
1381.51 9.5
1385.85 8.9
1386.74 18.1
1388.79 3.5
1393.66 5.4
1403.88 17.0
1404.75 23.8
1408.13 6.7
1411.63 2.7
1412.67 2.1
1420.96 3.8
1423.07 7.8
1429.00 4.9
1433.86 2.8
1438.78 5.4
1445.95 3.0
1448.80 5.7
1454.21 5.4
1454.95 8.2
1456.97 4.8
1461.25 2.0
1467.10 8.4
1472.01 4.3
1475.02 7.4
1476.86 4.3
1483.66 2.8
1487.21 4.8
1489.12 3.4
1490.91 2.1
1491.75 10.5
1492.94 9.1
1497.75 2.4
1503.85 6.5
1508.34 9.3
1522.07 4.2
1523.67 5.0
1524.87 4.2
1530.09 8.2
1536.97 2.1
1539.85 4.8
1540.90 5.9
1566.14 6.0
1572.89 7.0
1581.99 4.2
1584.16 7.1
1585.68 6.1
1588.19 6.8
1591.52 4.6
1600.90 9.0
1601.92 14.2
1604.91 5.0
1605.72 11.4
1608.96 10.5
1611.28 12.0
1617.72 63.6
1618.77 34.8
1624.37 4.7
1626.14 4.5
1628.29 5.7
1635.64 13.3
1636.70 6.5
1650.93 2.1
1668.28 12.0
1692.83 2.9
1696.99 11.5
1704.25 3.3
1707.17 3.8
1715.19 12.8
1717.08 9.1
1722.71 3.7
1726.01 3.7
1739.23 3.8
1747.98 3.8
1753.20 9.7
1769.73 7.1
1772.07 2.4
1774.10 19.6
1774.99 10.8
1781.10 8.8
1782.69 5.0
1792.22 6.6
1793.09 8.2
1794.03 21.4
1798.58 5.2
1799.34 6.7
1806.77 14.5
1818.14 3.7
1829.62 3.9
1881.90 10.9
1900.00 4.2
1901.24 5.9
1930.23 4.6
1957.93 12.4
1984.54 9.4
1997.28 7.3
