759.31297 2
111.24 1.4
116.95 1.6
120.15 16.5
122.28 3.6
124.08 2.1
125.23 1.5
127.50 1.8
128.99 2.6
130.23 7.1
132.20 6.2
133.14 9.5
134.21 4.4
135.19 10.6
136.20 9.6
137.14 2.0
138.18 4.3
139.21 1.5
141.17 11.8
143.42 1.5
146.15 1.2
148.24 13.0
155.34 8.8
157.14 1.2
159.23 4.4
165.23 6.5
167.11 53.2
168.11 1.1
169.02 31.6
173.31 11.4
175.31 4.6
177.22 1.7
179.11 2.2
182.33 1.0
184.28 7.8
185.24 1.3
186.87 1.3
191.18 3.1
193.27 20.8
196.32 3.1
197.25 3.3
198.27 6.0
199.74 3.5
201.33 3.1
202.04 7.9
204.16 3.7
205.12 4.9
207.08 3.5
209.21 18.5
210.24 15.1
210.96 3.1
212.14 21.4
213.48 1.0
214.99 4.4
216.11 3.7
218.18 22.9
219.34 33.4
220.22 13.3
221.00 2.2
222.85 5.6
224.39 2.3
225.15 3.2
226.16 75.6
227.15 15.3
227.78 6.9
231.24 9.7
232.18 1.5
233.04 13.3
234.11 5.0
236.25 10.6
237.16 35.1
238.23 42.9
239.76 22.2
240.87 28.4
241.58 3.7
242.43 7.4
243.40 14.5
244.41 7.1
245.27 17.5
246.57 12.2
248.65 267.1
250.17 21.9
251.15 2.1
252.14 21.4
254.20 2067.9
255.28 131.3
256.32 5.0
258.15 7.4
259.32 1.6
260.14 13.7
262.16 180.6
263.31 6.3
265.57 16.6
266.27 77.4
267.36 43.8
268.64 45.2
269.46 11.4
270.31 84.2
271.18 844.1
272.31 29.2
274.34 20.4
275.84 2218.4
276.73 71.5
277.38 55.0
279.04 30.5
280.07 12.8
280.89 5.4
281.64 5.2
282.27 2.9
283.22 17.5
284.36 5.6
285.51 2.7
286.11 3.6
287.53 12.2
289.27 416.4
290.31 10.8
291.21 15.3
292.20 133.5
293.11 96.3
293.93 20.8
295.48 31.7
296.30 18.3
298.12 1535.8
298.73 203.3
300.64 274.0
301.39 21.2
305.00 5.5
305.95 20.6
307.30 46.9
308.49 7.0
309.31 15.1
310.22 4.6
311.22 13.8
311.99 4.3
313.51 18.7
314.94 132.1
316.07 18.3
317.04 13.9
317.85 54.0
318.68 2.0
319.38 5.3
320.20 1.5
321.23 24.6
322.89 359.7
323.80 12.6
325.06 1.3
326.30 359.4
327.20 20.6
328.58 115.9
329.26 56.7
330.30 2.2
330.91 3.9
332.26 6.9
333.39 5.0
334.22 10.8
335.35 95.2
336.31 765.3
337.22 57.2
337.95 4.0
338.64 2.0
339.31 10.0
340.94 9.0
342.27 12.0
343.90 49.0
345.22 4.1
346.11 8.7
347.27 8.6
349.08 142.7
350.09 63.1
351.15 177.8
352.33 31.4
353.61 7.1
354.22 9.0
355.18 5.9
357.77 1344.4
358.74 14.0
359.35 4.6
360.20 1.3
361.52 20.1
362.65 77.8
363.27 73.4
364.88 13.6
365.65 60.9
366.33 15.6
367.09 1.2
368.01 25.9
369.25 2.5
370.59 216.9
371.34 640.9
372.34 8.7
373.33 13.3
375.44 4.7
377.93 2.1
379.42 4.7
390.19 3.7
391.28 21.0
392.35 1.6
395.35 2.9
396.00 8.4
397.32 2.9
400.96 2.4
402.39 4.3
404.36 1.8
408.11 1.9
409.21 2.1
409.92 2.5
411.21 8.0
418.40 4.4
419.45 3.0
421.54 12.3
422.40 4.5
424.19 18.8
427.60 6.6
429.57 6.3
432.41 3.0
433.18 1.5
434.20 7.9
435.34 6.2
437.17 2.5
438.18 1.8
439.19 22.8
439.89 5.7
442.06 10.8
443.32 5.4
444.41 27.2
445.34 3.6
449.49 6.2
450.66 2.6
452.04 4.2
453.04 9.6
453.87 2.9
454.47 4.4
458.25 1.1
462.20 5.3
462.88 8.4
464.29 9.6
466.48 3.4
469.46 1.1
470.51 19.0
472.32 2.1
473.31 4.2
476.10 2.8
478.18 1.5
479.65 8.5
480.32 38.9
481.32 6.3
481.97 1.1
483.84 5.9
484.45 2.1
485.63 12.8
487.19 85.4
488.18 552.5
489.18 2710.4
490.32 63.5
491.72 6.5
492.52 1.3
493.65 2.4
495.27 21.3
496.40 17.1
497.77 15.9
498.45 75.0
499.41 4.1
500.34 18.0
501.29 6.7
502.19 7.7
502.84 3.6
504.29 7.3
505.54 33.6
506.67 4.4
508.18 10.9
509.31 1.5
513.19 4.3
514.18 3.0
517.31 7.9
521.16 8.2
523.41 2.7
525.66 4.0
527.22 8.6
528.41 3.6
531.18 7.4
534.40 1.9
536.39 2.0
537.40 1.5
538.26 12.2
539.80 1.5
541.35 9.4
542.53 2.3
543.24 5.9
545.10 1.7
546.37 4.5
550.86 11.7
551.59 7.0
553.30 3.6
555.51 10.4
556.12 1.3
557.22 8.1
561.21 8.3
567.65 5.9
569.15 3.7
572.26 13.9
573.08 8.0
577.83 3.9
578.65 1.8
580.49 3.9
581.45 5.8
583.27 19.1
584.19 6.5
585.21 17.2
586.11 1.1
587.14 6.3
587.82 3.2
590.33 7.1
591.35 103.3
592.37 103.2
593.52 3.2
594.21 2.2
595.29 76.9
596.44 20.1
598.39 6.1
599.28 1.3
600.24 11.6
601.46 3.4
602.75 8.0
607.57 7.5
611.24 1.3
612.44 8.3
613.14 2.6
614.82 7.3
615.47 17.2
616.17 5.1
625.21 29.9
626.58 12.8
627.33 5.9
628.32 16.5
629.31 6.9
630.48 3.2
637.98 1.1
644.28 4.7
645.38 17.3
646.25 2.7
655.08 4.7
656.71 4.7
657.48 4.5
659.05 12.9
660.24 9.2
661.44 12.4
662.54 27.6
670.33 3.8
671.18 6.0
672.42 6.8
673.30 2.4
684.28 2.1
701.33 4.2
702.33 3.0
714.28 5.0
735.51 1.8
736.28 13.1
737.46 1.8
