1180.53423 2
169.00 4.4
171.34 3.9
171.96 3.2
173.06 10.5
175.15 115.5
175.97 3.2
180.26 10.8
181.16 4.1
182.21 30.2
183.88 2.1
185.11 27.8
187.24 13.6
188.89 2.0
190.20 36.3
191.38 4.1
192.08 3.6
193.41 4.8
194.10 7.6
195.19 6.8
196.28 10.5
197.39 19.9
198.35 17.6
199.09 1.7
200.14 9.5
201.29 4.5
202.15 15.7
203.16 26.7
205.00 3.7
206.02 6.7
208.35 1.9
209.31 5.1
210.22 70.0
211.18 6.1
212.14 50.3
213.19 22.4
214.14 30.6
215.14 12.6
216.33 2.5
221.19 9.9
221.95 12.6
223.17 6.6
226.04 20.0
228.16 539.0
229.18 20.9
230.17 26.7
231.15 9.9
232.16 18.6
236.02 7.4
237.45 11.8
238.32 3.3
239.98 11.9
241.25 17.3
242.09 10.8
244.23 15.5
245.33 13.2
246.23 3.2
247.28 4.5
249.29 17.5
252.03 2.0
253.40 18.6
254.30 109.5
255.26 2.4
256.33 21.4
257.12 1.9
258.08 33.4
259.63 9.2
260.38 7.3
262.21 49.3
263.30 6.4
265.33 2.4
266.22 8.3
267.25 9.9
268.33 4.9
269.45 5.0
270.20 6.2
271.28 23.1
272.23 1.7
273.13 19.2
274.25 24.4
276.26 326.5
277.47 3.7
278.16 10.4
280.20 12.1
281.13 23.7
282.15 18.1
283.24 29.2
284.29 8.4
285.09 7.2
286.40 3.2
288.34 5.5
289.28 2.3
291.22 202.0
292.21 22.8
293.23 73.3
294.25 4.3
296.11 6.7
297.62 6.4
298.27 12.6
299.33 11.9
300.14 10.2
301.35 17.5
303.25 17.3
304.39 3.4
306.36 5.2
307.43 10.1
308.06 2.2
309.32 3.1
310.27 5.7
311.23 17.5
312.66 16.4
313.32 4.5
314.19 6.0
315.22 6.9
316.21 7.5
317.28 4.6
318.26 7.9
319.17 7.8
320.12 5.4
322.16 8.4
322.92 2.1
324.18 7.0
325.14 24.2
326.18 13.0
326.99 6.3
327.70 2.2
329.16 17.4
331.13 28.3
332.02 5.9
332.99 7.2
336.16 2.6
337.22 62.1
338.15 3.1
340.30 18.0
341.26 6.8
342.17 11.9
343.37 13.4
345.29 5.0
346.19 5.8
348.13 11.7
349.12 1.9
350.41 6.8
352.06 25.2
354.37 49.0
356.11 7.6
357.56 9.8
359.27 100.8
360.40 14.9
363.28 4.4
364.26 18.7
365.38 68.7
366.46 5.1
367.33 10.8
368.05 2.8
368.66 2.7
370.00 22.9
371.46 17.2
372.18 4.1
375.38 11.7
377.27 4.7
378.32 4.1
380.26 5.1
381.65 22.0
382.31 122.7
383.26 18.0
384.42 10.9
385.18 11.7
386.18 25.6
387.39 25.4
388.85 152.9
389.48 227.9
390.51 15.1
391.63 4.4
392.42 27.5
394.29 20.4
396.07 6.1
397.44 18.7
398.25 11.4
399.33 7.4
401.50 5.2
403.25 13.7
404.30 108.4
405.69 13.3
406.78 15.8
408.06 7.3
408.79 18.5
409.57 34.3
410.32 180.9
411.48 3.5
412.49 12.7
413.94 3.8
415.97 20.9
416.88 13.3
417.79 29.2
419.24 11.4
420.53 8.9
421.71 55.1
422.65 38.9
423.36 15.4
424.39 15.8
425.62 29.5
426.47 18.5
427.36 4.0
428.40 70.5
429.31 13.7
430.50 22.0
431.81 27.5
432.76 45.8
435.30 109.7
436.76 50.5
437.46 23.7
439.13 29.5
440.53 40.7
441.69 40.4
442.37 17.1
443.37 16.7
444.50 23.5
445.49 252.4
446.80 44.7
447.90 42.8
448.79 7.2
450.46 28.1
451.32 13.3
452.04 44.7
453.07 55.0
454.11 29.6
455.55 23.7
456.49 18.8
457.28 45.7
458.61 74.6
459.33 48.6
460.35 12.2
461.17 15.4
462.16 45.5
463.20 16.9
464.29 7.8
465.19 23.2
466.45 93.2
467.16 78.0
468.30 75.1
468.95 24.4
470.07 9.5
470.83 13.1
472.11 4.5
473.34 25.9
473.99 39.0
475.12 74.5
476.19 105.9
477.39 117.1
478.57 38.1
479.55 21.7
480.60 25.7
481.60 52.0
482.36 24.5
483.29 77.8
484.29 45.5
484.95 7.5
486.07 44.9
487.16 250.6
488.11 92.7
488.85 81.2
490.20 57.3
490.99 18.3
492.20 25.0
493.65 185.8
494.33 570.4
495.66 495.6
496.46 336.0
497.58 64.6
498.37 6.4
499.76 69.4
500.54 27.0
501.18 71.5
502.01 254.5
502.78 128.2
503.71 126.6
504.50 27.1
505.34 27.1
506.15 76.1
507.00 68.3
508.19 14.4
508.93 139.0
509.85 10.6
510.93 481.3
511.93 201.8
512.81 16.9
513.55 54.7
515.23 618.9
515.87 315.2
516.75 20.8
517.76 478.5
519.31 14.8
519.96 152.4
520.96 9.2
521.98 68.2
523.63 148.5
524.47 388.0
525.46 70.3
526.26 25.1
527.01 80.2
528.40 120.5
529.52 87.6
530.64 28.1
531.58 60.5
532.64 115.8
533.58 56.5
534.35 26.3
536.19 60.0
537.40 301.5
538.40 169.5
540.39 68.1
541.49 90.3
542.34 62.6
543.40 44.6
544.41 5.3
545.64 69.1
546.39 853.4
547.27 281.7
548.41 33.5
549.16 11.6
550.34 146.4
551.17 179.9
552.39 458.0
553.15 62.9
555.15 549.0
555.80 21.1
556.51 35.2
557.73 32.2
558.75 288.7
559.58 310.7
560.66 195.1
561.48 100.4
562.38 43.3
564.00 746.6
565.01 26.0
566.99 31.8
568.06 585.5
568.87 75.1
569.50 20.3
570.18 45.6
573.05 5817.0
574.26 375.8
575.14 17.6
576.78 688.0
577.77 11.1
579.44 12.2
580.11 1.8
581.88 11723.9
582.98 100.4
584.38 3.3
585.48 13.1
586.78 2.3
594.93 3.8
598.35 2.3
600.20 4.1
603.44 11.5
605.03 6.0
606.56 9.0
614.38 3.8
615.13 6.1
616.19 7.0
617.25 3.6
618.26 12.6
619.09 4.0
621.33 33.1
622.35 7.5
624.01 6.5
624.72 2.6
627.89 10.5
628.71 12.6
629.47 2.9
632.47 2.0
634.27 9.2
635.12 61.4
635.72 37.5
636.51 26.7
639.39 26.1
640.66 3.3
641.41 4.6
644.73 23.8
645.58 14.3
648.39 27.2
649.54 1.6
650.23 10.5
651.54 5.1
652.36 7.9
653.43 69.2
654.40 4.1
656.30 3.4
660.01 4.3
662.42 10.5
663.31 15.3
664.58 23.6
665.57 5.5
668.31 20.0
669.53 62.0
670.46 26.0
671.24 9.7
672.30 5.0
673.73 14.3
674.78 13.9
675.55 1.6
676.30 6.3
677.32 23.3
680.35 33.4
682.86 10.6
684.36 18.4
685.37 17.5
686.38 518.9
687.35 196.8
688.02 30.5
688.85 4.6
690.54 7.5
691.29 25.8
692.82 17.1
693.47 21.2
694.57 7.9
695.26 7.0
696.59 10.3
700.06 25.6
701.34 27.5
703.31 16.2
704.61 40.8
705.33 8.2
706.41 10.8
707.48 5.8
709.46 2.1
710.43 3.8
711.45 3.7
713.00 5.2
715.10 2.6
716.42 7.8
717.48 10.3
718.35 5.6
719.08 51.8
720.22 6.5
721.48 18.3
722.49 7.5
723.25 6.1
724.64 55.3
727.51 3.1
728.25 2.3
729.32 18.5
731.05 1.7
733.35 28.5
735.47 25.3
736.49 18.2
737.84 40.0
739.06 22.6
740.27 11.8
742.74 26.7
743.71 4.5
744.47 12.7
745.55 11.0
746.58 3.9
747.59 20.6
748.49 7.7
749.13 3.8
750.13 5.9
750.91 6.3
751.55 65.0
752.41 3.7
753.33 4.4
754.42 35.9
755.69 30.7
756.32 26.5
757.13 42.6
758.36 16.1
759.67 3.0
761.47 30.7
762.45 24.6
764.26 19.4
765.05 17.4
765.84 3.3
768.16 5.8
769.02 1.7
769.70 8.4
770.50 7.7
771.71 18.6
772.78 1.7
774.26 109.4
775.43 30.0
776.47 198.3
777.40 188.4
778.17 31.4
779.55 33.0
780.49 12.4
781.29 3.3
784.93 8.6
785.80 20.2
786.83 7.9
791.14 23.6
792.26 94.1
793.26 88.3
794.50 19.7
795.34 34.3
796.48 7.8
798.29 9.0
799.44 5.7
800.43 6.0
801.06 4.0
801.74 10.8
803.57 18.8
804.46 3.8
805.46 6.6
806.35 30.3
807.51 38.7
808.43 35.9
809.55 54.5
810.58 12.3
811.36 111.1
812.37 11.8
812.98 3.3
813.62 16.7
814.65 6.7
815.87 3.8
816.51 4.5
817.34 3.6
818.91 41.6
820.07 30.2
821.83 9.7
822.50 21.6
825.64 25.7
826.45 9.1
828.35 19.2
829.27 10.5
830.06 14.6
831.52 12.3
832.31 16.6
833.82 3.3
834.65 2.9
836.92 15.6
838.63 6.9
839.87 4.2
842.54 18.9
843.50 9.7
844.44 12.5
845.67 2.5
846.42 12.5
848.49 51.1
849.43 26.4
850.83 11.2
852.42 6.2
853.48 2.8
855.68 1.9
859.09 13.9
860.39 14.3
862.34 35.5
863.49 8.7
864.47 87.3
865.36 34.1
866.55 4.1
869.40 10.7
870.64 11.3
872.71 7.2
874.34 12.2
875.49 5.4
876.66 16.2
877.56 41.0
878.39 4.7
879.54 4.5
880.51 80.5
881.41 17.7
882.45 88.0
883.25 2.1
884.83 3.9
886.04 9.7
887.33 175.9
888.36 34.0
889.49 617.7
890.58 321.3
891.56 25.2
893.51 72.8
894.30 20.3
896.48 15.7
898.35 2.0
899.10 6.4
900.91 9.0
901.69 4.1
902.48 6.1
905.41 116.4
906.55 33.8
907.53 4.1
909.33 15.0
910.42 46.2
911.22 2.2
913.46 7.8
915.36 10.1
917.07 19.7
917.94 27.5
918.97 21.9
919.72 26.8
920.72 10.3
921.61 14.9
922.81 10.3
923.48 9.5
924.37 9.2
925.34 1.9
926.80 3.8
927.86 2.6
929.59 2.7
930.47 7.6
931.32 3.3
932.45 23.3
933.26 29.4
933.90 16.3
935.42 171.0
936.53 42.6
937.33 2.7
940.32 4.3
941.95 2.3
944.36 14.0
945.51 9.3
949.18 46.8
950.38 135.2
951.50 128.7
953.43 941.7
954.59 97.3
957.58 6.4
959.73 3.4
961.14 20.0
962.63 10.1
963.59 9.9
964.62 9.2
965.49 6.8
967.46 52.8
968.87 19.0
970.42 108.7
971.50 26.2
972.86 18.6
973.82 11.3
975.93 15.3
977.40 12.9
978.56 24.2
980.52 3.1
981.40 8.5
984.62 7.7
986.53 7.4
988.40 339.4
989.47 90.9
990.45 143.4
991.52 121.8
992.52 24.3
993.71 11.3
999.93 6.9
1002.61 8.6
1003.57 15.3
1004.45 52.1
1005.38 5.5
1006.47 145.4
1007.38 37.7
1008.53 7.4
1012.47 4.5
1015.27 4.0
1016.01 10.6
1018.30 4.6
1020.30 28.6
1021.89 11.9
1022.57 50.2
1023.51 16.6
1024.37 11.8
1025.63 7.1
1027.46 2.3
1028.52 4.4
1031.31 10.7
1033.30 4.6
1034.28 23.0
1035.13 8.0
1035.82 6.3
1038.61 88.9
1039.62 17.3
1042.26 2.0
1043.27 3.1
1046.00 13.1
1047.54 82.0
1048.50 65.8
1049.12 1.8
1051.62 5.3
1057.55 4.4
1061.93 5.5
1074.59 12.6
1076.60 3.0
1078.54 7.2
1079.73 4.8
1080.54 4.5
1089.70 2.2
1091.62 3.8
1094.07 1.8
1096.64 10.0
1103.63 8.3
1109.57 12.4
1121.62 5.9
1140.64 11.0
1141.75 8.6
1142.69 4.0
1146.77 3.9
1157.69 6.9
