1099.68537 3
107.92 2.3
110.19 3.8
111.22 1.8
112.36 11.7
114.24 2.5
115.30 3.7
116.16 2.9
122.25 2.6
123.03 6.4
125.23 8.8
126.28 3.4
127.11 14.7
130.05 3.9
132.18 2.9
133.05 13.7
136.23 7.5
137.36 10.9
138.22 84.2
139.08 41.9
143.18 310.8
144.19 21.4
153.26 2.8
155.24 63.7
156.16 18.4
157.16 23.8
158.23 5.6
162.20 6.6
164.18 3.0
165.06 12.7
165.91 3.6
169.32 11.5
171.15 569.6
172.13 38.2
173.11 104.9
174.20 14.8
175.23 15.5
176.00 6.4
182.11 38.5
183.25 55.6
184.49 10.2
185.16 52.9
186.15 3.2
189.18 2.4
193.76 8.0
197.50 3.9
200.26 1.7
201.20 52.7
202.13 4.3
203.25 4.8
206.11 1.8
207.27 34.8
208.22 28.7
210.14 2.7
211.31 11.5
212.23 3.3
213.58 9.2
215.94 1.7
217.01 9.6
219.16 27.2
221.11 1.9
223.20 2.5
224.21 11.2
225.19 2.1
226.11 10.7
227.21 26.3
227.97 6.5
229.22 2.4
230.21 7.3
231.90 10.1
232.52 2.6
233.33 7.7
234.50 10.1
235.20 45.2
236.26 45.8
238.39 2.8
240.64 5.3
241.30 19.6
242.04 4.7
248.63 6.2
249.73 21.6
250.37 3.2
251.74 15.1
252.36 6.4
253.24 57.6
254.17 110.6
254.97 1.7
257.01 15.6
257.96 6.6
262.17 203.8
263.33 12.3
264.18 3.7
265.20 169.4
266.16 14.5
267.50 55.1
270.06 4.4
271.44 8.9
272.20 100.7
273.15 25.5
274.01 5.2
276.31 18.8
276.99 59.2
278.33 2.2
279.02 3.8
280.42 14.1
282.34 13.5
283.17 8.9
284.45 14.3
285.23 4.6
286.20 19.4
288.02 8.0
289.02 9.7
290.46 29.1
291.31 3.1
292.67 15.9
293.48 7.8
295.56 3.5
296.33 13.0
297.24 16.6
298.64 32.0
299.42 26.4
300.64 3.8
301.29 4.4
303.22 13.5
304.66 7358.0
305.62 91.8
306.82 20.5
307.89 24.4
309.03 66.1
309.93 19.9
310.58 200.1
311.42 24.5
312.84 2.9
313.92 33.1
314.88 14.5
315.72 2.4
317.67 35.2
318.79 14.3
320.29 32.1
321.18 14.2
322.14 203.0
323.58 136.4
324.31 9.5
325.32 110.0
326.26 67.4
328.35 1561.0
329.39 11.4
331.11 89.1
332.04 30.0
333.63 27.7
334.38 46.1
335.74 1.8
336.70 159.1
337.70 36.4
338.30 14.4
339.29 81.1
340.36 30.1
340.96 53.1
341.59 17.6
342.60 82.7
343.31 37.1
344.40 14.6
345.68 593.1
347.04 5245.5
348.44 111.8
349.33 396.4
350.22 60.2
351.35 117.7
352.82 536.4
353.62 4.3
354.26 40.0
355.51 371.6
356.33 9.7
358.10 437.6
358.75 243.5
359.36 38.8
360.00 4.4
360.68 19.9
361.45 35.5
371.30 3.1
374.26 11.6
377.43 41.7
378.55 8.4
379.42 2.2
380.46 9.1
381.53 6.5
383.62 13.4
385.42 9.9
387.24 9.6
388.77 7.8
391.40 15.0
392.82 7.0
394.43 2.2
395.62 7.7
396.28 11.1
397.66 5.8
399.37 5.7
400.54 6.1
401.45 9.2
402.12 16.1
403.30 4.2
404.96 6.7
405.70 32.9
407.00 16.6
407.95 112.6
408.69 7.0
410.62 71.8
411.43 22.8
413.15 6.8
414.85 835.0
415.47 261.6
419.65 154.4
420.49 126.3
421.31 5.4
425.47 9.8
426.47 9.3
427.93 53.7
428.79 8.2
429.49 8.9
430.13 7.2
432.28 19.4
432.95 14.7
433.58 7.7
434.78 254.9
435.40 90.7
436.32 13.0
437.31 14.6
438.30 8.6
440.33 37.0
441.65 98.6
443.92 5.1
445.15 17.2
446.22 11.6
448.49 33.4
449.44 22.2
450.24 7.8
451.15 18.3
453.02 5.8
454.43 73.9
455.45 26.4
456.50 275.1
458.53 1512.6
459.38 37.6
460.51 1.6
461.51 55.6
462.57 15.3
463.30 16.2
464.31 16.7
465.51 9587.3
466.41 30.9
467.55 21.8
468.69 23.6
469.44 20.4
470.30 312.7
470.94 133.5
471.66 21.3
472.41 38.1
473.44 8.2
474.57 12.9
475.43 8.2
476.37 30.1
477.49 24.7
479.36 14.9
483.55 130.3
485.01 1078.8
485.90 63.8
487.04 28.8
488.52 18.3
489.91 10.3
490.68 3.3
492.01 6825.2
493.02 15.3
494.01 3412.9
494.96 83.1
495.95 2.6
497.06 58.7
498.59 56.8
499.35 57.2
501.05 1563.6
501.94 12.8
502.77 2.2
503.81 4.1
506.35 45.5
508.22 27.5
509.78 2.7
512.47 29.6
513.25 14.9
515.43 19.1
516.35 4.4
519.90 194.0
520.58 72.2
521.28 5.0
523.18 1.7
527.26 2.2
529.41 264.8
530.47 34.5
531.38 9.9
532.45 14.8
533.90 32.1
534.52 3.1
535.20 2.4
539.38 3.5
542.04 9.1
543.07 3.2
544.56 2.0
546.11 1.6
548.61 4.9
551.26 14.5
552.39 68.6
553.44 14.5
558.31 2.1
562.58 1.6
565.28 2.3
567.20 4.8
569.09 7.3
570.35 4.4
571.10 2.4
573.37 10.3
583.40 1.6
588.49 5.6
593.26 13.1
600.62 2.5
602.16 20.5
606.60 8.8
618.61 4.4
620.24 7.1
621.18 3.3
625.81 8.6
628.50 5.3
629.55 5.2
632.93 2.6
634.37 5.8
635.35 2.5
636.00 2.0
638.44 14.1
639.18 3.2
642.59 7.4
643.44 7.1
656.50 6.7
659.90 15.5
667.49 5.9
672.52 8.4
675.43 2.4
676.90 3.0
679.46 4.0
681.71 4.9
685.65 8.0
686.29 4.2
694.55 6.7
695.38 2.0
698.42 4.5
699.56 4.7
712.65 20.6
713.77 6.6
724.41 2.4
729.47 36.9
730.64 27.2
741.56 4.6
746.01 5.0
760.50 7.1
774.72 3.0
784.45 5.7
808.49 2.5
812.34 6.6
813.44 2.0
814.52 3.0
828.54 2.4
853.86 5.6
855.21 5.5
