2238.95732 2
320.26 2.9
328.17 1.5
329.52 4.0
330.21 1.2
334.32 1.5
336.46 2.4
338.19 1.5
339.97 1.2
349.32 8.3
351.13 1.9
352.52 2.1
353.30 3.7
360.16 1.4
367.66 2.8
368.26 1.9
377.07 5.3
379.17 3.9
381.18 9.4
385.58 2.8
387.27 2.3
391.30 1.5
396.40 35.3
397.17 8.3
399.26 3.1
403.16 1.2
404.35 22.9
408.21 1.9
412.37 5.9
413.93 2.5
414.54 1.5
424.12 2.8
425.30 4.7
429.53 1.3
430.51 4.6
434.34 12.5
436.58 5.0
437.45 1.8
439.26 7.0
446.15 2.0
448.38 3.3
450.34 5.2
454.22 2.3
455.07 1.9
457.15 2.2
460.28 1.7
461.44 1.5
462.11 1.4
464.65 1.3
466.23 1.3
467.17 7.2
468.44 5.6
469.50 1.5
474.97 5.8
476.41 2.3
478.29 3.3
479.43 20.4
480.42 6.8
489.10 5.3
491.63 3.0
494.27 3.6
497.23 28.0
499.37 1.7
505.52 6.6
507.54 1.1
509.26 7.4
510.33 3.6
511.15 5.0
512.43 11.0
514.70 9.7
515.48 6.1
516.36 1.7
519.35 12.7
521.50 2.7
523.17 2.9
524.35 3.7
525.06 3.5
526.29 1.0
527.34 1.2
528.31 5.4
531.73 1.9
532.47 3.5
533.39 6.3
534.48 10.0
536.53 16.0
537.39 16.1
538.24 5.5
539.27 6.1
541.55 1.7
542.28 5.5
544.19 2.3
548.41 2.6
551.58 10.0
554.32 20.8
555.59 1.4
557.39 2.0
558.20 1.8
559.51 3.0
570.45 2.0
573.29 7.1
574.26 1.2
576.35 1.8
581.55 4.6
583.41 27.9
584.39 7.0
588.85 7.1
590.51 2.3
592.52 4.4
593.16 1.1
595.32 2.5
598.13 1.8
599.18 4.8
602.37 1.4
603.85 3.1
604.66 2.9
606.67 4.3
607.50 1.2
611.46 1.5
613.44 1.6
614.45 1.2
618.77 4.1
620.30 2.4
623.09 2.3
624.44 12.1
628.65 8.2
630.62 8.4
633.38 5.4
634.32 4.0
635.28 6.7
637.51 2.0
638.39 3.5
641.21 5.0
642.42 7.3
644.14 1.6
647.20 4.7
648.41 9.4
650.37 10.1
651.39 28.8
652.37 20.6
653.86 2.8
660.28 9.8
662.27 6.0
664.08 5.1
664.74 2.3
665.42 3.8
666.41 9.7
667.74 17.8
668.38 82.3
669.34 161.6
670.44 20.9
673.56 3.1
677.10 3.5
679.27 6.0
680.38 1.8
682.73 1.6
684.46 1.7
686.38 1254.4
687.45 122.0
688.55 3.4
690.27 2.5
691.41 4.5
694.36 3.4
697.34 6.6
698.66 7.6
700.30 1.4
708.32 3.9
709.31 3.6
717.42 2.0
719.45 3.9
720.60 1.3
721.29 4.6
724.61 1.7
725.65 2.3
729.38 8.5
730.82 2.7
733.57 1.4
734.51 6.0
739.30 15.3
740.40 5.1
741.56 9.2
745.26 3.1
747.56 7.1
748.34 4.9
750.78 2.5
751.60 4.3
754.34 2.4
755.63 2.0
756.38 1.0
757.30 4.8
760.12 1.5
761.87 11.6
763.39 2.7
764.57 1.4
765.62 6.8
769.19 4.1
772.21 3.0
774.77 5.4
775.67 2.4
776.54 5.2
777.53 4.0
779.26 9.6
780.61 7.7
783.59 4.6
789.37 1.1
790.58 4.6
792.53 2.8
793.47 17.1
794.65 2.3
795.39 2.8
796.20 3.3
797.45 8.0
798.52 4.4
799.36 3.1
801.09 1.6
802.64 2.4
803.45 1.3
807.09 10.6
808.39 6.3
810.50 5.6
813.08 4.4
814.54 2.8
815.60 12.0
818.56 4.8
819.43 4.8
820.64 3.7
821.40 9.3
826.00 18.7
828.72 1.5
831.47 9.4
832.56 28.4
833.46 2.5
834.31 1.8
837.49 4.5
840.51 6.1
845.47 5.0
848.02 5.8
849.44 310.3
850.55 40.5
852.36 3.3
854.74 1.5
856.49 5.2
857.96 15.0
858.99 14.4
860.47 15.0
861.22 2.5
862.28 1.7
863.05 2.4
863.75 2.0
865.87 1.1
872.06 4.5
873.49 15.5
875.49 11.6
876.51 5.8
878.50 28.7
879.27 2.5
880.89 11.9
882.57 7.6
883.40 5.6
884.35 7.7
887.39 2.7
888.65 4.5
890.34 5.8
891.22 8.4
892.07 6.6
893.86 6.5
894.64 5.1
895.64 3.4
898.14 13.5
898.96 3.4
900.59 3.3
901.40 7.2
902.92 9.6
903.59 3.3
906.73 19.3
907.45 5.1
908.12 1.2
909.83 5.2
913.31 2.5
916.56 2.9
918.68 14.5
920.06 10.6
921.27 2.8
923.15 4.0
924.95 9.0
926.96 5.4
927.84 2.5
930.94 5.2
931.58 5.4
932.34 5.6
933.84 18.4
934.76 4.8
936.42 78.6
937.12 2.4
939.44 41.3
940.68 8.8
943.31 6.3
945.49 3.6
947.62 6.7
948.42 5.8
949.07 1.4
950.20 1.3
952.15 13.5
952.85 2.1
954.69 5.5
956.89 34.2
957.65 12.9
958.60 5.2
960.66 2.6
961.64 10.2
963.63 2.8
965.98 105.0
966.66 48.7
967.67 22.5
968.55 1.1
969.41 4.5
970.42 20.1
971.38 12.4
972.71 6.1
973.72 13.4
974.94 126.2
975.64 66.4
976.48 5.0
977.51 10.2
978.58 2.4
979.59 15.3
981.06 1.3
982.92 7.4
983.55 3.8
984.99 2.6
985.59 1.3
986.31 4.1
987.76 20.9
988.65 25.0
989.36 7.4
990.38 7.8
991.39 20.4
992.61 1.7
993.47 4.3
994.49 9.5
998.50 39.3
1002.33 1.8
1003.66 7.7
1005.45 25.6
1006.41 11.0
1007.61 93.5
1008.22 12.4
1009.06 11.8
1009.98 13.5
1010.60 2.5
1011.89 7.9
1014.52 1.7
1016.66 67.0
1017.39 37.4
1018.90 9.1
1021.06 17.4
1022.04 10.5
1023.36 128.8
1024.51 23.3
1025.71 167.7
1026.89 4.1
1027.52 3.7
1028.52 3.9
1029.47 1.2
1030.69 6.1
1031.43 4.2
1033.34 2.3
1034.66 5.0
1036.17 60.2
1037.35 5.7
1038.03 6.9
1039.41 8.7
1040.45 17.3
1041.48 11.4
1042.50 7.9
1043.41 25.7
1044.92 67.7
1045.64 27.7
1046.95 16.2
1047.89 8.6
1049.01 6.2
1051.72 13.9
1052.83 9.1
1053.98 53.2
1054.71 32.5
1055.51 8.4
1056.12 3.7
1057.61 14.2
1058.74 1.8
1059.59 6.1
1060.30 15.4
1061.82 2.0
1064.01 5.9
1066.67 5.8
1067.83 4.2
1069.44 6.4
1070.30 2.7
1071.71 3.0
1074.65 4.3
1075.61 13.8
1076.64 18.3
1078.34 3.0
1080.71 10.6
1081.41 1.3
1082.10 5.2
1084.61 18.6
1085.69 37.7
1087.53 24.9
1089.68 18.3
1090.30 15.4
1091.39 1.9
1092.87 113.5
1093.54 86.6
1094.28 16.5
1096.33 17.4
1097.22 9.3
1098.61 6.7
1100.23 3.4
1102.01 196.5
1102.76 478.1
1103.71 118.0
1104.75 1.7
1106.08 7.5
1112.01 2.6
1122.04 2.1
1127.26 2.2
1128.08 2.1
1138.45 3.0
1143.84 1.8
1144.46 4.2
1145.62 4.7
1147.78 2.1
1148.46 4.7
1155.35 2.7
1157.18 2.4
1161.41 7.9
1162.49 5.7
1167.45 2.2
1168.88 1.7
1173.53 2.5
1175.36 3.2
1176.64 6.1
1177.31 5.5
1179.63 17.8
1180.74 9.6
1182.01 1.5
1186.22 1.3
1188.18 2.2
1189.33 2.8
1192.46 6.3
1198.67 17.4
1199.46 1.4
1210.37 5.3
1211.08 1.6
1214.05 8.8
1214.70 3.0
1216.45 199.1
1217.46 60.2
1218.11 1.9
1226.59 6.9
1230.60 10.2
1231.43 2.2
1232.56 8.1
1234.63 11.4
1236.73 3.1
1237.50 1.0
1244.63 5.4
1247.83 3.0
1248.56 12.4
1250.60 6.2
1253.85 2.9
1257.59 3.0
1259.99 2.1
1265.39 1.2
1267.31 5.3
1268.43 5.3
1271.64 1.9
1273.52 1.4
1275.58 3.8
1283.06 23.6
1285.52 10.2
1286.36 14.9
1288.62 1.2
1299.68 2.1
1303.62 90.4
1304.42 10.7
1311.04 2.7
1312.58 18.6
1317.56 1.1
1321.72 1.5
1322.33 2.1
1323.61 2.3
1324.93 7.5
1327.61 2.3
1328.95 1.2
1330.58 6.6
1336.57 4.9
1339.55 5.2
1340.93 1.8
1342.96 1.7
1343.78 4.4
1344.52 1.9
1346.55 4.9
1347.27 12.8
1348.81 1.6
1352.54 1.2
1354.58 26.8
1355.80 14.5
1356.65 5.1
1357.91 4.3
1361.34 4.6
1362.75 13.8
1363.67 13.7
1364.65 3.5
1366.18 13.4
1367.31 1.5
1369.28 16.5
1371.99 5.9
1372.64 92.4
1373.74 8.8
1378.86 1.5
1380.45 1.5
1383.99 2.3
1385.38 1.7
1390.59 258.2
1391.71 73.7
1396.71 6.2
1397.45 5.3
1400.77 1.8
1401.67 2.2
1403.60 1.8
1405.01 1.5
1408.41 38.6
1412.17 3.8
1413.50 4.4
1414.94 7.5
1428.43 5.2
1431.58 1.5
1437.85 5.0
1444.90 6.5
1446.83 7.9
1447.65 5.1
1459.67 8.4
1463.11 12.8
1464.79 17.9
1465.53 6.2
1467.91 2.6
1481.16 2.4
1482.10 9.7
1482.73 41.3
1483.60 1.4
1486.97 2.8
1499.61 19.2
1500.54 16.8
1507.96 7.5
1508.72 6.7
1517.63 128.4
1518.61 62.3
1525.41 6.6
1526.35 3.7
1529.79 4.0
1535.61 421.1
1536.72 158.3
1537.95 10.5
1538.88 3.0
1551.44 3.8
1553.69 1639.9
1554.73 451.9
1555.62 9.4
1560.23 3.0
1562.05 1.4
1564.89 2.7
1568.73 8.5
1570.01 16.3
1570.88 3.5
1572.65 1.6
1575.20 3.0
1579.04 3.0
1592.69 2.5
1594.95 3.8
1595.84 5.0
1599.03 2.3
1604.74 2.4
1608.71 5.8
1610.64 1.3
1611.94 5.3
1615.92 1.2
1618.74 3.0
1621.76 9.2
1623.39 5.8
1624.00 3.5
1633.38 3.1
1636.86 4.2
1638.48 10.6
1639.27 8.5
1639.92 5.8
1643.97 2.8
1648.69 1.1
1651.07 7.7
1651.67 6.3
1652.84 3.7
1654.81 1.5
1656.81 15.4
1657.85 10.4
1659.70 1.3
1661.56 1.7
1663.96 1.9
1667.76 4.4
1669.47 4.5
1671.85 4.0
1672.83 3.5
1675.68 12.0
1676.99 6.2
1677.98 4.6
1681.53 7.7
1682.69 5.2
1686.81 2.4
1689.76 14.4
1691.20 6.0
1695.96 1.9
1696.74 1.1
1697.92 2.3
1705.02 2.8
1706.99 3.6
1708.06 20.0
1708.92 7.5
1709.77 5.2
1712.73 5.0
1717.81 2.0
1725.91 3.0
1730.44 5.6
1735.62 4.8
1737.47 1.2
1740.89 6.6
1749.64 8.0
1753.74 1.9
1754.85 5.4
1756.82 1.6
1762.67 2.9
1767.89 1.7
1771.55 14.8
1772.70 9.8
1774.00 5.3
1775.08 2.2
1781.15 1.8
1788.40 4.4
1794.05 5.0
1795.73 1.3
1801.00 7.4
1808.07 6.1
1817.71 6.8
1819.11 5.7
1822.66 8.4
1823.40 6.4
1825.25 2.5
1835.85 85.5
1836.77 30.7
1840.75 14.4
1841.56 4.5
1843.01 3.5
1851.23 1.2
1858.80 47.9
1859.87 5.9
1867.29 1.8
1880.76 4.6
1912.80 1.7
1913.81 4.2
1930.99 21.5
1931.86 14.7
1932.91 1.1
1945.13 4.7
1948.88 100.9
1949.95 42.8
1953.64 3.1
1956.23 1.8
1959.67 1.1
1965.04 8.5
1966.37 3.1
1972.16 14.3
1972.95 6.8
