861.52123 2
127.15 6.9
130.20 60.7
131.20 2.1
133.07 2.4
134.27 1.4
136.17 15.5
136.94 3.8
138.08 22.0
139.87 2.8
143.17 3.6
145.29 1.3
147.38 2.0
148.38 1.4
149.40 4.2
153.28 3.8
155.12 68.0
156.06 2.2
157.18 2.3
159.03 807.8
160.00 18.8
161.39 1.0
163.12 5.1
164.20 3.2
165.05 32.4
166.24 4.7
167.23 10.4
169.31 1.2
171.47 2.1
175.24 220.5
176.36 15.1
178.81 5.9
180.22 5.0
181.14 2.1
182.14 6.2
183.18 4.9
185.13 6.1
186.12 1.8
189.29 3.4
190.09 1.3
191.15 2.8
192.14 3.5
193.28 1.7
197.38 1.3
198.16 4.0
199.07 6.1
200.11 3.1
201.05 1.2
202.41 1.6
203.03 1.2
207.23 6.8
209.04 122.6
210.08 31.4
211.04 23.2
213.37 5.7
217.96 2.2
219.15 4.4
221.20 4.0
223.04 7.0
224.41 1.3
226.21 20.7
227.95 1.2
231.00 2.0
233.42 2.4
235.08 1.7
236.21 40.2
237.23 92.1
238.17 27.1
239.20 3.5
241.42 2.1
242.37 2.8
243.29 1.2
244.26 1.3
245.86 1.3
250.78 1.0
254.19 1520.0
255.27 117.4
257.35 5.0
258.45 6.6
259.80 6.3
262.07 6.3
263.57 5.7
264.18 2.0
265.48 3.9
267.34 1.1
271.26 66.2
272.28 10.9
273.33 3.5
275.08 2.3
276.57 4.7
278.32 1.1
281.89 45.7
282.52 2.8
285.16 15.7
289.20 4.9
290.40 1.9
291.10 1.7
292.26 1.2
293.24 4.6
294.37 10.5
295.00 99.4
296.20 18.8
296.86 11.2
299.10 1.6
300.24 9.0
301.13 1.9
301.97 6.1
303.35 15.1
304.53 4.5
305.34 3.5
306.33 1.2
307.16 1.7
308.77 3.1
311.00 4.7
313.98 1.8
317.05 28.3
317.69 1.4
318.87 113.7
319.99 8.5
321.01 279.5
321.87 16.5
323.08 3.3
323.98 2.4
326.19 20.6
327.23 18.2
328.69 14.4
329.49 1.1
331.52 9.8
333.13 8.3
334.85 7.8
337.01 80.7
338.27 115.4
339.25 9.1
340.33 277.3
341.18 144.2
342.29 89.5
343.08 566.3
344.12 17.3
346.39 4.1
347.44 1.1
349.26 79.4
350.35 38.4
351.59 18.3
352.35 28.4
354.18 4.3
356.52 52.6
357.29 28.6
358.93 23.0
360.06 15.0
360.79 52.2
361.42 5.3
362.41 2.8
363.56 3.1
364.44 5.0
365.55 6.1
366.43 5.2
367.95 13.3
369.90 23.9
370.66 8.3
371.30 1.9
371.96 5.5
373.51 3.6
374.46 130.4
375.28 37.5
376.27 7.5
377.80 35.7
379.31 168.8
379.92 52.3
382.42 1.3
383.05 7.4
384.31 30.1
386.12 9.6
386.85 31.6
387.61 38.7
389.32 32.9
390.14 6.7
390.77 9.1
391.69 2.7
392.63 65.8
393.58 9.0
395.48 18.0
397.00 8.7
400.13 15.3
400.89 19.0
401.96 23.1
403.13 10.1
403.91 6.2
404.97 18.7
405.89 1.0
407.70 15.3
408.57 102.9
409.35 39.4
410.07 15.1
411.10 12.8
411.90 11.1
413.00 78.6
414.05 565.7
415.04 134.0
415.82 17.2
416.88 45.0
417.56 2.8
418.94 38.9
420.05 20.2
422.73 2800.9
423.38 749.1
425.02 14.5
436.33 5.4
437.35 7.5
438.47 1.2
439.47 1.9
441.32 2.2
442.41 4.1
443.40 1.3
444.65 1.1
446.55 1.9
448.39 2.3
451.83 2.3
454.45 6.9
455.60 5.6
458.46 7.8
459.72 16.6
460.51 2.2
461.34 3.0
467.41 7.6
469.45 8.0
471.87 2.9
473.25 41.8
474.22 13.9
475.45 6.5
479.34 2.1
484.72 3.7
486.62 2.2
487.24 2.9
488.00 1.7
489.22 6.5
490.48 3.8
491.90 1.5
494.44 58.0
495.39 10.6
496.42 23.1
497.50 15.0
498.33 1.2
499.24 8.3
501.00 10.1
503.07 17.1
507.24 25.5
508.47 25.2
509.73 43.7
511.26 2.7
514.75 5.8
515.68 1.4
516.30 1.1
517.63 8.0
518.35 1.6
521.01 6.5
521.91 3.6
523.74 27.4
524.45 116.1
525.46 38.3
526.81 10.3
527.61 2.9
529.25 4.9
530.95 6.8
531.79 2.7
532.49 2.0
533.46 4.6
535.30 8.6
537.62 15.3
538.56 3.0
540.40 2.8
542.47 23.6
543.41 7.2
544.27 5.1
545.56 22.3
546.59 6.2
547.35 2.9
548.28 8.6
549.19 23.6
551.45 6.6
552.25 2.1
553.55 10.0
554.74 18.3
555.48 18.1
556.35 1.8
558.45 12.3
559.27 3.9
561.29 3.4
562.39 16.1
563.69 25.5
565.38 2.8
566.98 5.6
568.31 3.2
569.96 1.0
570.95 2.7
571.86 5.2
572.78 16.5
573.41 60.5
574.31 24.6
575.80 13.4
576.84 3.4
577.56 12.1
578.43 7.1
579.90 19.2
580.82 2.5
583.26 8.7
589.40 8.9
591.38 2042.3
592.41 587.9
593.39 21.2
595.38 7.2
598.91 3.8
599.74 1.9
601.90 2.6
602.73 2.7
605.69 2.6
606.49 5.4
607.39 1.4
608.63 1.7
609.34 3.4
610.32 2.0
611.29 6.2
615.57 3.3
617.61 3.1
618.44 3.3
619.26 5.4
625.49 4.0
626.47 11.5
632.60 2.9
641.54 1.0
642.47 17.4
643.11 2.6
644.56 3.6
646.18 1.6
648.46 4.8
653.49 2.7
654.62 1.2
655.35 1.5
659.48 54.0
660.59 12.3
661.47 1.8
663.09 4.9
668.64 4.1
670.26 37.1
670.87 2.8
671.53 8.3
676.34 1.2
680.33 2.5
687.36 386.9
688.39 117.8
689.53 8.8
691.39 1.4
693.04 3.5
698.26 6.2
704.18 10.7
705.41 68.8
706.42 20.0
707.46 2.5
711.58 2.0
712.35 5.4
715.44 1.4
717.74 2.2
723.25 60.9
724.51 19.0
725.42 6.0
726.57 2.8
732.47 1.4
735.29 3.9
742.60 6.9
746.63 1.3
747.42 7.6
748.38 2.2
752.45 2.7
756.23 2.9
757.59 1.7
758.55 1.2
770.45 3.4
817.66 5.2
840.32 2.0
