1142.6425 2
161.30 6.0
167.24 5.5
169.22 20.5
175.40 2.6
181.21 9.6
182.48 6.2
183.18 30.9
184.17 6.6
185.02 4.8
186.32 1.4
187.22 5.4
193.35 1.9
195.38 2.8
197.22 38.7
199.21 2.0
200.28 16.2
201.23 5.7
203.11 16.2
204.23 5.0
206.32 2.0
209.30 1.5
211.29 11.5
212.49 34.7
213.27 196.5
214.24 8.4
220.24 2.9
222.25 4.3
225.27 6.1
226.15 8.1
227.19 16.6
228.26 69.6
229.27 14.0
230.17 211.1
231.22 62.8
233.36 3.5
237.09 1.3
238.19 3.4
241.31 5.3
242.11 5.1
244.13 3.7
246.86 2.5
251.32 11.0
252.11 2.5
253.12 3.1
254.19 4.0
255.25 8.5
257.36 3.6
258.14 1.1
262.61 1.4
265.23 1.2
266.32 4.7
269.40 3.1
270.32 5.2
272.35 14.0
273.27 5.7
276.28 2.5
280.18 3.9
281.37 2.4
282.18 21.2
283.23 7.9
284.34 1.2
287.22 2.9
288.31 6.2
290.17 7.1
293.43 4.5
298.14 1.9
299.37 3.9
300.40 3.2
301.77 5.9
306.19 2.5
308.07 1.3
309.29 4.1
310.28 25.4
311.21 1.7
312.54 12.0
313.35 4.1
317.23 17.1
318.12 9.3
319.09 2.7
321.07 3.9
324.22 3.6
325.91 6.0
326.98 8.1
327.99 3.0
329.38 4.3
330.36 9.5
331.28 5.4
333.04 1.6
334.52 3.9
335.35 4.6
336.30 4.9
337.28 3.4
338.30 6.1
339.32 5.0
340.41 4.4
341.32 14.4
343.29 1.7
344.11 1.7
350.27 1.9
351.43 6.6
352.89 2.9
354.19 1.9
355.19 3.1
356.19 1.3
357.50 1.7
358.60 21.5
361.45 10.3
362.27 3.5
364.14 5.3
365.45 5.5
368.49 23.4
369.43 13.3
370.19 7.1
371.22 4.1
373.26 4.7
375.31 3.9
377.81 4.2
379.31 7.4
380.27 27.3
381.26 5.7
382.54 6.3
383.79 8.6
385.15 1.5
386.24 67.6
387.22 13.7
388.33 6.2
389.33 3.0
390.59 6.4
391.34 10.1
392.11 6.5
392.84 29.9
394.43 1.6
396.24 42.4
397.44 8.9
399.30 6.0
401.87 27.3
404.28 784.2
405.35 83.6
407.28 9.8
408.09 3.9
409.78 6.8
410.40 9.2
412.09 11.4
413.74 11.3
414.49 26.4
415.50 3.9
416.40 3.3
417.40 5.7
418.40 9.0
419.78 2.9
421.53 9.9
422.16 4.0
423.66 7.1
424.31 85.4
425.46 14.3
426.35 6.3
427.50 21.1
428.35 3.6
429.33 12.7
431.81 5.2
433.22 13.6
434.10 16.8
435.31 1.6
437.51 3.7
438.17 1.7
439.39 30.9
440.39 27.8
441.34 23.7
443.86 3.0
445.15 16.5
447.96 12.5
449.14 22.0
450.22 4.1
452.43 2.5
453.17 1.4
455.37 1.2
456.22 3.1
457.42 14.8
458.50 206.9
459.47 9.1
461.10 9.5
461.74 5.2
464.39 11.0
465.22 8.1
466.59 6.8
467.54 22.9
468.24 21.2
470.03 8.5
471.02 19.8
472.01 12.5
473.18 12.9
474.26 5.1
476.59 22.3
477.40 7.3
478.24 3.5
479.26 18.1
479.97 5.2
480.99 15.8
482.38 22.4
483.32 4.2
483.96 2.6
484.62 5.9
485.26 3.3
486.33 14.7
486.94 1.2
488.40 225.7
489.53 31.6
490.47 11.3
491.55 30.0
492.44 13.0
493.42 23.8
494.39 12.6
496.66 36.2
497.62 44.9
498.61 25.6
499.70 17.5
500.73 31.3
502.60 2.3
505.88 40.0
507.31 9.2
507.98 16.9
509.35 78.1
510.50 6.6
511.46 1.5
512.37 48.1
513.35 9.3
514.00 18.1
515.04 43.5
515.89 9.4
517.36 1.9
519.19 58.2
520.36 8.1
521.69 43.6
522.39 3.9
523.49 19.6
524.19 15.6
525.33 1.3
526.10 11.3
527.18 13.3
527.81 24.9
528.77 9.3
529.38 4.4
531.65 12.3
532.84 19.3
533.56 35.1
534.36 23.1
535.70 26.7
536.72 40.3
537.44 140.0
538.62 82.8
539.35 1.9
540.62 62.4
541.70 44.4
542.94 44.4
543.76 5.5
544.84 22.0
545.85 24.5
546.76 5.8
547.96 42.5
549.27 162.1
550.00 101.4
551.14 33.9
551.87 20.2
553.29 12.5
553.91 168.5
554.57 48.1
555.30 9.7
556.63 83.3
557.42 33.5
558.41 18.7
559.55 13.0
560.24 149.7
561.00 56.7
562.98 430.9
564.05 23.2
579.45 10.1
581.38 3.2
582.44 7.9
583.56 2.4
584.73 2.5
586.07 2.2
588.13 5.5
589.27 5.9
591.50 4.7
594.70 2.6
596.78 2.8
597.45 4.4
598.35 2.4
599.54 5.8
600.58 1.8
601.36 1.6
602.61 1.4
604.34 11.6
606.38 194.6
607.17 18.0
607.78 7.4
608.59 4.9
610.75 1.0
612.23 2.1
615.37 2.2
616.44 6.7
618.05 2.6
621.42 1.8
622.53 9.0
623.50 4.4
624.76 29.6
625.47 8.9
626.87 4.8
627.52 3.3
628.43 2.7
632.46 3.1
635.21 5.4
635.84 7.9
637.58 13.5
638.56 15.4
640.46 1.4
641.60 16.6
642.42 16.2
643.68 4.3
646.19 12.2
647.07 6.8
648.85 5.4
649.47 4.2
650.46 13.4
651.37 14.8
654.50 12.2
655.56 3.1
656.49 5.0
657.38 1.1
658.37 2.0
659.46 4.9
661.45 5.2
662.39 1.4
663.26 1.5
664.07 10.9
665.76 15.4
666.65 29.7
667.70 14.9
668.51 25.2
669.49 6.1
671.36 4.5
673.53 3.9
676.28 8.5
677.29 16.6
678.55 1.6
682.02 3.5
683.47 6.0
684.39 13.8
685.68 14.9
686.55 8.1
687.41 2.0
688.39 13.8
689.02 2.6
689.71 1.6
691.43 3.7
694.33 30.6
695.38 15.6
699.50 3.5
700.54 6.6
701.66 7.6
703.47 28.1
704.60 9.8
705.67 8.8
707.49 11.9
709.52 11.2
711.40 24.3
712.64 4.7
714.78 18.0
715.95 13.7
716.69 17.6
717.62 15.1
719.39 189.2
720.47 52.4
721.38 76.4
722.61 61.5
723.53 4.4
724.99 13.1
726.38 15.9
727.14 1.7
728.44 3.5
729.35 8.2
731.47 2.4
734.27 16.7
734.99 19.1
735.96 3.4
737.09 2.0
738.24 4.8
739.46 1008.7
740.50 296.5
741.16 3.9
741.95 4.3
742.98 5.9
744.27 27.7
745.09 14.9
747.46 2.2
751.60 2.4
753.66 21.7
754.42 3.6
755.70 6.3
757.74 16.1
758.41 1.7
759.56 1.6
760.38 6.7
763.20 15.3
763.93 18.7
764.90 13.3
766.09 9.4
767.64 6.3
770.15 3.4
770.77 3.3
771.48 1.4
772.60 3.6
773.42 9.7
774.59 8.4
775.52 1.1
776.39 4.0
778.21 2.1
779.39 15.5
780.33 25.5
781.76 4.0
783.84 10.8
784.76 6.5
785.48 4.7
786.60 6.9
788.73 5.8
789.42 2.6
791.13 10.3
791.78 6.7
792.69 4.4
793.69 4.1
795.76 4.0
796.73 3.9
797.45 7.2
798.57 1.7
799.66 2.0
800.70 4.3
801.62 7.9
802.30 3.1
808.24 24.4
809.08 8.7
809.69 19.8
812.69 8.5
815.44 2.8
818.45 28.0
819.52 20.1
820.67 2.8
821.68 2.1
822.58 7.1
823.48 4.2
824.68 1.0
825.59 5.2
826.64 44.1
827.65 18.8
831.50 3.0
833.14 5.0
834.22 13.1
835.91 5.0
836.96 27.4
840.43 9.5
844.54 2.0
845.61 9.2
847.68 9.8
850.53 5.8
852.63 1.6
858.98 4.1
861.63 1.8
862.73 5.6
864.34 1.7
865.54 5.1
866.69 5.0
867.50 3.7
868.58 7.1
869.55 3.5
870.57 10.7
871.67 1.6
874.62 2.1
876.55 6.0
877.63 59.7
878.60 36.0
879.38 3.7
883.40 12.6
884.49 12.4
885.52 13.3
886.77 11.9
890.71 7.2
895.48 121.0
896.54 29.6
897.58 49.0
898.48 12.2
901.66 2.5
902.88 2.0
905.49 4.5
911.23 4.7
913.50 151.5
914.48 62.4
915.53 617.0
916.54 184.6
920.48 6.0
921.62 1.8
922.95 6.6
923.70 3.6
926.52 2.7
928.18 3.3
930.58 111.4
931.56 53.4
932.52 2.1
933.73 3.1
937.69 4.2
939.60 32.6
940.60 21.3
941.61 1.8
943.50 2.6
949.61 1.6
951.43 2.2
952.53 3.4
954.96 3.0
956.63 9.0
957.53 4.4
964.57 28.8
965.65 12.1
968.70 4.1
969.55 1.2
971.38 3.8
975.55 2.2
979.68 5.1
982.62 56.1
983.61 27.8
985.82 8.1
986.64 74.8
987.60 23.6
994.89 5.0
996.59 5.7
997.35 3.9
1000.59 43.9
1001.78 7.6
1009.59 4.5
1010.42 2.7
1014.91 3.5
1028.42 2.7
1032.75 4.2
1065.80 2.0
1066.66 3.2
1067.76 2.0
1070.42 3.1
1097.72 10.4
1098.90 6.5
1103.65 1.2
1123.64 1.4
1128.75 3.9
