837.3663799999999 2
166.41 2.7
178.35 2.1
181.14 14.2
182.05 2.6
188.26 1.2
191.15 3.7
210.15 5.0
214.39 1.2
225.21 3.7
226.18 4.3
227.37 2.5
249.10 2.8
250.30 7.4
253.22 1.2
274.20 1.6
276.07 4.2
279.61 4.3
283.14 3.6
284.19 6.0
291.17 1.8
303.65 4.6
305.31 1.9
306.16 8.0
307.02 1.5
313.19 1.2
324.93 9.6
326.26 6.8
330.14 4.1
332.13 2.6
334.05 5.4
348.20 3.3
351.12 2.6
362.31 2.5
365.09 11.7
366.73 5.8
370.25 8.6
372.10 2.5
373.30 7.6
375.31 2.2
383.41 1.9
391.20 6.7
401.09 16.8
402.30 7.1
409.74 7.6
410.40 4.9
411.05 3.5
419.15 1.5
473.23 3.4
486.42 5.4
520.37 4.5
523.77 16.4
531.48 2.5
538.80 8.0
546.32 1.6
547.30 4.4
576.61 3.3
608.79 2.3
611.23 5.2
639.52 1.1
654.47 3.1
672.41 6.0
673.74 2.3
