1922.92522 2
282.32 1.8
285.39 2.2
290.34 1.1
301.25 1.1
324.34 3.8
325.80 2.3
335.19 1.3
346.13 3.4
355.38 2.2
375.47 1.7
376.26 2.1
403.18 1.1
412.51 1.2
415.36 3.4
430.25 7.6
431.51 2.8
438.50 3.2
447.39 3.4
457.33 1.3
463.31 1.8
473.43 2.5
476.37 1.3
478.58 1.0
481.28 3.2
484.32 2.7
495.33 4.3
508.29 1.1
511.20 2.7
515.57 3.6
516.37 1.6
518.13 3.1
522.15 2.0
523.47 2.9
525.46 1.1
526.44 1.5
533.31 2.4
534.06 2.5
541.46 1.5
545.15 6.7
550.49 1.8
551.37 3.8
552.61 1.2
556.12 3.0
559.93 4.2
570.43 4.0
579.21 4.2
580.57 1.3
584.59 2.4
588.60 4.6
597.45 1.0
610.74 3.2
619.08 2.5
625.01 1.7
626.05 5.4
631.96 4.0
636.62 5.5
639.65 1.1
640.43 2.0
642.74 1.9
648.63 1.3
653.19 1.6
657.48 4.4
664.49 6.0
665.40 5.5
670.47 1.6
678.67 2.9
682.60 2.7
683.49 2.9
686.19 1.6
687.38 3.6
688.17 4.1
689.51 7.9
692.63 2.6
696.04 2.1
701.04 3.3
706.02 1.2
720.69 1.9
723.55 1.1
724.98 14.4
726.04 6.6
732.47 2.9
734.30 10.5
736.36 1.3
739.34 4.3
740.17 3.9
741.87 3.3
743.68 1.6
744.96 6.8
746.31 5.6
747.56 18.0
749.00 1.2
753.55 1.1
754.32 6.5
756.42 2.9
757.56 8.6
758.44 2.9
760.03 4.6
761.40 3.8
765.98 6.2
773.64 4.1
774.95 8.6
775.76 12.7
779.52 2.2
780.55 5.1
783.49 1.5
784.11 4.1
787.69 3.7
789.55 8.8
790.29 10.3
792.41 2.4
794.51 10.5
795.48 7.6
797.65 5.2
798.67 11.8
800.10 2.8
802.16 6.0
803.47 2.0
804.67 4.2
805.71 1.0
812.11 6.5
813.73 3.2
818.86 15.2
821.41 5.5
822.40 2.3
824.10 8.2
824.78 16.3
826.75 38.2
830.44 3.2
831.58 2.9
832.51 7.5
833.43 7.9
835.62 13.8
836.68 8.0
838.18 1.7
838.85 5.3
839.67 4.5
840.94 9.3
842.75 2.6
844.38 4.7
846.37 4.8
847.40 6.2
848.99 13.1
855.55 12.5
856.50 15.2
864.53 8.1
867.44 2.6
868.92 4.2
872.39 2.1
873.76 10.3
874.53 6.4
876.69 10.9
877.83 3.7
878.83 7.1
880.25 11.6
882.50 11.3
883.92 3.3
885.50 6.8
886.85 9.2
887.59 10.5
888.77 21.6
889.83 3.5
890.69 20.5
893.40 9.0
894.48 19.0
895.88 12.5
896.99 33.0
897.97 14.5
898.68 7.0
899.93 1.3
900.74 1.9
901.43 1.2
902.72 1.3
903.43 10.9
905.55 71.6
906.35 7.2
907.16 5.4
908.43 3.4
911.45 4.1
912.48 5.2
913.63 31.7
914.86 1.1
915.83 3.8
916.97 4.9
918.32 2.2
923.92 15.5
925.49 2.7
926.80 13.3
927.71 6.8
929.30 23.9
931.29 3.1
932.54 6.5
934.98 27.8
935.96 24.2
939.54 7.1
941.29 9.2
943.85 14.0
944.74 114.0
945.54 41.7
946.21 19.9
948.29 8.4
976.75 1.1
986.89 5.5
990.40 5.1
991.41 12.9
992.10 4.2
993.49 8.7
994.66 2.6
998.29 4.2
1006.85 4.6
1010.47 4.4
1011.62 6.8
1012.74 3.6
1018.80 3.5
1027.33 35.8
1028.70 6.9
1030.78 1.8
1032.67 3.6
1036.66 3.1
1038.34 9.6
1039.62 6.3
1045.71 3.7
1047.47 4.5
1049.44 5.0
1056.11 4.2
1058.29 2.4
1059.26 3.2
1060.80 7.1
1061.86 5.5
1065.29 1.6
1067.13 2.0
1079.68 1.1
1081.12 5.6
1082.01 2.9
1084.97 2.6
1088.50 4.2
1089.26 7.2
1099.72 1.5
1101.81 6.8
1105.12 1.6
1106.26 1.6
1120.42 5.7
1121.79 4.5
1127.66 5.9
1128.53 4.5
1129.32 6.5
1136.47 2.1
1137.66 4.3
1139.78 1.4
1143.95 1.8
1145.24 4.0
1153.51 7.7
1154.62 4.0
1158.63 4.6
1173.49 5.2
1179.54 6.0
1216.81 2.5
1218.82 1.7
1223.12 6.6
1225.61 3.9
1230.78 3.2
1231.69 5.8
1232.60 2.8
1234.57 3.5
1235.57 7.6
1239.72 2.2
1241.71 1.9
1242.53 13.0
1243.40 3.4
1252.58 12.1
1253.76 8.1
1257.74 2.8
1258.68 3.4
1260.54 2.8
1263.58 4.0
1271.94 3.2
1274.70 2.4
1276.05 1.9
1280.17 2.1
1281.82 7.2
1291.05 4.0
1293.96 1.5
1295.59 6.2
1302.61 3.5
1310.94 3.4
1337.03 10.3
1340.90 2.8
1347.40 2.3
1348.98 2.2
1363.49 4.2
1365.88 17.7
1366.60 1.7
1370.66 3.7
1374.82 3.7
1376.44 2.8
1382.14 11.8
1382.86 1.1
1383.64 3.0
1389.98 1.2
1392.97 7.2
1410.69 1.1
1418.79 3.3
1420.68 5.4
1421.73 2.2
1422.83 1.2
1476.66 3.4
1478.32 3.2
1482.85 2.7
1491.93 2.8
1494.04 2.6
1494.82 7.1
1505.21 16.0
1509.76 1.5
1514.02 1.3
1514.67 1.3
1522.41 7.3
1527.72 3.3
1534.93 1.3
1540.73 1.3
1553.04 3.1
1560.94 1.7
1561.84 4.7
1564.55 6.0
1578.85 1.5
1583.11 1.7
1586.97 3.9
1587.81 2.3
1596.82 2.0
1606.85 1.2
1612.84 4.2
1623.54 6.9
1624.51 1.0
1632.81 2.6
1636.82 3.3
1641.92 2.3
1648.48 1.7
1662.18 2.5
1677.89 2.3
1694.06 1.4
1810.32 3.5
