2307.06523 2
332.45 2.3
335.06 2.1
339.95 2.0
353.46 1.3
354.08 2.5
370.08 4.9
383.11 4.2
387.78 4.0
391.02 1.2
393.26 1.7
398.29 2.0
399.06 1.3
401.10 3.2
409.43 1.1
411.12 6.9
416.15 2.1
417.14 2.4
428.24 5.4
442.08 2.1
446.42 2.6
460.35 1.6
463.97 2.8
470.58 1.6
476.43 1.5
479.21 1.1
480.39 1.3
485.54 2.8
486.57 1.0
487.83 4.7
492.12 2.5
494.61 4.4
498.30 4.0
499.83 1.1
500.82 2.2
505.34 3.4
506.16 2.8
510.32 1.9
512.38 1.5
513.57 3.1
515.31 18.6
516.31 8.4
517.12 4.2
523.24 3.7
524.35 2.3
530.28 3.7
531.24 1.8
533.23 54.1
534.11 6.9
537.98 2.1
539.55 8.5
540.25 2.5
541.42 9.9
551.27 31.2
552.37 6.7
554.25 3.6
555.24 2.5
557.58 1.9
564.18 3.2
568.26 1.1
569.29 19.8
571.20 3.9
574.07 3.6
578.62 1.4
588.98 2.6
591.55 3.0
594.78 5.5
598.42 3.2
599.49 3.0
608.64 1.1
617.18 2.7
620.25 5.8
630.21 2.8
633.30 1.8
638.15 1.6
640.64 1.8
645.30 1.8
646.37 2.3
647.45 2.5
651.69 1.3
653.57 1.2
660.55 5.0
663.26 6.4
671.63 3.5
672.43 7.5
674.41 3.4
677.56 2.7
678.29 2.5
683.73 1.2
685.59 1.9
687.29 3.5
689.26 3.0
690.14 11.0
698.28 1.2
699.53 1.8
700.55 1.3
703.61 3.0
705.34 1.1
707.25 7.3
715.52 2.4
718.67 2.9
722.36 2.6
723.45 2.3
725.47 1.8
728.30 1.2
730.43 1.2
732.19 2.7
733.06 5.2
735.38 1.5
738.39 2.8
750.13 9.1
752.80 1.5
757.71 5.1
761.48 8.8
764.62 17.5
774.27 5.2
779.58 3.3
782.04 4.2
784.56 3.3
788.50 6.7
789.93 3.7
794.49 4.8
795.37 3.6
797.59 1.1
798.35 1.8
799.36 5.7
802.70 1.8
810.99 5.6
811.96 4.1
813.30 1.4
817.44 2.4
822.52 5.8
824.24 4.3
826.86 1.5
828.48 2.6
830.37 16.0
831.67 3.8
833.35 2.7
836.45 2.2
843.32 3.1
845.50 1.6
846.19 8.3
847.60 7.5
848.43 37.6
849.87 1.2
850.96 11.7
856.65 6.4
857.51 2.6
861.74 9.9
864.26 4.1
866.48 18.5
867.71 3.3
868.34 2.3
870.15 28.3
871.01 6.5
874.43 2.9
875.39 1.9
877.38 1.9
878.46 1.8
879.60 1.6
881.10 4.3
884.89 3.9
886.02 9.8
888.46 3.3
892.59 3.8
898.12 5.6
907.71 4.2
908.38 4.6
909.58 3.6
910.58 7.5
913.65 5.6
915.30 4.6
917.01 1.9
917.74 2.5
921.17 6.8
922.42 9.5
923.51 1.9
925.12 6.4
926.52 16.1
927.59 1.8
929.03 5.1
932.02 7.6
932.79 1.6
933.66 7.1
934.56 3.5
935.60 5.6
936.33 5.7
937.29 7.0
940.97 3.7
942.89 3.2
943.55 29.2
944.45 4.2
946.46 5.7
949.41 2.2
951.63 8.6
953.34 5.4
954.64 1.6
958.32 6.5
960.20 4.0
961.43 13.4
962.43 18.2
963.27 3.8
964.84 4.7
968.65 5.1
969.50 2.5
970.59 2.8
973.16 10.5
977.65 1.8
978.97 6.5
979.60 17.9
980.29 6.1
980.90 4.1
982.23 5.4
983.17 17.2
984.60 5.3
986.30 7.1
989.38 5.7
990.14 3.2
993.14 6.8
995.05 17.3
996.21 12.1
997.50 13.4
1002.07 5.4
1003.99 6.1
1004.96 3.4
1006.80 1.8
1007.65 7.3
1008.31 5.2
1012.78 3.0
1014.74 2.1
1016.77 2.5
1017.67 6.3
1019.42 14.1
1021.54 93.5
1022.98 10.4
1025.17 9.3
1029.94 3.1
1032.88 6.6
1034.99 4.7
1035.76 1.9
1036.66 4.0
1037.72 1.8
1038.62 7.3
1039.53 3.5
1047.86 47.8
1049.30 24.4
1050.22 6.3
1052.36 15.4
1053.37 9.1
1059.37 5.1
1060.47 3.0
1061.11 13.9
1062.85 1.3
1063.73 6.0
1065.19 4.7
1067.51 24.0
1068.46 22.1
1069.92 31.4
1070.71 34.5
1071.62 2.2
1074.95 3.4
1076.93 1.6
1079.47 51.0
1080.36 27.6
1081.32 14.2
1087.00 7.4
1088.55 22.3
1089.75 28.6
1090.63 5.0
1091.34 3.0
1092.52 5.0
1095.73 6.0
1096.52 6.3
1097.31 3.1
1097.96 5.2
1098.72 1.6
1099.44 2.4
1102.81 2.0
1105.58 3.4
1107.67 29.7
1108.54 6.4
1109.17 3.9
1110.50 2.0
1112.31 1.5
1113.02 8.2
1114.49 8.9
1116.30 7.6
1116.95 10.6
1118.33 7.6
1119.20 3.4
1119.84 3.3
1120.61 15.5
1124.45 7.6
1125.08 2.3
1125.86 2.2
1126.96 13.1
1127.91 19.4
1132.03 6.7
1132.88 3.9
1136.55 105.3
1137.69 21.6
1138.79 11.6
1157.13 2.1
1165.81 5.7
1171.77 2.1
1178.37 1.9
1180.61 2.2
1182.94 4.7
1183.72 19.0
1186.75 1.6
1188.93 3.5
1196.54 10.4
1197.64 11.0
1200.38 28.1
1201.12 10.3
1201.89 6.8
1206.75 9.1
1210.48 1.7
1211.66 2.5
1212.35 2.1
1213.24 2.9
1230.75 2.2
1232.76 3.4
1235.86 1.8
1237.42 3.2
1238.40 4.7
1244.57 1.2
1246.45 1.9
1248.41 3.1
1249.48 1.4
1253.76 2.6
1255.39 2.7
1265.24 5.8
1267.91 1.8
1268.71 2.1
1271.58 2.2
1278.62 3.7
1283.65 2.7
1293.65 6.4
1294.56 4.9
1295.56 10.1
1298.16 4.4
1307.48 1.2
1308.51 1.7
1309.89 14.9
1310.77 37.2
1311.65 28.9
1312.51 8.5
1317.86 4.8
1326.46 1.6
1328.50 43.4
1329.31 4.6
1329.95 8.8
1333.31 12.5
1334.62 3.1
1339.71 1.8
1341.06 2.4
1342.30 2.1
1343.08 2.1
1349.63 2.7
1352.81 5.8
1353.75 8.4
1365.87 3.2
1373.37 4.1
1374.83 1.9
1376.76 8.4
1380.51 2.7
1382.85 1.5
1387.27 4.4
1388.21 4.9
1395.73 3.9
1404.66 4.6
1407.58 1.9
1414.44 2.3
1415.72 1.2
1416.78 2.4
1422.70 6.4
1423.68 8.2
1424.84 26.2
1425.74 17.3
1427.12 3.5
1441.67 42.7
1442.74 31.4
1443.74 2.6
1445.72 6.1
1455.25 3.6
1464.94 3.9
1465.91 2.8
1475.55 3.9
1481.84 2.9
1485.69 1.1
1487.83 2.8
1489.84 3.7
1491.64 6.9
1493.86 1.9
1504.96 2.0
1510.83 4.4
1513.78 7.4
1520.98 4.2
1523.81 3.6
1526.84 16.4
1527.97 4.8
1535.81 3.8
1536.58 7.1
1537.80 2.6
1538.58 1.4
1539.47 2.3
1545.72 9.2
1546.73 2.2
1549.31 10.3
1550.94 1.8
1554.74 20.6
1555.87 5.1
1559.01 2.1
1561.44 1.4
1562.67 3.1
1564.24 1.6
1576.26 3.5
1578.42 1.6
1579.39 2.2
1589.14 1.8
1591.09 9.7
1593.54 3.1
1599.90 3.4
1602.91 3.8
1607.00 48.0
1608.04 19.4
1608.84 4.7
1614.06 2.4
1618.54 2.7
1620.50 2.1
1624.06 6.4
1625.67 1.3
1636.49 4.4
1637.34 2.4
1641.45 8.5
1642.07 4.2
1643.16 13.7
1651.68 4.3
1655.55 1.5
1657.66 2.0
1666.90 1.2
1670.95 2.8
1672.74 15.3
1684.68 1.5
1686.50 5.0
1690.16 3.5
1694.10 3.3
1698.94 9.7
1700.80 5.2
1703.24 6.6
1703.97 1.1
1712.11 3.5
1717.07 6.6
1718.01 6.9
1718.85 8.9
1720.87 3.4
1721.96 44.0
1723.13 34.1
1724.07 5.0
1726.76 2.6
1727.50 2.1
1730.32 2.3
1738.27 5.1
1738.87 178.0
1740.04 127.3
1741.04 17.2
1760.29 1.5
1768.57 2.4
1769.94 2.0
1771.01 14.7
1787.25 1.2
1799.93 2.3
1800.88 7.1
1801.86 2.1
1802.83 3.8
1817.83 6.3
1818.67 7.6
1819.41 3.3
1824.92 2.6
1826.80 2.1
1851.78 2.1
1857.99 8.8
1860.06 4.9
1868.25 2.3
1875.01 5.9
1877.00 1.3
1879.62 4.4
1885.17 3.4
1902.14 5.4
1902.97 1.7
1995.41 3.1
