1080.55742 2
161.81 2.3
165.18 1.7
173.25 2.5
175.12 3.3
179.41 1.3
183.13 3.0
186.11 2.8
187.20 2.3
189.33 2.4
197.00 1.4
202.38 3.0
205.89 2.8
207.18 1.8
209.04 5.4
212.09 5.2
214.15 4.6
223.67 6.2
227.27 6.6
229.11 2.1
231.95 1.3
233.23 2.1
239.06 3.1
241.30 3.1
246.38 10.5
247.45 3.2
249.09 4.4
251.88 1.2
255.18 5.3
258.34 1.5
259.29 3.0
261.12 8.1
263.34 2.6
265.12 4.2
266.19 1.0
267.18 3.4
268.31 1.7
269.28 4.9
275.13 3.0
278.23 6.6
283.21 2.7
294.30 4.6
295.08 2.8
297.34 1.5
298.28 2.4
300.29 5.7
303.09 1.8
309.18 3.3
311.32 5.2
312.27 9.8
313.39 6.7
316.23 5.2
318.59 2.0
323.00 2.1
325.77 4.5
327.15 9.7
329.76 7.1
333.44 3.3
336.26 3.2
337.05 2.1
340.44 2.4
341.34 8.6
342.25 3.9
343.25 8.1
345.33 9.2
353.07 4.0
355.37 2.6
356.43 2.3
357.22 13.1
357.87 1.1
360.27 1.4
361.24 2.9
362.23 3.1
364.56 8.2
370.17 3.6
377.26 4.0
380.17 1.9
383.17 2.5
385.20 4.3
388.25 1.5
389.25 9.8
391.19 2.5
393.17 1.2
394.12 2.2
395.36 3.5
398.27 6.2
399.00 1.3
402.28 1.8
402.97 3.3
403.68 3.9
405.85 8.4
406.81 6.0
407.43 16.0
408.21 4.4
409.26 16.2
411.06 9.4
412.33 11.0
413.07 4.0
413.84 3.9
420.49 6.9
421.18 6.8
425.24 2.7
426.33 20.1
427.19 12.8
434.42 2.4
435.13 1.9
437.20 4.2
438.91 32.8
439.63 1.9
440.73 10.9
441.60 2.0
442.37 6.5
443.40 2.0
444.30 13.2
447.89 36.8
450.21 10.5
451.36 7.3
452.08 2.1
453.38 5.7
455.71 18.4
457.25 1.8
458.49 16.7
461.39 4.9
463.37 5.6
464.42 11.3
466.80 15.2
468.67 9.0
469.39 3.7
470.25 1.1
474.34 2.0
475.17 2.5
478.40 15.4
479.30 15.2
480.31 18.0
482.38 22.3
483.30 5.9
484.05 6.2
485.96 13.0
486.74 10.0
488.96 16.1
489.71 11.0
490.58 5.2
491.66 4.7
494.55 2.9
495.38 19.5
496.37 13.7
497.33 20.8
498.82 4.1
503.88 3.4
505.24 24.3
506.17 18.6
508.47 7.1
509.39 22.8
510.47 9.0
511.57 6.5
512.34 12.2
513.29 30.0
514.29 3.4
517.94 15.5
518.90 4.2
522.35 72.7
523.26 113.0
524.34 32.4
525.51 2.7
526.99 9.7
527.85 1.6
529.46 7.9
530.24 9.0
531.61 42.1
532.99 10.3
566.46 2.0
575.25 11.8
579.75 12.7
582.27 1.3
583.15 2.0
597.51 3.1
601.78 7.7
603.62 6.4
611.73 3.9
612.64 1.5
615.27 4.7
619.67 3.3
622.74 7.0
634.40 4.3
636.79 1.8
642.38 8.7
648.40 5.3
654.21 5.9
656.40 15.5
662.92 7.8
670.52 4.4
672.54 8.5
674.22 48.1
679.54 12.2
680.59 14.1
681.32 8.0
690.32 2.7
691.47 1.7
694.54 1.6
699.18 4.1
706.54 4.8
707.37 1.5
718.52 4.9
719.69 4.0
722.42 8.2
728.06 1.5
731.28 2.0
732.28 2.8
737.32 4.8
743.84 15.2
744.86 6.0
751.74 2.7
753.88 4.3
754.54 1.6
758.80 5.5
763.10 11.2
783.67 1.8
785.53 1.2
786.52 1.1
811.67 2.8
813.85 5.0
817.70 4.1
822.56 1.0
831.45 4.1
834.34 6.5
838.61 2.6
876.64 4.0
877.49 1.1
881.41 1.2
894.47 8.5
895.37 2.9
898.66 2.6
905.49 3.1
915.53 4.5
925.79 1.5
931.78 3.9
1008.72 1.2
1057.62 1.1
1087.86 3.1
