954.4005599999999 2
134.64 1.8
136.12 7.2
140.38 1.6
145.11 3.4
147.20 4.4
148.36 2.1
151.03 4.5
156.58 3.6
159.24 1.1
160.15 3.1
161.11 1.2
161.96 7.7
163.13 1.6
164.12 10.2
165.20 3.1
166.96 2.6
172.30 1.8
175.33 1.1
177.34 1.1
179.38 3.5
181.26 1.3
189.20 2.6
191.37 3.9
191.99 3.0
193.26 1.3
194.27 1.2
195.23 2.2
196.09 4.1
197.11 1.6
198.20 6.9
200.41 2.0
201.08 1.5
202.40 1.5
203.43 1.8
205.23 2.5
209.33 4.1
210.14 3.1
211.04 4.9
212.30 1.2
213.13 1.9
217.00 8.4
217.61 2.1
220.29 2.5
221.29 3.8
224.18 2.3
229.23 7.4
235.38 2.4
236.36 2.1
237.24 1.8
240.16 11.7
243.19 1.0
245.15 10.6
249.34 7.1
250.26 1.2
251.24 2.4
252.33 2.3
253.06 3.0
254.48 11.1
255.38 5.2
257.14 4.0
258.19 1.1
261.22 7.1
263.28 6.6
265.26 6.0
269.05 6.4
272.59 13.1
275.34 2.3
276.37 2.6
277.26 2.4
277.99 1.7
279.24 5.8
284.33 2.3
286.25 7.9
287.67 6.2
289.06 2.4
290.13 3.8
291.26 5.1
292.18 4.6
293.22 4.1
295.25 1.3
297.98 8.7
299.30 11.9
300.02 1.8
301.25 5.0
303.35 2.7
305.35 8.1
307.32 3.4
308.06 5.5
309.78 3.9
311.24 9.2
312.25 11.7
313.14 6.8
314.86 21.2
315.52 2.0
316.36 17.9
317.46 6.7
319.14 12.2
320.22 11.1
321.37 5.2
322.26 1.1
323.24 4.2
325.12 8.6
325.74 2.3
327.37 2.1
328.09 8.1
329.69 1.6
330.30 1.3
332.10 30.0
333.09 6.5
335.61 14.0
336.24 2.5
338.08 2.7
339.10 2.4
341.21 8.9
342.10 15.6
343.13 18.9
344.39 4.7
345.27 9.2
347.44 9.3
348.26 6.6
349.22 11.2
350.16 7.3
353.04 4.0
354.30 8.1
355.10 2.9
356.31 9.7
358.13 2.3
359.46 14.6
360.55 2.1
362.14 3.2
363.26 34.7
364.21 4.6
365.21 7.4
366.24 3.9
371.27 7.6
371.89 2.8
373.31 8.3
374.18 11.7
375.29 6.6
376.23 14.8
377.28 14.3
378.22 1.5
379.34 3.7
380.20 4.2
381.46 3.6
382.14 6.4
383.18 14.0
384.29 5.4
386.18 3.8
387.34 3.0
388.62 2.7
389.82 18.1
391.17 1.2
392.28 1.8
393.02 3.5
394.24 2.2
395.41 11.2
396.54 4.4
397.91 6.2
399.06 16.3
401.52 6.9
402.40 8.9
404.42 8.1
405.54 1.2
406.65 35.6
407.28 11.3
408.04 3.4
410.14 1.0
411.31 14.7
412.35 53.4
413.44 28.7
414.51 23.4
415.38 8.1
416.41 7.3
417.64 3.1
418.39 24.0
419.42 9.2
420.09 17.3
421.24 42.3
422.12 7.4
423.33 8.9
425.26 90.0
426.33 2.7
427.39 31.3
428.17 8.8
429.32 10.9
430.02 4.3
431.23 8.4
432.48 24.5
433.46 58.1
434.27 34.6
435.29 10.1
436.19 1.3
437.07 4.5
438.25 10.6
439.18 2.4
440.83 27.5
441.88 94.8
442.84 7.4
443.92 4.1
444.65 2.2
445.60 10.1
446.77 236.4
447.71 8.2
448.77 10.7
449.83 8.6
450.67 2.0
451.34 5.9
452.10 2.3
453.78 7.5
454.91 90.3
455.81 709.8
459.42 272.5
460.30 137.9
461.32 4.1
462.57 1.6
463.76 57.1
464.43 8.8
467.28 3.7
468.82 3727.1
469.92 25.6
488.53 1.4
524.64 1.2
579.78 5.3
584.36 1.5
624.77 7.5
625.47 2.2
642.66 1.7
652.26 2.6
654.91 1.1
655.71 2.6
660.23 2.7
683.60 1.2
700.24 2.3
726.57 3.7
798.19 6.6
799.32 3.6
824.43 5.0
