1232.50859 2
185.99 1.4
190.13 1.5
207.37 1.5
211.33 1.3
220.26 1.2
236.25 2.0
238.03 3.1
241.33 2.5
243.17 2.1
249.36 1.6
251.72 1.4
253.02 1.6
275.20 12.4
278.38 5.9
280.32 4.5
285.29 3.9
294.02 9.6
295.28 8.1
297.42 1.3
299.33 7.9
301.07 5.5
313.37 2.1
316.13 5.1
319.41 1.8
323.33 2.4
325.09 2.2
339.16 7.8
340.30 1.3
347.21 2.8
349.42 4.6
350.25 1.8
354.92 3.6
357.33 2.0
357.99 3.7
360.41 3.3
363.60 2.0
371.28 7.0
372.16 2.6
373.32 3.8
387.27 4.0
389.28 13.6
390.35 2.5
390.98 1.7
392.17 2.9
395.08 4.5
398.66 2.3
404.35 1.2
412.86 3.4
413.55 9.0
417.47 2.9
418.51 1.9
421.28 5.5
427.64 1.5
431.06 14.5
432.39 8.7
434.51 4.4
435.35 2.1
439.29 3.1
445.18 3.4
447.31 3.7
452.31 1.4
453.18 2.2
454.21 2.2
458.03 1.6
459.79 2.9
463.89 3.4
467.35 2.6
468.42 1.6
469.32 9.7
473.47 1.7
474.35 1.4
475.41 4.9
481.82 11.3
482.62 4.2
484.24 10.4
485.19 4.1
486.26 2.2
488.03 4.2
492.12 1.6
495.67 4.7
498.22 1.9
500.26 3.3
501.27 2.0
502.22 5.2
503.26 9.3
504.34 4.3
509.36 2.8
513.50 4.4
515.54 6.8
517.91 1.3
518.65 4.7
519.41 1.2
524.54 3.1
525.56 3.7
528.46 2.7
530.57 6.8
531.45 5.9
533.96 2.8
536.33 4.3
544.25 6.5
546.09 3.7
547.11 1.3
552.18 5.4
559.39 6.9
561.19 8.9
565.43 1.3
566.65 2.7
568.50 6.3
569.14 2.8
570.24 14.9
571.10 10.1
572.03 11.2
573.32 6.3
574.31 1.4
578.58 7.9
580.11 2.6
581.16 1.4
582.49 7.4
586.46 6.0
587.49 6.3
594.95 5.8
598.31 49.6
599.42 56.0
600.38 14.6
603.21 3.7
605.14 11.1
606.57 5.8
607.38 10.2
608.52 2.3
616.76 1.8
628.86 2.6
634.90 5.1
652.66 2.7
654.27 2.3
670.28 1.3
674.63 6.8
677.53 2.3
683.44 12.3
685.13 3.7
693.48 4.7
710.42 2.7
724.90 2.2
736.59 4.1
738.07 3.2
765.49 2.8
766.26 1.5
775.55 4.8
791.86 2.1
804.17 2.2
808.25 2.3
821.26 4.3
822.53 2.5
840.59 5.7
847.54 5.2
852.38 2.6
857.51 1.2
874.14 2.9
876.99 3.8
877.69 1.7
890.64 1.5
909.41 1.9
917.68 1.5
926.51 3.4
986.26 1.6
1029.72 3.2
1056.38 1.5
1085.75 1.7
1095.77 1.9
1100.68 10.7
