972.5512 2
138.98 3.7
140.15 3.1
141.13 31.6
142.20 1.8
144.23 4.5
147.08 37.0
148.28 10.8
153.17 12.9
155.15 299.6
156.21 24.3
157.11 19.8
158.19 3.0
160.98 5.0
163.25 7.9
165.13 133.6
166.15 13.2
167.15 38.4
169.16 124.3
170.20 24.8
173.28 6.6
175.20 12.7
176.22 5.1
177.14 8.0
179.40 10.6
181.12 3.6
182.17 249.0
183.13 25.4
185.20 92.2
186.27 6.8
187.18 7.5
187.97 3.2
189.17 9.9
190.15 3.0
191.17 3.4
193.27 14.0
194.12 13.9
195.20 42.3
196.18 8.9
197.22 36.8
199.08 169.4
200.18 23.1
201.38 8.2
202.96 1.8
205.19 4.6
206.01 2.8
207.17 8.3
209.23 28.8
210.21 18.9
211.34 3.0
212.03 2.2
213.08 57.8
214.39 6.1
215.16 3.6
216.18 36.4
217.23 14.7
218.31 4.7
222.23 11.3
223.18 31.4
226.07 143.7
227.20 48.1
228.35 26.8
229.13 8.1
230.27 5.7
231.50 3.5
232.45 3.3
234.15 12.3
235.19 27.8
236.52 6.1
237.23 54.5
238.23 9.3
240.18 689.1
241.30 55.9
242.23 3.3
243.33 16.1
244.29 8.8
246.68 12.0
248.05 9.2
249.11 6.6
250.31 63.0
251.42 7.8
254.15 997.2
255.15 100.7
255.79 329.2
256.70 26.3
259.93 3.6
260.68 13.4
261.48 27.4
264.12 9.9
265.43 17.9
266.22 4.0
268.18 779.4
269.63 436.3
270.34 47.0
271.30 30.1
272.24 94.8
273.29 23.0
274.11 4.9
275.15 13.6
277.04 11.2
278.81 51.2
279.53 9.1
281.18 149.5
282.15 32.2
283.49 11.4
284.23 13.4
285.33 167.7
286.36 41.2
288.06 2.8
289.35 11.5
291.28 8.8
292.26 32.4
293.31 105.9
294.37 20.3
295.36 18.1
296.47 36.3
297.49 8.8
298.80 2.3
299.55 8.3
300.63 6.8
302.41 9.7
303.43 21.7
304.46 111.2
305.28 14.8
306.10 2.3
307.12 11.4
308.39 4.0
309.31 26.2
310.32 52.1
311.50 17.0
313.18 21.5
314.43 2.4
315.54 4.3
318.19 233.4
318.91 65.7
320.18 6.9
321.12 25.1
323.33 10.1
324.13 31.8
325.08 18.8
326.58 137.8
327.35 113.3
328.34 5.5
329.47 40.3
330.23 3.6
331.21 13.7
332.79 534.8
333.42 290.8
335.35 10.0
336.93 93.1
338.11 120.2
339.15 21.9
341.08 61.6
342.60 27.3
344.27 15.7
346.83 3825.3
348.06 18.7
348.84 20.2
350.63 26.2
351.44 62.2
353.26 222.6
354.34 343.9
355.86 2339.4
357.02 20.5
358.18 30.7
359.63 139.1
360.40 91.0
361.53 10.7
363.47 21.7
364.96 107.3
366.22 183.0
367.14 21.3
368.19 19.7
369.25 28.9
369.96 15.2
370.87 7.5
372.18 5.5
373.61 272.5
374.35 180.8
375.05 39.1
375.76 9.0
377.15 13.4
378.33 7.6
379.03 14.4
381.26 262.7
382.45 19371.3
383.32 240.2
384.61 28.3
385.91 36.8
387.14 71.3
387.87 77.3
389.12 136.4
390.28 303.6
391.11 313.6
391.94 31.2
392.57 8.6
393.71 148.0
394.37 53.1
396.41 3708.3
397.43 112.5
399.10 132.5
400.11 531.2
400.95 79.2
402.01 30.1
402.96 55.5
405.44 10130.8
406.97 164.4
408.42 810.1
409.56 165.0
410.43 71.1
411.51 71.9
412.23 10.9
413.56 61.4
414.35 85.6
415.59 230.5
416.46 97.6
417.48 102.9
418.76 95.5
419.50 80.2
420.56 34.0
421.47 33.6
422.64 243.5
423.98 230.7
425.23 84.5
426.33 24.9
427.25 25.0
428.28 143.8
429.22 143.7
430.11 53.2
430.97 169.5
431.85 67.4
433.46 240.9
434.59 74.1
435.25 1362.5
436.59 803.9
437.32 193.1
438.01 234.0
438.84 66.2
440.42 11.6
441.74 335.5
442.62 254.0
443.68 95.2
444.68 33.1
446.05 77.6
447.14 67.6
448.24 71.0
449.69 568.0
450.39 304.7
451.46 1010.7
452.66 63.0
453.39 29.6
455.10 308.3
456.07 485.6
457.02 173.0
457.93 14.3
458.56 13.8
459.33 25.3
460.30 19.1
461.15 13.3
462.31 55.4
463.99 2505.0
465.08 601.9
466.44 80.2
468.14 225.7
469.11 682.3
469.91 122.9
471.25 209.5
472.55 6751.0
473.46 519.6
474.88 124.4
475.69 34.7
477.72 4747.0
478.46 3408.0
479.51 33.1
480.58 1.9
485.51 4.0
486.88 2.5
491.40 3.8
493.14 20.1
494.37 110.9
495.38 55.8
496.32 68.7
497.44 37.6
498.51 35.8
500.45 9.9
501.41 9.8
502.17 8.4
504.07 24.6
505.27 185.9
506.43 22.2
507.39 18.0
508.15 40.2
510.34 592.6
511.41 127.0
512.36 55.6
513.46 1.6
515.57 4.1
517.48 13.3
518.66 10.2
519.37 13.1
520.33 41.2
521.29 1.8
523.37 26.0
524.46 93.6
525.46 46.6
526.63 12.2
527.52 9.3
528.49 17.3
529.48 8.5
530.29 10.5
531.50 3.5
532.70 11.9
533.50 8.4
534.49 4.8
535.32 2.2
536.35 21.6
538.32 2052.5
539.34 589.6
540.26 5.1
541.31 5.4
542.40 47.7
543.45 50.8
545.36 14.4
546.41 73.7
547.21 15.9
548.29 13.3
549.24 20.4
551.08 2.7
552.60 4.3
553.43 25.0
555.38 41.6
556.46 178.1
557.51 53.0
559.27 11.2
560.36 8.7
562.33 58.2
563.41 6.6
564.44 5.2
565.44 68.0
566.36 2.4
567.25 9.8
569.17 12.3
570.12 20.0
570.91 13.0
572.30 5.5
573.39 114.5
574.40 39.8
575.44 25.9
576.70 9.5
577.40 16.6
578.33 10.6
579.36 11.6
580.91 10.2
582.40 7.1
583.39 103.6
584.39 26.4
585.33 9.5
586.09 4.7
588.42 2.9
589.54 11.4
591.35 466.9
592.29 1154.7
593.31 183.5
596.38 22.1
597.04 6.9
598.17 38.6
599.05 25.6
600.83 13.5
601.91 22.7
602.56 24.4
604.34 68.9
605.57 17.2
606.55 15.5
607.44 19.2
608.83 5.8
610.68 12.4
611.46 1.9
612.85 30.5
613.53 4.0
615.10 26.2
616.03 1.7
617.51 3.7
618.50 13.5
619.58 23.5
620.85 4.7
621.50 5.9
622.84 15.7
623.76 21.8
624.48 20.1
625.38 21.3
626.95 20.3
627.66 23.2
628.72 10.7
629.44 35.4
630.56 5.3
631.45 4.9
633.31 10.0
634.87 43.0
635.73 43.4
636.68 12.8
637.41 4.4
638.43 9.5
642.42 46.7
643.42 34.1
644.34 12.4
645.65 156.3
646.48 68.1
647.47 68.5
648.47 21.8
650.37 21.5
652.05 43.4
653.33 60.2
654.40 39.2
655.34 16.7
657.39 13.4
658.45 8.4
659.60 50.9
660.42 4.4
661.63 18.9
662.45 13.9
663.49 62.7
664.41 46.5
665.56 4.6
667.61 8.3
669.69 17.9
670.59 22.2
671.52 52.1
672.55 13.0
673.54 25.1
674.53 28.9
675.46 31.8
676.35 4.8
677.51 2.9
678.47 18.9
679.58 31.6
680.33 21.5
681.59 16.4
683.67 36.4
684.45 19.9
685.31 3.5
686.49 26.1
687.39 70.5
688.42 100.4
689.46 29.3
690.49 16.5
692.45 291.1
693.52 99.7
694.50 13.4
697.18 6.4
698.31 13.6
699.36 21.2
700.46 27.6
701.45 118.5
702.42 106.2
703.46 61.1
704.74 104.4
705.43 1552.3
706.53 408.7
707.50 7.8
709.59 14.3
710.47 30.8
711.46 18.3
712.74 4.6
713.65 5.7
715.48 13.1
716.50 14.2
717.32 2.2
718.41 187.4
719.57 54.4
720.51 8.8
721.33 15.7
722.51 2.9
723.14 3.4
724.70 2.6
725.71 3.6
727.19 17.4
728.57 25.2
729.41 18.1
730.40 5.3
731.55 8.1
733.47 2.6
734.60 4.3
735.54 13.5
736.50 9.2
737.19 8.9
738.37 1.7
739.45 58.2
740.41 24.2
741.76 3.7
743.74 5.3
744.42 30.2
745.58 50.4
746.53 62.2
747.55 83.8
748.50 41.5
751.48 19.1
753.20 27.9
757.42 57.2
758.33 15.9
759.93 17.5
761.44 218.3
762.41 9.9
763.50 184.9
764.53 72.1
765.78 9.8
767.83 6.6
768.55 2.0
769.50 16.2
770.58 29.0
771.60 11.8
772.64 9.5
773.64 5.9
774.40 95.3
775.47 33.3
777.42 3.0
781.55 12.0
782.60 22.1
783.43 6.9
785.69 15.6
786.53 2.7
787.78 12.8
788.68 4.9
791.54 340.1
792.53 101.7
793.46 7.8
796.51 1.7
797.51 36.3
798.52 33.4
799.52 322.3
800.47 118.0
801.40 60.5
802.66 12.2
803.26 6.2
804.48 517.0
805.48 185.2
806.18 5.1
808.01 29.2
809.43 104.1
810.50 48.3
811.42 2.0
812.94 7.3
813.64 16.0
814.74 35.2
815.47 590.6
816.49 272.5
817.39 108.1
818.20 8.0
819.81 20.1
820.56 4.5
823.36 4.1
825.25 32.9
826.47 104.3
827.47 20.9
829.82 21.4
830.57 176.7
831.59 38.2
832.58 20.9
834.64 7.6
836.49 3.5
837.56 6.0
838.49 3.1
839.48 5.6
840.53 3.8
842.46 3.6
843.62 1.7
844.73 41.6
845.59 16.7
846.79 7.5
848.69 3.9
854.09 14.5
854.87 17.1
855.69 4.7
858.48 12.9
860.68 6.2
861.44 6.7
866.43 5.3
868.77 2.9
869.53 6.4
870.44 6.8
871.38 14.1
872.55 5.9
873.50 5.1
874.62 19.6
875.69 3.3
882.54 7.3
883.35 6.9
885.27 6.4
889.90 2.8
897.52 4.0
898.81 10.3
901.57 29.0
902.73 10.8
903.65 14.5
907.53 2.1
914.71 5.1
923.23 6.2
927.67 1.8
931.67 5.4
932.54 4.4
933.63 25.0
948.86 5.6
949.92 4.0
950.90 14.4
953.68 3.0
