691.37779 2
97.99 1.9
102.29 3.7
111.28 1.3
112.18 2.8
115.19 2.1
119.11 20.7
120.29 1.0
123.19 17.3
127.20 4.0
128.14 4.5
129.42 8.3
130.29 3.0
132.83 2.7
136.19 164.1
137.28 1.5
140.10 3.1
141.30 8.1
143.18 55.6
146.25 2.4
147.11 34.9
148.33 1.1
150.06 2.6
151.93 2.8
152.96 1.1
155.16 80.7
156.12 6.3
157.93 1.5
160.17 1.8
165.07 291.8
166.13 11.9
170.29 1.1
171.13 4.9
173.30 1.3
175.23 20.4
176.18 3.0
176.95 1.0
178.00 5.0
182.09 1023.4
183.15 56.7
185.19 2.9
186.98 1.7
188.21 1.4
190.02 1.3
193.19 38.3
194.30 3.6
195.40 1.8
196.28 4.1
198.21 25.8
199.35 8.0
200.08 2.2
200.85 1.6
202.43 4.4
203.15 1.7
209.21 3.6
211.45 7.3
212.22 20.3
213.29 9.1
216.88 1.8
218.81 2.6
220.25 4.2
221.12 15.4
222.32 2.0
223.13 25.5
223.98 2.7
226.20 12.5
227.13 10.1
227.87 3.2
230.92 4.1
234.15 1.0
235.24 1.9
236.47 1.9
237.08 2.2
239.26 252.7
240.18 329.0
241.53 70.3
242.27 2.2
244.54 14.6
245.45 3.3
246.20 2.5
247.23 2.0
248.23 1.2
249.02 2.3
250.42 5.8
252.09 10.1
253.24 3.7
254.18 39.5
255.50 16.4
257.16 554.4
258.13 35.7
259.15 1.1
259.88 1.5
262.16 5.1
263.40 11.6
266.22 2.9
267.06 2.6
268.36 1.2
269.24 2.9
270.20 6.0
272.26 10.2
273.50 8.0
274.46 7.6
275.45 4.1
276.11 18.7
277.34 1.3
278.04 2.0
279.56 25.5
280.45 7.8
281.19 13.2
282.36 4.4
283.04 4.9
285.34 5.7
288.21 5.3
288.99 14.1
290.33 5.4
291.15 3.1
292.18 1.4
293.20 2.4
294.55 5.9
300.31 15.3
301.43 15.4
302.41 7.7
303.58 14.6
307.83 10.8
309.10 10.3
310.31 32.8
311.28 4.7
315.00 21.4
316.85 201.1
318.01 6.8
321.63 24.4
322.44 13.5
323.42 84.8
324.90 20.7
326.72 4.8
328.21 449.2
329.20 402.0
329.96 24.6
330.90 68.5
331.94 19.6
332.89 11.9
335.56 5.1
337.14 312.4
337.74 215.6
338.35 27.1
338.98 17.3
339.72 6.2
340.35 5.8
358.61 2.5
361.36 3.1
369.05 2.4
370.71 11.7
373.34 2.7
374.44 2.5
382.40 1.7
384.31 1.7
385.51 1.4
386.41 9.6
388.26 3.8
389.32 7.7
392.50 5.1
396.51 4.3
397.47 11.8
399.75 1.3
401.46 6.8
402.40 4.8
403.38 3.0
404.35 7.2
406.31 5.8
407.34 2.1
408.79 172.9
409.77 19.1
411.20 47.9
414.71 4.2
415.94 6.2
417.33 6.4
418.09 3.4
420.33 12.9
422.40 1.0
424.37 9.2
425.33 8.4
426.67 16.5
428.27 5.7
429.21 4.7
430.15 6.6
431.56 1.1
432.42 5.0
435.25 1370.6
436.31 291.5
437.25 6.2
439.38 170.3
441.30 1.9
442.31 4.5
444.36 5.7
446.88 4.2
450.13 7.7
451.63 14.2
452.78 19.7
454.70 1.5
455.58 3.3
457.36 2.7
460.51 2.1
461.40 2.8
462.83 11.7
464.07 3.3
465.64 3.1
466.35 5.5
467.65 3.1
468.32 5.2
472.44 6.1
475.24 3.6
476.27 7.1
477.09 4.5
477.76 2.1
478.48 2.2
479.46 15.2
483.44 1.5
488.28 8.4
489.33 4.1
490.47 6.7
491.29 2.7
492.29 2.3
493.29 64.8
494.42 26.0
495.28 2.6
500.41 7.7
502.14 7.9
510.35 1812.0
511.40 524.1
512.38 2.6
515.78 8.0
516.44 18.0
517.51 6.4
518.44 2.6
520.50 2.7
522.00 1.9
525.46 1.4
526.32 2.8
528.38 16.1
529.45 5.3
531.75 8.0
532.46 1.9
534.54 1.2
536.46 8.8
538.35 97.1
540.27 4.9
541.40 3.8
542.07 2.6
544.34 3.5
550.34 1.8
553.45 3.9
554.45 4.9
555.61 1.6
557.47 2.2
561.39 1.5
562.39 2.1
564.21 6.2
567.49 2.6
572.08 4.9
572.80 2.6
577.47 26.1
580.27 1.1
581.31 4.0
585.17 2.0
587.39 66.6
588.41 20.8
589.58 1.7
591.48 1.8
593.35 7.3
595.38 237.2
601.40 6.7
602.48 1.9
603.65 3.0
608.32 1.8
632.53 7.8
643.59 5.0
656.96 2.9
668.37 4.1
669.54 2.5
674.66 2.1
681.52 1.5
