1530.719390000001 3
166.03 4.6
167.99 1.2
169.27 2.6
171.11 40.4
172.25 7.7
173.06 1.2
175.14 6.6
176.33 2.7
178.34 5.9
182.16 3.1
185.02 6.3
186.09 1.4
190.31 2.2
192.11 2.5
193.33 5.5
195.49 3.0
198.05 2.8
199.21 31.7
200.33 4.2
207.27 3.5
210.22 4.3
211.28 14.6
212.38 2.3
214.41 1.8
215.26 2.1
216.23 2.0
228.45 1.7
229.29 8.4
230.23 24.6
231.00 1.0
235.29 2.5
237.21 1.0
238.05 18.0
239.56 2.6
240.20 7.3
241.25 11.7
243.14 2.8
244.26 7.2
245.30 10.6
247.25 3.3
250.48 3.1
255.27 3.0
261.08 2.0
262.36 10.2
263.17 2.1
266.16 9.0
266.93 2.7
268.17 27.6
269.39 2.5
270.27 3.0
273.22 1.3
274.75 5.2
278.67 4.8
286.16 15.7
287.26 1.6
288.46 13.0
291.22 3.1
292.31 6.2
293.14 5.1
294.75 12.9
296.12 2.7
297.35 3.9
302.05 8.1
303.03 1.4
305.91 5.5
308.11 1.6
309.21 4.1
309.94 4.6
311.17 7.4
313.68 2.5
317.30 5.8
319.31 2.7
323.58 3.5
326.37 13.7
327.52 28.8
328.30 11.5
329.20 4.0
332.22 1.0
333.22 6.6
334.15 7.5
335.29 3.2
336.21 1.0
337.11 3.8
338.90 7.8
340.41 3.4
341.46 29.8
343.20 1.6
344.40 3.4
345.34 13.7
349.46 3.1
350.32 1.4
352.42 5.2
353.52 5.3
354.56 11.8
355.54 5.4
357.38 17.4
358.74 44.1
359.53 17.2
361.47 8.3
362.73 6.5
363.76 2.8
364.97 1.4
367.39 2.4
368.67 24.6
369.52 4.8
370.45 11.0
371.71 3.4
373.72 6.6
374.50 19.4
375.23 4.1
376.39 1.5
377.23 2.7
378.36 11.6
379.51 11.9
381.36 2.7
382.22 16.9
383.34 11.7
384.70 3.0
385.52 7.4
389.16 6.0
390.45 7.4
392.68 42.7
395.09 29.1
396.07 4.4
397.00 18.8
398.42 32.0
400.35 10.1
402.17 7.2
402.87 1.0
403.84 4.6
404.87 1.7
406.93 15.7
408.61 7.0
409.69 18.5
410.86 22.4
412.31 3.3
413.74 11.2
414.50 9.1
415.94 42.2
416.72 18.1
417.54 13.2
418.28 3.4
419.24 6.8
420.40 14.0
422.53 8.7
424.08 3.8
424.93 1.4
426.44 12.5
427.30 13.0
428.20 36.1
429.18 6.7
429.86 19.0
431.53 7.0
432.18 23.8
432.98 13.2
434.17 40.2
435.35 39.4
436.60 15.0
437.84 7.9
439.12 148.5
440.08 6.6
440.83 5.7
442.90 4.4
445.08 665.4
445.73 100.0
446.54 6.1
447.23 8.5
447.88 14.4
449.43 8.9
450.98 30.1
452.66 16.4
454.20 90.8
455.06 40.5
455.90 7.6
457.01 25.9
458.79 18.1
459.46 9.7
460.41 1.4
461.98 29.0
463.07 3.7
463.68 6.4
465.43 16.1
466.51 64.4
467.41 16.3
468.45 31.7
469.89 9.2
470.71 9.9
472.11 39.7
472.96 38.7
473.97 10.4
475.11 35.6
475.77 12.9
476.63 25.2
478.02 126.6
479.15 24.1
480.06 29.2
481.22 39.5
482.04 35.9
483.73 73.2
484.45 138.3
485.14 21.6
486.15 4.9
486.83 15.3
488.35 74.9
489.53 31.2
490.66 10.4
491.50 7.8
492.89 65.9
493.91 141.5
495.04 27.1
495.98 70.7
496.90 45.0
498.16 11.8
499.29 148.9
500.13 44.8
502.04 243.2
503.12 236.0
503.76 7.4
504.50 6.5
505.44 2.7
513.83 1.0
520.32 2.1
521.69 2.6
522.31 1.4
526.47 2.7
527.49 4.0
528.34 2.4
530.45 6.2
532.61 1.3
534.22 1.3
537.57 10.6
539.57 3.7
541.00 20.0
544.57 2.2
547.65 4.4
548.38 5.9
550.32 6.0
551.36 3.9
552.39 87.4
553.13 111.5
553.98 14.4
555.59 5.1
556.56 11.5
558.69 10.0
559.76 13.0
563.34 3.4
565.10 3.5
566.46 1.7
568.92 8.7
570.26 5.3
571.19 7.3
573.65 6.7
575.29 4.9
576.38 6.6
577.98 7.0
578.93 6.1
581.63 1.4
582.48 2.3
583.57 4.3
584.31 4.6
585.37 18.3
586.40 8.1
588.02 179.9
589.00 13.2
591.68 4.6
592.61 3.2
593.51 22.4
594.11 4.8
596.40 1.1
598.22 26.9
599.18 22.4
600.16 1.2
601.86 2.7
602.78 7.7
605.71 4.9
607.07 11.7
607.73 1.2
608.84 1.5
609.73 4.0
611.17 2.1
612.33 5.6
612.97 2.3
614.59 29.0
615.35 13.1
616.34 25.2
617.19 24.9
620.45 4.4
621.46 4.6
622.79 28.0
623.80 135.4
624.68 18.3
628.40 8.1
631.50 2.1
632.12 2.5
633.21 8.8
634.17 29.6
635.17 11.0
635.84 2.5
636.58 14.4
637.75 36.4
638.75 12.7
639.53 6.3
640.54 24.7
641.31 3.2
642.09 5.8
642.97 5.2
644.99 21.6
646.12 2.3
647.73 3.9
649.58 45.9
650.57 13.7
651.45 16.5
653.36 17.1
655.52 1.9
656.27 4.4
658.09 63.8
658.91 12.9
659.74 1.5
663.23 8.2
664.31 13.9
665.17 15.1
667.11 2051.9
668.09 347.7
669.33 7.0
670.42 3.1
671.42 3.5
672.04 8.9
672.94 4.5
674.87 1.3
675.63 2.2
677.45 9.8
678.86 24.8
679.73 27.5
680.38 4.5
682.33 10.1
683.47 8.4
684.70 14.6
685.68 8.7
686.31 3.4
688.68 7.7
689.34 4.8
692.70 4.0
694.46 10.5
695.47 2.5
698.37 1.0
699.03 3.5
700.02 23.9
700.89 14.9
701.65 6.4
703.19 7.1
706.26 2.1
707.79 24.8
708.74 18.1
709.36 3.3
710.05 4.8
711.38 2.5
714.53 1.4
715.66 2.3
716.55 96.3
717.69 44.9
718.61 7.9
720.50 1.0
721.33 3.2
722.26 3.9
723.61 3.2
725.08 12.3
725.88 2.4
727.47 2.5
729.86 4.0
733.33 3.5
734.31 11.9
735.45 4.7
736.33 6.9
737.51 4.4
739.38 2.6
740.63 13.0
741.58 17.4
743.12 11.8
744.03 13.7
747.43 5.3
748.34 4.6
750.33 1.7
751.73 13.6
752.56 7.2
753.47 9.9
754.82 1.6
757.39 2.2
760.97 1.1
764.53 3.2
765.46 7.2
767.56 8.9
768.59 4.3
771.52 5.6
772.54 3.0
773.65 2.2
774.38 1.5
775.75 1.4
776.46 4.7
777.15 5.7
778.34 5.6
788.48 2.0
789.46 11.1
790.43 2.0
792.47 20.1
793.63 21.9
795.25 1.9
796.51 6.3
797.90 8.4
802.57 4.2
806.32 2.9
810.43 2.0
812.91 21.1
816.61 2.7
818.31 5.8
820.20 1.8
821.41 4.5
823.62 3.9
833.57 5.8
834.39 2.1
839.38 5.1
841.27 3.2
843.84 1.4
845.55 6.7
846.34 4.6
847.61 4.1
850.57 3.4
851.67 2.8
852.69 3.2
854.59 5.8
857.64 1.8
860.44 5.3
866.56 1.5
867.58 3.6
869.79 4.3
871.40 6.0
877.45 1.2
884.53 3.2
887.45 2.0
888.62 3.3
889.53 6.7
890.53 2.5
893.84 4.3
908.46 1.9
916.40 3.3
918.46 1.2
929.68 2.7
933.16 1.2
934.42 1.7
937.36 2.3
939.29 1.2
946.49 5.6
947.88 3.9
951.61 6.6
963.55 1.6
964.26 2.4
966.52 2.1
967.70 18.5
982.51 7.3
983.69 6.6
995.74 6.1
1000.63 2.8
1007.55 2.1
1026.59 8.1
1091.62 1.7
1158.51 2.8
1159.95 1.9
1163.45 3.0
