1000.60338 2
142.43 1.4
143.34 7.2
147.29 1.5
155.19 66.5
156.15 4.1
158.15 3.8
159.35 12.0
169.13 35.0
170.19 8.8
171.21 4.5
172.06 4.3
173.08 1.2
174.16 1.9
175.24 160.2
176.27 1.6
181.11 5.7
182.08 10.2
183.18 38.4
184.25 9.3
187.11 23.6
188.20 3.4
191.26 2.0
193.44 3.0
195.43 1.7
197.20 47.4
198.42 4.3
199.17 55.3
200.22 55.6
201.68 2.7
202.39 2.7
203.18 5.0
209.26 31.7
210.62 2.6
211.38 8.2
212.30 1.9
213.32 1.4
214.41 4.0
215.24 33.4
216.11 24.0
217.16 111.9
218.34 18.1
220.20 1.4
223.46 2.4
224.23 2.4
225.19 1.8
226.23 9.6
227.14 53.9
228.25 66.1
229.23 2.4
230.09 8.6
232.22 71.4
233.15 10.9
234.97 8.8
237.27 2.6
239.23 8.4
241.28 16.1
242.26 9.8
244.15 254.6
245.20 55.1
246.09 2.7
248.41 2.4
249.25 3.0
250.45 4.3
251.44 2.0
252.13 2.2
253.32 2.2
254.25 4.6
256.33 2.1
257.84 5.8
261.00 6.9
262.22 4720.8
263.18 313.3
264.44 2.8
265.08 5.9
266.25 3.1
267.37 4.1
267.99 2.4
269.31 3.3
270.38 3.2
272.16 11.1
273.25 7.1
274.16 4.5
276.16 9.7
278.52 1.4
279.30 1.8
281.25 1.1
282.19 1.6
283.10 10.0
283.91 11.2
285.06 10.0
286.25 12.9
290.22 2.2
291.35 5.7
293.35 3.0
295.00 38.7
296.32 5.5
297.00 4.0
298.24 2.0
300.37 1.5
302.72 4.8
303.39 9.3
304.56 2.6
308.34 7.2
310.41 13.5
311.27 3.0
312.98 9.8
313.87 3.6
315.38 7.8
316.26 6.1
318.09 19.9
319.66 3.4
320.36 4.8
321.31 1.4
323.38 5.9
325.43 15.3
326.25 10.8
327.23 6.8
329.34 4.0
330.37 13.0
331.18 10.8
331.81 1.2
333.50 5.7
334.35 1.4
335.15 5.1
336.40 3.0
338.40 16.5
339.26 2.4
341.60 6.8
342.46 7.5
343.35 14.1
344.23 2.7
345.39 4.5
347.75 9.0
348.61 12.6
351.01 16.9
352.85 13.8
353.74 2.9
356.19 4.3
357.29 11.6
358.97 42.9
360.16 12.7
362.01 1.0
363.27 8.8
364.19 8.1
365.39 6.0
367.16 18.7
368.75 8.6
369.70 2.9
371.05 11.6
372.41 8.8
373.22 11.6
374.24 39.6
375.32 31.0
377.35 19.7
378.30 32.6
379.13 30.6
379.81 9.9
381.19 30.8
381.98 84.7
383.11 2.1
384.30 59.7
384.92 36.5
386.31 17.7
387.28 181.4
387.90 55.5
389.29 1.4
390.84 2.8
391.52 2.2
393.25 5.8
394.28 7.1
395.30 12.0
396.21 28.7
396.92 56.4
398.09 10.7
398.84 7.7
399.80 17.5
400.46 5.1
401.52 16.1
402.75 2.0
406.65 20.3
407.44 11.7
408.05 16.1
408.69 3.0
410.58 30.4
411.94 34.1
412.75 7.4
413.47 14.7
414.78 20.3
416.80 19.0
417.98 4.4
418.60 6.9
419.30 4.0
420.12 6.7
420.82 6.0
421.61 17.9
422.69 7.4
424.32 55.9
425.53 51.7
426.43 63.7
427.10 2.2
427.73 4.3
428.47 14.4
429.55 21.6
430.31 19.8
431.41 9.0
432.33 2.1
433.09 6.8
434.65 30.7
435.47 36.9
436.23 7.9
437.83 15.8
439.07 22.4
439.68 6.0
440.36 22.5
442.10 37.8
443.33 58.7
444.20 44.3
445.28 1.0
446.59 18.1
447.31 6.8
447.94 59.6
449.34 2.1
450.74 30.1
451.39 7.8
452.89 22.3
454.39 3.7
455.18 7.1
456.62 31.2
457.39 6.5
458.88 4.3
459.90 35.5
461.09 21.7
462.27 11.0
464.16 71.2
465.17 91.8
466.27 50.2
467.18 11.6
467.90 30.6
468.51 1.0
469.57 54.7
470.68 38.4
471.39 7.3
472.59 33.3
473.66 25.4
474.64 28.5
475.35 7.0
476.09 25.7
477.09 85.8
478.30 307.6
479.22 105.5
480.62 43.3
482.64 229.4
483.34 93.5
484.02 54.4
484.70 40.6
485.93 132.2
486.97 30.1
488.11 29.6
489.13 85.5
490.00 69.2
491.20 149.8
492.15 607.3
492.96 112.9
493.98 13.5
495.47 2.0
505.25 1.0
508.38 1.2
509.45 5.1
510.52 10.2
512.30 111.7
513.42 27.5
515.55 5.7
516.42 3.8
517.39 1.7
520.19 6.0
521.42 7.3
522.43 7.5
524.50 13.1
529.57 8.7
531.27 5.3
533.27 19.5
536.25 11.6
537.49 115.4
538.38 23.6
539.38 22.2
540.02 11.3
541.42 13.6
542.24 11.9
544.57 8.3
545.36 10.4
547.88 1.9
550.33 5.1
553.99 109.8
555.84 18.0
557.29 4.5
559.43 7.1
561.61 8.6
562.55 4.5
564.47 1.5
565.97 13.2
566.96 17.4
567.60 7.7
568.54 2.7
569.67 4.4
570.46 5.3
571.42 9.5
572.96 3.9
573.79 2.9
574.64 1.6
577.44 137.4
578.40 15.0
579.62 1.6
580.70 3.7
582.40 3.2
583.37 26.8
584.32 4.1
586.42 21.3
587.51 3.3
588.52 30.0
589.47 11.2
590.42 12.2
591.61 2.7
592.67 10.2
593.71 11.0
596.75 4.7
598.77 19.4
599.49 14.2
600.11 1.5
601.39 8.7
602.33 12.4
603.47 29.4
604.68 10.4
606.47 37.6
607.53 17.1
608.43 13.5
609.67 6.3
610.60 10.9
611.54 2.5
612.42 2.5
613.61 22.3
615.11 4.9
616.48 3.9
617.26 13.4
618.06 9.1
618.74 5.6
620.25 16.0
621.43 7.5
624.40 58.7
625.50 46.1
626.40 3.1
627.13 11.1
628.79 9.7
630.24 7.2
631.39 3.7
634.92 27.8
635.53 90.3
636.54 16.3
637.70 37.2
638.46 11.3
640.10 17.5
641.55 21.6
642.48 24.1
643.66 12.2
644.66 3.9
647.22 9.5
648.28 8.4
649.14 7.6
650.38 7.6
651.22 9.3
652.27 3.7
655.36 9.9
656.31 19.2
659.12 26.7
660.06 9.6
661.27 3.0
662.36 9.2
663.22 8.2
663.94 4.6
665.28 13.7
667.47 33.6
668.48 61.7
669.52 12.0
670.77 12.1
673.11 7.2
673.87 9.3
675.63 44.2
676.51 78.0
677.47 15.2
678.49 2.8
680.88 2.7
682.62 12.4
683.86 40.5
684.82 473.1
685.51 103.0
686.16 17.1
687.08 4.0
691.16 5.3
692.64 13.0
693.60 19.7
694.39 90.0
695.41 34.8
696.95 22.4
698.26 8.9
699.49 32.8
700.34 27.7
701.46 6.8
702.13 7.6
703.37 15.5
704.51 8.6
705.62 10.8
706.53 7.2
707.15 4.6
708.28 4.7
709.41 24.3
710.63 7.8
711.50 28.2
712.55 5.7
713.64 2.7
714.59 9.2
715.45 1.2
716.52 34.5
717.38 35.4
718.67 1.4
719.31 4.0
721.44 231.5
722.46 64.3
723.59 11.7
724.67 7.5
725.83 2.7
728.49 3.3
729.98 2.1
731.05 5.0
733.44 6.9
736.66 2.2
737.65 3.3
739.47 6022.9
740.47 1586.7
741.29 5.9
742.66 1.2
744.50 4.6
745.44 1.0
746.66 5.1
749.59 21.8
754.74 10.8
755.79 13.4
756.52 1.1
757.42 1.7
758.66 2.0
759.44 5.8
760.67 1.1
762.70 6.8
764.67 1.4
767.44 84.9
768.40 30.2
769.37 6.4
770.39 2.1
771.46 11.1
773.48 568.2
774.54 119.1
775.70 11.8
776.59 1.1
780.56 1.9
781.57 7.6
782.93 14.7
784.40 5.4
785.61 9.3
786.40 3.7
787.96 5.1
789.32 1.6
793.60 3.3
795.51 1.9
797.52 1.1
798.46 4.8
799.56 11.7
800.81 2.0
801.51 3.1
802.75 2.8
804.53 2.5
808.69 10.3
809.42 1.2
813.28 2.9
818.71 3.9
820.76 3.5
826.52 47.8
827.45 19.1
829.26 1.2
832.75 3.7
836.65 6.7
838.28 2.8
842.41 10.9
843.29 5.2
844.43 104.9
845.64 51.9
847.62 3.7
851.38 3.9
852.53 2.2
853.72 7.5
854.56 26.1
855.44 2.3
856.56 4.1
857.40 3.7
859.96 3.2
867.32 5.5
869.39 3.0
872.00 1.9
873.39 7.6
875.41 1.2
884.33 6.7
887.68 4.3
888.82 3.0
893.26 2.9
894.66 6.4
895.55 6.3
896.55 7.4
900.25 2.5
901.28 3.1
902.43 1.5
913.52 4.7
920.46 2.6
931.37 4.2
943.57 4.9
953.78 1.5
955.79 7.6
956.63 5.0
961.49 2.2
964.58 3.8
965.42 2.0
969.50 3.0
977.55 2.7
994.40 1.5
995.40 2.0
1011.67 4.0
1012.50 1.5
