1757.95085 2
252.31 1.6
308.30 1.0
340.26 2.9
348.18 3.6
352.83 2.1
363.36 2.7
368.42 1.6
374.22 3.6
378.34 1.1
385.25 1.6
389.86 3.3
406.22 1.2
424.23 3.9
437.11 2.9
447.21 3.9
456.82 4.4
468.37 1.6
498.50 4.7
503.32 4.7
518.14 3.4
521.75 11.5
525.58 1.3
527.58 4.1
540.26 1.9
567.39 5.1
568.61 4.4
570.10 5.2
571.36 1.7
577.71 2.4
579.42 2.4
580.60 5.6
582.88 2.6
596.26 1.8
598.43 1.5
599.34 1.5
606.14 2.7
611.77 5.6
613.23 1.7
614.45 3.2
617.52 5.8
621.49 1.0
623.58 1.8
625.03 3.6
627.04 1.2
628.52 12.9
630.12 7.2
633.95 6.2
643.45 2.8
648.57 9.2
651.14 3.4
653.72 2.8
656.30 1.8
658.63 1.5
664.31 2.6
666.33 2.7
667.41 3.7
668.38 2.7
669.30 2.0
680.84 3.6
687.46 8.6
689.95 3.5
694.09 1.5
698.30 2.7
702.38 1.2
704.07 1.7
706.20 1.7
707.50 5.4
709.56 4.2
710.42 2.5
715.55 1.7
717.55 1.8
722.00 1.5
723.60 3.1
724.91 9.5
727.40 1.6
730.37 3.2
732.90 2.9
739.72 10.0
740.56 6.2
741.21 2.7
742.64 10.0
743.24 1.1
745.04 16.7
746.52 6.5
748.02 2.8
751.42 2.4
757.82 14.5
760.70 3.9
762.36 9.0
763.37 5.1
764.41 8.6
765.25 2.9
766.37 3.1
767.28 3.9
768.20 6.5
769.60 4.5
770.45 1.5
773.64 5.6
774.64 3.9
778.46 1.5
779.62 2.0
781.53 9.4
782.66 10.4
787.05 3.9
788.63 3.3
789.26 11.0
790.02 5.3
792.04 5.1
792.72 5.2
794.21 7.5
797.51 7.9
799.48 3.3
807.39 13.9
812.42 4.3
814.64 2.7
816.26 11.4
818.39 1.8
821.52 3.5
822.59 1.3
823.47 1.2
825.73 1.5
827.18 1.5
828.98 6.6
830.61 3.8
835.41 39.2
838.54 3.5
842.81 14.4
844.52 16.0
845.69 3.5
847.84 9.7
849.07 15.1
851.51 12.5
852.34 7.9
853.52 11.5
855.09 4.4
857.23 5.3
858.89 16.5
860.20 5.7
861.29 55.8
862.15 66.9
862.79 22.8
870.00 6.8
894.47 3.6
897.51 2.2
916.29 8.3
918.51 1.7
930.85 2.3
934.25 2.1
940.73 15.6
941.53 3.3
943.67 8.6
949.52 6.2
954.61 4.6
957.05 1.2
962.58 2.0
966.41 5.2
969.67 1.0
970.48 3.4
971.40 2.7
972.37 5.4
975.13 8.6
976.12 5.4
981.30 1.3
984.94 4.8
1002.68 5.2
1013.00 4.3
1018.06 11.3
1024.06 6.1
1031.43 4.0
1053.09 5.8
1058.67 2.1
1060.13 4.3
1072.91 7.5
1080.33 2.9
1082.26 9.3
1092.72 4.6
1094.89 1.4
1099.87 1.7
1104.48 9.1
1109.80 1.2
1114.08 9.8
1116.85 3.6
1117.85 7.2
1127.88 2.2
1128.71 3.6
1144.52 1.6
1157.68 11.2
1169.14 3.2
1176.72 1.8
1185.67 2.7
1191.44 2.0
1194.71 1.5
1195.39 5.8
1198.70 7.7
1204.70 3.7
1206.60 5.1
1216.36 3.8
1265.56 2.2
1275.86 2.6
1308.65 4.9
1396.10 3.3
1400.65 2.5
1404.65 1.5
1407.80 1.6
1469.69 3.6
1488.55 6.7
1533.70 3.8
1536.74 4.1
1567.07 1.7
1701.06 2.4
1746.41 5.0
1763.81 1.7
