743.4676999999999 2
106.11 2.9
109.25 2.5
111.15 93.0
112.12 28.5
114.25 1.3
121.30 1.4
123.20 2.9
128.47 27.3
129.17 203.4
130.17 76.1
131.22 5.8
132.22 1.8
133.22 5.1
134.21 1.1
134.92 1.9
136.13 48.4
137.22 4.0
141.15 81.3
145.21 1.4
147.02 198.1
148.10 85.9
151.42 1.1
155.19 11.1
156.04 4.0
157.11 27.9
157.97 6.1
159.38 3.3
162.13 6.4
164.49 4.9
166.11 1.2
167.00 4.3
168.05 9.7
169.15 184.0
170.18 9.7
173.54 9.8
174.26 3.5
175.22 19.0
182.05 5.9
183.26 2.6
185.08 40.7
186.17 1.6
187.87 2.0
193.93 4.8
197.20 22.7
198.19 1.5
199.13 3.0
200.28 3.4
201.14 3.1
202.27 3.0
203.15 1.7
204.09 1.8
204.84 4.6
205.97 2.7
206.98 2.2
208.22 3.7
209.01 1.4
210.15 12.4
212.56 6.2
213.28 32.0
214.10 3.9
215.15 3.1
216.26 3.1
217.28 3.0
219.25 3.6
223.14 4.8
223.75 3.0
225.09 6.3
228.15 5.9
228.92 1.9
230.28 8.6
234.36 3.4
235.29 6.4
236.64 10.0
237.27 10.3
238.09 1.3
239.58 13.1
240.45 51.2
241.21 54.4
242.03 57.8
243.18 11.5
244.44 4.5
245.39 10.8
246.26 4.9
246.99 5.5
250.33 1.8
251.30 5.3
253.07 1.6
254.24 96.6
255.25 18.6
256.15 5.0
257.22 7.0
258.52 46.5
259.16 131.4
260.07 131.6
261.15 8.1
262.35 15.0
263.23 1.0
264.05 3.2
265.48 4.0
268.13 241.0
269.21 11.3
270.61 17.1
271.44 8.4
272.09 6.8
273.56 3.7
274.65 11.3
276.20 34.5
277.04 5.3
278.10 8.4
279.22 33.2
281.22 20.2
282.40 9.7
283.32 5.1
284.20 2.2
285.35 3.9
286.21 1.9
287.40 3.1
288.22 66.3
288.94 15.1
290.80 464.3
291.77 7.2
293.40 25.0
294.15 2.8
296.00 10.9
297.26 12.4
298.16 19.2
299.02 6.1
299.99 6.8
301.23 2.4
302.41 3.0
304.01 34.0
304.65 5.1
306.14 11.9
306.76 18.4
308.28 24.0
309.55 7.1
310.29 30.4
311.29 12.8
312.27 16.4
313.46 21.3
314.25 21.1
315.20 169.8
315.89 20.3
316.59 8.1
317.33 25.0
318.32 1.6
319.24 9.8
320.30 26.6
321.54 12.5
322.23 9.1
323.52 10.0
324.28 9.9
325.42 17.2
326.44 12.1
327.18 16.4
328.27 33.2
329.27 16.2
330.71 5.1
331.45 6.8
332.54 18.2
333.41 9.7
334.67 10.8
336.87 1120.5
338.10 30.6
339.03 13.0
339.70 4.6
340.68 8.7
341.46 33.0
342.35 29.8
343.27 10.6
344.25 27.0
345.59 13.3
346.32 14.7
347.80 42.0
349.52 200.7
350.26 65.3
351.23 32.1
353.36 52.0
354.38 106.4
355.26 1319.4
356.11 687.9
357.00 59.3
358.06 49.2
358.97 10.4
360.16 78.9
361.12 27.3
363.13 738.5
363.80 3355.4
364.92 13.2
365.74 9.5
372.21 9.2
379.67 3.9
381.39 14.8
382.32 4.4
382.95 1.4
384.12 1.5
389.06 9.7
392.75 1.8
393.53 6.2
397.03 14.1
399.72 7.4
401.37 1.5
402.33 9.1
403.25 5.7
404.36 4.3
408.93 1.6
411.20 3.3
413.27 2.7
414.21 4.2
419.84 1.6
421.16 6.0
424.25 1.6
425.46 2.4
426.34 9.0
429.38 37.0
430.45 3.9
431.42 2.9
432.48 3.4
435.84 16.5
436.48 9.8
439.56 8.7
441.07 2.3
441.80 7.7
443.38 6.9
444.23 5.2
445.42 9.7
446.03 3.8
447.34 6.2
449.78 7.4
450.82 3.5
451.85 10.0
453.08 10.4
454.33 1.5
455.01 2.1
456.55 3.5
457.61 3.5
458.36 30.7
459.38 6.7
460.37 3.6
463.99 6.6
465.17 18.4
466.79 26.3
467.57 5.8
468.38 8.8
469.10 8.8
470.36 16.4
471.69 12.0
472.36 8.7
473.23 131.7
474.28 31.4
476.33 617.6
477.41 90.8
478.63 8.3
481.25 24.7
482.32 15.1
483.17 13.1
484.22 5.9
484.94 11.9
486.31 4.0
487.21 9.2
488.19 4.1
489.78 1.2
490.57 5.2
491.79 1.6
492.63 9.6
494.38 7.9
495.93 4.4
496.69 1.6
498.36 1.6
499.69 25.1
500.65 50.1
501.67 19.8
502.88 9.9
505.17 3.2
506.14 6.4
507.23 2.0
512.64 1.7
515.33 24.7
517.32 38.7
522.17 4.3
523.22 4.5
525.35 9.1
526.53 1.9
527.54 1.9
530.50 6.6
531.46 1.1
532.25 4.7
533.48 3.3
534.30 8.7
535.43 1.3
536.61 1.4
539.69 13.0
540.56 10.2
541.40 2.8
542.52 3.5
543.40 10.5
544.39 2.8
546.92 4.3
551.29 2.6
552.99 9.0
555.26 2.6
556.73 4.1
557.44 21.0
558.68 8.9
559.50 1.7
560.44 128.0
563.48 9.1
566.25 4.9
567.40 25.0
568.49 5.9
570.18 1.8
571.29 10.2
572.67 1.7
574.24 4.7
575.48 605.4
576.42 126.4
580.15 50.6
581.40 46.0
582.58 6.8
584.43 4.9
585.47 21.1
586.45 41.2
587.44 5.1
588.52 3.6
590.86 3.2
592.52 2.5
594.52 2.7
595.58 1.2
598.60 6.8
599.56 3.0
601.98 6.1
605.70 2.9
608.86 2.8
610.35 7.4
611.36 10.9
612.49 14.9
613.50 7.5
614.85 1.3
615.46 6.6
623.55 2.7
624.47 5.7
629.64 4.7
631.23 26.4
635.32 4.4
639.47 2.4
642.37 3.1
645.45 8.9
647.37 1.8
651.50 11.3
654.33 6.3
656.20 2.0
672.31 17.7
673.63 15.5
681.73 3.4
696.32 1.6
699.34 3.1
706.68 7.9
720.50 1.5
721.46 4.3
728.45 3.3
733.03 2.4
743.60 5.4
754.15 1.1
