1369.67046 2
199.17 2.0
207.45 1.7
210.09 4.0
220.04 1.2
222.10 1.1
223.43 1.2
227.19 1.7
228.30 2.6
230.21 3.4
233.02 2.9
235.22 1.3
241.37 1.7
243.20 1.0
244.34 1.4
249.06 3.5
251.26 6.7
256.58 1.9
261.01 1.6
263.24 4.8
267.06 2.5
268.22 3.6
271.33 1.5
275.32 1.5
277.19 2.1
279.16 2.0
280.22 3.7
285.39 2.5
293.19 1.5
294.20 1.9
305.09 4.3
306.11 5.0
309.54 1.9
313.54 1.6
315.53 2.6
323.13 2.1
325.20 8.0
326.05 5.7
326.68 2.5
327.35 1.9
328.11 4.9
331.67 4.4
335.36 1.9
337.32 5.2
341.07 14.2
342.13 17.1
345.36 9.4
346.30 4.1
349.30 5.5
350.52 1.3
353.39 3.3
355.42 3.2
356.45 5.6
357.14 3.2
358.53 2.4
359.17 6.2
360.09 2.9
362.76 3.0
363.37 18.6
367.44 1.6
369.41 2.9
375.19 2.5
376.30 2.5
378.56 1.7
380.39 3.9
389.36 1.7
390.11 1.5
391.47 6.9
392.38 3.0
396.12 4.9
398.84 3.0
401.24 2.1
402.36 1.9
405.09 2.5
406.18 2.7
408.43 1.8
409.24 2.3
410.46 2.7
411.34 2.4
416.30 1.1
418.57 1.1
419.74 3.3
420.44 1.5
421.21 4.5
424.34 2.2
425.37 1.4
427.17 1.7
429.09 16.2
430.21 27.0
431.35 1.4
434.20 2.4
435.42 1.4
436.39 11.4
438.97 2.5
439.84 2.0
442.18 2.5
443.42 2.2
444.34 4.8
446.25 1.6
447.86 2.7
449.14 8.6
451.15 4.3
452.19 2.4
453.55 4.7
455.48 5.2
456.82 3.8
458.63 4.4
462.35 1.7
465.54 6.2
466.18 2.0
468.82 6.6
469.54 4.8
472.17 1.2
473.10 2.0
474.26 7.7
476.45 10.0
477.55 4.4
478.42 2.0
482.09 4.5
483.31 1.2
484.82 5.0
486.41 4.5
487.13 5.9
493.17 1.4
495.27 6.2
496.46 1.7
497.27 5.9
499.16 1.7
503.28 1.2
504.23 27.4
505.31 3.2
506.27 3.2
508.41 5.2
511.20 1.9
512.61 5.7
513.34 8.7
514.86 8.1
517.06 1.4
518.43 4.4
521.08 4.8
521.77 7.3
522.60 4.1
523.45 6.3
526.36 6.2
528.26 1.7
531.65 5.0
535.86 13.2
536.87 3.8
538.65 1.5
539.39 7.4
542.23 1.4
550.03 5.3
551.30 19.0
552.23 7.2
553.68 3.3
554.40 1.4
555.61 9.4
556.32 1.3
557.52 21.1
559.65 1.3
562.89 1.5
564.80 3.9
566.30 2.6
567.59 6.1
568.56 17.0
569.33 8.4
570.39 7.8
571.17 17.8
572.24 11.3
573.30 2.8
576.84 7.5
578.36 2.4
579.30 34.2
580.74 5.5
581.47 6.4
582.38 1.2
583.36 14.6
583.99 6.6
586.14 14.2
589.13 8.9
591.00 7.9
592.24 1.7
595.14 2.1
596.11 2.7
597.32 73.8
598.43 16.3
599.43 1.7
600.45 2.9
601.11 3.5
601.96 6.8
603.17 10.5
604.30 3.0
605.40 5.6
606.21 7.6
607.29 12.0
607.93 5.3
608.73 8.8
610.73 8.6
612.07 19.7
613.59 11.1
615.14 6.7
617.36 7.7
618.44 5.1
619.75 92.8
620.61 5.9
621.71 2.8
622.91 9.8
624.14 22.1
625.54 10.0
627.12 9.1
628.34 15.8
629.12 20.9
630.64 8.2
631.32 2.4
632.92 34.9
633.54 20.6
635.56 3.4
638.29 3.0
639.67 3.5
640.54 10.1
641.28 11.7
642.59 7.7
643.57 6.3
645.61 2.2
647.86 21.0
649.40 27.9
650.36 8.2
652.48 14.9
654.24 25.7
655.15 11.7
656.86 3.2
658.12 8.2
659.35 20.0
661.12 3.8
662.32 16.1
663.11 18.4
663.81 10.1
667.42 157.8
668.35 52.0
669.32 13.9
670.12 2.2
670.96 10.1
673.17 9.5
673.85 8.0
674.67 1.4
676.14 15.4
676.98 2.9
687.10 2.6
694.51 5.8
702.81 2.7
706.88 4.5
713.69 2.6
715.37 2.7
716.35 2.1
718.47 2.4
719.93 4.4
725.52 3.2
728.20 6.1
746.47 6.1
755.55 8.9
763.39 1.7
769.26 4.7
770.28 6.0
773.49 82.3
774.40 10.1
775.71 3.3
779.58 7.9
781.33 12.4
784.33 1.2
795.61 6.2
802.76 2.2
807.36 1.9
809.20 10.8
810.58 1.1
818.46 6.4
834.04 1.5
841.31 2.0
842.43 9.0
849.56 6.3
850.24 1.7
851.67 3.0
854.63 5.4
857.53 4.8
862.58 2.2
869.06 2.9
870.58 3.1
872.09 3.8
874.51 4.6
875.30 4.1
876.32 10.1
877.53 1.6
878.69 1.1
880.37 1.1
881.40 1.5
885.30 4.5
886.44 1.4
887.38 1.7
888.62 12.6
894.55 53.2
895.51 7.6
896.56 10.2
900.49 6.0
901.43 3.1
904.42 3.1
905.21 4.9
905.99 3.9
907.46 1.9
911.64 1.2
917.70 6.5
919.38 4.9
920.16 4.5
932.32 2.7
936.61 2.0
941.46 1.5
944.93 3.6
953.67 1.5
958.59 1.7
959.40 1.4
964.69 1.8
969.32 10.6
971.60 1.8
973.33 2.8
978.63 1.7
981.27 1.4
984.59 6.4
987.09 5.7
989.77 9.8
990.72 5.4
994.32 1.5
995.29 1.1
997.38 1.9
998.99 1.8
999.66 3.0
1001.31 3.0
1002.49 4.1
1005.29 1.7
1007.23 26.6
1008.43 5.1
1010.58 1.4
1016.23 9.7
1017.30 4.8
1019.00 2.2
1020.07 2.5
1023.39 1.3
1025.50 3.9
1040.50 2.9
1044.73 2.7
1069.59 2.2
1072.57 3.2
1077.69 3.5
1078.61 2.7
1085.20 3.4
1089.28 6.2
1090.34 2.1
1102.77 1.9
1103.60 2.5
1104.48 2.9
1106.88 9.1
1124.66 1.2
1125.88 4.2
1127.68 1.2
1135.18 3.0
1135.89 4.2
1136.57 1.4
1139.50 2.6
1142.70 3.3
1156.36 2.2
1166.47 3.6
1167.62 1.2
1202.87 1.1
1205.22 2.6
1222.79 3.8
1237.47 9.6
1238.54 3.0
1319.08 2.6
1347.99 6.8
1349.76 3.3
