1153.51335 2
166.03 4.3
175.51 12.6
176.19 4.0
178.16 1.9
179.20 11.5
181.17 7.4
182.34 6.4
183.16 7.2
185.18 5.1
188.22 1.2
189.19 2.5
190.25 1.4
191.13 6.7
192.12 4.7
193.17 11.6
194.13 5.9
195.48 3.8
197.01 12.2
200.21 3.3
202.63 3.0
205.36 5.9
206.37 3.0
207.25 41.3
208.19 7.5
209.17 40.7
210.23 4.1
211.26 23.0
212.25 2.8
213.25 1.8
214.20 2.7
217.17 21.1
219.21 7.7
220.14 1.2
221.32 15.6
222.65 13.1
223.25 43.5
224.49 6.7
228.13 5.0
230.32 7.4
234.26 42.6
235.20 8.1
236.26 17.0
237.19 18.6
238.23 3.7
238.89 2.0
240.68 18.2
241.29 164.0
242.21 19.1
244.14 13.0
245.15 11.5
248.21 2.7
249.04 2.1
251.07 1.7
254.28 1.9
255.24 3.1
257.00 4.4
258.20 15.7
259.97 5.0
262.16 502.0
263.22 48.6
266.35 2.1
269.31 4.0
271.36 6.8
272.68 15.0
273.28 2.0
274.08 1.5
274.92 2.9
277.43 7.8
278.18 3.1
280.27 618.0
281.19 64.8
282.30 1.3
284.24 4.4
285.36 6.7
289.48 6.3
290.38 5.8
292.26 5.2
295.12 2.8
296.00 4.7
297.52 17.6
303.48 5.5
305.27 4.4
306.24 16.7
307.05 2.6
308.25 2.1
309.55 3.6
310.33 8.3
313.28 5.8
314.20 7.9
317.14 6.2
318.21 2.0
322.32 3.5
323.70 4.3
325.35 8.3
326.25 9.1
329.30 16.4
330.43 3.8
331.39 7.7
332.43 1.3
333.68 2.8
336.06 2.9
338.24 6.8
339.34 11.4
344.43 5.8
347.38 1.8
349.24 200.3
350.32 38.6
351.20 4.3
352.33 58.7
353.32 17.5
355.21 27.6
356.71 20.6
357.39 77.8
358.60 44.5
359.27 10.0
360.36 4.4
362.62 5.9
366.31 3.2
366.99 1.5
367.95 2.4
368.55 4.5
369.48 3.2
370.15 19.6
371.16 13.3
371.80 14.4
374.48 5.4
375.28 14.2
376.59 6.1
378.05 1.4
379.53 5.6
381.23 9.2
382.11 14.0
383.37 5.2
385.31 7.9
386.12 2.3
388.26 7.7
389.93 3.4
391.32 2.3
393.28 48.4
393.99 53.5
394.69 1.2
397.48 7.6
398.60 15.7
400.37 11.6
401.87 143.6
403.07 19.2
403.81 2.2
405.23 5.3
407.35 567.1
408.47 11.0
409.19 2.9
411.22 1.7
412.47 1.6
413.32 6.4
414.30 9.1
415.90 1253.1
416.88 31.8
418.06 7.9
419.29 15.5
421.09 44.1
422.93 2.6
424.80 264.9
426.32 118.6
427.44 37.7
428.22 5.8
429.02 15.4
429.95 47.1
431.62 21.4
432.39 2.0
434.01 21.8
434.63 3.0
435.88 15.9
436.70 17.7
437.54 51.4
438.34 33.1
439.39 2.6
440.29 101.2
441.09 17.1
442.60 37.6
443.40 16.8
444.35 27.5
445.41 4.8
446.86 24.6
447.89 10.8
449.38 184.6
450.27 22.9
451.38 121.5
452.37 17.2
453.56 8.8
454.31 64.4
455.45 44.5
456.53 150.2
457.35 67.7
458.37 5.2
459.40 25.1
460.95 55.7
461.85 24.1
462.74 11.1
464.44 182.5
465.50 553.1
466.80 39.6
467.82 27.0
469.07 137.5
469.88 93.5
471.23 4.1
472.99 197.3
474.08 9.1
475.06 40.8
476.00 89.9
476.99 5.8
478.44 1538.9
479.96 131.3
481.18 9.2
482.23 4.5
483.17 14.2
484.50 122.0
485.64 45.6
486.95 1598.5
488.16 177.8
489.03 159.5
490.19 34.2
490.83 4.7
492.29 18.3
493.24 41.6
494.60 211.9
495.69 301.0
496.40 81.2
497.91 4043.1
498.85 33.1
499.90 6.6
500.79 15.4
501.96 61.5
502.99 94.2
504.36 22.4
506.46 6955.4
507.51 11.4
508.65 47.6
509.56 9.8
510.59 45.2
511.44 396.2
512.35 49.7
513.45 42.2
514.95 18.4
516.11 49.1
516.92 7.4
517.97 4.2
518.97 6.6
520.44 519.5
522.54 2.2
523.27 35.5
524.46 235.4
525.48 9.5
526.87 36.8
527.57 19.7
529.15 35.2
530.22 46.4
531.41 59.0
532.19 71.4
533.15 325.5
533.86 116.7
534.77 4.9
535.98 14.4
537.50 74.6
538.36 364.8
539.17 115.9
540.38 27.3
541.72 547.4
542.40 176.9
543.28 4.5
544.20 7.4
545.15 26.0
546.57 406.9
547.36 176.1
548.48 21.1
549.48 111.1
551.40 874.9
552.86 30.5
554.59 311.7
555.33 314.7
555.99 136.2
556.66 8.1
557.47 6.5
558.56 151.7
560.00 3024.3
561.23 30.6
562.05 59.0
563.08 20.9
564.07 23.2
565.05 93.5
566.00 33.0
568.23 585.2
568.91 3503.2
569.77 22.9
570.78 11.3
575.06 4.1
575.74 2.8
579.40 3.1
581.31 1.8
581.99 1.5
589.44 2.9
590.77 12.0
592.32 71.1
593.38 42.6
595.18 3.6
596.19 137.2
596.99 20.8
597.68 12.5
599.32 8.2
601.28 1.1
604.33 5.9
605.76 5.9
607.19 129.0
608.38 19.9
609.81 5.4
612.16 19.7
613.00 5.8
613.89 9.1
614.51 19.1
616.06 23.2
617.15 20.0
618.11 2.9
619.10 1.5
619.78 1.2
621.35 7.3
622.71 11.2
624.32 526.2
625.35 110.0
628.55 3.3
631.18 32.8
632.68 2.9
633.98 2.8
638.17 13.1
639.41 4.2
641.54 12.0
642.29 7.0
644.67 13.0
646.26 1.1
647.07 5.3
648.32 140.8
649.39 41.6
651.43 13.6
652.64 31.6
653.60 2.6
655.03 9.7
655.64 1.2
656.30 19.0
657.66 3.7
658.52 1.1
659.73 11.8
662.33 3.5
663.31 3.9
664.29 8.1
665.30 166.3
666.46 58.4
667.46 5.9
668.48 2.8
669.11 2.0
672.69 1.3
675.16 6.7
676.39 8.9
677.18 7.4
678.32 1.9
680.67 3.8
681.32 7.7
682.36 2.7
683.42 6.4
684.25 5.9
685.03 12.7
686.43 3.3
688.03 6.4
689.30 2.6
690.53 5.5
693.29 73.7
694.42 30.4
695.25 13.1
697.49 2.5
698.85 6.0
699.91 16.1
701.08 9.1
702.08 8.6
704.50 5.2
705.67 1.6
707.47 3.4
708.89 2.7
709.76 5.6
710.79 28.6
711.66 22.2
712.69 23.7
713.47 3.5
714.29 11.7
715.32 23.5
716.28 13.9
717.48 17.5
719.00 18.5
719.89 9.1
721.18 22.5
722.24 15.7
723.27 2.1
723.92 6.0
725.30 13.3
726.70 1.3
729.02 1.2
730.63 5.6
731.66 3.4
733.78 11.9
734.52 5.7
735.15 17.8
737.45 11.1
739.51 93.6
740.46 56.8
741.52 22.5
742.38 28.0
743.31 4.1
744.11 22.3
745.34 2.8
746.10 14.0
747.14 3.4
748.63 2.8
750.65 105.9
751.74 7.6
752.43 16.4
754.28 66.1
755.29 22.5
756.48 14.8
760.37 46.6
761.36 6.4
762.07 3.3
763.27 20.7
764.05 7.2
765.41 11.1
766.46 1.8
767.61 2.1
768.89 3.2
769.65 5.5
772.45 8.1
773.45 3.7
774.68 1.1
775.50 1.7
777.11 21.7
778.08 6.9
779.55 10.0
780.43 36.9
781.46 8.2
783.83 3.8
784.62 1.4
786.07 36.0
787.17 22.2
788.36 4.5
789.52 1.0
790.57 3.0
791.52 16.8
792.52 8.2
793.74 2.4
796.35 3.7
797.34 105.2
798.50 28.8
800.14 6.0
801.02 8.2
807.48 5.2
809.61 1.5
810.45 2.1
811.42 4.8
812.46 6.5
813.61 13.6
814.38 11.0
816.11 1.5
821.22 6.4
822.49 2.0
825.59 15.8
826.62 15.5
827.98 3.4
828.76 6.2
830.38 38.9
831.57 9.3
832.79 1.3
833.55 3.2
834.59 2.0
835.33 7.0
839.59 4.3
840.43 8.3
841.15 3.2
842.31 11.7
843.94 5.6
847.55 21.7
852.64 2.5
857.34 769.3
858.38 325.9
862.44 6.5
868.59 4.4
874.41 1851.6
875.46 714.9
878.47 22.5
879.49 33.5
880.42 10.5
883.03 2.9
884.42 2.6
885.63 2.0
886.51 1.9
891.52 2.1
893.41 3.0
896.33 101.7
897.38 35.2
899.69 4.4
901.29 11.9
902.32 1.8
903.83 1.1
906.20 3.9
909.36 1.1
913.79 9.3
915.22 1.5
916.69 1.8
919.61 1.8
924.38 8.7
928.58 5.3
929.41 11.1
932.10 13.5
933.66 1.7
934.50 1.1
939.47 1.3
940.34 7.1
941.52 2.4
942.50 1.9
943.99 10.4
947.36 1.1
949.28 1.8
950.46 3.4
951.57 3.5
958.63 1.8
960.33 4.0
965.64 5.3
970.55 4.2
971.20 2.3
973.42 3.7
974.52 2.3
977.72 1.2
979.64 1.7
980.36 9.1
981.25 7.4
982.58 3.0
983.52 7.2
985.85 3.8
988.72 2.6
989.94 9.3
990.72 2.1
994.42 33.3
995.47 33.5
996.71 7.8
997.90 2.9
998.72 3.9
999.62 3.8
1003.64 4.1
1006.54 2.7
1007.36 1.5
1008.23 5.0
1011.53 85.0
1012.44 30.5
1016.57 6.6
1018.38 1.9
1021.50 7.3
1026.61 6.0
1030.56 2.1
1039.61 1.6
1045.74 3.7
1048.35 2.3
1054.48 2.6
1063.46 2.1
1065.33 2.2
1066.34 5.9
1075.69 2.6
1082.28 1.9
1115.32 2.7
1116.60 1.7
1136.55 2.0
