1006.48863 2
144.98 2.4
147.32 17.8
148.16 3.0
152.19 1.7
154.95 2.2
157.16 3.3
158.56 3.8
162.94 1.6
166.13 4.6
167.07 3.8
169.14 535.7
170.30 5.8
175.18 22.6
176.09 4.7
181.97 1.1
183.11 4.7
185.23 109.8
186.13 7.4
187.23 5.3
189.16 5.6
190.22 1.6
193.42 1.7
194.11 2.0
195.24 3.0
197.09 226.5
198.15 2.6
199.25 32.4
201.30 5.1
202.17 1.8
203.18 6.8
203.95 1.5
208.69 8.5
209.76 2.7
213.12 137.5
214.24 11.9
215.18 9.1
216.09 1.4
217.01 8.1
219.33 2.4
221.12 40.9
222.20 7.1
223.23 9.3
224.27 1.9
225.04 1.8
226.06 1.7
228.00 5.1
230.19 20.7
231.19 9.3
232.27 8.7
233.22 3.8
234.17 4.5
235.30 1.2
236.29 9.6
237.14 5.2
238.35 4.1
239.37 28.2
240.18 74.5
241.24 2.5
244.35 3.0
246.61 5.6
247.33 4.7
248.27 5.9
249.25 4.5
250.13 92.0
251.23 6.2
253.18 9.0
254.29 15.5
256.29 1.7
257.27 2.4
258.22 6.5
260.23 1.3
260.93 2.7
265.03 20.3
266.25 12.9
268.12 621.0
269.16 33.0
270.51 3.8
272.23 7.0
272.93 1.6
274.07 1.3
275.73 7.3
277.27 5.7
278.28 8.7
281.07 296.5
282.12 38.9
283.15 8.4
284.17 17.0
285.19 7.4
288.11 3.6
289.30 12.9
290.55 4.8
291.25 6.2
292.34 3.0
294.35 9.0
296.03 1.9
297.27 5.3
298.60 20.2
300.10 21.3
301.25 16.3
301.96 3.3
303.10 8.7
307.54 6.1
308.29 2.1
309.17 12.0
310.21 280.1
311.42 19.9
312.09 9.7
313.74 6.5
317.35 3.9
319.17 6.5
320.34 8.0
322.15 1.8
324.96 7.8
327.18 12.2
329.10 1.3
330.39 5.7
331.27 8.2
332.15 3.1
334.79 7.1
336.25 52.7
337.28 186.1
338.52 14.9
339.61 5.9
341.11 64.7
344.51 7.7
345.55 12.3
346.17 3.3
348.34 2.7
349.22 4.6
351.49 6.1
353.33 611.4
354.29 35.0
355.33 50.5
356.26 3.3
357.02 1.7
358.35 7.1
359.21 14.3
359.83 2.5
360.73 22.1
361.50 12.7
362.32 10.2
363.35 17.5
367.29 3.9
368.27 4.6
369.11 1.5
370.38 4.1
371.27 3.5
372.46 2.8
373.59 5.7
374.37 6.3
375.02 3.3
376.15 24.6
377.21 6.9
378.37 10.2
379.54 11.0
381.23 778.7
382.36 43.8
383.20 7.3
384.06 16.7
385.28 3.1
386.36 12.8
387.51 16.7
389.48 33.7
390.42 23.5
391.25 6.2
392.23 10.9
393.36 2.4
394.74 43.8
395.52 8.6
396.37 2.8
397.24 35.0
398.51 27.9
401.47 26.0
402.30 3.7
403.13 4.7
404.22 5.1
406.08 45.2
407.10 30.9
407.98 6.4
409.32 9.6
410.79 439.9
412.57 17.2
413.99 22.1
415.15 108.8
416.03 14.6
416.79 3.4
417.44 4.3
418.38 2.2
419.78 237.1
420.40 62.5
421.66 5.8
422.45 6.8
424.23 677.0
425.21 66.1
426.04 5.2
427.42 8.6
428.50 13.6
429.63 37.5
430.38 3.6
430.98 2.8
432.20 21.4
433.51 14.4
435.08 11.3
437.16 39.5
438.19 34.4
439.01 7.8
440.05 22.5
441.21 3.7
442.40 24.4
443.55 7.7
444.52 12.8
445.69 16.7
446.93 188.7
447.97 10.1
448.89 8.0
450.26 88.1
451.33 30.8
452.39 6.1
453.52 9.8
454.75 20.1
456.35 2.7
457.22 6.9
458.13 13.7
459.45 186.6
460.33 43.2
461.78 7.9
462.63 32.3
463.73 28.2
464.57 20.6
465.53 36.6
466.60 24.6
468.32 4960.8
469.46 91.2
470.32 34.0
471.13 20.6
472.14 59.1
473.52 144.9
474.38 23.5
475.40 10.0
476.01 2.6
476.62 56.3
477.90 15.6
479.77 28.6
481.01 60.8
482.21 110.1
483.25 31.9
484.13 32.1
485.63 247.8
486.47 135.0
487.56 37.7
488.67 72.2
489.77 52.2
490.95 61.2
491.68 99.4
492.50 36.7
493.68 42.7
494.91 1150.3
495.86 119.6
496.92 6.5
499.35 2.4
511.03 13.6
512.45 42.2
513.44 7.2
514.40 4.4
515.46 4.4
520.98 17.6
522.22 14.9
524.46 3.4
525.56 6.7
526.61 4.5
527.63 1.8
529.16 1.8
531.39 4.0
533.62 4.1
537.25 24.6
539.26 666.5
540.35 65.7
541.11 1.1
542.07 3.2
544.40 4.2
545.23 5.3
546.04 10.7
547.57 7.5
550.49 11.2
553.53 2.0
554.63 18.6
555.31 5.8
556.42 12.1
558.47 3.7
559.26 6.1
560.49 8.2
561.41 7.7
562.21 2.1
563.28 7.4
564.05 4.2
565.43 53.7
566.59 9.4
568.33 3.0
570.42 16.2
571.34 12.4
573.37 4.2
574.17 9.2
576.47 4.6
578.38 1.4
579.27 10.5
581.74 16.2
582.70 19.7
583.35 328.8
584.41 35.9
586.08 2.1
587.51 7.4
588.34 8.9
590.01 28.5
590.94 6.0
591.88 2.4
593.47 2.2
594.76 2.5
596.14 27.2
597.94 14.2
598.56 5.4
599.60 4.6
601.34 2.0
602.38 9.4
603.84 17.0
604.77 34.9
605.71 5.6
606.84 10.0
607.53 6.1
608.39 79.1
609.33 11.6
610.04 11.0
611.67 30.3
612.45 11.3
613.66 31.3
614.52 18.2
615.49 27.0
616.76 44.2
617.47 24.1
618.60 4.9
620.44 9.7
621.74 19.4
622.59 3.0
623.25 3.5
624.54 8.9
626.28 4427.3
627.33 412.4
628.08 5.5
629.47 6.0
630.16 4.0
631.59 4.8
632.70 17.4
633.60 28.3
634.37 3.5
636.39 11.3
637.14 7.6
638.57 49.2
639.84 21.5
640.74 7.3
641.63 17.0
642.43 1.3
643.11 1.3
644.12 3.3
645.01 9.7
646.20 9.9
647.71 10.5
648.35 88.5
649.45 36.3
650.75 1.2
652.26 10.7
653.50 23.8
654.34 22.5
655.17 16.0
655.88 2.2
657.47 6.8
658.73 8.2
659.40 2.5
660.75 3.6
663.56 15.5
664.77 17.5
667.37 5.6
668.49 5.3
669.58 10.3
670.51 29.6
671.38 9.0
672.97 2.9
674.24 6.1
676.17 3.7
677.22 3.5
679.52 10.0
680.55 16.5
681.48 40.4
682.26 21.7
683.74 2.5
686.21 4.4
687.06 6.4
688.61 76.8
689.46 39.6
690.13 30.3
693.00 5.2
693.68 5.1
695.64 8.8
696.85 8.4
698.11 17.5
698.94 6.4
699.74 4.9
700.46 1.2
702.34 5.1
703.12 15.4
704.52 3.7
705.35 7.8
706.41 4.3
707.53 5.3
710.41 3.9
711.87 17.6
712.49 4.3
715.06 1.8
716.32 13.4
717.59 1.5
718.56 1.3
719.57 4.9
720.79 5.9
721.47 138.8
722.51 5.0
723.56 1.4
727.33 3.5
728.82 10.4
729.54 3.4
730.53 5.8
733.25 1.9
735.34 6.5
736.08 3.0
739.39 4177.0
740.35 634.9
741.18 2.9
742.36 2.2
744.42 9.5
746.12 5.7
747.03 5.8
747.68 5.0
748.86 10.9
749.64 7.9
750.26 3.4
753.05 5.9
754.11 4.7
755.76 5.7
756.65 27.9
757.56 12.9
758.29 13.4
759.27 5.2
761.50 4.3
764.67 2.7
765.38 1.5
766.78 3.4
767.42 4.9
768.60 2.9
770.27 7.9
771.46 3.8
772.67 2.9
775.51 42.3
776.60 30.5
777.66 8.0
779.34 3.1
780.62 6.3
781.66 1.9
785.47 3.8
786.63 1.9
788.69 6.3
789.72 1.6
790.41 3.9
793.71 2.9
794.98 2.8
797.40 4.5
802.46 5.1
803.70 3.3
805.51 6.7
806.81 12.7
807.57 7.4
808.55 2.6
811.17 2.9
814.81 1.4
815.95 2.7
817.34 3.3
820.46 65.2
821.34 13.5
822.46 2.9
823.46 2.0
824.39 16.1
825.34 7.2
827.68 5.0
829.31 4.9
830.48 8.4
831.69 6.8
832.35 1.9
838.42 2870.9
839.39 437.8
840.09 2.4
842.47 16.3
843.53 3.7
847.52 4.0
848.40 20.5
849.72 8.2
850.46 1.8
853.72 2.6
858.43 5.1
859.56 16.5
860.51 43.7
861.36 18.3
866.22 3.1
868.18 4.3
870.71 8.2
871.75 6.6
873.27 16.2
874.30 9.2
878.28 32.7
879.53 11.2
880.56 1.3
881.68 6.2
883.18 1.6
884.37 1.6
886.49 2.8
899.49 1.1
901.78 1.3
905.31 1.2
906.56 3.1
919.48 5.3
920.25 2.0
923.56 7.5
924.59 9.3
927.36 4.3
935.53 95.9
936.66 7.2
941.63 2.7
950.29 3.0
952.78 2.3
953.68 3.8
968.44 32.9
969.10 4.1
971.15 12.9
985.61 28.6
997.52 1.8
