1004.3654 2
147.14 2.0
156.29 8.9
167.32 1.6
175.23 31.4
181.22 2.1
182.29 2.2
184.92 1.5
186.27 1.3
187.12 8.2
188.44 6.2
193.12 21.0
194.04 10.4
197.12 2.0
198.07 5.5
202.15 5.8
205.23 7.3
207.25 2.7
209.16 5.1
210.28 6.9
214.07 2.6
215.32 5.3
221.25 72.5
222.13 1.7
224.16 4.2
226.25 35.8
227.21 14.7
232.22 1.5
238.79 4.2
240.13 7.9
241.20 7.0
244.28 22.0
245.61 2.0
249.00 8.1
251.32 2.6
253.44 1.3
254.32 2.9
257.81 1.2
259.22 1.5
260.17 1.2
261.99 6.6
265.04 26.3
266.79 1.1
272.23 5.6
276.82 16.6
277.69 5.8
279.33 5.2
281.15 467.0
283.08 12.6
284.53 4.7
285.42 6.0
286.45 2.5
292.27 1.4
293.27 6.2
295.25 1.2
296.30 4.0
298.85 14.9
299.74 36.9
300.41 13.3
301.50 6.8
303.29 4.1
304.37 2.9
305.68 5.5
307.81 9.8
311.18 7.9
311.95 6.0
313.15 1.8
314.16 3.8
315.72 25.1
318.31 8.0
319.63 5.4
320.75 36.9
321.88 5.2
322.99 3.3
325.21 2.5
325.86 7.1
326.49 2.4
327.20 17.1
329.51 67.1
330.15 28.7
331.71 6.5
335.77 39.6
336.65 20.1
337.27 5.4
338.15 1.1
339.20 10.2
340.06 2.7
341.04 63.7
341.77 5.3
342.62 15.6
344.91 87.1
345.83 32.5
346.75 14.7
347.98 6.0
349.02 3.0
351.75 9.9
352.78 28.2
353.50 4.6
354.89 1.5
357.22 15.3
358.06 4.9
358.76 16.7
359.67 14.4
360.68 56.5
361.46 24.9
362.12 8.6
362.96 17.6
366.82 16.2
369.28 2.9
370.15 1.4
371.20 5.5
372.31 10.5
374.31 26.2
375.43 17.4
376.30 11.9
377.87 40.6
380.79 19.9
382.21 6.0
384.33 3.6
386.28 3.0
387.58 10.6
388.25 4.0
389.22 11.3
391.02 5.3
391.99 23.8
392.79 16.2
397.23 1.7
400.83 12.3
401.97 11.6
403.72 4.5
404.69 3.9
405.37 1.9
406.88 5.5
407.61 4.2
408.75 5.7
409.40 4.0
412.27 23.5
415.08 163.3
415.90 14.9
419.33 6.0
421.53 57.2
422.64 1.5
423.80 4.7
424.80 1.4
426.25 4.1
428.39 4.3
429.11 12.1
430.38 20.5
431.79 10.4
434.28 8.1
436.30 4.6
438.07 15.4
439.13 1.3
440.75 10.1
441.61 4.4
443.64 31.1
444.42 4.7
445.75 25.8
448.18 13.8
448.98 10.2
450.56 15.7
451.66 7.3
452.65 16.9
455.64 12.0
456.73 12.9
457.86 274.9
458.79 18.9
459.94 8.0
461.13 3.0
461.96 22.0
462.75 16.0
463.36 25.2
463.97 104.2
465.48 24.6
466.61 11.9
467.38 5.7
468.52 9.8
470.47 24.0
471.54 25.3
472.93 521.3
474.07 23.0
476.11 34.0
478.87 338.6
480.34 44.1
481.16 20.4
482.04 7.7
482.76 5.6
483.47 28.2
484.86 436.2
485.79 73.3
487.90 903.2
488.79 1.5
490.39 48.9
491.45 64.3
492.42 9.0
493.69 1324.3
494.34 368.9
496.62 1.1
513.30 1.1
519.10 2.8
523.22 4.2
524.25 1.4
528.15 1.2
530.68 4.3
532.26 22.2
535.37 3.3
536.30 3.0
537.49 4.1
540.38 4.5
541.10 10.6
542.29 3.0
547.89 6.6
556.28 2.4
558.13 4.2
559.92 2.2
560.58 4.1
561.97 5.9
564.07 7.9
566.41 1.7
568.47 3.2
569.32 3.1
570.38 2.7
572.40 1.8
573.31 4.1
583.23 2.1
584.06 20.9
588.74 4.0
589.61 1.8
594.10 7.0
596.64 2.4
597.50 3.9
601.72 9.9
602.81 6.9
604.19 6.4
606.00 8.3
612.17 4.5
613.28 7.3
615.30 2.0
616.36 6.3
618.93 5.7
623.22 10.3
624.97 1.7
627.14 4.1
629.50 1.2
631.10 1.4
633.31 9.3
636.30 3.9
637.83 2.7
638.76 1.8
641.15 2.1
642.96 8.4
644.34 7.6
645.32 3.5
650.73 1.7
651.42 2.8
652.48 10.7
658.46 5.1
659.64 1.7
665.55 3.6
671.07 2.5
673.35 10.6
675.14 7.5
676.21 10.6
681.51 9.8
686.29 1.4
687.15 11.5
690.25 4.3
692.62 4.3
693.30 3.8
694.58 8.4
695.29 6.7
697.30 5.7
698.26 2.1
700.71 1.1
701.39 4.0
702.30 3.1
706.71 4.3
709.17 2.3
714.26 16.0
715.86 3.0
720.48 1.5
721.28 4.1
723.12 11.8
724.45 6.1
726.53 3.3
728.59 13.3
729.70 5.1
731.42 5.8
734.60 1.7
737.43 2.1
740.29 5.6
741.20 6.1
742.28 2.3
743.29 16.3
744.22 3.0
751.42 1.8
752.40 2.6
755.21 1.0
757.46 4.2
760.47 25.8
761.36 126.9
762.34 28.9
763.53 3.8
766.26 3.2
769.11 2.5
772.94 3.5
781.27 4.3
782.53 23.9
783.54 38.4
784.41 30.6
785.14 2.7
786.52 4.5
788.49 6.1
789.34 3.4
792.66 2.2
794.51 3.6
796.04 3.6
798.53 3.4
799.15 2.5
800.30 35.0
801.24 5.0
802.54 3.5
804.26 3.4
806.37 2.3
810.49 3.5
812.29 27.6
813.24 9.2
814.89 3.5
817.41 20.8
818.44 11.2
823.14 4.6
828.45 9.0
829.80 9.0
831.21 5.7
833.62 3.2
836.55 4.6
839.65 8.2
841.41 1.2
843.71 4.2
844.64 1.7
845.31 1.6
847.24 1.1
848.30 1.2
849.25 2.0
853.31 3.4
854.91 5.7
858.39 3.2
868.26 2.2
871.30 2.2
874.77 1.5
875.50 3.1
881.51 3.2
905.54 3.2
912.53 1.5
914.39 2.6
966.49 121.4
967.42 68.3
981.56 2.1
982.56 1.3
