2425.28496 2
341.42 2.8
342.32 2.1
352.25 2.0
355.22 4.0
359.39 1.6
362.26 8.2
363.23 1.8
368.29 4.5
371.02 5.0
373.04 1.3
377.32 2.3
378.00 1.5
380.34 11.9
383.26 1.5
392.09 3.9
393.23 7.4
396.32 3.8
401.41 31.9
402.14 4.1
403.36 4.2
412.57 1.5
414.18 1.1
419.57 4.9
420.25 1.7
421.30 4.9
426.30 9.2
431.07 1.3
437.36 21.6
438.27 3.7
438.97 6.8
443.24 3.3
444.44 3.7
445.27 3.0
447.15 24.7
450.41 7.2
451.24 1.9
452.24 2.6
457.19 4.1
459.24 4.5
465.31 56.7
466.21 21.3
472.15 3.2
474.13 33.5
474.80 1.6
478.40 1.8
479.54 4.6
480.37 1.5
481.54 1.8
483.47 11.9
484.22 7.5
486.41 3.4
487.56 3.0
492.30 2.5
496.97 5.4
499.30 2.5
500.30 2.7
501.67 1.6
512.70 4.8
514.41 28.1
515.46 6.7
516.20 1.7
519.35 2.0
521.47 1.3
522.65 4.0
524.54 5.1
525.25 1.4
526.51 5.3
527.11 1.3
528.41 2.1
532.39 7.7
536.28 7.1
538.53 6.5
542.02 2.6
544.43 1.1
547.93 1.8
549.50 7.8
551.45 3.9
552.16 1.9
554.28 1.3
555.43 2.1
557.38 4.9
560.12 3.7
562.24 4.2
563.49 1.1
564.24 2.2
567.35 2.6
568.85 2.1
569.52 1.5
573.66 2.1
574.31 3.6
578.98 8.9
580.07 8.4
583.35 5.0
586.30 4.0
587.31 7.9
590.25 5.3
591.38 1.8
593.31 24.3
594.52 12.5
595.43 2.4
597.29 4.7
598.36 4.2
599.41 4.9
600.02 1.5
601.75 4.8
603.13 11.3
607.09 2.3
610.38 1.5
611.27 8.3
613.33 1.8
614.58 3.2
617.77 4.7
619.32 1.9
622.46 1.8
624.32 1.3
625.46 9.2
627.58 30.0
628.25 25.4
629.18 2.2
631.24 8.9
632.23 1.9
636.30 2.5
639.42 1.2
640.49 2.8
641.40 1.1
643.42 2.7
644.14 3.8
645.50 56.6
646.56 10.7
649.84 9.0
650.44 1.7
651.50 4.4
655.60 2.8
656.31 9.3
658.30 7.2
659.32 1.3
660.48 3.8
661.32 2.6
663.57 1.3
664.96 7.7
666.80 4.9
667.48 1.6
668.45 3.2
669.33 1.9
671.31 1.6
672.46 4.5
676.43 24.2
677.41 23.1
678.19 1.8
679.31 4.3
682.48 1.4
683.43 1.6
685.38 1.0
686.39 9.0
690.99 2.8
692.39 2.7
694.55 7.2
696.54 6.6
697.66 4.3
699.47 4.7
701.43 6.7
702.40 4.0
703.11 3.0
704.41 1.9
707.65 2.0
710.58 9.5
712.24 50.1
712.98 12.5
713.86 1.7
717.37 10.3
718.72 5.7
722.52 7.0
723.19 1.5
724.23 2.3
726.35 10.2
727.98 10.3
728.76 3.4
729.40 12.2
730.28 11.3
731.26 1.3
735.80 2.7
736.57 1.0
738.04 2.4
740.74 8.1
741.86 3.0
742.60 6.9
745.25 6.2
746.34 3.4
747.36 2.1
748.28 1.4
753.49 9.3
755.42 13.0
756.29 4.6
756.91 1.9
758.55 142.8
759.73 54.3
760.59 3.4
761.60 5.9
762.32 8.7
763.50 4.0
764.65 18.7
765.78 2.5
767.60 2.1
768.55 3.5
769.87 6.9
770.55 4.6
771.32 1.1
772.49 2.0
773.43 2.5
775.34 1.3
777.76 3.9
779.28 9.4
780.46 5.4
782.35 11.1
783.48 3.2
784.87 11.4
786.47 1.7
787.47 4.2
789.41 8.2
790.49 4.3
792.13 6.7
795.79 17.6
796.69 4.4
798.48 16.8
799.43 2.2
801.32 5.4
805.42 20.3
806.58 13.0
808.40 5.8
809.49 9.6
811.62 3.1
815.22 7.0
815.92 1.8
817.40 6.2
819.51 1.4
823.48 95.6
824.46 34.5
826.00 48.5
828.37 21.2
829.14 5.4
830.57 1.3
831.24 1.4
832.56 8.1
833.59 4.5
834.31 10.5
835.08 12.0
836.82 1.3
838.28 8.3
839.30 4.5
840.44 8.6
841.63 36.3
842.36 16.0
843.39 24.7
844.35 2.1
846.94 1.6
849.33 16.9
850.50 2.3
852.50 5.6
853.27 1.3
854.77 3.7
856.64 34.5
857.44 8.1
858.92 9.4
859.75 5.3
862.16 6.1
863.16 6.7
865.82 3.7
866.71 3.4
867.72 8.7
869.04 2.9
869.67 2.5
873.66 31.5
874.57 16.0
875.72 15.9
877.93 10.1
881.50 3.1
882.14 5.1
883.15 17.4
885.95 2.2
889.91 3.5
890.63 2.6
892.08 7.1
892.82 7.4
893.53 6.3
894.67 12.0
895.38 1.5
897.04 6.1
899.96 18.3
900.89 4.3
902.75 10.8
903.86 6.9
904.75 4.6
906.62 26.0
907.27 11.9
913.40 6.1
915.43 3.6
916.24 23.7
917.53 1.1
920.61 15.9
921.41 27.2
922.55 5.8
923.78 8.8
925.28 10.2
926.41 3.7
927.44 6.7
928.56 4.3
929.85 2.4
930.52 5.9
931.48 4.1
932.71 6.4
933.73 2.6
935.48 12.3
938.49 333.7
939.43 160.4
940.60 9.3
941.53 12.1
943.31 9.9
945.00 8.0
946.66 2.2
947.59 10.1
948.67 8.4
950.96 13.1
951.78 6.2
952.43 4.0
953.78 8.0
954.74 5.6
955.50 2.0
956.57 26.2
957.62 11.1
958.24 7.1
959.59 13.4
961.69 4.3
963.49 28.1
964.32 2.6
967.05 2.0
968.82 28.2
969.64 8.5
971.06 17.2
972.32 125.8
973.14 25.2
974.34 18.6
975.42 11.4
977.55 8.4
981.31 230.7
982.22 25.4
984.03 5.8
984.66 3.2
985.52 5.8
987.62 252.8
988.61 84.2
989.65 19.2
991.60 2.2
992.27 1.0
993.48 3.2
995.55 43.9
996.56 4.0
997.37 4.9
999.72 1.5
1004.45 1.8
1005.50 1.4
1010.19 1.8
1011.23 13.1
1013.51 10.9
1015.57 2.1
1016.17 4.5
1017.18 7.7
1018.28 6.6
1020.08 6.7
1021.65 5.9
1023.74 2.3
1024.70 15.7
1026.05 6.5
1028.74 2.0
1031.62 26.7
1032.42 33.0
1034.62 6.5
1035.39 3.8
1036.90 1.3
1039.45 10.8
1040.82 75.6
1041.69 31.6
1043.24 3.6
1045.41 2.5
1046.39 16.4
1048.35 2.3
1049.69 24.9
1050.49 17.2
1051.40 2.1
1052.63 4.0
1053.53 17.7
1054.39 3.0
1055.35 2.9
1056.57 15.3
1057.53 7.6
1058.77 9.9
1061.73 17.4
1062.90 15.7
1063.73 3.0
1066.61 2.5
1068.66 9.5
1069.78 32.2
1070.72 14.9
1071.57 14.2
1072.77 9.1
1075.10 2.1
1077.50 3.3
1080.63 5.9
1081.83 26.8
1083.18 18.5
1083.86 4.0
1084.74 8.4
1085.66 15.1
1087.37 13.1
1088.67 16.4
1089.98 1.3
1091.45 61.3
1092.40 22.8
1093.61 6.5
1096.46 2.3
1098.71 1.2
1100.41 138.0
1101.20 3.6
1102.61 40.3
1103.66 40.9
1104.42 3.9
1105.38 4.8
1107.44 2.9
1108.24 5.7
1109.67 13.1
1110.66 24.3
1111.79 33.6
1112.41 6.3
1113.93 1.8
1120.77 6.2
1121.68 11.4
1122.41 4.2
1124.92 1.4
1126.05 13.7
1126.66 2.3
1127.40 3.3
1128.06 3.9
1130.29 11.8
1130.97 12.4
1131.71 3.2
1132.64 2.5
1133.68 19.2
1134.37 2.1
1135.11 6.0
1136.03 1.3
1136.92 8.2
1138.69 9.3
1139.46 56.1
1140.19 8.6
1141.83 5.5
1142.79 11.3
1144.12 3.6
1145.35 1.5
1146.01 7.1
1147.89 243.2
1148.70 89.0
1149.93 8.0
1150.72 1.9
1153.89 6.2
1155.09 7.1
1156.81 70.5
1157.76 9.6
1158.45 2.8
1160.13 2.9
1161.00 2.6
1165.84 5.8
1166.59 10.3
1167.57 23.0
1169.30 4.8
1170.68 1.9
1173.01 1.9
1173.62 7.2
1174.47 7.4
1175.53 9.4
1176.43 1.4
1177.90 4.2
1179.77 7.7
1181.32 4.2
1182.68 48.8
1183.45 8.8
1185.75 29.6
1186.73 4.5
1187.62 6.0
1188.37 4.4
1190.59 28.4
1191.23 22.0
1192.12 23.0
1192.86 6.1
1193.71 2.3
1194.85 21.4
1195.85 197.7
1196.85 50.9
1197.67 8.5
1198.94 4.9
1201.81 4.9
1203.42 1.6
1213.63 1.2
1214.70 2.6
1215.59 2.1
1216.94 1.7
1237.63 13.0
1238.66 2.3
1240.73 2.4
1244.74 4.9
1247.35 1.9
1250.27 2.9
1254.51 5.9
1260.72 3.2
1261.43 3.4
1264.81 1.5
1268.74 1.3
1269.75 1.2
1271.74 6.1
1274.15 2.1
1274.78 4.2
1277.92 6.2
1280.62 3.1
1282.00 8.8
1283.24 9.3
1286.68 1.0
1288.57 5.0
1289.61 2.9
1295.51 2.4
1297.98 33.8
1298.96 16.6
1299.67 15.8
1300.74 8.8
1301.80 2.7
1305.88 9.9
1306.79 15.4
1307.50 6.8
1310.60 3.5
1312.91 12.4
1316.77 101.4
1317.85 33.2
1318.79 3.4
1319.69 6.6
1320.31 3.4
1322.20 11.5
1323.63 25.7
1325.13 19.1
1326.12 4.8
1327.77 2.9
1333.46 4.3
1337.64 2.3
1339.66 6.6
1340.66 4.9
1341.45 7.6
1342.68 6.6
1344.87 3.4
1348.28 13.5
1354.05 4.6
1356.84 55.3
1357.85 30.3
1358.71 8.8
1361.09 1.1
1372.17 2.5
1374.66 2.5
1375.91 3.3
1376.91 6.5
1382.09 11.3
1385.68 2.7
1390.57 8.3
1391.33 1.5
1392.59 2.9
1394.87 3.9
1396.13 6.7
1396.91 7.9
1397.59 4.6
1402.42 4.3
1403.53 4.3
1404.82 4.2
1405.73 1.7
1411.78 9.0
1412.50 6.2
1413.89 6.1
1415.12 5.7
1415.80 6.2
1417.74 2.2
1420.78 18.6
1421.70 19.0
1422.51 29.3
1425.38 11.5
1427.39 2.6
1430.06 19.9
1430.85 14.3
1431.52 5.4
1432.14 10.6
1432.99 2.3
1435.80 1.6
1438.78 159.6
1439.84 110.6
1440.99 8.3
1441.74 2.0
1442.77 11.3
1444.61 8.1
1445.70 5.9
1447.82 2.6
1448.47 5.8
1449.07 1.3
1450.66 16.4
1452.70 7.6
1454.61 1.9
1455.74 3.8
1457.46 7.2
1461.20 14.1
1463.20 7.8
1469.84 30.6
1470.87 37.7
1471.99 49.5
1472.97 25.0
1474.79 5.0
1477.89 10.4
1487.82 491.5
1488.87 270.7
1489.87 71.9
1491.10 17.9
1498.85 3.8
1499.64 2.7
1500.69 1.3
1509.96 1.8
1512.78 2.2
1514.86 14.5
1518.47 3.9
1525.92 6.0
1534.67 7.1
1535.70 10.3
1537.93 8.7
1539.03 2.2
1540.68 6.3
1542.55 5.4
1544.58 1.3
1550.78 6.0
1553.29 16.8
1553.93 1.3
1554.92 1.9
1555.80 5.4
1556.70 8.4
1557.89 1.4
1558.92 2.5
1559.65 5.5
1560.81 4.8
1566.88 2.3
1567.56 3.8
1568.37 4.0
1569.35 2.9
1570.22 2.4
1574.98 1.3
1577.98 3.2
1582.85 2.5
1584.89 29.8
1585.88 39.7
1587.12 17.8
1587.85 5.8
1594.04 4.6
1595.90 1.2
1602.77 142.5
1603.83 84.0
1604.85 25.8
1606.29 2.1
1608.99 2.5
1611.72 4.9
1614.76 3.2
1616.50 3.3
1617.35 10.2
1618.86 13.4
1620.35 4.1
1620.96 3.8
1625.44 1.5
1628.85 2.7
1633.63 7.3
1636.01 2.2
1637.09 2.7
1638.49 2.8
1641.02 6.6
1649.94 10.5
1651.01 25.2
1652.25 11.7
1656.27 3.1
1657.14 1.9
1657.90 17.2
1659.28 7.1
1663.22 2.9
1667.85 68.7
1668.78 82.1
1669.97 11.1
1673.21 3.5
1674.22 4.9
1674.89 9.7
1675.85 10.0
1676.79 1.6
1680.26 5.3
1697.59 3.4
1700.20 2.9
1709.15 2.8
1710.05 1.6
1714.96 2.8
1716.10 1.9
1720.68 2.9
1732.08 7.1
1733.32 11.2
1734.70 4.3
1736.77 1.1
1741.01 2.0
1749.53 22.5
1750.33 27.9
1751.07 35.8
1752.04 2.0
1757.85 7.9
1762.59 2.6
1763.63 8.0
1768.96 2.9
1770.23 5.1
1781.28 24.2
1782.09 9.0
1783.09 5.8
1788.94 1.9
1795.17 1.4
1801.00 1.6
1803.63 1.9
1811.85 6.1
1812.52 2.3
1813.35 5.8
1815.09 2.2
1825.08 3.3
1829.01 2.7
1830.15 37.9
1830.90 13.5
1831.95 12.9
1833.08 3.6
1846.60 28.6
1847.34 2.1
1848.06 9.3
1849.52 3.5
1850.50 2.4
1856.24 3.4
1864.17 16.8
1865.06 34.5
1866.01 6.6
1870.80 1.3
1875.84 2.3
1887.20 3.9
1894.89 4.9
1898.41 2.0
1910.14 2.3
1911.11 3.4
1912.17 10.4
1912.96 15.6
1913.96 2.9
1915.04 3.2
1917.82 3.0
1926.18 8.0
1927.20 6.9
1929.43 1.3
1943.03 40.3
1944.03 80.8
1944.92 24.9
1945.91 6.4
1946.59 4.2
1961.09 248.0
1962.15 236.2
1963.13 58.1
1963.78 3.0
1980.32 4.4
1990.25 2.0
1992.34 2.2
1996.88 5.2
1998.08 1.0
