1458.668859999999 3
139.33 5.2
144.28 4.5
149.37 14.7
151.03 19.8
152.35 8.5
155.19 5.4
159.27 4.2
162.13 22.6
162.96 7.5
163.94 3.1
165.02 5.4
166.19 3.0
167.06 8.5
168.25 3.8
169.16 6.4
173.27 11.7
174.63 11.2
176.24 3.1
177.16 2.3
179.26 3.2
181.20 13.0
183.14 5.6
185.32 9.0
189.13 2.4
191.23 2.3
191.99 5.6
195.12 5.7
197.18 2.3
203.37 3.4
206.13 3.0
208.15 7.1
208.90 4.5
211.40 8.2
214.15 9.5
215.07 5.0
218.05 3.1
220.03 2.3
221.10 10.2
224.91 2.2
226.35 6.6
227.32 5.5
228.30 3.9
229.27 13.6
230.13 5.1
235.22 35.0
240.12 19.7
244.18 17.3
245.01 27.8
246.18 38.8
247.27 12.5
253.24 6.7
256.05 6.7
256.96 6.7
258.21 2.5
260.37 8.4
263.28 47.7
264.18 9.4
270.31 2.3
272.11 17.4
273.27 14.4
274.12 32.4
275.49 4.6
277.24 3.0
279.21 6.8
281.07 5.7
286.25 11.1
287.12 3.8
288.31 8.6
289.36 19.6
290.34 9.3
292.36 13.1
296.50 4.1
300.16 3.7
301.19 4.2
303.19 3.3
304.39 7.3
307.28 25.9
308.22 5.1
309.15 14.6
313.24 20.8
314.16 8.7
315.40 15.2
316.18 9.7
318.14 3.9
322.28 9.9
324.52 23.2
325.15 32.8
326.11 6.2
328.46 10.3
329.15 15.6
330.25 27.6
331.18 2.7
337.16 30.7
338.20 11.8
340.27 13.4
341.28 10.5
342.28 5.6
343.24 9.8
344.41 9.1
345.38 3.3
346.14 2.9
348.29 16.6
350.34 11.3
355.33 16.0
355.97 4.7
357.00 11.9
358.20 50.8
359.22 9.2
362.34 6.9
367.11 16.8
368.33 15.0
369.07 5.5
370.32 3.8
371.29 3.1
372.31 8.8
373.26 35.0
374.32 13.8
375.12 3.7
377.19 7.2
379.21 13.3
381.38 6.4
382.36 22.8
384.30 19.4
385.47 6.6
386.26 34.5
387.31 13.3
388.26 4.5
392.49 2.9
394.35 3.5
396.50 6.4
397.29 9.6
399.37 6.9
400.39 31.4
401.15 13.9
402.40 5.8
404.14 3.5
408.13 14.7
409.50 7.1
412.32 2.3
414.45 16.0
415.17 5.2
421.02 4.9
424.43 28.2
426.31 13.0
427.28 30.6
428.32 44.1
429.08 7.3
430.06 17.9
431.23 17.1
432.27 3.8
434.59 22.3
436.44 58.7
437.29 73.0
438.30 107.7
440.45 5.9
441.28 32.0
442.34 55.1
443.08 30.1
444.68 6.4
445.50 5.2
448.04 11.0
450.11 10.3
451.26 2.7
452.24 2.6
453.34 6.0
456.29 13.7
458.24 17.7
459.34 13.0
464.95 40.4
468.19 294.7
469.22 155.0
470.34 32.6
478.10 46.7
479.00 17.4
542.21 22.1
542.84 8.9
545.29 5.9
568.38 6.6
590.25 125.9
590.95 62.2
599.10 217.4
599.86 13.2
614.98 4.6
622.49 15.0
628.63 16.1
639.87 27.9
640.51 25.4
648.58 23.0
649.93 38.6
655.62 3.2
663.74 61.0
664.40 62.7
674.30 3.4
696.42 5.1
721.92 14.7
725.53 5.5
731.35 2.8
745.41 7.3
862.49 3.3
