2067.96018 3
195.15 2.1
199.15 4.0
201.00 6.9
202.18 13.0
203.95 2.9
209.18 15.0
209.97 21.6
211.28 3.7
212.94 3.0
213.95 8.3
215.21 13.0
216.38 2.3
218.22 16.8
219.32 8.7
220.49 8.3
222.27 3.0
225.22 5.9
227.15 93.2
228.18 33.2
229.22 3.3
230.12 12.9
231.11 4.3
233.37 8.1
234.17 3.9
239.05 3.1
241.03 3.7
243.21 2.5
244.27 12.8
245.59 14.8
246.31 14.5
247.23 25.1
250.38 11.0
251.15 4.4
252.15 22.1
253.28 7.0
254.10 3.0
257.45 13.5
258.19 3.7
261.15 8.9
262.18 14.4
263.14 9.8
265.19 7.3
267.20 2.8
269.19 17.5
270.14 19.5
274.22 69.7
275.31 6.8
277.40 9.1
278.65 4.4
279.88 24.1
281.27 12.5
283.29 5.0
285.62 10.6
286.29 3.5
287.22 11.8
288.27 13.2
291.11 7.7
292.63 11.1
294.02 6.4
295.28 8.3
296.09 7.4
297.29 19.7
298.29 356.0
299.27 35.4
301.06 15.3
303.23 12.7
304.19 3.1
307.20 3.3
308.19 6.2
310.16 5.7
311.36 8.8
312.10 9.1
313.18 40.4
314.16 14.6
315.02 16.7
316.02 17.9
317.31 3.8
318.22 3.6
320.42 6.7
321.29 6.5
322.60 7.8
323.30 3.5
324.27 3.2
325.15 7.1
325.85 4.9
328.14 12.5
329.46 8.7
330.10 6.2
331.29 41.0
332.16 12.0
333.40 3.9
335.49 21.0
338.23 258.2
339.23 90.2
340.37 12.3
341.43 19.4
342.48 5.8
343.95 4.2
345.29 3.4
349.25 3.9
350.22 9.8
351.20 11.0
352.50 4.1
353.31 7.9
355.08 2.3
356.29 14.8
357.01 17.5
358.28 2.3
359.29 29.5
360.34 12.6
361.44 6.4
363.17 44.3
363.93 3.2
365.15 5.2
366.55 20.2
367.41 43.5
368.61 57.3
369.23 28.3
370.27 21.2
371.11 2.3
372.06 12.2
373.63 12.2
374.67 9.2
376.45 10.1
377.17 6.9
378.13 13.7
379.58 14.7
381.93 32.7
383.09 19.1
384.33 48.3
385.23 1186.3
386.26 162.3
387.20 36.6
388.12 8.4
389.40 11.9
390.43 2.4
391.38 21.7
392.41 9.4
394.41 11.3
395.44 26.6
396.44 2.5
397.21 12.6
397.97 15.3
399.57 8.9
400.30 25.7
401.29 18.5
402.29 10.2
403.25 16.8
404.64 38.9
406.09 102.5
406.92 32.9
408.29 15.5
409.24 9.6
410.22 21.1
411.23 54.9
412.12 9.6
413.13 25.6
414.11 40.0
415.07 61.3
415.98 13.8
416.88 9.9
418.39 2.5
419.68 102.6
420.33 104.3
421.06 14.0
422.20 8.3
423.28 15.9
424.55 4.0
425.77 64.7
426.59 9.7
428.72 410.1
429.51 121.4
430.27 12.1
431.30 10.2
432.26 19.2
433.28 10.3
434.38 10.2
435.25 8.2
435.92 4.3
437.48 2.6
438.51 5.1
439.29 8.8
440.21 29.5
441.15 68.7
442.43 16.7
444.10 71.9
445.31 35.7
446.17 11.9
447.38 19.8
448.64 19.2
449.44 79.1
450.29 28.7
451.04 2.5
452.18 39.3
453.38 55.3
454.22 44.6
454.90 13.6
456.08 19.3
457.00 12.0
458.18 4.0
461.19 5.1
462.55 187.2
463.48 77.2
464.94 7.0
466.23 125.0
467.31 87.4
468.27 53.4
469.22 8.7
470.36 12.9
471.41 392.0
472.51 96.9
473.33 210.0
474.35 113.9
475.23 22.4
476.47 307.8
477.40 54.1
478.67 12.2
479.50 20.9
480.29 9.8
480.91 6.1
481.99 20.4
483.63 119.0
484.31 1106.6
485.44 2011.7
486.40 214.8
487.56 22.2
488.70 125.7
489.35 47.7
490.39 10.5
491.58 9.0
493.21 44.3
494.12 12.9
495.18 8.1
496.00 30.4
497.15 66.7
498.48 37.0
499.38 35.5
500.27 6.8
501.18 64.2
502.22 66.3
503.64 41.5
504.39 4.8
505.34 19.3
506.67 6.9
507.41 38.6
508.56 38.7
509.62 14.7
510.61 36.9
511.25 17.5
512.14 30.1
512.84 28.0
513.49 5.9
514.53 8.2
515.58 63.9
516.48 59.2
517.40 49.4
518.54 11.8
519.28 28.4
520.48 70.0
521.40 17.8
522.37 35.4
523.28 11.9
524.70 92.3
525.60 43.4
526.73 34.5
527.40 26.7
528.30 31.5
529.59 63.0
530.75 35.6
531.54 22.0
532.65 29.8
533.49 100.5
534.40 35.9
535.71 50.1
537.51 23.8
538.48 10.3
539.35 42.7
540.77 109.0
541.52 369.6
542.46 499.0
543.34 80.9
544.37 103.0
545.88 39.6
546.93 19.3
548.31 19.7
549.67 80.5
550.52 384.9
551.54 38.9
552.65 44.6
553.31 83.5
554.66 84.2
555.39 37.2
556.68 14.3
557.36 111.0
558.35 101.8
559.17 29.9
560.24 31.0
561.23 4.4
561.86 8.8
562.68 44.0
563.58 30.5
564.58 17.0
565.32 54.8
566.97 49.7
567.73 51.7
568.42 101.5
569.34 7.6
570.40 19.8
571.27 19.6
572.26 93.2
573.33 34.0
574.83 69.2
575.64 53.4
576.59 64.7
577.23 235.4
578.05 50.3
579.42 24.0
580.42 12.1
581.14 21.7
582.21 42.5
583.35 922.6
584.38 226.6
585.99 529.6
586.96 173.8
588.65 42.4
589.60 81.2
590.38 23.4
591.57 66.9
593.62 17.6
594.27 62.7
594.98 47.2
596.08 56.4
597.77 235.9
598.90 216.4
599.92 38.0
601.09 95.2
601.86 17.5
602.90 28.2
603.76 33.5
604.57 19.9
605.47 83.3
606.80 536.2
607.47 153.6
608.08 76.1
608.72 13.1
609.93 106.5
610.56 43.6
611.85 109.6
612.99 46.6
614.15 102.7
615.17 159.3
615.87 50.0
616.68 68.1
617.58 56.7
618.83 122.1
619.98 21.2
621.59 28.7
623.69 123.6
624.42 135.8
625.44 52.6
626.44 75.9
627.09 48.0
627.98 96.6
628.96 17.8
629.73 32.9
630.68 26.4
631.58 51.1
632.50 213.3
633.62 198.5
634.72 47.1
635.97 28.1
636.88 47.8
637.77 17.0
638.98 208.1
639.69 31.9
641.51 766.7
642.49 214.0
643.41 41.3
644.14 87.1
645.25 547.9
646.44 107.9
647.65 57.6
648.51 24.4
650.27 1426.1
651.00 642.5
651.79 14.6
652.69 92.8
653.59 127.9
654.62 207.6
655.53 167.7
656.46 30.5
657.72 431.5
658.52 136.0
659.42 35.8
660.14 49.5
661.56 65.6
662.69 63.7
663.74 242.6
664.60 97.3
665.68 55.9
666.52 71.8
667.88 92.4
668.80 147.7
669.94 105.5
671.13 102.1
672.33 690.8
673.62 338.2
674.56 174.2
675.24 107.2
676.16 101.9
677.64 448.0
678.62 1036.9
680.60 163.9
681.61 114.5
682.50 23.9
684.92 3.0
689.70 5.1
696.55 5.5
697.23 14.5
698.19 24.5
699.46 4.1
702.17 5.8
704.56 9.8
705.18 5.1
707.83 7.1
709.23 20.7
710.21 36.5
711.37 17.2
711.97 96.4
713.39 20.2
714.39 40.2
715.44 50.9
716.40 53.8
717.08 26.3
718.27 66.5
718.96 10.7
720.10 54.5
721.05 60.0
722.50 32.3
723.52 14.4
724.30 33.4
725.51 207.8
726.44 114.1
727.42 107.7
728.36 35.1
729.43 89.7
730.76 128.2
731.45 26.6
734.61 600.5
735.57 165.8
736.56 17.4
737.59 8.9
738.90 19.4
739.63 19.9
740.46 10.5
743.34 1119.7
744.15 602.8
745.39 72.6
746.42 8.7
747.68 36.5
749.05 12.5
750.12 30.5
751.32 56.5
752.41 32.8
753.37 175.8
754.15 84.7
755.36 19.2
756.50 2.9
757.85 17.2
758.66 45.7
759.47 11.4
760.46 6.5
762.01 261.7
763.06 38.0
764.17 32.7
765.37 45.9
766.96 35.9
767.84 32.1
769.39 1247.3
770.50 522.2
771.53 107.2
773.23 28.1
774.24 7.7
775.24 92.7
775.94 42.4
776.59 27.3
777.60 44.4
778.57 82.1
779.52 35.6
780.52 42.1
781.45 46.8
784.17 603.6
785.10 207.4
786.31 45.1
787.68 14.0
789.33 20.5
791.53 24.9
792.77 1487.6
793.55 1036.8
795.28 35.0
796.34 31.6
797.48 74.9
798.43 40.0
799.33 28.3
800.07 3.1
801.73 48.2
802.66 51.6
803.56 65.5
804.67 16.9
805.62 32.4
806.83 41.7
808.25 118.8
809.87 102.6
810.73 38.4
811.73 76.8
812.67 56.5
813.92 125.1
814.86 41.8
816.24 58.5
817.18 15.7
818.48 293.3
819.30 125.0
820.49 70.2
821.41 29.2
822.69 84.6
823.39 33.0
824.40 82.4
825.20 82.1
826.39 207.8
827.51 105.4
828.86 111.3
829.93 22.1
830.86 37.2
831.50 34.8
833.59 579.2
834.45 216.6
835.33 52.1
836.69 74.7
837.99 84.3
838.68 64.8
839.44 74.7
840.14 27.7
840.78 16.8
842.31 2593.8
843.11 2043.9
844.29 50.1
845.33 36.6
846.23 12.7
847.27 46.6
848.18 31.2
849.07 68.5
850.01 86.1
850.71 31.1
851.53 12.4
852.41 8.0
853.41 21.3
854.39 76.3
855.83 161.6
856.45 854.0
857.47 436.3
858.37 91.3
859.69 10.4
860.66 31.6
862.18 198.5
862.91 9.8
863.83 10.9
864.64 88.2
865.45 31.0
866.34 20.8
867.35 11.6
868.18 67.0
869.30 19.7
870.86 65.9
871.61 37.4
872.33 17.2
874.00 101.0
874.96 25.5
875.87 98.6
877.15 318.3
877.87 143.7
878.87 59.7
879.51 40.7
880.52 104.6
881.69 59.5
882.61 113.1
883.79 20.5
885.87 1239.7
886.63 1009.6
887.68 35.2
888.58 3.4
889.54 5.9
891.37 78.9
892.17 12.3
893.65 42.3
894.72 111.7
895.85 62.4
897.36 241.1
898.48 258.3
899.54 82.6
900.59 7.0
901.32 40.4
902.05 17.1
903.29 32.8
904.11 43.1
905.70 44.4
907.23 15.7
907.85 20.4
908.81 19.8
909.63 9.5
911.14 53.4
912.60 387.5
913.55 62.9
914.44 26.9
915.53 27.0
916.71 13.6
918.38 42.8
919.51 38.2
920.68 50.6
921.70 394.8
922.54 22.1
923.79 109.0
924.58 10.0
925.46 15.9
926.83 37.3
927.80 57.2
929.52 12.6
930.75 18.4
931.52 15.8
932.50 13.0
933.23 22.9
934.01 38.8
935.04 62.1
936.67 14.1
938.00 57.1
939.06 68.1
940.23 72.7
940.98 47.7
941.77 40.3
943.31 33.6
944.34 38.8
945.37 14.6
946.97 68.7
947.88 120.8
948.74 187.7
949.60 18.4
950.59 16.6
951.70 19.8
952.54 45.1
953.62 11.7
954.36 6.2
955.21 23.4
956.85 543.9
957.66 723.3
958.49 27.2
960.03 55.2
960.89 16.7
961.97 7.5
962.63 9.7
963.67 6.6
965.07 15.6
966.57 69.0
967.48 269.1
968.86 212.6
969.52 543.4
970.51 393.2
971.43 150.6
972.27 15.6
973.44 2.0
974.32 2.7
976.18 59.5
976.90 28.4
977.61 17.0
978.37 35.4
979.30 23.2
980.51 28.7
982.39 23.0
983.09 19.9
984.53 237.4
985.50 145.6
986.58 125.8
987.56 2.3
988.28 2.9
990.59 6.0
992.01 15.9
993.56 14.5
994.54 12.6
995.78 42.9
996.62 9.2
997.60 6.8
998.44 35.5
1000.19 10.1
1001.90 19.3
1002.85 12.6
1006.05 4.7
1010.17 21.1
1011.47 9.2
1012.62 7.5
1014.44 22.9
1019.95 32.0
1021.55 33.9
1023.28 31.0
1024.36 4.5
1026.31 10.5
1027.99 13.3
1028.87 5.6
1030.97 5.0
1033.14 9.0
1035.19 23.0
1035.81 4.1
1036.46 6.9
1037.72 9.3
1039.00 8.0
1039.63 2.9
1041.42 14.0
1042.70 2.3
1043.59 21.2
1044.76 5.3
1045.40 2.3
1047.37 4.6
1048.94 8.7
1049.60 10.8
1050.58 7.7
1053.37 4.3
1054.53 8.9
1055.86 11.7
1056.75 11.0
1057.61 6.8
1058.40 3.8
1059.61 6.0
1061.68 1.9
1063.30 12.7
1064.50 21.5
1065.54 15.5
1066.71 8.7
1067.66 27.0
1068.45 16.3
1069.71 13.1
1071.11 5.2
1072.39 8.9
1074.11 9.6
1077.32 13.5
1078.61 5.5
1079.77 11.8
1080.73 61.1
1081.55 237.3
1082.49 256.6
1083.61 163.3
1084.51 63.6
1085.54 27.4
1086.42 12.4
1087.90 14.6
1089.82 16.4
1091.52 4.2
1093.29 9.1
1093.96 6.4
1097.89 15.3
1098.79 285.8
1099.52 957.8
1100.57 595.4
1101.58 99.3
1103.76 9.4
1105.11 2.0
1107.60 198.0
1108.49 22.0
1109.84 43.6
1110.68 12.9
1111.49 3.6
1112.47 16.6
1113.33 25.3
1114.48 2.7
1115.43 37.8
1116.55 36.6
1120.56 2.6
1121.71 16.9
1123.03 14.9
1125.41 17.2
1126.56 6.5
1127.57 9.2
1128.72 27.5
1129.68 9.8
1131.43 4.7
1132.53 19.5
1133.36 63.4
1134.48 82.1
1135.37 17.1
1136.45 10.8
1137.22 8.0
1137.91 7.6
1139.49 13.3
1140.23 5.1
1141.57 4.8
1142.74 2.4
1143.37 5.3
1145.67 4.3
1146.41 13.2
1147.19 7.2
1148.75 38.8
1149.64 14.1
1150.32 6.1
1151.73 26.9
1152.83 7.7
1153.81 19.1
1154.73 19.5
1155.49 12.9
1156.91 19.3
1158.19 13.5
1160.59 4.2
1164.79 8.1
1165.60 4.3
1167.63 18.9
1168.46 11.7
1169.64 12.0
1170.54 15.5
1171.56 54.1
1172.67 28.5
1173.62 3.2
1174.49 3.9
1175.97 8.5
1177.72 8.1
1178.74 13.9
1181.49 4.5
1182.59 4.9
1185.69 9.5
1186.90 2.5
1187.80 4.3
1194.62 50.3
1195.65 77.9
1196.42 17.0
1197.43 4.5
1199.46 2.9
1202.33 2.9
1206.21 3.2
1210.47 2.3
1211.62 33.9
1212.55 114.8
1213.95 49.3
1214.80 7.5
1220.59 7.2
1222.43 8.2
1225.55 13.3
1226.85 5.2
1228.64 35.9
1229.61 18.8
1230.64 17.7
1231.51 4.8
1232.66 3.6
1238.75 10.4
1239.88 2.8
1240.80 3.0
1242.39 3.6
1243.23 5.5
1246.63 75.1
1247.74 31.1
1248.63 17.4
1254.57 4.0
1255.47 7.0
1256.23 4.7
1257.58 2.1
1259.38 8.1
1263.58 2.9
1265.43 1.9
1266.78 4.4
1267.95 8.7
1269.33 8.1
1270.62 4.4
1271.53 7.8
1272.33 3.0
1276.58 2.4
1280.79 11.6
1281.63 37.5
1282.70 11.3
1295.52 4.0
1298.63 10.3
1299.59 22.4
1300.61 29.6
1301.40 5.6
1310.05 9.0
1310.92 7.4
1311.71 3.3
1312.56 14.4
1323.54 7.1
1324.61 5.7
1328.21 7.0
1333.79 2.7
1336.26 5.5
1339.52 4.0
1340.89 12.3
1341.72 3.7
1343.03 5.9
1345.99 21.5
1346.99 3.9
1347.61 5.8
1352.79 4.2
1357.68 3.9
1358.69 4.3
1359.71 6.9
1364.68 6.6
1367.87 9.1
1369.03 2.5
1372.96 5.2
1378.61 2.9
1393.37 3.9
1394.80 3.4
1401.88 4.5
1403.63 2.2
1405.79 9.6
1409.61 9.9
1410.83 4.1
1417.70 6.0
1418.72 6.4
1422.30 3.3
1432.55 7.2
1441.89 5.2
1457.04 3.2
1460.83 4.9
1464.79 3.0
1467.96 3.7
1469.78 7.6
1471.83 3.2
1482.83 5.3
1483.81 5.1
1486.85 2.9
1500.73 4.9
1509.56 11.8
1510.48 13.8
1525.47 4.7
1526.97 3.1
1527.91 2.2
1548.15 6.1
1565.73 2.9
1578.39 17.3
1579.31 12.1
1593.82 5.9
1596.71 2.1
1620.80 4.3
1653.23 3.5
1666.84 3.4
1694.48 10.6
1962.14 3.6
