1016.4904 2
144.38 3.1
146.59 14.9
147.24 24.6
148.19 2.5
150.16 2.2
152.19 4.2
154.26 3.2
155.60 2.8
157.23 11.9
158.16 2.7
163.10 5.8
165.05 163.7
166.00 6.9
167.13 3.0
169.11 14.7
171.17 8.0
173.17 7.0
174.94 3.3
176.35 2.4
177.19 3.7
182.08 968.7
183.11 16.2
185.20 231.8
186.22 10.0
187.21 30.5
187.88 2.0
190.13 7.2
192.01 3.0
193.11 6.4
194.12 6.4
195.06 6.0
196.24 12.5
197.23 18.3
198.29 4.1
199.22 19.1
200.17 29.8
201.13 8.8
202.33 3.1
205.28 7.4
207.37 2.0
207.97 1.4
209.22 4.2
210.16 2.2
211.44 9.3
213.17 443.3
214.12 49.6
215.20 8.8
215.99 7.7
217.41 8.1
218.28 4.4
219.07 1.8
221.25 7.7
223.12 10.9
225.22 17.7
226.22 4.9
228.01 92.3
229.14 29.3
230.22 12.0
232.26 10.0
233.21 20.6
235.24 5.1
237.31 2.2
239.13 72.7
240.28 3.3
241.13 21.4
242.09 54.3
243.09 14.4
244.33 3.2
246.25 49.3
247.24 11.0
248.18 8.0
249.12 5.7
250.12 7.3
251.24 25.5
252.37 18.0
253.04 1.7
254.03 4.9
255.51 2.6
258.24 51.6
259.20 4.6
260.23 3.0
262.14 2.3
263.11 5.8
264.32 5.3
264.99 5.9
267.31 2.7
269.14 3.4
270.28 272.4
271.23 8.3
272.36 18.4
273.34 4.4
274.37 3.9
276.14 32.9
277.02 1.4
278.07 84.6
279.17 14.3
280.06 28.2
281.23 9.8
282.34 8.1
283.23 3.5
284.04 3.3
285.04 1.6
286.22 26.8
287.27 13.0
289.10 9.3
291.45 8.7
294.16 1.2
296.20 1799.8
297.10 19.1
299.24 249.9
300.34 15.7
301.32 3.5
302.16 3.5
303.60 7.3
304.43 8.1
305.29 3.3
306.20 5.8
308.34 13.1
309.42 10.3
310.13 6.7
311.16 7.1
312.13 2.7
313.66 3.7
315.37 4.0
316.66 8.8
317.30 6.0
320.21 6.6
321.37 3.1
322.31 2.0
323.04 1.6
324.34 3.6
325.55 5.4
327.18 672.1
328.10 37.2
328.74 5.2
329.75 3.8
331.06 17.0
332.15 8.8
333.22 36.1
334.48 5.9
336.22 8.1
337.15 9.9
338.40 11.6
340.08 13.6
341.43 5.4
342.39 10.7
343.09 3.6
343.80 5.1
345.25 42.3
347.15 16.6
348.16 24.6
349.22 7.9
350.38 2.0
351.44 12.8
352.53 2.9
355.27 21.4
356.30 7.1
357.48 3.1
358.32 11.4
359.48 8.4
360.56 6.8
361.29 6.2
362.07 5.1
363.23 14.9
364.33 3.2
365.24 7.0
367.15 15.8
369.02 2.2
370.29 2.6
371.50 32.2
372.37 13.2
373.34 11.1
374.06 1.1
375.33 27.5
376.27 58.3
377.20 62.0
378.33 2.1
379.24 9.2
380.40 12.5
381.33 4.6
382.41 7.2
383.23 3.5
384.36 5.5
385.63 53.6
386.47 27.5
388.09 35.9
389.03 11.0
390.93 144.8
392.15 8.6
393.59 15.3
395.19 194.6
396.17 20.0
397.25 5.6
398.91 5.9
399.93 6.6
401.84 21.3
403.16 12.1
404.63 21.5
405.29 78.3
406.58 9.9
408.26 13.6
409.01 4.8
410.27 6.4
411.35 13.1
412.15 15.7
413.23 42.8
414.23 12.0
414.92 6.6
416.07 12.7
416.89 28.6
418.22 20.7
418.90 4.8
420.28 10.8
421.74 17.0
423.34 19.3
424.46 14.8
425.63 10.4
426.37 15.1
427.50 21.9
428.42 12.8
429.59 62.8
430.41 42.3
431.87 29.9
432.49 11.0
433.37 15.3
434.47 16.7
435.46 15.7
436.70 6.2
437.37 15.6
438.31 17.7
439.05 12.5
440.00 7.2
441.29 212.8
442.11 45.4
442.95 66.0
444.37 40.5
445.17 64.2
445.97 21.9
447.25 433.7
448.95 46.6
449.98 7.1
451.12 55.6
451.97 22.0
453.19 6.3
454.36 28.7
455.35 45.5
456.30 16.6
457.29 50.7
458.34 20.5
460.29 25.0
461.39 52.9
462.30 198.6
463.46 52.0
464.62 72.8
465.37 18.9
466.03 4.6
467.13 7.5
468.05 29.0
469.25 34.9
470.27 43.3
471.07 24.2
472.34 58.2
473.34 33.0
474.32 11.0
475.04 8.8
476.18 16.5
477.05 21.1
478.17 72.7
479.03 61.2
479.94 21.3
481.07 9.2
481.82 34.6
482.98 18.5
484.12 5.9
485.13 66.7
486.40 108.8
487.45 13.3
488.29 25.5
490.26 747.0
491.19 425.9
492.09 65.2
493.10 349.5
493.99 91.3
494.96 9.0
496.06 18.1
496.85 65.9
498.03 41.2
499.18 640.8
500.02 432.9
500.95 25.8
502.26 2.3
503.88 2.4
507.85 2.2
519.26 2.8
523.50 2.1
524.34 7.2
525.36 10.1
526.47 13.7
527.93 13.2
531.99 13.6
532.71 7.3
535.07 6.0
536.74 6.6
537.34 2.9
538.53 19.1
539.39 5.2
540.37 3.6
541.47 2.2
542.29 29.3
543.40 16.9
544.26 6.3
546.28 4.5
547.37 19.6
548.06 9.4
549.40 1.9
550.56 6.4
551.43 2.2
552.26 21.1
553.31 3.0
554.56 4.8
555.60 11.0
556.55 4.4
557.41 25.9
558.32 40.1
559.37 39.5
560.38 12.3
561.27 4.7
564.36 13.5
566.36 7.2
570.34 393.4
571.48 17.0
572.56 4.1
573.44 8.6
575.15 26.9
576.27 369.8
577.76 14.3
579.08 1.6
580.57 4.7
581.88 5.8
583.44 26.9
584.35 45.6
586.21 5.7
587.40 10.8
588.81 12.5
589.61 6.2
590.72 6.1
591.81 3.6
593.15 1.8
594.53 12.3
596.00 41.4
596.80 9.6
597.62 21.4
598.40 15.1
599.16 11.3
602.20 50.0
603.17 12.4
604.21 3.6
604.86 4.7
606.32 18.8
607.23 2.5
608.22 2.0
609.15 12.6
610.55 2.6
611.19 9.9
612.46 34.3
613.28 2.0
614.28 7.6
615.17 3.3
615.86 16.6
617.13 24.7
618.11 5.0
619.43 4.7
621.94 6.3
623.02 11.6
624.36 4.0
625.03 1.7
625.77 2.2
627.34 58.4
628.32 37.8
629.43 9.8
630.41 16.4
631.11 21.4
631.92 3.7
633.23 14.3
634.42 10.5
636.63 1.3
637.44 2.9
638.34 9.9
639.25 4.6
640.01 10.8
641.18 18.9
641.83 4.4
643.36 15.5
643.97 5.8
645.42 19.7
646.56 54.6
647.68 33.4
648.59 17.3
649.53 57.1
650.44 4.8
651.34 6.7
653.31 16.7
654.45 20.8
655.40 105.2
656.41 17.7
657.35 13.1
658.84 29.6
659.55 8.9
660.61 16.0
661.41 8.3
662.27 4.2
662.91 2.7
665.30 16.4
666.54 21.1
667.40 4.4
668.37 13.9
669.11 8.9
670.84 15.0
671.49 13.2
672.51 18.6
673.28 10.0
674.34 7.5
675.30 14.6
676.53 21.2
677.77 12.4
679.24 16.1
680.13 21.2
681.88 8.4
683.32 33.8
684.68 7.3
685.35 4.3
687.25 56.9
688.46 3.2
689.30 49.1
690.24 8.7
691.17 47.7
691.87 11.9
696.12 133.9
696.99 22.5
698.98 13.7
703.53 5.9
705.33 26.1
706.14 35.3
707.39 9.5
709.29 7.3
710.38 14.1
711.05 15.5
711.83 7.9
713.49 6.3
714.69 6.8
715.45 1.4
716.96 1.3
718.02 6.2
719.53 3.6
720.73 4.7
721.51 3.3
722.34 6.8
724.07 25.7
724.85 19.4
726.52 1.4
728.55 3.7
729.49 54.0
730.43 75.0
731.50 17.0
732.44 4.2
736.56 6.4
737.53 7.5
739.51 1.8
740.57 15.1
741.44 32.0
743.62 14.8
745.22 13.1
746.86 12.6
747.91 6.7
748.58 2.2
750.56 9.9
751.71 16.5
752.60 14.5
753.48 4.0
754.30 31.3
756.32 3.0
757.52 26.5
758.43 7.0
759.56 13.5
760.59 1.6
763.40 5.1
765.04 10.8
765.94 4.2
766.68 2.2
769.53 66.1
770.39 126.4
771.57 23.8
772.54 4.2
775.37 3.9
777.38 10.8
779.33 2.4
781.77 2.9
783.19 4.1
784.28 5.5
785.38 6.6
786.37 1.8
788.34 10.0
789.63 4.8
790.43 2.0
794.04 2.6
797.28 16.4
798.45 4.6
799.56 4.5
801.40 39.1
802.41 10.3
803.59 1.4
806.58 6.0
808.11 1.7
811.98 5.2
812.67 1.4
815.53 3.2
816.35 6.6
821.66 9.8
829.53 3.6
830.64 11.0
831.53 5.9
832.30 7.0
834.44 2.3
835.39 7.3
839.12 4.1
841.38 1.2
842.31 9.7
843.36 7.6
844.56 2.9
845.73 5.0
850.23 3.9
851.56 4.8
852.47 8.4
853.17 20.3
853.81 3.9
856.54 5.6
861.33 2.9
864.82 6.0
865.57 1.2
866.56 2.8
867.45 9.3
868.45 16.2
870.38 56.0
871.49 1.7
872.61 1.6
877.10 1.2
880.72 3.3
881.81 5.0
882.83 80.4
883.46 271.5
884.56 58.5
885.41 43.0
887.72 5.7
888.34 1.2
897.60 1.4
900.51 4.2
902.24 1.9
903.41 10.3
911.61 4.8
915.67 2.2
920.28 2.3
923.57 4.7
937.50 1.6
941.79 1.8
944.36 6.3
953.54 2.6
956.55 3.2
975.32 1.1
977.38 6.4
992.54 1.5
994.54 1.5
