1466.6397 2
223.15 14.2
225.21 1.9
232.31 4.4
235.13 1.2
238.15 6.5
241.29 30.0
242.30 6.4
244.15 3.0
250.41 1.5
254.37 2.8
255.26 1.6
262.16 3.6
265.08 1.9
268.55 1.5
269.96 1.1
276.06 2.0
280.05 5.1
281.14 2.6
282.37 1.3
284.42 2.2
290.13 3.5
291.13 1.9
295.32 1.4
297.20 19.5
309.38 1.6
311.26 1.6
313.21 5.4
322.14 2.6
323.02 5.4
323.93 1.5
328.56 1.6
329.60 1.8
334.19 5.0
338.34 3.7
339.48 11.6
347.98 1.6
352.27 2.0
352.93 4.5
354.16 1.1
357.29 14.7
358.45 5.5
360.17 1.5
361.23 1.5
362.38 1.1
367.35 2.8
370.17 1.9
371.40 4.0
373.36 1.6
375.42 3.2
376.03 1.1
379.18 8.7
382.39 3.5
384.02 1.4
385.28 6.1
387.05 8.7
394.44 4.1
395.93 1.2
397.24 2.5
399.50 1.2
400.42 3.0
402.31 3.1
403.07 1.3
405.21 4.4
406.15 3.7
407.13 3.8
408.20 3.5
409.24 2.4
410.56 5.3
412.17 1.0
413.63 3.9
414.40 2.0
416.00 1.1
417.24 2.5
418.43 15.1
421.95 2.8
423.36 7.6
426.36 13.7
427.44 1.4
428.10 2.4
430.42 1.2
431.55 2.0
432.37 3.4
433.20 1.5
435.40 4.5
441.10 1.8
444.47 6.4
446.34 6.9
447.18 2.2
450.25 48.8
451.24 16.5
452.49 3.5
453.46 1.3
455.38 3.4
456.99 8.1
460.35 4.6
466.48 10.0
467.26 75.6
468.09 8.3
470.43 11.0
472.45 2.3
473.29 19.0
476.08 2.7
479.56 12.0
480.57 1.9
484.58 11.5
487.74 4.2
488.83 2.0
489.79 14.4
490.50 5.3
492.32 7.1
494.33 2.7
495.29 6.4
495.96 5.1
496.64 1.1
497.57 5.8
500.50 4.5
501.46 1.2
502.82 9.3
503.56 4.3
504.65 10.2
506.23 9.7
506.91 5.3
509.60 6.4
511.87 26.4
513.39 4.5
514.38 36.4
515.23 6.3
516.14 39.2
519.31 4.8
522.43 8.1
523.17 2.2
524.57 2.8
527.41 2.8
528.39 9.6
530.40 3.3
531.36 21.6
532.54 16.0
533.32 56.4
534.30 13.3
535.33 7.1
536.96 33.5
540.42 1.1
543.22 5.6
544.38 3.0
546.04 7.9
548.87 8.2
552.44 8.5
553.38 5.0
558.31 6.0
559.15 11.4
560.45 13.6
561.42 15.2
562.54 3.2
564.65 1.6
565.78 6.0
566.43 14.7
567.32 11.2
569.26 4.1
569.96 1.1
571.60 3.0
573.85 14.4
574.63 20.0
575.74 5.4
576.94 1.5
578.48 8.5
580.14 7.2
581.72 12.2
582.35 7.4
583.77 7.3
584.80 2.8
585.65 7.5
586.84 5.8
588.17 22.0
588.88 14.5
591.44 7.7
592.54 12.7
593.42 2.0
596.15 67.4
597.22 12.1
600.44 25.1
601.30 10.7
601.98 10.9
603.37 1.4
604.34 34.4
605.27 47.0
606.35 18.0
607.31 5.7
608.41 6.2
609.68 42.3
610.29 73.5
611.07 24.6
611.91 8.5
612.69 9.2
613.76 13.4
614.60 1.8
618.50 123.4
619.36 2.0
620.09 4.0
621.20 10.0
622.52 12.7
623.61 95.4
624.65 19.1
625.40 28.6
626.24 5.3
628.47 20.6
629.66 1.1
630.37 6.2
632.04 102.2
633.06 21.8
634.43 2.6
635.61 1.5
636.29 6.7
637.37 36.4
638.22 10.0
638.99 6.2
640.73 36.7
641.54 32.5
642.36 11.9
643.56 2.0
645.22 125.3
646.08 120.4
648.14 2.1
651.49 27.7
653.79 142.4
654.60 115.3
655.70 1.1
656.52 14.9
657.45 3.1
659.44 834.3
660.41 35.2
661.23 10.0
661.97 7.8
663.60 1.9
666.41 17.0
668.12 822.3
669.03 84.5
669.93 27.6
670.67 9.6
671.47 41.9
672.52 40.3
673.45 20.7
674.12 2.6
675.02 21.4
676.44 102.7
677.24 194.3
679.86 5.4
680.99 70.1
681.78 43.1
682.44 9.2
683.35 15.3
684.16 27.9
685.69 58.7
686.59 17.4
688.23 31.7
689.36 491.6
690.47 114.1
691.69 15.8
692.44 4.7
693.08 4.0
694.32 73.0
695.11 275.1
697.36 2.3
698.70 41.6
699.47 45.7
701.21 10.4
703.51 1090.4
704.54 19.6
705.67 6.0
706.57 24.8
708.13 231.7
709.08 52.3
710.49 7.9
711.78 258.9
712.50 69.9
715.38 103.4
717.02 7519.0
717.96 51.2
718.79 10.7
719.68 8.3
721.52 24.1
722.72 8.9
725.25 394.3
726.04 32.5
740.81 2.0
743.75 1.3
752.14 2.4
758.51 2.5
759.56 2.8
761.01 1.8
769.32 2.9
770.57 1.3
774.18 2.6
779.14 7.3
786.25 3.8
793.34 2.3
802.64 4.9
806.35 2.6
811.53 9.8
817.16 2.8
821.36 2.8
827.00 1.5
828.74 1.6
832.57 2.4
840.44 6.1
844.29 2.8
845.33 8.5
846.27 4.6
848.25 1.9
849.41 1.6
851.36 1.9
854.13 2.6
855.48 7.4
860.51 1.7
862.88 5.2
863.56 2.5
867.26 4.8
868.55 21.1
869.70 13.7
870.65 4.6
872.53 2.9
874.34 6.7
875.21 1.0
877.71 1.4
884.45 2.6
887.09 5.1
888.48 4.2
890.37 7.7
891.50 9.3
893.28 1.4
897.55 3.1
898.53 2.1
899.69 3.8
902.53 4.2
907.41 1.3
909.80 16.2
910.87 4.1
912.56 2.9
916.74 16.2
917.59 18.0
918.52 10.8
919.75 12.0
921.02 6.4
926.58 6.7
927.49 7.2
929.50 1.1
934.49 29.5
935.63 10.0
936.79 8.7
937.65 1.9
939.49 11.0
942.35 7.4
944.16 5.4
948.63 1.3
950.62 3.6
951.61 1.6
952.60 2.6
954.75 4.8
956.18 1.6
957.65 4.5
958.90 12.8
960.58 9.7
962.38 5.4
963.65 2.3
965.99 4.8
966.81 1.8
967.48 2.3
968.39 5.2
974.91 1.6
976.88 3.4
982.66 9.2
983.52 37.4
984.51 15.7
985.53 5.5
990.38 1.0
991.64 2.3
994.15 17.9
999.98 13.5
1000.69 62.0
1001.54 34.9
1004.46 6.4
1005.54 12.8
1010.05 3.9
1011.54 6.1
1012.38 2.7
1014.09 4.3
1016.19 3.9
1022.61 17.1
1023.50 21.3
1025.85 1.4
1027.57 2.5
1029.43 5.6
1032.10 3.7
1033.66 17.3
1034.49 9.1
1038.49 1.5
1040.37 1.4
1042.48 5.9
1043.59 3.9
1046.86 7.2
1050.58 1.9
1051.64 8.0
1053.68 2.5
1060.41 6.4
1068.38 3.9
1072.64 1.1
1075.67 1.6
1076.60 3.7
1077.55 1.8
1079.91 12.5
1083.22 1.0
1084.29 2.2
1086.73 2.7
1088.69 2.4
1093.50 20.3
1094.74 7.0
1096.19 3.5
1100.68 4.8
1101.49 2.3
1108.51 2.5
1109.66 3.7
1110.49 22.8
1111.58 5.7
1112.68 2.2
1126.54 1.9
1136.66 6.4
1141.74 2.0
1142.98 2.4
1145.03 3.7
1149.24 3.7
1150.83 2.3
1152.64 3.5
1154.50 1.6
1155.81 4.0
1156.80 2.3
1158.72 1.3
1161.77 6.9
1163.44 2.8
1164.67 1.8
1165.50 5.5
1170.36 2.0
1174.71 6.0
1175.63 8.6
1176.69 4.6
1179.91 3.1
1187.62 2.6
1189.91 3.1
1190.64 4.1
1192.43 29.6
1193.49 22.1
1197.08 1.8
1199.30 3.8
1202.77 1.2
1206.19 2.5
1209.41 36.3
1210.64 19.1
1214.61 2.9
1218.54 12.5
1219.58 3.8
1220.66 5.2
1223.43 2.3
1224.62 3.8
1238.73 3.4
1239.59 1.9
1240.57 11.0
1251.47 9.8
1252.58 2.1
1256.76 1.5
1264.68 4.5
1266.40 1.7
1275.12 4.4
1278.80 3.0
1287.73 2.5
1291.61 4.7
1296.67 3.0
1305.74 1.8
1313.61 2.8
1317.72 3.9
1318.56 2.6
1334.95 10.7
1338.77 2.0
1339.60 1.8
1407.88 1.2
1428.07 2.9
1428.98 2.0
1463.71 1.6
1465.96 3.2
