1859.854220000001 3
175.03 9.9
179.35 5.5
180.21 10.6
184.16 3.3
185.13 5.8
186.20 3.5
187.12 7.3
188.40 1.8
196.19 2.1
197.20 7.7
199.36 10.3
200.35 3.7
201.25 4.3
202.08 1.9
204.28 3.7
207.17 20.8
208.17 2.2
209.38 23.2
210.33 2.2
211.37 5.0
212.38 16.2
213.99 18.8
214.98 11.1
222.29 1.7
224.24 3.0
225.13 29.6
226.08 6.6
227.27 15.5
228.23 6.4
229.44 12.2
230.23 5.8
231.32 3.4
232.20 10.5
233.42 5.5
235.16 2.2
236.29 2.9
237.46 4.7
238.13 2.4
239.24 1.9
240.28 4.5
241.26 4.7
243.45 2.7
244.32 30.8
245.58 19.4
246.23 66.6
247.27 6.3
248.15 5.1
250.26 4.9
253.43 4.7
254.30 8.8
255.12 30.0
256.24 7.4
257.12 1.9
258.35 15.3
262.20 84.2
263.17 6.2
263.95 8.2
265.16 2.3
267.19 4.5
269.37 6.7
270.17 7.6
271.03 14.5
272.14 60.1
274.02 8.7
278.37 4.5
279.61 13.5
282.15 13.1
283.36 4.0
284.23 9.0
285.27 11.5
286.08 9.0
288.08 5.5
291.31 31.3
292.05 7.8
293.18 3.8
295.27 2.4
296.23 8.8
297.42 5.3
298.17 3.3
300.43 6.0
302.55 8.8
303.46 6.6
304.75 6.0
305.35 14.6
306.10 14.4
307.31 9.5
308.69 21.4
309.68 31.6
311.81 4.5
313.32 10.3
314.09 3.0
315.21 20.1
316.31 11.4
317.07 9.0
317.79 12.9
319.41 6.6
321.27 3.4
323.17 38.2
324.29 11.8
325.88 330.0
328.23 3.3
329.26 5.9
329.91 13.2
333.11 12.9
334.34 14.6
335.27 14.6
336.22 4.1
337.34 2.8
338.31 12.5
338.93 1.8
341.15 66.3
342.09 61.6
342.92 37.6
343.69 1.6
344.29 1.7
346.20 9.7
348.20 17.6
350.19 4.7
351.21 64.3
352.24 36.7
354.14 7.5
357.25 6.2
358.69 231.7
359.48 99.7
360.54 14.8
361.29 1.8
364.21 2.9
365.47 9.9
367.08 9.9
369.21 77.0
370.25 40.9
371.15 12.7
372.43 8.6
373.39 6.0
374.34 27.6
375.31 7.4
376.33 1.7
382.34 23.1
383.26 7.2
384.28 8.2
385.31 18.3
386.18 19.6
387.41 9.0
388.51 2.5
389.42 16.9
392.26 9.9
394.14 2.2
395.76 7.0
398.63 21.0
400.62 49.6
401.46 7.2
403.48 3.7
404.59 8.1
405.47 3.0
406.23 10.9
408.37 7.9
410.02 9.2
411.59 3.5
412.30 6.8
413.49 7.9
414.35 4.6
415.73 40.1
416.40 24.2
417.18 4.4
418.40 66.4
419.50 4.1
420.43 18.4
421.63 11.2
424.57 8.2
426.49 4.5
427.62 4.9
428.43 30.0
429.46 30.4
431.41 14.0
432.13 2.0
433.23 21.9
434.05 5.7
435.23 8.5
436.49 16.0
437.47 11.0
438.22 4.5
439.17 13.7
440.38 13.8
441.26 14.3
442.34 2.9
444.27 2.8
444.99 2.9
446.67 8.6
447.39 5.3
448.50 15.9
449.22 8.0
451.92 7.9
453.42 17.4
454.41 8.0
455.82 6.3
457.01 10.4
457.61 3.5
458.50 3.2
460.47 9.4
461.30 2.4
462.30 14.4
463.20 5.9
464.22 11.5
465.31 13.2
466.35 13.9
467.26 4.5
468.29 23.4
470.15 71.5
471.13 8.8
472.47 60.5
473.30 5.2
474.34 25.9
475.42 11.1
476.15 12.6
477.01 7.6
477.99 2.3
478.68 21.1
480.60 17.9
481.45 14.5
482.22 7.7
483.23 8.2
484.76 40.2
485.88 38.2
487.23 65.5
488.30 36.0
489.27 29.1
490.60 107.2
491.45 54.0
492.14 17.2
493.70 7.4
494.52 33.6
495.59 78.0
496.20 7.0
497.29 13.0
498.36 97.7
499.85 257.6
500.60 62.6
501.28 98.4
501.97 33.1
503.25 22.7
504.35 40.9
505.56 44.0
506.61 14.9
508.70 6.2
510.11 80.6
511.47 26.0
512.58 72.2
513.40 53.9
514.59 64.8
515.27 175.2
516.40 243.6
517.30 84.2
518.26 22.0
519.01 39.5
519.90 43.4
521.41 11.3
522.09 5.0
523.11 93.6
523.84 176.8
524.67 74.2
525.35 6.2
526.76 22.3
527.51 69.1
528.85 245.7
529.91 574.9
530.85 19.5
532.47 292.7
533.14 627.2
533.76 166.1
534.45 64.3
535.89 15.7
537.12 16.4
538.35 1417.5
539.30 2232.7
540.22 33.7
541.25 24.5
542.21 16.4
543.97 719.8
545.13 2.9
546.19 22.2
547.80 79.5
548.72 105.7
549.69 44.3
550.50 14.2
551.68 99.7
552.84 11.6
553.59 15.6
555.12 137.6
556.00 138.6
556.86 30.6
557.65 52.1
558.72 29.8
559.49 71.2
560.31 64.7
561.22 448.9
561.83 471.1
562.65 54.1
563.91 49.6
565.26 164.0
567.20 1874.6
567.83 1952.5
569.04 28.1
570.93 1202.8
571.95 171.1
573.02 393.2
574.40 5.8
575.54 80.2
577.00 9114.6
578.54 82.8
579.70 54.3
580.71 88.1
581.56 71.5
582.84 273.0
583.75 52.3
585.22 175.2
586.34 403.0
587.47 76.3
588.12 25.4
589.33 129.1
590.22 173.2
591.55 441.5
592.51 119.1
593.46 59.6
594.34 19.3
595.04 17.5
595.65 15.4
597.27 147.3
598.21 147.0
599.30 294.6
600.44 294.0
601.47 20.3
602.89 192.8
603.52 744.1
604.18 223.1
605.15 137.0
606.07 668.1
607.14 78.8
609.31 5866.8
610.77 60.1
612.31 402.7
613.09 135.0
613.73 4.8
616.25 8.0
624.61 6.3
627.95 4.3
629.96 16.2
632.45 25.4
633.41 2.3
634.53 1.9
635.92 8.3
637.38 2.9
639.32 4.1
641.85 14.9
642.49 14.6
644.57 2.2
645.47 8.9
647.63 4.2
650.43 59.7
651.64 40.3
652.52 9.6
653.41 4.9
654.64 10.8
655.75 48.9
656.79 3.0
657.49 16.5
659.20 6.2
660.48 7.9
662.99 10.4
664.65 532.9
665.55 88.0
666.76 15.0
667.43 5.4
668.36 18.4
669.24 7.8
670.43 7.8
671.64 5.4
673.12 216.7
673.98 62.8
674.87 3.1
676.32 12.4
677.91 17.0
679.62 19.8
680.68 222.2
681.37 14.8
681.97 31.1
682.69 6.8
683.74 32.3
684.53 4.5
685.27 6.4
686.80 4.2
687.68 3.4
689.01 2.8
690.17 43.1
692.56 46.9
693.71 20.7
694.57 4.4
695.63 13.3
696.95 11.4
697.95 3.7
698.89 14.7
700.22 11.7
700.94 5.7
702.69 1.9
704.79 4.8
708.13 171.4
709.10 55.7
710.13 7.4
711.94 7.0
713.97 6.4
714.87 5.6
716.51 235.0
717.40 93.1
718.02 51.3
718.66 81.4
719.63 1.9
721.04 56.0
722.17 30.0
723.08 8.1
724.30 15.0
725.00 12.7
726.89 22.1
727.93 25.2
728.92 71.1
729.70 52.2
730.87 16.5
731.76 4.1
733.71 60.8
734.62 61.1
735.87 75.3
737.10 40.8
738.15 1120.9
738.99 341.4
739.95 54.3
741.00 16.4
742.66 335.6
743.46 145.4
744.14 8.4
746.69 547.9
747.58 129.2
748.78 36.0
749.66 107.3
750.52 9.4
751.57 239.2
752.46 151.6
753.36 24.1
755.74 6.3
756.88 5.6
759.45 12.2
760.20 25.6
760.83 21.2
761.65 13.3
762.31 4.6
763.12 23.8
764.75 101.2
765.84 30.7
767.33 4.1
768.97 22.2
769.74 46.0
770.72 5.2
771.52 7.1
772.53 9.9
775.02 18.2
776.66 37.7
777.36 20.7
777.98 13.9
778.71 53.2
779.98 17.7
781.23 47.6
782.44 83.2
783.80 55.3
784.96 102.6
785.81 31.7
786.66 60.0
787.53 29.5
789.14 6.8
790.11 91.8
790.99 79.0
791.90 82.2
792.81 159.9
793.82 326.2
794.59 406.3
795.46 16.3
797.06 29.5
797.70 2.8
798.87 573.7
799.65 809.9
800.60 106.0
801.42 6.3
802.42 6.9
803.21 6.2
804.93 26.8
806.46 234.7
807.23 352.2
808.23 3590.7
809.00 827.0
810.19 26.2
811.09 20.4
811.87 5.9
813.00 7.8
814.74 145.9
815.66 201.0
817.29 42.7
818.73 10.1
821.26 91.3
821.98 45.2
822.93 36.9
824.23 131.3
825.24 47.5
826.72 49.3
827.66 26.7
829.29 31.9
830.05 2.7
831.70 30.0
832.57 23.5
834.42 78.6
835.39 98.8
836.38 53.4
838.01 35.6
839.29 40.3
840.47 26.9
841.53 144.8
842.65 250.4
843.71 136.3
844.75 134.4
846.83 133.5
847.59 104.6
848.42 9.4
850.33 749.4
851.19 526.7
852.31 33.6
853.62 35.1
854.47 21.0
855.75 684.7
856.58 292.4
857.56 44.0
858.44 40.8
859.12 79.3
860.64 4.6
861.56 15.3
862.40 5.1
864.73 8397.7
865.60 1725.4
866.73 59.3
867.86 1.6
868.82 7.6
869.79 7.4
870.49 6.0
871.19 30.9
872.48 7.7
873.69 133.1
874.60 82.9
876.75 5.8
877.63 2.5
878.72 44.0
879.42 12.4
881.41 3.8
882.42 7.2
883.53 4.3
884.76 2.7
885.40 2.3
887.33 9.4
887.98 5.2
888.65 2.0
889.93 2.9
892.90 5.2
898.99 2.0
899.61 10.4
900.59 9.2
901.54 5.9
903.46 25.4
904.44 9.5
905.47 4.7
906.93 4.2
908.72 2.7
912.24 4.5
913.11 18.9
914.13 7.0
918.84 7.4
919.63 6.3
922.14 15.0
922.90 4.9
924.31 4.2
925.80 11.0
926.68 6.5
927.72 1.8
928.65 2.3
929.67 16.2
930.68 4.5
931.62 9.7
932.66 7.0
934.46 1.7
935.56 18.2
936.84 7.3
939.29 3.2
940.21 2.1
942.73 36.2
947.41 18.2
949.21 1.7
950.68 9.5
951.60 3.8
952.85 31.3
953.57 17.9
954.64 2.5
955.59 6.5
956.90 4.8
960.80 13.9
963.28 9.4
964.50 14.4
965.60 4.9
967.47 7.3
968.46 4.4
969.51 2.2
970.84 41.7
971.70 9.2
972.86 1.6
976.08 4.3
981.74 7.3
982.37 6.6
983.45 13.3
984.72 14.7
986.20 5.0
987.33 12.9
989.45 44.0
993.57 5.8
994.99 7.6
996.49 3.2
997.64 12.8
1001.63 7.7
1009.47 14.3
1010.20 1.8
1011.29 6.3
1012.66 19.4
1013.69 24.3
1014.51 18.5
1015.59 2.2
1022.93 9.5
1023.69 8.8
1028.65 14.2
1030.45 1.9
1031.89 6.9
1033.89 2.7
1034.92 8.4
1037.49 3.9
1039.17 4.4
1041.88 1.6
1042.61 18.7
1044.84 9.5
1045.82 17.0
1046.64 2.5
1049.69 13.3
1050.86 7.0
1052.00 6.9
1052.71 3.5
1053.86 12.2
1062.55 10.4
1064.70 2.4
1065.67 4.6
1066.54 9.2
1067.58 17.7
1068.70 26.4
1069.68 3.2
1078.16 39.4
1079.24 13.0
1079.86 2.5
1080.68 7.4
1082.53 3.0
1084.69 5.7
1085.79 33.7
1086.84 2.9
1090.11 7.5
1094.38 1.6
1097.52 10.7
1101.81 3.4
1108.38 8.4
1109.75 13.9
1110.43 19.1
1115.67 2.4
1123.91 2.0
1125.76 7.6
1126.52 31.5
1127.55 32.5
1128.51 4.0
1129.82 2.1
1132.63 5.8
1135.97 6.6
1137.77 4.1
1141.45 3.2
1142.56 3.2
1144.82 13.5
1145.76 5.8
1149.21 9.7
1150.13 2.3
1151.76 9.0
1154.79 3.2
1165.59 1.9
1166.37 4.7
1169.85 6.0
1171.77 2.1
1176.35 17.4
1177.46 4.2
1179.38 8.8
1182.98 6.5
1187.95 4.2
1192.19 6.0
1193.62 16.4
1194.60 17.6
1195.22 3.3
1195.99 6.8
1210.49 46.9
1211.54 20.6
1212.68 26.7
1213.73 2.3
1215.09 3.7
1219.31 5.2
1233.70 4.1
1247.46 17.7
1248.67 1.8
1249.92 2.3
1262.76 11.7
1263.96 1.7
1264.79 2.3
1276.65 4.7
1279.95 8.5
1280.65 4.6
1284.07 6.0
1291.65 5.4
1310.82 4.3
1317.98 5.5
1319.68 1.7
1328.14 6.2
1328.83 6.0
1333.88 6.3
1336.56 7.2
1337.43 2.5
1350.75 2.2
1360.18 13.5
1360.84 2.4
1362.84 2.2
1381.14 2.3
1385.37 2.7
1399.78 3.1
1414.36 4.0
1421.78 8.4
1425.65 6.9
1426.60 3.1
1434.70 7.1
1438.79 5.1
1440.82 2.5
1442.01 1.7
1444.18 3.4
1467.12 7.9
1469.47 7.3
1537.57 4.0
1543.76 1.6
1553.72 1.8
1554.81 13.0
1574.48 3.1
1615.76 3.3
