2582.19522 3
241.17 9.1
257.05 3.6
258.33 47.1
259.26 1.4
262.20 1.2
268.17 3.5
269.38 3.7
273.12 2.8
274.35 1.5
277.32 9.3
279.24 5.3
280.47 4.6
281.31 1.3
282.45 3.0
286.16 37.9
286.98 6.8
290.32 1.6
291.16 3.4
292.13 2.1
294.24 4.6
296.10 9.0
297.44 3.7
301.00 3.0
306.36 1.5
309.25 2.4
310.32 7.4
311.17 2.3
313.16 3.4
314.08 6.9
314.98 1.6
322.38 3.4
323.65 5.2
324.51 1.9
326.98 9.6
329.59 10.6
330.31 31.1
331.16 18.5
332.21 7.6
333.37 1.3
335.95 5.9
337.35 2.2
338.20 7.6
338.84 4.9
339.68 3.8
340.43 3.4
341.25 1.0
343.10 2.3
345.13 1.5
346.92 2.9
348.19 46.6
349.07 5.1
350.32 2.4
351.40 9.9
354.15 2.3
357.40 2.3
360.36 2.0
362.44 2.1
364.52 11.3
365.29 2.2
366.31 1.8
367.93 1.8
369.31 10.8
370.25 4.2
375.48 1.7
383.24 2.1
385.28 14.8
386.28 11.0
387.56 6.2
388.38 3.4
393.48 1.3
395.31 7.7
396.32 12.4
397.46 3.8
398.18 3.2
401.81 8.5
402.53 4.8
404.16 3.6
407.30 1.3
409.46 2.2
410.23 1.0
411.03 1.0
412.35 2.5
414.30 1.5
416.07 2.4
418.26 6.8
420.22 6.4
425.28 8.9
426.16 24.2
426.78 1.1
428.14 5.8
429.41 1.6
432.49 3.6
433.28 3.8
436.30 2.1
438.24 2.0
439.47 8.4
441.61 12.3
443.17 31.2
444.12 9.7
446.32 1.4
447.23 1.8
449.38 1.5
453.70 5.8
454.81 1.7
455.54 1.9
456.31 11.8
457.77 3.9
459.21 1.8
460.48 3.2
461.43 7.8
464.42 11.5
465.74 5.6
466.38 3.0
467.92 8.0
469.39 5.6
470.39 1.8
472.18 1.0
475.88 3.8
477.51 5.7
480.29 13.5
481.56 3.3
482.25 3.6
483.70 5.7
484.42 4.6
485.27 2.2
487.31 7.2
488.41 15.7
490.98 7.8
493.21 1.7
496.43 2.7
497.26 7.0
498.39 9.9
499.33 8.6
501.25 9.6
502.16 3.9
505.04 1.9
506.30 3.2
508.44 1.8
509.45 2.7
510.23 5.1
513.16 17.6
513.99 11.9
515.33 12.3
516.30 28.4
518.18 5.5
520.33 4.8
521.56 17.7
523.17 4.1
524.32 1.5
525.17 18.5
526.38 5.2
527.17 3.1
529.35 2.9
530.47 2.1
533.88 4.6
537.21 9.6
538.00 3.4
539.46 2.0
540.11 4.5
541.29 6.7
542.18 13.4
543.38 3.0
544.21 8.4
545.43 2.4
547.41 10.0
550.29 3.6
551.42 3.1
552.24 3.6
553.26 1.4
554.29 1.3
555.25 7.5
557.74 5.9
560.08 7.5
561.32 6.3
562.04 7.4
563.59 6.1
564.59 1.5
565.69 10.4
566.47 5.9
568.36 3.0
570.42 2.4
571.41 1.5
572.51 2.2
574.40 11.7
575.43 3.1
576.29 1.2
577.26 1.6
579.68 19.4
580.52 2.8
581.49 7.4
582.36 7.4
583.20 16.7
584.63 5.8
585.47 13.3
587.16 3.0
589.48 9.2
591.76 5.1
594.22 3.4
595.25 6.4
596.17 5.2
597.85 9.3
599.30 2.8
600.36 2.9
601.36 1.8
602.53 8.7
603.53 12.1
605.35 8.2
607.25 10.1
610.40 3.2
611.64 19.2
612.50 11.8
613.39 4.0
614.41 7.5
615.31 13.3
616.32 13.4
617.59 5.3
618.45 7.8
619.38 4.2
620.44 5.9
621.53 2.8
622.54 13.1
623.26 1.3
624.40 9.3
626.13 8.7
628.09 2.5
629.62 17.3
630.42 6.0
631.32 1.2
633.29 3.5
634.60 13.7
636.41 1.2
637.29 1.1
638.49 2.1
639.49 1.8
642.61 12.4
643.22 2.6
644.06 9.6
644.68 9.6
645.55 6.8
646.73 32.2
647.62 10.2
648.35 3.2
649.00 1.1
650.98 7.2
651.97 5.3
653.98 4.7
656.75 15.0
658.21 2.7
660.46 2.3
661.55 25.1
662.59 7.6
663.52 4.1
664.37 26.8
664.98 9.4
666.41 9.9
668.17 9.2
670.20 28.9
670.98 5.5
672.34 7.0
674.56 13.9
675.57 27.0
676.49 5.4
678.70 19.9
679.39 7.2
680.69 13.1
681.60 6.8
682.29 9.3
683.04 2.3
683.99 11.7
686.27 11.8
687.36 26.2
688.30 76.1
689.46 51.3
690.38 1.9
691.30 18.6
692.11 18.8
692.82 13.3
694.29 10.9
695.19 12.0
696.27 6.9
697.31 26.6
698.35 2.0
699.30 17.7
700.62 13.0
701.73 7.5
703.39 14.5
704.38 4.7
705.47 16.0
706.68 21.3
707.54 1.0
708.77 12.3
709.63 13.5
710.42 4.5
711.30 14.3
712.12 36.6
712.76 7.1
713.77 38.4
714.40 7.9
715.72 11.0
717.22 11.4
718.24 75.2
719.14 3.9
720.66 15.8
722.02 45.5
723.09 47.8
724.01 12.4
725.53 9.1
726.35 14.5
727.76 40.9
728.60 37.4
729.74 13.1
730.37 1.4
732.11 10.8
732.83 7.3
733.54 8.1
734.49 36.9
735.16 4.2
736.20 51.9
737.77 36.1
738.50 6.0
739.64 35.6
740.60 41.9
742.33 10.6
743.23 16.8
744.13 20.0
745.17 21.5
746.17 126.3
747.14 30.9
747.94 22.8
748.69 3.5
750.18 27.1
751.69 85.9
752.61 46.8
753.62 8.4
754.56 21.1
755.61 64.7
756.66 31.0
757.62 20.9
758.47 1.2
759.48 22.8
760.83 177.0
761.59 45.3
762.47 14.8
763.47 12.4
764.45 2.6
765.35 25.2
766.66 125.4
767.56 16.2
768.44 10.1
769.50 19.0
770.91 42.5
772.24 35.4
772.98 8.5
775.02 65.8
775.97 14.1
776.84 5.0
778.34 137.0
779.18 58.6
780.36 38.2
781.43 8.8
782.11 14.5
782.97 18.6
784.24 190.4
784.94 98.9
786.17 26.2
787.35 52.8
788.56 51.4
789.35 18.9
790.20 44.6
791.20 28.9
792.33 31.2
793.54 71.3
794.22 35.7
795.58 81.4
796.67 66.4
797.39 9.9
798.14 9.2
799.69 51.4
800.44 18.5
801.73 109.0
802.86 18.0
804.28 36.0
805.29 20.5
806.80 118.2
807.48 131.6
808.34 32.3
809.33 18.9
810.02 7.8
810.64 3.5
811.41 17.3
812.17 73.1
812.88 258.4
813.53 245.7
814.68 19.4
815.46 21.8
816.83 25.6
817.77 53.0
818.83 107.3
819.58 44.6
820.78 29.5
821.80 30.3
822.70 44.0
823.57 41.8
824.78 6.8
825.62 14.6
826.30 24.9
827.32 39.8
828.49 12.1
829.30 32.2
830.76 41.2
831.68 12.0
832.66 43.5
833.53 7.6
834.19 12.6
835.39 61.5
836.03 27.2
838.09 37.3
838.86 53.2
839.80 68.7
840.83 66.8
841.96 79.4
843.46 167.9
844.32 447.7
845.25 91.1
845.97 23.1
846.76 73.4
847.60 74.4
849.57 165.3
850.20 459.5
851.04 75.2
853.00 29.0
857.26 5.1
859.46 3.7
867.53 1.7
868.66 2.3
869.52 4.3
873.12 25.9
875.71 1.2
877.32 2.3
878.58 8.4
880.71 5.0
883.30 6.8
884.10 7.7
886.22 2.1
887.11 7.6
888.61 4.6
890.07 6.1
891.05 9.5
892.00 7.6
894.65 5.6
896.49 9.1
897.75 13.4
898.48 3.2
899.62 12.2
901.17 13.9
902.18 1.3
903.58 15.7
904.87 51.3
906.11 16.1
907.48 4.6
908.35 21.8
909.59 9.8
910.98 25.2
912.64 27.8
913.45 5.0
914.63 15.7
915.73 4.9
916.54 29.4
917.14 39.6
917.91 46.1
919.32 34.1
921.48 7.9
922.42 3.8
924.02 13.5
925.11 4.0
926.27 41.6
927.17 9.3
928.02 14.0
929.28 6.3
930.29 8.9
931.92 8.9
932.97 12.1
933.63 11.8
934.87 5.5
936.17 9.4
937.53 20.6
938.71 21.3
939.56 10.8
940.36 22.5
941.08 21.5
942.42 6.5
943.25 2.5
943.97 3.5
945.63 2.5
946.74 3.3
947.89 34.4
948.73 15.4
949.63 9.4
950.93 8.8
952.32 13.1
953.09 12.3
954.81 6.6
956.17 10.1
957.36 4.1
958.46 16.4
959.38 12.3
960.52 6.6
961.75 53.4
962.61 12.4
964.64 8.8
965.78 15.4
966.66 3.8
967.68 15.7
968.79 37.2
969.97 15.4
970.99 11.2
973.09 12.7
973.85 6.4
974.83 4.7
975.92 73.4
976.74 60.6
977.44 23.6
978.54 4.7
979.14 16.9
980.47 2.2
983.29 91.5
984.42 21.3
985.23 136.0
986.09 52.6
986.96 2.9
988.24 2.7
989.33 13.0
990.22 10.2
991.06 3.1
991.99 30.6
992.75 23.4
993.60 9.6
994.55 6.1
996.45 55.8
997.43 16.1
998.34 5.0
999.24 3.7
1000.45 25.9
1001.53 5.3
1002.20 4.3
1003.23 12.9
1004.27 30.0
1005.33 30.3
1006.18 19.3
1008.32 8.8
1009.50 12.7
1010.12 8.7
1011.26 16.5
1012.44 72.1
1013.41 39.4
1014.36 34.8
1016.33 20.4
1017.75 29.0
1018.46 5.5
1019.41 26.6
1020.74 132.2
1021.74 49.6
1022.66 5.2
1023.72 16.1
1024.93 72.8
1025.69 62.7
1026.76 37.6
1027.50 9.7
1028.47 10.3
1030.81 41.0
1031.58 4.5
1032.84 102.6
1033.91 102.7
1034.98 40.3
1036.47 11.2
1037.84 22.1
1038.98 24.5
1039.86 3.6
1040.69 1.5
1041.95 24.6
1042.60 11.9
1043.21 17.0
1044.51 19.7
1045.48 10.0
1046.25 30.3
1047.52 53.5
1048.29 34.7
1049.59 14.0
1050.38 3.3
1051.05 7.6
1052.20 100.6
1053.31 107.3
1054.17 27.2
1055.13 13.5
1055.98 57.8
1056.76 55.0
1057.87 32.7
1059.07 38.1
1060.10 18.4
1061.79 176.4
1062.75 91.7
1064.01 16.8
1066.58 13.3
1067.50 15.1
1068.21 19.9
1069.56 17.0
1070.97 14.4
1071.60 12.7
1072.86 13.8
1073.95 9.4
1074.80 15.5
1075.76 33.0
1076.71 101.4
1077.79 18.8
1079.02 14.6
1080.02 8.3
1081.27 12.1
1082.25 35.9
1083.19 25.0
1084.52 10.2
1085.32 31.7
1086.01 9.2
1086.67 17.8
1089.91 9.4
1090.92 89.7
1091.73 120.0
1092.86 36.1
1094.23 7.7
1095.32 14.5
1096.25 2.0
1097.26 4.6
1098.41 11.7
1099.82 421.9
1100.81 181.0
1101.77 3.4
1102.93 6.8
1104.03 72.8
1104.87 45.9
1105.63 28.4
1106.95 15.1
1108.02 68.2
1108.98 56.8
1109.82 104.1
1111.04 22.9
1113.49 17.6
1114.64 30.6
1115.67 13.4
1116.94 17.3
1118.38 869.1
1119.33 361.0
1120.21 6.4
1121.11 3.5
1122.72 12.6
1123.56 26.3
1125.75 27.5
1126.58 22.3
1127.54 16.7
1128.50 4.8
1129.29 3.5
1130.72 27.9
1131.90 83.7
1133.00 58.4
1133.93 15.6
1135.86 6.7
1138.04 14.9
1139.09 13.9
1140.46 232.3
1141.26 245.0
1142.10 41.2
1142.90 8.7
1143.66 17.2
1144.68 3.5
1146.63 10.3
1147.56 7.5
1149.06 205.0
1149.74 676.6
1150.63 160.0
1151.52 9.8
1152.46 13.4
1153.66 9.5
1155.15 8.4
1155.97 5.6
1157.40 32.7
1158.37 29.4
1159.50 9.0
1161.19 14.9
1162.08 13.9
1162.88 3.2
1166.28 81.6
1167.28 68.7
1168.18 15.3
1169.17 16.4
1169.93 8.7
1170.67 12.2
1171.91 3.5
1172.63 2.8
1173.47 6.3
1175.37 535.1
1176.36 464.1
1177.85 22.8
1178.76 13.9
1179.86 34.6
1181.04 2.5
1182.13 17.2
1184.39 31.9
1185.84 29.9
1186.92 16.3
1187.83 19.5
1188.74 25.2
1190.00 24.6
1190.96 32.4
1191.93 37.4
1192.74 19.3
1193.71 24.4
1194.53 6.8
1195.14 4.0
1196.20 33.2
1197.38 37.8
1198.57 38.5
1199.57 62.5
1200.49 27.5
1201.57 65.0
1202.44 4.3
1203.32 8.2
1205.00 59.7
1205.74 32.5
1206.57 30.0
1207.35 9.8
1208.59 1.5
1209.76 158.9
1210.58 151.1
1211.45 53.4
1213.59 16.2
1214.41 42.1
1215.33 25.7
1216.06 2.0
1216.80 8.7
1218.02 23.8
1218.97 261.9
1219.82 202.1
1223.65 34.6
1224.64 14.3
1225.52 33.9
1226.59 36.2
1227.76 15.9
1229.38 12.1
1231.53 3.4
1232.50 3.2
1233.60 2.1
1234.31 4.1
1235.70 10.1
1236.63 1.8
1237.77 2.0
1238.96 4.3
1241.84 2.1
1243.17 2.2
1244.06 1.3
1244.70 5.8
1245.35 4.8
1246.23 2.2
1249.32 5.2
1253.77 1.0
1255.15 1.1
1255.88 3.4
1259.59 1.1
1261.78 2.2
1264.61 1.2
1265.49 1.1
1266.71 3.0
1269.83 4.0
1273.60 2.9
1277.90 1.6
1279.63 14.1
1280.66 11.3
1282.75 4.1
1284.87 2.0
1287.65 6.2
1288.52 1.3
1294.38 8.0
1304.03 2.6
1309.34 2.9
1315.65 7.7
1323.75 3.3
1324.91 12.0
1325.81 5.6
1326.98 3.5
1327.78 7.3
1328.71 7.6
1329.66 2.6
1338.79 2.0
1339.72 1.2
1341.70 10.5
1342.37 2.9
1343.85 4.2
1353.05 1.5
1355.53 3.6
1358.53 4.7
1359.72 7.0
1360.88 6.8
1361.75 8.2
1368.58 7.7
1371.76 3.9
1373.49 3.5
1374.45 4.8
1377.68 6.0
1379.62 2.5
1380.92 1.2
1386.27 3.2
1389.00 4.7
1391.63 2.6
1392.44 4.5
1395.97 3.5
1397.87 6.3
1403.87 2.5
1405.59 2.2
1407.64 6.6
1409.38 1.3
1410.32 1.2
1419.04 1.9
1423.41 4.1
1425.60 30.2
1426.84 9.1
1427.74 12.7
1434.62 2.5
1436.80 1.7
1445.69 5.1
1448.91 12.1
1450.30 1.7
1451.71 3.2
1453.51 9.3
1457.66 4.6
1459.04 2.2
1460.47 1.8
1463.73 3.8
1466.13 4.9
1470.80 3.4
1475.28 1.2
1476.70 2.2
1479.61 1.6
1484.63 3.0
1485.69 2.0
1486.67 4.9
1492.03 3.1
1493.87 10.4
1494.52 2.2
1495.76 1.8
1497.69 1.9
1511.95 4.3
1514.10 6.0
1517.91 2.1
1521.87 3.1
1523.76 1.2
1527.89 3.4
1535.91 1.2
1536.81 1.7
1542.47 8.8
1544.94 2.9
1546.73 1.2
1547.96 2.3
1551.01 6.0
1553.26 2.4
1553.98 2.5
1557.22 1.4
1561.64 3.7
1562.73 1.6
1563.94 1.6
1566.58 4.4
1568.64 1.5
1576.58 1.5
1579.65 3.1
1596.75 4.0
1604.79 1.9
1605.91 2.3
1621.82 5.9
1624.86 1.1
1638.91 5.2
1657.61 1.3
1660.79 1.7
1687.07 13.0
1711.90 1.5
1713.92 3.0
1722.18 10.8
1723.04 3.9
1735.95 4.5
1740.03 2.4
1753.26 1.3
1771.16 1.6
1783.18 3.7
1795.06 2.2
1796.74 3.7
1811.96 2.5
1815.38 4.8
1816.56 1.0
1826.27 1.0
1832.95 2.2
1837.05 7.7
1859.09 2.6
1860.16 2.4
1873.60 1.4
1894.44 1.8
1901.94 1.1
1914.30 1.3
1917.21 4.6
1921.10 1.9
1939.91 4.8
1941.17 2.5
1947.80 3.3
1953.35 1.2
1966.89 2.4
1970.85 2.5
1986.86 3.0
