1725.891699999999 3
164.16 6.0
166.18 205.1
167.23 19.6
173.14 8.6
175.24 53.8
177.12 87.7
178.04 20.9
180.96 2.5
183.11 24.1
185.30 12.7
187.13 21.1
188.29 2.2
193.29 2.0
195.43 4.9
196.25 3.3
197.15 7.7
198.18 1.8
199.37 18.6
200.23 14.2
202.10 12.8
203.13 35.3
205.08 38.0
206.18 1.6
207.10 12.7
208.29 3.0
209.24 12.3
210.14 1.7
211.15 4.7
212.22 18.6
215.15 9.5
216.29 2.8
217.20 10.5
218.18 9.7
219.27 7.4
223.10 684.8
224.12 55.5
225.12 13.5
226.27 2.1
227.12 24.5
228.25 51.6
229.17 5.0
230.08 2.3
231.16 5.9
233.31 2.6
234.40 3.3
236.68 7.7
237.29 18.9
239.26 19.5
240.18 12.0
241.23 21.5
242.42 23.9
243.92 25.2
245.53 3.7
248.22 2.7
249.42 6.7
251.21 4.1
252.22 4.8
253.33 4.0
254.30 16.4
255.55 20.6
256.36 1.6
257.07 5.5
258.42 19.6
259.21 29.7
260.18 13.2
261.34 3.2
262.33 4.0
263.40 7.8
264.38 8.0
265.16 1.6
268.29 8.3
269.04 16.1
270.26 20.4
272.33 39.6
273.14 11.0
274.15 2.1
275.41 10.6
276.45 39.0
277.12 140.3
278.37 9.1
279.25 18.2
280.28 11.4
281.24 5.8
282.30 141.3
283.34 44.7
286.12 1.7
288.33 6.4
289.60 21.9
290.42 13.3
292.25 2.3
293.02 2.8
294.11 12.2
295.39 3.9
296.46 1.7
297.13 4.7
298.21 56.4
298.84 48.1
299.48 6.2
301.00 7.4
304.15 27.3
305.32 12.3
306.33 3.3
307.37 5.4
308.37 2.4
309.71 9.2
310.55 7.6
312.72 80.1
313.58 7.4
315.31 15.8
316.16 35.2
317.00 5.9
319.14 6.7
320.71 19.8
322.16 616.1
323.19 136.5
324.40 2.7
325.66 16.8
326.51 7.2
327.23 3.7
328.16 3.5
329.06 13.6
330.13 13.9
331.30 6.9
332.27 6.4
333.42 19.3
334.70 12.9
335.67 4.2
337.02 6.3
338.82 16.3
339.52 22.4
340.50 10.5
341.25 7.4
342.69 16.2
343.40 8.9
345.61 2.6
347.05 18.7
347.87 1.6
349.42 2.2
350.20 7.4
351.19 14.5
352.45 9.0
353.27 5.1
354.45 7.8
355.06 2.1
356.03 19.7
357.30 27.0
358.28 4.0
359.19 18.2
361.30 11.0
362.31 6.8
363.52 2.8
364.30 7.4
365.80 20.5
367.37 3.0
369.18 17.4
370.24 46.1
372.22 22.7
373.21 15.8
374.67 14.0
375.52 6.1
377.22 5.6
378.29 18.8
380.63 2.6
381.24 1.9
382.45 41.6
383.38 59.4
384.07 6.6
385.50 37.9
386.40 4.2
387.34 12.4
388.39 3.5
389.46 28.6
391.06 95.1
391.91 9.0
393.21 7.7
395.19 3.7
396.38 73.0
397.13 14.6
398.32 20.8
399.97 34.3
401.40 28.1
402.39 32.0
403.54 35.8
404.73 56.6
405.44 22.3
406.05 2.7
407.18 37.5
407.88 27.6
408.60 11.8
410.07 11.6
411.65 69.4
412.29 56.7
413.08 22.2
413.74 112.9
414.43 30.9
415.25 12.5
416.14 10.0
417.74 27.7
418.39 4.9
419.26 7.6
420.17 11.0
421.29 8.8
422.04 15.9
423.28 11.0
424.32 544.9
425.40 140.9
426.54 42.8
427.28 22.2
428.34 2.4
429.37 37.9
430.49 46.2
431.43 13.6
432.48 12.8
433.27 26.5
434.35 40.6
435.26 31.8
438.13 12.4
439.28 53.2
439.88 23.0
440.57 19.5
441.26 26.2
442.18 24.9
443.93 34.5
445.26 37.4
446.70 21.7
447.31 9.7
448.46 203.4
449.54 16.9
451.10 200.6
452.15 40.0
453.57 76.1
454.75 60.8
455.42 20.4
456.48 11.2
457.38 40.3
458.28 24.5
459.70 33.3
460.53 68.3
462.01 50.0
462.98 155.0
464.08 30.2
465.18 38.1
466.29 38.1
467.00 45.6
467.77 26.2
469.21 629.9
470.44 35.7
471.39 32.4
472.18 16.8
473.54 49.4
474.36 49.5
475.60 26.1
476.69 30.1
477.63 37.5
479.21 3.2
480.34 33.3
481.29 19.2
482.07 71.2
483.18 99.8
484.28 104.2
485.25 82.1
486.41 89.1
487.44 71.2
488.31 49.8
489.33 32.1
490.47 30.4
491.44 32.3
492.10 9.1
493.08 57.2
494.42 632.0
496.04 250.4
496.81 66.0
498.13 68.4
498.94 15.6
500.46 62.5
502.21 1518.1
503.44 111.2
504.29 40.0
505.43 53.2
506.22 30.0
507.45 28.9
509.08 160.1
510.02 82.0
511.49 60.4
512.55 95.1
513.88 76.8
514.71 5.0
515.32 417.2
516.55 30.2
517.93 79.8
518.77 78.3
519.61 136.2
521.20 1438.4
522.30 40.5
523.22 72.1
524.08 42.5
524.91 15.5
526.04 49.5
527.23 160.8
527.98 33.7
529.38 1.7
529.99 25.7
531.77 130.3
532.75 22.0
533.72 23.8
534.62 23.3
536.14 74.0
537.41 675.5
538.37 198.3
539.41 45.5
540.28 74.9
541.47 23.8
542.87 85.5
543.80 48.9
545.01 64.9
546.10 39.0
547.10 42.5
548.44 77.0
549.34 77.9
550.42 14.0
551.20 11.0
551.96 251.4
553.50 69.4
554.63 71.4
555.52 129.2
556.43 10.6
557.54 109.5
558.45 437.8
559.38 132.2
560.14 53.3
561.00 1002.7
562.00 47.9
563.87 389.2
564.48 435.5
566.05 98.3
566.83 162.4
567.51 394.6
568.47 51.6
569.47 14.7
574.62 5.6
578.84 2.5
580.77 12.7
581.46 13.2
582.34 9.4
583.25 2.6
584.23 3.0
585.09 11.9
586.29 34.9
586.95 49.5
587.95 4.8
589.64 9.7
590.78 13.1
593.98 75.4
595.17 263.4
596.12 614.1
597.01 59.4
598.28 18.3
599.21 26.8
600.38 19.5
602.80 190.0
603.46 129.2
604.10 68.5
605.38 5.9
606.49 83.9
607.47 35.7
608.31 12.2
609.32 8.8
610.25 1.9
612.07 6625.7
612.99 573.5
614.42 14.9
616.11 50.0
616.94 25.3
617.86 10.7
618.61 11.0
619.85 22.5
620.92 14.8
621.74 10.4
624.29 326.2
625.37 136.9
626.41 1.9
627.32 6.1
630.62 23.1
631.30 5.4
632.80 11.1
633.85 22.5
634.67 5.2
635.49 10.0
636.51 17.9
638.09 33.7
639.02 48.2
640.09 41.1
640.70 3.8
642.32 38.2
643.38 21.4
645.88 19.6
646.73 35.5
647.54 50.4
648.39 96.5
649.24 59.5
650.29 68.2
651.56 298.5
652.46 80.1
653.66 7.6
654.54 46.9
655.34 35.0
656.39 29.3
657.22 23.1
658.32 5.8
660.63 5520.7
661.45 651.3
662.06 32.1
663.28 27.6
664.33 29.2
665.41 21.7
666.41 82.8
667.24 35.6
668.48 26.7
669.35 33.0
672.66 75.6
673.54 23.3
674.46 11.7
675.31 29.9
676.40 48.6
677.34 21.5
678.50 42.0
679.35 19.6
680.74 101.6
681.58 4.3
682.37 41.2
683.12 9.6
685.23 303.5
686.23 247.3
687.30 68.4
688.35 32.1
689.13 33.0
690.35 70.7
691.45 36.7
692.29 26.6
694.62 5427.2
695.55 1038.1
696.58 112.8
698.01 31.8
698.67 16.9
700.17 69.9
701.21 69.2
703.17 1947.7
704.01 191.6
705.00 45.3
706.23 32.0
706.99 18.8
707.89 29.4
709.18 55.1
710.20 560.4
711.11 71.6
712.37 22.4
713.35 26.5
714.48 24.6
715.83 97.3
717.03 28.2
718.01 17.1
719.01 19.9
720.17 24.7
721.00 15.7
721.63 33.2
722.45 23.5
723.55 22.9
724.63 463.4
725.66 35.6
726.28 4.8
727.34 7.3
728.31 26.3
729.71 131.6
730.61 67.2
731.53 19.6
732.41 23.1
733.52 25.5
734.89 94.1
735.67 49.9
736.56 32.8
737.41 33.9
738.67 2075.4
739.49 1032.4
740.51 287.3
741.53 82.5
743.53 222.1
744.34 105.3
745.36 16.3
746.53 5.1
747.25 11.5
748.26 25.2
749.04 38.3
750.09 85.1
750.98 34.8
752.46 1525.2
753.15 1432.1
754.15 14.4
755.19 49.7
756.57 56.5
757.57 24.4
758.56 36.8
759.35 19.1
760.09 9.9
761.59 31.2
762.93 67.9
764.35 71.1
765.60 64.6
766.86 77.4
767.65 24.9
768.90 47.3
769.92 22.5
770.84 10.8
772.20 198.8
773.09 50.7
775.33 4.5
776.75 77.6
777.41 16.8
778.80 29.9
779.91 84.2
781.19 2738.9
782.05 451.2
782.92 13.0
783.54 25.3
784.69 33.5
785.57 23.2
786.65 20.3
787.52 17.7
788.74 87.0
790.15 424.8
791.14 61.5
792.60 9.5
793.53 6.8
794.87 21.4
795.52 60.9
796.38 40.2
797.31 91.2
798.17 351.4
799.12 86.5
800.35 10.9
801.60 12.8
803.24 12.0
804.09 5.4
805.41 28.5
807.26 2033.8
808.12 454.7
809.59 29.4
810.43 12.6
812.24 42.1
813.40 277.0
814.44 184.9
815.37 47.4
820.46 3.3
821.43 23.4
822.45 138.4
823.45 73.8
824.41 31.3
826.53 96.7
827.71 19.3
828.74 2.8
829.37 7.4
831.52 2.4
833.51 6.3
836.09 4.8
836.99 12.4
840.35 11.1
841.38 24.9
841.99 13.3
842.67 2.7
843.82 4.7
845.60 4.8
846.60 7.1
847.84 3.0
848.58 4.0
850.33 16.4
851.50 23.4
852.29 32.8
853.22 10.5
853.84 6.4
854.48 9.9
855.36 1.9
856.27 26.9
856.99 2.9
857.65 10.3
860.47 3.2
861.67 13.4
863.51 6.2
864.54 7.5
867.47 20.5
868.59 22.1
870.34 8.7
871.61 4.6
872.46 20.8
874.26 64.8
875.44 51.3
876.53 9.2
877.43 2.2
878.85 4.9
880.30 29.4
882.27 50.2
883.44 41.3
884.41 8.0
885.62 9.5
888.08 10.0
888.70 9.7
889.92 2.6
890.69 13.6
893.48 9.6
895.52 16.6
896.48 17.6
897.48 23.1
899.44 4.1
900.50 201.2
901.59 112.1
902.60 47.9
904.32 2.4
905.24 6.1
906.43 26.0
907.36 15.9
908.14 7.0
909.38 5.6
910.43 7.6
911.65 14.9
912.78 13.1
913.53 35.5
914.63 7.4
915.80 5.4
920.85 5.4
921.62 9.6
923.39 34.6
924.52 47.0
925.46 5.7
927.60 9.9
928.67 6.3
929.55 1.8
931.47 3.2
932.36 6.6
933.39 20.5
934.59 7.2
935.40 5.2
936.18 5.4
937.53 37.4
938.53 18.4
939.63 27.7
940.75 9.6
941.64 1.9
942.37 2.1
945.36 4.2
946.50 3.5
947.42 16.7
951.57 9.3
952.54 4.1
954.37 5.0
958.56 8.7
959.47 3.5
964.26 18.3
965.53 20.6
967.44 14.5
968.52 5.5
969.75 30.3
970.50 19.7
972.40 2.4
973.88 4.4
975.91 8.2
977.68 3.5
978.44 2.2
979.34 3.8
982.49 23.6
983.51 14.7
985.65 4.5
987.51 134.6
988.58 56.5
989.48 27.4
992.62 6.0
995.56 9.2
996.59 6.9
1000.78 22.3
1004.35 4.9
1005.72 20.8
1006.99 13.1
1007.67 4.0
1011.73 7.1
1014.20 1.8
1015.19 2.2
1016.53 6.2
1017.59 12.9
1018.53 30.1
1019.61 12.5
1020.46 10.1
1023.96 10.6
1024.66 12.3
1025.58 9.3
1026.71 1.6
1036.51 3.4
1037.66 8.2
1048.07 12.9
1048.76 5.9
1056.58 6.6
1058.64 3.6
1062.60 5.8
1066.54 3.9
1067.61 7.7
1068.32 4.3
1076.14 5.7
1077.48 25.1
1079.67 6.8
1081.24 5.2
1084.56 5.5
1085.38 6.7
1087.61 3.1
1092.49 12.7
1093.61 5.2
1096.78 2.4
1102.51 93.7
1103.67 22.6
1104.55 8.4
1112.81 7.0
1113.45 4.8
1114.74 4.3
1119.68 3.0
1127.63 3.8
1128.53 2.8
1129.46 3.5
1137.98 6.6
1138.83 4.6
1143.82 18.3
1144.80 3.7
1145.75 1.8
1147.93 2.0
1153.52 1.9
1154.51 1.7
1155.84 1.5
1158.69 5.4
1160.70 2.1
1161.88 4.4
1169.67 2.2
1171.47 15.1
1173.00 6.7
1178.01 3.0
1189.62 54.4
1190.86 20.8
1191.74 6.1
1192.72 3.6
1205.67 3.8
1212.84 2.5
1222.60 136.5
1223.71 47.8
1224.70 49.4
1230.70 4.7
1231.91 5.5
1258.87 4.5
1276.83 5.1
1277.56 3.3
1293.65 8.2
1329.60 2.3
1333.73 7.5
1353.69 3.4
1386.24 2.1
1387.08 2.5
1387.94 2.5
1408.85 1.9
1418.60 2.1
1475.80 2.1
