1765.918190000001 3
167.09 5.1
168.00 2.7
169.26 22.2
175.06 6.9
178.25 2.4
183.18 49.9
184.23 9.2
185.26 3.1
186.38 3.2
197.14 36.7
198.35 14.0
200.33 11.6
201.05 1.8
202.04 2.7
203.15 5.2
211.20 7.2
212.18 1.2
213.41 9.1
223.25 31.6
226.36 1.7
227.18 1.0
228.27 58.5
229.48 12.2
230.36 3.1
231.22 5.6
233.13 1.4
234.26 2.6
235.08 2.7
237.04 1.2
239.18 1.2
241.26 116.3
242.23 10.9
246.25 2.6
247.30 5.9
248.28 1.7
250.14 3.8
252.29 3.3
254.10 4.5
258.24 13.6
262.19 11.1
263.24 7.0
265.15 4.4
266.25 1.7
267.14 4.3
268.32 3.8
271.11 2.2
271.97 2.4
275.36 7.8
276.21 4.0
278.28 3.6
281.32 1.9
282.54 1.4
283.40 1.7
284.35 4.8
285.30 6.8
286.22 3.1
287.61 6.0
291.34 1.2
296.12 1.1
297.38 2.7
298.48 5.8
299.31 1.3
300.52 5.8
301.18 2.4
302.20 1.0
303.16 4.9
304.20 3.4
309.19 2.0
310.20 16.5
311.24 3.9
312.12 3.5
316.00 2.4
317.20 3.8
318.24 1.9
320.01 2.8
325.08 7.5
326.12 1.2
327.29 2.8
328.37 2.7
329.47 13.8
330.25 4.9
331.29 12.1
333.20 1.0
334.28 3.7
337.62 3.1
340.37 2.1
342.25 1.9
343.19 1.8
344.84 3.1
347.23 6.4
349.33 1.0
351.50 12.0
352.21 3.8
353.17 4.3
355.24 5.2
356.26 2.8
357.45 48.2
358.67 5.5
359.37 7.5
362.21 2.6
363.39 3.3
365.32 3.5
368.14 3.0
369.42 4.5
374.38 1.4
375.25 1.1
377.27 4.3
378.19 2.0
379.36 13.8
380.39 4.1
381.37 9.3
382.50 11.5
385.32 3.8
386.39 4.5
388.18 7.0
389.61 4.6
390.46 3.5
391.32 5.9
395.04 5.6
396.33 33.3
397.36 5.9
399.03 4.3
401.33 3.6
402.03 1.0
404.57 34.3
405.30 2.1
405.97 2.8
407.90 2.0
409.17 5.1
410.28 4.3
411.43 1.2
412.27 9.9
413.92 9.2
416.21 4.6
417.04 12.9
418.36 12.6
419.06 74.2
419.92 3.0
422.26 10.5
424.22 58.2
425.52 31.5
426.25 63.6
427.31 41.8
428.37 4.9
430.36 1.7
432.08 13.7
433.53 13.2
434.55 9.2
435.42 7.3
436.25 12.7
438.26 11.9
439.66 8.5
441.13 14.6
442.32 12.8
443.25 3.5
444.22 6.5
447.07 2.3
448.35 101.0
449.41 29.7
452.56 1.2
453.37 54.3
454.59 1.5
455.75 8.3
457.19 116.9
457.94 28.0
458.69 5.3
459.73 15.3
462.42 64.9
463.54 15.0
464.24 13.4
465.49 30.5
466.35 12.4
467.24 4.2
468.41 16.8
470.02 130.2
470.98 36.7
472.42 11.9
473.55 11.9
474.62 33.4
475.68 39.7
476.82 4.8
477.55 4.5
479.30 31.3
481.14 15.1
482.12 41.7
483.72 83.2
484.42 65.3
485.12 3.4
488.24 45.5
489.05 6.7
490.79 49.6
492.35 133.7
493.43 20.1
494.28 22.6
495.27 4.4
496.79 237.8
497.52 82.4
498.42 9.6
499.54 20.2
500.40 15.8
502.10 19.8
502.83 8.9
503.54 7.4
504.40 3.6
505.95 3881.1
506.91 324.3
508.12 236.1
509.12 23.5
510.16 10.5
511.57 23.7
512.63 223.3
513.71 262.1
514.49 2204.6
515.42 191.4
516.43 3.5
517.24 8.8
518.61 30.9
519.58 4.7
521.25 95.5
521.98 51.4
523.39 28.1
524.37 13.0
525.47 2.0
527.51 4.0
528.53 26.0
529.78 45.7
530.62 12.3
531.69 5.1
532.55 29.8
533.81 12.3
535.41 3.6
536.57 124.2
537.41 53.8
538.44 10.4
539.56 49.5
541.30 102.1
542.30 25.2
545.33 305.6
546.24 58.8
547.56 16.1
548.23 8.2
549.73 18.3
551.55 786.6
552.44 7.8
554.30 46.2
555.07 43.6
555.74 51.6
556.60 29.5
557.69 57.9
558.57 63.9
559.82 396.2
560.50 121.8
561.46 13.3
563.28 217.9
564.29 46.3
565.32 13.6
566.46 50.9
567.93 80.4
569.07 1222.3
570.44 5.0
572.03 627.0
573.26 121.4
574.49 664.6
575.16 260.2
576.04 11.7
577.85 999.9
578.52 326.3
579.49 44.8
580.24 82.6
581.15 81.9
581.98 7.2
596.98 6.7
598.38 7.9
599.55 4.0
603.37 1.6
605.06 297.5
606.41 84.7
607.27 258.9
608.36 43.7
609.37 10.1
610.33 1.9
611.90 14.2
612.58 6.0
614.60 9.3
615.53 56.9
616.65 15.6
617.47 6.2
618.43 5.2
623.46 6.8
624.41 164.7
625.46 45.6
626.48 19.2
627.57 3.1
631.37 3.4
632.67 1.3
634.38 5.7
638.43 1.3
639.63 4.3
640.37 7.8
641.89 35.8
642.67 6.4
643.44 2.7
644.45 3.9
645.36 5.0
646.31 5.2
647.21 1.5
648.47 6.9
649.25 11.7
651.36 11.3
653.32 19.4
654.39 19.6
655.27 21.7
656.32 13.6
658.41 32.2
659.02 1.7
661.63 1.2
662.32 10.5
663.51 262.3
664.52 40.1
665.48 4.1
667.48 25.6
668.31 18.6
670.53 16.9
671.99 297.1
672.92 20.4
674.56 11.4
676.36 8.7
677.21 12.0
678.80 28.5
680.02 18.2
681.23 14.8
682.54 1.8
683.32 5.9
683.94 8.0
686.39 5.8
687.94 11.3
689.09 25.0
690.26 13.1
692.69 2.9
694.40 67.4
695.46 16.0
696.77 71.9
697.70 71.9
698.39 3.6
699.25 2.9
700.20 2.9
701.30 1.7
703.57 25.1
704.45 17.9
705.71 116.7
706.51 5.0
707.44 12.1
710.03 9.7
711.05 28.8
711.69 10.4
712.88 89.9
713.65 70.6
715.33 2.2
716.43 1.5
717.16 2.7
718.40 8.3
719.43 9.3
720.35 6.7
721.47 155.4
722.57 84.0
723.52 5.4
724.38 7.8
725.55 85.3
726.57 28.0
727.67 2.9
729.04 13.2
730.56 9.6
732.43 11.3
733.93 10.3
734.75 3.5
735.64 4.4
737.38 4.8
739.45 2008.8
740.46 696.6
741.48 76.3
742.22 6.4
743.62 5.5
744.42 2.9
745.81 14.6
746.73 186.7
747.73 32.2
748.96 4.8
750.28 1.5
752.33 37.8
753.15 49.6
754.08 12.6
755.07 224.1
755.98 28.3
757.49 8.4
758.65 6.5
761.67 1371.9
762.45 164.4
763.17 23.3
764.32 3.3
765.39 4.6
767.07 8.4
768.68 219.6
770.12 812.8
771.02 119.8
771.63 7.5
772.61 8.2
774.81 15.5
775.50 4.3
777.19 180.9
777.98 38.8
778.61 7.6
779.46 3.9
781.26 13.1
782.08 13.0
783.47 11.3
785.48 17.8
786.74 7.4
787.83 15.0
788.50 5.2
789.10 5.6
789.82 1.8
790.67 4.5
791.56 14.1
793.10 9.2
794.71 12.7
795.51 18.7
796.59 42.5
797.19 282.6
798.17 38.2
799.58 16.5
800.50 12.3
801.99 37.9
804.12 236.4
805.33 176.0
806.21 176.1
807.38 7.9
808.48 8.6
809.85 14.9
810.76 43.1
811.54 12.8
812.42 67.8
813.11 59.3
813.77 3.1
815.96 7.7
818.20 13.4
819.49 2.0
823.13 3.5
825.56 4.0
826.60 22.4
827.43 31.5
832.48 5.0
833.54 1.7
836.48 39.7
837.43 11.2
838.26 15.7
840.32 19.6
841.29 6.1
844.24 21.6
845.37 7.6
846.34 8.1
850.55 6.6
851.64 2.6
852.57 47.7
853.40 64.4
854.71 7.4
855.40 7.9
858.54 1.5
859.58 1.9
861.39 20.4
862.43 17.9
864.27 1.1
867.52 6.9
868.40 34.5
869.47 17.5
870.52 3.3
873.46 1.9
874.29 1.0
876.42 1.6
877.59 4.6
878.53 3.4
880.59 1.3
882.96 3.9
885.40 6.4
886.64 6.1
888.38 2.5
895.30 9.5
895.90 4.7
896.69 4.8
901.30 1.5
902.41 2.6
905.68 2.7
906.62 1.5
912.14 3.1
913.28 11.0
913.88 2.9
914.67 5.3
915.66 14.9
917.76 1.4
918.61 8.6
920.69 7.6
921.79 1.7
922.95 7.0
923.65 9.1
924.35 2.0
925.54 4.3
929.78 1.8
930.87 5.8
931.66 1.7
932.61 2.2
933.54 3.3
934.92 4.9
937.58 2.2
938.57 7.9
939.70 3.4
940.48 5.1
947.55 5.0
948.56 13.7
949.33 4.7
950.65 12.5
951.77 4.3
955.42 3.1
956.21 3.6
961.60 2.6
962.49 2.3
964.60 20.8
965.71 6.8
966.62 4.9
967.68 3.9
968.49 3.0
969.11 4.9
969.79 1.7
973.71 1.1
974.74 3.3
977.47 5.4
978.55 3.0
981.64 31.2
982.65 51.3
983.63 17.3
985.39 3.1
986.17 3.2
991.62 5.5
992.63 2.5
993.46 1.1
995.52 14.0
996.78 9.1
997.65 4.0
998.70 2.7
1003.59 2.6
1004.48 6.9
1009.87 10.6
1010.59 33.5
1011.55 18.6
1012.38 3.1
1019.57 6.2
1027.69 14.5
1028.56 12.5
1029.66 8.3
1031.58 16.8
1041.96 1.4
1046.24 3.8
1048.62 4.3
1049.80 6.0
1052.66 2.3
1066.56 2.9
1067.45 2.8
1069.51 1.4
1083.79 1.1
1086.73 4.4
1097.57 1.1
1098.56 5.4
1107.05 1.7
1110.39 1.3
1124.48 2.0
1125.70 11.7
1126.63 6.2
1127.68 6.6
1142.38 3.1
1146.51 4.1
1156.66 6.3
1163.64 4.9
1166.15 6.6
1176.43 2.6
1177.66 1.5
1179.91 1.8
1183.50 14.2
1184.12 1.2
1194.48 4.7
1196.38 1.2
1208.88 1.4
1209.59 1.6
1212.59 6.6
1213.59 8.0
1214.43 1.0
1222.73 1.8
1229.66 1.7
1234.28 1.0
1237.80 3.9
1263.76 4.8
1264.68 7.3
1268.75 2.2
1278.78 4.0
1281.57 11.0
1283.00 4.2
1296.77 1.6
1297.48 3.5
1300.77 2.0
1326.05 2.2
1326.72 2.7
1337.27 2.6
1342.56 4.3
1368.34 1.6
1378.45 4.8
1379.53 1.1
1380.73 2.6
1396.69 3.0
1397.53 1.6
1404.93 3.8
1449.77 1.3
