945.52617 2
136.16 6.6
140.20 1.4
141.29 12.4
147.11 1.9
152.09 3.0
155.22 8.6
156.21 10.5
158.10 2.9
158.94 3.7
162.28 1.0
164.79 1.8
166.09 3.7
167.01 5.9
168.17 5.9
169.09 120.6
170.05 6.1
173.21 2.4
175.12 48.9
176.30 17.9
177.34 3.0
181.08 2.3
182.23 5.5
185.03 21.9
186.25 2.4
187.36 1.4
189.27 2.0
193.21 3.3
195.22 3.3
195.95 1.4
197.19 28.2
198.19 2.9
199.16 12.2
200.34 6.3
201.13 3.3
202.20 1.0
203.18 6.9
204.42 1.5
205.75 1.1
207.11 3.2
210.19 2.2
211.16 5.7
212.06 5.7
213.20 48.2
214.26 8.5
215.45 11.5
218.08 1.3
219.18 2.7
223.17 6.6
224.11 2.4
225.28 5.5
225.98 2.6
228.18 1.8
228.90 2.2
230.17 5.3
232.09 1.9
234.19 3.6
235.28 6.0
237.26 6.9
238.96 7.1
240.20 17.7
241.13 16.0
242.33 5.3
243.16 4.7
244.34 2.4
245.44 1.7
246.36 3.3
247.72 1.1
250.33 16.6
251.19 14.4
253.33 2.9
254.26 8.3
255.33 21.7
256.25 9.5
257.25 1.2
258.13 35.1
259.27 4.7
259.94 4.9
261.36 5.9
261.99 5.9
263.40 3.6
266.36 2.7
268.16 171.4
269.06 21.8
269.95 4.2
271.54 1.9
272.22 21.0
273.42 2.3
274.22 2.7
276.05 9.2
279.15 14.0
281.99 18.1
283.10 12.7
284.31 8.9
285.21 3.8
286.16 30.3
287.31 17.2
288.24 2.7
289.94 3.2
291.15 4.7
292.93 1.6
294.06 2.7
299.23 4.4
300.28 6.6
301.21 10.6
303.40 6.7
306.24 7.0
308.37 12.6
309.30 7.7
310.30 84.3
311.46 5.0
312.35 3.4
313.17 1.3
316.39 5.4
317.44 2.8
318.85 5.7
319.61 4.8
320.77 9.0
321.87 4.3
323.45 10.2
325.94 21.0
326.99 13.4
328.25 12.0
329.29 5.8
330.54 10.5
333.46 15.7
336.00 27.2
337.21 27.6
338.18 25.3
339.74 6.4
341.19 13.5
342.07 29.5
342.71 9.1
343.68 2.2
345.29 10.7
347.30 9.5
350.00 5.8
351.86 3.2
353.30 148.2
354.29 24.2
355.28 10.5
356.33 5.7
357.29 7.8
358.54 18.7
359.34 27.1
363.25 204.4
364.34 28.5
364.98 2.6
366.43 9.9
368.11 15.2
368.95 49.6
369.97 5.7
371.31 16.3
372.66 13.7
373.64 8.0
374.33 15.2
375.34 5.9
376.25 2.0
377.27 18.3
378.01 9.2
378.97 11.4
380.35 96.1
381.25 187.8
382.29 62.1
383.44 27.2
384.69 8.0
385.83 25.2
387.47 6.7
388.39 14.3
389.32 50.1
390.52 15.6
391.94 29.0
392.73 4.5
393.41 5.2
394.65 9.5
395.49 11.2
396.47 16.1
397.38 24.5
398.44 28.2
399.16 9.4
400.27 10.1
401.21 19.7
402.06 15.0
405.06 145.4
405.93 19.7
407.15 24.3
407.98 22.7
408.78 14.9
410.64 15.8
412.03 5.9
412.84 6.0
413.53 4.3
415.03 13.0
415.98 29.9
416.82 23.0
417.78 9.6
418.57 5.9
419.57 13.7
420.64 121.0
421.38 11.0
422.15 17.2
423.30 18.4
424.25 6.4
425.52 7.0
426.47 6.0
427.38 7.5
428.67 54.8
429.52 38.8
430.39 14.7
431.55 26.9
432.69 24.6
433.40 24.9
434.17 17.1
435.33 33.7
436.87 15.4
437.78 624.9
438.43 235.7
439.46 33.8
440.47 44.5
441.74 63.6
442.76 71.1
443.42 30.1
444.42 16.9
445.40 8.3
446.88 31.8
447.84 18.9
448.99 25.3
450.07 117.6
451.06 203.8
451.91 89.3
453.00 3.7
453.88 3.9
455.33 259.4
456.50 76.9
457.92 73.9
459.00 107.0
460.00 39.3
461.57 189.5
462.49 26.2
464.15 739.4
464.92 336.8
466.41 3.3
467.17 13.9
478.45 6.4
479.56 6.3
487.58 6.1
489.43 2.2
490.16 11.0
492.52 2.2
493.60 5.7
494.50 2.7
495.49 2.3
496.69 20.8
497.84 10.0
499.51 3.3
500.21 1.9
503.14 15.3
504.44 3.3
505.52 6.3
507.67 1.6
508.58 34.1
509.24 4.9
510.28 3.8
511.37 2.8
512.13 1.9
513.25 5.4
514.45 2.9
516.55 11.0
517.37 20.2
518.51 11.3
519.40 2.5
520.83 10.6
523.46 3.4
526.34 5.2
528.31 4.4
530.57 3.9
531.51 22.2
532.41 8.3
533.56 5.3
534.52 2.2
535.56 8.5
536.20 2.2
537.18 30.4
538.38 3.8
541.23 5.1
542.43 6.6
543.82 12.5
547.26 22.9
548.30 21.1
549.56 1.6
551.37 20.0
552.42 3.0
553.04 3.9
555.16 21.0
556.47 7.3
558.06 154.4
559.02 2.7
559.92 12.7
560.75 1.1
561.90 6.3
563.70 10.1
565.32 1051.8
566.55 348.7
567.43 43.9
568.35 8.9
569.23 8.7
571.00 31.7
573.98 17.3
575.27 11.0
575.99 4.7
577.58 24.0
578.37 6.0
579.19 6.7
580.21 3.3
581.09 28.2
582.27 8.8
583.28 62.9
584.26 15.6
584.94 4.5
585.55 1.2
586.69 11.2
588.42 7.9
590.26 1.4
593.58 5.2
595.39 8.9
596.98 12.3
597.88 9.4
599.89 14.5
601.67 10.9
602.62 14.1
603.97 24.8
604.85 4.6
605.97 3.4
607.05 13.5
607.87 5.2
608.99 2.5
610.19 8.5
611.49 1.5
612.58 5.2
613.81 12.7
614.50 2.5
616.76 14.6
617.64 12.0
618.66 8.5
620.46 1.2
621.45 9.0
622.63 10.1
623.36 3.8
625.30 15.4
626.26 5.2
628.39 6.4
629.80 8.2
630.81 6.4
631.61 5.2
632.73 6.7
633.77 14.1
635.51 15.2
637.01 2.7
638.66 4.8
639.38 3.3
640.34 4.1
641.63 13.0
643.00 24.8
643.98 3.2
644.85 7.4
646.36 2.9
647.41 1.8
649.54 7.6
650.45 9.5
652.05 7.5
653.31 32.6
654.41 3.1
655.61 6.6
656.62 5.0
657.63 9.8
660.47 35.5
661.61 21.6
663.46 7.9
664.46 7.7
665.77 8.1
666.50 4.1
667.42 6.9
668.40 8.8
670.11 6.1
671.37 5.2
672.64 6.2
673.47 1.1
676.43 4.9
678.41 832.2
679.45 260.8
681.65 2.3
683.39 11.2
684.17 4.5
684.81 2.5
685.79 6.0
688.30 4.9
689.34 12.8
691.86 3.3
692.70 13.2
694.36 2.7
696.48 3.6
700.48 3.4
701.27 4.4
702.93 5.3
704.14 2.5
705.55 2.2
708.34 1.9
710.19 1.3
711.54 4.3
714.42 3.0
715.51 7.0
716.48 11.8
717.54 7.1
718.60 8.2
719.36 1.4
721.51 1.4
722.19 4.4
724.35 8.2
725.58 7.8
726.48 5.6
728.47 11.5
730.24 1.2
731.39 5.3
732.16 10.1
733.37 4.7
735.47 5.2
739.46 3.7
740.52 2.3
742.21 24.6
743.41 9.4
744.27 3.7
745.47 7.3
746.67 4.5
747.35 2.1
749.57 2.0
750.96 2.4
753.78 8.4
754.58 12.6
755.70 2.6
756.49 2.4
758.93 9.5
759.68 4.5
760.56 15.4
762.71 8.4
763.74 4.6
764.68 12.3
769.35 16.0
771.39 1.4
772.46 7.7
773.65 2.8
774.45 8.4
777.44 437.1
778.55 158.4
779.98 2.2
781.56 7.7
782.80 3.2
785.29 1.1
786.93 9.8
787.69 32.2
788.71 14.4
789.50 10.3
790.59 1.7
794.82 1.9
796.54 1.1
797.70 6.6
798.99 5.0
800.61 4.2
803.42 3.1
805.50 4.9
809.45 26.2
810.41 4.1
811.49 6.1
812.74 10.1
813.57 4.7
814.56 6.8
818.43 4.1
822.22 2.1
826.25 1.3
830.62 2.0
831.51 5.0
832.53 9.6
835.57 2.7
846.45 1.6
858.65 3.2
859.87 2.5
871.52 3.5
874.61 3.9
879.52 7.8
886.60 2.0
889.42 3.0
905.30 4.3
906.59 6.5
922.48 2.4
924.64 8.7
943.41 1.3
