1968.96782 2
276.19 14.8
277.13 7.6
278.15 6.8
279.48 15.6
283.27 14.3
284.25 58.9
285.82 14.8
300.36 32.6
301.08 37.5
308.24 18.4
309.19 9.3
311.50 18.2
318.31 29.3
319.33 34.3
321.26 39.1
322.30 26.0
326.33 16.6
328.35 76.4
329.27 33.9
336.30 33.5
337.29 23.9
344.44 7.6
347.77 10.4
348.50 37.2
352.28 41.0
354.13 131.7
355.23 31.3
356.18 11.1
359.22 36.9
365.15 59.0
368.06 11.7
369.52 45.6
371.28 27.3
372.28 116.5
375.79 29.6
376.45 21.9
380.44 11.9
385.10 13.3
387.22 211.6
388.75 44.9
389.37 230.8
390.28 62.5
393.68 67.8
394.41 90.2
395.69 27.7
397.28 35.1
398.10 23.5
403.43 8.2
405.15 76.0
406.26 23.4
411.28 33.7
412.23 113.5
413.22 53.1
414.22 47.0
415.55 16.5
417.42 27.0
423.09 8.1
424.84 22.6
429.22 85.9
430.09 136.4
431.31 20.2
433.36 24.3
437.61 8.9
442.17 9.9
447.66 12.5
448.85 11.1
450.55 10.4
453.86 84.2
457.06 22.5
465.34 325.5
466.39 36.5
472.32 182.3
473.57 16.0
475.20 35.0
478.34 7.9
480.32 16.1
482.52 6.3
484.35 37.7
486.31 64.0
487.25 29.3
490.36 17.5
494.65 6.3
496.25 41.6
497.39 12.8
499.74 110.5
500.39 174.6
501.26 29.5
502.11 19.6
503.29 151.8
504.32 199.6
505.24 23.2
506.18 68.4
507.53 7.5
509.47 22.3
510.53 59.3
512.29 11.5
513.08 13.3
514.20 22.0
515.19 65.9
516.78 45.8
518.09 20.0
519.25 126.3
520.37 16.3
521.07 155.1
522.09 62.9
523.14 11.9
524.31 54.0
525.05 20.9
526.36 55.6
527.42 7.6
529.27 22.8
530.31 39.3
532.21 26.0
534.98 28.5
536.33 8.2
538.54 10.4
540.49 125.1
541.36 78.3
542.21 194.7
543.36 66.1
544.22 49.7
547.70 25.3
548.39 13.7
551.63 71.0
552.67 15.4
554.45 8.7
555.35 7.2
557.32 8.1
558.26 364.5
559.31 248.9
560.70 73.2
561.58 21.2
563.22 15.9
570.27 23.1
574.80 195.2
575.75 30.2
576.38 432.6
577.27 68.1
579.33 842.0
580.28 144.0
587.65 9.7
593.29 19.6
596.17 25.7
597.86 79.3
598.47 50.5
600.53 24.4
602.27 43.2
603.73 37.9
604.36 34.8
609.21 24.4
610.58 43.4
611.51 14.9
612.58 17.1
614.57 65.1
615.41 38.9
616.51 51.0
618.55 17.1
619.53 8.2
620.59 11.9
625.45 35.8
626.45 41.7
627.30 40.5
632.27 151.5
633.29 180.4
635.32 16.5
636.56 7.6
637.29 85.1
638.57 51.2
640.26 20.2
641.36 66.4
642.24 75.2
644.12 33.1
645.36 49.4
646.48 24.4
647.28 46.1
650.55 85.5
652.03 51.9
652.67 61.4
653.70 207.4
654.74 270.5
655.48 79.1
656.22 37.1
659.73 10.8
660.62 388.1
661.50 120.2
664.49 80.4
665.39 23.6
669.43 52.6
671.20 692.3
672.41 788.1
673.34 170.6
674.30 122.7
675.52 6.4
676.22 14.9
677.32 55.9
682.55 8.0
687.32 547.6
688.34 399.1
689.35 851.8
690.49 143.6
692.39 1952.3
693.43 286.4
695.58 16.0
697.40 22.0
699.46 25.5
701.95 7.4
704.60 24.4
705.35 358.5
706.42 29.9
707.33 12.7
707.97 40.9
709.44 82.4
710.78 24.4
711.42 12.3
712.75 17.0
713.38 11.9
715.17 46.3
716.48 249.3
717.18 8.7
717.90 23.4
719.79 13.5
723.70 16.3
724.89 673.8
725.55 548.8
726.26 46.4
726.93 14.8
729.22 18.9
730.46 26.7
731.20 25.9
732.32 11.0
733.47 330.0
734.25 107.8
735.40 33.4
737.65 15.0
739.45 61.8
740.48 38.7
741.74 57.1
742.62 17.8
743.59 28.5
747.80 36.1
748.61 22.7
752.61 55.3
753.51 26.9
755.50 40.4
756.61 15.9
757.33 55.9
758.17 46.5
759.41 15.1
760.32 77.2
764.27 136.6
765.21 143.0
766.42 184.7
767.44 15.3
769.48 68.1
770.70 103.2
771.49 29.5
772.36 78.2
773.29 35.3
774.72 239.1
775.61 66.4
777.47 27.4
778.60 50.5
780.23 1359.8
781.05 534.2
782.87 183.2
783.52 129.8
784.54 45.8
785.55 37.3
786.51 146.7
787.45 329.5
789.12 8350.7
790.29 393.6
791.63 41.1
793.05 31.7
793.74 16.3
794.55 11.9
800.35 378.4
801.42 552.1
802.40 168.9
803.44 154.9
804.41 605.1
805.31 216.4
806.86 271.5
807.50 2326.3
808.49 671.6
809.44 70.2
811.54 40.5
812.16 94.7
816.65 16.6
817.63 52.7
818.42 573.4
819.40 143.7
820.75 64.5
821.42 950.3
822.37 206.4
823.61 11.8
826.60 15.3
827.61 19.6
829.20 38.2
830.93 52.6
832.21 53.4
835.64 42.7
837.39 35.2
840.26 791.6
841.04 84.0
843.09 44.1
844.79 179.1
845.68 203.2
847.51 11.6
848.66 3472.9
849.56 50.3
852.14 21.1
853.78 2872.4
854.53 954.1
855.88 82.3
862.70 26346.6
865.06 51.9
866.04 58.1
868.32 98.6
869.40 104.9
870.44 42.2
871.44 23.1
872.32 34.8
877.25 11.9
878.49 344.6
879.71 82.5
880.61 28.9
881.35 21.9
883.48 81.2
885.40 10.5
886.40 98.2
887.88 125.4
888.82 82.7
889.57 83.1
890.44 37.1
895.21 36.1
896.46 523.0
897.29 249.8
898.15 62.2
899.08 63.0
900.27 199.0
901.74 158.5
902.66 50.9
903.37 168.2
905.28 3462.9
906.46 6186.6
907.58 2300.9
908.62 22.2
910.30 1972.8
911.16 381.3
911.93 10.0
913.18 91.5
914.53 585.4
915.67 204.2
916.54 173.2
917.43 219.3
918.97 7976.9
919.57 6453.0
920.53 44.4
921.62 56.3
924.18 47.7
928.44 109.2
931.53 508.1
932.53 300.7
933.43 688.4
934.31 287.9
934.97 22.3
937.93 56.8
938.70 6.4
940.43 123.8
941.20 80.3
941.90 25.7
945.98 72.3
947.27 10.6
949.24 21.7
950.43 1409.1
951.39 454.2
952.73 55.4
953.79 70.9
954.91 21.7
957.73 26.8
958.90 32.5
960.06 72.0
962.53 189.2
963.39 20.1
964.66 7.2
967.38 1300.7
968.24 4324.0
969.12 111.2
991.69 59.6
994.52 16.5
995.71 65.8
997.66 22.8
998.34 41.7
999.55 33.2
1001.76 70.1
1002.68 117.1
1003.72 35.3
1007.42 20.2
1008.51 45.4
1010.65 51.2
1011.77 61.5
1013.43 92.9
1014.54 48.0
1015.49 109.9
1016.55 50.3
1019.52 3428.4
1020.55 1503.9
1021.35 72.7
1027.44 19.2
1028.59 57.2
1029.47 161.0
1030.61 196.4
1031.44 137.4
1032.52 116.9
1033.54 101.5
1034.17 42.0
1035.49 9.1
1036.79 9.5
1045.71 91.1
1046.46 1166.7
1047.51 247.8
1048.44 41.5
1051.60 10.2
1063.51 1618.6
1064.60 748.4
1065.62 8.5
1069.90 28.7
1083.29 6.7
1087.40 19.5
1090.47 13.6
1092.45 44.6
1093.44 16.7
1099.39 18.1
1100.52 38.2
1101.59 10.4
1103.68 31.3
1109.10 64.2
1110.72 47.5
1111.63 25.1
1112.38 66.8
1117.72 13.0
1120.62 165.2
1121.74 44.3
1125.79 9.4
1127.75 82.1
1128.60 332.4
1129.56 52.4
1130.71 71.5
1131.63 149.5
1132.70 40.1
1142.09 68.0
1145.44 533.2
1146.48 305.7
1148.57 5235.4
1149.59 2156.2
1150.80 132.9
1151.41 32.8
1152.25 32.7
1157.54 15.9
1161.00 18.0
1162.48 466.3
1163.61 110.9
1164.53 52.9
1166.86 16.5
1167.92 18.9
1168.72 6.7
1179.11 115.0
1179.74 17.3
1181.06 44.5
1187.59 74.2
1188.58 19.2
1189.64 13.0
1193.13 11.3
1198.35 12.4
1205.63 755.2
1206.78 191.9
1207.94 21.0
1214.58 12.8
1219.98 29.0
1222.91 29.9
1223.69 13.4
1224.38 12.6
1241.63 62.4
1243.12 58.5
1249.74 7.3
1259.47 68.5
1260.37 291.9
1261.31 177.1
1262.62 8.9
1272.08 36.9
1277.63 346.7
1278.49 95.4
1286.93 13.2
1290.75 17.0
1292.56 53.3
1301.94 49.8
1302.92 84.8
1306.09 12.8
1307.74 47.2
1312.93 9.0
1319.60 964.1
1320.69 470.1
1321.49 52.0
1322.69 25.0
1327.09 49.0
1330.81 8.2
1334.44 17.4
1337.94 25.4
1348.60 21.6
1352.68 10.2
1353.90 16.5
1354.74 55.8
1355.47 13.4
1356.52 50.6
1357.97 7.4
1363.04 16.8
1372.46 10.6
1373.62 70.2
1387.79 102.4
1388.53 13.9
1390.84 128.8
1391.71 24.2
1396.39 7.9
1397.46 22.0
1398.12 30.7
1401.42 18.6
1406.65 23.3
1410.78 70.5
1413.51 14.9
1416.74 15.1
1417.59 18.1
1418.51 11.4
1421.56 29.5
1423.16 19.5
1430.79 117.5
1431.73 124.2
1433.02 41.0
1435.65 174.4
1436.61 31.7
1448.72 1844.5
1449.78 822.2
1450.84 37.3
1454.87 15.1
1463.45 14.9
1464.58 17.0
1465.69 37.8
1469.82 10.6
1470.87 40.1
1472.03 11.0
1486.16 13.9
1487.54 155.8
1488.86 84.6
1491.87 14.3
1502.56 11.1
1504.17 15.5
1504.82 99.6
1505.88 45.0
1506.86 15.3
1510.03 77.8
1517.93 15.2
1520.80 8.6
1527.68 20.9
1536.66 13.5
1537.90 22.6
1548.80 7.4
1550.13 46.5
1555.73 11.2
1560.06 86.8
1560.84 72.1
1564.75 8.6
1576.15 50.0
1576.76 967.8
1577.76 642.1
1578.59 88.0
1579.60 23.2
1582.94 214.3
1583.95 34.2
1584.86 10.0
1596.43 35.8
1597.57 11.9
1598.66 25.7
1608.72 38.7
1610.64 42.0
1611.66 7.1
1623.75 39.5
1624.67 10.1
1625.84 30.9
1641.75 113.2
1642.56 50.7
1669.02 9.1
1677.51 14.8
1679.00 32.9
1681.54 7.2
1691.13 33.5
1695.93 190.4
1696.74 78.5
1697.88 27.6
1706.02 24.7
1706.81 70.3
1707.94 21.4
1723.84 234.7
1724.76 267.4
1725.45 13.5
1727.71 10.0
1736.64 20.3
1739.09 38.4
1744.18 10.0
1754.07 55.6
1755.11 19.6
1770.89 30.2
1792.85 63.5
1794.25 63.4
1795.16 14.3
1810.16 78.0
1810.93 386.0
1811.93 201.0
1813.03 107.8
1820.70 22.0
1827.89 480.4
1828.92 398.7
1829.82 35.5
1836.83 16.9
1838.90 15.0
1841.11 8.4
