1853.85649 2
334.31 3.4
367.51 1.5
468.39 1.2
512.48 1.2
513.52 2.3
523.40 2.2
528.45 3.4
535.58 1.4
542.17 2.4
551.31 3.0
554.40 1.8
560.52 4.4
574.38 1.7
583.05 2.9
585.23 1.6
591.45 1.5
616.15 1.9
628.68 4.9
646.27 2.4
664.57 11.5
668.68 1.0
670.65 1.9
679.46 1.9
681.68 1.5
685.70 3.8
687.53 2.6
706.69 1.4
707.60 2.3
739.84 5.4
741.15 2.5
744.02 1.9
744.74 4.5
762.61 2.8
767.02 1.9
768.16 1.4
779.89 2.0
786.36 3.9
787.40 4.2
792.81 3.5
795.22 2.3
800.59 1.0
802.09 3.2
802.72 4.1
803.48 2.3
814.36 1.4
815.40 3.7
841.26 1.8
842.05 3.8
848.03 8.8
852.87 4.4
858.87 12.7
859.55 2.4
860.29 3.4
867.09 1.5
873.28 1.3
874.29 1.6
876.34 20.5
877.58 3.6
880.85 4.9
883.61 2.0
884.61 4.4
892.53 10.4
893.53 8.0
894.61 1.2
895.40 1.5
899.00 28.2
899.64 2.3
900.63 3.3
901.59 4.7
909.62 18.2
910.62 13.4
911.40 6.4
912.95 3.7
929.25 4.2
938.60 7.8
939.42 2.1
1020.69 1.1
1044.58 4.5
1099.78 1.9
1104.82 4.0
1133.08 5.6
1172.27 5.0
1261.60 5.5
1326.47 10.6
1506.83 3.6
