976.46361 2
138.09 1.4
143.15 2.6
144.20 1.5
145.22 1.5
147.17 3.4
151.16 3.3
153.04 1.4
154.07 1.5
155.35 4.9
155.99 1.9
157.20 3.2
158.08 6.1
159.27 5.9
160.14 3.7
162.14 6.5
163.46 1.1
166.11 147.8
169.13 4.7
170.06 1.4
171.16 5.8
172.37 2.5
173.24 4.9
174.01 1.6
175.29 23.9
177.18 26.7
180.03 3.1
181.09 7.0
182.23 3.3
183.12 8.6
185.26 8.4
185.90 1.9
188.34 1.7
189.13 2.6
190.07 2.7
192.21 1.1
193.15 7.9
195.93 1.6
197.31 4.5
199.18 5.7
201.19 1.5
203.32 4.5
204.96 23.2
206.01 1.9
208.09 6.4
209.19 20.3
211.14 2.6
212.18 13.3
215.33 8.1
216.07 1.2
217.07 3.3
219.07 1.3
221.19 3.4
222.05 2.5
223.18 173.2
224.08 2.5
225.21 5.9
226.88 8.8
228.28 4.4
229.36 12.5
231.15 5.7
233.11 17.7
234.01 4.4
238.16 6.3
240.22 3.6
241.40 2.7
242.52 6.6
243.26 3.3
244.21 7.1
245.40 3.2
246.46 1.3
248.16 6.9
249.22 4.3
250.27 7.7
251.39 1.8
253.37 5.4
254.05 1.4
255.03 3.2
256.22 38.1
259.15 8.7
260.20 5.5
261.24 9.7
262.19 19.4
264.30 17.4
265.20 6.4
266.26 7.6
268.11 1.7
268.98 2.7
270.39 4.6
272.54 5.9
273.20 13.9
274.32 7.6
275.24 5.4
276.26 3.5
277.19 31.3
278.23 1.7
280.30 9.0
282.39 2.6
284.33 1.5
285.40 10.4
286.17 19.4
287.21 4.1
288.39 7.7
289.16 9.3
290.94 3.8
292.18 4.6
294.24 5.6
295.14 4.4
296.09 3.7
297.24 3.5
298.46 9.3
299.21 2.9
299.98 5.8
301.66 8.0
302.37 14.8
303.05 1.8
304.36 14.0
306.17 3.8
307.08 7.0
308.23 21.4
309.26 6.3
310.37 6.3
311.29 6.1
312.27 9.3
313.34 1.8
314.33 22.0
316.38 6.7
317.01 7.2
318.53 12.9
319.79 14.5
321.28 29.7
322.22 109.6
323.15 5.4
324.26 22.3
325.18 18.0
326.24 14.8
327.17 5.4
328.23 16.9
329.02 13.4
330.19 2.5
331.26 7.2
331.90 4.9
334.81 6.2
336.32 6.1
337.39 1.9
338.31 26.2
339.30 70.9
340.41 4.7
341.51 6.5
342.41 20.5
343.33 7.5
344.66 6.3
345.40 2.3
346.37 2.8
348.25 1.2
349.26 3.1
351.18 11.9
352.30 4.7
353.26 5.4
354.42 3.2
355.97 7.2
357.18 185.5
358.29 25.3
359.48 7.4
360.25 1.8
361.19 1.1
362.13 6.6
364.36 11.6
366.42 1.3
367.17 1.2
367.80 6.7
369.21 17.8
371.51 17.8
372.37 6.6
373.22 16.6
374.18 9.9
375.29 23.2
376.07 6.6
377.91 25.2
378.79 8.9
380.80 9.4
383.05 20.5
384.07 6.0
385.39 10.1
386.31 11.1
387.44 6.6
388.31 15.9
389.23 21.1
390.37 6.4
391.85 21.2
392.82 5.7
393.69 5.0
394.37 5.5
395.09 4.0
396.04 2.1
397.21 10.2
397.89 17.7
399.22 18.1
400.23 22.1
401.07 35.1
401.70 12.6
403.05 17.0
403.91 52.6
405.06 26.6
406.24 131.5
407.39 21.2
408.23 4.8
409.41 16.7
410.51 2.2
411.52 4.8
413.17 13.3
414.42 8.4
415.23 5.3
416.30 11.4
417.29 7.8
418.44 13.0
419.74 8.7
420.53 1.9
422.30 24.5
423.26 15.4
424.35 24.4
425.35 26.3
426.54 12.0
427.28 5.9
428.26 5.9
429.53 17.4
430.54 33.3
431.91 42.4
432.71 5.5
434.32 11.8
435.11 2.8
436.47 18.1
437.35 1.7
438.68 5.4
439.44 34.8
440.24 5.4
441.43 43.9
442.35 18.0
443.36 10.1
444.76 102.1
445.56 10.8
446.25 1.6
446.98 24.7
447.98 1.7
448.94 8.1
450.95 11.4
452.18 81.3
453.32 48.1
454.47 5.3
455.62 4.2
456.34 18.2
457.47 15.5
458.42 50.9
459.31 11.4
460.31 16.4
461.46 15.1
462.30 3.2
465.61 87.7
466.26 47.7
467.16 15.9
468.31 10.1
470.23 335.8
471.28 159.4
472.49 75.6
473.30 278.2
474.24 49.8
475.04 25.0
476.26 35.5
477.13 16.1
477.90 13.0
479.55 343.1
480.55 33.1
482.07 4.2
483.16 1.8
488.74 2.1
497.21 1.1
499.51 1.2
501.04 7.7
503.10 4.4
504.42 3.9
505.40 4.3
507.79 7.9
509.31 17.7
513.23 2.5
514.66 3.2
518.60 4.7
522.89 17.1
524.07 15.1
525.43 9.1
529.37 1.1
530.24 3.6
531.80 15.0
535.63 2.7
536.27 1.9
537.71 11.0
538.60 34.9
539.44 3.9
542.40 18.9
543.53 8.4
546.41 3.1
547.31 1.9
551.41 1.6
558.44 7.5
564.57 2.4
566.38 1.2
567.76 9.2
570.28 57.7
571.69 6.8
572.45 14.2
573.44 13.6
574.47 8.5
575.45 13.4
578.16 4.7
579.72 12.2
580.36 4.1
581.31 3.3
583.01 7.0
584.79 14.2
585.96 7.5
586.60 1.0
589.41 5.0
592.39 8.2
595.20 1.3
596.01 6.9
599.01 8.8
600.95 15.1
601.60 2.7
602.48 2.2
603.13 4.2
604.66 1.9
607.31 3.7
608.36 1.8
611.26 15.8
612.65 8.4
613.86 13.2
615.51 11.6
617.19 18.8
618.63 17.3
620.60 8.7
623.45 7.9
624.39 7.8
625.67 7.8
627.31 12.2
629.51 11.5
631.02 6.1
632.22 2.7
633.59 11.1
634.47 1.7
636.17 1.3
638.22 468.4
639.20 4.5
640.87 15.8
642.07 12.7
645.17 10.5
648.32 5.0
649.16 23.8
650.35 6.4
651.62 15.4
652.87 5.4
653.47 1.9
655.32 88.5
656.24 6.6
657.40 1.7
661.46 1.3
664.43 1.1
665.97 3.3
668.52 3.5
669.51 10.1
670.46 4.4
671.16 4.9
672.59 1.8
673.40 7.2
674.46 8.4
675.24 13.3
675.98 8.1
677.32 5.6
678.24 7.8
680.50 9.7
683.13 7.6
685.46 2.0
686.50 3.6
692.67 3.1
696.49 1.7
697.99 24.4
698.62 25.0
699.45 3.6
700.48 1.1
702.46 4.0
703.54 6.9
707.61 6.5
708.33 17.6
710.04 10.7
712.28 17.2
713.64 2.6
714.47 6.7
715.58 5.0
725.86 20.7
726.49 73.1
727.31 12.5
732.35 3.8
733.48 20.0
734.52 1.4
736.38 2.9
737.58 6.4
739.20 1.0
740.12 10.9
743.90 17.1
744.84 14.2
745.52 24.7
746.63 6.1
748.54 1.3
749.34 10.4
750.47 1.4
754.45 291.6
755.39 1.4
757.35 2.4
761.62 1.1
763.38 2.1
765.39 2.1
769.52 4.4
770.79 3.6
772.17 1.1
775.77 2.2
781.52 1.1
784.45 2.1
786.36 5.1
787.15 1.3
790.30 1.1
793.68 4.3
794.34 5.3
800.73 1.9
801.38 3.8
802.62 9.2
803.71 3.7
807.54 7.4
808.38 7.5
811.40 288.9
812.19 1.9
816.52 1.4
821.23 1.8
828.27 1.3
829.38 11.2
834.49 2.1
836.26 2.3
842.58 4.1
843.42 2.4
844.59 3.5
845.58 17.2
859.10 2.3
860.13 8.4
862.76 6.0
863.58 43.2
873.38 7.8
874.73 4.1
877.47 2.7
886.51 1.3
891.89 1.7
898.42 5.0
908.82 2.5
923.36 1.4
930.57 3.6
976.53 3.9
