1718.86504 2
243.39 1.9
251.52 4.6
254.13 2.4
258.73 4.3
282.10 3.2
283.24 1.9
287.16 1.8
287.99 9.1
289.53 4.8
293.23 3.6
297.20 2.3
299.31 1.4
300.25 1.0
301.39 2.6
306.32 2.5
321.23 1.6
323.13 3.2
324.28 1.9
341.98 2.4
343.38 1.2
347.19 1.3
353.17 6.0
357.46 2.4
361.14 3.4
371.29 1.4
372.04 1.9
378.47 2.1
381.26 4.9
389.16 2.0
390.42 1.7
395.08 5.1
398.33 3.1
419.32 1.8
426.28 1.6
428.96 6.1
430.57 1.9
432.13 6.1
435.45 1.1
438.26 2.1
439.28 1.1
445.16 3.0
451.21 1.1
456.25 2.1
457.21 2.0
463.42 4.6
466.34 1.7
469.15 1.1
470.38 6.0
473.05 1.0
479.23 4.9
480.38 2.6
483.26 3.8
491.51 5.8
497.21 2.4
498.49 1.3
506.40 5.5
507.26 8.0
518.20 6.7
519.07 1.7
519.72 2.5
525.60 3.2
530.27 3.4
531.71 2.1
534.43 5.0
535.47 3.6
541.04 3.8
548.38 1.3
549.45 1.4
551.24 2.3
552.61 2.9
555.38 3.7
558.62 2.3
560.18 2.4
566.24 2.2
567.31 6.7
570.76 1.3
574.49 2.7
579.45 1.4
580.54 1.5
581.78 1.4
585.56 5.9
595.59 5.5
596.40 3.8
597.32 2.1
599.63 1.8
602.38 1.6
610.23 5.6
611.58 1.7
623.26 1.9
624.25 5.7
628.85 5.4
630.22 1.4
631.35 12.9
634.17 4.4
636.82 2.0
638.51 7.4
639.35 5.5
644.48 2.3
646.34 2.7
647.37 2.3
648.58 1.7
654.35 1.8
655.29 3.7
661.57 2.6
672.54 1.6
673.33 1.8
674.55 2.2
676.61 1.4
681.44 10.1
682.64 2.4
684.23 2.9
685.57 3.8
687.87 6.4
688.92 4.6
689.54 13.5
695.00 9.8
696.27 1.9
698.42 1.3
700.68 7.5
701.59 29.9
702.63 1.8
704.07 1.3
709.20 7.3
710.47 6.2
711.84 2.7
713.79 2.6
714.43 2.6
717.36 2.2
720.53 4.7
727.33 7.8
729.68 10.3
731.35 13.6
732.00 4.8
733.43 6.6
734.58 1.8
735.38 2.4
736.75 4.9
738.60 18.1
740.32 3.5
741.38 1.6
743.02 3.1
744.37 20.5
745.19 11.1
745.82 14.2
746.53 7.0
749.24 3.3
751.02 3.2
752.89 16.0
753.78 9.4
754.46 6.4
757.24 10.2
760.53 4.2
762.55 1.9
763.28 1.1
764.87 2.8
765.60 2.3
772.52 3.7
773.49 3.0
774.57 18.8
775.85 2.4
779.75 14.5
780.89 8.6
785.67 11.1
786.59 34.5
787.71 7.3
788.58 14.1
791.87 1.9
794.09 23.3
794.84 14.2
797.09 3.4
801.33 7.2
802.98 124.3
804.20 28.4
807.55 4.1
808.64 2.2
809.95 39.7
810.60 1.1
811.61 3.1
813.24 3.1
814.09 3.0
815.47 16.1
816.43 4.1
818.10 2.4
820.30 10.9
821.41 3.1
823.02 14.2
824.54 3.4
825.93 8.6
828.19 17.6
829.67 1.4
831.42 6.5
832.60 1.2
833.92 4.4
836.66 23.6
837.55 10.0
841.56 75.4
842.53 43.7
843.44 24.1
845.39 23.9
846.09 33.3
848.00 1.4
850.72 29.9
859.66 6.1
880.58 2.2
881.19 2.9
889.49 1.1
897.72 4.4
900.46 3.0
909.17 1.3
911.36 2.7
915.73 4.2
918.12 2.8
924.55 2.4
929.47 1.2
932.75 1.3
943.34 1.2
944.63 1.5
950.24 2.1
953.27 5.2
957.10 3.4
961.62 1.3
968.25 1.6
973.57 1.6
1001.57 1.1
1021.60 3.2
1025.64 2.4
1026.68 6.3
1027.61 1.2
1031.00 2.8
1048.67 1.8
1057.34 3.6
1068.77 2.6
1070.62 3.5
1086.59 4.9
1092.62 1.3
1098.77 1.9
1109.29 2.3
1120.49 3.9
1124.10 3.0
1127.70 1.1
1130.14 6.8
1131.62 2.6
1133.99 2.2
1135.51 6.6
1140.78 3.3
1142.69 3.7
1148.94 3.2
1151.00 2.0
1155.65 4.5
1157.61 1.1
1163.37 2.3
1167.42 5.0
1168.71 1.6
1175.48 1.4
1183.50 2.9
1189.45 4.1
1197.88 1.2
1210.74 8.4
1223.97 2.4
1240.63 1.4
1247.55 1.8
1251.94 1.3
1253.73 5.5
1261.89 1.7
1266.07 2.9
1271.67 1.5
1281.87 3.8
1290.77 2.3
1292.69 1.9
1300.12 4.4
1311.82 1.3
1313.99 2.1
1318.79 3.4
1326.90 3.3
1353.68 6.1
1356.20 5.7
1382.88 2.1
1390.34 1.3
1394.78 3.4
1400.60 1.7
1415.37 1.3
1417.98 1.3
1435.66 6.1
1439.63 1.7
1467.96 3.7
1491.88 1.9
1525.44 4.1
1563.77 3.6
1571.84 1.1
1580.83 16.2
