958.55693 2
135.90 1.2
138.01 2.0
141.73 1.5
143.25 2.1
147.13 4.3
150.62 3.0
155.10 37.0
156.14 12.5
157.48 4.7
160.96 1.4
165.41 2.0
167.55 1.7
169.16 6.0
171.30 1.8
173.14 4.2
174.41 3.2
175.35 2.0
177.13 2.1
178.16 3.1
179.17 4.1
181.09 4.4
182.28 1.6
183.23 5.1
184.26 4.6
185.12 14.5
186.33 3.9
187.18 18.0
191.14 4.9
192.20 1.2
193.14 11.7
194.26 4.1
195.30 3.7
196.31 3.0
197.12 9.1
198.11 7.8
198.96 12.7
200.07 1.1
201.17 5.7
203.27 4.3
205.11 1.1
209.25 1.3
211.28 3.9
213.29 5.2
214.21 6.4
215.13 20.6
215.89 4.6
219.30 3.1
221.07 6.1
223.28 44.8
224.22 30.6
225.20 13.1
226.26 4.7
227.55 6.3
228.31 16.8
229.21 28.1
230.14 3.9
232.29 4.8
234.27 2.5
235.18 3.7
238.28 4.2
241.16 167.6
242.21 58.7
243.16 11.5
244.53 1.3
246.21 88.1
248.09 1.7
248.93 5.0
250.21 2.6
251.22 9.9
252.76 10.4
253.64 3.3
255.29 7.3
256.52 2.8
258.36 14.0
259.34 11.9
260.33 4.2
261.27 2.7
262.07 1.3
263.27 5.9
264.15 10.9
266.83 4.1
268.43 2.1
269.25 1.7
270.28 21.5
271.03 5.4
272.09 10.2
275.49 2.6
276.24 9.8
278.18 5.5
279.22 10.7
280.39 3.4
281.24 4.2
282.32 3.1
283.39 2.3
284.18 14.0
285.36 37.5
286.25 11.8
288.42 7.2
289.96 1.9
291.66 8.9
294.38 7.3
295.32 1.6
296.22 5.6
297.23 6.9
298.24 2.0
299.28 12.1
300.28 4.9
302.20 3.5
303.02 2.9
304.34 7.8
305.43 3.6
306.59 13.3
307.42 1.1
309.14 10.2
310.23 1.1
311.09 1.2
312.30 2.1
313.42 13.2
314.58 6.7
315.31 6.2
317.08 2.1
319.12 1.0
321.23 6.1
322.04 8.2
322.97 7.4
324.33 8.8
325.96 45.1
326.93 6.1
329.20 47.8
330.42 25.0
331.36 3.7
333.25 25.8
336.44 2.2
338.36 9.1
339.09 10.8
340.80 10.1
341.96 14.2
342.80 28.9
343.81 20.9
346.11 2.4
347.23 52.8
348.22 73.4
349.26 5.4
350.27 2.9
351.72 7.0
353.02 7.6
354.15 8.2
355.65 7.8
357.22 140.8
358.30 45.1
359.26 2.9
360.33 15.5
361.99 16.2
363.61 23.0
364.54 8.7
365.46 16.8
366.34 4.4
366.98 3.3
368.18 5.1
369.55 9.2
370.74 35.4
371.62 13.9
372.26 11.7
373.29 11.7
374.26 8.6
375.29 15.9
376.63 8.6
377.53 10.5
378.48 19.8
379.23 3.6
380.18 20.4
381.40 6.1
382.69 23.7
383.37 8.1
384.11 2.4
385.09 3.1
385.97 10.4
386.91 125.4
388.21 8.0
389.28 13.2
390.54 61.8
391.37 31.5
392.49 11.9
393.14 1.5
393.89 2.2
395.84 268.8
396.97 21.3
399.01 112.2
399.95 165.5
401.05 23.2
401.69 15.9
402.54 8.7
403.40 2.2
404.81 1440.5
406.64 24.4
407.54 12.5
408.32 23.1
409.29 25.3
410.86 6.9
411.81 10.7
413.69 765.2
414.41 15.2
416.08 7.8
417.28 140.0
418.28 34.0
419.24 23.9
420.32 29.7
421.67 86.1
422.32 163.3
423.18 57.5
424.09 15.6
425.80 45.2
426.58 46.4
428.00 43.1
428.94 50.6
429.89 15.3
430.93 14.3
431.81 3.9
432.57 11.4
433.44 11.8
434.65 79.5
435.30 91.0
436.44 16.3
437.31 4.1
439.57 94.8
440.43 23.2
441.53 39.1
442.47 14.1
443.35 20.6
444.29 137.9
445.28 17.1
446.47 38.4
448.67 405.4
449.47 98.5
450.42 7.2
451.11 13.5
452.51 49.0
453.38 50.5
454.26 12.8
455.15 2.8
457.39 1389.1
458.35 68.8
459.43 24.3
461.32 141.9
462.13 518.9
463.07 33.7
464.20 74.7
465.19 52.2
465.96 19.2
467.78 50.9
468.40 7.5
469.40 25.6
470.88 5445.1
471.90 220.5
473.32 8.8
476.05 2.9
479.19 5.1
480.05 6.5
485.52 2.5
486.22 5.4
489.14 2.2
492.28 6.9
493.74 5.1
494.68 3.8
496.77 15.2
497.40 16.9
498.28 5.6
499.66 10.8
503.00 8.5
504.06 5.7
506.15 3.4
508.08 8.0
510.44 2.9
511.61 3.4
512.98 3.5
514.26 33.4
515.24 70.2
516.23 8.1
518.41 4.8
519.25 6.2
520.17 8.6
521.61 7.7
522.34 2.1
523.45 11.0
524.50 16.9
525.39 1.7
526.80 2.3
528.35 7.9
529.33 2.7
530.87 7.0
532.25 12.7
533.24 3.3
534.87 17.7
537.76 10.8
539.31 6.5
541.34 126.1
542.35 25.5
543.66 8.7
544.91 11.4
545.85 19.6
547.09 16.1
547.90 8.0
548.93 23.8
550.14 5.6
551.35 5.2
554.19 4.4
557.29 36.3
558.21 4.9
560.28 4.8
561.26 1.7
562.20 15.9
563.61 4.2
565.56 17.0
567.51 174.5
568.12 135.6
568.88 8.8
569.62 3.3
570.25 6.3
571.30 3.3
572.17 2.5
575.40 14.8
577.73 9.3
578.93 4.6
579.79 15.7
580.78 6.2
581.73 18.7
583.11 29.7
584.18 63.8
585.29 27.0
586.19 13.5
587.48 1.4
588.54 3.8
589.77 8.1
590.90 12.2
591.55 21.3
592.30 11.6
593.12 2.9
594.47 21.7
595.15 7.9
596.40 12.6
598.52 8.4
599.21 2.4
600.44 166.7
601.40 222.5
602.40 51.1
603.16 15.0
604.31 1.9
605.32 7.1
605.98 3.9
606.71 6.0
609.01 192.6
609.93 14.5
610.86 3.0
611.53 7.5
612.44 224.0
613.73 52.0
615.78 17.5
616.46 1.0
617.66 14.2
618.33 6.2
622.33 4.5
623.47 2.0
624.18 1.1
625.58 1.2
626.75 15.0
628.35 9.2
629.04 6.0
630.69 18.2
633.26 2.9
634.96 4.9
638.33 3.2
639.30 1.4
640.38 13.9
642.40 3.1
644.21 16.6
644.98 1.3
645.98 9.0
647.04 8.6
649.22 1.6
650.47 2.1
652.62 45.2
653.51 35.3
654.93 9.4
655.94 3.4
656.55 2.0
657.43 1.7
659.70 4.1
660.52 9.7
661.52 4.0
662.79 11.3
663.61 9.8
664.43 2.4
665.84 3.7
666.83 1.5
669.46 1.6
671.44 28.4
672.43 6.4
676.35 9.0
677.73 4.5
679.70 3.8
680.71 10.3
681.80 5.9
682.53 49.9
683.55 38.1
684.46 12.8
685.18 4.6
686.37 5.5
687.29 6.0
688.39 8.4
689.47 4.5
690.46 4.6
693.30 3.6
695.57 192.1
696.41 3.2
699.41 70.8
700.42 122.5
701.35 32.4
702.38 10.5
703.45 5.8
704.44 20.0
705.60 8.1
707.17 7.5
708.37 2.3
709.52 15.5
711.32 8.5
713.53 566.0
714.39 8.7
715.58 3.1
716.80 27.0
719.10 4.6
721.28 1.0
723.48 1.1
726.82 2.8
728.77 7.0
730.08 6.7
731.44 7.0
732.59 8.0
735.57 2.7
739.53 14.8
740.79 12.9
742.57 3.0
743.59 2.5
744.49 4.2
746.00 1.6
747.41 2.2
754.48 3.6
758.58 23.2
759.52 7.4
761.97 2.2
764.51 7.0
765.51 2.2
771.09 1.1
772.90 9.4
773.59 2.6
775.58 19.2
776.52 2.7
777.27 5.2
781.84 2.7
782.54 2.1
783.69 10.7
784.42 4.7
785.59 3.5
786.94 3.7
787.84 7.8
789.63 7.7
790.74 6.2
791.67 1.0
794.67 1.0
796.24 1.3
798.07 3.2
799.38 1.7
802.53 21.3
803.51 79.0
804.50 31.3
805.49 9.9
807.56 2.9
808.65 11.7
809.57 1.7
810.47 5.0
811.28 9.0
812.50 4.0
814.44 2.9
815.07 1.2
816.02 1.8
820.29 3.2
821.57 10.5
822.50 4.4
823.28 1.0
825.45 40.7
826.57 1050.4
827.65 55.3
828.36 4.8
831.34 2.0
832.48 2.3
836.52 2.9
840.05 2.2
844.69 3.5
845.44 3.7
846.71 3.6
847.37 3.1
853.44 4.8
858.47 2.7
861.74 1.9
874.42 5.1
878.36 1.4
883.38 2.7
886.91 6.6
901.51 3.2
904.56 2.8
917.95 3.0
918.56 82.3
919.47 29.7
920.60 4.2
921.49 3.4
935.51 3.2
936.76 2.9
937.78 1.9
