955.59368 2
140.20 3.6
142.21 1.9
143.12 2.5
148.10 1.5
150.18 1.4
151.13 1.4
156.20 2.4
158.03 3.9
159.30 7.2
161.95 16.0
164.38 1.2
166.29 5.3
168.26 1.3
170.21 1.2
171.03 2.4
172.45 3.5
175.23 16.6
178.51 1.7
180.01 3.6
182.06 8.2
183.14 4.1
185.14 91.4
187.22 1.4
188.28 3.1
192.00 1.1
195.40 8.7
196.27 1.9
197.15 3.1
199.18 18.9
201.14 4.3
203.28 1.2
205.16 6.4
206.31 1.0
207.95 9.6
211.01 1.9
212.28 21.2
213.25 124.7
215.02 1.2
216.14 1.8
218.39 5.8
219.18 9.7
221.44 4.0
222.30 1.5
223.18 2.2
225.41 6.2
226.12 1.2
227.12 13.9
229.61 4.3
230.30 2.5
231.40 9.6
232.14 5.0
233.18 6.2
233.78 1.1
235.30 1.5
238.21 1.5
240.27 7.3
241.12 6.2
242.06 13.4
243.17 8.2
244.17 12.8
245.14 3.4
246.13 2.3
246.89 1.6
248.22 3.1
251.30 3.9
254.24 19.4
255.28 68.0
256.22 13.0
257.18 4.7
259.24 3.9
260.26 2.1
261.07 6.2
262.29 12.6
263.24 2.4
266.22 3.4
267.49 4.1
268.23 1.5
269.34 3.9
270.24 9.8
272.14 99.4
276.31 4.2
278.24 9.3
279.63 7.6
280.34 4.1
281.39 1.8
283.33 8.1
284.19 32.9
285.25 3.0
286.24 3.1
288.25 5.7
289.27 14.8
291.31 36.6
296.14 17.1
296.95 5.8
298.32 14.1
299.24 3.7
300.30 2.8
301.29 6.2
303.35 2.2
304.31 2.4
305.26 1.2
309.05 5.2
310.20 3.2
311.17 9.2
313.16 1.8
314.07 4.5
316.38 1.6
317.35 2.7
318.24 6.7
321.16 3.2
322.23 8.6
325.82 6.5
326.99 2.8
328.49 3.3
330.14 4.4
331.00 7.5
332.17 11.1
335.03 4.5
335.77 4.6
336.77 3.2
338.29 7.2
339.28 13.1
340.47 1.7
341.33 3.8
342.40 4.7
343.28 5.1
345.40 2.5
346.40 7.2
347.26 8.8
348.34 1.2
349.08 5.1
350.25 1.2
352.23 4.4
354.20 3.3
355.10 5.3
356.47 3.0
357.10 13.3
358.26 1.9
359.11 6.8
359.97 4.0
361.63 8.3
362.35 15.8
363.38 25.8
364.12 16.8
365.34 7.9
367.26 53.2
368.31 2.5
369.25 7.3
370.20 2.0
371.39 9.2
372.36 26.0
373.34 5.9
374.35 8.5
375.17 1.1
375.88 11.4
377.51 8.1
378.50 17.7
379.64 10.8
381.20 7.7
382.42 9.5
384.32 5.7
385.34 170.2
386.39 1.6
387.27 1.0
388.75 10.0
389.40 10.7
390.30 9.1
391.72 9.0
392.35 6.1
393.37 8.1
395.24 25.3
396.28 6.6
397.28 14.6
398.26 28.0
399.28 11.7
400.32 25.3
401.40 4.9
402.19 3.7
402.95 5.6
403.96 12.2
404.87 10.7
406.18 42.0
407.23 11.1
410.31 4.3
412.08 28.3
412.80 13.6
413.90 9.4
415.06 12.3
416.17 15.7
417.48 7.7
418.31 9.6
419.04 5.8
419.84 12.6
421.00 58.8
422.17 9.1
423.55 27.9
424.59 30.6
425.52 15.8
426.38 15.4
427.20 4.4
428.17 12.2
428.96 18.0
430.22 8.5
431.33 6.4
432.03 7.7
433.52 10.4
434.32 22.2
435.32 7.7
436.51 5.9
437.87 36.6
439.29 9.9
441.37 5.5
442.48 20.1
443.45 5.1
444.17 1.2
445.35 4.4
446.90 13.9
448.34 22.3
450.25 16.1
451.54 13.6
454.40 56.4
455.65 35.9
456.29 27.8
457.23 4.1
458.53 12.0
460.16 318.0
461.28 62.7
462.23 36.7
463.11 55.8
464.28 35.7
466.17 215.3
466.96 6.3
469.13 939.9
469.82 43.0
470.56 5.8
472.39 205.4
477.61 1.6
479.11 5.7
484.15 3.3
487.21 12.3
490.64 7.4
492.44 4.2
494.19 1.7
497.39 2.1
498.69 5.5
502.05 4.6
508.59 11.2
510.21 3.6
512.40 1.3
514.21 1.3
518.65 11.4
521.29 4.4
523.33 4.2
526.41 2.3
530.11 3.4
531.04 1.6
531.75 2.1
534.70 3.9
535.35 22.6
536.08 5.7
538.13 9.1
541.73 19.0
549.73 2.1
551.12 5.1
553.16 74.8
554.76 2.2
556.34 2.8
558.91 4.5
563.63 9.5
565.41 2.2
566.49 14.1
567.51 1.1
568.48 2.3
570.79 2.1
571.45 177.2
573.28 1.3
575.36 20.2
579.48 3.4
580.60 35.6
581.50 8.3
582.56 8.5
584.79 12.1
587.39 6.1
588.89 11.5
590.99 2.9
593.23 3.4
594.74 1.1
596.31 10.1
597.40 5.9
599.65 6.9
600.39 3.5
601.63 2.3
602.81 8.4
603.62 1.4
607.48 7.7
608.65 17.7
609.37 5.0
610.23 5.9
610.99 5.7
615.35 1.7
619.35 3.4
620.50 4.4
621.62 4.3
622.63 5.3
624.38 9.1
625.94 2.3
627.04 9.4
628.57 4.8
632.22 2.6
633.00 4.8
634.36 2.5
634.97 3.7
637.49 6.9
638.12 1.3
639.26 6.5
640.56 5.8
642.50 17.2
645.35 3.6
648.14 32.0
649.92 15.9
651.57 6.2
655.48 4.1
656.61 2.9
659.86 10.0
660.55 6.1
663.52 3.7
664.97 21.7
666.38 32.2
667.71 2.5
668.72 13.4
671.15 5.8
672.45 175.2
673.70 7.0
676.27 5.4
679.08 4.1
680.32 6.4
684.49 23.6
692.44 3.5
694.38 43.9
695.36 9.5
697.55 3.7
701.61 3.3
707.44 7.5
709.97 1.3
711.57 6.4
712.32 8.3
713.45 8.2
715.73 2.0
716.35 1.7
725.47 23.2
727.04 20.3
728.47 9.3
729.49 46.5
734.26 4.4
735.36 1.7
736.18 8.7
740.33 5.7
741.24 1.9
743.48 615.7
744.53 15.1
750.28 1.4
751.76 9.3
752.63 1.6
754.65 1.7
755.26 1.3
756.45 1.1
759.80 2.3
762.85 19.6
763.59 4.3
764.47 1.9
766.47 1.2
767.42 1.6
768.67 1.4
769.46 7.6
770.56 1.3
771.53 2.3
772.56 2.8
773.61 5.0
774.59 1.4
779.65 4.6
782.36 2.9
784.23 3.4
788.37 1.6
789.43 2.0
791.31 2.1
792.95 1.1
794.62 6.7
795.43 2.4
798.55 3.1
799.91 2.9
800.60 2.5
805.26 6.1
806.51 6.3
810.54 5.9
811.35 4.1
813.29 3.0
817.53 3.4
821.50 5.0
823.06 14.1
823.95 21.5
824.79 8.7
825.57 6.8
826.39 2.0
829.69 1.4
836.72 2.6
841.24 5.5
842.29 15.6
858.04 4.4
862.13 1.4
867.55 3.2
900.70 1.2
917.31 3.5
932.76 2.9
933.45 5.8
934.65 3.7
950.71 1.4
