1339.71636 2
187.29 4.1
197.30 1.3
199.27 4.8
201.29 9.4
202.30 3.4
207.24 3.7
208.27 3.2
209.28 7.4
210.14 1.9
213.32 3.2
214.59 6.1
215.23 19.8
216.19 5.6
217.22 12.4
221.24 9.9
222.54 1.8
224.10 7.0
225.05 7.4
226.25 1.6
226.96 1.5
228.90 5.5
230.04 5.4
232.22 11.8
235.49 7.2
236.17 41.8
237.17 13.5
239.31 11.2
240.70 8.8
242.22 6.2
243.23 13.9
244.31 7.7
245.29 9.7
246.32 6.6
247.00 1.4
250.24 3.4
252.20 12.9
253.29 60.9
254.38 17.7
255.28 5.0
257.10 8.7
258.46 1.3
259.34 7.5
260.29 6.2
261.04 1.8
262.15 11.7
263.43 2.8
264.03 2.2
265.49 3.0
266.09 6.5
270.16 10.4
270.88 1.1
272.33 3.4
273.20 3.3
274.30 1.3
279.10 2.7
280.26 32.7
281.43 4.8
282.44 6.0
284.11 4.6
285.30 2.2
286.36 2.6
288.27 267.6
289.27 29.4
290.25 9.2
291.48 9.8
294.98 6.0
297.61 4.9
298.41 17.4
299.38 4.1
301.16 11.3
302.32 3.7
307.55 9.5
308.18 142.9
309.27 7.3
310.32 29.4
311.45 3.3
312.24 2.9
313.53 5.8
314.36 1.7
317.18 7.2
318.12 7.4
321.32 1.1
323.42 2.4
325.23 16.8
326.23 45.0
327.32 3.1
330.09 22.0
330.91 2.9
334.06 14.2
335.34 10.2
338.37 7.9
339.42 7.2
340.55 4.9
342.15 9.3
343.26 19.1
344.35 1.4
345.28 4.1
346.07 5.6
347.27 2.1
348.23 15.3
349.60 12.4
350.39 9.6
351.35 93.7
352.27 702.3
353.22 73.9
354.24 5.1
355.26 2.4
356.45 1.1
357.29 3.5
358.29 29.5
359.37 7.8
360.24 15.1
361.36 4.0
362.30 2.4
363.85 4.8
365.35 8.0
366.32 13.7
367.34 17.9
368.15 16.5
369.13 25.8
370.28 114.6
371.20 34.4
372.22 6.2
374.80 13.4
375.54 4.1
376.22 7.2
377.24 2.4
378.57 1.7
379.19 1.3
381.07 13.7
383.40 17.9
384.17 4.7
385.21 13.7
386.14 6.5
387.65 7.6
388.32 1.7
389.26 2.8
389.94 2.5
391.13 71.3
391.92 11.2
392.71 3.8
393.35 5.3
394.29 15.7
395.29 180.7
396.22 29.2
397.05 9.0
398.27 4.9
399.20 9.2
401.37 140.4
402.31 47.3
403.41 3.4
404.40 3.5
405.14 18.0
406.37 4.5
408.06 7.2
408.75 3.1
410.20 8.2
411.19 55.4
412.23 15.4
413.22 11.7
414.40 14.4
415.34 7.9
417.09 4.2
418.49 4.8
419.28 4.7
420.57 1.3
421.22 16.7
422.40 32.5
423.21 241.0
424.25 22.2
425.54 8.8
426.28 11.5
427.09 6.5
428.09 7.1
429.29 4.3
430.04 1.3
431.38 13.0
432.19 18.1
433.18 2.8
434.88 9.1
436.42 4.0
437.44 2.7
438.37 12.8
439.98 159.5
441.30 30.4
442.42 8.6
443.55 41.8
444.71 4.1
445.40 8.5
446.35 10.8
447.06 9.2
448.62 297.3
449.44 184.5
450.40 4.2
451.28 3.8
452.29 5.7
453.43 5.2
454.83 4.9
455.64 10.7
456.33 21.8
457.24 8.4
458.48 7.2
459.23 1.2
460.44 5.8
461.36 6.9
462.26 1.8
463.44 9.6
465.23 45.0
466.38 123.0
467.26 1332.7
468.27 184.6
469.51 5.5
470.30 8.0
471.26 10.9
472.43 16.2
473.21 23.3
474.27 14.1
475.33 6.7
476.31 16.9
477.72 14.1
478.50 9.9
479.63 6.2
481.20 25.2
482.27 9.6
483.29 21.8
484.25 190.2
485.29 227.2
486.43 28.7
487.42 11.3
488.37 54.8
489.52 7.4
490.89 12.6
491.53 11.9
492.41 1.7
493.56 6.5
494.20 2.9
495.29 9.1
496.97 110.9
497.88 36.6
498.84 13.5
499.49 3.5
502.02 1.6
502.88 4.7
504.80 107.8
505.71 804.3
506.58 296.6
507.43 50.6
508.10 7.7
509.32 54.8
510.33 154.1
511.25 26.2
512.21 14.8
513.32 11.7
514.54 116.2
515.43 17.2
516.45 21.0
518.06 5.0
520.05 43.2
521.24 21.7
522.18 11.4
523.22 14.9
524.23 52.9
525.17 4.5
526.04 34.6
527.36 1.8
528.33 4.9
529.42 22.2
530.16 4.3
532.27 38.0
533.14 17.2
534.19 59.3
534.90 9.9
536.30 82.5
537.38 121.2
538.29 288.2
539.39 96.4
540.63 22.8
541.38 8.9
542.44 32.8
543.60 7.5
544.64 5.1
546.01 25.3
546.96 13.1
547.61 25.2
549.70 16.7
550.90 38.4
551.69 47.8
554.21 121.4
555.27 48.5
556.33 23.6
557.39 19.4
558.42 3.9
560.20 720.5
560.88 186.8
561.84 27.2
563.32 487.6
564.06 164.5
565.17 28.9
566.86 13.8
568.22 48.0
569.08 99.2
569.79 68.9
570.53 40.0
571.25 13.3
572.46 5.1
573.76 74.6
574.65 29.8
575.85 12.4
576.57 4.5
577.60 7.6
578.43 9.6
579.40 19.4
581.27 771.2
582.30 1841.1
583.25 621.9
584.64 6.4
585.58 17.4
587.07 58.5
588.23 52.9
589.16 8.3
590.67 397.3
591.74 1050.5
592.49 347.2
593.61 42.9
595.75 104.1
596.46 60.8
597.32 45.8
598.20 62.2
599.37 98.7
600.33 48.7
601.29 6.7
602.22 14.9
602.85 5.8
604.72 1902.5
605.43 645.8
606.52 22.9
607.25 5.1
608.40 20.9
609.21 20.6
610.32 19.9
610.98 43.4
611.67 14.8
613.74 8124.6
614.42 2571.9
615.40 28.7
616.39 12.3
617.20 43.3
618.50 4.0
619.79 187.5
620.50 55.5
621.77 15.8
622.51 10.2
623.50 3.1
624.68 34.9
625.73 124.6
627.40 196.7
628.48 74.0
629.42 12.7
630.69 117.7
631.38 40.7
632.02 9.5
633.62 27.8
634.51 55.3
635.60 6.9
636.84 23.7
637.63 22.7
639.04 123.8
639.89 278.6
641.36 1.1
642.64 60.1
643.76 276.5
644.60 57.5
645.47 465.1
646.62 176.9
648.25 2685.4
648.97 783.3
650.29 7.9
652.33 543.3
653.22 147.7
654.78 30.5
655.49 38.2
656.38 29.7
657.70 34.6
658.80 37.1
659.70 6.5
661.30 645.0
662.05 106.0
664.43 2.4
667.12 2.5
671.05 1.2
674.11 3.2
677.35 2.8
681.59 3.0
683.19 3.9
684.25 13.6
685.63 5.5
687.11 4.5
688.61 17.8
690.31 11.9
691.46 3.1
693.29 3.9
694.26 53.1
695.24 40.8
696.38 18.3
697.59 5.9
698.46 24.7
699.52 10.6
701.62 4.7
702.56 1.7
703.21 5.1
706.44 4.6
707.38 7.3
708.50 3.1
709.83 4.0
710.75 7.0
712.14 26.9
712.83 20.3
713.56 9.5
714.63 17.9
715.82 1.9
718.49 8.1
720.06 4.4
721.73 3.3
722.53 15.8
723.60 23.6
724.49 17.3
725.45 20.9
726.12 41.2
727.62 8.9
730.54 2.2
731.89 27.8
732.50 14.2
733.32 2.4
735.69 1.4
737.10 20.8
739.39 17.8
740.37 56.8
741.34 78.8
742.44 209.3
743.52 68.1
744.14 7.5
745.43 2.3
748.07 8.4
751.16 15.9
753.71 3.9
754.74 7.2
755.62 2.7
758.55 1443.9
759.55 517.5
760.51 277.6
761.56 42.2
763.46 2.6
764.47 9.3
765.12 16.5
766.16 5.3
766.83 1.4
768.57 99.8
769.49 33.2
770.41 5.5
771.44 7.1
772.36 3.9
773.52 6.2
774.45 2.6
776.91 13.3
777.56 6.1
778.39 2.4
779.14 4.1
780.61 64.4
781.40 9.1
782.41 10.6
783.39 24.2
784.08 25.7
785.52 5.6
786.48 4.3
787.20 1.4
788.24 2.9
789.15 15.6
790.45 4.2
793.10 27.1
794.43 9.7
795.85 6.9
797.24 24.8
797.85 3.1
798.48 18.5
799.43 5.9
800.20 3.4
801.10 6.7
802.68 7.8
803.38 7.0
804.50 4.9
807.31 23.8
808.32 29.2
809.73 12.4
810.49 3.6
811.40 4.2
812.56 8.4
814.96 1.8
816.03 11.5
816.67 4.6
817.57 8.5
818.77 8.3
819.39 7.2
820.46 6.0
821.63 23.7
823.49 11.4
824.58 32.5
825.52 49.1
826.35 125.2
827.44 18.8
828.22 6.0
829.53 29.7
830.43 7.4
831.77 8.7
832.60 4.8
833.60 3.0
836.28 6.1
837.32 13.4
838.60 40.1
840.44 37.7
841.25 5.5
842.53 20.9
843.50 40.0
844.69 2.3
845.35 3.1
846.50 11.9
847.50 1.9
848.76 19.3
849.67 8.7
850.69 1.8
852.29 8.5
853.34 12.8
854.98 20.1
855.61 107.7
856.53 117.2
857.47 88.5
858.66 54.9
859.48 23.3
860.60 6.9
861.64 9.4
864.13 12.0
864.95 3.9
865.69 1.7
866.48 9.6
867.69 12.8
869.33 1.6
871.72 4.1
873.55 1003.7
874.52 411.4
875.58 97.3
876.60 52.3
878.46 53.9
879.10 1.1
879.72 20.4
881.29 52.2
882.30 40.6
883.16 19.3
884.66 23.4
885.66 5.0
886.58 8.9
887.65 7.5
888.82 8.5
889.69 47.4
890.65 6.5
894.36 7.2
895.44 93.1
896.57 97.4
897.88 286.3
898.54 215.8
899.30 17.8
900.49 17.0
903.65 10.4
904.40 7.0
906.05 4.3
907.85 7.7
909.16 12.1
910.42 29.0
911.45 98.5
912.49 35.6
916.30 1.7
917.38 14.3
920.41 10.3
921.68 19.1
922.69 11.3
923.85 4.7
924.64 6.4
925.40 11.0
926.42 2.2
927.53 4.0
928.81 13.8
929.69 15.8
930.93 9.9
931.64 12.5
932.37 4.3
933.54 9.1
935.31 2.5
936.58 4.7
938.30 239.7
939.37 301.0
940.54 115.7
942.60 39.5
943.76 18.2
945.08 19.3
946.01 6.0
948.03 8.7
950.44 1.9
951.37 13.3
952.35 11.1
953.62 23.8
954.60 27.5
955.40 22.4
956.44 24.4
957.43 30.0
958.67 5.6
959.53 1.3
961.34 1.7
962.40 1.4
964.53 1.6
965.95 1.6
966.58 1.6
967.54 4.2
968.68 1.7
969.53 13.8
970.67 60.0
971.68 54.9
972.93 11.1
973.61 4.1
974.50 6.0
975.66 7.5
976.67 5.2
977.51 1.9
979.51 18.1
980.53 32.5
981.69 10.7
982.60 3.2
983.52 4.7
985.59 1.9
987.74 203.3
988.67 498.9
989.58 209.1
990.52 3.0
991.73 3.9
992.65 9.9
993.57 24.3
994.44 16.9
995.60 5.1
1000.65 4.1
1001.31 1.2
1005.52 2.2
1006.41 8.7
1007.48 36.5
1008.48 54.3
1009.83 94.2
1010.71 78.2
1011.63 69.8
1012.58 46.7
1013.67 34.6
1014.42 6.6
1016.05 6.5
1017.29 2.4
1020.72 2.0
1021.53 1.6
1022.43 10.9
1023.57 148.5
1024.56 204.6
1025.55 90.1
1026.40 7.3
1027.59 2.1
1030.40 3.6
1032.13 2.9
1032.99 1.8
1034.46 27.3
1035.41 18.5
1036.52 1.4
1037.60 7.6
1038.68 4.1
1039.50 12.2
1044.74 2.2
1045.75 2.1
1047.70 5.2
1049.17 14.0
1050.51 5.2
1051.62 329.7
1052.55 528.8
1053.59 277.1
1058.01 1.1
1059.43 6.5
1063.66 4.1
1064.41 4.6
1065.61 2.8
1066.51 6.3
1068.10 6.6
1069.22 5.4
1070.43 21.1
1071.55 22.8
1072.55 6.5
1073.29 1.3
1074.49 2.3
1075.49 2.2
1076.81 9.8
1078.68 2.8
1079.74 4.1
1080.62 8.3
1081.29 2.0
1083.84 2.4
1086.85 12.0
1087.80 1.7
1089.21 4.1
1090.79 1.5
1093.70 4.3
1095.60 8.7
1096.63 9.0
1099.58 1.8
1100.59 3.4
1102.24 5.5
1105.12 2.8
1106.89 4.0
1107.84 23.5
1108.78 14.7
1109.58 9.1
1111.31 3.1
1113.07 6.3
1113.77 2.9
1120.05 4.7
1121.87 3.0
1122.62 6.5
1123.60 6.9
1124.68 126.9
1125.64 341.1
1126.70 180.0
1127.79 3.4
1134.28 8.5
1135.01 1.4
1135.77 12.8
1136.77 8.7
1138.12 12.7
1138.75 9.7
1141.02 4.4
1142.68 4.4
1143.76 4.4
1148.78 2.1
1149.61 4.1
1150.55 9.5
1152.71 6.0
1155.76 4.2
1157.33 5.4
1158.83 4.1
1159.69 3.7
1161.98 4.7
1163.57 1.4
1164.49 5.0
1165.43 1.3
1171.31 2.5
1174.09 3.6
1177.37 4.2
1180.64 5.2
1181.57 11.8
1182.75 6.5
1184.62 1.8
1186.84 3.7
1193.94 8.8
1194.68 2.3
1198.27 1.1
1202.66 3.4
1203.55 1.0
1204.91 10.1
1206.07 14.3
1207.73 3.7
1208.44 3.9
1209.59 9.3
1212.86 7.4
1215.70 2.2
1220.88 5.7
1222.01 2.1
1225.68 10.6
1226.69 6.1
1227.96 13.6
1230.84 1.6
1232.94 4.2
1235.46 2.6
1237.96 3.9
1239.25 1.8
1249.49 3.5
1251.60 3.0
1255.63 1.9
1266.63 2.7
1273.70 2.1
1274.75 3.4
1299.59 9.3
1302.91 1.2
1317.12 9.9
1318.09 17.6
1318.88 3.8
