1561.71294 2
223.24 54.5
224.29 6.4
230.24 2.1
233.93 3.4
237.01 2.7
240.20 17.7
241.30 335.5
242.24 25.8
244.53 1.3
245.32 2.0
246.09 2.6
248.36 2.2
250.00 1.9
255.26 1.9
256.38 7.7
258.11 24.4
260.10 6.0
261.22 9.5
262.05 3.2
265.15 5.4
266.30 9.0
267.46 1.8
268.24 5.7
270.40 6.2
272.26 2.3
273.30 2.3
274.11 2.7
275.42 8.1
276.15 12.1
277.89 7.9
279.07 15.6
280.56 5.8
282.72 6.9
283.35 4.6
284.41 21.6
285.39 11.4
288.36 6.0
290.20 2.6
291.17 4.4
293.46 1.6
294.50 9.3
295.27 3.2
296.10 3.7
297.22 7.4
298.35 1.3
299.76 2.4
300.51 1.6
301.27 9.8
303.28 2.3
310.17 2.5
311.30 10.4
312.17 7.6
313.26 10.1
314.16 2.9
314.91 3.7
316.45 2.0
317.35 5.9
318.33 2.1
320.38 2.0
322.14 1.5
323.35 3.2
326.82 7.9
327.45 1.2
328.55 9.5
329.41 66.8
330.10 10.6
331.25 9.3
332.33 2.6
335.61 3.9
336.48 2.8
337.32 7.4
338.31 13.5
339.36 33.4
340.29 16.6
341.25 4.3
343.03 2.0
345.53 3.1
346.49 5.7
348.20 1.0
349.19 10.6
350.98 6.0
352.50 3.9
353.25 16.4
354.25 3.2
355.16 14.4
357.26 203.6
358.44 24.4
359.43 1.6
361.37 1.9
363.01 1.3
364.29 2.7
365.45 11.4
366.08 2.8
368.13 1.5
369.35 2.1
372.22 3.9
373.37 14.9
374.23 5.4
375.14 6.5
377.49 3.2
378.83 13.7
379.45 3.3
380.17 1.3
382.23 18.3
383.52 3.6
384.37 7.0
385.28 6.2
386.26 5.9
387.64 8.2
388.39 2.9
390.52 6.6
391.64 6.2
393.36 5.4
394.19 2.6
397.13 15.2
398.23 10.3
399.33 12.2
401.15 10.5
403.35 15.1
404.46 8.2
407.11 3.6
409.14 13.3
410.26 15.0
411.01 1.2
414.39 5.9
417.50 1.6
418.46 6.7
419.18 7.8
419.91 5.4
421.04 2.2
422.28 5.4
424.25 14.6
425.26 13.7
426.40 341.2
427.41 63.0
428.46 17.4
430.09 3.4
432.20 6.1
433.25 1.6
434.55 4.6
435.42 12.5
436.42 5.3
437.38 1.9
438.33 7.1
439.29 11.6
440.26 4.2
441.42 13.6
442.32 31.6
443.54 4.6
444.47 13.7
445.38 12.1
447.51 4.3
448.38 10.6
449.51 2.6
452.26 10.4
453.34 11.6
454.30 9.6
455.45 10.9
457.62 1.5
459.58 1.3
461.38 2.4
462.42 8.9
463.20 8.1
464.52 5.4
465.39 14.2
466.35 4.9
467.26 5.5
468.41 9.1
469.38 32.2
470.24 5.8
471.19 5.5
472.34 21.3
473.68 7.6
474.59 13.2
475.50 3.5
477.26 2.7
478.37 4.8
479.38 18.6
480.92 4.3
482.65 5.2
483.86 15.2
484.61 1.9
485.36 3.2
487.51 1.2
488.14 3.6
489.42 8.3
490.02 7.2
491.39 13.3
492.27 30.3
493.24 8.3
495.54 6.5
496.25 9.3
497.41 25.6
498.38 30.0
499.23 3.1
500.21 3.7
501.83 10.3
502.52 1.2
503.24 3.5
503.92 1.6
504.59 1.6
505.39 2.1
506.47 8.9
507.11 5.2
508.26 9.3
509.38 11.2
510.32 13.9
511.43 7.5
512.12 1.7
513.46 11.3
514.43 14.4
515.52 9.6
516.30 9.6
517.19 1.8
518.01 10.1
519.39 22.0
520.22 2.0
521.20 1.9
522.29 2.7
523.42 40.9
524.36 25.1
525.55 8.7
526.79 8.1
527.42 6.0
528.73 10.8
529.37 2.9
530.54 14.3
531.55 2.1
532.25 4.2
533.35 3.0
534.64 5.2
535.44 21.1
536.41 60.0
537.60 1.8
538.41 13.8
540.19 36.1
541.33 678.2
542.47 108.6
545.25 5.2
547.72 7.8
549.54 12.5
550.30 4.2
551.51 9.4
553.23 72.4
554.37 7.0
555.44 5.8
556.40 10.5
557.36 3.2
558.38 70.0
559.44 19.5
560.30 13.3
561.20 3.3
562.59 11.3
563.37 24.5
564.65 19.9
565.95 6.8
566.83 4.2
567.59 13.0
568.27 2.0
569.33 5.8
570.52 11.6
571.56 5.0
572.58 14.9
573.38 18.3
574.59 7.1
575.59 7.8
576.65 12.8
578.00 20.3
579.22 24.0
580.33 13.3
581.97 20.4
583.42 16.8
584.38 9.7
585.18 4.1
586.23 16.9
587.41 5.9
588.41 2.4
589.49 6.6
590.56 8.6
591.35 8.9
592.38 35.9
593.45 12.2
594.36 13.5
595.39 6.5
596.90 9.6
597.61 5.0
598.62 13.5
599.35 5.1
600.64 5.1
601.28 3.4
602.07 5.0
603.12 11.1
604.03 3.6
604.63 1.4
606.13 23.6
607.32 540.0
608.31 126.7
610.03 32.1
611.43 25.4
612.32 22.3
613.06 6.8
614.38 14.8
615.49 24.8
616.53 2.1
617.28 4.2
618.35 3.2
619.65 4.3
620.82 13.9
621.62 8.7
624.41 177.9
625.39 63.3
626.35 22.3
627.27 19.6
628.40 11.6
629.39 28.7
630.35 17.5
631.04 14.0
632.58 14.2
633.22 24.6
634.42 29.8
635.49 21.6
637.72 21.7
638.80 16.9
639.45 2.3
640.12 6.8
641.03 12.2
641.69 5.3
642.46 3.5
643.36 17.1
644.38 21.4
645.49 30.8
646.45 3.1
647.61 27.3
648.85 47.4
650.18 18.6
650.93 15.4
651.84 11.7
652.62 18.1
653.55 23.5
654.51 1.3
655.48 22.0
656.57 15.8
657.25 29.5
658.08 39.2
659.00 16.4
659.63 10.5
660.38 11.7
661.26 24.9
662.36 12.0
663.63 8.3
664.66 28.5
665.67 20.7
666.79 166.1
667.43 106.4
668.33 36.4
670.72 51.2
671.32 114.9
672.25 23.1
673.30 46.6
674.20 86.3
675.31 79.4
676.00 60.3
677.11 27.9
677.86 12.6
679.25 173.0
680.27 50.2
680.96 43.2
682.29 24.4
683.35 54.3
684.29 66.7
685.30 52.6
686.47 51.8
687.62 74.2
688.75 39.6
689.64 30.5
690.42 6.9
691.70 119.1
692.58 74.9
693.43 63.2
694.20 56.8
695.17 31.1
695.98 16.5
697.25 8.4
698.18 46.0
699.48 64.9
701.29 413.1
702.18 417.9
703.08 121.9
704.22 20.7
705.57 19.4
706.61 159.5
707.54 77.3
708.60 46.0
709.65 347.6
710.74 73.3
711.65 11.0
712.31 6.4
713.06 16.4
714.31 105.2
715.25 1221.2
716.16 528.3
716.84 221.4
718.08 104.8
719.51 79.9
720.53 66.6
721.76 45.9
722.68 287.6
723.70 1024.5
724.61 2984.2
725.47 103.9
726.29 27.9
727.60 70.5
728.61 169.2
729.48 73.4
730.97 205.7
732.18 65.8
732.79 27.7
733.42 127.2
734.15 50.3
736.82 1745.5
737.54 1299.0
739.11 45.3
739.97 38.0
741.12 57.4
742.10 475.8
743.22 54.8
744.70 72.6
745.77 171.3
746.67 201.7
747.68 3.7
748.59 18.0
751.08 4030.9
752.16 44.4
752.89 11.2
753.52 29.8
754.25 11.1
755.21 265.7
755.97 48.2
757.36 23.9
759.27 3137.7
759.95 647.5
760.61 19.8
761.52 21.9
762.34 45.5
763.81 1423.9
764.49 2369.7
765.76 67.9
766.70 72.8
767.60 239.8
768.65 57.1
769.41 150.2
770.35 20.8
771.73 96.9
773.03 8955.7
773.98 39.8
774.92 2.0
776.49 1.6
777.37 3.7
780.90 2.9
786.68 2.7
788.96 6.5
790.02 12.2
791.54 5.1
792.59 4.0
794.36 2.9
795.42 2.6
796.63 2.8
797.46 8.3
798.53 4.6
799.39 2.7
800.32 8.6
801.29 1.0
803.01 11.8
804.50 3.9
805.89 11.2
807.48 4.7
810.22 1.2
811.76 13.3
812.41 1.1
813.46 8.5
814.49 9.6
815.52 6.6
818.41 5.2
819.94 10.0
822.26 9.5
823.19 5.1
824.18 10.1
825.43 6.3
826.35 5.7
827.29 23.2
828.04 11.6
829.07 16.0
829.76 1.3
831.63 15.6
832.56 2.0
833.43 1.9
834.90 6.2
835.54 5.4
836.54 8.7
837.47 5.7
838.52 14.2
839.43 8.2
840.98 6.2
841.63 1.3
842.46 11.4
843.80 12.6
847.75 4.4
848.65 13.2
849.68 3.9
850.56 2.8
851.60 9.6
852.71 9.2
853.63 3.6
855.00 10.5
856.39 3.9
858.05 14.4
859.39 14.5
860.39 3.8
861.76 8.6
862.42 4.6
863.44 2.2
864.50 12.1
865.40 20.9
866.47 10.8
867.46 4.0
868.71 15.9
869.71 5.6
872.74 4.8
873.60 6.0
874.56 5.4
875.70 37.6
876.73 15.0
877.39 8.4
878.70 3.3
879.45 17.5
880.30 11.7
881.30 20.2
883.06 7.7
884.31 16.3
885.41 8.1
887.00 3.2
888.54 2.1
889.52 1.0
890.62 10.8
891.35 25.8
892.46 32.3
893.42 32.8
894.68 90.9
895.62 32.3
897.15 14.7
898.09 5.0
898.71 17.1
899.87 5.7
901.60 5.5
902.59 3.3
903.57 4.5
905.35 22.9
906.76 7.4
910.52 21.3
911.33 20.5
912.67 6.6
913.90 4.7
914.57 4.9
915.88 17.9
916.76 3.5
918.49 3.9
920.19 24.7
920.83 8.1
921.70 8.9
922.42 2.8
923.21 14.6
924.70 2.5
925.55 12.0
926.66 6.5
927.31 8.0
928.40 10.4
929.36 3.7
931.47 12.6
932.86 17.4
934.58 8.6
935.96 16.8
936.58 8.8
938.47 812.5
939.53 309.0
940.99 26.6
941.92 25.8
942.74 12.2
944.01 22.8
944.96 18.3
946.67 3.9
948.65 25.1
949.56 2.2
951.18 5.8
952.62 6.8
953.57 3.3
954.34 3.0
955.03 9.4
956.72 39.4
957.76 25.3
958.60 7.2
959.28 16.6
960.44 27.0
961.54 13.5
962.41 2.8
963.75 6.3
964.66 5.3
965.58 8.7
966.79 8.5
967.61 10.9
968.79 15.9
969.58 25.3
970.51 10.5
972.57 50.2
973.61 29.0
975.13 9.1
976.27 12.3
977.22 4.4
977.93 6.6
978.59 15.8
979.93 20.2
980.75 5.8
981.87 11.4
983.43 2.8
984.18 2.6
985.09 10.6
986.55 16.3
987.42 23.6
988.45 12.9
989.41 21.3
991.18 11.6
991.86 7.7
992.85 1.6
993.56 1.8
994.55 1.4
995.83 3.7
996.72 13.6
997.90 96.9
998.90 18.4
1000.10 31.7
1001.44 12.5
1002.36 6.6
1003.82 235.0
1004.47 1690.6
1005.46 719.7
1006.10 6.7
1009.28 9.4
1010.26 7.5
1011.12 6.5
1011.79 19.8
1012.90 3.2
1013.80 40.1
1015.85 3.5
1017.65 1.9
1018.38 19.8
1019.07 10.7
1020.47 7.1
1021.32 10.0
1022.61 44.6
1023.67 9.1
1024.89 13.4
1026.02 18.0
1027.00 10.9
1028.47 4.6
1030.23 11.1
1031.24 19.8
1032.43 9.5
1033.13 10.6
1033.74 1.3
1035.34 8.3
1036.10 4.1
1037.57 1.3
1039.35 8.5
1040.69 11.1
1041.61 4.3
1042.61 7.0
1043.38 1.5
1045.45 106.6
1046.56 72.7
1047.47 1.4
1048.45 11.7
1049.20 10.4
1050.71 1.3
1052.49 4.2
1054.44 16.4
1055.41 29.2
1056.89 57.2
1057.85 19.9
1058.57 21.2
1059.45 4.7
1060.42 5.7
1062.58 15.1
1063.99 21.0
1064.92 9.2
1065.89 16.2
1069.95 18.9
1070.62 4.4
1072.12 12.8
1072.77 10.2
1073.69 11.8
1074.63 6.7
1076.46 15.5
1077.39 16.9
1078.38 4.0
1079.23 15.4
1081.29 2.7
1082.15 14.3
1083.65 12.4
1084.65 7.1
1085.81 6.2
1086.63 12.1
1087.82 1.3
1088.71 6.7
1089.86 11.1
1090.71 15.6
1091.51 108.0
1092.48 25.3
1094.80 8.9
1095.97 3.8
1097.13 8.2
1098.11 11.9
1098.95 7.2
1100.79 3.4
1101.53 19.9
1102.65 14.8
1103.67 13.0
1104.42 8.8
1105.73 37.2
1107.57 7.8
1108.76 6.7
1110.58 4.3
1112.12 18.2
1114.40 15.2
1115.32 4.9
1116.42 10.4
1117.03 2.4
1117.68 16.3
1118.68 3.3
1120.32 3.8
1121.45 10.9
1122.74 8.9
1125.74 3.6
1126.80 2.2
1127.76 1.8
1128.65 10.4
1129.53 5.9
1130.57 2.2
1131.64 7.0
1135.59 5.2
1137.31 2.5
1139.51 6.3
1140.11 1.8
1142.52 1.8
1144.39 9.7
1145.48 7.8
1147.53 1.3
1150.13 1.2
1151.75 13.4
1153.75 12.1
1154.56 3.1
1156.74 5.0
1157.58 1.7
1159.67 2.4
1160.67 8.8
1161.73 4.2
1162.80 2.8
1164.61 5.9
1166.16 2.4
1167.69 2.0
1168.68 3.8
1169.62 13.2
1170.69 4.0
1171.83 10.0
1172.75 28.2
1173.55 10.8
1175.37 1.4
1177.53 8.7
1178.67 1.5
1181.30 4.6
1183.63 1.8
1184.48 2.5
1185.63 2.6
1188.47 402.0
1189.57 232.3
1190.70 35.3
1191.51 16.3
1192.17 6.4
1197.52 2.6
1198.56 17.3
1199.55 5.6
1200.82 12.0
1201.80 2.0
1204.90 21.9
1205.52 287.1
1206.60 166.8
1207.65 3.5
1209.49 1.6
1212.25 13.7
1213.63 4.5
1215.48 15.4
1216.45 23.1
1217.74 14.4
1219.37 7.1
1221.34 3.5
1223.72 1.5
1225.04 6.4
1226.41 5.9
1227.79 1.3
1232.50 3.2
1233.75 1.8
1234.78 1.9
1235.75 1.9
1241.02 3.8
1243.79 7.9
1245.00 18.7
1248.41 3.9
1249.18 4.4
1250.51 3.7
1252.67 1.7
1253.67 1.5
1254.98 3.8
1255.64 4.4
1257.04 5.0
1260.01 6.1
1260.86 10.2
1261.53 3.2
1264.67 4.4
1265.50 1.8
1266.35 2.1
1267.84 2.1
1270.51 9.8
1271.73 9.0
1272.45 4.7
1276.01 6.1
1276.61 4.1
1277.67 1.6
1278.43 2.0
1280.73 2.9
1283.26 2.3
1284.45 4.0
1286.31 12.8
1287.59 444.4
1288.64 276.4
1289.59 12.9
1290.56 8.4
1292.85 1.3
1293.54 2.3
1294.96 2.4
1295.93 2.0
1297.30 10.9
1297.94 6.6
1298.69 8.5
1300.66 2.2
1301.42 5.9
1302.67 35.2
1304.57 370.5
1305.58 211.2
1306.44 11.3
1311.85 4.6
1314.48 14.5
1315.52 34.2
1317.55 1.5
1322.03 2.0
1327.88 3.3
1329.51 1.0
1330.64 9.2
1331.41 2.1
1332.58 7.8
1333.68 18.9
1335.12 6.9
1335.78 3.1
1336.58 1.2
1337.81 5.4
1339.63 2.4
1343.75 3.5
1344.63 2.8
1346.63 5.7
1347.42 4.1
1349.70 1.6
1353.72 2.5
1355.16 1.3
1355.78 4.0
1356.91 15.4
1357.66 5.7
1358.60 3.1
1359.44 5.3
1360.06 2.0
1361.03 1.4
1361.87 1.8
1363.08 8.7
1365.31 8.3
1367.61 2.6
1370.73 7.0
1371.84 2.1
1374.70 2.0
1379.74 1.8
1380.91 1.8
1381.79 3.2
1385.35 5.5
1386.56 4.0
1387.85 3.6
1388.66 2.5
1389.69 4.3
1391.33 5.5
1393.48 1.2
1396.48 12.6
1397.61 11.3
1398.31 3.9
1399.82 2.1
1401.98 2.1
1403.46 3.8
1405.99 1.3
1406.60 8.3
1409.78 2.4
1414.49 21.4
1415.61 30.7
1416.59 6.0
1418.08 1.3
1418.83 2.5
1427.37 4.6
1428.29 2.6
1429.69 1.2
1431.56 6.1
1432.75 18.6
1435.48 1.5
1443.75 4.6
1444.60 1.4
1446.13 10.0
1446.90 3.2
1449.58 2.6
1458.61 3.5
1461.84 1.3
1469.60 2.0
1471.72 1.6
1472.87 6.8
1476.47 4.8
1478.88 3.1
1482.05 3.2
1484.19 2.2
1499.69 3.6
1523.65 1.6
1527.01 1.2
