1023.4771 2
146.10 2.1
147.34 3.1
150.30 1.3
152.28 3.5
153.15 3.9
154.47 5.4
156.27 5.2
156.95 1.3
158.16 3.5
159.31 4.0
160.21 25.1
161.50 8.3
162.18 41.6
163.23 13.2
164.37 13.3
165.15 6.0
166.08 5.7
168.17 10.7
169.09 7.4
170.24 6.9
171.33 2.9
172.17 14.8
173.22 12.8
174.15 22.5
175.24 23.1
176.22 3.0
177.34 9.7
178.16 1.9
179.25 1.6
180.17 3.2
181.22 13.3
182.24 2.8
183.28 8.8
185.24 5.3
186.28 5.1
187.33 12.3
188.23 3.7
188.84 2.4
189.97 4.4
191.43 21.7
192.30 17.4
193.08 5.7
194.04 7.3
195.24 6.4
196.23 5.2
197.15 11.7
198.09 4.7
199.28 26.2
200.26 29.1
201.19 21.7
202.26 10.7
203.17 9.7
204.30 10.4
205.31 7.4
206.24 2.1
208.20 4.1
209.03 6.2
210.34 1.2
211.16 4.6
212.24 5.3
213.21 8.8
214.16 12.1
215.22 41.0
216.23 20.0
217.22 8.7
218.29 7.2
219.04 11.1
221.24 7.7
223.43 13.2
224.39 6.6
225.27 5.9
226.43 5.2
227.24 16.2
228.07 14.5
229.19 60.2
230.23 2.1
231.24 17.7
233.17 6.8
234.21 2.6
235.23 5.6
236.34 5.8
237.20 6.9
238.33 1.1
239.08 10.9
240.25 11.1
241.36 5.5
242.24 9.7
244.25 37.5
245.19 18.4
246.12 132.0
247.14 80.5
248.12 35.4
249.22 11.6
250.30 13.6
251.26 12.0
252.39 18.5
253.31 3.4
254.05 4.3
255.16 8.8
256.09 8.9
257.27 3.6
258.22 19.0
259.17 18.2
260.28 6.8
261.30 12.0
262.10 17.2
263.19 16.2
264.23 6.8
265.19 9.8
266.26 36.9
267.51 33.7
269.12 313.8
270.23 16.4
271.15 5.8
272.04 6.0
273.15 10.7
274.29 13.9
275.24 2.4
276.66 4.5
277.40 10.3
278.36 28.4
279.05 95.8
280.12 56.9
281.09 29.9
282.20 74.8
283.31 4.3
284.13 17.1
285.13 6.3
286.29 5.0
287.48 18.7
288.32 38.0
289.17 24.9
290.21 8.2
291.16 15.7
292.17 6.4
293.10 17.3
294.36 3.2
295.35 32.1
296.29 16.0
297.51 16.9
298.24 17.7
299.37 7.9
300.25 3.5
301.29 14.2
302.21 11.2
303.30 11.8
304.28 13.4
305.21 5.8
306.16 11.5
307.21 5.5
308.20 11.9
309.29 7.4
310.16 26.5
311.24 20.2
312.16 26.8
313.30 17.2
314.17 11.5
315.36 12.6
316.27 10.2
317.34 19.6
318.32 8.1
319.35 9.3
320.38 9.2
321.36 13.4
322.28 4.9
323.15 5.5
324.23 11.5
325.19 11.6
326.14 20.3
327.36 12.8
328.24 2.7
329.17 4.7
330.29 12.7
331.33 14.2
332.50 7.3
333.30 27.0
334.21 6.7
335.23 12.9
336.34 9.7
337.26 6.0
338.30 22.7
339.27 23.4
340.29 19.7
341.23 34.3
342.27 29.9
343.36 20.0
344.29 7.2
345.29 2.8
346.66 4.2
347.45 10.7
348.69 17.9
349.31 21.5
350.43 34.1
351.45 96.6
352.32 49.7
353.22 43.9
354.27 25.9
355.42 6.5
356.29 18.2
357.07 9.9
358.28 7.9
359.24 2.0
360.12 39.1
361.36 5.0
362.30 30.1
363.22 10.5
364.21 8.4
365.44 39.6
366.38 56.8
367.19 132.9
368.21 48.5
369.12 15.8
370.16 73.0
371.29 51.5
372.45 11.9
373.27 5.3
374.30 19.5
375.17 5.5
376.34 15.9
377.57 28.4
378.40 212.6
379.27 21.1
380.23 20.1
381.17 34.5
382.24 17.2
383.19 31.9
384.32 17.5
385.37 13.4
386.28 40.6
387.18 1.2
388.22 10.8
389.12 5.6
390.03 2.8
391.36 9.6
392.32 73.1
393.17 6.9
394.27 31.9
395.33 41.0
396.20 24.4
397.64 43.5
398.32 96.3
399.29 38.5
400.36 20.7
401.20 5.3
402.19 3.0
403.25 2.9
404.15 29.3
406.13 20.1
407.38 10.5
408.34 24.8
409.46 13.7
410.56 16.6
411.41 12.0
412.30 28.2
413.37 17.0
414.38 29.5
415.46 10.9
416.48 16.8
418.16 14.6
419.21 31.5
421.30 12.8
423.19 6.1
424.38 13.7
425.34 17.0
426.21 34.8
427.17 33.7
428.18 21.9
429.48 35.1
430.41 35.0
431.33 23.9
432.19 70.8
433.27 20.5
434.29 2.4
435.31 7.3
436.42 13.4
437.41 20.6
438.38 25.8
439.32 8.7
440.33 41.1
441.23 16.7
442.24 21.7
443.44 37.0
444.42 21.9
445.24 2.1
446.37 9.6
447.35 17.8
448.32 48.8
449.21 12.1
450.32 21.4
451.20 23.0
452.23 39.3
453.34 41.5
454.33 31.9
455.29 40.8
456.26 51.3
457.32 12.9
458.33 2.4
459.38 14.4
460.40 3.7
462.48 4.0
464.33 29.0
465.79 15.5
466.52 38.1
467.25 16.4
468.29 121.0
469.36 52.6
470.31 21.5
471.03 11.8
476.38 41.5
477.29 56.7
478.29 12.5
479.39 11.3
480.27 1.8
481.07 3.7
482.24 24.3
483.29 9.2
484.32 52.3
485.32 20.7
486.40 5.6
488.65 7.4
490.24 4.3
490.98 5.6
491.98 8.9
494.30 721.2
495.26 344.0
496.14 21.4
497.19 6.5
498.20 6.1
499.30 1.7
503.48 38.6
504.34 8.3
505.28 1.7
547.62 3.7
566.67 4.3
571.17 1.5
572.16 1.7
579.20 3.0
582.72 4.7
599.41 2.0
602.44 2.6
620.31 13.6
621.31 1.8
648.45 4.9
660.52 8.6
666.95 5.4
669.12 3.5
671.43 2.2
686.58 8.7
687.83 3.0
693.51 5.1
700.48 2.5
702.98 8.6
711.43 3.1
715.50 1.0
724.57 3.0
728.59 6.6
733.60 1.8
766.74 3.1
785.08 2.8
794.25 2.3
805.17 3.9
830.39 2.5
834.27 1.9
840.64 3.5
865.99 3.0
874.31 2.4
885.57 2.8
886.45 7.2
896.63 2.1
918.16 1.6
935.78 2.7
