1040.39372 2
157.17 1.0
158.26 1.1
161.27 2.0
165.14 2.8
169.51 1.2
175.39 7.3
177.04 1.4
182.33 34.7
186.28 4.9
187.16 28.8
188.09 5.9
204.09 55.6
205.27 5.0
206.10 1.5
209.34 4.3
214.10 1.2
217.20 1.8
221.13 20.0
222.29 9.6
223.31 5.3
225.14 1.1
232.24 2.3
237.32 3.9
242.36 2.8
243.28 4.2
248.05 1.6
250.16 6.1
251.13 1.9
252.43 1.7
255.32 11.1
257.30 9.2
258.19 42.4
259.21 3.2
262.17 37.8
265.12 10.5
266.03 12.3
271.07 1.9
275.20 64.5
276.25 5.5
281.05 691.6
282.12 690.2
283.07 48.7
285.34 4.6
287.39 1.3
288.15 1.1
296.27 4.0
298.04 25.2
298.84 23.9
299.80 31.6
300.93 2.2
302.12 1.5
307.25 8.6
309.29 1.2
313.24 3.5
314.20 8.9
316.88 4.0
317.81 3.5
319.26 3.5
324.00 2.0
324.92 1.9
326.10 5.5
327.09 4.0
329.34 4.2
330.40 2.9
332.28 1.5
339.28 4.2
340.21 1.3
341.23 13.0
342.09 31.0
343.07 6.5
347.41 4.5
349.36 1.9
351.22 1.3
353.22 2.5
354.27 1.7
357.12 1.3
358.54 13.0
359.38 6.2
364.10 5.5
366.13 5.6
370.38 1.6
371.39 4.2
372.44 3.3
373.17 2.7
374.52 16.3
375.43 2.7
377.74 11.1
384.75 31.6
385.40 3.3
386.05 4.3
387.14 1.7
388.91 4.3
393.22 2.8
394.54 14.2
396.11 6.5
397.08 6.7
398.20 9.5
399.71 3.7
401.96 3.1
403.30 2.9
405.12 26.4
405.91 2.7
407.04 8.4
409.55 9.9
410.30 7.3
410.92 5.0
411.73 5.5
413.25 8.1
415.10 25.2
416.01 61.2
417.08 4.4
417.76 10.8
419.29 117.8
421.67 30.2
422.57 5.6
423.26 1.6
424.44 2.4
425.06 4.3
426.41 15.6
427.12 27.2
430.19 41.7
430.86 1.5
432.00 51.1
432.84 21.0
434.43 3.5
436.07 17.8
437.08 29.2
438.31 12.8
439.67 16.1
440.96 97.6
441.97 15.3
443.34 9.7
445.72 148.3
446.63 16.9
447.66 5.8
448.51 4.7
449.72 84.0
450.36 26.0
451.08 6.4
452.48 14.0
454.73 470.8
455.37 148.4
456.35 16.3
458.09 5.6
459.80 9.3
462.09 38.5
463.05 15.5
463.81 24.7
464.86 7.2
466.68 4.1
467.86 39.7
468.51 6.8
470.79 31.1
472.21 3.5
473.08 11.3
475.05 1.4
476.58 43.7
477.32 32.3
480.11 31.6
480.97 28.8
481.74 12.7
483.23 9.1
484.13 3.8
484.98 17.4
485.74 8.7
487.71 11.6
489.10 25.4
490.24 37.5
491.20 8.1
491.82 6.2
493.44 3.3
494.27 23.5
495.02 25.8
498.20 67.1
498.92 16.8
500.43 1.6
503.08 406.3
503.91 651.1
505.08 47.9
506.08 12.7
507.80 4.8
508.54 28.5
509.54 22.3
512.10 809.3
512.76 56.1
513.52 4.8
515.39 1.6
515.99 5.0
516.61 1.9
525.18 1.3
533.50 3.1
537.27 4.5
540.34 2.3
541.45 2.0
544.43 5.7
545.36 2.0
549.12 3.0
550.49 1.8
551.21 4.8
555.11 3.8
562.45 20.3
563.37 7.7
564.35 18.4
565.91 7.4
566.60 3.6
567.46 1.2
571.26 2.1
572.87 3.2
574.40 1.5
575.63 2.2
578.40 2.7
582.39 2.5
584.30 3.1
585.29 15.0
586.26 3.4
588.51 3.0
589.13 3.7
590.13 10.7
591.65 14.3
592.59 2.0
593.34 4.8
594.41 1.7
596.13 154.6
597.23 25.3
601.34 6.2
603.27 2.3
607.30 5.9
611.87 2.5
619.46 4.3
622.42 9.3
623.79 4.2
624.40 5.9
628.84 15.9
636.25 8.5
637.36 7.8
639.31 2.7
640.16 6.1
648.56 10.2
649.46 5.1
651.15 1.7
654.31 2.9
656.30 6.1
657.54 8.7
658.99 11.0
662.45 5.1
663.94 10.2
665.15 11.8
666.09 10.3
666.70 1.4
667.46 10.9
668.58 1.1
670.36 11.7
671.72 2.2
672.41 4.0
675.51 2.0
677.08 13.0
678.24 5.7
679.02 2.9
680.99 11.3
682.53 2.1
684.75 8.4
687.70 10.8
689.27 2.5
692.54 6.2
693.37 16.3
694.87 6.1
695.88 6.9
699.04 13.7
701.53 1.7
703.43 3.9
704.21 4.5
705.85 10.6
706.77 1.8
707.86 7.2
709.43 2.9
710.72 2.0
714.25 3.7
715.36 19.9
716.43 9.4
717.44 3.8
722.36 1.4
723.66 14.8
727.27 50.2
728.44 14.8
729.10 9.3
731.30 19.2
732.50 5.1
735.48 4.7
736.24 6.4
738.12 1.0
739.06 6.5
739.70 1.2
741.47 2.8
743.73 8.6
744.56 27.0
745.43 2.4
746.67 2.1
748.13 19.6
749.24 132.2
750.35 51.1
755.54 1.3
761.27 69.3
762.34 25.4
763.21 10.9
764.23 3.8
766.26 391.7
767.33 118.9
768.13 1.5
776.27 3.5
779.65 6.1
780.55 5.4
782.54 1.1
784.52 1.5
790.15 2.8
792.35 1.9
795.32 1.8
797.66 1.8
802.60 5.9
807.32 25.9
808.50 28.2
809.32 1.4
810.29 2.4
814.64 4.5
815.60 2.5
816.47 2.5
818.52 11.6
819.69 22.0
820.48 2.5
821.34 7.0
822.43 1.3
823.96 2.9
824.66 2.8
825.41 5.8
835.44 43.0
836.82 69.4
837.47 89.5
838.39 58.4
840.65 1.7
841.44 7.1
842.42 14.5
843.49 2.3
847.33 2.4
849.35 2.0
851.55 2.0
853.36 2.2
855.30 1.3
860.40 9.6
861.47 3.2
862.44 1.1
865.49 2.2
868.56 3.8
869.70 2.4
873.42 7.0
874.59 8.2
876.67 5.1
879.33 6.4
880.36 20.7
881.59 5.6
883.56 6.7
885.53 2.9
886.55 2.9
889.37 8.1
890.43 51.1
891.50 14.5
892.62 1.8
898.38 7.9
899.48 3.0
904.44 3.4
908.38 1434.5
909.35 465.7
910.01 1.4
922.93 3.4
926.27 1.0
927.62 5.1
934.34 10.1
939.39 14.1
949.53 2.2
950.39 4.9
951.47 5.8
952.56 4.3
953.53 4.2
964.85 3.2
1000.86 2.7
