872.5572999999999 2
128.01 1.6
133.12 1.5
136.08 6.1
140.14 1.8
155.16 15.1
156.27 7.4
159.28 3.8
161.34 1.8
173.12 3.3
175.01 5.6
178.26 25.4
179.14 3.9
183.17 6.3
193.38 2.9
195.04 1.7
196.25 1.5
198.09 1.7
200.40 2.3
201.02 2.7
203.04 1.5
206.18 6.3
207.12 5.9
208.28 2.5
209.19 3.8
210.18 7.6
211.27 2.6
214.31 4.2
217.26 2.5
219.17 7.0
221.00 4.4
223.29 9.2
225.35 5.2
226.37 4.4
230.42 1.9
239.29 2.8
242.00 2.9
243.17 4.0
246.05 3.0
253.36 36.6
254.22 70.9
255.18 13.7
256.18 7.8
264.18 6.6
265.05 8.2
270.20 5.4
271.42 7.9
272.12 7.9
273.04 4.0
277.15 2.3
279.24 3.7
280.16 6.4
282.20 11.7
284.29 4.6
287.22 2.7
288.33 17.0
289.66 16.1
291.16 25.0
295.18 2.6
300.45 7.2
304.47 2.1
305.28 1.9
306.26 2.6
307.29 2.4
308.23 3.1
309.38 2.3
310.40 1.6
316.35 2.4
319.24 30.5
320.15 8.6
322.31 103.3
323.22 11.5
324.06 9.4
325.57 4.4
330.91 16.9
332.31 2.6
333.20 1.8
334.56 1.5
336.90 10.3
337.65 7.6
339.12 10.5
342.89 19.7
344.75 4.0
347.61 7.7
348.67 3.8
351.05 4.9
353.82 2.4
354.80 29.0
355.65 8.5
362.61 3.6
364.34 4.9
365.36 4.0
366.26 6.9
367.77 2.0
368.53 1.2
370.38 4.6
371.52 11.6
373.99 7.1
375.42 1.5
378.96 2.7
379.69 7.4
382.33 8.8
384.34 3.7
390.17 8.5
391.26 7.4
391.95 3.5
392.59 8.7
393.25 11.9
394.61 1.4
397.45 6.3
398.92 20.0
401.37 9.2
402.43 3.0
406.42 6.3
408.35 6.9
409.38 11.6
410.05 1.4
412.94 19.5
414.31 11.0
414.96 5.9
418.30 102.7
419.20 105.5
420.32 21.2
421.17 4.0
421.77 2.4
427.77 95.6
428.43 82.0
429.44 4.2
434.65 3.1
436.88 4.8
449.24 3.0
457.05 1.3
485.20 9.0
509.26 1.2
513.25 4.1
519.38 3.4
532.39 6.7
542.43 3.7
561.52 1.5
579.38 1.1
584.75 3.2
597.33 5.4
603.29 4.3
606.36 5.0
608.63 5.4
611.57 7.9
630.90 3.0
644.69 2.6
667.70 4.9
672.51 1.9
673.75 5.3
675.50 1.3
683.31 2.9
698.65 5.5
710.12 9.8
717.53 2.1
726.49 5.3
728.51 3.5
744.60 18.5
745.40 11.7
746.36 1.4
758.87 1.9
762.49 1.9
771.70 3.4
810.65 1.3
833.03 4.4
836.47 3.0
849.41 5.1
