2035.005950000001 3
193.26 3.0
195.11 5.0
196.01 2.5
197.20 5.0
198.22 4.1
199.44 7.8
200.24 1.5
201.16 12.4
202.29 9.7
205.32 1.4
207.28 1.5
208.10 5.6
209.18 8.7
210.44 14.8
211.16 19.6
213.24 6.9
214.09 21.8
216.23 4.8
217.31 1.5
219.32 3.7
221.31 1.6
222.55 4.8
223.29 2.1
225.17 24.1
226.02 9.1
227.15 67.9
228.13 44.0
229.22 3.2
230.31 6.5
231.16 10.2
232.47 3.4
233.49 8.5
234.25 1.2
239.09 116.5
240.22 51.4
241.26 14.5
242.07 16.6
243.39 3.0
244.23 7.0
245.14 7.4
246.15 5.5
248.24 6.2
251.11 5.3
253.25 16.1
254.43 4.9
255.55 5.3
256.25 9.5
257.29 11.8
258.17 15.4
259.18 6.6
260.08 4.1
261.38 9.9
262.41 24.1
263.33 13.5
264.18 4.0
265.15 7.1
266.16 3.8
267.18 5.2
268.24 18.3
269.53 8.2
270.32 28.2
271.24 10.4
272.49 10.7
273.29 3.0
274.73 15.0
276.12 12.4
277.26 9.5
278.18 5.0
279.29 17.8
280.21 17.7
281.11 2.2
282.03 10.5
284.08 118.5
285.26 54.9
286.34 20.7
287.31 8.7
288.62 3.2
289.28 2.5
291.24 11.3
292.24 6.7
293.49 2.5
294.50 3.9
295.15 2.9
296.26 24.2
297.04 12.4
298.20 221.3
299.25 23.7
300.17 5.1
301.30 3.3
302.97 9.0
303.71 6.2
305.03 4.0
306.44 1.5
307.24 3.5
309.23 4.3
311.41 22.3
312.29 30.3
313.07 30.5
314.18 10.1
315.23 11.6
316.21 4.2
317.18 4.9
318.33 6.9
319.24 2.5
320.39 10.0
321.14 4.1
322.26 11.6
323.29 12.6
324.23 11.8
325.51 17.0
326.30 9.3
327.28 54.0
328.31 12.4
329.31 13.5
330.25 24.8
332.13 19.7
333.27 7.1
334.72 9.3
335.39 2.1
336.51 2.8
338.28 224.3
339.26 67.2
340.30 36.7
341.25 45.2
342.22 31.3
343.40 13.2
345.25 5.9
346.51 15.4
347.11 1.2
348.21 12.5
349.27 31.6
350.19 12.1
351.35 14.4
352.46 11.1
353.15 15.8
355.32 104.5
356.33 77.6
357.18 28.3
358.73 11.2
359.51 7.6
361.46 11.6
362.24 14.1
363.38 2.1
364.25 9.9
365.24 10.8
366.28 10.8
367.29 45.8
368.20 16.1
369.15 6.4
370.28 44.9
371.05 11.0
374.82 4.7
377.08 16.2
378.32 11.6
379.43 9.9
380.18 4.9
381.45 36.2
382.28 15.6
383.31 214.7
384.22 192.7
385.27 945.3
386.22 152.1
388.34 1.9
389.27 8.5
390.36 31.1
391.09 16.1
392.46 54.6
393.35 5.5
395.26 300.2
396.27 134.1
397.41 16.2
398.26 76.3
399.02 53.9
400.09 25.8
401.43 18.8
402.47 5.6
403.90 68.8
405.11 28.7
406.31 5.2
407.24 11.5
408.25 2.4
409.33 11.2
410.41 36.2
412.46 255.8
413.39 119.7
414.14 6.9
415.32 6.6
416.38 11.3
417.24 4.6
418.18 10.0
419.15 3.7
420.03 4.9
422.14 4.7
423.50 11.0
424.37 13.1
425.53 5.3
426.38 20.3
427.34 11.6
428.40 34.7
430.39 7.8
431.44 12.3
433.12 13.4
434.24 9.8
435.33 9.6
436.44 2.2
437.61 10.0
438.28 45.8
439.77 74.1
440.50 198.5
441.32 177.9
442.34 19.0
443.51 13.7
445.41 3.6
446.37 10.5
447.05 44.9
448.06 34.6
449.36 58.2
451.02 25.2
452.22 94.1
453.16 43.2
454.19 17.8
455.37 144.2
456.03 27.8
457.28 6.4
458.76 8.6
459.69 21.2
460.46 105.6
461.26 12.2
462.12 5.4
463.22 5.7
464.44 22.4
466.23 77.9
467.28 21.4
469.41 836.3
470.34 128.4
471.56 9.2
472.57 15.6
473.61 19.0
474.45 7.8
475.37 21.3
476.26 11.2
477.27 3.8
479.48 23.7
480.52 14.8
483.06 32.8
484.30 904.1
485.31 138.1
486.42 23.7
487.21 16.1
488.35 5.9
489.00 1.2
490.38 28.8
491.63 4.2
492.65 64.7
493.35 22.2
494.42 4.3
495.23 15.4
496.62 34.3
497.31 256.8
498.41 157.2
499.21 1.9
500.06 34.6
501.03 10.1
502.36 29.7
503.66 46.1
504.63 22.4
505.43 3.3
506.30 6.1
507.12 6.1
508.44 121.5
509.35 96.1
510.28 92.3
511.41 42.4
512.64 42.9
513.46 20.8
514.99 21.8
516.34 31.1
517.63 116.6
518.42 9.0
519.33 30.3
520.27 23.1
521.26 13.1
522.28 12.3
523.18 11.1
523.91 17.5
524.62 18.1
526.46 396.5
527.58 60.6
528.81 10.0
529.50 13.5
530.38 18.8
531.64 24.3
532.37 14.3
533.32 33.7
534.35 17.2
535.28 28.1
536.05 20.3
536.66 2.6
537.39 6.9
538.49 11.0
539.21 20.7
540.83 206.4
541.59 196.2
542.46 22.5
543.50 27.4
544.36 20.4
545.07 22.6
546.00 21.0
547.22 55.0
548.13 49.5
548.95 21.8
549.96 171.5
551.06 47.6
552.16 56.5
553.21 30.9
554.55 23.9
555.85 32.1
556.62 31.9
557.50 32.5
558.38 7.4
559.59 53.9
561.09 261.7
562.21 61.7
563.04 39.7
564.34 51.0
565.51 91.4
566.46 46.9
567.35 32.8
568.79 70.4
570.09 328.3
570.88 11.3
571.55 10.4
572.24 30.7
573.34 26.0
574.44 26.0
575.52 83.1
576.31 37.8
577.22 68.5
578.16 65.0
578.86 68.0
579.74 48.1
581.21 25.8
582.40 40.0
583.36 890.9
584.34 253.3
585.32 49.1
586.16 21.5
587.83 40.5
588.78 24.9
589.71 42.0
590.57 20.9
591.84 24.9
592.60 17.4
593.43 7.1
594.15 24.4
594.98 21.9
596.48 48.2
597.62 195.2
598.49 129.6
599.25 43.2
600.02 71.8
601.16 61.6
602.10 42.0
603.25 55.6
604.19 88.3
604.93 22.0
605.54 78.1
606.47 153.0
607.48 39.3
608.84 27.2
610.28 60.2
611.13 107.5
612.09 134.9
613.20 122.8
614.03 50.2
615.30 118.8
616.41 317.9
617.52 43.9
618.71 33.0
619.62 104.2
620.30 112.7
621.15 83.6
622.27 49.4
623.29 38.8
625.15 795.1
626.08 310.3
627.35 64.1
628.74 31.7
629.47 64.7
630.52 85.6
631.64 24.6
632.46 37.7
633.87 973.0
634.53 817.9
635.51 63.4
636.17 53.6
637.26 56.5
638.74 68.7
639.82 11.1
640.61 28.6
641.72 27.3
642.59 305.7
643.63 185.8
644.49 141.4
645.41 40.5
646.67 29.8
647.85 75.3
648.81 60.9
649.95 60.4
650.95 45.9
651.75 35.7
653.11 135.3
654.26 50.2
655.20 70.1
656.34 192.1
657.40 118.7
658.64 105.2
659.61 112.5
660.55 242.3
661.44 776.3
662.35 168.9
663.41 155.9
664.26 70.4
665.12 238.3
666.06 45.5
667.01 349.1
667.73 1119.7
669.73 522.8
670.66 119.1
671.62 10.6
674.73 2.4
675.53 3.8
686.68 2.4
687.57 6.3
688.44 6.0
689.77 10.7
690.87 9.0
692.78 19.1
693.60 29.8
694.43 10.2
695.31 9.7
696.00 25.6
697.51 45.2
698.77 30.4
700.14 11.9
700.80 49.6
702.29 1.4
703.19 32.2
704.60 57.5
705.65 3.6
706.74 22.3
707.42 14.2
709.12 80.9
710.10 106.8
711.41 85.1
712.65 67.3
713.86 49.7
714.64 4.8
715.48 17.0
716.53 23.7
717.80 169.0
718.51 328.6
719.48 51.2
721.34 5.1
722.42 16.2
723.30 5.3
724.50 12.4
725.68 7.7
727.14 1219.1
728.11 125.6
729.25 14.1
730.88 3.1
731.58 7.3
733.41 84.5
734.27 62.3
735.11 23.3
736.34 6.6
737.34 32.8
738.27 36.0
739.42 63.1
740.47 22.3
741.27 6.8
742.47 19.9
743.54 101.6
744.25 41.0
745.60 14.9
746.75 32.4
747.74 6.9
748.49 3.6
749.31 9.1
750.29 30.1
751.22 56.7
752.51 11.6
753.54 42.3
754.51 5.0
756.37 9.2
757.73 25.7
758.76 99.1
759.63 36.4
760.62 16.6
761.79 18.8
762.70 45.6
763.69 32.0
764.52 9.7
765.26 33.2
766.50 64.1
767.77 340.7
769.31 1162.8
770.44 287.8
771.46 57.0
772.22 20.8
773.36 47.9
774.04 10.6
774.64 30.3
776.64 1786.4
777.56 188.3
778.53 31.4
779.56 14.6
780.57 29.3
781.29 1.5
782.15 7.0
783.19 14.2
784.23 20.1
785.38 42.1
786.40 15.1
787.26 24.0
788.41 26.6
789.32 16.2
790.37 18.6
791.82 14.3
792.67 13.7
794.80 39.7
795.56 43.8
796.58 32.7
797.51 13.1
798.62 29.7
799.67 61.2
800.61 41.1
801.54 26.4
802.56 54.7
803.59 41.6
804.35 74.2
804.98 60.0
806.29 42.8
807.37 41.5
808.31 58.4
809.29 124.3
810.33 33.7
812.17 42.8
813.04 21.2
813.92 51.2
815.12 45.0
816.00 58.2
817.09 188.8
817.83 345.8
818.85 42.8
820.48 60.6
821.33 28.9
821.99 2.8
822.59 17.9
824.39 455.0
826.17 3481.7
827.02 245.4
827.96 28.1
829.04 93.4
830.06 130.3
831.25 23.5
832.29 35.7
832.95 40.2
834.15 83.7
834.91 11.5
835.60 17.5
836.57 40.5
837.78 131.4
838.75 72.4
839.55 18.9
840.23 5.0
841.23 7.8
842.29 65.6
843.35 19.6
844.20 58.0
845.43 31.0
846.51 7.7
847.89 39.8
848.70 23.0
849.68 27.3
850.43 23.2
851.75 41.7
852.71 20.8
853.52 24.6
854.60 29.4
855.63 105.1
856.78 64.0
857.67 42.9
858.80 80.8
859.76 74.6
860.87 264.4
861.73 65.4
862.75 28.9
863.60 15.6
864.64 31.2
865.46 28.1
866.47 103.5
867.35 159.6
868.18 49.1
869.72 1263.5
870.66 161.8
871.72 26.7
872.38 16.8
873.01 23.4
873.72 1.6
875.67 33.9
876.66 44.0
877.41 31.8
878.62 39.4
879.62 67.8
880.65 93.1
881.50 25.8
882.31 15.0
883.30 8.8
884.76 20.0
885.44 16.9
886.41 7.4
887.42 58.4
888.18 10.0
888.81 25.4
890.87 29.3
892.19 34.8
893.48 14.5
894.45 28.9
895.09 26.4
896.15 168.0
897.45 209.6
898.53 90.7
899.45 33.2
900.29 33.9
901.80 35.9
902.59 15.5
903.78 11.7
904.88 136.9
905.65 218.6
906.56 2.2
908.45 10.7
909.73 25.3
910.49 20.9
911.41 39.2
912.42 20.2
913.05 6.4
914.30 18.2
915.50 131.1
916.35 32.0
916.98 12.5
917.70 19.4
918.57 16.3
919.58 19.8
920.46 15.1
921.42 15.2
922.31 35.9
922.94 35.5
923.70 36.6
924.45 3.7
925.45 54.0
926.61 26.6
927.96 19.5
928.98 13.3
930.36 78.0
931.32 269.0
932.24 120.2
933.45 6.2
934.59 27.6
935.41 4.7
936.73 35.0
937.50 372.1
938.56 181.6
939.32 25.7
940.73 539.6
941.62 82.6
942.59 13.8
943.82 52.6
944.72 55.7
945.66 44.2
946.32 2.0
947.25 11.5
948.50 3.7
949.61 8.0
950.63 21.7
951.64 22.8
952.76 51.5
953.86 26.5
955.11 10.8
955.78 3.3
956.68 8.2
957.52 8.4
959.43 23.9
960.34 8.4
961.42 38.9
962.23 33.7
963.48 4.8
964.50 2.6
965.33 21.6
966.55 83.6
967.45 41.3
968.37 13.2
969.48 18.5
970.66 23.7
971.46 19.1
972.42 36.1
973.39 17.2
974.59 2.6
975.30 8.4
976.47 23.0
977.57 13.2
978.91 53.7
980.03 17.5
980.67 13.6
982.67 10.5
984.46 278.7
985.57 106.1
986.40 20.4
987.52 5.6
988.47 6.9
989.71 8.3
990.38 7.4
991.96 11.8
992.79 13.8
993.44 1.7
994.29 11.6
996.28 5.3
997.72 3.2
998.75 14.7
999.77 15.8
1000.95 5.3
1001.61 5.9
1003.98 15.2
1004.66 2.6
1006.48 4.8
1008.73 11.9
1009.58 18.9
1010.56 19.5
1011.50 11.6
1012.58 13.2
1013.28 5.3
1013.97 12.9
1015.72 9.7
1016.57 9.2
1017.38 1.4
1018.32 1.7
1019.13 11.9
1019.87 2.4
1020.79 3.6
1022.05 3.2
1022.73 8.1
1023.62 2.3
1024.70 28.1
1025.51 20.0
1026.64 3.6
1027.51 8.1
1028.64 11.7
1029.57 10.8
1030.56 8.6
1031.50 8.5
1032.57 4.6
1034.63 7.7
1035.64 7.8
1036.58 10.5
1039.32 8.3
1040.58 4.6
1041.44 8.1
1042.44 2.0
1043.79 17.1
1044.82 6.3
1045.85 14.2
1046.61 10.2
1047.42 5.5
1049.71 19.5
1051.41 122.0
1052.50 38.1
1053.53 16.0
1054.54 5.0
1055.77 5.8
1057.16 15.2
1058.47 15.0
1059.52 12.9
1060.60 10.5
1062.51 8.0
1063.48 13.8
1064.27 46.6
1065.30 14.5
1067.81 4.7
1068.51 12.2
1071.34 1.3
1072.26 2.7
1072.94 8.9
1074.99 5.9
1076.15 8.1
1077.45 2.9
1078.68 26.5
1079.63 19.2
1080.63 108.6
1081.64 218.0
1082.61 99.4
1083.49 12.5
1084.31 11.6
1085.66 22.3
1086.64 14.7
1087.66 13.8
1088.71 13.1
1089.81 6.9
1090.60 11.1
1091.54 5.6
1092.55 18.0
1093.59 13.0
1094.57 25.5
1095.57 6.5
1096.35 9.6
1097.45 27.7
1098.57 405.3
1099.51 203.9
1100.38 26.0
1102.66 5.4
1103.52 2.2
1104.41 4.4
1105.17 2.3
1108.53 5.0
1109.70 5.8
1110.72 10.2
1111.50 9.5
1112.75 4.7
1113.66 6.0
1115.51 1.4
1116.43 5.2
1118.36 1.3
1120.59 29.0
1121.40 20.7
1123.63 10.5
1124.72 2.9
1125.52 8.8
1126.52 1.8
1127.74 11.3
1128.67 5.3
1129.88 12.7
1130.91 19.1
1131.73 13.2
1132.66 2.4
1133.73 10.7
1134.46 2.7
1135.94 12.8
1136.59 5.2
1137.67 5.9
1138.70 19.9
1139.55 27.2
1140.56 3.2
1141.58 7.2
1143.36 8.6
1145.56 11.9
1147.80 6.3
1149.16 6.6
1151.87 1.4
1153.64 3.0
1155.32 38.1
1156.42 3.0
1157.72 10.7
1158.80 2.4
1159.60 2.3
1161.42 1.9
1163.66 4.8
1165.78 7.6
1166.74 10.5
1168.80 4.8
1169.52 8.1
1172.56 4.3
1176.22 10.0
1177.90 3.1
1178.78 8.3
1180.54 2.5
1181.68 5.5
1182.46 3.3
1183.53 3.8
1184.50 3.5
1186.23 2.7
1188.88 5.2
1190.57 4.1
1191.59 5.5
1194.56 65.3
1195.58 14.0
1196.50 10.3
1197.52 12.9
1199.93 6.0
1200.73 3.9
1205.58 1.6
1209.15 18.3
1209.92 5.4
1210.77 6.5
1211.69 43.2
1212.60 23.0
1213.66 10.4
1215.05 17.8
1215.72 1.8
1216.72 9.3
1222.69 19.2
1224.59 6.0
1225.47 10.6
1226.39 7.8
1227.69 2.7
1232.65 3.2
1233.46 3.8
1235.58 2.7
1238.51 2.1
1239.16 2.2
1239.77 4.2
1240.49 2.9
1243.45 9.2
1248.67 1.8
1249.61 11.7
1250.90 12.9
1251.72 8.2
1253.79 1.3
1254.90 1.4
1255.71 5.6
1257.54 8.2
1259.40 7.5
1260.42 8.7
1261.52 4.3
1266.44 26.2
1267.44 16.0
1268.06 10.5
1269.60 4.4
1277.28 4.6
1278.53 15.6
1279.57 22.0
1280.95 3.6
1283.22 7.0
1287.49 1.6
1290.41 2.5
1295.96 5.1
1296.61 2.7
1313.43 5.1
1316.12 3.4
1320.38 5.3
1322.58 3.6
1324.80 2.6
1330.70 6.2
1337.55 1.4
1340.59 3.0
1350.46 5.8
1352.03 14.4
1352.90 3.7
1359.93 8.2
1361.30 2.3
1365.54 2.1
1377.73 6.8
1378.82 8.8
1379.51 8.1
1380.69 1.5
1394.81 3.3
1417.63 5.0
1425.38 1.5
1428.78 1.4
1429.48 2.8
1435.01 7.8
1436.69 7.0
1439.24 3.0
1444.58 1.4
1459.60 4.5
1460.64 3.4
1466.34 3.1
1469.77 1.7
1476.61 5.6
1477.62 2.7
1491.66 8.1
1493.95 5.6
1496.70 3.3
1497.69 1.3
1503.26 1.2
1503.91 2.8
1523.89 1.2
1547.88 1.6
1562.59 2.0
1563.69 1.7
1564.72 6.2
1565.96 3.7
1573.12 1.8
1582.90 2.0
1591.85 3.3
1655.74 1.3
1668.84 4.2
1706.12 7.1
1707.44 2.4
1796.94 3.8
1889.83 1.9
