1051.4574 3
101.11 3.5
102.38 4.0
110.45 1.0
115.02 7.3
129.28 2.6
130.30 5.0
133.13 122.0
134.30 2.2
135.01 2.3
136.97 2.1
139.21 3.0
141.09 3.0
143.11 9.4
144.21 3.5
156.95 2.8
159.09 2.1
160.25 4.4
165.24 2.0
171.15 1.0
175.07 11.2
177.10 1.3
179.13 1.2
185.08 2.4
186.11 2.5
187.29 11.9
188.11 1.2
193.31 4.8
195.31 1.6
197.17 6.8
200.04 1.2
205.66 4.1
207.29 1.8
211.27 14.7
213.32 1.5
214.14 4.2
214.84 1.1
216.34 1.5
219.23 3.9
222.53 4.3
223.21 18.0
224.34 3.1
225.33 2.0
227.30 9.1
228.04 2.7
228.73 4.1
230.30 3.0
231.26 3.7
232.06 5.9
233.24 4.6
234.63 1.8
235.27 1.1
236.33 6.6
237.26 9.5
239.26 2.1
241.20 57.3
242.29 17.2
243.36 1.5
244.31 4.4
245.95 15.4
246.73 4.3
248.46 1.6
249.36 19.0
250.11 1.0
251.22 3.7
253.07 2.2
254.46 4.4
255.11 5.9
255.84 7.4
256.55 1.3
257.23 19.7
258.14 39.6
258.92 4.3
261.98 2.9
268.06 10.3
268.86 7.7
270.33 11.8
273.12 38.5
274.47 15.3
275.14 87.1
276.15 2.1
277.11 1.6
277.91 7.6
279.01 20.8
280.18 3.8
281.92 2.0
284.72 1.9
287.28 2.7
288.30 2.6
289.59 1.5
290.94 12.9
293.48 2.1
295.47 21.0
296.85 14.1
297.88 21.7
298.67 7.0
301.30 2.6
303.63 152.6
304.48 19.2
305.38 15.2
307.36 39.5
308.91 12.6
310.15 3.6
311.16 1.7
312.61 111.9
313.36 46.1
315.87 72.6
316.53 15.3
318.05 23.4
318.90 5.4
320.17 5.9
321.68 76.5
322.44 2.5
323.15 6.1
324.02 20.6
326.47 21.2
327.31 224.4
328.14 2.8
329.65 39.8
330.53 71.2
331.95 24.7
333.26 74.8
334.09 43.3
335.31 26.7
336.14 160.0
336.91 57.6
338.84 35.4
339.71 146.9
340.73 5.1
341.96 385.4
343.00 19.4
344.53 26.9
345.21 5.6
353.73 2.0
357.21 6.6
358.57 6.7
361.68 3.2
364.18 1.5
366.97 17.2
369.30 3.6
370.24 1.6
372.56 15.0
373.35 28.6
374.27 13.5
375.31 22.0
376.60 34.5
377.45 1.0
379.63 11.1
380.60 18.8
381.74 8.1
383.18 6.5
383.82 4.5
384.50 2.5
388.11 13.3
389.21 29.6
389.83 5.5
392.43 2.0
393.99 14.2
395.54 15.8
397.82 170.4
398.98 3.3
400.26 3.2
401.15 10.6
402.01 15.4
403.17 51.1
404.15 15.0
404.99 9.6
405.89 5.4
406.61 2.8
407.39 4.8
409.11 1.5
409.85 58.4
410.72 11.8
411.89 6.0
415.45 18.6
416.11 19.5
418.12 12.6
419.51 8.9
420.65 34.3
421.29 14.6
424.04 27.3
424.76 34.7
425.36 26.0
426.52 16.2
429.04 8.2
429.77 6.7
433.31 171.3
434.36 20.1
437.25 27.5
438.25 9.4
439.21 14.8
440.27 4.0
441.31 18.0
443.46 3.6
444.42 14.9
446.09 82.2
446.82 33.1
447.77 9.9
451.09 59.4
451.90 76.6
452.54 5.8
453.39 11.0
454.65 66.4
455.33 61.3
456.19 8.1
457.47 6.4
458.13 5.1
460.10 294.0
460.78 68.8
462.20 11.1
467.82 24.1
468.87 1453.1
469.90 11.8
470.62 1.6
471.30 5.9
472.55 8.8
473.41 11.2
474.65 9.2
475.77 23.0
477.11 100.7
482.00 71.7
490.73 26.4
491.36 4.3
492.42 4.7
493.72 6.8
494.75 8.6
495.36 10.6
496.79 7.2
500.07 2.5
501.87 2.5
503.39 13.4
504.13 8.0
509.04 9.7
512.26 1.1
513.06 2.5
515.30 13.0
516.19 9.8
517.64 52.1
518.44 19.3
520.36 13.6
521.21 1.0
522.41 4.6
537.30 17.0
539.51 3.9
541.17 1.1
542.32 4.1
543.57 3.3
544.42 1.7
547.18 9.7
561.19 2.0
563.36 6.6
564.40 6.6
572.44 3.2
576.25 1.7
579.18 2.1
580.40 4.3
581.20 6.4
590.50 1.4
591.17 2.1
592.44 15.7
593.40 5.2
595.48 2.0
596.28 4.7
608.29 20.4
624.53 7.9
631.60 2.4
634.12 2.5
643.44 2.4
645.24 9.2
646.24 2.1
648.41 8.5
650.54 3.9
662.29 8.3
663.97 4.0
672.41 4.7
676.47 3.5
677.28 1.9
678.01 3.2
683.26 2.6
691.52 1.4
694.30 1.4
695.19 4.2
704.40 3.7
705.38 5.1
716.85 6.1
721.30 6.6
731.55 3.0
733.27 5.7
734.53 1.5
736.61 4.5
760.33 8.2
778.12 2.2
782.56 3.6
786.00 4.0
793.36 3.4
794.56 1.2
804.36 57.7
805.58 15.6
818.51 1.5
820.44 5.7
823.64 4.0
828.56 3.5
829.39 1.2
830.57 3.1
835.48 16.3
845.70 2.9
846.39 1.4
848.18 5.3
863.37 15.4
864.16 12.7
889.02 1.5
889.96 1.1
892.51 3.3
