2279.167389999999 3
213.24 5.2
215.20 9.3
217.15 11.1
221.11 12.1
222.03 3.6
223.23 17.3
225.17 24.0
226.11 9.5
227.20 19.1
228.07 9.1
229.12 34.9
230.15 123.5
230.99 15.8
231.63 8.9
235.28 23.2
235.89 7.4
238.15 12.3
239.22 14.4
240.34 20.4
241.07 23.2
243.09 18.1
244.25 26.7
245.18 25.7
246.22 228.6
248.15 3.7
249.42 29.0
252.08 11.6
253.20 5.9
256.23 7.0
257.42 56.6
258.19 60.5
259.32 7.9
262.33 12.6
262.98 14.2
264.22 11.0
266.20 13.0
267.30 23.4
268.25 19.8
269.19 4.6
275.15 10.0
276.32 39.9
277.36 5.5
278.09 3.8
279.14 6.6
280.32 6.5
281.18 27.8
282.20 38.6
283.08 92.0
284.19 40.9
285.33 10.9
286.40 4.3
287.38 20.6
288.32 48.6
289.28 14.3
291.34 6.5
293.36 10.2
295.07 14.5
296.15 9.4
296.86 29.1
298.45 6.9
299.30 46.6
300.24 57.1
301.16 121.5
302.24 9.5
304.08 3.3
307.20 3.2
308.26 5.4
310.33 11.7
312.23 7.4
313.23 9.4
315.20 123.6
316.35 17.8
317.31 232.8
318.25 46.9
320.04 28.4
321.10 3.5
322.26 5.8
324.36 14.1
326.75 18.1
328.27 10.6
331.31 12.7
332.26 4.1
333.15 4.3
336.29 6.4
337.06 87.1
338.23 6.2
339.47 26.1
340.26 5.6
340.91 13.2
342.21 66.8
343.25 20.3
346.62 32.5
349.73 45.8
350.47 23.8
351.45 31.2
352.23 17.6
353.20 20.3
354.17 27.9
355.13 12.3
357.13 13.9
358.11 31.9
359.41 27.0
360.24 105.8
362.81 9.2
363.92 6.2
366.32 4.5
367.19 9.0
368.51 4.0
369.37 11.7
370.39 23.2
372.28 113.7
375.32 12.1
376.35 7.2
379.38 3.7
382.28 14.1
383.94 22.4
385.37 50.7
386.28 34.6
387.28 21.6
389.05 19.8
390.43 8.3
393.21 81.4
394.30 63.9
395.28 23.1
396.44 28.0
397.12 49.6
399.13 22.1
401.30 318.9
402.07 114.2
404.39 4.9
405.32 10.1
407.50 7.2
409.26 25.7
410.29 133.0
411.22 53.9
412.23 192.0
413.32 100.4
414.29 393.6
415.42 59.0
416.30 16.7
419.35 4.5
420.39 18.6
421.81 21.4
426.20 11.8
427.48 38.0
428.38 17.7
429.27 113.2
430.18 161.7
431.29 2417.1
432.32 467.9
433.23 32.1
436.79 21.8
437.58 76.0
438.29 3.7
440.23 13.8
441.35 51.1
442.34 9.6
443.27 17.7
444.25 5.4
445.67 86.7
446.86 45.6
447.60 9.3
448.20 6.4
449.38 17.4
450.51 9.2
451.81 51.9
452.57 11.7
454.33 17.5
455.32 19.2
457.01 74.4
457.79 27.8
458.46 9.1
459.68 371.1
460.38 116.8
461.42 19.1
463.25 3.8
464.33 15.4
466.25 80.9
467.10 19.7
468.37 35.5
469.58 22.1
471.51 38.7
472.25 26.6
473.28 136.7
474.35 36.5
475.05 128.4
475.77 6.2
476.54 26.3
477.41 65.8
478.32 34.9
480.31 35.9
481.32 3.1
482.32 3.2
484.69 35.5
485.81 19.2
489.10 57.3
490.35 109.7
491.59 14.7
492.60 26.3
493.40 66.1
494.38 3.8
496.34 22.5
497.26 21.1
498.29 28.4
500.21 48.7
501.36 4.1
502.31 62.0
503.05 6.3
505.51 28.2
506.41 31.1
507.45 40.6
508.60 62.0
509.34 21.7
510.26 27.6
511.14 43.2
514.15 287.8
515.72 83.0
516.46 429.9
517.83 49.6
518.94 10.2
519.54 11.5
521.39 8.9
522.60 96.8
523.30 186.0
524.04 101.5
525.41 70.7
526.32 169.0
527.34 84.8
528.47 55.2
530.42 15.8
531.94 189.5
532.71 58.5
533.55 14.2
534.45 54.4
535.27 16.4
536.39 30.8
537.47 9.4
538.29 37.5
539.41 11.2
540.26 57.2
541.31 130.0
542.71 223.0
543.45 320.5
544.42 3606.8
545.46 598.2
546.25 28.6
548.49 13.6
549.40 4.5
550.35 21.4
551.69 366.5
552.32 162.9
553.25 29.7
554.45 14.2
555.33 25.4
556.26 12.2
557.52 32.6
558.35 169.2
559.26 111.4
560.37 520.0
561.05 167.1
561.84 15.2
563.43 22.9
564.55 13.4
566.81 89.2
567.57 37.2
568.37 23.9
569.06 4.3
571.20 76.8
571.92 130.8
573.54 45.6
574.28 28.8
576.24 98.9
577.28 48.1
578.25 10.6
579.70 165.9
580.98 1769.2
582.03 109.6
582.78 60.9
583.54 42.3
585.15 12.1
586.06 41.9
586.97 45.3
588.20 57.9
589.14 42.6
590.23 27.1
591.39 112.3
592.42 40.3
593.43 20.8
594.55 10.4
595.52 119.4
596.51 22.8
597.93 39.2
598.67 44.0
599.39 28.2
600.60 99.5
601.31 14.0
603.32 125.0
604.50 46.4
605.63 39.6
606.28 9.4
607.57 201.6
608.72 84.0
609.45 386.3
610.19 142.4
611.36 36.0
613.43 35.2
614.37 62.7
615.85 237.6
616.68 590.5
617.48 58.0
618.69 21.5
619.33 15.0
620.28 25.3
621.42 4.8
622.81 11.1
623.72 40.4
624.82 371.6
625.54 194.4
626.40 8.3
627.76 94.8
628.59 51.4
629.61 20.7
630.35 62.7
631.21 30.0
632.26 58.8
633.43 51.0
634.81 27.8
635.64 26.6
636.46 124.7
637.32 80.8
638.15 54.1
639.58 32.3
640.46 24.8
642.04 117.6
643.82 46.1
644.46 68.9
645.44 408.5
646.50 222.1
647.33 70.0
648.30 21.5
649.16 26.2
650.04 26.5
651.63 34.1
652.71 123.5
654.10 391.5
655.01 267.4
656.15 86.5
657.31 55.1
657.92 100.9
658.65 62.9
659.62 44.2
660.56 303.9
661.48 28.0
663.80 219.1
664.62 192.6
665.80 111.3
666.58 622.5
667.54 94.7
668.51 4.3
670.10 75.9
671.30 278.1
672.75 953.6
673.59 211.6
674.43 88.3
675.31 68.8
676.19 37.1
676.82 21.5
677.54 33.7
678.88 82.5
679.53 9.8
680.42 37.5
681.40 613.1
682.06 298.2
683.49 95.9
684.39 47.9
685.18 45.6
686.40 136.1
687.55 71.3
688.44 181.6
689.36 117.0
691.45 4218.8
692.50 1284.4
693.43 104.8
694.55 204.6
695.50 46.7
697.34 72.5
698.19 71.8
699.67 38.9
700.39 128.6
701.60 109.8
702.38 50.9
703.01 149.0
704.42 529.1
705.48 95.5
706.33 76.6
707.05 23.4
708.17 99.1
709.16 150.5
710.76 246.5
711.95 54.0
713.15 50.9
714.39 196.3
715.08 36.0
716.17 190.3
717.20 276.1
718.47 17.3
719.43 374.8
720.73 139.0
721.80 385.7
722.61 649.2
723.66 51.7
724.34 62.0
725.43 59.3
726.26 45.7
727.49 63.3
728.66 61.0
730.10 342.7
730.90 3080.4
731.57 2262.4
733.50 333.4
734.26 61.2
735.04 61.8
736.10 76.9
737.70 123.3
738.87 210.9
739.88 276.0
741.45 264.9
742.71 927.1
743.57 666.9
744.39 84.9
745.44 250.6
746.63 36.3
748.43 695.6
749.23 1819.0
750.30 301.0
751.61 192.9
752.56 15.3
757.14 8.2
764.61 7.0
768.24 5.0
769.47 9.5
770.75 27.7
771.51 32.7
772.73 34.8
774.11 15.9
775.31 36.2
776.32 4.9
777.29 177.7
777.91 152.5
778.52 108.7
779.47 72.5
780.63 46.7
781.37 11.5
783.14 24.7
784.46 49.9
786.33 1564.5
787.01 1537.5
787.68 36.3
788.59 68.3
790.11 36.3
791.66 39.4
792.55 5.1
794.29 104.7
795.15 1319.6
796.13 144.2
796.85 13.3
797.67 24.4
798.68 99.1
799.32 43.3
800.13 50.2
801.43 323.3
802.45 553.0
803.50 196.2
804.40 8.0
805.37 17.4
807.65 210.8
808.79 101.5
809.72 6.2
810.81 26.0
811.45 6.3
814.66 14.4
816.91 8.3
818.59 261.6
819.49 2882.1
820.48 1013.6
821.45 130.2
822.74 4.4
823.90 7.7
824.90 14.2
825.64 25.8
826.70 37.8
827.65 8.3
828.45 36.5
829.50 11.6
831.60 10.2
833.52 26.0
835.12 64.1
835.82 8.1
836.79 159.4
837.79 42.5
839.00 62.4
840.33 95.9
841.57 20.9
842.40 49.2
843.56 11.7
844.53 36.8
845.99 160.7
846.62 173.3
847.56 117.9
848.56 54.9
849.48 4.2
850.35 115.7
851.32 265.0
851.97 80.5
853.32 15.4
854.50 247.6
855.58 92.6
856.60 97.6
857.76 25.0
859.89 1503.5
860.63 851.4
861.68 11.3
862.35 13.1
864.16 166.8
865.18 57.2
866.17 36.7
867.43 26.9
868.43 3274.5
869.09 2788.4
870.06 10.0
871.23 62.0
872.37 18.8
873.37 34.5
874.51 22.9
875.42 12.2
876.43 49.3
878.51 169.8
879.35 63.4
880.43 34.6
881.40 12.7
882.60 16.3
883.48 23.8
885.08 18.1
886.45 29.0
887.93 16.5
888.56 46.3
889.20 23.1
890.43 101.5
891.63 71.1
892.67 33.3
893.86 143.5
894.80 43.7
895.50 25.2
896.94 25.0
897.73 23.5
898.91 36.1
899.91 21.6
900.98 52.0
902.12 131.3
903.33 243.8
904.40 136.0
905.87 44.3
906.85 84.3
907.98 133.9
909.15 29.6
910.06 30.8
911.27 378.8
912.75 178.2
913.88 70.0
914.53 95.5
916.39 869.7
917.16 333.2
918.48 3522.1
919.48 1057.1
920.62 236.2
921.75 94.4
922.58 49.6
923.30 6.6
924.92 863.6
925.58 1072.7
926.99 51.5
927.88 27.6
928.59 50.3
930.53 197.0
931.43 189.5
932.71 62.7
933.70 13.7
934.54 21.1
935.65 14.7
936.59 10.7
937.49 21.2
938.55 35.1
939.82 17.4
942.59 38.2
943.27 19.5
944.05 6.6
945.50 52.1
947.05 68.8
948.55 634.8
949.59 223.8
950.62 81.0
951.31 29.6
953.13 5.4
953.86 39.4
957.97 41.1
958.59 34.0
959.63 75.4
960.63 56.8
962.14 103.2
964.52 30.5
965.86 39.5
966.67 18.2
968.44 57.1
969.32 36.8
970.33 25.9
971.24 43.4
972.88 38.6
973.78 201.3
974.46 35.6
976.52 58.9
977.81 19.2
978.79 4.0
981.10 106.2
982.00 391.0
982.66 219.8
984.69 17.5
985.38 58.2
986.74 41.9
987.66 9.2
988.27 9.0
989.30 83.2
990.26 132.4
991.43 94.5
992.64 27.7
993.69 71.4
994.73 15.0
996.15 17.4
997.29 21.8
998.11 53.4
998.97 34.6
1000.13 93.0
1001.14 32.7
1002.42 33.4
1003.66 39.5
1004.70 29.9
1006.17 32.2
1007.64 76.4
1008.90 255.3
1009.77 388.8
1010.80 4.0
1011.60 18.3
1013.26 41.8
1014.54 65.4
1015.47 23.7
1016.10 6.3
1017.84 2127.1
1018.61 218.9
1019.57 23.8
1020.47 3.2
1021.88 20.2
1022.51 12.8
1023.64 34.9
1024.90 58.7
1025.75 84.9
1026.79 131.9
1027.71 48.1
1028.76 85.6
1029.86 90.4
1030.90 259.6
1031.57 1972.0
1032.59 819.3
1033.63 61.3
1034.69 31.7
1035.92 76.9
1036.80 61.7
1038.27 18.7
1039.25 43.5
1041.16 50.6
1042.08 15.5
1043.18 17.2
1044.40 384.9
1045.07 303.0
1045.74 266.2
1046.56 98.0
1047.45 12.8
1048.12 14.8
1048.98 4.5
1050.19 9.0
1051.87 77.1
1052.96 689.1
1053.67 1725.7
1054.67 54.8
1055.53 14.6
1057.00 44.4
1057.64 3.4
1058.42 51.9
1059.47 24.1
1060.40 40.1
1061.33 95.5
1062.55 288.3
1063.68 151.1
1064.65 13.5
1065.42 14.0
1066.69 53.4
1067.88 20.5
1068.71 13.2
1069.80 3.2
1070.61 9.6
1072.04 14.4
1073.13 37.3
1074.02 29.8
1074.64 68.0
1075.57 62.0
1076.79 21.0
1078.06 19.4
1078.85 13.0
1079.72 15.0
1080.94 5.4
1083.02 35.4
1084.30 57.8
1085.56 170.0
1086.70 32.7
1088.08 25.3
1090.18 5.6
1091.26 25.5
1092.83 12.9
1095.65 18.6
1096.39 35.3
1097.74 6.6
1098.91 25.8
1099.67 5.9
1101.85 121.0
1102.61 562.7
1103.59 322.9
1104.48 55.0
1105.31 10.6
1108.81 3.4
1109.64 16.2
1111.65 4.5
1112.48 53.0
1113.63 12.6
1114.73 8.0
1116.67 44.7
1119.65 550.3
1120.69 520.5
1121.62 126.0
1122.66 24.0
1126.78 3.0
1128.66 12.6
1129.48 4.4
1130.48 8.7
1133.25 25.2
1134.38 75.1
1135.65 12.7
1137.82 29.4
1142.72 25.2
1143.57 51.0
1145.46 15.8
1146.45 8.6
1148.52 4.1
1149.42 14.7
1152.68 76.5
1153.46 27.5
1154.64 53.2
1160.59 2020.1
1161.62 1009.1
1162.71 74.6
1164.70 11.9
1165.99 11.7
1166.98 37.7
1167.67 3.1
1168.39 35.1
1169.60 3.9
1170.32 6.3
1171.65 7.4
1173.82 36.4
1174.62 11.4
1176.70 11.0
1177.61 12.8
1178.60 10.4
1181.90 7.4
1182.58 4.0
1184.87 8.9
1187.76 20.9
1188.69 10.1
1189.66 14.1
1190.79 24.1
1191.47 4.1
1197.83 26.8
1198.48 16.7
1199.78 11.5
1202.49 10.5
1203.79 5.6
1207.53 9.2
1208.55 10.5
1209.66 3.9
1211.45 16.9
1212.79 8.7
1213.47 65.4
1214.54 124.3
1215.65 45.6
1216.98 35.9
1217.62 383.5
1218.63 357.5
1219.77 20.0
1220.68 3.7
1222.52 3.5
1223.68 8.4
1224.75 5.5
1228.51 5.0
1230.51 29.6
1231.60 169.6
1232.54 114.6
1233.81 42.5
1234.73 53.0
1235.74 54.1
1237.23 10.5
1238.64 3.2
1239.96 4.8
1241.56 4.1
1242.60 4.1
1244.50 3.3
1245.56 40.2
1246.39 38.3
1247.14 4.3
1248.59 173.1
1249.60 105.7
1250.83 38.9
1254.68 15.0
1255.99 10.1
1258.61 7.2
1259.62 14.9
1262.02 5.2
1263.55 18.3
1270.50 12.3
1271.58 39.9
1272.70 52.7
1273.76 76.9
1274.70 9.2
1276.76 3.2
1278.43 17.4
1286.86 21.7
1287.70 12.1
1288.62 11.3
1289.65 217.2
1290.67 219.2
1291.74 84.2
1292.72 15.3
1301.90 4.3
1304.67 77.6
1305.65 18.4
1306.53 18.2
1307.91 3.7
1309.97 5.3
1313.99 35.3
1314.79 42.1
1315.70 17.3
1319.85 4.1
1320.81 10.6
1327.07 5.5
1328.13 10.4
1329.03 11.6
1331.62 265.5
1332.63 156.2
1333.64 27.3
1344.50 15.7
1345.80 21.4
1357.49 12.5
1358.10 7.6
1361.78 40.7
1362.81 27.4
1364.05 4.0
1374.84 11.9
1379.12 8.7
1386.65 12.1
1388.71 38.8
1395.57 5.3
1400.77 7.4
1401.83 17.5
1402.49 12.5
1403.31 18.3
1410.62 4.9
1420.50 18.4
1421.58 6.8
1423.80 11.7
1428.85 4.3
1440.61 17.6
1443.68 60.4
1444.83 5.1
1460.08 27.5
1460.83 177.1
1461.87 90.4
1462.83 54.6
1475.82 3.2
1481.81 10.8
1499.82 5.9
1508.23 7.2
1553.66 7.2
1568.93 3.0
1570.85 12.5
1571.82 37.4
1572.91 10.9
1573.77 4.3
1579.85 8.2
1588.01 15.9
1589.11 41.3
1590.01 40.0
1590.95 6.9
1636.17 7.4
1650.05 3.5
1684.45 12.7
1690.34 17.4
1699.18 9.0
1700.63 8.2
1701.79 6.6
1713.39 3.5
1718.12 4.8
1718.99 14.8
1719.87 7.4
1736.41 37.8
1806.97 4.4
1813.81 11.4
1815.07 8.4
1821.76 3.9
1830.90 6.1
1832.30 23.7
1833.72 3.6
1849.10 36.1
1850.18 7.4
1851.02 12.0
