3095.61728000001 3
294.22 6.9
310.31 3.4
319.37 3.4
321.08 1.4
322.21 5.3
330.21 1.3
337.01 1.6
339.92 1.1
350.16 2.9
377.39 2.2
380.27 8.4
383.31 2.5
389.01 1.2
391.28 4.5
401.27 2.5
405.38 1.1
407.52 1.1
409.37 1.4
426.34 3.4
431.03 2.5
434.17 5.1
452.48 7.6
466.42 5.5
470.26 15.2
477.21 1.0
480.27 3.6
487.35 7.1
497.56 12.3
498.43 15.6
503.24 7.9
504.06 2.7
514.25 3.1
515.44 67.5
516.35 16.1
520.63 1.7
524.60 2.0
546.33 2.0
569.36 2.8
570.31 3.3
571.64 2.2
574.66 2.3
584.08 4.0
585.20 2.7
598.19 2.7
600.15 4.8
602.33 44.3
603.30 4.2
616.18 1.9
622.15 1.7
627.35 9.6
628.11 1.7
633.70 2.1
651.88 2.1
652.84 27.3
653.51 1.0
654.41 1.7
655.52 2.4
659.49 6.6
660.96 1.1
671.23 5.3
672.40 1.4
674.57 2.4
679.54 3.7
687.61 1.6
688.71 4.1
689.40 1.8
695.61 1.9
711.32 2.2
716.56 4.1
717.99 2.8
724.80 3.2
729.68 9.9
736.82 1.5
740.20 2.4
741.46 4.5
742.57 4.7
752.50 1.1
753.36 3.5
760.50 5.7
774.38 2.0
782.48 5.1
783.61 3.5
788.13 8.4
788.96 1.0
796.44 3.7
799.39 5.4
800.43 2.8
802.15 1.8
803.51 8.3
805.33 2.0
808.45 5.3
810.56 2.0
816.46 1.2
817.07 3.2
821.51 2.1
823.58 2.0
826.39 7.9
828.76 1.4
832.61 2.2
835.03 2.2
836.73 1.4
840.34 4.7
845.28 18.6
850.39 2.0
853.23 2.5
856.72 3.4
862.58 1.8
870.20 6.6
872.22 2.2
875.20 3.1
876.80 1.2
880.37 6.6
882.43 14.0
883.05 1.6
887.56 6.0
891.06 6.9
893.08 4.0
893.84 2.5
896.61 5.7
897.32 5.5
898.40 1.6
900.29 2.1
900.89 5.1
901.54 2.9
902.65 6.6
903.71 1.7
905.57 3.1
906.66 2.8
907.31 5.8
908.58 5.2
909.81 1.5
910.79 4.1
913.69 8.3
914.69 3.1
917.15 15.1
918.58 2.3
920.55 10.3
923.49 1.1
925.97 2.6
927.37 5.5
928.66 3.7
929.90 2.1
932.86 5.5
933.71 11.0
934.56 8.8
935.79 3.0
938.73 50.1
939.53 26.5
941.72 4.2
942.40 4.0
944.68 40.2
945.41 25.5
946.22 10.0
950.99 43.5
951.61 3.4
953.07 4.8
954.14 4.0
956.44 3.4
957.29 2.4
958.60 8.5
959.56 19.5
961.88 2.7
963.12 38.5
967.01 2.7
967.85 14.4
968.89 9.7
969.66 5.3
970.73 14.8
972.09 2.0
972.93 4.1
974.32 16.6
976.88 84.6
979.64 4.2
982.69 163.9
983.66 10.6
984.95 1.3
985.99 9.5
986.59 6.2
988.09 11.5
989.00 41.7
992.65 26.7
993.47 4.3
994.35 11.1
995.81 9.0
997.62 5.8
1000.76 4.5
1003.43 3.9
1004.30 7.7
1005.54 3.0
1010.17 76.9
1011.10 2.4
1012.22 1.9
1012.88 7.8
1014.98 20.2
1015.63 2.8
1016.33 17.1
1018.03 16.7
1019.83 4.0
1052.04 4.7
1056.99 4.0
1061.10 9.2
1063.14 1.8
1069.47 30.4
1071.60 4.5
1080.18 4.3
1089.61 17.8
1095.80 3.7
1096.53 4.6
1101.88 4.9
1109.60 1.4
1110.44 6.0
1127.32 12.4
1128.53 5.6
1135.09 2.9
1138.21 11.0
1144.81 2.1
1147.47 46.9
1148.23 36.9
1160.06 28.1
1166.44 8.3
1167.50 3.6
1170.77 3.4
1176.16 55.0
1178.80 8.0
1183.89 1.6
1185.71 3.2
1187.88 4.2
1191.36 7.6
1195.69 1.6
1198.58 4.3
1200.23 1.5
1203.57 21.9
1204.46 143.5
1205.39 35.6
1214.06 11.3
1222.78 1.4
1226.76 2.9
1233.75 5.2
1234.92 10.1
1238.54 8.1
1239.34 104.0
1242.99 10.9
1243.68 2.7
1247.09 32.3
1247.98 390.2
1248.98 17.5
1251.48 1.8
1256.19 5.7
1265.28 1.1
1273.62 25.3
1276.06 10.4
1276.77 1.7
1279.77 1.9
1282.12 91.3
1282.89 99.4
1283.71 2.8
1286.21 2.8
1291.15 305.8
1291.77 343.8
1292.41 44.2
1302.90 1.4
1306.38 1.6
1307.60 3.3
1310.75 3.5
1316.05 1.8
1317.25 7.7
1318.75 3.6
1322.24 6.6
1323.08 3.2
1323.77 6.4
1326.06 3.8
1327.29 5.6
1339.68 5.3
1346.40 3.5
1347.54 10.9
1353.50 4.4
1357.63 7.5
1360.21 2.4
1361.76 3.3
1366.77 5.5
1369.48 5.2
1375.65 52.4
1376.32 20.5
1380.76 2.6
1392.23 3.1
1407.68 12.8
1408.39 6.6
1411.45 1.6
1412.92 2.6
1417.05 21.9
1418.07 9.9
1426.11 61.6
1426.86 13.7
1434.12 1.8
1435.11 3.1
1437.94 2.1
1438.84 15.1
1439.70 3.3
1441.05 2.4
1446.57 2.2
1460.09 2.7
1461.92 1.5
1468.48 2.0
1471.76 2.7
1482.81 5.6
1483.58 5.8
1493.72 1.5
1496.70 1.3
1516.83 1.5
1526.31 2.7
1527.04 2.1
1532.70 5.6
1556.86 12.2
1557.82 4.3
1578.64 1.5
1582.06 2.0
1583.64 1.7
1600.69 19.3
1609.94 1.4
1611.97 4.5
1627.23 6.6
1645.17 5.0
1663.16 2.4
1668.17 3.4
1737.99 3.0
1780.80 4.9
1800.05 2.9
1805.96 5.7
1814.81 2.2
1913.02 1.2
1914.24 1.9
