982.593 2
140.17 1.7
141.27 1.4
143.20 7.6
147.06 3.0
148.32 3.2
149.09 1.2
150.08 1.3
152.17 4.7
153.18 2.8
154.21 1.8
155.03 2.3
156.15 10.4
158.13 22.2
159.00 3.6
160.16 1.9
161.12 1.3
162.11 19.4
162.97 2.1
164.25 7.5
165.48 3.9
166.26 4.8
167.25 5.6
168.94 1.2
170.13 2.3
171.14 11.7
173.14 1.4
175.09 35.7
176.11 5.0
177.24 3.4
179.37 2.4
180.01 1.5
182.43 4.9
183.26 4.4
184.20 135.8
185.07 4.9
187.22 32.9
188.17 10.4
189.06 1.1
191.24 3.4
192.15 1.4
194.20 45.8
195.35 7.7
196.45 1.1
197.20 13.7
198.19 2.7
198.92 3.9
200.19 3.1
202.27 1.1
203.17 2.5
204.47 5.3
205.37 3.6
206.10 3.8
207.29 2.7
209.24 12.2
212.23 630.4
213.34 44.9
214.16 3.9
215.22 24.1
216.11 1.1
217.27 2.7
221.32 8.5
222.17 33.9
222.89 3.2
225.38 2.7
226.21 1.9
227.08 4.0
227.97 5.3
229.22 1.7
231.13 1.5
232.22 8.9
233.00 4.2
235.33 2.4
237.28 6.2
238.21 3.5
239.11 2.2
239.93 11.8
241.20 3.2
242.07 7.5
243.20 2.4
244.06 20.7
245.33 4.4
246.15 4.5
247.17 5.9
248.17 1.5
249.18 7.2
250.28 4.6
251.25 1.2
252.22 2.0
253.41 6.9
254.26 17.2
255.04 20.6
256.22 7.0
258.23 9.2
259.14 8.7
260.36 11.0
261.20 10.0
262.24 8.6
263.22 11.5
264.15 4.4
265.47 18.0
266.44 10.7
267.14 3.8
268.23 3.5
269.56 4.6
270.30 4.1
272.28 189.9
273.20 9.8
274.39 3.7
275.37 22.4
276.49 5.1
277.27 9.7
279.16 11.9
280.38 3.1
281.38 3.6
283.24 860.3
284.24 72.2
285.64 13.4
286.36 1.7
287.20 7.3
288.34 5.1
289.07 6.0
290.30 5.8
292.20 9.9
293.06 15.1
294.19 15.0
295.08 15.1
296.44 14.3
297.27 10.5
298.12 8.7
299.12 4.8
300.40 10.0
301.47 2.3
302.18 13.3
303.30 2.5
305.47 7.1
306.08 5.3
307.21 2.7
308.41 16.4
309.08 6.4
310.01 30.7
311.21 811.6
312.29 76.4
313.23 29.9
314.35 5.0
316.41 4.9
317.35 4.9
318.63 97.0
319.32 27.4
320.24 9.4
321.04 2.6
322.28 1.5
323.06 1.6
324.21 28.1
325.68 3.8
326.32 7.2
327.69 7.3
328.30 17.8
329.35 5.3
330.11 8.5
331.12 8.5
332.50 12.3
333.88 18.8
335.18 6.4
336.40 5.5
337.25 5.7
339.52 3.7
341.64 9.2
342.68 5.7
343.33 5.5
344.34 7.5
345.09 10.0
346.67 2.3
348.27 11.7
349.39 11.7
350.23 5.5
350.90 2.4
353.24 5.8
354.18 11.1
355.39 8.5
356.55 2.8
357.34 1.8
358.16 12.1
359.07 3.4
360.28 17.6
362.80 30.0
364.13 8.9
365.29 7.7
366.27 18.5
367.16 11.5
368.20 28.0
369.41 6.0
371.18 25.9
372.25 8.6
373.23 5.0
374.35 3.8
375.30 13.1
376.19 19.5
377.27 9.3
378.34 7.5
379.15 21.9
380.52 7.5
381.40 4.3
383.24 2.9
385.29 143.2
386.24 37.6
387.30 3.3
388.29 1.5
389.50 2.7
390.50 69.6
391.89 12.9
393.05 6.8
394.34 342.4
395.23 65.6
395.90 6.9
397.96 23.4
399.32 1.4
400.74 4.9
401.48 31.4
402.22 10.7
403.09 26.9
404.35 19.7
405.18 6.6
406.72 16.1
407.60 15.8
408.57 36.4
409.65 22.8
410.40 12.0
412.25 357.8
413.28 67.6
414.05 18.0
414.74 2.8
417.11 18.1
418.19 22.4
420.23 10.0
421.21 10.5
422.35 5.3
423.30 13.7
424.39 19.6
425.33 15.5
425.94 3.4
426.91 12.1
427.56 5.8
428.24 9.0
429.06 9.9
430.13 9.4
431.99 15.3
433.48 215.1
435.14 25.9
436.17 14.3
437.32 4.5
438.38 16.3
440.15 12.4
441.39 3.3
442.44 441.0
443.58 6.9
444.40 12.6
445.24 25.2
446.14 18.6
447.26 45.8
448.20 18.9
449.16 4.0
451.50 8.7
452.12 1.1
453.75 4.9
455.22 13.7
456.41 33.9
457.05 22.4
457.97 23.7
458.84 10.3
459.79 6.4
460.84 5.3
461.63 16.6
462.29 9.2
463.23 32.3
464.29 14.3
465.43 133.4
466.41 16.4
467.35 15.0
468.85 35.2
469.87 28.0
471.05 46.8
472.32 948.3
473.28 342.3
474.13 452.7
475.29 42.4
476.05 18.5
477.28 16.9
478.27 35.8
479.09 33.6
480.10 70.9
481.39 24.2
482.99 4381.6
484.05 14.0
484.89 6.7
486.38 11.0
493.05 5.9
500.57 5.3
508.42 3.5
509.73 8.0
511.44 33.2
512.59 3.4
514.50 5.5
515.34 19.5
516.64 5.1
518.22 14.0
520.17 5.1
520.90 1.2
523.38 7.8
524.32 1.7
525.22 6.9
526.19 2.8
533.42 7.1
534.18 4.8
535.01 38.3
536.34 13.4
539.40 1.3
540.45 8.2
542.54 2.8
543.65 38.3
544.62 14.6
545.27 1.1
546.67 4.6
547.74 3.5
549.40 2.9
550.31 15.5
551.39 4.7
552.28 6.6
553.67 9.5
555.47 19.8
556.17 2.2
557.51 6.0
560.24 1.5
561.07 7.8
562.28 24.0
564.11 19.0
566.16 9.9
568.82 6.1
570.46 13.5
571.45 477.5
572.33 101.2
573.24 15.6
574.36 23.3
576.52 1.3
577.30 4.8
578.92 11.1
580.40 59.5
581.52 11.6
583.63 17.6
584.73 17.2
586.32 7.2
587.35 32.5
589.11 5.0
590.96 2.6
592.60 94.7
593.22 106.8
593.96 19.0
595.56 1.2
596.64 12.7
597.76 12.0
598.37 26.4
599.06 16.5
600.96 4.6
602.46 36.1
603.74 11.4
604.83 3.7
606.20 39.3
607.27 11.6
608.47 11.5
609.31 5.2
611.05 30.9
611.99 165.3
612.73 65.1
613.77 7.5
615.01 3.4
617.81 551.2
618.84 10.4
621.09 12.4
621.89 10.9
622.88 23.1
623.77 6.8
626.05 1.3
628.49 19.0
630.13 555.1
631.08 18.6
631.70 4.3
632.50 7.1
633.27 4.8
635.74 7.3
637.35 1.4
638.91 5.6
639.60 3.2
641.76 89.7
642.64 26.1
643.40 5.0
644.24 7.0
645.60 2.2
646.44 4.7
647.33 3.4
648.46 5.8
650.33 123.0
651.00 112.2
652.00 8.7
653.27 1.5
654.47 21.7
655.56 2.6
656.91 2.4
657.57 2.8
661.66 2.2
662.68 4.9
663.67 8.5
664.89 15.0
666.40 8.8
667.18 7.2
670.10 2.8
672.42 2598.5
673.45 645.2
674.10 4.3
674.71 1.5
675.54 12.4
676.41 7.8
677.37 5.7
678.18 7.5
680.09 7.8
681.04 6.2
682.47 8.4
683.54 4.9
685.09 11.9
686.51 9.6
687.35 12.3
689.65 1.9
691.54 8.7
693.53 38.6
694.26 45.5
696.05 2.9
699.19 28.7
703.54 2.9
705.27 2.9
707.86 4.2
710.52 5.0
711.40 5.6
712.47 16.5
713.65 1.7
715.59 2.3
717.02 4.7
719.96 2.4
721.06 5.1
722.49 1.8
723.61 2.4
725.24 21.6
726.32 10.0
727.59 1.4
728.91 1.3
734.66 5.5
735.32 3.0
738.68 1.2
743.56 40.0
744.45 19.5
754.63 5.7
755.89 12.7
757.55 5.9
760.53 3.1
761.14 3.9
763.93 16.9
765.48 5.0
768.53 7.3
769.25 8.0
771.42 1.8
772.60 5.3
777.21 1.4
778.39 11.2
779.40 6.8
780.46 4.9
781.37 8.0
786.96 4.8
791.56 2.6
793.53 4.1
794.37 15.9
795.69 3.3
798.81 1.9
803.29 18.1
805.60 5.1
807.23 3.1
808.41 11.7
813.87 2.4
815.62 1.1
821.83 17.4
826.52 1.0
831.11 3.4
832.61 6.4
833.58 11.3
835.33 1.8
842.34 1.9
844.55 2.6
845.46 3.8
850.69 8.3
851.63 3.0
852.79 2.3
855.60 8.2
859.88 14.5
860.97 32.2
865.60 19.0
866.66 4.7
869.35 4.5
879.12 5.2
883.72 35.0
884.72 3.1
889.53 2.0
907.34 8.6
932.75 5.7
940.43 2.7
955.10 5.2
959.60 6.5
960.74 2.4
961.35 2.9
973.41 2.7
976.35 1.3
982.38 1.2
