1151.49809 2
167.15 5.7
170.15 1.6
171.34 2.3
173.19 5.2
175.19 21.9
175.89 2.7
177.04 1.8
178.00 2.4
180.12 2.9
185.20 8.2
191.20 4.9
192.10 2.4
193.65 7.8
194.36 1.3
195.83 1.7
197.21 22.4
198.00 1.2
199.12 3.2
200.18 4.5
201.14 3.3
202.15 79.7
203.35 2.9
204.18 2.1
208.37 1.1
209.43 10.5
210.24 5.6
212.29 8.0
215.21 64.2
216.20 6.2
217.04 7.7
218.29 2.5
220.11 11.3
221.24 3.9
223.09 3.4
225.33 2.8
227.19 11.2
228.21 11.8
229.14 12.4
232.21 4.4
232.84 1.3
234.36 1.9
236.45 2.2
237.16 2.1
238.88 1.1
240.14 2.1
241.28 20.4
242.12 14.1
243.21 79.1
244.28 24.4
245.35 6.9
246.06 4.5
249.28 3.5
251.04 6.0
253.22 4.0
254.16 37.2
255.08 1.4
256.24 18.5
257.24 4.5
262.25 76.9
263.13 7.7
264.10 2.0
265.22 2.2
268.35 1.9
270.75 3.7
272.15 8.4
274.04 28.2
275.27 5.2
276.54 3.5
277.39 1.4
278.43 3.7
281.15 17.7
282.73 4.0
283.92 4.7
285.11 4.1
286.28 11.6
287.50 8.6
288.54 13.9
289.32 4.4
290.28 5.8
291.28 33.5
291.94 14.5
292.66 4.5
294.96 2.0
296.33 1.8
297.86 5.7
299.21 36.7
300.55 19.1
301.25 9.5
302.56 6.0
303.29 7.0
304.24 6.7
305.27 9.0
306.11 8.5
307.17 2.2
308.46 4.4
309.36 7.6
310.77 3.5
312.09 2.3
313.42 8.5
314.78 1.2
317.28 20.5
318.46 25.2
319.17 13.6
320.10 4.3
321.19 6.2
323.21 7.0
324.56 4.7
325.79 290.9
326.69 2.3
328.43 6.7
330.28 1.1
331.13 44.1
331.99 17.3
332.91 3.4
334.22 4.6
335.16 7.2
336.05 2.6
336.94 7.5
338.88 17.9
340.04 8.7
341.80 59.0
342.75 11.8
343.39 6.5
344.31 3.0
345.03 5.4
346.87 6.7
348.27 3.7
348.98 4.1
350.02 39.9
350.84 5.3
352.12 7.4
354.68 4.8
355.44 9.5
357.45 17.6
358.72 614.1
359.38 184.4
360.48 2.9
362.34 14.2
363.61 6.0
364.64 5.8
366.17 2.2
369.35 2.4
370.87 21.5
371.53 12.4
372.23 5.4
373.39 9.6
374.59 2.1
375.26 4.1
376.24 1.2
378.27 2.7
379.15 4.3
380.09 11.4
381.24 2.8
382.15 5.1
383.17 6.7
385.01 5.9
386.17 17.0
387.38 10.4
388.92 15.7
390.41 5.0
391.35 23.9
392.07 2.0
393.25 10.4
394.41 1.7
396.29 5.8
397.12 20.4
398.17 7.5
399.13 2.0
400.24 23.6
401.34 36.0
403.36 5.9
404.25 1.6
406.13 5.1
407.28 31.4
408.03 21.0
409.33 9.1
410.20 9.0
411.17 1.4
412.71 8.7
414.03 2.8
415.38 14.8
416.27 1.3
417.40 19.8
418.28 121.0
419.22 47.7
421.08 9.9
421.87 22.3
423.42 1.2
424.41 4.7
425.23 2.0
426.19 12.0
427.52 16.4
428.43 10.9
429.36 2.5
430.31 3.8
431.36 1.8
432.42 4.6
433.51 16.2
434.67 15.4
435.71 90.7
436.39 23.5
437.42 3.9
438.36 8.9
439.54 3.1
440.67 13.9
441.60 18.4
443.10 17.0
445.25 7.9
446.44 12.0
447.67 21.5
448.75 4.4
449.46 25.4
450.43 52.5
451.30 3.7
452.07 11.1
452.69 2.3
455.37 17.9
456.23 11.0
457.54 35.9
458.39 306.6
459.32 23.7
460.00 8.1
461.36 5.5
462.27 3.9
463.09 12.3
464.14 34.1
464.82 10.6
466.25 23.7
466.96 151.1
467.92 7.7
469.41 21.7
470.26 11.4
471.17 20.4
471.84 10.5
473.37 30.2
474.49 4.0
475.51 19.3
476.44 12.7
477.19 9.0
477.92 3.2
479.33 17.1
480.12 7.4
480.78 2.1
481.77 8.0
482.45 10.1
483.49 37.7
484.31 28.2
485.24 12.8
485.93 12.4
487.19 11.8
488.38 32.4
489.72 12.3
490.47 15.7
492.01 31.0
493.82 106.7
495.22 48.4
496.12 14.9
497.24 14.2
497.95 34.6
499.06 5.5
501.15 77.5
502.20 133.8
503.05 239.8
504.21 34.9
505.15 16.2
506.07 24.8
507.04 21.7
508.09 20.3
509.95 127.8
510.64 15.7
512.63 126.0
513.40 22.6
514.59 12.0
515.21 66.3
515.91 37.1
516.93 44.3
518.20 13.8
519.42 66.2
520.27 37.1
521.51 3.7
522.35 30.8
523.76 266.1
524.46 151.3
525.98 88.2
526.75 24.7
527.56 35.4
528.43 8.3
529.34 4.9
531.99 226.7
532.98 460.5
534.21 1.2
534.99 22.4
536.42 30.5
537.17 36.7
537.92 6.4
538.52 11.2
540.39 6.9
541.71 54.6
542.63 46.9
543.51 3.5
544.19 23.7
545.49 334.8
547.01 27.1
548.58 10.8
549.89 111.7
550.84 20.5
552.36 21.9
553.24 42.8
554.25 90.9
555.27 22.9
556.06 8.3
558.62 605.3
559.44 109.2
560.33 35.9
561.34 40.6
562.21 5.1
564.27 274.4
565.42 40.3
567.21 642.9
567.90 377.1
569.24 4.8
570.17 1.1
581.29 6.3
583.47 1.4
587.17 3.0
588.32 10.6
590.46 15.9
591.80 23.3
592.64 11.5
593.35 3.7
595.21 4.0
597.77 3.7
598.43 8.5
600.77 6.6
601.47 6.5
602.56 6.8
604.08 3.4
606.38 2.6
607.39 18.1
608.51 1.9
609.20 1.3
611.53 2.4
612.54 1.1
614.01 5.7
615.43 21.2
616.43 24.1
617.51 8.9
619.04 4.4
619.66 3.1
620.94 3.3
621.94 4.9
624.39 45.6
625.37 14.9
626.48 5.7
627.80 5.5
628.41 24.9
629.12 1.3
630.28 3.3
631.47 2.9
632.51 8.2
633.46 23.9
634.30 6.1
635.45 1.3
636.44 2.5
638.70 9.9
639.73 7.4
640.74 15.1
642.29 2.5
644.76 1.5
646.05 25.4
647.57 82.8
648.46 9.0
650.43 157.8
651.45 53.6
652.22 3.6
653.20 20.1
654.06 3.6
655.08 14.2
656.38 35.1
657.24 14.1
657.86 1.1
658.49 1.6
659.33 4.7
660.41 42.1
661.22 5.4
661.94 17.3
662.63 2.4
664.37 5.1
665.27 8.9
667.44 37.3
668.25 10.0
668.88 8.6
670.55 19.8
671.57 9.0
676.11 65.3
677.28 11.6
677.89 3.5
678.71 4.6
679.57 12.8
680.64 18.3
682.27 102.0
683.34 30.7
684.56 73.1
685.33 59.3
686.02 22.7
686.76 5.3
687.52 4.8
688.63 6.7
689.67 7.6
691.51 2.0
693.36 15.9
694.33 32.1
695.75 24.6
696.54 15.1
697.71 10.0
698.39 18.6
699.42 52.5
700.76 6.8
701.53 7.8
703.22 14.8
704.61 82.0
705.32 16.1
706.55 20.5
707.32 2.9
708.59 6.2
710.54 5.0
711.85 28.3
712.91 6.7
714.34 18.1
716.37 765.3
717.40 166.9
718.54 1.2
720.96 31.0
722.24 13.0
723.75 4.8
724.85 42.3
726.11 22.0
727.55 15.2
728.69 7.5
729.37 4.0
730.71 11.9
731.76 24.6
733.79 313.3
734.57 241.6
735.41 21.9
737.44 1.9
738.09 3.3
739.63 10.1
740.61 50.3
742.57 1209.8
743.51 220.1
744.29 5.2
745.35 6.6
746.24 9.0
747.54 9.6
748.45 13.1
749.49 6.8
750.44 1.3
751.75 16.5
752.48 6.4
753.11 3.6
754.76 6.1
755.55 46.3
756.31 34.7
757.38 9.4
759.70 29.9
760.37 8.6
761.16 21.3
762.09 5.1
762.82 4.8
763.88 76.6
764.48 56.2
765.95 4.2
766.55 2.6
767.81 8.0
768.65 139.9
769.68 29.9
770.55 1.9
772.50 3.5
773.96 14.0
774.70 2.7
775.66 8.1
777.17 6.5
779.84 11.2
780.56 3.6
782.42 10.8
784.48 32.7
785.63 10.6
786.37 4.4
787.29 9.4
788.84 23.7
789.83 18.0
792.27 4.3
795.23 3.2
796.73 38.7
797.90 99.2
798.71 44.8
799.56 10.9
800.18 7.6
801.12 9.5
802.36 4.5
803.48 5.7
804.45 3.3
806.90 62.5
807.67 88.9
808.47 6.4
809.40 6.3
813.60 8.9
814.57 4.8
817.57 3.1
820.72 12.0
821.51 13.3
823.47 2.6
825.99 3.0
827.42 4.8
828.38 3.5
829.39 2.2
830.43 7.3
831.42 1.8
833.49 3.6
836.57 5.0
837.47 4.5
843.91 16.6
844.96 13.7
845.63 8.5
846.59 5.6
847.53 4.4
848.51 1.2
849.42 2.3
851.59 1.9
853.55 1.4
855.63 10.5
856.65 9.1
857.72 2.9
861.34 9.1
862.70 6.9
863.82 6.5
867.46 1.1
868.51 8.7
870.47 36.5
871.62 3.2
872.43 27.5
873.50 18.3
874.26 6.7
875.56 9.1
876.33 1.1
877.39 2.7
881.53 3.6
882.56 6.4
887.43 4.0
888.67 1.3
890.12 27.5
891.53 22.0
893.99 1.3
898.62 7.6
899.60 5.4
900.68 5.1
902.85 7.2
904.16 4.7
907.43 14.1
908.62 23.5
909.56 16.2
910.52 5.4
912.67 4.8
913.35 3.0
915.50 10.8
916.18 3.8
917.75 11.7
920.12 1.1
922.08 2.2
924.30 2.5
925.86 2.9
926.81 15.3
927.68 9.5
928.53 6.6
930.39 3.6
931.23 4.6
932.42 8.1
933.20 6.4
933.82 5.1
941.29 8.9
943.51 4.3
947.78 2.1
948.70 1.4
949.55 1.9
950.69 2.0
952.06 3.2
952.71 3.6
954.76 4.3
955.49 6.9
956.30 1.5
959.31 23.0
960.47 25.6
961.71 1.2
963.49 1.8
967.68 4.9
969.39 6.1
972.45 2.5
975.18 1.7
977.29 52.7
978.22 17.7
980.44 3.8
983.54 4.8
984.83 2.7
986.37 7.2
987.35 4.8
989.66 4.6
991.58 4.5
993.60 2.9
994.94 28.3
995.55 32.9
996.56 17.7
1003.03 5.4
1004.51 37.3
1005.48 27.9
1006.37 7.3
1008.65 1.1
1011.55 2.7
1012.59 2.6
1014.95 1.5
1019.30 1.1
1020.53 3.2
1022.34 4.4
1023.91 2.9
1025.03 4.7
1046.45 4.0
1055.24 4.1
1065.94 2.0
1067.72 2.2
1074.21 1.5
1079.72 2.1
1098.57 10.6
1107.53 1.1
1112.41 16.8
1113.84 6.6
1114.48 5.3
1116.08 1.7
1117.30 2.2
1126.15 5.5
1128.56 1.3
1152.46 2.4
1153.82 4.4
