710.3528299999999 2
128.07 10.3
129.27 1.4
132.11 1.4
137.09 3.1
139.29 1.7
147.13 1.7
152.22 1.7
155.30 6.7
160.31 5.3
161.95 3.1
163.12 1.7
165.29 1.2
167.11 1.6
171.59 4.4
172.92 2.5
174.38 1.8
175.20 2.0
181.26 4.6
185.25 7.5
186.30 1.6
193.30 3.4
195.14 2.0
197.17 14.8
207.28 3.2
209.11 6.2
210.26 6.2
211.20 1.5
214.24 3.7
219.20 2.0
220.81 5.2
223.14 4.0
225.21 2.1
227.27 3.7
228.09 2.6
229.14 1.4
237.15 1.9
238.14 4.2
240.10 3.1
241.21 1.3
242.29 12.9
243.27 24.6
244.16 1.9
245.30 1.3
250.18 1.4
251.08 1.5
252.23 2.6
253.19 157.0
254.30 13.4
255.08 8.0
256.15 9.4
258.38 4.4
259.14 8.3
261.24 7.4
266.00 2.1
267.02 862.0
268.05 49.0
269.05 3.1
270.15 20.4
272.12 6.6
275.61 12.4
277.13 4.4
280.20 4.5
281.32 2.7
282.40 1.9
284.39 17.7
285.08 57.1
286.13 7.1
287.07 1.7
289.11 7.6
291.97 2.0
294.93 6.9
296.51 2.4
298.16 2.0
300.51 5.6
303.72 339.3
304.36 14.3
305.31 11.2
306.79 3.4
309.34 4.9
310.15 9.4
311.21 45.8
312.08 11.2
313.27 2.4
314.26 2.2
316.79 7.8
319.08 14.8
320.40 8.3
324.72 663.2
325.80 438.5
327.04 16.7
332.63 8.3
333.75 1350.8
334.69 2.4
337.49 87.3
338.41 48.0
339.21 28.9
339.99 1.9
340.82 2.2
346.77 1318.6
347.79 6.9
348.94 7.1
377.17 1.9
391.19 1.7
403.27 2.1
408.33 3.7
424.17 1.4
425.83 7.7
439.22 6.5
447.41 8.6
456.49 2.9
468.43 1.7
471.71 3.4
472.32 4.7
474.47 8.5
476.89 8.1
477.81 3.6
509.28 2.9
515.36 2.9
521.36 8.5
528.42 6.5
554.21 4.2
555.67 2.5
557.23 2.2
575.49 7.8
577.11 1.9
601.18 3.1
688.56 5.5
