972.4015999999999 2
137.08 5.1
141.20 3.1
143.26 2.6
144.09 9.3
145.19 5.7
148.12 8.8
150.47 5.6
151.24 4.6
156.77 3.3
159.22 3.2
160.05 3.0
161.26 7.6
162.05 18.6
163.15 6.2
166.20 2.2
167.18 11.0
168.18 3.1
168.79 1.9
171.13 7.6
175.07 3.1
176.23 4.3
177.35 1.7
179.21 4.1
181.28 5.4
184.96 3.7
186.07 2.2
187.17 30.1
192.14 4.5
193.21 2.2
197.19 4.5
198.25 7.5
201.94 1.7
203.26 2.8
205.09 3.2
206.23 4.1
209.33 19.7
210.19 3.4
211.26 2.3
212.95 5.4
214.35 15.0
215.28 5.6
216.14 2.1
219.20 7.5
220.94 6.7
224.30 3.7
225.18 5.7
226.13 4.3
228.09 2.5
229.55 13.0
230.20 2.5
231.15 2.9
235.28 1.8
236.30 2.6
241.20 1.9
242.25 1.8
243.51 4.9
244.78 3.5
246.81 2.6
249.12 2.7
253.48 12.5
256.17 5.7
257.33 3.9
258.35 14.8
259.62 4.5
261.50 1.9
263.05 5.8
267.22 12.8
269.37 2.5
270.44 10.4
271.20 6.4
272.25 7.6
273.27 3.6
274.89 5.6
280.28 8.5
282.10 2.4
282.97 1.7
286.29 9.1
287.31 4.4
288.02 2.9
289.22 10.2
290.29 14.6
291.39 3.7
292.17 3.4
301.37 2.1
304.26 2.1
305.16 8.0
306.69 12.5
307.33 6.5
309.44 7.3
311.31 1.4
312.27 6.4
313.24 3.1
314.25 11.4
315.20 8.6
317.45 3.3
319.36 1.9
320.38 2.4
321.31 2.5
322.62 7.5
324.27 8.9
325.15 19.6
326.78 9.9
328.30 20.3
328.99 2.5
330.28 6.3
332.26 2.7
337.40 1.6
338.44 8.6
340.17 1.9
341.00 4.9
342.39 19.0
344.29 16.2
345.17 4.9
351.15 11.6
353.19 2.3
354.37 25.8
356.37 18.3
357.35 4.3
358.35 8.5
359.24 4.2
360.38 1.8
361.07 6.1
362.00 6.7
364.71 11.8
367.17 2.8
368.27 2.9
370.25 10.0
371.31 32.6
372.31 22.5
373.18 7.0
375.75 3.6
379.71 38.6
380.32 14.4
382.31 9.9
383.31 12.5
384.35 21.0
385.34 32.7
386.00 10.8
387.19 5.0
388.38 2.1
389.30 7.5
393.89 18.4
396.65 7.1
397.53 3.2
399.71 54.0
400.93 19.5
402.10 8.9
406.36 7.9
407.36 24.8
408.20 210.7
408.85 79.9
409.66 3.0
412.43 9.9
414.40 15.8
415.77 18.7
419.47 5.4
421.50 52.7
422.12 9.5
423.42 11.0
425.45 5.7
426.39 15.4
427.26 29.0
428.42 20.9
429.33 4.7
430.40 571.3
431.32 5.7
434.32 3.9
436.29 31.8
437.22 35.7
438.33 16.4
439.36 5.9
440.31 8.3
441.26 37.8
442.16 37.1
443.10 24.6
443.71 3.0
444.63 19.9
445.43 3.1
447.14 30.8
447.99 14.8
451.02 10.7
452.25 4.1
456.11 66.3
456.81 35.3
458.22 20.8
459.15 11.1
460.76 5.2
463.12 7.1
464.84 877.5
465.67 2.0
468.25 218.1
469.39 153.6
470.66 9.6
478.11 103.0
478.87 17.0
488.67 2.0
512.37 2.5
524.83 3.7
525.44 4.5
529.51 4.6
530.39 2.0
544.53 2.7
552.96 6.4
579.39 4.2
596.76 7.0
597.36 8.0
618.55 4.6
626.43 6.5
627.28 4.8
639.45 1.4
643.24 10.9
644.43 7.8
645.09 4.9
646.40 5.0
666.32 5.2
682.06 9.9
684.32 2.2
693.08 1.8
709.84 6.3
710.53 37.1
711.55 2.9
712.41 1.6
723.28 4.0
724.66 4.0
728.31 14.0
729.70 3.6
733.23 2.0
741.45 17.9
758.21 47.3
759.58 15.4
797.34 7.1
798.24 3.6
815.37 24.2
816.45 17.4
825.72 1.8
841.22 2.7
859.52 32.0
860.50 19.9
871.62 2.6
882.20 5.9
883.54 2.6
