975.5624899999999 2
146.13 4.2
147.17 2.2
150.18 2.3
154.08 3.9
155.15 3.6
156.29 5.9
157.11 4.7
158.19 2.0
159.04 1.6
160.18 5.4
161.12 8.2
162.03 3.0
163.33 2.9
164.23 1.7
165.13 6.9
166.18 28.4
168.05 1.1
170.26 1.9
171.08 4.2
172.05 7.3
173.14 7.7
175.20 22.0
177.25 2.3
178.03 2.8
179.10 1.8
180.14 1.6
181.06 2.5
182.25 8.7
183.24 2.1
184.58 3.3
185.24 19.0
187.10 4.5
190.21 1.6
193.22 1.0
194.28 1.1
195.85 2.9
197.15 2.5
198.19 4.3
199.29 15.9
200.18 5.4
201.13 20.7
202.16 2.4
203.00 9.9
204.34 1.3
205.15 1.7
206.52 2.6
208.26 15.1
209.47 1.7
210.60 3.6
211.31 1.5
212.23 8.2
213.24 41.6
214.14 6.5
215.23 26.6
216.22 29.9
218.38 2.5
220.30 1.4
221.11 1.0
222.28 2.8
223.30 15.0
225.19 53.5
226.01 4.5
227.27 14.8
228.25 13.0
229.29 19.9
230.53 11.7
231.25 10.7
232.15 6.0
233.33 27.7
234.22 2.0
235.18 6.8
237.07 4.0
239.11 10.7
240.39 4.6
241.06 1.6
242.12 130.7
243.21 79.2
244.13 32.5
246.26 25.5
247.33 6.5
248.10 2.6
250.37 6.9
251.15 1.4
253.26 16.1
254.44 4.6
255.55 8.4
256.38 7.3
257.26 13.2
258.27 6.5
259.76 1.3
261.17 21.8
262.19 11.9
263.39 17.0
264.22 15.3
265.06 3.1
266.28 6.0
267.15 2.9
269.15 4.3
270.26 3.6
271.65 4.5
272.91 75.7
274.10 8.5
275.24 6.7
276.33 10.7
277.11 3.9
279.24 2708.0
280.19 42.5
281.16 11.6
282.13 4.2
283.07 7.4
284.08 12.5
286.23 11.4
288.12 19.9
289.30 11.7
290.26 8.6
291.22 4.9
292.61 10.0
293.31 3.3
294.29 21.0
295.21 19.6
296.18 16.9
296.95 2.5
297.70 44.5
298.55 10.7
299.39 1.0
300.31 8.7
301.09 9.6
302.31 19.7
303.30 2.7
304.20 3.6
305.34 9.3
306.21 6.6
307.19 9.0
308.25 4.9
309.26 5.4
310.26 8.1
311.37 8.6
312.41 23.2
313.23 1.3
313.97 1.1
315.07 5.4
315.94 11.6
317.28 58.6
318.12 8.5
319.87 4.7
321.65 25.6
323.05 16.0
324.13 42.5
325.20 80.1
326.16 3.8
327.24 4.3
328.19 16.1
329.20 11.6
330.18 10.3
332.40 37.0
333.80 4.4
335.35 19.3
335.98 3.4
338.00 15.0
339.14 15.2
341.15 97.6
342.27 21.4
344.50 18.0
346.19 49.3
346.93 11.0
348.27 20.5
349.31 21.7
351.02 11.8
352.34 2.8
353.20 4.0
355.37 19.2
356.26 29.3
357.20 34.7
358.34 12.2
359.20 18.5
360.33 18.0
361.43 8.4
363.09 5.7
364.23 8.5
365.47 8.1
366.09 17.0
367.19 16.1
368.97 39.3
369.88 9.6
370.99 12.1
372.09 14.8
373.27 26.1
374.33 29.7
375.18 83.8
375.97 4.5
377.21 38.1
378.25 14.1
379.34 24.2
380.35 10.4
381.08 7.6
382.34 16.0
383.73 269.5
384.47 27.9
385.26 14.4
385.88 66.8
387.03 20.7
388.24 17.2
389.02 132.9
390.29 8.2
391.57 26.0
392.43 13.8
393.12 1.8
394.22 36.1
395.23 8.6
396.22 15.3
397.79 386.3
399.29 9.5
400.29 17.9
401.28 33.0
402.38 26.6
403.92 21.8
405.15 7.6
406.41 33.3
407.49 13.1
408.31 6.2
409.14 26.6
410.33 46.0
411.02 1.5
412.59 4.2
413.59 20.0
414.79 40.9
416.09 35.0
416.77 22.9
417.80 21.6
419.03 20.7
421.71 9.3
422.77 45.8
423.60 19.5
424.22 5.5
425.44 28.2
426.41 20.0
427.61 16.9
428.62 16.6
429.60 34.7
430.85 113.4
431.50 568.6
432.29 119.1
433.27 12.8
434.55 28.3
435.36 15.7
436.21 2.3
436.86 7.2
438.51 18.0
439.49 33.8
440.38 14.1
441.20 12.5
442.24 18.4
443.24 63.9
444.28 109.2
445.36 25.1
446.25 19.1
447.19 15.4
448.78 43.0
450.09 31.1
451.01 42.2
452.52 107.3
453.28 71.1
454.27 4.0
455.66 27.4
456.50 48.5
457.45 26.9
458.22 67.9
459.41 171.8
460.44 12.6
461.36 39.5
462.32 18.2
464.09 18.1
465.41 201.3
466.43 52.3
468.29 49.9
470.17 358.8
470.97 244.7
472.62 187.5
473.54 116.6
474.56 57.4
476.03 82.9
476.72 56.7
477.35 19.6
478.73 226.7
479.61 443.7
481.25 7.1
494.08 7.9
496.33 4.0
497.40 11.0
498.38 8.2
499.27 1.8
500.32 1.2
501.25 8.9
501.89 24.8
503.17 14.4
504.33 2.4
506.99 27.3
507.78 9.6
508.39 4.0
510.52 7.0
511.57 3.9
512.24 1.8
513.25 26.8
514.51 6.6
515.91 111.0
516.62 2.7
517.24 4.7
518.29 8.7
519.27 2.9
520.19 1.5
521.16 17.3
521.94 4.8
523.20 3.9
524.32 4.2
525.45 7.0
526.40 9.4
527.34 12.9
528.68 1.5
530.19 18.5
531.57 18.8
532.48 12.3
533.59 5.6
534.73 21.0
536.19 14.0
537.07 19.6
537.92 22.0
538.63 2.2
539.77 33.1
540.43 2.5
541.30 9.5
542.65 3.4
544.37 215.0
545.44 87.9
546.28 11.6
547.28 4.8
548.45 20.7
549.52 10.1
551.78 21.0
552.70 10.4
553.53 2.8
554.40 5.0
555.43 33.8
556.43 12.1
557.85 12.9
559.08 24.4
560.39 22.0
561.50 3.3
562.80 6.0
564.64 20.2
565.41 7.4
566.74 8.5
567.52 3.7
568.41 8.7
569.61 33.7
570.44 5.5
571.23 11.3
572.61 48.9
573.52 19.8
574.47 26.5
575.28 8.9
576.68 72.3
578.12 4.8
579.17 15.5
581.06 38.3
582.32 4.2
583.14 12.5
584.35 59.9
585.23 7.0
587.12 12.0
588.05 26.5
589.39 2.9
590.27 16.1
592.17 38.0
592.94 5.1
594.35 33.0
595.13 6.2
596.66 6.8
597.46 8.8
598.26 2.7
599.88 15.0
601.02 14.4
602.16 26.9
602.99 7.7
604.19 10.0
605.56 1.7
606.45 42.5
608.19 48.8
609.00 50.9
610.78 19.9
612.49 36.4
614.40 24.3
615.19 20.4
616.28 29.8
617.66 27.2
618.33 42.9
619.25 107.3
620.32 17.1
621.26 10.0
622.60 6.8
623.77 18.6
624.83 147.5
625.51 54.9
626.55 7.9
628.99 1.4
630.13 23.3
631.19 31.0
632.22 9.4
635.44 146.5
636.69 12.8
638.16 67.0
639.06 10.2
640.13 34.6
641.26 15.5
642.39 34.2
643.17 11.6
644.06 6.9
645.48 3.7
646.46 1.2
647.17 6.5
648.43 6.9
651.39 1.3
652.37 25.7
654.17 6.5
655.39 16.8
656.31 2.6
657.22 12.4
657.93 11.6
659.47 25.0
660.35 15.6
661.57 7.8
662.46 17.6
663.97 6.5
665.11 87.1
666.29 41.1
667.48 17.8
669.48 50.2
670.50 11.4
672.23 39.5
673.34 11.2
674.48 18.8
675.20 2.8
676.21 6.6
676.89 2.5
678.05 22.7
679.45 38.4
680.76 15.2
681.55 23.2
682.38 6.3
683.20 9.9
684.36 10.0
685.17 15.3
686.45 12.3
687.46 20.5
688.99 10.0
689.78 5.6
691.46 160.3
692.49 39.9
693.81 11.2
695.56 24.9
697.44 4746.2
698.54 169.8
700.32 9.5
701.18 2.3
702.98 3.4
704.62 9.0
705.48 10.5
706.64 3.6
707.45 7.7
708.67 5.8
709.54 8.3
711.27 7.0
712.68 10.0
713.40 1.6
715.91 6.3
716.63 4.4
717.32 4.0
718.47 3.5
721.19 2.5
723.41 2.8
724.58 13.9
725.32 3.2
726.42 15.0
727.38 2.5
728.77 10.1
731.21 48.6
732.43 176.7
733.44 15.1
734.47 712.6
735.29 22.9
741.56 2.2
743.43 14.9
744.62 40.7
745.56 12.3
746.41 13.9
747.18 7.6
748.04 11.8
748.93 6.7
749.68 3.4
750.37 1.3
752.14 9.6
753.24 18.6
754.42 55.2
756.18 3.7
758.71 4.4
760.11 3.2
760.75 10.8
761.65 6.9
762.67 4.0
763.60 9.7
765.44 4.3
766.41 5.6
768.57 5.3
770.33 108.8
771.42 54.4
772.47 5.9
773.57 6.7
774.87 8.0
775.60 6.0
776.61 3.9
777.69 1.3
781.66 5.8
782.85 10.9
783.55 3.9
787.32 3.8
788.39 10.0
789.69 1.2
791.41 1.0
793.57 1.5
794.69 13.3
795.33 3.8
796.58 3.5
799.70 11.4
800.39 2.3
801.54 5.7
802.70 4.6
803.42 7.7
804.57 12.7
805.35 2.6
809.21 6.7
811.45 17.9
812.70 22.6
813.55 2.5
814.46 1.2
815.67 17.4
818.64 18.0
819.62 5.0
820.65 4.3
823.11 1.5
824.59 6.0
825.30 1.6
826.07 4.1
827.08 3.5
827.71 3.5
828.50 1.5
830.04 9.0
831.56 2.3
835.39 4.1
839.55 5.4
842.53 9.9
843.39 13.6
844.47 12.3
845.54 7.0
847.79 2.6
848.82 4.5
855.74 7.8
857.59 2.8
858.38 4.1
859.49 8.6
861.54 13.7
862.52 48.9
863.27 14.5
870.32 3.6
872.45 2.9
873.42 3.8
874.50 5.5
877.47 5.6
881.52 4.0
882.40 2.6
884.09 11.6
885.14 1.7
888.50 1.9
889.28 1.6
895.38 1.4
900.06 32.6
901.28 8.6
904.29 1.2
912.34 3.4
917.38 148.1
918.43 62.7
919.55 16.7
936.92 5.2
945.46 3.2
952.49 7.5
958.56 1.8
967.36 2.4
975.33 2.0
984.60 3.9
989.62 2.0
