2161.11846 2
308.54 21.1
310.30 10.9
314.22 20.0
319.29 17.4
321.28 12.3
323.41 6.2
326.33 16.8
327.19 13.0
330.21 6.1
335.22 18.3
337.26 42.5
341.20 26.2
342.12 12.4
343.38 14.4
346.50 11.8
349.24 74.2
351.27 102.0
352.10 13.7
353.22 9.8
355.29 19.1
358.15 13.4
360.30 10.5
364.45 22.8
365.16 20.9
367.16 25.1
368.33 209.9
369.33 15.6
370.24 42.4
378.45 47.4
379.36 97.5
380.27 49.4
382.34 21.8
383.37 61.6
384.51 16.0
385.27 5.3
386.11 14.4
387.06 13.6
388.79 11.9
392.26 17.3
394.19 9.0
396.33 582.3
397.25 83.0
398.20 21.1
399.45 8.7
400.31 97.8
401.25 35.9
402.41 11.3
404.29 63.1
405.41 21.0
406.12 13.1
407.40 21.2
408.37 51.2
410.41 10.8
412.38 13.3
413.13 8.7
414.27 7.2
415.22 32.3
416.43 21.5
417.26 39.9
419.12 8.4
420.48 17.3
422.37 15.8
424.37 321.8
425.29 76.9
427.52 12.3
430.28 19.0
431.34 16.8
434.33 10.9
437.41 46.7
438.26 26.5
441.33 55.0
444.18 6.0
444.89 37.9
445.51 13.5
446.47 33.6
448.53 40.9
449.33 31.1
452.24 22.4
453.26 21.4
454.75 7.4
455.45 19.6
459.31 15.0
462.21 105.5
463.04 30.9
464.24 93.0
465.02 6.4
466.23 60.7
467.01 18.8
468.26 6.7
469.26 56.7
470.56 6.4
471.42 18.1
472.39 56.8
475.71 12.1
476.47 36.8
477.42 29.1
479.36 250.8
480.28 76.8
481.43 18.0
482.43 11.0
483.46 10.8
484.54 48.7
485.53 7.9
487.28 24.1
488.97 10.6
490.33 10.3
492.18 61.1
493.07 53.5
494.36 45.9
495.48 38.8
496.50 31.8
497.45 223.5
498.38 43.8
499.13 10.1
500.32 31.7
501.58 39.7
505.61 29.0
507.32 43.8
509.41 183.9
510.35 44.3
511.36 14.5
512.32 216.7
513.39 8.7
514.66 62.3
515.48 28.5
516.86 74.5
518.00 41.5
519.33 115.3
520.30 33.6
521.87 16.9
523.29 27.5
525.89 17.0
527.37 26.2
528.15 15.0
531.47 25.7
532.66 88.3
533.44 40.9
535.40 28.2
536.41 93.6
537.49 704.3
538.39 201.3
539.00 20.3
539.83 60.1
540.79 14.5
542.39 59.1
543.23 42.5
545.39 31.1
546.42 43.7
547.29 32.8
548.62 25.6
549.38 18.7
553.31 24.0
554.47 271.4
555.44 126.6
556.41 104.9
557.14 12.7
558.50 22.6
559.44 34.8
560.44 57.2
563.18 136.9
564.42 88.3
565.09 13.8
567.21 54.0
568.68 22.3
570.02 116.3
570.77 8.3
571.62 40.8
572.36 99.8
573.45 14.1
574.55 19.2
576.79 9.4
578.10 12.3
579.44 62.8
580.20 36.3
581.57 31.4
582.54 22.3
583.57 55.1
584.49 32.1
586.36 11.0
588.74 86.6
589.59 31.0
590.89 97.8
591.87 17.2
592.57 10.5
593.60 47.0
594.58 34.3
596.31 109.3
597.62 32.6
598.37 47.4
599.49 63.8
600.65 38.0
602.35 15.9
604.30 55.8
605.24 63.3
606.52 248.6
607.39 97.7
610.51 5.4
613.35 100.1
614.19 28.6
615.70 17.8
616.34 24.0
617.51 22.7
619.06 20.5
620.65 33.2
622.38 153.6
623.34 106.2
624.44 332.3
625.51 66.0
628.21 84.1
629.51 50.6
630.43 12.5
631.36 11.7
632.46 59.1
633.33 121.9
634.50 141.1
635.44 16.8
640.60 22.4
641.46 75.3
642.45 156.9
643.13 5.2
644.55 7.9
645.52 43.0
646.49 55.2
647.55 40.8
648.57 104.1
649.57 32.6
650.42 92.7
651.34 393.2
652.38 477.0
653.35 119.1
654.36 28.9
657.01 100.7
657.72 31.0
659.79 66.5
660.61 6.3
662.47 25.5
665.80 51.9
666.70 13.0
667.74 93.0
668.56 445.7
669.41 3629.4
670.39 775.0
671.48 85.3
672.42 34.1
673.15 6.7
674.30 16.8
675.39 13.1
676.71 29.7
678.26 39.3
679.39 11.6
680.29 5.9
682.91 26.9
686.38 4068.5
687.45 1111.2
688.52 117.5
689.59 46.7
690.27 6.0
691.40 27.0
693.07 47.5
694.32 290.0
695.51 52.7
697.06 71.2
697.69 9.8
698.60 32.1
699.43 17.0
700.24 17.1
701.48 8.8
702.15 10.5
703.49 141.4
704.46 30.2
706.14 39.9
707.72 17.2
709.47 168.4
710.56 79.4
711.50 105.7
712.56 6.2
713.42 26.6
715.34 155.4
716.37 57.3
717.28 52.4
718.73 171.5
719.52 166.5
720.72 183.9
721.55 416.3
722.57 133.2
723.61 69.6
724.43 187.0
725.04 136.8
726.18 22.5
727.46 9.8
728.41 46.5
729.68 375.1
730.44 20.5
733.52 78.9
734.44 45.3
735.67 29.1
737.39 530.7
739.42 8737.6
740.48 2270.0
741.45 204.0
743.58 7.7
744.32 30.3
746.96 20.1
747.70 7.9
748.39 14.0
750.54 9.4
751.62 18.8
753.61 7.8
755.40 71.9
756.24 61.8
757.27 58.4
758.57 27.0
761.65 77.4
763.45 79.4
764.40 21.4
765.12 59.5
765.94 102.0
766.58 96.2
768.29 61.1
770.61 19.6
772.59 69.4
773.32 25.1
774.37 20.2
775.44 13.4
776.31 50.0
778.19 156.7
780.61 20.9
781.70 278.6
782.66 20.5
784.08 31.8
784.69 23.6
787.24 594.0
788.30 92.5
789.36 15.0
790.73 11.4
791.80 50.1
792.90 42.0
793.87 51.1
795.34 60.0
796.29 110.5
797.10 126.5
798.28 131.2
799.61 66.5
800.73 43.5
801.83 67.9
803.21 45.8
804.57 7.5
805.59 90.5
806.69 306.8
807.58 109.6
808.53 149.4
809.57 84.7
810.60 75.2
811.32 23.3
812.62 13.7
814.29 177.3
815.68 425.8
817.17 434.5
818.40 113.3
819.81 97.9
820.61 39.8
821.27 33.4
822.86 136.4
824.24 140.1
825.30 139.9
826.51 501.7
827.62 150.5
828.32 110.1
829.66 98.5
830.42 101.8
832.35 425.9
833.46 216.8
834.45 40.8
835.55 25.7
837.11 46.5
839.20 32.3
840.18 125.5
841.11 17.5
841.93 152.2
842.74 30.6
843.67 83.2
844.47 44.6
845.48 359.4
846.56 134.4
847.91 99.5
849.44 857.7
850.46 410.2
851.81 65.4
852.59 79.4
853.40 40.0
854.37 31.2
855.74 89.1
857.20 356.5
858.21 124.0
859.60 62.1
860.61 54.1
861.65 163.2
862.38 72.7
863.14 17.6
864.60 94.1
865.75 639.0
866.62 68.9
867.44 181.7
868.65 83.1
870.68 793.8
871.84 397.8
873.11 142.1
874.23 65.1
874.93 105.5
876.24 142.0
877.48 751.0
878.51 162.7
879.55 4032.9
880.28 2948.2
881.83 71.5
882.54 57.7
883.53 117.5
884.53 146.6
885.63 112.8
886.69 102.1
887.41 43.0
888.45 98.7
889.74 34.8
891.07 59.0
892.17 69.6
893.78 15.1
895.50 1586.5
896.59 812.9
897.55 169.7
898.23 33.8
899.78 24.7
900.49 32.4
901.34 118.2
902.51 47.0
903.30 82.0
904.37 243.9
905.25 203.0
906.19 70.3
908.95 104.5
909.61 65.2
911.62 257.7
913.51 3279.2
914.57 1097.9
915.46 163.5
916.86 27.9
918.69 211.5
919.45 220.4
920.50 41.1
921.93 662.6
922.68 596.4
923.41 63.3
924.46 16.2
925.24 23.7
925.96 12.7
927.33 775.4
928.34 301.2
929.43 30.9
930.55 243.6
931.68 163.2
932.60 47.3
934.05 124.8
936.07 4108.8
936.82 4402.1
938.87 41.1
939.64 271.4
940.37 13.9
941.22 58.0
942.21 46.2
942.91 29.5
944.87 69.3
945.88 19.7
946.81 30.9
947.61 27.2
948.27 80.8
949.03 23.7
950.13 42.8
951.33 149.3
952.11 13.6
953.70 25.7
955.10 144.8
955.81 152.9
956.68 120.0
957.51 31.7
958.48 311.9
959.34 567.0
960.70 57.3
962.21 50.0
963.12 36.6
964.81 1816.9
965.70 165.3
966.59 37.5
967.78 270.1
968.94 404.9
969.79 7.9
970.39 18.8
971.60 229.4
972.54 236.1
973.63 60.1
974.95 79.9
977.45 3795.4
978.26 1673.2
979.39 60.3
980.23 12.2
981.27 27.3
982.48 704.9
983.60 271.3
984.55 95.4
985.55 660.8
986.47 1855.3
987.22 953.8
988.50 124.2
989.31 43.4
990.83 138.6
991.64 147.1
992.64 134.3
993.45 274.1
994.35 171.3
995.18 148.4
995.84 50.3
997.11 163.4
997.78 110.0
998.65 44.1
999.52 73.2
1001.24 186.7
1002.36 98.0
1003.18 22.8
1004.86 107.2
1006.43 1382.7
1007.19 350.2
1008.43 125.4
1009.14 88.6
1011.99 155.3
1012.77 54.0
1013.65 102.4
1015.39 3190.9
1016.30 635.8
1017.08 30.7
1018.19 42.5
1019.56 425.8
1020.58 383.6
1021.55 123.2
1022.81 67.1
1023.86 780.8
1024.75 806.4
1025.81 19.2
1027.64 97.4
1028.79 319.3
1029.58 243.1
1031.01 46.5
1031.72 9.5
1032.58 214.4
1033.45 211.5
1034.32 56.4
1035.39 9.4
1036.99 642.5
1037.65 300.0
1038.66 98.9
1040.04 249.6
1040.86 265.1
1041.69 999.0
1042.74 144.4
1043.68 14.3
1044.55 40.3
1045.90 615.1
1046.75 194.9
1048.49 700.6
1049.27 908.3
1050.38 2326.1
1051.43 462.3
1052.46 181.5
1053.48 9.0
1054.87 4329.1
1055.68 796.4
1056.28 45.7
1057.47 787.7
1058.43 1452.8
1059.21 2250.8
1060.22 137.4
1061.58 14.4
1063.58 8970.0
1064.26 13709.3
1065.13 515.0
1066.29 76.3
1067.55 44.5
1068.48 36.8
1086.57 20.4
1087.51 6.5
1088.61 54.5
1091.77 12.9
1092.69 13.5
1094.23 37.2
1095.06 17.6
1095.77 63.7
1097.50 13.7
1098.43 33.8
1099.57 43.6
1100.91 11.2
1102.79 34.2
1103.74 73.9
1104.60 58.7
1105.95 24.6
1106.66 9.1
1109.59 23.6
1110.41 23.8
1112.70 22.1
1114.75 5.8
1116.32 175.8
1117.55 116.8
1120.87 114.1
1121.83 25.1
1122.91 38.6
1123.91 5.8
1124.81 7.2
1126.17 17.3
1126.79 5.3
1128.93 63.8
1130.68 14.1
1132.59 410.0
1133.38 209.8
1134.57 101.3
1135.71 13.6
1136.70 25.6
1138.67 1620.9
1139.69 657.7
1140.62 62.3
1141.71 24.8
1142.87 14.1
1144.11 22.1
1145.33 35.6
1146.55 18.6
1147.81 16.9
1150.64 26.1
1151.40 59.0
1153.67 33.2
1156.63 255.3
1157.58 82.9
1158.77 5.6
1160.51 7.1
1162.53 436.5
1163.54 145.7
1164.80 42.6
1165.41 21.5
1168.75 6.3
1172.77 7.2
1174.52 11.0
1179.56 484.4
1180.65 225.9
1181.77 54.7
1183.27 40.8
1184.10 12.6
1184.82 6.9
1185.67 14.2
1186.70 40.7
1187.66 37.3
1188.84 68.9
1189.68 100.8
1190.72 40.6
1191.76 24.5
1192.65 12.7
1195.63 79.8
1196.54 225.4
1197.72 62.4
1198.76 64.8
1201.63 17.7
1202.69 16.7
1203.73 27.1
1204.71 30.5
1205.72 59.5
1206.81 49.0
1207.72 468.2
1208.73 78.9
1209.66 33.3
1211.68 12.4
1212.92 42.4
1213.61 328.5
1214.63 279.8
1215.74 216.8
1216.83 15.7
1218.64 15.4
1219.70 5.8
1221.16 63.6
1221.77 68.4
1222.81 45.9
1225.75 566.5
1226.74 248.0
1228.14 20.0
1230.92 603.8
1231.63 2484.7
1232.71 1435.0
1233.70 438.5
1234.68 184.9
1235.79 62.1
1237.02 10.3
1237.64 7.0
1239.76 6.9
1241.66 21.6
1243.58 107.5
1244.51 6.6
1245.41 19.2
1248.67 3021.8
1249.76 1485.7
1250.65 154.6
1252.16 50.7
1253.57 51.6
1255.14 12.3
1256.07 41.0
1258.05 41.7
1258.97 17.4
1260.46 28.3
1264.88 29.8
1265.62 68.0
1266.71 103.1
1267.64 77.3
1268.85 8.7
1269.91 13.9
1272.08 73.8
1272.88 15.2
1273.88 20.2
1274.61 26.2
1276.68 179.3
1277.92 147.0
1278.82 75.7
1279.94 25.1
1282.65 47.4
1283.71 23.2
1285.08 68.8
1285.81 33.2
1288.93 5.4
1289.75 13.7
1290.61 163.3
1291.69 49.7
1292.70 38.2
1294.69 651.3
1295.70 502.0
1296.77 87.5
1297.65 28.3
1299.11 37.8
1301.54 126.4
1302.61 17.9
1306.73 23.5
1308.90 38.7
1309.81 76.6
1310.71 58.1
1311.56 5.5
1312.76 287.4
1313.65 262.0
1314.74 26.2
1318.04 56.9
1318.72 211.9
1319.81 212.6
1320.62 32.8
1322.00 20.0
1325.91 39.2
1327.35 43.6
1329.63 18.8
1330.60 19.5
1332.46 34.4
1334.73 204.4
1335.59 243.5
1336.60 255.0
1337.61 33.3
1339.07 23.4
1339.85 8.1
1341.11 8.1
1342.85 11.3
1343.87 38.2
1345.10 28.1
1346.05 35.6
1346.70 23.3
1352.56 9.5
1353.75 12.1
1358.15 60.3
1358.76 10.5
1359.55 20.0
1361.80 45.9
1368.76 93.3
1369.60 38.1
1370.78 44.9
1371.61 22.2
1374.68 27.3
1375.91 29.2
1377.81 44.7
1379.17 35.2
1380.09 16.9
1380.78 26.8
1383.99 36.4
1384.72 26.9
1385.76 34.6
1386.75 108.8
1387.77 435.0
1388.81 137.5
1389.89 161.6
1390.55 7.7
1392.88 14.8
1395.83 36.2
1397.90 10.7
1398.88 21.6
1399.61 5.8
1400.63 16.3
1401.84 51.4
1402.62 31.2
1404.20 346.7
1405.69 3958.1
1406.68 1964.4
1407.67 489.3
1408.62 95.0
1409.95 21.0
1410.77 13.4
1411.90 23.9
1412.86 206.1
1413.84 376.4
1414.85 125.4
1415.72 12.5
1417.15 56.8
1417.86 10.5
1418.88 17.9
1419.71 15.0
1420.76 13.5
1422.70 2301.1
1423.74 1571.0
1424.77 236.2
1425.97 16.9
1427.75 113.5
1428.75 69.5
1430.08 197.9
1430.77 448.3
1431.82 331.7
1432.71 38.5
1435.85 39.6
1436.67 6.9
1439.93 158.9
1440.81 151.0
1441.81 47.5
1442.93 25.2
1443.77 51.5
1445.79 70.4
1446.95 106.9
1447.83 512.7
1448.91 364.5
1449.87 61.3
1453.87 27.5
1457.78 2622.9
1458.86 1594.0
1459.82 346.1
1461.15 43.4
1462.00 9.2
1473.85 9.9
1475.81 6685.3
1476.82 3807.1
1477.97 631.6
1480.77 9.6
1481.90 11.6
1484.93 7.4
1492.78 21.7
1494.91 19.7
1498.84 21.7
1502.78 145.1
1503.59 12.4
1504.58 6.5
1508.01 17.3
1511.31 20.1
1511.98 19.4
1513.21 10.9
1519.97 144.2
1520.77 342.6
1521.84 259.1
1522.78 33.6
1524.62 18.2
1527.98 16.8
1530.80 186.6
1531.71 111.0
1532.32 18.8
1532.93 22.8
1534.87 15.8
1537.83 179.7
1538.94 106.7
1543.25 31.5
1544.07 29.2
1545.06 29.2
1549.74 18.6
1552.37 11.1
1553.11 12.1
1553.95 28.1
1554.66 34.0
1556.75 20.3
1559.54 15.9
1560.60 13.8
1561.92 72.4
1563.26 23.2
1564.18 21.1
1565.07 17.7
1570.78 64.6
1571.82 25.0
1572.82 108.8
1573.91 56.6
1574.92 23.2
1581.46 30.3
1582.07 53.9
1582.90 28.0
1584.31 35.0
1584.95 7.7
1589.79 22.1
1591.02 75.1
1591.98 10.2
1592.73 12.0
1593.50 31.5
1595.04 24.1
1598.80 19.5
1599.71 12.6
1601.10 16.0
1602.51 57.0
1603.34 16.9
1606.83 58.8
1607.82 545.5
1608.87 231.0
1609.68 64.2
1612.68 21.2
1613.30 14.0
1614.54 12.0
1615.67 9.1
1617.27 26.9
1624.03 49.4
1624.82 274.8
1625.86 258.0
1629.86 199.0
1630.83 207.0
1632.11 42.6
1632.99 43.6
1634.16 9.1
1639.83 37.3
1641.11 20.1
1644.07 48.1
1645.13 40.6
1646.08 11.6
1647.19 20.2
1648.16 36.1
1655.96 28.3
1657.71 26.0
1659.07 6.0
1663.16 21.8
1675.70 5.8
1679.14 9.3
1684.56 14.8
1687.01 14.6
1695.71 27.9
1696.69 6.2
1700.03 35.3
1701.14 20.2
1701.99 17.4
1702.74 16.2
1703.88 57.1
1704.88 8.7
1705.63 14.1
1706.97 7.1
1710.98 47.6
1712.28 5.8
1712.97 19.7
1715.12 9.5
1715.86 18.1
1717.71 60.4
1719.56 32.5
1720.95 360.4
1722.07 254.4
1722.91 19.4
1725.20 14.6
1726.91 82.8
1727.52 24.7
1728.31 28.1
1729.17 18.1
1730.00 6.2
1732.43 43.4
1737.94 192.6
1738.89 83.5
1739.78 61.2
1740.67 28.6
1744.73 51.9
1745.89 108.7
1746.66 21.5
1755.96 14.1
1757.90 38.0
1759.02 96.1
1759.81 24.4
1762.00 11.4
1763.80 31.8
1775.58 9.0
1777.95 24.3
1784.32 25.9
1785.14 16.6
1802.30 11.7
1803.16 7.0
1803.87 19.9
1815.58 12.0
1818.71 15.8
1819.89 104.9
1821.07 22.9
1827.12 10.5
1830.77 38.2
1831.88 10.2
1837.12 23.1
1840.95 8.4
1847.15 9.1
1854.45 8.7
1855.34 13.8
1868.82 11.1
1871.10 36.8
1872.16 35.0
1873.04 27.1
1874.42 17.5
1875.12 39.2
1880.91 23.1
1881.63 10.9
1882.77 6.2
1883.95 22.7
1884.89 10.1
1890.21 32.0
1892.32 32.9
1898.17 12.8
1899.33 46.2
1900.15 100.1
1901.07 133.4
1902.12 39.8
1902.98 6.3
1904.06 32.6
1916.78 866.2
1917.42 191.1
1918.07 967.2
1919.16 128.9
1920.04 6.2
1924.65 23.3
1934.01 660.7
1935.12 556.5
1936.07 255.5
1943.68 10.2
1951.99 22.5
1955.43 21.2
1969.94 8.4
1971.10 13.4
1972.46 10.9
1987.94 51.2
1989.25 36.1
1990.03 12.0
1999.18 6.5
