772.50621 2
119.24 1.8
127.26 1.2
129.21 11.7
130.24 32.6
131.23 15.6
132.27 3.5
133.06 3.7
136.21 9.7
139.08 2.3
143.10 2.7
151.02 3.2
155.10 1.8
156.10 5.2
157.23 1.6
158.13 6.3
159.03 1.4
161.16 4.9
165.08 3.0
166.18 9.7
169.05 1.4
175.25 120.6
176.26 6.0
177.13 2.5
182.33 3.3
184.23 3.8
185.04 4.2
186.20 2.3
187.20 4.1
191.56 3.2
193.07 2.5
194.30 1.8
197.29 1.5
201.19 2.3
202.80 3.1
208.24 29.7
209.24 2.6
210.06 3.3
213.48 10.8
214.24 9.7
215.16 2.1
219.34 1.0
221.35 3.7
222.29 1.1
223.04 1.8
225.17 164.5
226.16 5.8
227.19 4.5
228.22 5.5
230.24 1.2
231.13 7.6
232.26 4.7
234.17 2.2
234.79 2.4
240.36 1.1
241.34 16.2
242.25 153.7
243.12 12.8
244.82 2.2
246.37 2.7
249.95 16.9
251.10 6.1
253.10 1.6
254.03 3.0
255.06 10.0
256.08 14.5
257.37 12.8
258.25 15.0
259.47 1.6
260.21 5.2
262.23 7.1
264.95 2.0
266.30 57.7
267.44 1.3
271.26 4.4
272.88 41.0
274.00 11.2
276.24 69.8
277.27 19.7
278.24 2.6
280.20 2.4
280.93 1.3
282.14 11.3
283.15 2.1
285.25 9.6
286.25 1.9
287.31 4.4
289.44 3.8
290.53 6.4
291.27 10.0
292.23 11.9
292.93 23.2
294.15 12.9
296.05 9.5
297.39 17.0
299.04 22.4
300.46 23.8
301.97 6.8
303.15 5.6
304.45 5.7
307.01 2.5
308.52 23.7
309.57 11.2
311.40 12.8
312.84 82.2
313.78 12.0
315.21 6.8
316.27 7.7
316.97 3.1
318.86 4.7
321.60 285.3
322.36 26.5
323.19 4.5
325.31 13.1
326.19 15.8
327.10 14.2
328.26 2.2
330.31 350.4
331.36 3.2
333.90 33.9
334.88 8.2
335.83 41.4
336.82 7.8
338.76 4.0
340.04 19.6
341.07 20.9
342.06 15.9
342.80 25.7
343.48 12.0
344.23 2.8
345.27 3.6
345.93 11.9
347.52 30.7
348.93 4.2
349.97 1.4
351.50 18.5
352.44 14.9
353.50 1.7
354.28 6.5
355.95 107.5
357.05 16.2
358.12 7.5
358.78 9.3
360.73 47.2
361.39 8.8
362.02 2.8
363.46 56.8
364.90 408.3
366.07 30.9
367.25 3.7
368.45 107.5
369.59 455.7
371.00 13.1
371.76 12.9
372.41 72.4
373.48 13.5
374.45 28.3
375.39 26.7
376.41 3.6
378.09 368.5
378.85 70.9
379.66 6.0
380.78 9.6
392.31 2.7
397.49 9.8
400.87 6.7
401.48 5.5
411.37 4.1
413.95 15.9
415.47 44.6
416.28 9.0
418.32 2.1
420.79 9.4
421.84 6.2
422.76 3.2
424.39 35.6
427.59 3.2
428.52 7.8
429.25 6.5
432.31 119.5
433.47 8.7
434.41 6.2
435.52 7.9
436.37 13.5
437.83 5.7
440.59 1.6
442.41 3.5
446.61 2.2
448.66 7.6
449.47 6.9
451.53 3.1
453.29 6.2
454.55 13.4
458.68 8.3
464.21 5.1
467.36 9.0
468.45 40.8
469.78 18.7
470.46 8.6
471.39 30.9
472.52 10.2
473.46 5.2
474.58 2.3
476.10 9.9
476.77 5.4
479.12 9.5
480.62 3.1
484.53 2.5
485.36 4.6
486.64 36.1
487.56 12.2
489.36 30.4
490.28 5.6
491.64 5.8
494.08 6.3
496.53 11.9
497.43 50.1
498.45 15.6
502.53 8.9
504.44 2.6
505.67 11.2
506.91 3.2
507.63 4.5
509.47 7.3
512.53 15.9
514.32 336.5
515.36 104.8
516.56 2.9
518.16 1.6
520.15 6.8
522.52 21.2
523.67 16.3
525.60 9.4
526.38 1.8
527.23 11.9
527.99 14.7
530.27 5.9
531.43 525.6
532.51 132.5
533.25 2.6
535.43 12.3
536.16 16.6
537.39 23.5
541.65 3.1
542.46 3.3
543.31 3.6
544.47 3.4
547.38 3.1
549.29 2.0
550.99 3.1
552.35 7.0
553.82 4.5
554.50 51.6
555.40 8.5
557.74 1.7
558.69 2.6
562.20 5.9
563.44 6.3
565.74 3.7
567.36 1.0
568.23 3.4
570.47 48.0
571.46 11.2
572.42 14.0
573.29 7.6
575.22 1.5
578.54 11.9
580.03 2.4
581.42 17.0
582.69 8.1
583.50 2.3
587.04 3.6
592.54 7.5
594.46 2.8
596.43 1.7
598.51 140.9
599.40 32.9
600.67 2.1
605.28 7.3
607.71 1.5
614.86 9.0
615.80 30.5
616.51 179.0
617.41 44.9
618.49 3.4
621.36 2.5
623.39 18.8
624.40 12.9
625.46 53.2
626.29 13.3
627.43 8.3
636.47 2.2
639.22 4.4
641.77 16.1
642.48 62.0
643.45 23.6
651.37 3.3
652.46 6.0
659.51 133.4
660.52 42.2
670.39 22.5
671.48 6.0
674.23 2.3
683.35 1.9
713.96 3.1
728.83 3.1
733.26 2.1
737.41 4.1
782.60 3.6
