2808.29755 5
159.16 67.8
160.20 16.1
162.27 4.5
163.94 11.1
166.01 9.5
167.31 23.1
168.22 41.2
169.21 38.0
170.28 65.6
171.23 35.4
173.30 7.9
175.06 43.8
177.03 39.2
178.24 14.3
180.10 20.8
181.19 42.2
182.11 49.0
182.83 4.1
184.16 177.1
185.10 58.6
186.22 58.8
187.08 299.8
188.17 91.5
190.29 6.9
193.47 4.5
194.20 7.2
196.12 93.0
197.22 62.8
198.29 44.8
199.18 76.0
200.14 36.8
201.20 17.1
202.11 49.5
203.14 39.2
204.07 2.8
208.39 19.5
211.21 17.8
212.10 10.6
213.27 37.1
214.21 29.5
215.27 37.1
216.18 177.2
217.00 2.9
218.07 7.0
219.26 9.7
221.37 8.5
223.99 7.6
225.16 11.3
226.49 13.6
227.45 5.9
228.21 15.8
229.30 28.4
229.96 2.9
231.20 25.2
232.15 6.7
232.79 5.3
234.24 13.2
235.27 7.0
236.25 25.5
237.35 9.4
238.26 24.3
239.20 10.5
240.57 55.9
241.24 301.3
242.24 258.0
244.28 4.0
246.32 8.0
247.05 2.9
251.14 13.1
252.18 4.4
253.23 16.4
253.88 5.8
255.35 9.5
256.31 5.4
258.18 617.7
259.26 705.5
260.22 13.3
262.45 26.5
263.29 46.9
264.14 4.1
265.07 4.4
267.19 58.4
268.34 21.0
269.24 67.0
270.19 34.2
271.32 7.2
272.45 44.3
273.29 5.4
274.23 38.6
276.15 640.9
277.18 513.5
278.01 7.6
279.31 17.6
280.20 14.2
280.88 9.5
282.20 11.1
283.30 6.6
284.30 15.8
286.08 1642.6
287.15 1503.1
288.37 26.9
290.28 26.9
291.26 53.6
292.34 40.8
294.79 308.9
295.50 22.2
296.13 45.2
297.26 37.4
298.14 68.7
299.21 63.0
299.86 8.0
301.52 6.0
302.38 11.6
303.38 6.7
306.54 14.5
307.28 18.1
308.29 36.9
309.43 11.1
310.29 5.4
311.23 5.5
312.31 78.6
313.19 131.5
314.20 56.7
315.26 39.3
316.26 41.6
317.11 11.9
319.35 13.8
322.02 8.3
323.45 12.6
324.39 6.2
325.38 4.2
326.18 6.2
327.16 37.3
328.33 23.2
329.12 27.8
330.52 13.5
331.24 50.9
333.20 5.1
334.21 9.7
335.18 8.0
336.14 12.3
337.00 9.5
338.37 3.1
339.31 7.4
340.25 47.5
341.22 248.1
342.63 40.2
343.37 16.8
344.26 20.5
346.09 10.0
347.20 14.3
348.34 12.2
349.21 39.6
349.95 9.0
351.38 75.2
352.32 9.3
353.32 10.2
355.08 13.1
356.35 30.4
357.35 31.3
358.21 44.8
359.01 10.5
360.42 3.3
361.13 18.5
363.89 15.7
364.96 10.8
365.57 3.5
366.18 17.8
367.21 27.1
368.25 46.6
369.22 116.4
370.19 26.0
371.44 22.4
372.98 80.8
374.24 202.8
375.12 22.8
376.40 8.3
381.42 31.2
383.09 9.8
385.25 832.0
386.23 2057.7
387.19 14.9
387.80 9.3
388.70 5.6
391.11 9.8
393.05 62.2
394.24 20.9
395.36 25.9
396.96 54.8
397.64 5.4
399.16 55.8
400.12 21.0
401.44 31.2
402.29 66.1
403.19 7.7
404.41 8.0
405.18 12.7
407.50 6.5
409.50 6.5
410.15 26.4
411.37 13.1
412.54 18.8
413.35 3.0
414.27 37.2
414.91 13.2
416.18 5.1
417.63 9.8
418.30 25.3
419.33 4.9
420.38 12.0
421.34 13.7
424.11 14.7
425.53 31.2
426.21 58.7
427.29 142.7
428.36 72.7
429.28 16.1
430.09 22.8
432.69 18.5
433.55 41.6
434.37 51.4
435.58 37.9
436.25 33.0
436.85 50.4
438.20 10.3
439.25 40.4
440.04 17.5
441.62 40.1
442.44 38.2
443.28 10.1
444.36 41.4
445.30 269.7
446.50 27.4
447.34 10.0
448.22 72.7
449.34 19.1
450.27 55.6
452.20 34.4
453.73 12.7
454.36 81.4
455.34 347.1
456.22 60.1
457.33 18.6
458.51 69.4
459.24 32.8
461.29 9.0
463.97 21.3
464.73 15.1
465.42 28.1
466.34 29.9
468.24 54.7
469.29 62.5
470.17 43.7
471.22 36.4
472.42 204.2
473.31 1158.4
474.45 55.3
475.92 7.8
476.87 17.8
478.06 8.4
478.92 16.1
479.58 40.8
480.18 24.7
481.42 57.0
482.16 97.7
483.96 190.7
484.75 29.5
485.39 71.0
487.62 28.2
488.37 21.5
489.13 97.1
491.33 77.6
492.09 20.9
493.36 34.8
494.12 20.8
495.86 183.1
496.57 40.3
497.52 27.1
498.40 46.6
499.35 133.2
500.39 99.1
501.24 68.9
502.58 65.4
503.25 32.4
504.45 89.1
505.62 86.9
506.31 14.6
507.10 70.0
508.69 27.2
509.61 131.6
510.64 74.3
511.52 70.3
513.29 226.0
514.27 48.8
515.48 71.9
516.47 441.6
517.52 522.6
519.14 567.1
520.05 136.3
521.37 176.6
522.53 101.8
523.85 130.3
524.70 910.7
525.36 65.9
526.37 415.9
527.32 240.1
528.53 74.4
529.85 321.5
530.86 116.5
531.66 86.6
533.27 722.6
534.18 286.2
535.50 243.9
536.55 594.0
537.22 1389.8
538.45 356.7
539.26 692.3
540.38 928.5
541.41 290.1
542.37 697.1
543.19 486.6
544.43 1511.3
545.37 581.8
546.59 869.3
548.21 582.1
549.52 3206.2
550.23 2662.8
551.58 855.5
552.24 2251.0
553.40 2197.3
554.43 93.8
555.71 27.1
557.06 19.5
558.04 4.0
559.05 6.6
561.84 3.2
567.05 97.4
568.45 14.0
569.67 50.3
570.64 20.6
571.51 28.2
572.48 35.2
574.04 200.5
575.28 159.0
576.39 43.0
577.31 50.8
578.01 199.7
579.47 58.0
580.60 75.9
581.40 108.0
582.47 115.8
583.56 49.3
584.72 93.5
585.37 92.2
586.48 33.4
587.82 128.1
588.46 89.8
589.21 27.0
590.35 17.2
591.38 126.2
592.38 57.4
593.76 100.9
595.18 335.5
595.97 18.4
597.63 97.6
598.33 352.1
599.42 523.5
600.11 189.9
601.11 5.0
602.57 460.7
603.56 126.9
604.90 151.8
605.90 11.1
606.89 24.6
607.83 28.9
609.07 239.9
609.98 48.0
611.63 170.5
612.97 114.1
613.72 1388.3
614.77 132.5
615.81 282.4
616.47 1026.1
617.41 134.0
618.48 44.8
619.44 151.6
620.55 2707.1
622.24 102.7
623.00 581.9
624.30 644.6
624.95 351.1
626.80 537.8
627.48 956.0
628.77 354.4
629.75 53.9
630.88 338.2
631.85 744.2
632.71 3.4
633.40 72.5
634.31 32.2
635.52 39.2
636.54 127.7
637.76 513.9
638.75 75.8
639.56 204.4
640.24 102.9
640.98 613.5
641.62 365.2
642.38 420.5
643.30 66.8
644.19 306.9
644.93 1579.6
645.93 942.7
646.70 584.9
647.93 1354.8
648.72 1524.0
649.47 2177.3
651.16 379.0
652.19 2348.2
653.51 1014.8
654.49 222.7
655.32 357.6
656.60 1791.8
657.40 267.5
658.37 191.2
659.27 251.0
660.12 155.5
661.40 1289.3
662.54 709.2
663.69 398.4
664.60 70.4
665.82 1533.8
666.89 2454.2
668.13 149.1
669.59 1162.4
670.71 5565.0
672.03 152.1
672.71 374.5
673.89 1422.8
674.72 2428.1
675.46 1414.3
676.68 449.8
678.24 2998.9
679.24 91.8
680.71 323.4
681.70 81.3
682.79 82.4
683.62 192.4
684.69 376.5
685.61 61.4
686.54 18.0
688.09 481.1
689.67 879.9
690.59 33.0
692.39 264.5
693.53 267.3
694.45 671.2
695.41 77.6
697.20 173.5
698.31 368.0
699.07 5409.4
700.07 181.6
701.46 23.5
702.63 152.4
703.79 58.0
704.79 75.8
705.97 48.0
707.66 29.6
708.46 84.7
709.34 54.4
710.56 22.9
711.65 51.2
712.72 29.2
713.69 42.0
714.45 24.9
715.57 50.0
716.47 82.9
717.36 49.9
718.34 38.3
718.97 89.3
719.93 62.7
721.43 44.9
722.71 648.7
724.69 27.7
725.97 304.9
727.43 449.5
728.37 39.7
729.68 56.2
731.46 989.2
732.24 3560.5
733.60 49.9
734.48 24.9
735.82 203.2
737.17 1010.7
738.19 46.2
739.23 22.0
740.24 10.4
741.48 46.7
742.13 25.8
742.86 17.6
743.49 16.2
744.40 32.0
745.59 29.1
747.04 55.0
748.00 51.6
749.32 29.1
750.39 4.8
751.03 15.4
752.29 40.1
753.34 19.4
754.29 64.3
755.77 20.6
756.40 7.6
757.86 38.5
758.82 45.1
759.72 47.5
760.72 192.8
762.08 16.1
764.14 156.2
765.12 557.1
766.31 497.9
767.36 7.1
768.20 65.5
769.39 227.4
770.18 464.1
770.96 151.4
771.85 67.9
772.98 11.9
773.85 28.2
774.66 25.1
776.11 27.1
777.35 64.4
778.23 16.7
778.88 15.7
779.55 9.7
780.95 25.7
782.00 11.1
783.40 114.6
784.25 30.9
785.46 67.6
786.21 124.8
787.47 94.6
788.38 121.0
789.39 288.2
790.20 30.4
791.14 25.8
792.23 7.4
793.40 263.0
794.22 38.6
795.56 43.6
796.57 36.1
797.47 141.8
798.68 248.1
799.54 202.6
800.23 57.7
802.12 120.3
803.14 654.0
804.20 59.4
804.85 29.5
807.37 23.0
808.98 571.8
809.69 19.1
810.30 50.3
812.04 60.9
812.72 23.3
814.00 80.0
815.43 46.2
816.28 9.9
817.06 29.0
818.72 27.8
820.02 83.4
820.68 82.9
821.43 39.3
822.08 37.5
822.81 20.6
823.65 33.8
824.40 45.3
825.31 21.1
826.23 229.5
827.14 477.9
828.02 26.4
829.62 22.1
830.41 9.1
832.35 463.6
836.01 357.9
836.86 76.7
837.71 78.6
838.64 85.5
839.26 4.5
841.63 439.4
842.38 709.3
843.61 21.7
845.57 15.3
846.27 4.9
847.39 21.9
848.48 13.5
849.09 80.8
850.03 30.9
851.48 15.5
852.49 29.7
854.34 57.4
855.25 257.1
856.58 18.0
857.38 3.7
858.28 43.9
859.28 154.0
861.08 490.7
862.12 47.3
862.77 3.3
863.86 50.0
864.93 187.0
865.76 101.3
866.61 20.5
867.66 5.7
868.83 34.5
869.62 35.9
870.74 158.7
871.54 183.3
873.20 15.5
874.53 12.6
875.24 12.8
876.57 17.4
879.25 26.8
880.07 8.5
881.78 52.7
882.56 23.5
884.17 24.5
886.52 28.4
887.53 65.9
888.82 6.0
890.36 5.0
894.49 19.0
895.45 5.6
897.31 38.8
898.40 7.0
899.60 30.6
901.18 6.5
905.25 8.2
909.53 42.0
911.51 28.7
913.04 12.4
913.81 11.6
914.42 2.9
916.70 7.0
918.12 8.8
918.95 9.3
919.90 6.9
920.57 23.9
922.63 23.8
924.02 9.5
925.40 4.8
926.62 41.2
931.51 17.7
932.57 38.5
933.47 11.6
935.63 3.9
936.23 3.9
939.09 6.0
944.67 8.8
946.58 17.0
947.63 3.6
948.48 19.7
950.49 7.6
951.40 8.7
959.66 17.0
960.59 7.3
965.43 6.9
967.29 11.1
969.83 28.7
970.60 12.1
971.37 15.4
972.60 14.6
973.62 2.8
974.66 21.4
975.59 8.0
977.47 19.8
978.50 16.1
979.62 3.4
981.95 29.6
982.86 25.9
985.49 5.2
990.36 36.6
991.20 30.1
992.03 25.9
992.68 65.3
993.69 28.3
995.56 10.2
998.42 25.6
1000.54 16.2
1001.66 8.5
1005.63 12.6
1009.23 15.8
1012.39 41.5
1013.50 29.0
1016.40 9.8
1018.25 28.9
1019.04 15.3
1019.89 8.2
1022.66 11.4
1032.47 19.6
1033.26 5.6
1037.23 15.3
1038.17 5.3
1039.24 27.4
1042.46 29.9
1047.06 7.9
1050.69 15.6
1060.96 9.5
1068.24 3.8
1073.91 22.6
1078.50 17.2
1079.37 3.3
1083.49 6.9
1085.86 15.8
1088.73 28.7
1089.52 5.2
1095.87 7.8
1098.22 21.0
1101.72 19.3
1102.43 4.1
1103.60 6.9
1104.63 5.7
1105.61 23.3
1106.64 3.8
1107.50 3.9
1122.26 10.9
1128.37 2.8
1138.77 6.0
1141.21 17.7
1147.85 9.1
1181.70 4.2
1185.75 11.3
1198.77 9.0
1199.65 8.8
1200.56 5.7
1248.44 4.4
1249.74 6.7
1262.09 5.4
1275.63 6.7
1282.92 6.0
1307.74 17.5
1311.90 6.3
1334.62 9.3
1361.72 3.0
1367.77 6.3
1374.69 8.7
1383.61 3.9
1406.66 2.9
1418.73 6.5
1421.01 14.7
1421.88 5.1
1431.06 3.2
1433.68 5.4
1448.66 8.8
1468.43 5.4
1497.91 3.5
1502.17 2.9
1534.84 4.9
1550.82 4.7
1559.88 5.5
1574.48 6.2
1594.39 4.9
1598.83 11.1
1609.86 4.6
1657.18 5.2
1679.69 3.1
1693.03 3.5
1782.73 21.3
1802.29 7.4
1839.78 7.4
