1808.88286 2
255.40 2.3
265.34 3.0
270.02 3.2
275.28 5.3
283.38 3.0
294.16 2.5
299.37 4.4
300.38 4.4
301.20 5.6
306.02 7.4
309.24 5.6
310.29 5.6
311.31 3.6
313.64 2.9
314.40 3.5
317.12 12.3
318.38 8.5
319.41 1.5
321.12 10.7
323.22 3.4
324.10 3.8
325.13 1.9
326.20 1.5
327.31 10.3
327.91 8.5
328.95 4.8
333.18 2.8
341.42 5.1
342.27 5.7
343.44 2.0
344.29 8.2
345.21 3.9
349.37 3.2
354.16 2.1
355.36 4.6
356.27 5.2
358.37 7.0
361.14 2.3
365.21 1.9
367.22 1.9
369.13 3.7
372.46 10.4
387.42 4.3
388.55 1.8
391.10 2.6
392.39 3.6
393.41 3.4
395.31 4.3
396.10 8.3
398.36 2.1
403.46 2.3
404.40 2.2
408.66 7.0
409.53 1.7
412.35 7.5
413.25 4.4
414.29 15.3
415.13 13.3
416.18 4.9
420.64 3.8
422.75 1.5
425.29 14.5
430.35 7.2
431.31 10.7
432.40 36.3
433.35 26.0
434.32 20.9
437.32 5.9
438.47 12.8
440.16 3.6
441.91 2.9
443.18 16.4
444.22 3.0
445.23 7.9
446.82 1.7
448.30 2.8
452.18 3.6
453.20 2.3
454.06 6.3
456.54 10.7
458.58 4.6
462.32 5.0
463.52 3.7
467.36 2.3
472.32 7.1
473.23 4.6
478.11 2.7
480.13 16.3
481.09 9.7
484.09 4.2
485.99 5.8
487.19 3.0
494.29 9.3
496.12 1.5
497.26 5.2
500.27 5.1
502.09 1.7
506.04 4.5
507.93 2.4
509.17 2.4
510.33 1.9
511.12 6.8
512.23 9.6
513.36 3.8
515.82 8.5
516.45 2.8
517.13 5.0
517.92 3.5
522.29 7.7
523.38 8.0
524.19 11.2
525.98 4.7
527.70 4.6
528.40 7.8
529.50 3.7
534.39 18.6
535.61 2.0
537.30 13.5
539.56 2.6
541.37 3.9
542.85 9.4
544.65 7.0
545.67 24.5
546.30 5.1
546.93 5.6
547.88 10.7
550.35 4.4
551.35 33.3
552.16 3.1
555.18 3.4
556.35 34.4
557.32 11.4
558.24 16.3
559.24 16.8
560.12 6.5
561.36 2.9
563.78 2.8
566.57 6.6
568.31 1.9
569.51 2.9
570.34 4.8
571.13 2.7
573.21 2.2
575.41 3.7
576.02 6.8
577.39 29.4
579.27 12.7
580.25 4.8
581.54 6.2
582.23 2.1
586.17 2.0
591.37 22.7
594.12 6.0
597.43 9.3
602.36 5.8
603.32 4.7
605.38 3.5
607.34 6.8
609.51 10.8
610.42 6.3
612.26 10.7
613.35 4.8
614.31 3.9
615.88 8.7
620.66 5.8
623.03 6.7
624.50 1.8
625.41 25.1
626.62 3.0
627.75 10.1
628.50 9.4
629.48 5.2
631.27 7.2
632.82 5.0
635.06 7.4
636.64 8.7
638.44 14.9
639.41 2.9
640.37 5.5
641.30 1.7
642.30 6.0
643.24 5.2
645.41 3.0
647.44 3.7
648.34 11.8
649.38 6.3
652.44 3.1
653.13 15.6
654.37 20.6
655.40 9.4
656.70 2.5
657.33 1.9
659.83 14.1
662.41 6.4
663.07 2.5
664.27 35.4
666.39 55.1
667.26 10.4
669.21 16.7
670.36 28.6
671.48 32.7
672.35 5.5
673.51 7.8
674.54 9.4
675.58 8.3
677.04 15.7
678.29 4.4
680.35 8.2
681.04 2.7
681.71 6.5
683.49 18.8
684.51 16.6
685.40 13.7
686.38 6.7
687.29 26.3
688.48 16.8
689.82 17.3
690.63 10.8
691.48 36.0
692.53 48.4
693.58 37.5
694.33 24.2
695.00 6.1
695.60 6.0
697.38 11.1
703.21 2.8
706.40 10.6
707.85 13.3
708.63 5.2
710.40 4.6
711.07 24.4
712.10 13.2
713.98 6.7
716.21 3.2
717.36 5.5
719.45 6.8
720.68 7.3
724.19 19.8
725.34 22.7
726.39 3.1
727.41 16.9
728.44 11.7
729.25 2.5
731.73 5.4
732.74 31.2
733.82 29.2
734.66 8.7
737.07 7.4
738.64 1.9
739.84 13.4
741.32 47.2
742.47 38.9
743.52 4.7
744.28 4.3
745.08 13.9
746.08 20.9
746.78 8.8
747.72 17.6
749.46 11.1
752.55 1.6
753.43 8.8
754.47 22.1
755.46 12.1
756.60 3.8
757.51 26.0
758.56 5.8
759.48 5.5
760.55 11.2
761.47 7.5
763.22 4.6
765.30 32.1
766.50 4.7
767.86 9.9
769.03 9.9
770.36 19.7
772.76 13.8
773.48 5.8
774.65 14.7
775.42 11.1
777.45 66.9
778.31 4.0
779.48 116.7
780.30 9.4
781.29 26.7
782.29 18.8
783.17 21.0
783.80 11.1
784.42 19.9
785.47 7.1
787.19 16.7
787.94 8.9
788.72 16.4
790.10 44.4
790.99 43.8
792.09 9.2
793.56 6.3
794.54 6.8
795.50 3.4
796.67 4.4
798.04 37.8
799.53 20.5
800.56 12.3
801.46 7.3
802.40 21.2
803.66 28.9
805.45 65.3
806.47 14.8
807.39 11.6
808.47 2.1
810.93 10.2
812.00 40.2
813.76 15.1
814.91 6.7
816.10 8.6
817.12 4.2
818.41 4.7
819.49 5.7
820.72 31.8
821.63 66.5
822.40 57.7
823.15 21.5
823.81 2.7
824.57 15.1
825.70 3.1
826.62 13.6
827.36 3.9
828.60 5.3
829.55 1.8
830.91 39.7
832.04 23.6
833.42 9.1
834.41 2.0
835.85 4.3
837.52 10.4
839.25 57.6
840.27 75.0
841.41 16.6
842.56 4.5
846.58 20.3
847.74 13.9
848.66 57.5
854.47 2.1
855.46 27.7
856.29 11.5
857.03 2.1
858.16 13.6
859.54 23.2
860.54 21.6
861.30 4.4
862.12 4.6
864.49 803.8
865.18 205.9
869.24 6.3
870.48 20.4
873.52 44.7
874.41 20.5
875.67 17.2
876.54 25.2
877.98 28.6
878.79 21.9
879.60 6.7
880.65 12.4
881.49 11.6
882.25 64.2
883.01 43.9
884.49 14.7
886.86 283.5
887.65 257.8
888.50 18.7
890.19 8.5
891.15 54.0
892.42 32.0
893.57 2.6
904.80 3.5
914.42 4.1
916.94 2.9
918.49 5.1
919.62 1.4
920.58 1.6
922.62 7.7
924.57 18.9
929.15 4.4
931.29 16.9
932.63 3.9
933.53 4.9
934.27 3.6
937.34 7.8
940.84 23.5
946.75 5.3
947.57 3.0
948.32 7.8
949.58 11.6
950.72 38.2
951.70 21.3
952.73 16.4
953.76 3.7
954.51 4.9
959.50 2.1
963.74 9.0
969.14 7.2
970.40 9.2
971.46 12.9
973.66 5.6
978.12 2.3
981.98 10.5
983.56 2.9
984.18 3.0
984.94 2.0
985.63 9.3
986.31 8.2
987.54 11.1
988.46 3.3
989.62 6.9
990.46 6.4
991.54 11.8
993.92 3.5
995.31 9.5
998.62 9.9
999.68 5.1
1001.85 2.8
1003.86 2.0
1005.80 3.0
1007.60 20.9
1008.41 3.5
1009.72 1.8
1012.78 9.9
1013.59 31.7
1014.56 3.3
1017.25 10.1
1018.82 1.7
1022.62 2.3
1025.56 4.6
1027.59 3.5
1030.03 19.2
1030.78 30.3
1031.54 4.6
1032.53 23.1
1033.79 9.3
1034.69 6.3
1035.44 8.3
1036.60 1.9
1039.56 32.3
1040.49 16.8
1044.61 8.3
1045.52 10.8
1047.51 4.3
1048.87 1.9
1049.66 10.1
1052.69 13.4
1055.77 3.2
1056.76 4.5
1062.35 5.4
1063.67 8.9
1064.66 22.4
1065.84 26.9
1066.69 16.5
1067.94 16.7
1068.86 14.3
1070.66 3.0
1074.42 7.7
1077.84 10.1
1083.39 2.3
1086.76 5.1
1093.63 12.0
1095.57 13.3
1098.17 3.4
1099.38 4.5
1100.62 7.1
1101.63 7.0
1103.05 12.5
1103.75 2.0
1104.83 13.6
1106.30 11.2
1107.56 4.6
1108.62 5.6
1109.50 6.0
1110.28 6.1
1111.61 8.7
1114.53 9.3
1115.60 22.3
1116.34 11.1
1117.64 2.6
1119.26 25.4
1120.63 54.3
1121.46 61.1
1122.66 79.7
1123.62 82.9
1124.47 51.7
1125.72 18.0
1126.62 19.8
1127.77 4.9
1129.59 4.7
1132.67 6.0
1135.40 2.1
1136.46 2.4
1137.14 3.9
1138.66 18.4
1139.75 2.5
1143.73 35.6
1144.59 10.4
1147.84 2.9
1148.60 5.3
1149.91 21.6
1150.66 17.4
1151.60 1.8
1153.57 6.6
1163.72 5.3
1167.62 8.7
1169.89 4.7
1175.44 3.3
1177.61 10.7
1178.79 5.6
1179.67 1.5
1181.58 33.9
1183.79 2.2
1192.64 1.6
1199.80 23.9
1201.02 4.1
1205.76 1.6
1207.87 1.5
1209.60 1.5
1211.66 32.6
1212.51 3.6
1214.01 4.5
1215.43 6.9
1217.61 2.8
1220.28 4.6
1221.55 7.8
1222.43 6.0
1223.54 2.2
1226.64 5.1
1227.61 8.4
1228.69 12.8
1229.52 3.7
1231.80 5.1
1232.69 14.1
1233.97 28.1
1235.00 8.3
1235.98 10.0
1239.62 8.0
1241.06 10.9
1241.85 15.9
1242.92 12.8
1243.85 4.4
1245.68 11.2
1246.90 5.1
1247.52 3.6
1248.87 10.9
1249.84 55.7
1250.62 4.0
1251.54 47.7
1252.64 70.0
1253.87 33.8
1254.71 12.7
1258.83 34.3
1259.93 4.0
1261.00 9.0
1262.75 12.8
1265.16 4.5
1266.45 10.4
1267.73 3.8
1271.04 4.5
1272.78 11.6
1274.64 3.3
1279.68 5.8
1288.79 1.8
1289.51 4.5
1290.69 2.8
1293.47 1.5
1295.78 15.8
1296.69 12.6
1299.66 10.4
1307.52 9.5
1308.53 4.8
1312.57 8.2
1313.63 3.3
1314.31 5.1
1315.73 7.4
1316.70 4.3
1317.49 3.1
1319.64 1.9
1322.64 2.6
1323.55 6.0
1324.63 1.6
1335.71 6.6
1338.63 4.7
1340.84 1.9
1342.06 13.0
1343.66 8.2
1344.56 3.3
1347.13 7.0
1347.85 4.0
1348.83 5.4
1350.53 8.7
1351.32 2.0
1352.16 3.4
1352.89 16.9
1353.80 19.6
1354.88 9.0
1356.65 4.7
1357.68 5.0
1358.80 10.6
1359.73 23.0
1362.41 19.6
1363.56 26.1
1364.77 20.7
1365.76 38.8
1366.84 12.7
1367.99 16.4
1369.42 7.9
1371.54 17.2
1372.55 6.5
1374.02 3.2
1374.81 20.7
1375.75 16.5
1376.64 23.8
1377.60 19.5
1378.58 13.6
1379.69 19.5
1380.74 25.4
1381.56 3.1
1386.83 3.4
1395.82 11.9
1396.91 2.8
1397.53 3.3
1400.26 6.7
1402.98 2.9
1404.76 1.6
1411.86 3.1
1420.97 2.1
1422.86 1.9
1427.72 9.2
1435.77 8.2
1437.86 7.2
1438.61 8.1
1444.80 3.2
1445.89 1.6
1447.79 4.4
1450.28 9.4
1451.21 2.7
1453.64 1.8
1454.72 4.6
1457.66 2.7
1462.78 1.7
1463.80 7.4
1464.87 6.4
1465.76 7.2
1467.64 27.2
1468.66 7.6
1473.77 14.8
1475.00 6.8
1481.39 3.7
1482.56 8.2
1489.66 5.1
1490.63 2.5
1491.71 6.7
1501.93 1.7
1508.61 9.3
1526.53 1.9
1543.59 6.8
1545.84 11.8
1551.85 4.1
1560.97 2.5
1561.85 6.5
1562.81 8.5
1567.12 3.0
1576.87 3.0
1578.95 22.0
1579.97 6.3
1581.07 25.8
1581.93 8.0
1587.92 6.0
1596.67 8.2
1598.22 16.4
1598.86 1.9
1606.89 3.4
1614.92 4.5
1616.35 6.8
1616.97 3.3
1617.83 15.5
1630.77 3.8
1631.86 9.3
1632.92 31.0
1633.98 23.8
1634.83 5.5
1703.00 5.9
1706.61 2.3
1723.99 4.4
