1207.63738 2
169.19 3.2
170.38 2.2
175.24 9.6
176.30 4.5
180.14 8.2
181.30 3.0
183.17 2.9
185.22 3.9
186.23 3.4
187.16 55.2
188.29 9.6
189.17 4.6
190.07 2.8
191.14 2.8
194.05 2.5
197.38 1.1
199.24 8.6
199.97 2.2
201.33 7.5
202.27 2.4
206.38 1.5
210.55 3.4
211.26 1.4
212.19 5.8
213.14 3.2
214.17 1.4
215.12 27.4
216.26 17.4
217.16 23.8
218.22 7.1
222.57 3.1
223.27 1.8
224.89 1.6
226.35 5.9
227.19 7.0
229.21 4.4
230.28 9.9
232.21 2.4
233.21 6.1
235.25 9.3
236.36 4.8
237.13 1.1
239.20 6.5
240.14 1.4
243.28 10.6
245.09 20.1
246.10 12.8
248.34 2.2
249.30 5.0
250.08 6.9
251.00 4.0
252.11 266.4
253.30 14.7
254.28 5.0
255.36 2.6
256.02 2.1
264.35 3.0
267.21 4.9
268.47 1.4
269.12 2.3
270.07 4.8
272.70 1.6
273.81 4.5
274.48 1.3
276.75 3.2
278.20 2.3
279.03 2.5
280.13 7.4
281.19 3.7
282.33 6.1
284.13 11.5
285.00 2.8
287.13 6.7
288.31 10.3
289.49 7.3
290.23 2.2
291.30 6.8
292.04 8.5
294.71 5.0
297.37 5.0
298.25 7.1
300.55 1.9
301.27 1.5
302.19 1.8
303.21 4.3
305.22 13.3
306.21 7.7
307.22 6.8
308.22 7.1
309.41 6.6
311.31 1.5
312.12 9.4
313.16 2.5
314.92 7.5
315.86 1.5
318.03 8.0
320.23 10.4
321.28 8.4
322.22 6.8
323.34 8.1
325.15 3.9
326.12 1.1
327.54 4.6
328.21 2.3
329.26 6.7
330.37 10.1
331.23 14.3
332.23 16.8
333.06 1.7
334.06 12.6
335.41 1.7
336.03 2.4
337.14 4.7
337.81 3.4
339.54 4.3
343.16 21.6
344.02 4.7
345.00 4.6
346.18 12.8
347.15 3.0
348.84 7.0
349.92 8.7
352.26 28.7
353.39 10.7
354.21 3.2
355.55 7.1
356.27 2.5
357.07 6.3
357.75 5.5
358.37 23.2
359.21 5.0
361.16 8.0
362.49 2.6
364.38 15.6
365.23 11.2
367.32 39.5
368.29 5.6
369.58 26.9
370.55 12.4
371.70 3.7
372.51 2.9
373.89 2.9
375.59 11.2
377.21 10.4
378.27 5.1
379.33 2.7
380.48 6.9
381.08 5.8
382.28 7.2
383.36 10.0
384.25 2.8
385.30 1.8
386.35 11.4
387.39 6.7
388.34 3.9
389.07 5.1
391.25 1.4
392.21 6.6
393.29 9.0
394.23 5.5
395.38 11.7
396.43 8.9
397.20 11.4
399.31 5.2
400.02 8.8
401.48 19.3
402.35 10.5
403.34 3.3
404.34 3.3
405.54 2.6
406.26 3.4
408.21 4.6
409.35 9.2
410.44 16.6
411.22 21.2
412.78 2.6
415.34 3.3
416.24 2.1
417.32 20.3
418.56 41.2
419.52 3.6
420.59 8.8
421.40 3.4
422.64 4.6
424.16 13.8
425.01 12.4
426.10 69.1
427.54 4.5
429.36 22.5
430.44 2.1
432.09 22.5
433.40 45.8
434.27 2.3
435.46 5.3
436.51 26.8
437.52 3.3
439.13 12.8
440.00 105.2
441.06 100.1
442.02 6.3
442.94 7.9
443.56 5.1
444.32 10.3
445.23 18.6
446.24 46.9
447.00 3.4
448.68 33.0
449.31 17.1
450.45 7.1
451.63 4.3
452.73 5.2
454.18 155.9
455.11 51.8
456.41 7.9
457.25 9.9
458.29 12.2
459.66 46.4
460.66 31.6
461.98 15.6
463.11 12.7
464.27 6.9
465.29 17.8
466.24 12.7
468.09 363.8
468.88 109.5
470.22 94.9
471.32 10.9
472.66 17.0
473.45 33.0
474.42 20.7
476.22 88.9
476.94 29.6
478.24 8.5
479.39 5.1
480.40 43.0
481.19 127.9
482.27 227.0
482.90 68.5
483.59 33.0
484.37 17.5
485.93 27.9
486.53 39.0
487.41 16.2
488.50 12.4
490.03 1203.3
491.11 140.1
491.90 25.5
493.02 14.4
494.17 16.1
495.18 24.5
496.23 27.4
497.36 104.0
498.34 41.8
499.01 50.1
499.78 6.3
502.12 34.5
503.02 85.7
504.05 42.5
504.83 15.7
505.49 7.9
506.23 9.1
507.32 13.7
508.18 27.0
508.86 5.3
509.65 14.5
511.02 339.9
512.10 101.2
513.15 9.4
514.34 19.0
515.64 11.9
516.72 38.6
517.34 45.6
518.72 18.2
519.43 1.8
520.59 16.9
521.64 15.1
522.64 18.9
524.33 289.4
525.14 375.7
525.97 158.9
526.68 2.4
527.67 11.9
528.65 15.3
529.48 82.5
530.62 41.8
532.83 392.4
533.53 246.5
534.37 107.2
535.52 21.6
536.62 14.8
538.18 281.4
538.86 231.6
539.48 151.4
540.42 14.3
541.30 21.6
542.33 13.9
543.33 32.1
544.24 14.1
545.02 16.2
546.78 787.6
547.71 1138.3
548.42 319.0
549.86 10.0
551.05 28.4
551.80 60.1
552.61 99.1
553.69 65.7
554.58 2.5
555.56 463.7
556.45 39.2
557.79 15.6
558.62 9.5
559.76 197.7
560.54 175.3
561.48 86.5
562.80 32.2
563.57 39.6
564.53 47.3
565.41 34.9
566.44 20.6
567.08 6.5
568.60 890.8
569.63 45.0
570.96 5.7
571.85 20.0
573.28 140.8
574.05 333.0
575.11 7.9
576.35 16.5
577.42 10.9
578.74 24.5
579.99 43.2
581.21 126.8
582.49 1300.2
583.41 23.6
584.03 1.4
586.32 296.1
587.18 530.5
587.91 10.9
589.07 33.6
590.57 545.8
591.40 20.1
592.25 37.8
593.13 20.8
593.77 7.8
595.35 988.5
596.00 1833.7
596.99 10.4
598.49 2.0
609.49 7.6
611.34 5.1
613.51 10.4
615.67 5.7
621.45 8.8
622.53 10.1
624.07 4.2
624.81 6.9
627.48 43.6
628.60 21.3
629.44 7.7
631.31 2.1
632.89 4.3
634.28 5.8
635.38 6.5
636.25 8.2
638.32 3.6
639.24 3.7
640.40 11.1
643.47 5.1
644.25 3.5
645.41 34.8
646.46 27.6
647.67 20.0
648.63 18.7
649.58 2.4
651.65 5.3
653.04 12.8
653.68 1.1
655.11 14.1
656.23 5.8
657.43 14.2
659.51 18.0
662.66 10.7
663.42 6.9
665.57 9.9
666.35 5.3
668.73 6.9
669.50 3.9
671.53 1.7
672.85 4.4
673.47 4.7
674.36 9.6
675.56 9.2
676.29 6.7
677.52 5.2
678.53 3.0
680.35 4.0
683.13 6.0
684.55 18.4
685.53 4.2
686.81 3.6
689.63 1.9
690.51 5.7
691.36 5.4
692.94 17.1
694.29 22.7
695.43 7.2
696.48 4.6
697.62 11.8
698.50 12.2
699.44 5.6
700.46 13.2
701.61 10.9
703.38 1.6
704.52 1.1
705.80 1.8
706.43 1.4
707.42 4.3
708.41 5.9
709.46 6.2
710.86 28.7
712.28 25.3
713.39 7.1
714.67 3.3
715.56 17.8
719.36 8.1
720.36 12.5
722.20 29.2
723.03 13.6
724.05 14.6
724.95 15.6
728.44 30.8
729.39 11.5
732.28 1.5
734.47 54.6
735.65 19.1
736.54 13.2
737.78 21.7
738.54 6.3
740.32 14.7
741.78 1.1
742.93 3.1
743.83 5.6
745.67 6.2
746.51 4.1
747.44 7.2
750.72 3.6
751.80 12.1
752.56 4.9
753.51 3.1
754.54 2.3
755.92 14.9
756.76 3.3
760.72 19.5
761.48 4.1
762.44 21.0
763.62 29.1
765.92 4.8
767.44 15.1
768.83 10.8
769.69 3.1
771.44 7.7
775.35 4.7
776.67 1.5
778.53 1.5
779.34 8.0
781.49 5.9
782.57 14.2
783.79 6.8
784.95 4.1
785.87 5.7
787.43 13.6
788.50 3.3
789.33 7.8
790.68 2.5
791.79 1.5
793.43 25.8
797.20 17.1
797.94 4.8
798.75 5.7
799.49 11.3
800.89 4.5
802.75 11.7
803.39 7.6
805.30 11.1
806.66 10.1
807.69 2.7
808.62 4.5
810.74 10.0
813.50 14.2
814.50 22.1
815.64 19.0
816.46 3.9
817.22 1.1
819.46 1.8
820.52 2.2
821.77 5.0
823.28 29.0
824.41 7.3
825.31 23.8
826.44 11.4
828.53 20.9
829.70 9.0
832.70 8.0
833.51 13.9
834.59 12.7
836.39 4.8
837.67 1.4
839.48 14.5
840.49 18.6
841.59 42.6
842.63 26.7
843.58 43.5
844.61 15.7
845.76 1.2
846.54 1.5
847.44 3.6
848.85 30.3
849.81 20.2
850.63 15.5
851.50 25.4
853.15 10.2
854.37 6.7
855.53 3.6
856.51 22.6
857.47 7.8
858.57 14.7
859.62 18.0
860.43 4.4
863.48 4.0
865.47 56.0
866.53 42.1
867.52 5.4
868.92 1.9
869.64 5.0
870.58 1.7
871.57 1.8
873.31 6.7
874.46 10.0
875.52 7.8
876.39 29.7
877.49 40.1
878.49 25.7
879.60 12.5
880.57 4.1
881.65 9.1
882.83 6.9
883.77 1.2
884.68 7.9
885.72 2.5
886.61 6.8
887.40 3.2
889.65 3.5
891.58 3.3
892.64 4.1
893.89 8.4
895.48 12.4
896.60 16.9
899.09 2.4
901.53 3.5
902.35 12.8
903.98 3.4
904.61 4.0
906.78 12.4
907.62 1.5
909.03 1.3
910.67 4.0
911.74 4.3
912.65 15.8
913.95 16.1
915.83 13.3
916.59 3.3
917.46 6.2
918.69 1.7
920.01 5.5
920.74 6.7
921.57 7.8
922.33 8.0
924.39 1.4
928.88 6.4
929.61 7.3
930.83 3.4
932.40 4.8
933.74 11.0
934.79 13.2
935.67 18.4
936.65 14.6
937.91 6.3
938.58 70.4
939.62 28.0
940.80 4.5
941.89 10.0
942.65 8.5
943.63 2.5
944.95 4.2
945.63 16.0
949.48 4.6
951.30 4.5
952.77 1.8
953.45 6.0
956.52 391.3
957.69 171.0
958.69 5.9
959.72 1.8
961.45 11.2
962.52 13.3
963.57 78.7
964.57 34.8
965.75 1.3
967.43 6.1
973.49 5.3
974.53 17.4
975.76 34.5
976.64 3.1
977.37 3.8
978.62 44.5
979.72 19.2
980.81 6.3
981.63 14.8
982.70 26.0
983.55 9.7
988.65 5.1
990.52 16.3
991.61 87.2
992.60 245.0
993.63 116.9
994.34 19.5
995.35 10.0
996.60 3.4
997.55 18.2
998.92 5.7
1005.04 7.6
1005.70 10.4
1007.61 22.3
1008.80 1.3
1013.70 7.8
1014.63 10.0
1015.59 19.6
1016.30 5.1
1020.52 2.3
1021.86 4.2
1022.65 4.8
1023.59 22.3
1024.95 15.6
1028.66 5.2
1029.40 2.3
1031.95 19.2
1033.11 19.0
1033.83 7.7
1034.44 4.0
1035.55 3.8
1036.68 6.8
1037.67 5.7
1040.47 1.4
1044.87 1.2
1046.68 8.8
1048.14 7.4
1049.63 23.5
1050.62 19.2
1051.55 60.1
1052.70 16.7
1053.64 20.5
1054.25 1.7
1055.60 7.1
1056.46 1.1
1057.61 2.3
1060.65 1.7
1061.47 1.4
1064.66 9.0
1065.77 3.5
1066.63 10.4
1067.57 9.9
1070.82 10.7
1071.70 6.2
1072.70 3.7
1073.62 8.3
1074.35 3.8
1076.50 17.1
1077.52 14.1
1078.64 1.6
1081.35 2.8
1089.72 2.6
1092.73 7.6
1093.64 28.9
1094.67 51.4
1095.56 40.4
1096.18 1.4
1096.82 1.3
1097.76 1.1
1099.47 4.4
1103.72 8.6
1107.77 2.8
1110.77 25.3
1111.70 2.8
1114.21 2.3
1118.82 1.6
1121.66 12.7
1122.73 11.3
1123.44 4.1
1135.74 1.9
1141.79 10.2
1143.10 3.5
1150.34 4.0
1151.48 10.5
1152.93 1.3
1157.73 1.1
1162.39 3.8
1167.81 5.1
1168.56 11.4
1169.60 12.1
1170.80 4.3
1185.62 79.1
1186.66 75.3
1187.87 5.7
1215.90 1.9
