1289.64116 2
180.88 1.9
195.31 1.1
199.22 2.7
203.26 1.9
203.94 1.9
205.19 2.5
207.28 2.2
207.99 2.9
214.19 2.2
221.31 1.9
222.75 7.4
225.05 1.8
229.27 1.8
231.31 2.9
233.26 3.3
235.44 2.5
241.42 4.0
245.35 1.7
246.56 1.5
248.30 4.9
249.17 8.0
251.16 6.0
253.13 10.4
256.41 3.3
266.15 1.4
270.33 6.1
277.35 1.0
279.28 3.0
281.36 3.0
286.19 2.0
288.36 37.3
289.29 1.2
291.57 3.3
292.37 1.5
298.48 6.2
299.97 1.9
302.08 1.4
304.09 2.0
305.20 2.6
309.30 8.5
310.33 1.5
311.09 1.9
313.11 1.8
316.43 5.5
318.97 3.6
320.26 10.5
321.60 2.1
323.16 2.2
325.05 1.9
327.20 1.6
327.86 4.2
329.10 4.2
332.32 3.1
333.27 1.2
334.31 11.8
338.14 1.0
339.76 6.9
341.13 7.6
346.34 4.0
349.28 4.4
350.21 4.7
352.21 2.9
354.76 5.3
356.31 2.2
357.09 1.2
357.95 4.3
359.33 4.8
360.32 4.6
362.08 3.0
363.09 22.6
364.55 13.9
365.30 20.7
367.35 9.9
372.18 3.4
373.42 1.3
377.36 5.7
379.21 1.8
380.35 1.6
381.21 1.9
382.45 6.8
383.34 5.0
384.38 1.7
386.23 1.4
387.58 2.7
395.55 2.8
398.96 2.9
401.44 12.4
402.39 2.7
403.38 5.0
405.33 4.1
407.54 1.8
410.42 1.2
411.16 5.0
413.82 3.7
415.26 5.1
416.34 2.9
417.17 1.9
421.23 1.9
423.38 6.5
425.43 4.1
427.32 3.2
433.19 36.8
434.34 47.1
435.07 78.7
437.10 1.2
438.19 4.9
439.42 13.4
441.29 7.5
442.37 1.9
443.20 1.9
445.10 7.3
446.45 2.7
447.48 3.2
448.79 2.7
450.40 3.7
451.14 6.6
452.22 7.3
453.18 4.0
455.41 7.7
457.52 2.3
459.52 3.0
462.15 3.1
464.19 2.7
467.19 6.3
469.06 4.4
471.29 5.9
473.27 5.9
474.57 4.3
475.33 2.0
476.96 1.5
479.29 3.8
480.39 1.4
481.67 7.0
483.22 3.6
484.32 4.9
486.41 12.4
487.26 8.5
489.62 1.1
494.30 1.2
496.44 1.1
497.36 6.0
498.23 5.2
499.34 13.5
500.27 3.9
501.02 7.3
503.51 3.6
504.33 2.5
505.62 9.0
506.61 3.2
507.41 6.7
508.50 3.8
509.29 6.9
510.21 3.9
511.23 9.8
512.52 7.2
514.43 48.0
515.43 2.4
517.31 1.3
518.45 12.1
520.45 2.2
522.70 12.4
523.31 4.4
525.39 8.5
526.91 1.9
528.52 6.9
529.87 6.8
531.19 46.3
532.45 43.7
533.39 8.9
534.57 2.0
536.40 7.1
539.47 7.2
540.35 8.0
540.97 2.4
543.32 1.4
544.43 9.9
545.43 12.2
547.14 8.8
548.27 1.0
551.24 7.0
552.88 3.2
553.57 4.8
554.85 3.1
557.10 20.7
557.76 1.3
558.96 5.0
560.00 10.3
561.12 5.0
562.12 5.0
563.20 3.6
564.10 3.2
565.36 9.0
566.58 3.1
567.44 6.1
569.36 6.1
570.43 17.2
571.75 10.8
572.95 7.9
574.41 3.7
579.68 3.2
580.47 2.5
581.24 3.8
581.98 4.3
583.36 6.5
584.39 1.7
585.15 10.4
586.87 3.7
588.40 2.4
589.31 4.3
590.44 4.0
592.25 1.7
593.61 7.7
595.60 5.0
596.77 3.5
599.40 11.5
600.44 8.4
601.45 19.2
602.30 7.0
607.40 15.8
608.61 1.5
609.32 32.8
610.08 4.7
610.74 2.0
611.74 1.7
612.65 17.6
613.70 11.1
614.83 9.4
615.47 8.5
617.07 3.0
619.09 13.4
621.41 7.6
627.22 168.2
628.31 88.5
629.90 6.1
630.58 2.1
631.46 4.0
636.19 20.2
637.44 11.7
671.68 1.7
687.61 5.4
692.55 1.4
693.80 1.2
702.19 6.1
703.63 4.0
720.63 6.2
721.54 17.5
729.29 3.6
731.26 3.8
733.27 16.1
734.35 5.5
738.72 1.7
740.44 2.5
742.01 5.2
747.53 2.6
751.17 3.0
764.00 5.4
766.11 6.8
772.60 2.5
773.57 3.3
776.14 6.4
778.00 3.4
781.11 1.7
789.06 5.0
799.23 3.3
804.44 3.5
808.50 7.2
810.29 4.5
817.01 2.3
824.53 8.8
830.72 2.2
836.57 3.9
842.40 3.4
843.52 3.4
844.95 1.5
853.27 1.1
858.88 1.7
860.03 19.8
861.38 9.9
862.23 3.1
867.15 1.8
871.84 4.6
879.45 6.3
880.20 7.0
899.45 4.6
900.71 4.8
901.63 2.7
910.06 6.5
916.56 1.7
950.34 1.9
953.37 2.2
994.40 1.8
1020.42 2.8
1024.73 2.1
1026.22 2.4
1032.28 3.1
1038.62 1.9
1040.81 2.4
1045.74 2.3
1063.62 4.6
1085.07 2.2
1104.80 1.2
1115.41 1.4
1126.80 1.6
1157.62 1.7
1187.96 3.0
1189.92 2.3
