1333.72991 2
187.15 171.1
188.08 5.9
195.21 6.2
197.04 8.6
198.42 4.0
201.05 25.4
202.20 5.3
203.20 1.9
206.24 1.9
208.54 4.0
210.15 3.3
213.38 7.9
215.18 518.4
216.21 22.1
222.13 3.7
223.16 10.0
225.25 5.4
227.20 6.7
228.65 17.6
229.47 9.6
230.30 31.8
231.16 40.0
232.23 2.4
233.39 4.2
238.24 5.6
241.16 12.1
242.64 20.2
243.29 72.2
244.20 2.5
245.76 1.9
247.20 2.5
249.23 3.5
250.01 7.6
253.29 107.6
254.58 3.2
255.27 2.2
256.10 6.0
257.10 6.2
258.11 2.1
261.10 33.6
262.18 5.5
265.04 13.0
266.01 1.8
267.82 38.1
268.51 2.6
269.36 2.5
270.31 11.5
271.13 3.3
274.21 7.0
275.06 5.5
278.38 9.8
279.31 3.1
281.30 5.8
282.39 16.0
284.33 5.8
285.56 1.9
288.29 3544.9
289.35 164.1
290.12 7.3
292.01 7.0
292.67 7.8
294.26 10.3
295.19 20.3
296.36 10.7
298.31 32.3
299.44 3.3
303.91 4.9
305.30 4.5
309.01 6.1
310.15 20.1
311.06 11.6
312.29 112.8
313.29 26.5
314.04 7.3
315.52 17.0
318.25 3.7
326.25 10.1
327.21 7.9
328.15 44.4
328.90 2.1
330.24 403.4
331.17 33.5
332.04 18.3
333.17 3.2
337.19 7.8
338.22 6.1
341.10 17.0
343.31 27.9
344.21 49.6
345.21 77.7
346.21 149.5
347.03 4.7
349.54 2.9
353.20 2.8
354.18 12.4
354.98 9.1
358.38 11.5
359.50 4.2
362.27 4.2
364.46 2.6
366.45 7.5
367.47 2.1
369.19 18.5
371.26 15.3
372.84 5.9
374.23 46.1
374.89 2.6
376.20 47.7
377.14 14.1
378.23 6.6
379.75 8.4
380.38 9.9
381.62 26.3
382.33 8.5
383.29 86.4
384.26 11.7
385.37 8.1
387.16 6.9
387.81 17.5
388.46 25.1
390.59 14.6
391.33 5.5
392.35 14.2
393.43 8.3
394.22 3.2
395.26 19.7
396.23 9.5
397.30 3.9
398.55 12.5
399.43 20.7
400.31 10.5
401.35 1086.5
402.38 111.7
404.37 7.3
406.25 9.8
408.36 4.4
409.22 28.1
410.19 11.8
411.25 31.3
412.78 33.8
413.98 10.2
416.04 3.6
418.77 5.3
422.42 12.8
423.26 29.6
424.56 11.9
425.34 16.4
426.30 14.1
427.24 75.5
428.39 12.6
429.15 35.8
430.31 57.8
431.23 65.9
432.37 14.4
435.26 11.0
436.16 5.3
437.31 105.6
438.22 45.3
439.03 13.9
440.07 10.1
441.25 36.5
442.34 6.2
443.38 25.2
444.41 69.4
445.23 249.4
446.36 21.6
447.37 9.8
451.05 19.5
452.25 10.1
453.10 7.0
453.97 8.4
454.92 54.9
455.86 7.1
456.64 12.1
458.41 107.7
459.40 82.4
460.41 2.9
461.32 4.6
462.59 34.0
463.41 13.5
464.03 3.4
465.76 47.8
466.48 48.1
467.42 12.5
468.24 18.7
469.41 4.1
470.44 17.5
471.07 35.1
472.16 21.3
473.01 84.7
475.16 17.0
476.74 18.5
477.89 96.6
479.06 28.3
479.99 59.9
481.08 57.0
482.37 2.5
484.54 26.8
485.88 231.3
486.73 189.4
487.92 182.4
488.85 166.6
489.49 47.2
490.22 20.2
491.34 48.9
492.21 9.3
494.60 693.0
495.44 105.3
496.20 52.6
497.17 11.7
498.23 13.3
499.37 22.6
500.77 23.9
501.41 23.6
502.44 12.6
503.33 22.5
504.27 26.9
505.54 14.2
506.34 44.5
507.32 15.5
508.65 8.6
509.37 5.0
511.17 18.3
512.54 36.2
514.41 1370.7
515.52 166.1
516.13 8.1
516.98 16.3
518.16 28.3
519.21 47.6
520.32 24.1
521.25 14.6
522.35 73.0
523.45 57.6
524.29 167.7
525.36 22.9
526.48 21.7
527.55 149.2
528.56 116.2
529.35 2.7
530.40 428.3
531.33 151.7
532.25 26.1
533.36 22.1
534.22 2.1
535.63 176.4
536.43 790.4
537.67 57.1
538.78 11.6
539.38 3.9
540.32 28.7
541.30 146.8
542.25 569.8
543.24 97.3
544.74 587.5
545.39 1874.9
546.33 29.8
547.08 13.3
548.40 90.3
549.51 14.8
551.30 344.1
552.24 43.6
553.35 25.6
554.21 22.8
555.57 44.6
556.40 28.6
557.29 8.0
558.34 49.9
559.69 736.0
560.49 1569.7
561.62 41.7
562.32 23.8
563.36 13.7
564.35 6.2
565.54 27.6
567.87 34.3
569.87 641.5
570.80 93.5
571.70 43.8
572.41 42.4
573.11 2.1
574.09 26.7
574.98 77.3
576.05 17.6
577.45 7.9
578.93 390.5
579.94 44.9
580.60 26.5
582.08 19.6
583.85 432.6
584.46 193.8
585.18 6.6
586.34 34.8
587.78 955.4
588.51 72.3
589.22 15.7
590.39 19.3
591.74 118.4
592.81 2678.5
593.59 425.3
595.14 7.0
595.99 17.0
597.50 2385.9
598.55 288.9
599.42 75.5
601.73 8831.2
602.43 838.0
603.39 70.7
604.32 128.7
605.32 64.1
606.36 89.7
607.80 43.3
609.14 83.8
610.44 110.3
611.09 76.7
612.85 32.0
613.91 22.2
614.63 11.8
615.52 16.2
616.78 175.5
617.51 55.4
618.11 2.6
619.36 18.0
620.60 14.9
621.77 16.7
622.56 5.6
623.21 22.0
624.45 10.1
626.05 30.3
626.69 379.4
627.38 214.0
628.42 55.2
629.34 23.7
630.44 38.6
631.31 44.4
632.34 37.5
633.22 25.2
635.40 552.9
636.44 126.7
637.23 250.6
638.35 80.9
639.76 38.7
640.66 162.2
641.42 17.0
643.35 196.4
644.42 224.2
645.47 144.8
646.53 4.9
649.33 860.1
649.97 214.2
650.62 29.3
651.57 29.6
652.34 48.5
653.31 56.6
654.29 153.9
655.32 494.4
656.50 26.6
658.21 150.0
659.01 4.8
664.34 7.6
672.27 8.5
673.19 34.9
674.47 22.9
675.22 12.2
678.60 4.3
680.67 8.1
683.71 9.8
684.68 15.8
685.45 15.2
686.25 14.6
687.35 34.4
688.66 17.5
689.38 37.7
690.58 3.2
691.59 10.4
692.55 4.5
696.62 8.0
697.66 11.4
699.24 91.7
700.38 25.9
701.36 44.5
702.91 15.0
703.58 13.9
704.60 10.8
705.37 34.6
706.38 10.2
707.46 15.0
709.46 12.7
710.59 62.1
712.14 38.6
712.77 2.3
713.49 26.2
714.35 59.8
715.52 6.9
716.50 95.3
717.34 205.2
718.52 38.0
719.78 48.5
720.45 5.0
722.54 10.7
723.36 6.6
725.98 5.4
726.76 27.1
727.49 4.7
730.72 3.9
731.49 4.3
732.62 2.2
735.61 8.8
736.58 3.0
738.32 10.9
739.50 16.4
740.75 14.6
741.67 22.7
742.52 19.9
743.59 2.9
744.78 9.0
746.68 11.8
747.29 6.4
748.62 5.2
750.79 3.9
753.46 2.6
755.32 3.3
756.43 25.9
757.78 39.5
758.48 160.7
759.51 58.9
760.89 5.8
762.21 21.3
762.88 6.2
765.70 13.1
766.43 8.7
767.54 10.0
768.59 33.8
769.59 14.6
772.40 5.0
773.30 5.7
774.54 1574.8
775.50 390.9
776.67 39.7
777.51 3.4
781.57 4.6
782.51 21.3
783.24 1.9
784.35 119.6
785.42 76.9
786.37 54.8
787.36 19.2
790.38 1.9
792.36 18.3
793.85 5.5
795.48 11.0
796.38 12.5
797.08 5.7
798.44 44.8
799.40 24.8
800.29 31.8
801.68 124.0
802.32 415.6
803.27 69.5
804.21 3.0
805.02 11.1
808.38 18.6
809.59 11.0
810.44 10.7
811.41 22.1
813.48 22.1
814.54 123.1
815.45 33.0
816.28 43.4
817.21 34.0
818.40 62.0
819.39 77.7
820.35 247.6
821.27 25.7
821.95 4.3
826.08 22.7
827.39 50.3
828.44 12.3
829.54 25.3
831.31 59.8
832.34 194.7
833.34 23.8
834.13 6.7
835.63 9.1
839.42 5.9
841.45 15.2
842.83 4.6
844.69 12.4
845.56 2.9
846.59 16.9
847.66 2.6
850.40 19.1
851.49 20.5
852.93 3.6
855.51 9.1
856.53 14.7
857.57 26.5
859.02 28.4
859.69 101.4
860.86 9.0
861.61 12.6
862.48 16.7
863.24 2.0
865.65 4.7
866.59 14.9
867.54 17.6
868.44 1.9
869.39 37.7
870.35 2.9
871.44 20.6
872.66 44.8
873.60 255.7
874.65 35.7
875.58 70.5
876.84 48.2
877.54 3.8
879.18 16.4
880.06 4.3
880.86 6.6
881.64 11.9
882.78 14.8
883.80 16.2
884.92 8.6
886.46 18.7
887.29 5.9
888.81 15.2
889.61 954.6
890.63 176.0
891.73 22.6
893.02 40.3
893.87 43.6
895.79 31.2
896.65 43.1
897.39 146.8
898.39 71.2
899.82 12.1
900.69 16.8
902.29 35.1
903.72 7.6
905.13 29.0
906.73 8.2
907.42 8.6
908.92 13.1
909.54 9.4
910.40 5.6
911.86 14.7
913.36 129.3
914.58 237.5
915.44 505.9
916.47 111.2
917.35 7.1
918.32 8.0
919.01 15.0
920.19 9.0
921.62 6.0
923.58 4.8
924.76 44.3
925.67 2.0
926.86 28.6
927.71 8.3
928.72 3.8
930.41 40.2
931.46 156.0
932.42 141.2
933.41 501.1
934.42 36.2
935.57 16.4
937.18 4.4
939.55 34.9
940.61 12.4
941.61 33.1
942.58 108.2
943.27 14.6
944.32 11.0
945.40 23.2
946.48 19.9
950.25 3.4
952.69 10.6
953.60 33.9
956.52 19.1
957.80 25.1
958.75 15.2
959.48 12.2
960.71 24.7
961.84 19.6
962.90 3.6
964.30 28.6
965.90 13.4
970.05 17.5
970.71 21.2
971.31 5.3
972.17 19.0
973.36 21.9
974.55 78.0
975.68 30.3
976.62 80.4
977.92 7.3
981.54 36.8
982.67 107.6
983.58 14.9
984.40 4.8
986.76 116.6
987.73 231.4
988.59 1171.2
989.66 101.8
992.55 6.0
994.33 4.1
997.84 7.5
999.44 16.7
1000.60 55.3
1001.54 15.9
1002.51 35.6
1003.59 417.3
1004.59 1051.7
1005.62 226.8
1006.81 24.6
1007.65 13.4
1008.61 7.3
1009.87 41.0
1010.53 257.8
1011.42 92.4
1012.58 1.9
1013.60 3.2
1014.46 13.6
1016.06 14.0
1017.63 20.6
1018.51 43.1
1019.15 5.3
1019.81 2.5
1020.85 12.9
1021.82 10.9
1024.41 3.8
1025.46 4.5
1027.60 539.8
1028.49 1370.8
1029.51 290.8
1030.51 21.2
1033.31 4.2
1035.95 4.1
1036.62 1.8
1037.64 35.1
1038.62 15.5
1042.91 5.7
1045.47 487.8
1046.46 1459.2
1047.45 255.7
1052.79 4.6
1053.63 17.1
1054.81 72.4
1055.73 93.7
1056.89 24.9
1068.97 13.1
1070.67 23.8
1071.50 149.6
1072.48 12.9
1073.42 4.7
1079.10 9.5
1082.66 7.7
1083.44 3.5
1084.88 3.9
1087.01 17.2
1087.67 15.5
1088.84 135.2
1089.66 336.2
1090.62 18.5
1091.58 8.2
1097.42 4.1
1100.87 63.5
1101.63 174.7
1102.64 129.5
1103.78 19.1
1104.81 12.8
1106.79 4.1
1111.71 6.6
1112.72 3.8
1118.65 1008.8
1119.63 3993.5
1120.60 595.8
1121.44 5.9
1128.69 12.3
1129.65 24.4
1130.67 4.8
1137.89 2.3
1144.58 4.5
1147.94 8.7
1149.62 5.9
1150.62 6.7
1153.44 2.0
1165.56 3.1
1167.66 3.4
1168.97 5.0
1174.50 5.3
1184.56 20.3
1185.87 9.1
1186.79 1.9
1201.28 11.9
1202.72 72.4
1214.48 3.9
1215.87 7.7
1220.87 22.3
1224.41 2.7
1233.02 7.9
1242.28 26.2
1243.29 16.9
1262.71 4.6
1300.94 5.4
