760.45714 2
112.04 4.5
114.98 9.0
123.05 2.6
129.34 4.6
130.22 7.1
130.95 2.3
132.26 10.4
136.38 3.4
138.73 5.8
140.05 2.7
141.20 132.8
142.21 20.2
145.21 5.3
149.21 1.9
153.29 1.7
154.33 3.1
155.17 1.2
157.24 9.7
158.18 4.1
159.26 1.4
161.12 1.8
165.21 4.0
167.06 12.5
168.36 25.4
169.18 296.2
170.15 36.7
171.26 14.0
173.08 21.1
174.26 1.6
175.27 43.5
176.40 1.6
180.29 5.8
181.11 8.0
182.14 6.9
185.21 11.6
186.18 22.9
187.19 15.2
188.12 6.4
190.42 5.7
191.33 2.8
191.96 2.2
193.13 5.6
194.67 2.9
197.09 9.1
198.45 5.9
203.20 1.0
203.98 2.3
207.25 1.6
208.31 2.7
210.18 4.8
213.08 3.5
214.10 1.9
215.08 23.8
217.04 3.6
221.24 10.3
222.31 8.0
224.18 11.6
225.39 3.2
226.12 19.5
227.29 7.4
230.03 7.5
241.28 14.1
241.94 3.6
244.12 35.4
245.04 12.3
245.96 6.6
247.15 14.4
250.05 7.3
252.28 34.5
253.52 21.7
254.22 35.7
255.37 15.6
256.39 1.6
257.60 4.5
259.76 8.2
262.17 1758.5
263.19 224.5
264.35 18.5
266.04 1.5
267.11 21.2
268.23 4.0
270.12 213.0
271.29 40.1
272.53 14.0
273.18 3.9
273.87 1.4
276.29 123.9
277.27 12.1
278.12 7.6
281.42 8.1
282.14 69.1
283.20 4.3
285.16 4.0
286.16 15.7
287.30 218.7
288.41 55.9
291.14 10.0
293.06 1.4
294.26 14.0
296.02 6.5
296.96 7.2
299.17 125.9
299.86 10.5
301.10 43.4
301.92 6.1
304.29 6.0
304.94 2.5
306.31 2.5
307.12 4.9
308.23 14.3
309.18 17.1
310.24 2.8
311.31 1.8
312.18 12.6
315.96 9.2
317.61 10.3
318.95 9.5
320.53 5.7
322.82 35.2
323.83 26.1
324.92 9.4
325.92 6.9
327.28 54.4
328.26 1.9
329.40 12.8
330.26 14.9
331.52 12.4
332.44 5.1
333.59 15.1
334.52 18.5
335.51 26.5
336.38 32.6
337.05 30.9
337.90 40.1
338.77 27.6
339.67 16.6
340.58 20.2
342.39 12.4
343.07 17.9
344.10 1.1
345.46 19.0
347.15 3.3
347.85 26.4
348.94 40.4
350.28 36.1
351.20 18.9
353.16 253.9
354.36 213.9
355.37 54.3
356.65 78.7
357.38 58.0
358.56 55.4
359.49 25.0
360.43 33.2
361.41 13.4
363.20 1311.5
364.33 171.7
365.43 148.5
366.23 30.0
367.11 29.3
368.47 24.4
369.32 7.7
369.99 10.1
371.63 9170.0
372.35 1088.1
373.12 22.0
374.21 6.8
375.34 2.9
376.58 6.2
380.93 1.2
393.37 9.2
396.22 2.5
398.30 7.7
399.17 2.5
400.99 4.1
401.65 1.1
402.53 6.1
405.25 2.7
407.54 1.6
408.23 2.7
411.34 6.7
413.27 3.5
417.60 1.5
418.54 1.9
422.13 13.0
423.28 2.4
426.03 11.4
426.86 11.0
427.47 3.8
429.08 5.9
430.05 2.1
432.15 10.0
434.19 6.8
435.13 5.8
436.44 9.8
437.26 5.6
439.44 5.8
440.23 7.5
441.07 3.3
442.13 4.1
444.38 11.3
445.34 1.9
449.45 3.6
450.09 41.7
450.88 10.6
451.76 6.9
452.52 13.9
453.35 3.0
454.50 2.6
455.46 1.4
456.47 7.1
458.19 1.9
460.41 3.2
462.31 311.5
463.26 32.6
466.76 17.1
468.25 46.1
469.53 29.3
470.64 6.5
471.60 6.0
472.45 18.1
473.21 8.8
474.51 11.0
475.19 7.0
476.33 2.1
478.32 16.6
479.19 10.8
480.33 149.4
481.33 73.0
482.26 12.3
484.57 5.3
485.76 18.1
487.42 8.4
488.29 1.3
489.25 12.8
490.30 265.9
491.41 54.3
492.42 19.2
493.34 5.8
494.41 3.8
495.42 6.1
496.27 8.0
497.23 7.6
498.28 656.3
499.27 194.7
500.48 43.8
501.38 9.9
502.48 29.7
503.78 1.7
504.72 12.9
505.84 2.3
506.48 2.9
508.24 5.5
509.19 5.0
510.30 2.3
511.40 4.2
513.17 3.3
513.90 5.3
516.52 8.9
517.73 13.5
518.60 2.7
521.35 5.2
523.30 6.5
524.70 9.9
526.16 2.3
526.84 3.1
528.55 3.7
530.53 5.0
531.36 4.5
532.32 13.4
533.28 10.8
534.70 2.1
535.71 2.4
538.28 3.9
539.34 3.0
540.92 4.2
546.41 23.7
547.34 16.2
548.35 2.5
551.26 7.1
555.40 7.5
556.47 5.7
557.81 3.7
558.73 3.1
559.39 3.4
560.37 1.7
562.24 2.5
566.17 3.2
567.20 8.5
570.26 2.4
573.40 48.4
574.36 29.1
575.37 32.4
576.24 7.1
576.86 1.0
580.08 3.1
580.68 3.0
581.91 3.3
585.36 19.8
591.36 1012.0
592.39 318.2
593.44 78.9
594.28 23.5
595.52 5.9
598.58 3.9
601.59 7.3
602.36 2.6
604.44 1.7
605.52 1.4
607.46 1.4
610.59 1.3
611.61 6.9
612.32 28.2
613.35 12.4
616.30 3.5
620.40 7.4
622.37 1.6
623.47 4.9
626.40 1.2
628.44 3.0
629.30 13.2
630.61 1.6
631.49 5.4
632.46 13.6
633.26 9.5
639.27 3.6
644.48 38.6
645.34 7.5
646.30 2.1
647.43 1.6
651.27 6.7
656.56 3.2
662.36 154.4
663.36 61.5
664.56 10.0
670.30 5.0
672.44 3.0
673.53 7.6
674.15 1.7
683.93 4.5
712.36 2.5
732.23 2.2
737.55 3.0
738.47 16.4
739.57 2.4
740.48 1.9
741.60 2.9
743.67 10.8
757.70 2.7
