2231.19585 2
309.34 22.6
311.03 10.1
315.36 16.3
322.17 7.3
325.23 23.2
326.14 12.1
327.14 48.3
328.26 10.0
330.19 9.7
332.34 93.0
335.36 8.4
340.51 28.9
341.72 24.5
342.38 36.8
343.31 59.4
344.16 24.7
345.12 105.1
347.79 13.7
350.39 20.6
355.33 24.0
358.34 30.4
359.34 57.3
360.45 43.0
361.09 7.3
370.27 38.7
371.42 16.7
377.17 408.5
378.24 41.7
381.43 6.1
383.60 66.9
387.27 22.4
388.87 18.6
391.36 15.4
392.22 19.8
395.35 64.2
397.12 11.0
399.40 22.9
402.46 39.0
403.21 8.3
406.95 10.9
408.40 9.6
409.23 36.1
410.27 7.5
411.01 73.6
414.43 46.4
416.50 31.8
417.55 12.8
421.46 12.0
423.05 16.3
424.92 7.3
426.36 43.3
427.46 43.3
428.38 20.2
429.15 12.2
430.30 41.2
432.47 13.2
435.16 17.7
438.56 8.0
441.31 75.5
442.34 8.7
443.06 78.2
444.30 120.6
445.34 18.5
446.35 21.6
447.46 14.9
449.39 17.2
452.13 37.0
453.68 20.1
454.96 43.3
455.61 6.7
456.35 48.0
458.21 103.1
459.21 79.9
460.28 16.4
461.16 15.3
463.17 33.9
464.10 15.4
466.21 8.0
466.94 10.0
468.37 6.9
469.54 13.8
471.35 19.5
472.17 17.6
473.41 64.3
474.20 56.3
475.35 47.1
476.05 7.7
477.17 14.0
477.99 18.1
478.93 31.0
480.45 57.3
482.12 8.8
484.42 11.3
486.35 28.4
487.01 28.9
489.18 19.4
490.44 125.9
494.40 50.9
495.33 54.2
496.29 180.7
497.04 47.7
498.41 11.1
499.41 36.5
501.19 38.2
504.35 24.4
506.13 40.5
508.38 81.3
509.25 12.3
510.22 17.5
511.40 59.0
513.41 34.6
514.31 94.8
516.60 17.7
521.81 49.2
522.58 57.0
523.42 80.3
524.23 188.6
525.29 73.8
526.48 34.2
527.33 38.0
528.28 15.6
529.45 9.6
530.36 9.6
531.39 37.7
532.48 10.3
536.32 51.3
538.22 45.0
539.35 97.0
540.30 11.3
541.29 274.6
542.29 144.6
543.28 27.0
546.38 24.8
548.44 13.1
549.16 28.7
552.31 39.9
553.28 18.9
554.45 29.1
555.31 46.4
556.23 95.0
557.31 50.2
558.10 30.2
559.29 101.8
560.17 19.4
561.32 12.8
562.32 25.5
564.30 24.0
565.42 12.0
566.23 31.6
567.30 85.7
568.38 26.3
569.20 23.3
570.36 75.5
571.68 90.9
572.47 32.9
573.39 61.5
574.61 14.1
575.41 13.6
576.38 21.2
578.93 8.4
580.48 45.8
581.39 20.2
583.57 20.9
584.38 28.0
585.45 72.8
586.51 7.3
587.44 67.5
589.39 43.6
590.52 119.2
591.36 251.5
592.43 60.7
593.54 88.4
594.39 39.6
597.35 17.5
599.46 112.6
600.48 50.8
601.70 135.8
602.62 62.1
603.41 30.5
607.43 15.4
608.49 9.0
609.38 219.6
610.33 45.1
611.25 25.2
613.86 8.8
615.27 6.8
618.26 21.3
619.31 61.9
620.15 23.3
623.08 44.2
625.40 57.9
626.88 162.6
627.53 314.9
628.44 113.3
629.41 68.9
631.17 36.0
634.39 17.9
635.25 9.8
636.59 127.8
637.40 294.2
638.19 97.9
639.53 40.9
640.39 28.6
642.73 21.6
644.46 6.8
645.51 34.4
646.73 27.6
647.42 11.9
649.71 85.0
651.38 27.9
652.51 14.6
653.45 86.6
654.30 175.9
655.44 362.8
656.55 75.9
657.37 50.0
658.52 145.3
660.41 12.9
662.33 52.2
663.48 104.8
664.91 34.2
665.56 6.9
666.51 18.9
667.49 19.2
668.41 41.2
669.25 106.7
670.12 53.2
670.86 55.9
671.68 111.3
672.52 154.5
673.63 13.0
674.42 14.1
675.98 7.7
677.46 42.7
678.43 14.0
679.57 34.2
680.63 39.9
681.49 55.8
682.19 19.4
683.43 89.5
684.58 129.9
685.46 109.1
686.46 22.3
688.21 72.5
690.34 10.7
691.27 28.7
692.44 78.1
693.76 10.9
694.69 8.1
696.53 102.1
698.28 77.3
699.29 31.7
700.56 99.8
701.58 29.2
702.49 47.6
706.09 23.6
707.47 10.3
708.72 8.9
710.56 41.7
711.37 14.5
712.48 31.3
713.49 44.9
715.15 294.8
715.91 69.6
717.34 44.2
720.45 11.5
722.54 119.2
724.22 59.8
725.32 8.4
726.62 19.3
727.63 8.4
728.42 36.2
729.13 37.0
730.49 13.0
731.38 9.8
732.38 42.9
738.55 10.0
739.78 28.0
740.54 325.5
741.53 198.2
742.55 149.5
743.50 77.0
744.40 8.1
749.95 124.6
750.58 82.6
751.30 7.3
752.37 23.4
753.47 36.7
755.23 38.9
757.20 48.1
758.69 249.2
759.55 1435.6
760.56 432.1
761.50 45.7
762.74 35.5
763.75 51.0
765.03 56.4
767.04 85.7
768.25 360.1
769.33 157.5
770.39 72.9
771.64 46.3
772.61 7.5
775.57 14.5
776.47 15.7
780.36 383.2
781.07 329.9
782.33 42.4
783.52 60.8
785.39 322.1
786.38 245.5
787.42 34.5
789.64 6.0
790.40 8.3
791.66 19.4
793.85 12.3
794.59 37.1
795.22 24.7
797.45 43.3
798.38 138.1
799.61 52.6
800.40 55.0
801.30 8.3
802.31 22.8
803.43 102.1
804.31 59.9
805.56 42.2
806.97 37.9
809.05 111.9
809.67 135.2
810.70 101.4
811.47 28.1
814.63 51.9
815.67 106.9
816.47 39.6
817.83 9.4
818.93 71.8
819.63 82.0
820.31 71.5
822.28 14.9
823.52 21.4
824.67 60.6
826.68 82.3
827.95 644.6
828.63 480.7
829.71 105.1
830.66 10.6
833.05 31.6
837.03 2952.5
837.70 3179.3
839.08 44.1
839.83 15.3
840.66 27.0
842.26 123.5
844.23 93.2
844.87 5.9
845.88 297.5
846.53 1543.8
847.56 356.3
848.40 47.9
849.79 76.0
850.51 12.7
851.55 6.1
853.41 52.2
854.52 72.0
855.52 130.6
856.58 452.7
857.53 160.9
858.35 11.8
861.73 52.3
863.37 149.2
864.26 55.8
869.82 53.6
871.42 93.2
873.48 40.0
874.31 22.9
876.56 14.6
877.51 63.2
878.34 48.5
880.51 152.0
881.45 445.8
882.51 178.0
885.79 113.6
886.85 57.9
889.28 65.9
890.78 31.2
891.59 8.0
892.42 7.0
893.73 124.6
894.53 383.5
895.34 190.7
896.73 103.0
897.50 145.9
898.53 579.5
899.55 318.5
900.47 63.2
901.40 42.2
902.12 13.4
903.61 50.7
904.25 34.8
905.50 44.6
906.20 22.6
910.00 11.5
911.67 78.0
913.86 11.8
914.71 92.7
915.46 289.0
916.57 330.7
917.69 106.4
919.10 15.4
920.63 25.1
922.62 39.2
923.56 144.5
924.76 24.0
925.86 8.2
926.57 74.0
928.64 87.6
929.46 16.7
930.15 43.3
930.87 12.5
932.79 554.5
933.54 3278.2
934.55 1121.9
935.58 168.4
936.60 28.9
937.45 130.6
938.25 22.0
939.63 139.2
940.61 70.7
941.59 1564.1
942.84 2049.4
943.82 243.0
950.05 14.4
951.81 6046.3
952.67 760.1
953.77 14.6
954.63 94.5
957.70 136.0
959.66 19.0
960.55 53.9
966.78 48.6
969.58 235.1
970.72 154.4
971.87 77.5
973.94 17.6
977.04 74.4
979.92 7.3
983.37 49.1
984.40 40.4
985.37 82.9
986.77 35.7
987.81 11.2
991.46 29.2
993.69 145.4
994.68 148.5
1000.30 231.6
1001.19 266.3
1002.17 21.8
1003.82 26.0
1005.68 6.5
1006.89 15.1
1007.75 11.0
1009.33 1243.5
1010.25 402.3
1011.49 492.8
1012.49 194.9
1013.31 54.5
1014.87 22.1
1016.82 122.7
1017.78 18.9
1018.44 11.8
1022.70 10.1
1026.07 16.7
1026.74 8.0
1028.43 417.1
1029.47 293.6
1030.44 286.7
1032.75 20.4
1037.02 29.2
1037.80 42.9
1038.65 96.1
1039.36 10.7
1041.15 53.4
1042.05 84.7
1042.91 31.6
1045.58 501.5
1046.59 3210.9
1047.64 1264.9
1048.68 212.5
1049.62 11.8
1050.35 17.7
1052.96 96.4
1054.65 674.2
1055.59 232.7
1056.70 213.3
1057.81 91.8
1058.93 40.3
1060.35 24.7
1061.08 25.4
1063.79 45.6
1064.60 27.2
1065.46 181.3
1066.46 87.7
1067.86 56.4
1069.08 33.4
1069.74 18.1
1071.03 69.6
1072.59 250.4
1075.17 221.2
1076.44 350.9
1077.19 61.1
1078.53 46.0
1079.35 42.9
1081.02 34.3
1082.37 55.2
1084.34 100.2
1085.44 668.5
1086.12 118.9
1086.73 58.3
1088.47 35.7
1089.50 122.6
1090.31 194.1
1091.10 20.4
1092.32 106.2
1094.06 1436.9
1094.98 1954.7
1096.34 49.4
1097.23 10.9
1098.40 1097.8
1099.32 1397.0
1100.27 39.7
1101.19 270.4
1102.00 160.3
1103.01 42.8
1115.17 8.4
1121.77 6.9
1123.77 21.8
1125.01 72.3
1125.84 118.4
1126.75 75.5
1127.68 17.4
1128.98 20.2
1135.31 8.0
1137.77 22.2
1138.76 9.7
1139.97 25.1
1140.83 27.4
1141.70 154.0
1142.73 116.8
1143.75 117.1
1144.78 39.0
1146.05 18.7
1149.77 12.7
1150.75 73.9
1151.71 45.2
1154.59 7.1
1157.68 99.6
1158.80 110.9
1159.95 51.6
1160.91 6.8
1163.19 80.6
1165.76 14.6
1166.82 73.4
1167.76 584.7
1168.68 514.9
1169.79 105.7
1171.77 16.3
1172.98 27.9
1179.75 14.2
1181.26 25.7
1183.68 40.0
1184.83 723.3
1185.72 3824.6
1186.71 1940.2
1187.80 269.1
1188.88 41.1
1202.71 4031.9
1203.74 1913.3
1204.83 219.6
1207.76 12.4
1211.01 6.9
1212.00 18.8
1212.76 59.3
1213.65 36.6
1218.76 15.6
1219.79 33.2
1220.61 19.0
1221.72 14.9
1223.45 19.3
1225.74 43.7
1227.74 25.6
1228.80 16.8
1229.42 11.5
1233.04 15.3
1236.82 24.2
1240.63 62.1
1241.68 9.8
1242.62 15.8
1244.72 12.7
1246.32 106.3
1247.23 34.8
1248.59 22.3
1252.69 9.0
1254.23 9.5
1254.98 156.0
1255.98 118.5
1256.90 31.1
1259.03 51.8
1259.90 14.1
1260.96 8.9
1262.69 34.2
1263.87 30.1
1265.84 10.2
1268.86 18.9
1270.90 179.9
1271.98 101.7
1272.81 33.6
1273.87 14.5
1278.89 101.5
1280.09 58.9
1280.82 178.1
1281.84 299.5
1282.68 66.5
1283.72 33.8
1285.89 22.6
1286.68 17.4
1296.94 13.6
1298.05 489.8
1298.80 2905.4
1299.78 1773.4
1300.76 344.3
1301.73 75.4
1310.12 14.1
1311.98 45.5
1314.69 73.4
1315.85 1497.0
1316.94 1132.6
1317.90 207.8
1318.86 12.2
1319.94 65.1
1323.90 25.9
1324.58 8.4
1325.97 16.4
1326.77 19.4
1327.56 10.0
1328.98 32.5
1330.22 20.7
1332.40 25.9
1333.57 55.7
1338.06 7.7
1340.84 68.6
1342.00 65.3
1342.91 70.5
1343.75 12.0
1348.43 19.4
1349.52 11.1
1350.78 71.5
1353.31 21.4
1356.50 24.0
1357.79 27.6
1359.03 81.6
1361.36 65.4
1364.47 7.7
1367.25 98.9
1367.89 563.0
1368.95 418.2
1369.91 160.5
1373.86 9.5
1376.40 18.7
1377.06 33.4
1378.61 13.6
1382.02 23.7
1382.68 10.7
1383.87 33.7
1384.85 82.7
1385.81 1190.4
1386.79 786.1
1387.70 332.8
1388.62 7.2
1391.13 13.7
1393.93 101.2
1394.57 53.5
1395.30 76.9
1396.56 6.7
1399.85 6.1
1402.89 11.3
1403.86 41.0
1405.18 18.2
1405.91 10.6
1409.80 15.8
1411.74 1303.5
1412.94 785.6
1413.86 146.1
1414.68 8.9
1419.33 44.6
1421.20 20.3
1423.85 14.8
1425.17 6.1
1425.92 25.7
1426.90 57.8
1427.70 105.1
1428.90 922.7
1429.86 597.2
1430.90 156.2
1433.70 31.3
1436.84 571.8
1437.85 520.6
1438.78 149.5
1440.83 11.8
1442.56 10.4
1444.78 26.8
1446.30 28.3
1454.81 1292.3
1455.81 873.4
1456.88 208.0
1457.83 50.6
1462.78 14.4
1464.97 39.1
1465.92 12.3
1466.78 26.5
1472.91 866.5
1473.84 647.0
1474.85 165.4
1480.05 19.1
1482.53 84.4
1483.25 43.0
1485.00 26.3
1486.93 23.9
1491.47 10.2
1497.83 9.7
1498.93 23.4
1500.04 61.0
1501.22 25.7
1504.85 18.1
1507.88 81.2
1509.16 61.9
1509.76 43.3
1511.20 7.7
1516.52 11.8
1518.04 7.2
1520.93 23.1
1523.71 25.0
1526.09 79.2
1527.20 242.6
1528.15 56.0
1530.65 22.0
1533.48 7.3
1540.15 14.8
1542.36 71.2
1543.27 53.1
1544.11 56.3
1545.21 6.1
1546.00 17.1
1552.18 10.6
1553.02 27.7
1554.63 20.8
1558.73 64.4
1560.05 885.8
1561.00 344.1
1562.27 99.2
1570.15 20.4
1570.93 10.6
1571.97 6.4
1572.58 13.9
1574.11 19.7
1577.91 8.4
1582.12 8.8
1586.94 49.3
1588.97 49.3
1593.07 39.5
1595.53 58.8
1596.55 57.1
1597.28 25.2
1605.71 16.4
1609.06 17.4
1610.94 40.5
1613.94 20.1
1622.97 180.3
1624.05 161.8
1624.89 19.5
1625.93 51.7
1628.98 7.3
1635.77 21.4
1639.61 20.7
1640.86 1035.0
1641.94 1093.6
1642.92 326.1
1644.33 17.8
1654.81 35.1
1657.19 10.6
1671.05 12.6
1673.11 319.1
1674.11 113.8
1675.24 12.2
1680.71 66.2
1687.59 15.5
1697.01 23.9
1698.00 35.1
1698.97 21.8
1699.91 25.2
1705.89 11.5
1707.10 8.9
1708.37 18.9
1712.56 19.9
1714.17 13.4
1715.13 28.1
1722.81 11.3
1723.98 177.3
1725.06 276.0
1727.86 12.6
1734.60 6.7
1738.63 23.3
1740.21 43.3
1741.28 39.3
1742.23 174.1
1743.04 162.7
1744.00 23.8
1754.07 12.5
1756.09 174.6
1757.11 97.4
1758.18 39.4
1760.71 16.7
1766.23 39.9
1768.26 26.6
1770.51 16.3
1771.28 21.2
1777.26 10.6
1783.16 18.0
1787.97 59.7
1789.48 41.3
1793.15 8.7
1794.11 35.2
1807.37 13.0
1808.81 18.1
1811.14 230.6
1812.38 118.9
1813.11 16.8
1814.94 13.3
1819.46 76.4
1820.24 28.2
1820.99 23.2
1826.81 18.6
1828.36 54.8
1829.15 31.3
1832.99 14.4
1835.98 69.1
1837.17 396.8
1838.14 425.5
1839.08 37.6
1839.95 25.7
1855.11 783.7
1856.12 699.6
1857.25 288.4
1864.00 17.2
1869.96 17.9
1872.52 45.0
1873.15 270.8
1873.91 215.3
1874.94 84.6
1879.65 11.9
1882.35 46.3
1889.88 24.7
1892.95 16.1
1896.55 22.7
1897.73 14.4
1898.41 7.0
1904.06 6.9
1907.77 50.1
1909.04 136.4
1909.98 35.6
1911.26 12.2
1916.01 10.4
1917.43 28.2
1918.13 22.7
1919.29 29.6
1922.86 30.6
1924.31 15.2
1926.02 365.3
1927.09 323.7
1928.13 68.5
1933.96 156.5
1935.12 141.0
1936.23 82.5
1937.42 6.6
1939.74 88.0
1940.46 10.6
1941.38 29.2
1942.32 16.4
1943.26 17.7
1952.15 962.5
1953.24 1074.7
1954.19 529.3
1955.14 62.9
1956.05 17.5
1970.15 11052.0
1971.20 10756.0
1972.28 4896.4
1988.37 43.1
