833.48784 2
119.27 19.4
119.92 3.1
123.11 19.1
124.07 9.3
125.31 3.9
126.50 6.9
127.18 14.4
129.20 60.4
130.27 7.2
133.19 6.3
134.58 1.9
135.39 1.4
136.16 59.4
137.15 3.6
137.94 1.7
139.18 5.8
140.10 4.4
141.38 1.8
143.21 8.0
147.13 35.2
148.04 4.4
153.06 1.4
155.15 270.2
156.24 16.3
157.23 20.0
160.20 2.0
161.11 4.8
162.32 8.2
163.35 4.0
165.07 163.0
166.08 13.0
167.18 7.0
168.26 34.8
171.47 3.9
172.31 15.3
173.15 2.2
174.34 7.6
175.31 12.6
177.14 5.4
178.18 15.3
179.15 15.0
180.24 3.1
182.12 410.9
183.13 13.0
184.37 2.6
185.23 10.6
186.07 1.9
190.15 10.7
191.23 9.1
192.47 1.4
193.24 5.8
194.36 2.8
195.16 8.5
196.43 1.2
197.30 25.9
198.42 1.5
199.55 2.3
200.57 5.7
201.44 2.6
202.35 7.2
203.18 2.6
207.16 6.3
208.24 1.9
209.23 45.4
210.43 2.4
212.15 104.2
213.21 276.9
214.10 12.0
215.50 7.4
216.32 2.0
218.24 1.4
219.72 5.5
220.87 2.9
221.50 1.3
222.68 13.6
223.32 133.7
224.26 54.9
225.16 16.4
226.26 139.7
227.22 29.9
228.11 7.6
230.26 394.5
231.13 133.0
232.29 6.2
234.32 4.5
235.20 20.1
236.08 20.8
237.41 3.8
239.44 23.5
240.50 15.8
241.27 9.1
242.46 12.9
243.28 34.0
244.19 9.6
246.18 2.8
248.59 4.7
249.76 22.5
250.51 12.0
251.23 158.3
252.30 79.0
253.33 82.7
254.16 377.7
255.06 62.0
256.06 17.2
257.10 3.3
258.09 4.7
259.91 14.0
260.62 3.0
262.11 14.3
262.97 1.7
264.32 16.1
265.26 7.3
267.30 8.1
268.40 52.5
269.19 15.8
270.32 8.1
271.23 233.4
272.32 38.4
274.06 13.2
275.30 81.3
276.29 7.8
277.54 10.4
278.51 20.2
280.35 39.9
281.43 249.3
282.33 28.0
283.84 4.9
285.22 1.8
286.20 92.1
286.86 61.8
288.26 196.3
289.29 103.7
290.34 308.2
291.22 5.0
292.39 1.9
295.65 78.1
297.41 177.1
298.40 12.2
300.29 3.6
302.24 79.6
303.20 21.6
304.36 1318.3
305.32 7.2
307.70 10.3
308.42 5.1
309.28 210.2
310.19 9.6
311.27 146.6
312.90 2463.7
313.84 15.4
315.27 9.3
316.33 5.7
318.19 1543.4
318.82 297.6
320.04 20.8
321.19 3.4
322.38 8.2
323.30 31.4
324.09 6.3
325.51 1.0
326.85 2197.0
328.06 9.8
329.10 169.9
330.04 2.4
331.32 9.1
332.20 13.7
333.46 10.5
334.28 22.1
335.88 2307.6
337.24 151.8
338.20 44.6
339.83 14.4
340.75 9.6
341.79 5.2
342.75 6.1
343.89 12.1
344.84 3.1
346.57 33.7
347.38 17.9
348.41 21.0
349.56 16.1
350.55 68.4
351.30 5.1
352.26 62.6
353.42 41.7
354.37 46.8
355.31 3.3
356.58 7.3
357.45 1.9
358.68 28.6
359.80 235.5
360.79 15.6
362.29 22.4
363.44 47.4
364.20 39.3
365.35 39.0
366.59 11.6
367.24 13.9
368.59 34.9
369.53 26.8
370.34 5.6
371.70 83.7
372.34 54.3
373.45 18.0
374.51 5.7
375.36 3.7
376.06 2.5
376.86 5.1
377.49 10.3
378.17 6.5
379.15 10.7
379.92 6.1
381.34 61.6
382.30 463.8
383.31 60.9
384.40 22.0
385.66 127.2
386.42 182.2
387.17 6.4
388.49 12.2
389.36 21.6
390.71 34.5
391.35 4.8
392.42 19.7
394.82 3954.7
395.82 44.1
396.76 26.5
397.51 25.3
399.32 1100.9
400.34 198.5
401.06 18.9
402.19 54.1
403.11 126.4
404.42 12.4
405.23 46.4
406.27 8.8
408.20 702.0
408.88 837.1
410.72 78.5
411.46 9.2
416.44 2.3
417.64 6.5
422.46 2.3
424.21 5.2
425.39 15.3
427.38 11.8
428.15 11.9
430.28 3.1
431.17 2.2
432.22 2.2
433.38 1.3
435.19 316.2
436.27 65.9
438.05 10.6
439.19 1.9
440.36 20.3
441.32 1.7
443.06 8.3
444.48 3.3
447.46 14.9
448.37 11.5
450.27 17.9
451.34 43.9
452.43 7.2
453.24 14.1
454.58 8.2
455.74 5.6
456.46 17.1
458.02 1.1
460.53 5.9
462.14 36.0
463.16 5.9
464.30 8.0
465.46 26.8
466.35 69.2
467.51 26.0
468.34 38.6
469.26 22.3
470.44 38.9
471.41 13.9
472.34 12.7
473.09 1.8
473.87 1.5
475.13 9.8
477.42 1.7
478.36 54.3
479.41 58.4
480.39 49.5
481.55 93.2
482.44 6.8
483.22 13.8
484.41 86.7
485.56 29.4
486.67 28.6
487.48 53.3
488.40 2.0
489.19 29.9
490.17 6.1
491.38 3.7
493.18 45.6
494.32 25.7
495.40 8.1
496.26 55.6
497.11 29.7
498.34 218.3
499.43 56.3
500.49 10.4
502.10 6.6
503.39 3.6
504.39 2.0
505.20 6.7
506.44 28.4
507.33 157.7
508.43 62.0
509.37 6.5
510.22 12.7
511.55 13.9
512.68 3.1
514.43 43.9
515.64 23.1
516.84 8.4
517.60 8.7
518.30 15.6
520.51 1.4
522.75 6.9
523.49 15.0
524.40 63.6
525.46 40.0
526.40 11.3
527.43 30.4
528.30 14.2
529.36 14.2
530.53 3.0
531.46 3.3
532.45 1.8
534.23 16.6
535.32 16.3
536.42 23.4
537.40 116.3
538.39 103.8
539.20 11.8
540.27 6.3
541.20 15.5
542.25 4.0
543.70 8.5
545.17 63.9
546.28 31.2
547.65 4.4
548.52 9.2
549.56 9.8
550.53 15.8
551.63 11.3
552.77 54.5
553.45 279.1
554.48 67.3
555.46 247.2
556.42 58.3
557.25 14.4
558.26 17.9
559.36 26.4
560.32 11.4
561.37 5.9
562.38 35.3
563.39 191.8
564.38 143.6
565.42 34.7
566.42 33.8
567.47 14.8
568.67 6.9
569.94 5.7
570.76 4.0
571.70 63.0
572.52 19.7
573.56 22.6
574.43 36.3
575.42 77.5
576.54 20.8
577.62 41.5
578.53 11.0
579.44 9.5
580.66 34.8
581.39 167.9
582.37 265.7
583.52 65.3
584.49 62.0
585.37 121.4
586.46 37.7
587.59 3.8
589.09 9.9
590.43 47.3
591.40 29.3
592.46 8.9
593.47 47.5
594.62 14.8
595.67 15.4
596.75 4.4
598.78 3.1
602.44 90.2
603.39 284.1
604.43 88.9
605.29 3.6
606.74 14.2
607.43 115.9
608.46 27.2
610.54 9.2
611.39 6.9
616.53 5.3
617.51 8.6
618.59 8.2
620.29 3.4
621.49 362.3
622.53 110.0
623.68 15.6
624.66 32.0
625.72 27.2
626.63 4.8
627.35 8.2
629.49 5.2
630.50 18.1
632.23 2.0
634.31 21.4
635.46 36.3
636.83 5.5
638.45 5.2
641.34 1.1
642.69 2.6
643.40 1.7
645.44 2.7
646.96 2.8
647.59 8.4
648.35 2.7
652.48 474.5
653.49 101.6
656.01 7.5
656.71 3.5
657.51 2.2
660.08 22.3
660.78 5.4
661.47 5.6
662.34 4.5
663.45 1.5
668.08 1.3
669.69 8.6
670.61 54.8
671.51 16.7
672.45 8.2
673.68 1.7
674.62 18.7
676.09 2.7
677.35 427.4
678.41 359.7
679.46 4.4
681.56 1.1
682.96 6.0
686.63 5.2
687.39 15.3
688.37 21.8
689.61 2.5
691.31 7.4
692.51 16.1
694.20 9.4
695.58 76.5
696.55 23.3
697.24 3.1
698.72 2.8
700.54 1.8
701.27 4.3
705.51 20.2
706.40 8.8
707.42 1.4
716.44 10.0
717.51 6.5
718.61 4.7
719.74 5.3
725.59 1.6
742.20 1.1
743.19 3.1
745.58 3.6
746.76 1.7
753.40 4.4
761.40 1.8
763.53 1.5
770.59 2.2
771.54 7.0
785.72 6.6
788.47 110.8
789.68 26.6
810.44 4.5
813.92 1.6
