2042.98613 2
297.34 4.7
298.20 9.2
306.41 15.5
308.21 22.8
309.30 5.8
310.27 91.0
311.34 27.3
312.28 5.0
313.17 6.1
315.09 17.6
317.28 6.6
319.67 45.7
324.35 12.2
325.23 45.8
326.31 37.8
327.17 39.2
328.27 70.9
330.30 25.9
331.31 49.9
334.00 40.5
342.79 82.5
343.40 239.5
345.14 246.7
346.18 62.5
349.19 12.4
352.30 37.1
353.18 5.4
354.34 19.6
355.47 9.2
357.74 28.3
359.26 35.8
362.00 46.4
363.32 27.5
365.35 27.2
366.40 20.1
369.29 19.7
370.34 16.1
373.17 14.7
376.43 79.1
377.33 23.7
378.56 6.7
380.23 71.6
381.05 25.8
383.33 24.2
386.59 32.3
387.32 6.3
388.39 22.4
389.90 27.3
393.23 16.5
394.05 18.0
395.20 82.1
396.02 17.1
401.56 21.3
402.38 12.4
404.17 12.0
405.41 5.4
409.39 7.8
410.39 12.3
411.19 22.8
412.35 10.6
413.51 114.1
414.30 49.1
415.11 8.0
419.23 8.8
421.23 10.3
423.33 30.7
424.27 6.7
426.61 5.6
427.46 24.6
428.21 17.2
430.14 68.6
432.99 27.6
434.34 20.4
437.22 13.9
438.36 25.1
439.08 19.3
440.39 76.1
441.28 138.2
442.20 13.5
443.02 43.0
444.29 28.0
444.92 9.6
447.34 60.6
450.42 6.5
451.20 53.0
456.27 118.5
457.33 71.7
458.22 544.7
459.37 84.1
462.17 8.1
465.25 253.8
466.29 115.4
467.28 30.6
468.04 16.9
469.41 5.7
470.07 7.2
471.93 5.4
473.40 36.8
474.22 223.5
475.15 102.0
476.35 14.4
478.27 13.0
483.16 130.9
484.20 39.4
489.49 5.7
490.45 26.1
491.36 71.9
492.27 17.8
493.61 13.1
496.23 88.8
497.51 10.6
498.39 17.1
499.14 23.7
501.34 19.7
503.71 6.0
506.49 7.8
507.33 5.7
508.29 17.7
509.27 13.1
511.36 9.8
512.46 10.4
513.40 35.1
514.35 14.2
517.49 33.8
518.43 5.7
520.33 13.1
523.29 41.2
524.09 28.3
525.39 35.2
526.40 27.7
527.36 9.8
531.53 59.1
534.39 12.7
535.45 12.3
536.30 10.2
539.38 14.8
540.33 4.8
541.25 21.6
542.21 98.1
543.32 72.7
547.33 9.0
548.25 17.8
550.42 13.9
551.36 14.8
552.94 56.2
553.64 104.7
554.32 94.2
555.20 42.4
556.10 40.5
557.64 19.4
559.37 192.4
560.25 8.0
561.31 35.1
563.31 96.8
564.38 5.7
566.38 10.7
568.41 8.4
569.21 19.6
570.50 94.4
571.35 124.5
572.33 220.2
573.42 9.1
574.84 27.9
578.27 18.0
579.30 40.1
580.28 50.4
583.32 14.0
585.33 20.4
586.21 16.1
587.36 112.4
588.60 115.0
589.34 195.8
590.21 66.1
592.28 29.0
593.48 89.3
595.02 15.6
595.63 5.7
597.03 257.3
598.29 73.5
599.46 28.8
602.38 11.0
603.25 33.4
605.32 94.8
606.31 228.0
607.16 24.5
609.07 4.7
610.40 17.8
611.20 160.4
612.15 57.1
614.24 11.6
615.28 49.7
616.42 19.7
617.32 30.5
619.26 16.4
620.37 26.0
621.21 9.7
625.95 39.4
627.44 43.1
630.07 25.9
631.08 37.8
631.72 42.0
637.38 91.3
638.36 13.9
639.27 73.1
640.07 82.6
645.03 172.6
645.83 18.9
647.08 51.1
648.30 31.3
650.30 42.4
653.65 382.5
654.62 93.3
655.63 83.0
656.45 116.0
657.26 41.0
658.08 39.2
659.70 45.4
660.66 46.8
661.72 40.9
662.51 120.4
663.27 13.4
664.60 17.6
667.23 88.8
668.32 35.8
669.42 7.4
670.59 94.2
671.27 29.8
672.25 123.1
673.27 67.8
674.46 19.5
676.39 335.7
677.40 119.6
678.27 22.9
680.12 91.1
681.49 31.2
682.46 38.7
683.41 43.8
684.27 65.5
685.18 124.9
686.12 16.0
686.79 14.7
687.46 8.2
688.44 50.7
689.29 25.1
689.98 22.8
690.69 11.8
691.55 5.3
693.32 68.5
694.28 56.2
695.45 106.9
696.21 16.8
697.04 35.3
698.20 24.7
700.48 23.9
701.33 4.8
702.24 310.4
703.41 232.7
704.34 104.1
705.08 51.1
706.11 36.6
707.39 63.0
709.99 237.8
710.78 286.4
711.51 201.8
712.34 275.9
713.23 182.1
714.26 21.4
717.67 33.7
719.04 168.4
720.17 647.4
721.28 381.0
722.11 98.1
723.54 43.3
724.60 30.1
725.61 36.9
726.63 16.1
727.54 171.8
728.44 125.2
729.39 32.1
730.34 123.3
731.36 75.4
732.37 28.2
734.21 83.0
736.74 66.9
737.88 131.3
738.66 53.5
740.43 41.4
741.43 47.3
743.04 141.5
744.04 36.2
746.14 237.7
746.96 6.0
747.62 14.5
748.78 43.3
750.24 37.0
751.26 171.6
752.33 138.6
753.72 45.7
755.41 229.6
756.14 20.8
757.31 71.7
758.65 67.3
760.28 460.8
760.99 155.4
761.70 43.6
762.81 17.6
763.74 131.2
764.56 25.8
765.61 45.6
766.57 175.2
767.66 237.0
768.68 761.9
769.52 854.5
770.59 9.7
771.56 4.9
772.45 20.4
773.44 9.0
775.10 210.2
776.60 442.4
777.78 538.0
778.42 360.1
779.61 25.3
780.33 45.3
781.26 125.2
782.13 57.3
782.74 7.7
784.20 600.8
785.49 250.4
786.37 92.8
787.43 169.4
789.60 54.9
790.26 24.9
791.09 88.8
792.36 121.4
793.49 101.9
794.39 49.7
795.29 117.4
796.91 80.0
797.52 29.1
798.54 84.6
799.77 21.4
800.46 105.2
801.51 58.9
802.73 298.7
803.41 212.9
804.41 55.4
805.55 96.8
806.67 42.2
807.85 504.1
808.71 235.2
809.43 195.1
810.23 21.5
811.26 310.4
811.96 612.0
812.57 228.9
813.93 11.7
815.30 98.3
816.76 1417.8
817.51 1176.3
818.59 86.6
820.08 161.7
821.10 229.3
821.88 15.7
822.77 157.4
823.48 902.5
824.62 588.1
825.69 4492.1
826.47 1555.0
827.36 74.9
828.34 86.8
829.53 31.6
830.30 22.6
831.47 201.0
832.18 151.0
833.46 644.5
834.65 5073.1
835.60 122.9
836.47 22.5
837.24 56.1
838.13 117.1
839.48 55.5
840.69 385.4
841.60 301.4
842.47 309.6
843.31 315.6
844.18 328.2
845.14 148.3
845.81 40.8
846.75 49.2
847.42 17.8
849.16 301.1
850.23 147.1
851.63 268.8
853.39 306.3
854.29 195.9
855.50 160.5
856.14 126.3
857.58 122.3
858.69 172.3
859.62 859.5
860.65 363.6
861.67 80.7
864.31 410.7
865.08 555.9
866.23 51.4
868.05 625.5
868.69 1579.2
869.54 215.4
870.29 31.7
871.06 30.7
873.32 2735.0
874.17 1803.0
875.10 16.1
876.07 42.4
877.18 1605.8
878.26 134.0
879.63 24.4
880.41 113.4
882.29 9047.7
883.00 2369.7
883.62 402.8
884.36 140.6
886.00 185.0
886.97 140.6
887.79 130.5
888.63 175.9
889.59 18.5
891.22 9029.5
892.20 542.1
893.01 72.7
894.37 71.3
895.64 69.3
896.62 100.8
897.39 171.1
898.71 229.6
899.89 1506.6
900.57 1246.6
901.49 181.3
903.47 27.8
904.45 31.8
905.84 137.2
906.50 253.3
907.87 7.8
909.17 634.9
910.24 441.6
911.26 75.2
912.12 54.4
913.32 19.3
914.24 4.8
914.88 10.9
915.80 40.6
916.52 173.0
917.52 157.0
918.65 160.6
920.38 86.6
921.40 167.4
922.52 115.4
923.45 135.3
924.88 298.4
925.61 286.0
926.51 45.0
927.14 6.0
929.82 381.0
930.46 412.2
931.20 322.9
932.19 68.3
933.73 549.1
934.54 760.9
935.32 282.1
936.45 77.7
937.62 203.1
938.78 4588.7
939.54 1860.2
940.49 197.0
941.39 143.4
942.65 845.4
943.78 36.6
944.91 57.9
947.81 8333.4
948.58 1706.4
949.54 89.5
950.24 42.2
951.19 18.1
952.13 16.5
952.80 16.2
953.92 38.0
954.67 40.5
956.76 7699.8
958.25 264.6
959.59 128.5
960.41 6.1
961.41 9.9
963.45 47.6
964.47 84.0
965.78 270.8
966.58 122.0
967.80 158.6
968.71 97.7
969.79 14.3
972.14 157.8
973.31 57.6
974.41 299.4
975.44 137.4
976.65 23.7
977.41 8.4
978.40 67.9
979.68 102.0
981.19 687.2
982.31 278.3
983.07 12.2
984.68 134.6
986.06 52.3
986.82 44.1
987.67 60.8
989.65 230.4
990.26 1012.3
991.13 263.3
992.22 35.1
993.16 40.5
994.49 105.7
995.55 835.5
996.59 412.1
997.78 109.1
998.68 152.7
999.94 164.0
1001.05 56.3
1001.69 15.3
1004.38 2101.6
1005.14 849.7
1005.86 74.3
1009.61 19.9
1018.74 37.4
1030.42 44.3
1031.62 48.9
1034.24 12.5
1035.65 105.8
1036.53 52.9
1037.53 35.6
1043.24 16.6
1049.56 18.3
1050.65 42.1
1051.64 35.8
1052.48 43.5
1053.50 113.4
1054.51 128.2
1055.37 5.0
1059.68 7.2
1061.53 9.0
1062.57 25.8
1063.67 17.2
1064.63 21.1
1066.32 9.0
1067.81 60.9
1068.81 52.0
1069.57 70.8
1070.63 43.6
1071.64 184.0
1072.53 110.0
1073.63 35.4
1074.72 10.3
1079.53 100.7
1080.54 43.0
1081.82 21.4
1082.80 28.9
1084.38 5.0
1085.49 8.4
1086.33 7.4
1087.41 140.0
1088.42 176.6
1089.54 68.1
1090.84 40.9
1092.22 76.3
1094.07 46.9
1094.77 28.4
1097.60 206.4
1098.65 29.1
1101.02 19.6
1102.35 20.3
1103.69 9.5
1105.45 465.5
1106.51 251.9
1107.49 39.5
1108.53 23.9
1109.54 1230.5
1110.56 492.3
1111.64 57.4
1112.62 56.9
1114.72 69.1
1115.75 16.5
1116.63 25.9
1119.53 9.6
1121.43 13.3
1122.63 11.7
1124.20 7.6
1125.89 40.6
1126.58 43.8
1127.58 29.5
1128.64 9.8
1131.58 12.4
1133.81 8.7
1135.94 14.7
1137.79 26.2
1138.94 28.2
1139.66 33.4
1140.53 16.5
1141.54 10.0
1143.64 17.8
1145.61 15.4
1146.34 6.4
1147.75 43.1
1148.64 41.6
1149.55 58.9
1150.60 22.6
1151.59 18.8
1153.79 32.4
1154.69 26.7
1156.62 7.0
1158.67 22.9
1165.55 60.4
1166.60 265.3
1167.75 66.8
1168.71 56.8
1172.73 10.7
1173.75 18.6
1174.69 40.0
1175.88 38.9
1176.67 8.1
1177.76 62.4
1178.65 51.0
1180.70 23.9
1182.59 113.2
1183.70 83.8
1184.73 59.1
1185.79 54.8
1186.78 81.4
1187.52 30.8
1188.56 15.1
1190.50 49.8
1191.60 26.3
1192.64 480.2
1193.58 254.4
1194.71 35.1
1195.90 26.8
1196.66 11.9
1200.77 56.5
1201.60 37.9
1202.51 84.3
1203.60 177.8
1204.59 44.3
1207.83 34.5
1208.56 20.0
1210.60 1159.5
1211.64 348.4
1212.51 164.6
1213.68 49.0
1217.89 6.7
1218.76 19.6
1220.42 393.1
1221.53 218.1
1222.37 34.4
1225.10 36.5
1225.81 57.9
1226.61 16.0
1228.54 5.9
1231.50 12.5
1236.66 39.4
1237.76 23.0
1238.68 20.0
1239.69 9.9
1240.64 55.4
1241.50 47.5
1242.53 22.8
1248.60 18.8
1250.54 32.5
1252.64 23.9
1253.55 14.1
1254.63 4.6
1257.45 26.8
1259.47 7.3
1260.64 17.9
1261.88 14.0
1263.11 56.8
1264.57 42.8
1265.21 13.9
1267.21 27.6
1268.18 12.6
1269.62 23.7
1270.47 21.2
1271.94 11.2
1272.63 33.1
1274.97 7.7
1276.77 29.1
1277.74 34.7
1279.17 42.3
1279.94 125.4
1280.83 112.2
1281.81 94.1
1282.63 26.4
1284.88 22.9
1287.59 57.0
1288.65 109.4
1289.51 52.4
1290.70 47.5
1291.75 26.2
1293.11 27.3
1295.49 42.8
1296.76 33.3
1297.63 111.9
1298.54 123.5
1299.49 44.0
1302.35 71.5
1305.68 1060.4
1306.70 486.7
1307.76 162.3
1308.74 81.7
1309.72 92.3
1311.69 5.0
1314.76 15.3
1315.48 29.1
1316.45 44.5
1317.53 22.0
1320.42 6.6
1323.04 248.6
1323.77 3036.7
1324.63 975.8
1325.66 191.8
1326.66 240.5
1327.74 5.4
1329.78 29.3
1331.86 6.4
1332.61 32.4
1333.86 30.2
1335.26 49.5
1337.40 18.1
1338.01 29.0
1338.68 6.0
1340.01 43.6
1341.09 135.1
1341.80 81.7
1342.63 5.0
1343.59 15.6
1344.82 17.4
1348.16 14.6
1348.90 68.1
1350.06 45.9
1350.73 16.8
1352.76 12.6
1354.00 16.1
1354.94 5.4
1359.07 35.4
1359.87 13.8
1360.54 14.4
1361.68 31.2
1363.09 14.5
1365.65 12.3
1367.69 126.4
1368.74 126.5
1369.68 11.5
1370.55 13.1
1372.60 7.3
1374.19 15.3
1375.58 7.1
1376.26 12.1
1377.45 24.6
1378.88 28.8
1379.83 17.8
1381.69 28.8
1385.07 23.6
1386.43 13.7
1388.69 27.4
1389.32 31.6
1391.78 43.6
1392.72 75.2
1393.42 7.8
1394.65 109.4
1396.32 28.9
1399.63 20.0
1403.75 41.5
1404.67 21.1
1406.80 31.6
1407.72 30.1
1408.81 8.3
1409.90 7.6
1411.60 101.0
1412.72 60.9
1413.85 26.5
1417.80 30.5
1418.72 15.2
1419.63 38.4
1420.78 191.9
1421.74 214.7
1422.79 110.2
1423.71 74.7
1424.70 36.8
1425.78 23.9
1427.61 13.6
1428.65 43.0
1429.69 93.2
1430.59 93.3
1431.26 35.8
1432.47 9.3
1434.73 6.1
1435.60 67.1
1436.89 94.7
1438.14 354.8
1438.79 1655.2
1439.74 759.3
1440.97 62.5
1441.80 88.7
1442.78 70.6
1445.41 18.6
1446.96 13.4
1448.27 14.7
1449.01 17.6
1450.45 26.2
1451.62 42.4
1453.56 183.5
1454.58 189.6
1455.62 93.0
1457.16 25.8
1458.93 15.6
1463.62 6.0
1464.40 12.1
1465.21 7.2
1466.76 55.8
1467.94 21.5
1468.76 43.3
1469.73 36.9
1471.02 6.0
1471.83 8.1
1472.52 5.7
1476.28 20.7
1477.17 12.2
1477.86 5.6
1479.70 10.6
1482.59 7.6
1484.69 9.2
1489.00 14.4
1490.19 45.2
1491.26 12.5
1495.64 10.7
1498.99 7.3
1501.81 23.6
1505.70 5.1
1507.09 26.6
1507.95 66.1
1508.79 23.7
1511.12 18.1
1512.49 30.3
1514.38 17.6
1515.85 28.1
1517.56 13.7
1519.65 72.2
1520.49 32.2
1521.85 8.8
1524.50 51.8
1525.43 46.4
1526.93 45.9
1529.74 19.1
1533.38 23.7
1534.41 23.1
1536.08 44.6
1536.85 135.7
1537.80 152.6
1538.78 65.1
1540.16 14.1
1542.73 87.8
1543.97 30.4
1545.30 14.2
1547.84 4.6
1548.96 27.7
1549.76 60.3
1550.78 26.0
1552.22 126.2
1552.96 570.4
1553.86 419.9
1554.89 157.8
1555.74 64.1
1561.10 59.7
1561.74 78.7
1562.72 12.2
1566.66 50.8
1567.74 119.8
1568.88 5.9
1570.00 40.6
1571.03 25.9
1577.63 11.7
1578.81 400.1
1579.76 237.0
1584.40 72.1
1585.18 35.1
1585.87 5.9
1589.01 12.9
1589.93 16.7
1591.48 9.4
1594.90 6.1
1596.00 16.2
1597.80 12.6
1604.81 29.5
1605.87 9.8
1608.04 19.5
1609.16 40.2
1614.79 9.3
1615.96 22.9
1619.45 18.2
1621.02 9.2
1622.94 7.3
1625.85 71.1
1626.86 84.5
1627.75 16.1
1631.38 6.2
1633.10 73.0
1634.04 23.5
1634.84 6.1
1637.17 20.7
1638.92 27.6
1639.58 32.8
1642.99 30.5
1643.95 30.8
1644.91 11.4
1650.05 178.1
1650.88 203.3
1651.88 131.4
1655.45 15.9
1659.73 6.0
1661.96 16.2
1665.64 45.1
1667.78 1069.8
1668.85 951.1
1669.93 20.9
1674.94 4.6
1677.43 14.3
1678.06 17.9
1680.01 14.6
1681.05 8.3
1684.05 24.0
1685.14 6.4
1685.88 19.9
1691.97 18.4
1696.72 10.3
1697.70 34.1
1699.01 50.9
1704.93 11.5
1705.69 23.6
1713.06 11.2
1715.61 83.7
1716.83 118.7
1717.43 8.2
1720.24 12.3
1722.82 12.8
1728.78 13.5
1737.27 20.1
1739.64 39.0
1742.97 7.3
1746.45 98.6
1747.71 63.2
1757.85 103.1
1758.90 30.3
1762.99 157.6
1763.88 421.6
1764.99 279.7
1766.04 4.7
1773.91 13.0
1774.95 12.1
1775.85 25.6
1780.86 1480.5
1781.88 1064.5
1782.85 43.9
1786.15 14.0
1791.80 36.0
1799.07 42.9
1800.08 9.7
1801.14 12.0
1809.89 7.5
1817.26 32.4
1818.05 57.7
1827.25 16.5
1831.19 11.1
1894.88 15.9
1895.59 46.3
1914.32 10.5
1930.92 9.0
1941.42 7.5
1988.98 17.7
