960.41539 2
136.05 5.8
141.16 22.4
147.27 4.1
155.25 10.3
156.27 2.2
159.10 53.6
160.05 4.3
164.09 1.4
165.16 1.5
166.10 5.1
168.24 1.2
169.30 4.1
171.21 15.6
172.35 2.8
173.12 9.3
174.29 6.8
175.20 66.4
177.25 3.3
179.21 5.5
181.00 1.9
182.17 4.8
185.23 4.3
187.29 3.4
193.41 5.2
194.20 1.1
197.15 2.4
198.10 1.8
199.11 5.6
200.14 2.2
201.29 6.4
202.16 12.5
203.20 4.0
204.26 12.1
205.26 5.4
206.34 6.3
207.05 2.4
207.94 1.7
209.08 1.8
211.80 1.2
213.34 3.0
214.33 2.0
214.98 3.9
216.14 1.9
216.85 6.3
220.17 1.8
221.15 2.6
223.23 7.0
226.26 3.0
228.20 2.2
229.13 1.4
230.36 6.2
232.00 16.9
236.25 3.2
236.99 2.3
238.17 3.8
239.02 4.7
240.32 9.9
241.35 7.8
242.37 4.3
243.17 2.5
244.32 10.9
246.06 5.2
248.31 2.8
253.11 1.8
254.21 13.3
255.17 3.1
257.51 1.7
258.23 6.9
259.47 1.3
262.33 8.2
266.33 2.7
268.39 4.9
270.17 118.1
271.27 15.0
272.29 5.8
273.23 1.4
274.15 12.5
275.22 13.2
276.24 11.2
277.30 11.3
279.23 98.3
280.23 166.1
281.07 4.0
282.13 1.0
285.14 7.1
286.20 7.3
288.15 38.0
289.38 18.0
290.39 3.2
291.26 4.4
294.23 1.2
296.36 1.7
298.15 1.2
301.20 2.0
302.19 1.8
303.18 4.4
304.16 7.7
305.28 3.6
307.40 10.1
308.32 1.8
309.27 8.5
311.62 15.3
312.81 10.2
314.03 4.9
319.16 3.5
320.18 3.4
321.09 3.5
322.34 11.4
324.04 1.4
325.57 6.8
326.34 15.6
327.31 47.0
328.11 9.3
329.29 3.7
330.35 20.0
331.07 4.4
332.22 3.8
333.44 2.8
336.51 23.1
338.20 35.3
339.26 7.9
340.32 24.9
340.93 7.1
341.87 14.1
342.73 4.7
344.26 14.7
345.30 5.9
346.67 3.4
347.46 10.9
348.84 43.7
349.74 22.3
350.64 2.0
351.38 6.5
352.67 13.7
353.35 7.3
354.65 9.1
355.68 12.6
357.32 16.2
358.96 5.9
360.45 5.4
361.32 5.4
362.32 4.6
363.28 9.0
364.37 1.5
365.34 6.2
366.28 14.2
367.07 37.4
369.05 7.5
370.11 1.1
371.28 24.0
373.04 7.0
373.72 4.0
375.28 93.5
376.00 308.8
377.12 10.9
378.15 6.6
379.08 11.9
380.57 34.5
381.28 15.1
382.02 21.0
382.93 8.4
383.99 51.2
385.00 7.9
385.96 3.5
387.12 6.2
388.37 5.7
389.51 61.1
390.32 9.5
390.99 5.0
391.78 4.5
392.80 274.9
393.95 49.5
395.22 29.3
396.44 29.4
397.63 24.6
398.84 250.3
399.76 17.4
400.37 18.8
401.76 179.7
402.72 16.2
403.52 4.2
406.04 274.6
406.92 79.2
408.01 10.0
408.93 14.3
409.70 6.2
410.33 29.4
411.42 8.6
412.62 18.3
413.87 37.6
414.53 65.6
415.26 162.1
415.87 41.0
417.24 19.3
417.99 2.2
418.64 43.8
419.27 16.5
420.02 29.8
421.19 4.0
422.11 24.3
422.99 22.8
424.36 33.7
425.60 30.1
426.34 9.0
427.45 66.2
428.49 13.7
429.37 7.8
430.12 19.5
431.05 30.3
432.09 56.7
432.86 12.5
434.70 20.1
436.32 63.4
437.15 24.5
438.43 4.7
439.52 18.5
440.38 41.9
441.32 58.2
442.39 8.4
443.23 4.2
444.60 35.5
445.51 7.3
447.37 7.2
448.50 35.6
449.30 32.0
450.23 72.6
451.33 17.9
452.33 75.3
453.44 46.1
454.39 28.7
456.00 22.7
457.11 34.2
457.94 207.1
459.09 43.5
460.21 6.4
461.05 2.8
462.94 1156.4
463.86 60.7
464.64 40.1
465.55 49.7
466.36 34.0
467.41 16.7
468.36 88.1
469.17 110.4
469.99 23.0
471.75 1683.9
472.35 519.8
473.30 93.6
474.18 13.5
475.43 2.3
477.90 2.2
479.53 5.9
481.95 2.6
486.22 3.5
488.42 6.2
489.86 10.6
491.84 1.1
492.76 1.4
494.00 13.0
494.97 10.3
497.04 6.5
498.64 11.8
501.47 3.3
502.31 1.4
503.57 18.1
504.34 2.8
505.34 1.9
506.29 5.9
507.46 3.5
508.64 7.4
509.47 2.9
511.07 1.1
511.74 3.5
512.67 6.1
513.30 1.2
514.28 2.6
515.17 3.6
516.49 10.6
517.20 2.4
518.97 8.7
520.04 6.3
521.11 11.1
522.78 36.9
524.48 21.6
525.36 26.6
526.32 14.7
527.32 3.0
528.46 3.5
529.38 6.5
530.97 40.2
531.96 15.2
533.16 10.2
534.42 4.0
535.41 2.5
536.19 7.7
536.95 4.5
537.64 16.2
538.46 2.2
539.58 1.0
542.17 64.0
543.53 30.0
546.60 17.0
548.94 42.3
551.67 9.9
553.07 20.9
554.72 10.1
555.36 1.2
558.47 9.1
560.68 13.8
561.39 12.7
562.04 3.8
562.94 6.7
565.40 5.1
566.47 31.5
567.67 12.2
568.66 9.1
569.77 10.6
571.86 2.8
573.23 37.0
573.88 9.1
575.31 20.0
576.19 13.9
577.27 8.1
578.14 8.6
579.59 16.9
580.61 24.7
581.28 1.7
582.30 10.5
583.06 24.3
584.30 7.3
585.07 3.1
586.26 20.5
587.41 15.9
588.70 5.7
589.47 24.9
590.10 2.0
591.22 18.3
592.13 14.1
593.37 8.0
594.25 7.1
595.84 47.2
596.97 34.6
599.40 8.8
602.48 9.0
603.71 11.6
604.69 48.3
605.57 20.5
606.84 11.0
608.88 11.4
610.17 17.4
611.29 10.6
612.43 37.8
613.48 12.8
614.66 4.5
616.32 23.5
617.34 2.5
618.63 13.6
619.77 15.2
620.86 65.6
621.81 58.8
622.42 7.4
623.34 2.0
624.71 3.4
625.79 27.6
626.51 19.6
627.62 3.0
628.29 4.9
629.74 1.6
630.59 12.7
631.57 1.5
633.28 8.9
634.95 18.5
635.60 1.1
637.36 18.7
639.24 3.2
640.20 2.7
641.27 7.5
642.01 4.5
642.89 2.8
645.15 37.8
645.92 5.6
646.62 18.7
647.58 2.5
648.27 17.4
649.50 22.6
651.53 9.9
653.24 53.1
654.09 607.7
655.13 186.7
656.48 9.2
658.12 12.2
658.80 3.6
662.63 14.3
663.48 16.1
664.49 2.3
666.64 11.0
667.42 8.5
671.26 205.4
673.25 501.0
674.33 107.4
675.49 11.4
676.48 27.5
677.79 5.1
679.38 5.3
681.52 3.0
682.59 6.8
683.62 2.6
685.48 14.4
686.34 1.6
687.52 7.9
688.39 3.0
689.54 14.9
691.39 6.4
692.43 22.7
696.34 16.9
698.01 12.7
699.33 5.2
701.89 2.9
702.57 9.8
703.36 7.4
705.45 3.3
708.29 3.0
709.93 5.1
710.62 1.1
711.34 4.3
712.02 6.0
713.89 8.7
714.69 15.0
715.53 2.7
719.21 18.1
720.25 10.4
721.17 1.4
722.23 5.4
724.70 2.5
728.27 11.1
729.37 1.4
730.53 3.9
733.53 8.8
735.34 4.8
736.26 2.9
737.66 21.7
738.76 22.7
739.57 3.7
740.38 12.3
741.55 3.5
742.36 1.0
743.34 5.8
745.79 2.0
746.48 5.8
747.26 12.9
748.55 6.8
750.34 4.5
751.43 7.0
752.29 3.7
753.18 4.9
755.15 8.5
756.39 2.3
759.58 29.7
761.12 9.6
762.42 3.6
764.24 4.7
766.34 3.3
768.48 13.7
769.18 4.9
773.62 3.7
774.66 1.3
775.71 1.5
776.88 3.0
777.70 2.1
778.82 5.4
783.09 4.4
784.43 101.7
785.30 31.1
786.37 36.2
790.56 7.7
791.45 1.1
794.49 2.1
799.91 5.7
802.39 217.0
803.46 113.9
804.35 8.6
805.56 1.8
809.42 4.3
810.32 2.5
813.79 9.8
816.09 1.9
818.83 2.3
822.25 1.0
826.29 27.4
827.38 230.9
828.45 60.6
829.31 14.3
830.28 2.0
834.35 12.4
836.58 2.9
841.54 9.2
842.35 2.6
844.80 4.3
847.57 17.8
848.55 1.3
850.58 2.7
853.48 2.6
855.40 1.2
856.33 14.5
857.64 8.3
858.51 5.3
859.37 14.1
860.80 3.7
862.58 4.9
870.15 2.5
871.22 5.9
876.53 4.5
877.18 1.2
878.18 1.1
879.31 1.2
882.67 3.5
886.55 5.0
887.35 4.5
892.37 2.2
899.50 3.4
916.10 1.5
919.20 4.6
922.58 1.8
925.25 1.4
937.31 3.0
938.47 1.7
939.38 1.9
940.00 2.4
950.68 3.5
953.62 2.4
