976.54711 2
140.13 1.9
143.19 14.4
145.22 1.6
147.17 7.7
147.99 1.6
152.12 1.1
154.29 1.9
155.18 14.3
156.18 5.4
157.14 12.7
158.06 5.2
159.04 2.8
160.23 1.8
161.07 2.5
164.21 1.7
165.10 43.2
166.18 4.4
167.30 3.6
169.19 5.4
171.22 86.4
172.19 2.0
173.18 9.4
174.03 1.8
175.25 32.9
176.12 1.7
177.13 7.9
178.20 2.1
180.05 1.4
181.15 7.3
182.16 215.8
183.06 11.5
184.19 3.1
185.35 2.4
187.19 9.0
188.01 5.3
191.08 2.6
193.09 4.8
195.24 2.8
196.03 3.1
197.16 10.5
198.15 8.6
199.20 10.2
201.17 1.3
202.23 3.6
203.45 7.5
204.17 4.3
209.02 9.2
211.07 6.2
212.29 3.0
213.28 12.6
214.08 1.3
215.21 15.7
216.17 8.0
217.09 6.5
220.25 7.4
221.14 3.4
223.11 38.1
223.99 9.5
225.15 4.0
226.09 7.4
227.12 25.1
228.24 7.5
229.23 8.9
230.19 34.8
231.14 2.2
232.36 4.6
233.04 2.4
235.32 2.6
237.41 1.5
238.24 1.0
239.15 7.8
241.15 80.8
242.29 20.8
243.23 3.4
244.23 2.6
245.13 1.5
246.18 13.4
246.98 1.4
249.03 3.7
250.06 1.2
251.09 5.9
253.21 32.7
254.15 41.6
255.33 19.5
256.24 1.8
258.24 17.2
259.82 3.7
262.17 18.5
263.76 11.4
265.97 1.9
267.10 13.5
268.29 8.5
269.09 12.8
270.11 7.4
271.24 18.0
272.22 30.6
273.17 8.8
274.62 8.4
275.37 14.1
276.21 8.1
277.37 8.3
279.16 5.2
280.14 2.3
281.20 33.5
282.15 5.6
283.16 10.2
284.10 1.1
285.30 3.2
287.26 10.7
288.34 56.5
289.26 20.3
290.30 4.0
291.53 9.8
295.12 5.0
296.12 2.5
296.96 3.5
298.39 32.8
299.35 2.9
300.12 12.7
301.33 4.6
302.37 3.2
304.41 1.5
306.33 1.1
309.21 7.3
310.22 14.0
311.33 5.0
312.51 11.6
313.23 25.2
314.21 2.3
315.24 32.4
316.43 5.4
317.20 4.0
319.32 3.4
320.33 4.7
321.05 3.6
321.92 13.6
323.05 5.8
325.05 2.5
326.01 3.7
327.08 10.9
328.32 13.7
328.96 3.3
330.55 13.1
331.42 1.4
332.76 12.6
333.43 9.6
334.25 9.4
335.38 1.1
336.24 1.3
337.13 11.4
338.27 2.3
339.41 16.0
340.33 4.1
341.43 7.9
342.32 22.8
343.26 17.2
344.55 6.2
345.31 16.1
347.97 55.5
349.12 11.7
352.50 12.5
353.11 49.4
354.10 25.3
355.34 22.3
356.21 10.4
357.15 41.4
358.33 18.2
359.14 17.4
360.14 3.6
361.22 4.2
362.91 26.6
364.41 1.7
365.37 11.2
366.70 4.9
367.30 13.8
368.21 21.9
369.14 22.2
370.85 7.8
372.16 59.9
373.37 26.1
374.49 27.5
375.35 62.1
376.23 35.1
377.27 3.3
379.04 74.5
380.97 112.7
382.31 24.6
383.65 123.9
384.41 148.1
385.69 64.2
386.42 83.2
387.30 66.3
388.16 5.4
389.44 424.5
390.42 24.5
391.46 2.1
392.55 47.3
393.99 2.6
394.74 109.0
395.34 45.8
396.38 22.9
398.48 965.3
399.52 3.3
400.57 18.8
401.21 163.4
402.48 28.0
403.91 275.1
405.30 14.9
406.60 115.7
407.30 23.8
407.96 13.1
409.48 108.0
410.35 90.9
411.34 13.0
412.34 29.3
414.09 68.3
414.87 37.1
416.01 15.7
417.32 65.1
418.43 25.7
419.11 12.9
420.23 16.3
421.41 22.8
422.25 22.9
423.46 277.1
424.44 35.9
425.49 21.4
426.37 43.1
427.38 35.0
428.25 19.7
429.04 7.1
430.50 86.2
431.49 129.5
432.46 1258.3
433.35 8.8
434.06 29.0
435.24 1065.2
436.18 248.8
437.57 13.3
438.66 76.6
439.47 80.2
440.28 23.2
440.98 44.2
441.81 23.7
443.34 39.0
444.54 100.9
445.32 29.9
446.58 15.2
447.66 16.6
449.09 81.8
449.98 36.0
450.78 18.7
452.08 78.3
453.11 69.6
454.11 27.0
455.43 31.5
456.30 65.0
457.76 134.3
458.43 144.2
459.67 37.0
460.71 13.1
462.41 80.0
463.21 4.7
464.66 73.0
465.73 164.8
466.69 690.1
467.41 157.9
468.36 28.0
469.66 27.4
470.57 293.0
471.43 395.5
472.41 47.4
473.56 135.5
474.30 39.0
475.33 28.6
476.96 202.1
477.86 70.3
479.94 6506.2
480.98 90.6
482.11 7.2
483.24 9.1
484.29 1.2
485.16 1.4
494.18 7.1
495.39 7.5
497.33 3.3
498.53 10.0
499.18 4.5
500.38 5.7
501.59 2.8
502.22 2.4
504.22 11.2
505.50 8.4
507.48 6.0
508.31 13.2
509.38 9.6
510.20 10.4
512.00 24.3
514.62 5.6
515.81 15.8
516.99 8.2
518.26 92.8
519.22 13.2
520.33 15.0
521.41 1.5
524.32 155.8
525.33 89.5
526.29 30.6
527.43 26.1
528.37 5.9
529.71 3.7
530.59 12.4
532.81 9.4
534.22 5.1
536.10 12.1
537.36 32.2
539.36 16.0
540.42 18.4
542.36 990.8
543.44 209.7
545.00 3.1
545.86 4.7
547.47 7.4
548.41 1.4
549.23 5.6
550.27 7.6
551.57 7.0
552.30 24.3
553.11 23.1
554.53 5.7
555.78 3.3
556.45 4.4
557.61 14.8
558.33 26.3
559.03 10.7
560.56 20.4
561.34 22.1
562.10 7.4
563.26 18.2
565.64 14.2
566.40 11.7
567.49 18.1
568.54 6.2
570.72 5.0
571.57 3.3
572.48 16.2
573.64 26.7
574.62 23.2
575.48 14.9
576.77 34.7
577.55 5.9
578.43 23.5
580.13 34.1
581.32 33.5
583.21 8.7
584.20 3.7
585.14 15.0
585.95 2.8
587.08 8.4
587.93 17.1
588.57 18.2
589.21 2.8
590.21 16.1
591.45 74.1
592.48 37.6
593.41 18.2
594.61 10.4
595.75 2.8
597.01 10.5
597.83 11.4
598.50 22.3
599.92 11.6
601.23 31.7
602.56 27.0
603.63 24.7
604.50 3.6
605.61 15.0
606.43 30.4
607.20 85.9
608.24 26.4
609.39 5.6
610.11 11.3
611.27 37.3
611.93 1.7
613.25 25.3
614.29 9.6
615.39 8.2
616.08 11.4
617.07 17.3
618.10 15.3
618.83 7.1
619.56 6.1
620.47 3.9
621.42 5.5
622.12 7.8
623.00 18.6
624.03 19.6
625.40 75.6
626.50 36.7
627.37 17.8
628.24 27.8
629.59 19.4
630.76 17.5
631.66 34.4
632.51 48.6
633.42 25.6
634.46 22.3
635.51 20.8
636.37 7.9
637.13 12.5
638.18 10.3
639.00 6.5
639.83 21.5
640.90 10.0
641.75 27.5
642.76 4.6
643.50 21.4
644.92 28.7
646.07 93.1
647.35 13.1
648.10 21.7
649.46 15.1
650.37 22.2
651.49 16.3
652.68 13.3
653.70 20.5
654.44 1.2
655.18 15.5
656.99 77.0
657.86 37.0
658.50 14.7
659.19 28.0
660.10 28.3
660.96 16.3
661.71 13.1
662.63 29.9
663.80 8.5
665.79 300.1
666.56 353.7
667.47 56.0
668.58 10.4
669.44 8.9
670.36 15.3
671.46 20.9
672.39 22.5
673.43 14.9
674.11 3.8
675.48 24.9
676.45 37.0
677.41 2.6
678.64 2.1
679.61 21.4
680.28 2.0
683.26 6.4
685.16 22.6
685.87 6.1
686.63 10.3
687.37 2.9
688.69 21.0
689.53 33.9
690.56 11.3
692.80 7.7
693.51 3.2
694.44 20.0
695.41 13.1
696.39 89.5
697.54 42.0
698.71 6.6
699.49 8.3
700.28 4.7
701.50 18.2
704.88 10.7
705.58 128.0
706.52 42.1
707.46 15.7
708.46 7.0
710.19 8.4
711.00 8.8
712.84 5.9
714.25 4.5
715.13 6.8
716.30 10.7
717.33 15.0
718.54 1.9
719.45 124.0
720.46 30.0
721.25 1.5
722.18 11.0
724.49 17.4
725.71 5.8
727.24 1.2
727.93 7.1
728.60 3.4
729.48 10.1
731.64 1.2
732.44 6.8
733.60 9.0
734.35 18.4
735.40 14.0
736.36 8.4
737.71 2.4
739.35 9.6
740.60 2.8
742.37 9.4
743.68 15.2
744.43 5.5
746.23 18.7
747.38 8.6
748.52 23.1
749.35 1.7
751.06 5.0
752.64 11.0
753.55 4.1
754.91 9.8
755.61 1.4
756.38 2.8
758.44 1.1
760.08 22.5
761.28 58.3
762.35 10.5
763.70 13.1
764.99 5.8
765.61 4.6
769.65 3.2
771.89 5.4
773.75 7.9
777.38 69.5
778.47 45.3
779.11 1.5
780.35 7.2
783.71 1.6
785.58 3.0
786.58 5.2
787.38 7.2
788.61 1.4
789.30 9.5
790.55 5.1
792.97 13.6
794.01 9.2
795.49 507.1
796.57 126.7
797.64 2.8
799.24 1.7
800.64 10.5
801.49 9.8
802.59 7.6
806.48 569.5
807.62 151.1
808.63 4.4
809.24 2.2
811.37 1.3
812.38 3.7
813.69 10.5
815.31 3.6
816.49 1.9
817.41 4.7
818.51 6.1
819.34 1.2
820.37 25.2
821.67 10.1
822.40 2.2
823.57 1.7
824.40 4.2
826.45 2.1
827.51 3.1
828.72 1.8
829.46 6.2
830.71 3.5
831.43 1.6
834.31 5.2
836.48 6.5
837.52 5.6
838.45 2.8
839.62 5.7
841.14 4.2
842.64 3.7
843.42 20.9
844.36 20.1
845.56 14.8
847.61 51.3
848.55 52.6
849.73 10.9
850.42 1.7
855.79 2.5
857.56 2.8
858.28 2.3
859.35 5.1
860.59 11.6
861.40 5.7
862.42 2.9
863.75 6.2
864.62 5.0
870.76 8.3
877.47 38.0
878.48 8.8
879.49 10.6
884.57 3.0
885.57 7.5
886.97 4.0
888.66 4.6
889.62 4.4
893.51 3.7
895.60 3.1
900.39 1.5
907.34 1.8
909.72 24.2
910.51 14.7
911.68 12.1
917.76 3.2
918.57 1.2
919.77 2.9
920.53 1.1
933.66 2.7
936.89 3.2
937.50 3.5
939.87 1.1
943.59 6.6
953.46 7.7
954.54 56.6
955.72 32.2
968.61 2.9
