912.49358 2
131.06 3.0
132.32 3.7
144.12 2.8
157.29 1.4
159.12 19.0
163.09 5.1
169.06 13.8
170.18 1.7
175.19 2.6
176.94 2.3
180.31 2.0
184.99 1.2
187.32 20.2
193.67 3.4
195.26 2.9
197.09 7.8
198.19 2.0
199.09 1.4
200.24 1.7
205.15 4.9
208.14 4.5
211.18 1.7
212.19 2.0
215.09 2.8
223.38 1.5
225.30 7.3
226.24 4.2
227.15 2.8
231.18 5.2
233.06 2.0
237.98 2.1
239.21 1.8
243.05 13.5
250.24 3.8
253.15 2.3
255.49 2.8
256.29 2.9
258.22 5.2
259.23 12.0
260.10 1.9
261.33 5.7
264.01 3.4
265.09 3.5
271.23 4.7
272.27 1.8
274.11 2.4
276.99 3.1
278.25 6.2
280.42 1.4
281.35 2.1
283.12 6.0
285.52 2.3
294.43 12.3
300.37 3.7
303.18 2.8
304.38 4.8
309.88 2.6
311.31 3.3
312.18 2.4
313.22 1.7
314.23 10.8
315.06 4.6
321.36 1.3
325.79 4.6
327.12 1.8
328.40 10.0
329.22 13.0
330.10 1.9
333.54 1.8
335.33 3.4
339.04 4.0
340.32 3.7
342.94 18.6
345.21 1.9
347.87 6.8
354.30 3.8
357.29 6.2
359.30 2.0
360.28 2.1
367.33 2.1
370.69 10.0
372.44 4.6
375.44 5.3
376.42 8.0
377.38 1.8
378.84 2.3
380.33 2.9
381.42 5.1
382.33 12.0
383.34 2.1
385.44 42.5
386.24 6.0
391.38 6.7
392.77 4.5
393.46 2.5
394.93 1.8
397.39 5.3
398.28 2.6
400.50 5.4
402.37 9.4
405.76 6.3
407.29 4.5
408.42 5.5
409.29 9.6
410.01 8.9
411.13 7.1
412.24 32.5
413.47 8.2
415.06 2.8
419.85 3.7
421.18 226.5
421.92 26.1
423.31 1.8
426.33 3.2
427.34 7.3
429.13 21.6
430.13 4.5
433.99 5.9
434.75 11.8
436.18 1.4
437.09 1.4
438.33 43.3
439.24 58.7
440.20 14.5
441.19 17.0
442.82 35.3
447.68 45.3
448.51 33.9
451.37 3.5
471.43 19.1
473.11 3.2
515.71 2.7
525.33 2.7
528.06 1.8
535.78 4.1
536.53 1.3
539.29 3.5
543.55 4.0
554.36 13.9
555.20 2.1
556.50 2.0
561.82 2.4
563.60 3.1
566.38 10.2
567.23 3.5
576.10 3.4
579.77 5.3
582.25 2.4
583.33 4.4
584.67 60.5
585.49 17.8
586.17 19.2
588.37 4.3
592.38 6.6
593.02 22.9
596.58 4.6
597.99 6.0
603.22 5.2
605.36 2.2
610.53 4.3
612.73 10.2
613.41 5.9
619.49 2.0
620.74 545.3
621.71 232.4
628.45 4.0
634.39 8.0
635.00 3.9
635.93 9.7
637.63 11.0
639.37 1.4
651.52 4.0
654.77 10.4
657.33 2.4
668.33 2.0
670.67 2.8
683.56 4.3
684.27 3.1
685.52 7.5
691.08 5.3
708.61 9.4
709.48 10.8
725.42 10.1
726.31 48.5
728.49 1.4
741.47 5.3
744.65 2.1
751.59 4.7
752.51 4.2
770.59 11.8
782.49 5.5
783.57 3.7
799.50 15.3
838.33 1.3
841.34 50.0
842.21 2.2
884.24 1.4
