710.3516099999999 2
106.21 2.1
107.21 1.2
109.06 2.5
110.08 4.4
111.16 4.5
112.15 14.4
115.28 1.5
116.08 1.1
117.19 3.1
119.22 3.5
120.17 1.7
121.00 3.4
123.02 1.5
128.20 26.3
129.15 8.2
130.32 5.7
131.31 2.3
133.16 3.4
136.22 7.4
137.41 1.9
139.25 2.0
140.18 4.5
141.20 10.6
142.31 3.1
143.12 3.4
144.24 1.8
146.13 1.7
147.18 5.4
149.84 1.3
151.18 6.8
152.29 3.7
153.25 8.4
156.00 20.3
157.04 4.4
159.12 4.3
161.27 9.6
162.12 1.6
163.32 4.5
164.13 1.3
165.05 4.1
166.15 5.5
167.23 6.4
169.11 5.8
169.74 6.8
171.25 3.0
172.11 7.6
173.00 11.9
174.10 1.0
175.29 9.6
176.25 1.5
179.14 1.8
180.06 2.8
181.09 9.7
182.13 10.5
183.01 11.9
184.18 5.2
185.14 14.9
186.26 8.1
187.31 10.7
189.23 2.5
190.28 2.5
193.23 3.9
194.25 17.8
196.12 4.5
197.23 8.3
198.33 1.4
199.18 11.3
200.22 1.4
201.36 7.8
202.24 3.8
203.12 12.9
205.26 4.3
206.09 2.0
207.22 5.5
208.18 3.6
209.12 19.9
210.34 4.9
211.22 6.8
212.12 4.2
214.15 3.0
215.26 3.9
216.96 2.8
218.08 2.1
219.14 5.0
221.17 4.4
222.30 4.9
223.15 5.6
224.21 13.5
225.28 7.4
226.12 3.6
227.25 8.5
228.12 3.2
229.30 13.0
230.20 11.8
231.52 4.5
233.33 2.2
235.33 15.0
236.04 4.9
237.37 10.6
238.32 7.0
239.24 17.5
240.14 21.9
241.24 34.6
242.28 21.8
243.16 10.4
244.20 11.0
245.30 3.3
247.10 8.4
248.29 15.7
249.30 5.9
251.16 8.2
252.58 3.9
253.39 56.5
254.14 19.8
255.48 19.5
256.52 14.3
258.21 19.5
258.95 2.6
261.07 23.9
262.11 33.7
265.20 2.3
267.03 3077.7
268.03 602.6
269.12 74.3
270.21 74.8
271.93 10.4
272.58 3.8
273.36 8.8
274.36 12.3
275.49 19.3
277.15 2.4
278.28 8.0
279.26 3.8
280.27 13.2
281.25 7.4
282.32 3.0
283.15 4.3
284.92 289.9
286.00 85.8
287.36 10.8
288.59 21.7
289.61 5.9
290.48 28.0
291.46 11.9
292.10 4.0
293.29 6.4
294.92 100.0
296.15 66.5
296.94 20.4
298.58 22.1
299.47 22.8
300.09 6.1
302.18 5.3
303.83 3498.7
304.98 117.3
305.87 9.2
306.99 15.8
308.52 15.1
309.30 24.0
310.23 42.3
311.28 137.6
312.48 48.0
313.35 10.1
314.41 4.5
315.86 215.9
316.92 108.9
318.10 15.0
318.86 19.1
320.04 64.1
320.91 18.2
323.40 2.6
324.86 6279.2
325.86 3555.2
326.88 85.7
328.17 8.4
329.90 19.1
331.73 46.3
332.50 8.6
333.83 12657.9
334.72 32.6
337.44 290.2
338.18 291.0
339.02 186.9
340.08 62.4
340.95 43.5
341.92 11.5
343.01 53.3
344.51 12.8
346.83 11309.3
347.79 115.8
348.91 36.4
350.08 2.6
354.79 1.5
364.42 1.6
368.09 11.3
373.12 2.7
375.62 2.2
378.02 6.4
383.24 1.5
385.30 1.2
387.93 2.6
391.33 3.8
392.98 5.1
393.76 1.2
395.14 3.3
397.04 1.9
400.16 1.3
401.07 8.7
402.25 2.4
403.54 3.3
405.03 2.3
407.46 7.7
408.31 1.0
409.29 2.7
409.99 4.4
411.64 18.1
412.49 1.4
414.99 3.4
417.66 17.1
418.40 9.8
419.27 2.0
420.97 8.4
422.12 1.1
423.49 1.9
424.54 5.9
425.30 10.5
425.95 20.5
427.19 13.7
431.55 9.6
432.38 1.0
433.78 5.4
435.24 1.2
436.33 2.7
437.81 10.3
438.49 1.5
439.75 6.7
440.78 9.1
442.89 34.0
443.91 5.7
444.55 2.3
445.91 5.9
447.53 14.6
448.36 4.7
449.68 8.8
451.56 13.6
452.24 4.9
455.24 11.2
456.46 3.4
458.28 15.9
459.41 14.0
460.06 7.6
461.83 7.6
465.79 8.8
466.96 1.3
467.90 16.3
468.53 8.6
469.64 5.2
472.68 7.1
474.00 9.3
474.94 2.5
475.66 15.4
476.28 2.3
477.69 11.5
478.83 10.2
480.49 8.1
481.80 7.6
482.89 2.7
483.54 11.0
484.63 14.4
486.31 3.3
490.67 6.5
491.44 3.5
493.40 1.2
494.38 1.3
500.71 2.9
502.37 1.3
505.69 5.9
509.40 5.8
510.25 3.6
511.47 2.0
514.64 2.9
515.36 2.4
520.43 2.4
521.38 3.6
522.67 4.8
523.37 18.9
525.42 1.5
526.33 1.2
527.26 10.4
528.52 5.8
530.18 1.5
531.94 2.3
534.16 1.3
537.63 4.4
538.35 4.1
539.34 2.1
542.32 40.5
543.34 14.8
546.58 8.8
549.22 1.0
550.47 1.5
552.67 6.6
553.44 2.1
554.28 6.1
555.42 13.8
561.25 8.7
563.34 2.4
564.51 2.9
566.86 2.6
568.33 6.0
571.84 1.5
574.52 1.2
575.29 20.0
576.31 10.2
577.60 5.6
578.40 3.6
579.11 13.5
580.39 3.1
581.48 6.9
582.55 6.6
583.64 6.0
590.19 2.5
592.53 2.0
594.22 6.5
595.41 4.4
596.09 2.3
596.82 4.4
597.63 5.9
605.18 9.2
607.09 1.4
612.45 1.5
617.75 3.1
620.25 4.0
622.67 4.8
623.42 3.4
624.21 8.1
639.32 8.8
640.19 4.1
644.31 1.1
655.53 4.2
672.59 13.9
688.41 41.1
689.43 26.9
694.50 3.8
