2226.10552 2
311.15 4.6
312.32 2.9
320.11 5.6
324.26 24.1
325.36 3.2
332.54 7.6
334.22 15.8
334.97 5.0
336.02 7.3
338.09 6.7
340.13 5.1
341.37 8.1
343.26 10.9
345.60 11.4
347.39 57.5
348.26 13.4
352.48 12.4
354.51 11.6
355.32 4.3
356.37 5.9
357.00 12.1
358.36 9.9
361.32 5.4
363.34 11.9
364.31 21.7
365.32 28.7
367.00 8.5
367.62 7.4
368.47 4.9
372.33 28.6
372.96 6.5
375.33 4.5
377.19 11.3
378.40 17.3
380.21 7.1
381.43 3.0
382.17 13.2
383.32 9.7
384.45 2.6
385.38 17.0
386.65 5.4
387.43 12.8
388.27 14.7
391.20 6.2
392.36 44.6
393.30 26.8
393.93 7.0
394.57 18.0
395.36 16.0
397.26 4.4
398.23 19.5
400.23 48.4
401.33 120.7
402.20 37.6
403.24 33.7
404.39 12.2
405.25 4.5
406.33 11.2
408.41 4.4
409.37 45.2
410.32 6.2
410.98 4.1
412.33 18.8
414.35 6.5
415.20 7.6
416.49 4.4
417.20 19.9
418.23 1004.7
419.32 246.0
420.22 23.0
421.27 23.5
422.39 7.0
423.34 4.9
425.48 6.0
427.55 3.9
429.29 20.3
430.31 10.7
432.26 2.6
434.03 8.5
435.49 16.1
437.34 109.5
438.40 86.6
439.36 14.8
440.30 7.4
441.10 5.5
442.28 11.4
443.29 10.4
446.25 8.7
448.12 9.6
450.11 24.2
453.07 4.2
454.48 14.4
455.14 2.4
456.40 15.6
457.18 11.1
458.95 10.0
461.62 20.5
462.33 26.4
463.30 16.4
464.43 3.8
465.27 9.2
466.34 5.6
467.31 4.0
468.30 5.2
469.56 14.0
471.97 4.4
472.82 3.7
473.47 7.9
474.33 25.2
475.58 8.8
476.40 11.4
477.45 16.0
478.16 9.3
480.07 96.9
481.02 25.1
483.40 9.8
484.47 15.4
485.97 28.4
486.78 6.3
488.29 13.4
489.29 18.9
490.53 3.9
492.54 7.1
493.47 15.9
494.51 19.0
495.42 9.9
496.09 2.7
497.39 25.9
499.19 25.0
500.21 4.4
502.32 32.2
503.22 15.6
504.45 9.4
505.09 2.9
506.22 84.6
507.30 14.3
508.57 6.9
510.34 16.6
511.32 7.7
512.31 8.8
513.38 72.2
514.42 9.9
515.26 6.4
516.28 104.1
517.46 29.9
518.60 13.8
519.42 9.1
520.26 3.6
523.35 52.3
524.35 17.9
525.32 21.3
527.56 12.5
529.48 9.3
530.62 16.9
531.38 250.1
532.43 23.6
533.39 51.4
534.26 236.0
535.44 71.4
538.35 13.1
539.26 7.5
540.08 9.5
541.31 50.9
542.22 41.7
543.54 26.7
544.50 23.0
545.33 9.7
546.26 4.8
548.24 13.9
550.23 4.6
551.31 365.5
552.28 87.3
553.38 25.3
555.23 24.5
556.21 13.6
557.35 6.5
558.26 15.2
559.46 15.1
560.34 23.1
561.40 17.6
562.34 33.5
563.42 7.9
565.43 14.7
567.40 8.6
571.33 7.4
572.19 12.2
573.71 21.8
574.56 3.4
575.91 44.9
576.52 18.8
577.62 8.8
579.47 63.4
580.52 13.5
581.17 9.1
582.66 5.2
583.55 2.5
585.33 4.0
586.56 29.5
587.32 3.2
589.32 6.0
590.49 2.4
591.43 82.3
592.46 23.3
593.36 4.6
594.17 9.7
596.56 9.4
598.34 2.9
599.12 11.1
600.31 4.4
601.21 8.8
602.38 27.8
603.29 9.3
605.63 11.0
606.35 8.9
607.42 23.0
608.57 19.1
609.45 12.6
610.55 21.7
611.40 10.3
612.18 13.0
613.73 21.3
615.19 52.3
616.30 11.3
617.05 2.4
618.44 59.8
619.38 136.9
620.51 23.3
621.50 14.3
623.41 14.7
624.21 10.7
626.33 4.6
627.46 13.0
628.52 21.2
629.39 77.1
630.52 49.2
631.49 39.4
632.41 17.6
633.30 6.5
635.04 22.5
636.47 126.3
637.12 3.4
638.32 16.3
639.04 4.0
641.30 3.4
642.16 5.9
643.43 13.1
645.59 4.9
646.34 196.8
647.45 292.0
648.42 87.1
649.64 57.0
650.58 39.1
651.33 9.1
652.29 18.6
653.14 20.8
654.30 29.0
655.85 6.2
656.45 4.9
658.43 21.9
660.45 36.3
661.28 4.7
662.28 7.5
664.42 795.9
665.37 180.5
666.34 78.5
667.45 37.7
668.73 2.5
670.39 24.3
671.34 52.0
672.42 42.3
673.44 17.9
674.29 18.9
675.42 33.3
676.39 33.3
678.43 312.7
679.46 118.0
681.53 11.1
682.40 22.7
683.72 11.6
684.56 15.1
685.87 13.0
686.75 37.6
687.44 62.1
688.42 47.4
689.34 64.9
690.29 38.7
691.53 45.1
692.47 93.4
693.45 19.6
694.45 20.1
695.29 5.1
696.74 15.3
698.46 24.5
699.39 3.0
701.45 15.2
705.27 6.7
706.98 17.0
707.58 9.4
708.48 42.7
709.52 5.6
710.35 10.3
711.51 7.5
712.68 7.0
713.56 25.6
715.48 8.7
716.49 35.1
717.71 14.5
718.41 19.5
719.77 68.5
720.86 19.4
721.60 25.9
722.30 2.5
724.13 8.6
726.37 20.1
727.53 3.1
729.33 9.5
730.58 30.5
731.50 37.9
732.75 7.9
733.47 54.5
734.46 43.3
735.37 28.1
736.23 3.1
737.37 21.2
738.55 20.8
740.20 18.5
741.43 10.5
742.60 29.5
743.46 21.3
744.56 87.5
745.57 69.3
746.42 20.2
747.47 45.8
748.41 61.8
749.60 18.4
750.75 10.9
751.90 25.9
752.55 17.8
753.38 8.0
754.50 16.9
755.69 3.1
756.42 11.3
757.43 37.3
758.81 40.9
759.79 24.1
761.41 208.0
762.42 230.2
763.39 86.3
764.65 25.7
765.46 204.2
766.48 46.4
767.50 6.5
769.60 27.5
770.48 49.7
771.50 27.3
772.39 26.7
773.57 12.0
774.38 7.9
775.24 29.9
776.49 5.5
777.44 14.6
779.39 1174.0
780.49 282.3
781.45 53.2
782.45 22.0
783.43 12.8
784.12 9.6
785.37 7.3
786.42 39.3
787.36 58.0
788.41 120.0
789.38 183.0
790.54 37.1
792.16 9.6
793.47 18.8
794.40 14.7
795.36 10.4
796.29 2.6
797.48 25.2
798.29 6.4
799.31 4.6
800.23 27.8
801.39 22.3
802.29 26.8
803.65 59.4
804.54 44.5
805.57 53.7
806.43 230.2
807.51 60.7
808.48 16.7
809.21 8.7
810.43 8.9
811.50 41.8
812.27 7.3
813.35 12.4
814.40 29.8
815.61 30.1
816.31 4.9
817.33 11.6
818.26 11.2
819.29 7.8
820.82 23.7
821.62 21.9
822.36 19.3
823.54 6.6
824.81 9.1
825.66 8.6
826.59 39.3
827.40 9.1
828.56 11.8
829.86 14.7
831.59 53.8
832.45 27.0
833.55 61.3
834.55 49.5
835.50 23.8
836.41 11.9
837.24 12.8
838.42 3.4
839.23 20.3
840.29 62.2
841.40 23.8
842.96 51.3
843.64 40.5
844.56 67.9
845.45 4.0
846.51 17.6
847.66 47.0
850.48 101.0
851.57 51.4
852.68 11.8
853.29 12.8
854.59 12.5
857.96 76.9
858.72 37.2
860.43 288.2
861.53 297.6
862.58 99.4
863.69 13.9
865.10 18.4
865.79 12.6
867.36 19.0
868.90 72.2
869.58 20.7
870.43 10.9
872.49 14.4
873.20 5.6
874.16 24.8
875.48 76.9
876.45 21.9
878.40 1428.6
879.48 350.1
880.47 50.0
882.58 4.7
884.39 10.2
885.38 12.0
886.33 7.8
887.26 23.7
888.14 11.6
889.12 25.1
889.76 38.8
890.50 27.7
891.11 17.6
892.59 36.8
893.52 20.7
895.64 21.2
896.43 37.3
897.24 14.6
898.19 14.4
899.45 33.3
900.73 20.4
901.55 8.8
902.69 41.7
904.06 15.8
905.25 35.0
906.71 17.5
908.46 5.2
910.26 9.7
911.55 40.0
912.35 2.4
913.27 10.7
914.17 24.7
915.00 35.7
916.65 20.3
917.60 189.4
918.66 101.9
919.60 8.7
920.57 13.8
921.68 16.8
922.66 15.8
923.49 15.1
925.23 13.5
926.15 44.6
927.72 8.0
928.89 24.3
929.58 21.1
930.63 5.4
931.54 62.4
932.38 30.9
933.37 116.0
934.36 53.8
935.44 229.8
936.51 120.5
937.44 22.0
938.34 3.8
941.56 6.8
942.84 25.1
944.01 11.8
945.87 80.7
947.23 50.7
947.92 4.5
948.62 37.8
949.69 20.9
950.52 25.8
951.62 2.9
952.62 12.3
955.06 73.0
955.74 239.8
956.65 77.0
957.81 11.0
959.70 6.3
960.90 4.3
961.78 24.0
962.57 25.5
963.93 663.8
964.64 610.8
966.11 30.1
967.41 19.2
968.61 17.3
969.77 9.2
971.94 18.1
972.59 16.9
973.55 158.5
974.55 321.4
975.59 62.8
976.87 26.4
977.50 7.0
979.09 11.9
980.81 10.9
981.58 29.1
982.69 23.5
983.47 97.8
984.64 11.7
986.39 30.8
987.30 5.2
987.94 7.7
989.13 109.9
990.42 74.0
991.60 1009.1
992.62 357.5
993.60 44.4
994.30 9.5
995.53 15.4
996.52 14.6
997.59 21.4
998.69 15.8
999.79 56.3
1000.88 24.7
1001.84 6.0
1002.79 19.6
1003.71 28.0
1004.72 31.3
1005.52 34.4
1006.22 2.4
1007.59 112.0
1008.49 61.6
1009.79 8.7
1010.75 52.0
1011.78 57.9
1012.84 20.6
1013.93 26.8
1014.84 29.1
1015.60 21.8
1016.29 49.2
1017.66 30.8
1018.30 3.9
1019.35 70.6
1020.01 139.9
1020.85 37.7
1021.80 11.3
1022.82 24.4
1024.98 34.7
1025.84 20.3
1026.70 2.7
1028.35 24.4
1029.29 138.7
1030.75 92.7
1031.53 25.4
1032.42 107.9
1033.77 136.4
1034.67 28.7
1035.89 7.9
1036.69 17.0
1037.64 6.7
1038.85 31.8
1040.16 202.7
1040.98 25.9
1042.91 9.0
1043.58 11.7
1045.31 9.5
1046.42 245.9
1047.64 95.3
1048.45 104.5
1049.59 354.4
1050.55 194.3
1051.61 11.5
1053.99 27.9
1054.66 9.3
1056.56 96.2
1057.56 95.1
1058.33 16.4
1059.43 5.8
1061.09 24.4
1062.44 84.1
1063.19 16.0
1063.81 22.5
1064.91 23.7
1065.82 4.6
1066.64 22.4
1067.33 5.5
1069.06 11.3
1070.58 15.6
1071.88 32.7
1072.64 9.4
1074.48 37.8
1075.55 81.4
1076.44 45.5
1077.04 17.2
1078.55 26.7
1079.56 18.2
1080.28 11.6
1081.07 20.3
1081.77 5.4
1082.93 94.1
1083.58 19.2
1084.88 19.7
1085.71 87.3
1086.80 78.8
1087.74 102.4
1088.57 233.9
1089.58 241.1
1090.90 161.5
1091.77 54.6
1092.65 55.6
1093.55 15.7
1094.86 37.6
1095.97 815.8
1096.84 552.9
1097.86 54.4
1099.30 14.2
1101.69 8.1
1102.99 9.5
1120.75 75.4
1121.71 82.8
1122.40 5.1
1123.45 4.4
1125.77 11.7
1127.32 13.0
1128.58 21.8
1129.79 9.3
1133.82 5.2
1135.02 25.4
1135.69 8.6
1137.72 2.7
1139.74 8.3
1141.78 25.6
1142.68 11.3
1143.88 8.4
1145.59 62.7
1146.55 72.3
1147.83 2.6
1148.77 16.2
1149.99 5.8
1150.69 2.5
1151.33 13.5
1153.57 18.6
1154.63 6.9
1156.92 13.5
1159.54 20.9
1160.83 19.1
1161.65 16.5
1162.71 4.9
1163.43 5.6
1167.85 13.1
1172.04 15.0
1174.23 7.7
1177.62 208.2
1178.64 139.3
1179.92 10.4
1181.91 14.4
1183.07 12.7
1184.44 4.4
1185.70 2.7
1187.39 4.8
1188.50 17.1
1189.69 23.9
1191.95 39.4
1195.67 11.4
1197.45 4.2
1198.53 26.2
1199.57 28.8
1200.69 44.4
1201.70 18.6
1202.69 14.5
1203.67 28.7
1204.57 7.2
1206.41 5.8
1208.28 10.9
1213.51 3.2
1217.54 517.8
1218.71 215.0
1219.64 35.9
1220.31 12.8
1221.75 14.5
1223.04 12.8
1224.58 6.2
1227.41 7.2
1228.84 7.3
1229.52 8.2
1231.61 2.4
1232.81 17.3
1234.48 55.2
1235.62 1012.7
1236.59 510.6
1237.65 43.0
1239.26 15.0
1240.48 11.3
1242.10 15.5
1243.88 12.6
1245.57 15.1
1246.83 2.6
1248.58 12.7
1249.83 27.1
1251.59 2.6
1252.86 4.0
1258.44 6.3
1260.46 108.3
1261.50 28.0
1262.57 44.1
1263.69 14.3
1264.71 8.7
1265.79 29.3
1267.66 3.5
1270.58 5.7
1273.51 28.7
1274.33 39.7
1275.53 17.4
1282.46 6.5
1283.28 54.3
1285.52 18.6
1287.76 12.6
1291.68 240.0
1292.67 107.6
1293.80 37.8
1294.81 6.9
1295.95 5.1
1296.80 15.5
1298.73 6.6
1302.07 8.7
1305.95 4.9
1307.27 21.0
1308.49 4.6
1312.70 27.5
1313.65 46.9
1314.76 22.6
1316.63 8.3
1320.30 8.2
1322.40 2.4
1329.43 5.5
1330.57 114.1
1331.90 197.1
1332.85 21.5
1336.42 6.5
1338.72 2.9
1341.89 9.2
1345.02 6.0
1346.17 3.2
1348.69 1782.8
1349.72 1013.6
1350.83 115.1
1352.95 6.5
1353.58 9.2
1354.96 8.2
1355.76 15.4
1356.61 8.2
1358.74 34.1
1359.93 4.5
1362.77 8.9
1363.87 13.4
1367.78 19.5
1368.92 3.8
1372.79 18.3
1373.68 64.6
1374.80 16.5
1376.93 9.5
1377.83 5.4
1378.84 4.1
1379.82 12.9
1382.15 3.6
1384.82 6.3
1385.83 12.0
1390.67 3.4
1392.66 16.1
1393.66 33.5
1394.93 3.2
1396.62 29.0
1397.87 6.1
1400.66 3.2
1402.73 3.8
1403.80 72.8
1404.72 78.6
1406.67 11.2
1407.95 6.8
1411.74 10.2
1413.83 5.8
1414.74 5.9
1416.79 12.6
1418.70 3.8
1419.53 6.8
1420.65 332.1
1421.71 306.5
1422.74 106.2
1423.62 6.0
1425.77 6.2
1428.77 4.8
1429.67 90.8
1430.88 147.5
1431.72 42.6
1432.97 4.4
1433.89 9.8
1434.62 4.3
1435.97 3.5
1436.81 13.4
1437.64 40.8
1438.55 21.1
1439.24 4.5
1441.53 6.8
1443.60 6.7
1444.65 5.6
1447.30 393.5
1447.92 1049.5
1448.82 684.7
1449.85 85.8
1451.69 6.3
1452.71 7.5
1453.61 13.2
1459.73 11.5
1461.28 17.7
1462.34 19.0
1464.78 16.1
1465.71 43.7
1467.64 5.1
1468.89 15.1
1471.30 5.0
1472.76 11.1
1475.53 3.2
1482.78 7.9
1484.21 6.4
1487.69 33.7
1488.63 9.3
1489.53 7.3
1491.40 12.4
1492.03 5.1
1492.81 18.9
1494.96 9.2
1497.18 6.9
1498.06 5.6
1498.85 12.6
1500.45 4.6
1507.68 5.3
1508.79 6.2
1509.81 73.1
1510.94 55.7
1511.87 29.6
1513.80 15.1
1514.79 9.3
1518.52 3.4
1519.35 3.1
1521.13 9.1
1522.79 5.9
1525.28 8.9
1527.02 5.3
1527.83 7.3
1528.79 7.3
1529.85 2.6
1530.94 61.6
1531.97 67.0
1533.04 35.3
1533.87 6.5
1534.73 14.4
1535.75 21.2
1539.44 17.6
1541.06 13.9
1542.71 21.5
1544.85 149.2
1545.86 181.1
1546.82 87.6
1548.70 408.5
1549.75 164.4
1550.86 18.1
1558.15 9.0
1560.85 9.5
1562.18 200.2
1562.88 1305.9
1563.83 613.5
1564.91 134.2
1565.58 2.7
1566.76 19.5
1572.76 24.6
1574.69 12.5
1576.95 5.9
1581.07 4.1
1581.78 11.6
1584.88 9.5
1602.61 3.3
1603.56 10.0
1607.65 13.4
1608.61 14.0
1611.03 6.1
1612.06 11.0
1616.87 6.0
1618.65 7.9
1620.93 17.3
1621.94 38.0
1624.84 58.9
1625.79 64.3
1626.58 15.4
1629.78 5.2
1630.59 6.8
1633.82 14.9
1636.95 5.8
1638.82 6.8
1639.85 14.2
1640.67 11.1
1641.56 23.4
1642.81 7.6
1643.60 9.4
1645.18 12.1
1650.76 4.7
1651.99 26.8
1653.00 5.2
1658.11 24.5
1658.99 32.1
1659.93 17.6
1660.68 17.2
1662.22 14.1
1663.20 5.4
1667.79 22.6
1668.90 5.4
1674.68 3.1
1675.96 399.7
1676.88 295.2
1677.94 85.7
1678.97 92.6
1680.08 33.4
1680.93 22.3
1681.66 5.2
1685.61 8.4
1687.92 5.2
1688.80 6.6
1695.90 319.0
1696.84 369.2
1698.05 113.6
1703.00 5.6
1708.21 10.5
1711.15 11.5
1713.97 3.4
1715.75 10.0
1723.40 11.4
1724.05 14.1
1728.52 5.2
1731.80 5.2
1732.70 6.5
1735.86 17.6
1736.86 15.5
1737.70 17.5
1745.85 3.6
1754.05 4.5
1754.85 29.3
1756.18 11.5
1757.00 12.1
1763.73 23.1
1765.30 4.4
1765.95 6.5
1766.68 7.1
1768.04 27.2
1771.92 41.9
1773.01 79.2
1774.04 113.5
1775.25 23.9
1775.93 9.6
1776.93 10.0
1781.19 59.6
1781.97 18.7
1782.99 17.4
1786.14 6.8
1789.83 427.2
1790.91 350.5
1791.89 446.8
1793.00 136.2
1794.12 44.0
1795.07 4.6
1798.01 8.9
1799.22 4.6
1802.08 4.3
1807.05 11.6
1808.90 1319.1
1809.96 1081.6
1811.04 238.2
1812.00 19.9
1819.08 22.8
1823.17 19.7
1827.14 28.7
1828.13 5.8
1837.04 6.6
1856.01 7.4
1864.13 10.4
1877.76 10.0
1879.05 31.5
1880.34 4.9
1887.79 10.8
1888.65 22.2
1889.89 30.6
1891.08 20.0
1896.26 14.8
1905.71 121.8
1906.34 87.3
1907.02 373.5
1908.03 246.4
1909.19 40.7
1910.82 6.8
1912.90 2.7
1923.48 97.5
1924.09 1626.5
1925.08 1401.7
1926.12 290.9
1927.23 2.4
1928.31 7.3
1929.03 6.6
1930.34 6.8
1936.32 5.6
1938.89 6.3
1939.58 2.3
1940.18 4.2
1950.95 4.1
1960.00 3.9
1963.02 12.2
1966.05 3.2
1977.25 21.4
1978.14 65.2
1979.17 23.1
1980.32 11.4
1982.46 2.4
1995.07 262.6
1996.11 135.7
1997.31 12.4
