1564.82329 2
223.20 20.6
225.20 8.5
227.12 12.6
228.25 14.3
229.10 2.1
230.25 3.6
232.07 14.9
233.17 8.7
236.97 4.9
240.88 7.6
241.70 23.9
242.33 56.6
243.01 3.3
246.38 6.3
249.26 8.0
251.00 7.6
252.15 15.4
254.12 9.2
256.04 9.5
257.18 34.9
258.30 4.1
259.21 8.9
261.23 8.5
262.49 6.6
263.15 13.6
265.12 2.7
266.11 4.1
267.26 2.8
268.16 6.7
269.05 3.8
270.21 10.3
271.39 4.9
272.14 28.4
273.27 7.7
274.22 11.6
275.12 29.1
276.24 42.9
277.16 18.0
278.28 8.3
279.02 2.5
280.09 30.8
282.08 11.0
283.18 15.5
284.20 8.0
285.22 21.2
287.28 4.2
290.25 6.4
291.18 4.0
292.10 12.3
293.18 32.8
294.31 40.5
296.17 7.3
297.60 13.7
298.39 68.0
299.50 4.9
301.07 36.4
302.28 33.2
303.19 38.1
304.15 7.7
306.23 2.9
307.18 16.1
311.20 184.0
312.23 30.9
313.40 15.9
315.20 8.3
316.16 10.0
317.46 4.5
319.18 65.2
320.40 34.8
322.22 8.8
323.31 4.4
324.21 21.5
325.23 17.3
326.27 7.8
327.33 10.2
328.07 6.3
329.22 176.6
330.28 11.1
331.29 25.5
332.32 20.2
334.45 26.5
335.20 71.4
336.42 15.9
337.37 11.8
338.50 2.9
339.14 6.4
340.18 15.9
341.15 18.5
342.57 8.0
343.26 17.4
344.13 41.9
345.12 32.1
345.93 12.0
347.27 5.8
348.25 12.1
349.30 8.2
350.17 24.2
352.30 31.1
352.97 28.8
354.02 15.9
355.30 35.5
356.41 9.6
357.30 6.9
359.16 47.3
360.17 30.0
361.08 3.1
362.19 39.7
363.19 12.0
364.27 16.1
365.04 4.9
366.31 18.4
367.22 17.1
368.63 7.3
370.22 123.5
371.24 33.9
372.39 30.9
373.26 1.9
374.42 3.6
376.81 17.2
377.44 1.9
379.08 15.4
380.33 19.7
381.10 25.7
382.48 8.7
383.47 65.3
384.27 3.4
385.21 41.4
386.39 11.5
387.10 16.5
388.24 47.2
389.27 50.9
390.45 7.8
391.35 7.5
392.35 13.1
393.20 11.6
394.22 4.1
395.32 14.6
396.24 15.0
396.98 4.8
398.63 15.8
399.25 12.9
400.26 10.6
401.21 5.0
402.32 27.5
403.11 13.5
404.12 7.2
405.39 15.6
406.40 69.5
407.37 17.4
408.32 13.8
409.32 19.3
410.15 29.8
411.34 122.6
412.32 27.7
413.07 12.3
414.24 31.1
415.35 22.3
416.62 31.1
417.45 17.9
418.47 14.9
419.36 16.1
420.23 8.2
421.39 4.9
422.36 5.9
423.41 14.7
424.37 16.0
425.37 30.8
426.23 29.6
426.90 27.9
428.21 88.6
429.35 61.1
430.53 22.0
431.34 36.2
432.26 39.9
433.07 17.2
435.29 8.7
436.27 48.1
437.29 48.6
438.35 6.3
439.19 5.8
439.98 42.0
441.31 29.4
442.28 168.9
443.37 8.7
444.26 46.6
446.06 81.2
447.19 26.2
448.16 21.4
449.05 9.7
450.03 5.1
451.36 13.3
452.26 14.1
453.78 26.9
455.40 2.1
456.09 4.3
457.40 42.1
458.37 1121.0
459.37 110.5
460.19 19.9
461.34 25.5
462.99 50.5
464.11 64.2
465.10 15.9
466.47 19.1
468.22 4.5
469.28 14.4
470.16 69.4
471.30 47.6
472.13 3.0
473.47 15.2
474.26 8.8
475.28 17.3
476.31 22.8
476.97 23.3
478.22 2.1
479.06 13.8
480.10 28.2
481.29 38.7
482.28 68.1
483.45 38.8
484.44 40.8
485.44 68.1
486.24 29.3
487.21 69.2
488.23 93.7
489.38 60.4
490.43 23.8
492.02 9.5
492.84 10.7
493.75 42.8
494.44 9.5
495.20 3.7
496.30 17.1
497.18 169.3
498.21 132.4
498.93 154.1
500.17 30.6
501.15 31.5
502.10 8.4
503.13 32.7
504.31 15.6
505.32 117.5
506.15 152.7
507.20 48.9
508.35 29.0
509.31 7.1
511.19 54.6
512.25 85.9
513.41 16.1
515.23 405.0
516.30 219.9
517.51 46.7
518.40 21.1
519.78 25.2
521.08 27.3
521.83 37.5
522.52 14.7
523.22 48.3
524.59 37.9
525.42 28.0
526.13 57.1
527.18 14.3
528.34 106.8
529.25 36.1
530.29 106.6
531.37 60.7
533.21 790.3
534.32 175.0
535.52 135.0
537.22 68.6
538.22 39.8
539.36 750.2
540.36 129.2
541.03 59.0
542.18 38.0
543.58 49.8
544.37 291.4
545.54 34.1
546.38 28.3
547.31 10.9
548.55 111.0
549.42 54.1
551.24 641.6
552.32 89.7
553.42 485.0
554.93 34.6
556.23 105.2
557.60 113.3
558.48 46.0
559.27 21.7
560.59 34.4
561.53 65.6
562.54 322.4
563.43 3.1
564.45 22.9
565.52 24.1
566.54 22.2
567.20 15.5
569.19 398.8
570.23 85.7
571.01 6.6
572.10 20.5
573.32 39.0
574.24 70.6
575.40 40.3
576.42 97.2
577.48 26.7
578.66 87.8
579.35 48.4
580.57 248.8
582.02 77.2
583.26 146.3
584.13 56.4
584.98 9.7
585.88 25.5
586.52 290.3
587.60 123.6
588.23 43.3
588.95 19.1
589.90 6.2
591.18 59.2
592.16 215.5
593.19 76.4
593.99 26.7
594.64 28.3
596.17 262.8
597.17 75.3
598.16 9.7
598.76 11.2
600.97 835.1
601.90 16.8
602.87 22.5
604.04 25.2
604.92 232.1
605.68 77.7
606.66 27.3
607.91 84.2
608.52 278.3
609.95 980.2
611.21 41.1
612.27 62.0
612.89 24.0
613.50 20.7
614.82 74.9
615.66 7.0
616.74 26.1
617.43 91.7
618.87 926.3
619.53 113.9
621.24 122.2
622.92 18.8
623.81 67.7
624.94 27.3
626.56 79.5
627.26 120.6
628.23 60.4
629.60 39.3
630.33 94.1
631.43 31.6
632.76 48.7
633.60 42.0
634.39 59.6
636.02 112.0
637.13 35.9
638.09 40.1
639.34 28.1
640.24 21.6
641.69 24.4
642.49 90.6
643.34 105.2
644.93 333.6
646.01 29.5
647.16 160.0
648.08 77.4
648.88 30.7
650.11 52.0
651.21 105.5
652.29 73.9
653.45 128.5
654.26 34.0
656.03 549.3
657.14 63.9
658.15 73.1
659.18 49.0
660.17 191.8
660.91 28.7
661.64 32.6
662.41 19.4
663.47 167.0
664.98 1629.6
666.37 76.1
667.17 33.7
668.79 482.0
669.54 158.3
670.54 34.8
671.41 31.3
672.70 16.2
674.02 2534.2
675.17 44.7
676.09 26.1
677.26 74.7
678.11 61.7
679.23 44.5
680.03 32.0
681.44 94.1
683.01 2851.9
684.12 27.5
685.19 54.9
686.20 65.8
687.17 67.4
688.06 74.6
689.50 46.3
690.48 57.6
691.31 56.0
692.38 70.4
693.16 93.1
694.55 182.1
695.73 247.1
696.63 33.7
697.49 14.5
699.50 848.5
700.48 88.9
701.48 104.5
702.38 98.3
703.62 167.2
704.72 22.2
705.70 6.6
707.09 282.9
708.42 507.7
709.33 130.0
710.35 179.4
711.07 48.8
712.28 15.0
713.18 30.2
714.74 25.5
715.76 15.8
716.52 190.4
717.49 1314.1
718.68 69.2
719.92 33.3
720.72 14.1
721.44 80.3
722.24 82.2
722.98 68.7
723.75 33.4
724.77 26.6
725.74 85.1
726.62 63.6
727.59 35.3
728.56 39.5
729.49 30.3
730.67 98.0
731.45 3.9
732.39 18.7
733.57 54.6
734.98 68.7
736.21 38.8
737.77 61.1
739.42 1698.0
740.54 270.9
741.49 14.6
742.54 159.6
743.53 19.8
744.98 37.9
745.67 26.6
746.33 43.5
747.11 85.2
748.36 32.4
749.20 37.4
750.60 30.6
751.76 73.3
752.63 85.6
753.36 51.2
754.74 40.1
755.44 66.6
756.10 304.5
756.92 106.7
758.39 34.2
759.78 298.5
760.64 148.1
761.59 212.8
762.47 36.8
764.74 1393.7
765.58 1060.3
766.62 153.3
767.52 83.3
768.55 222.0
769.81 69.9
770.63 150.4
771.42 19.1
772.44 50.1
773.36 110.1
774.10 124.8
778.80 6.9
782.83 10.9
789.39 5.5
790.40 14.1
794.50 8.8
795.41 3.9
796.57 122.7
798.35 58.5
799.36 35.2
800.40 20.8
803.22 11.6
805.05 44.5
806.72 21.6
808.43 776.1
809.43 69.0
811.71 6.5
812.45 107.6
813.24 56.0
814.91 3.6
816.58 10.4
817.49 21.3
818.75 15.6
819.59 3.2
820.64 58.1
821.63 31.4
822.58 19.6
823.57 17.5
824.41 12.7
826.45 2904.4
827.46 482.1
828.68 11.4
830.22 146.1
831.17 76.0
832.34 18.2
834.47 19.3
835.52 26.4
836.62 29.5
837.50 8.2
838.79 9.0
840.38 26.5
842.37 61.2
843.21 12.0
843.89 12.7
844.63 18.0
845.55 6.0
846.47 18.7
848.44 161.6
849.53 22.6
850.42 4.9
852.67 27.6
853.55 4.5
854.46 7.2
857.11 45.5
857.92 10.0
858.90 10.0
859.75 25.9
860.60 22.7
861.41 1.9
862.50 20.6
863.69 21.0
866.33 170.7
867.55 38.5
869.95 9.9
870.60 5.0
871.80 30.6
873.55 20.5
874.74 33.4
875.50 50.2
876.59 24.4
877.49 24.6
878.58 76.7
879.56 6.6
880.47 10.2
882.08 21.1
883.70 114.0
884.65 3.1
885.47 31.3
886.71 8.8
887.40 8.2
888.67 41.7
889.64 17.6
890.67 15.7
891.76 29.7
892.70 20.3
893.42 21.3
894.66 30.8
895.51 109.6
896.59 10.1
897.62 30.2
898.88 41.5
899.60 154.7
900.65 109.6
901.67 12.0
902.46 142.2
903.33 27.0
903.98 7.7
905.41 17.4
906.65 24.0
907.65 3.0
909.27 37.7
912.65 10.1
913.71 40.9
915.08 51.8
915.83 24.5
916.65 15.3
917.50 16.8
918.58 20.0
920.57 5.3
921.64 20.5
922.99 63.5
923.64 31.8
924.54 39.2
925.72 42.1
926.45 2.9
927.41 6.4
928.41 5.3
930.35 48.9
931.32 41.2
932.22 11.4
933.34 55.8
934.54 7.7
935.54 14.6
936.43 17.1
937.60 41.7
938.60 29.1
939.67 16.1
941.61 10.4
942.23 4.1
943.44 112.5
944.45 20.8
945.62 9.9
946.37 16.5
947.65 4.8
948.47 17.3
949.53 24.0
950.53 31.6
951.28 20.9
951.88 12.1
952.50 18.7
954.27 24.0
955.11 7.5
956.10 23.5
956.96 27.9
958.08 21.0
958.97 25.3
960.05 51.8
961.46 175.5
962.30 15.0
963.37 32.0
964.35 30.6
966.31 44.3
967.40 30.1
968.17 22.5
970.33 24.4
971.62 54.9
972.92 19.9
974.12 26.4
974.74 13.4
975.82 22.6
977.31 35.2
978.59 71.0
979.59 113.1
980.32 67.1
980.98 114.9
982.21 69.4
983.82 36.0
984.52 27.0
985.61 10.1
986.81 11.9
987.67 9.5
988.28 2.8
989.71 22.8
990.62 21.0
991.78 68.1
992.61 72.0
993.60 37.2
994.47 16.1
996.63 4769.5
997.67 946.3
998.42 18.3
999.07 43.5
999.93 11.0
1000.68 49.5
1001.93 31.7
1002.64 42.7
1003.38 3.8
1004.56 7.4
1005.34 52.0
1006.16 10.8
1007.48 18.9
1008.37 44.5
1009.51 311.6
1010.48 271.1
1011.58 56.3
1013.30 28.1
1014.52 10.9
1015.64 6.0
1017.71 15.4
1018.74 51.1
1019.61 21.5
1020.55 40.7
1021.35 6.6
1022.54 34.7
1023.44 13.8
1024.33 38.5
1025.30 22.7
1027.35 30.2
1028.50 77.9
1029.46 21.7
1030.93 22.9
1031.89 33.9
1032.69 3.8
1034.06 13.9
1035.80 42.8
1036.94 10.6
1037.59 8.7
1038.60 12.5
1040.38 91.6
1041.51 104.0
1042.28 23.9
1043.36 33.4
1044.93 4.4
1045.68 18.3
1046.62 27.6
1047.63 32.4
1048.67 43.6
1049.50 22.9
1050.52 24.8
1052.37 36.9
1053.28 22.6
1054.17 52.8
1055.00 18.0
1055.76 8.9
1057.05 11.5
1058.24 21.0
1059.34 31.9
1060.34 2.1
1061.40 10.0
1062.97 11.1
1063.96 30.7
1064.74 4.1
1065.77 41.0
1066.86 50.4
1067.67 11.2
1068.44 6.7
1070.94 56.0
1071.55 145.3
1072.46 39.8
1073.40 14.4
1074.03 31.6
1074.83 2.6
1075.95 27.6
1076.83 8.8
1077.51 2.9
1078.70 9.9
1079.37 10.0
1080.57 19.7
1082.74 36.0
1083.73 114.9
1084.59 14.9
1085.21 2.6
1086.50 46.2
1087.55 17.5
1089.48 310.2
1090.39 125.8
1091.82 33.0
1092.67 3.7
1093.65 12.0
1094.90 12.6
1095.93 42.5
1096.94 52.4
1097.86 12.5
1098.68 6.8
1099.65 33.7
1100.49 32.7
1101.23 10.2
1102.32 30.6
1103.73 7.6
1104.47 12.2
1105.58 141.2
1106.89 122.8
1107.62 542.8
1108.54 163.3
1109.61 5.9
1110.47 15.9
1112.55 17.2
1115.39 38.8
1116.26 17.9
1117.36 23.3
1118.65 11.3
1119.69 6.5
1121.32 15.2
1123.57 1181.7
1124.59 184.7
1125.46 13.0
1126.67 5.1
1127.55 35.9
1128.51 11.8
1129.53 4.8
1130.72 5.3
1132.56 3.8
1133.45 27.8
1134.48 22.0
1135.79 12.3
1136.69 30.0
1137.74 21.2
1138.80 7.7
1139.60 21.5
1141.50 35.3
1142.55 22.7
1143.77 10.8
1144.77 24.3
1145.60 10.1
1147.90 12.2
1148.81 9.3
1149.55 7.1
1150.30 4.2
1151.43 11.3
1152.50 5.6
1153.86 3.6
1154.52 5.3
1157.69 7.9
1159.71 389.0
1160.68 88.0
1161.93 43.0
1162.85 9.3
1163.67 2.6
1164.64 9.0
1165.91 10.9
1167.52 3.0
1169.25 11.2
1170.62 7.0
1171.82 9.7
1173.35 6.4
1174.62 16.5
1175.83 28.5
1176.64 54.2
1178.57 8.4
1179.50 19.2
1180.90 15.7
1182.89 7.9
1184.57 21.7
1185.62 35.5
1189.55 12.4
1190.41 8.8
1191.72 15.5
1192.58 29.1
1193.84 20.4
1194.73 3.6
1195.62 13.0
1197.02 7.0
1197.89 2.6
1200.01 6.8
1200.76 11.8
1201.48 28.6
1202.55 34.0
1203.51 2.7
1205.84 8.7
1208.11 6.9
1210.47 10.5
1211.82 22.8
1213.60 2.1
1214.76 11.6
1216.54 9.0
1217.45 9.9
1218.73 49.1
1219.89 33.8
1220.66 39.4
1221.70 3.9
1222.73 9.8
1223.67 6.0
1224.89 2.4
1226.13 8.7
1228.85 39.0
1230.01 13.6
1230.96 6.8
1232.18 30.7
1233.62 2.1
1234.68 3.6
1236.04 75.6
1236.72 1148.9
1237.78 268.1
1240.19 5.3
1240.83 2.1
1242.49 5.8
1246.69 95.9
1247.87 54.9
1248.48 8.0
1250.76 9.1
1251.62 7.6
1253.56 5.7
1254.77 7.6
1255.59 2.0
1257.18 9.9
1262.41 9.7
1265.80 2.8
1267.57 4.8
1269.52 8.9
1271.29 18.0
1271.95 3.3
1273.03 2.0
1274.14 10.9
1275.87 2.6
1278.09 6.0
1278.99 5.2
1285.71 4.3
1286.57 2.6
1287.65 12.7
1289.71 35.9
1290.68 21.2
1291.61 16.4
1292.77 27.9
1293.69 5.5
1297.70 2.5
1298.31 2.1
1300.96 12.8
1301.58 22.4
1302.50 5.3
1303.84 5.4
1306.61 81.8
1307.56 106.6
1308.68 40.3
1311.67 2.9
1315.89 14.4
1317.76 13.4
1318.79 19.4
1319.90 26.8
1325.88 2.2
1336.42 6.5
1338.64 6.9
1342.64 10.0
1343.83 6.6
1344.53 2.4
1347.78 19.1
1350.85 2.0
1353.66 3.2
1354.53 6.3
1355.16 11.1
1356.54 2.1
1359.88 9.6
1360.70 6.3
1361.98 18.2
1362.73 5.3
1364.57 7.7
1371.23 3.2
1372.79 17.5
1374.65 8.5
1375.86 6.7
1376.76 5.5
1378.39 1.9
1389.54 2.6
1390.76 11.7
1391.71 8.0
1398.71 10.6
1403.75 3.8
1408.44 6.3
1411.62 2.0
1417.72 3.8
1419.78 79.1
1420.75 41.5
1424.97 2.5
1430.55 7.2
1432.03 5.7
1444.80 2.1
1448.77 7.2
1458.38 3.7
1461.66 9.6
1462.38 8.4
1474.96 3.4
1506.62 3.3
1526.79 22.3
1527.83 4.5
1539.89 3.7
1557.55 21.2
1559.04 2.8
1560.82 11.7
