1765.907570000001 3
166.15 1.3
167.17 1.9
174.14 5.1
175.17 4.0
185.96 5.3
187.18 5.6
188.11 2.9
191.00 3.6
191.98 1.3
192.99 1.4
194.13 4.5
199.36 1.6
201.05 1.7
202.13 2.0
206.20 1.7
206.84 4.2
215.33 4.2
218.98 3.7
221.20 4.3
223.19 1.5
224.61 3.3
226.08 1.1
232.44 1.0
233.23 1.3
235.26 2.4
244.11 4.4
245.30 4.8
246.18 3.5
249.30 4.1
253.17 1.1
255.16 2.8
257.50 1.5
258.36 1.5
261.11 4.6
265.29 3.7
269.20 1.3
270.32 3.5
272.48 1.1
274.63 1.8
280.28 1.8
281.28 2.6
284.32 1.9
287.08 3.3
290.17 1.1
290.82 2.2
294.28 2.9
295.41 3.9
297.62 5.1
298.61 1.2
299.21 10.2
301.18 1.3
305.18 2.1
306.27 7.3
308.05 5.5
310.45 1.8
311.26 3.5
313.29 2.0
319.05 1.5
320.21 5.1
321.54 1.1
322.46 3.6
323.12 1.4
326.25 3.9
328.52 1.3
329.34 1.9
333.37 4.9
334.71 3.7
340.99 2.5
343.11 9.9
344.19 1.4
345.21 13.2
346.09 12.3
347.25 1.4
348.33 1.7
349.11 1.4
352.29 6.0
354.16 4.1
355.45 5.4
359.39 1.4
360.46 1.1
362.31 2.7
363.17 2.8
364.19 10.2
366.41 5.8
369.07 3.3
370.38 1.0
371.87 3.2
372.79 6.8
374.27 1.8
377.39 4.8
378.39 2.3
379.36 1.2
380.01 3.4
381.05 3.9
384.25 1.7
386.42 3.0
387.28 10.5
391.28 2.9
392.33 3.2
393.19 3.8
395.18 1.7
398.37 3.4
400.49 1.1
401.15 4.3
402.11 3.6
403.16 4.6
405.30 6.1
406.42 1.3
407.33 1.8
408.42 12.6
409.21 1.4
410.34 4.9
411.27 1.6
413.36 4.3
415.94 3.5
418.03 4.2
420.33 6.5
423.10 2.4
424.24 5.6
424.97 1.6
426.24 1.4
428.26 6.3
429.10 4.6
430.19 3.0
432.32 7.9
433.66 9.8
435.33 7.8
436.86 12.5
437.63 2.2
438.28 3.2
439.11 4.7
440.15 6.5
443.18 12.0
444.14 4.1
446.41 3.8
448.39 9.6
449.35 3.6
452.49 3.2
453.24 2.9
454.19 3.7
455.25 6.2
455.88 1.3
457.04 12.2
458.14 1.9
459.14 10.2
460.09 1.2
461.29 10.4
462.65 10.3
463.82 3.1
467.61 5.6
469.27 14.6
471.31 3.7
472.24 2.7
473.22 10.4
474.04 2.8
475.21 30.6
476.33 6.0
477.46 1.8
478.35 7.2
481.83 3.4
484.08 4.4
485.17 10.7
488.11 1.1
489.42 5.0
490.51 3.9
491.46 2.3
495.37 5.9
496.34 7.6
497.17 1.1
499.26 1.3
500.24 3.0
500.89 3.7
504.30 9.7
505.29 2.3
505.98 6.0
507.44 12.2
508.79 13.9
509.59 7.3
512.53 1.5
513.47 1.4
514.14 6.5
515.30 3.2
516.31 8.1
517.19 1.2
518.17 7.3
519.31 2.2
520.40 3.0
521.44 2.0
523.32 13.1
525.32 8.0
527.31 13.1
528.74 7.0
530.26 1.6
531.35 3.6
532.16 2.0
533.33 13.4
534.54 1.0
535.45 3.3
536.29 2.0
539.59 3.8
540.54 5.0
542.00 9.1
543.37 10.0
544.31 10.4
545.39 18.7
546.22 5.5
547.52 3.2
548.19 2.4
549.07 3.3
552.69 8.0
553.45 11.1
554.34 7.0
555.20 1.5
556.51 7.9
557.39 1.5
558.34 2.2
559.32 6.2
561.30 22.5
563.45 7.4
565.15 11.3
567.17 12.9
571.21 112.2
572.27 84.3
573.48 3.9
577.20 19.3
578.47 1.2
579.86 17.1
580.56 17.9
581.54 1.1
606.74 4.4
612.43 12.5
618.41 2.1
620.42 5.2
632.88 3.0
638.28 2.9
674.13 2.0
679.65 3.0
686.33 2.4
703.55 2.7
705.04 4.7
706.29 1.5
709.22 7.2
712.53 1.3
714.23 8.9
717.79 2.3
721.27 7.9
729.58 1.9
733.45 1.4
735.23 3.1
739.35 4.0
740.70 4.3
741.61 2.4
751.17 3.6
763.03 4.0
763.72 1.9
767.25 2.6
771.18 9.8
772.57 1.1
778.70 1.8
786.95 1.0
799.42 1.6
801.41 1.2
806.72 2.1
807.39 4.8
836.36 2.4
838.61 2.5
846.55 2.3
849.36 1.1
864.64 1.1
866.86 7.6
876.46 1.4
879.89 3.5
881.91 1.8
890.66 2.6
895.44 2.0
900.53 7.4
905.47 5.7
916.55 4.1
920.65 1.9
926.64 2.4
931.67 1.9
933.27 2.1
938.54 2.2
947.40 1.7
948.34 3.6
956.29 3.2
961.61 1.1
962.56 12.5
963.71 5.3
966.71 5.9
979.21 1.6
1003.60 3.7
1013.31 9.7
1014.08 2.5
1030.41 4.1
1061.65 7.5
1127.79 1.8
1154.58 1.7
1156.74 1.9
1305.64 8.8
1314.56 3.1
1416.49 1.4
1427.03 1.7
1672.81 1.3
