1850.93589 3
173.24 1.8
175.22 14.5
176.16 3.7
184.24 1.6
185.16 4.2
186.13 4.4
187.28 7.5
189.88 2.4
191.04 26.0
193.18 5.6
197.22 4.8
199.35 7.1
200.26 3.8
201.20 5.7
203.00 14.6
206.34 1.8
207.38 1.9
209.15 2.0
210.37 1.7
211.11 5.8
212.24 15.8
212.96 7.9
214.46 3.4
215.30 4.2
216.22 3.5
217.29 4.4
218.29 2.2
221.15 5.0
223.18 4.8
225.24 11.2
226.26 22.6
227.24 26.9
228.18 17.4
229.25 38.1
230.29 27.3
231.15 15.9
232.26 14.5
234.31 5.2
235.27 8.6
236.20 9.5
239.27 6.8
240.45 2.3
241.40 10.7
242.09 7.4
244.26 12.3
246.16 167.5
247.30 39.7
248.16 260.6
249.13 2.0
251.26 13.5
252.41 5.4
253.58 1.9
254.30 5.0
255.13 1.5
256.32 5.4
257.39 2.4
258.18 5.5
259.24 9.8
260.36 2.8
262.01 2.3
263.13 14.7
264.29 4.0
265.47 1.9
266.20 4.5
267.18 2.4
268.19 7.9
269.24 34.4
270.18 19.1
270.98 9.1
272.10 7.6
273.23 5.9
275.34 1.1
276.56 8.1
279.19 14.9
280.27 4.6
283.54 9.0
284.26 12.5
285.27 3.2
287.41 3.1
288.31 6.4
290.26 32.8
291.28 41.3
292.26 5.5
294.20 4.3
295.25 2.3
296.18 1.7
297.23 6.5
298.70 44.9
299.55 14.0
300.97 2.1
302.14 27.8
303.54 23.9
304.53 10.3
305.21 16.1
307.22 1.6
308.38 1.9
309.18 2.4
310.36 8.2
311.23 2.8
312.84 85.5
313.91 23.1
315.17 5.9
316.17 21.0
317.34 8.5
318.30 2.2
320.47 1.1
321.27 5.8
322.57 8.1
323.36 5.5
325.37 3.7
326.34 1.2
327.36 1.5
328.21 16.1
329.21 7.3
330.23 9.1
331.39 9.5
333.68 13.5
336.14 1.4
337.49 4.1
338.29 6.4
339.27 34.0
340.39 2.9
341.20 5.6
342.39 8.9
344.21 52.9
347.21 21.1
348.35 10.5
349.27 17.6
350.32 3.5
351.27 12.5
352.40 9.0
353.22 14.7
354.21 27.8
355.31 32.3
356.54 12.3
357.47 27.3
358.28 5.3
359.44 45.5
360.38 10.8
361.38 110.0
362.32 16.3
364.37 5.2
366.16 7.9
367.19 7.3
368.39 11.3
369.29 1.1
370.20 37.7
370.98 39.6
372.13 17.0
372.76 10.0
373.53 15.2
374.31 18.4
375.32 11.4
376.30 7.8
377.54 9.0
378.52 5.3
379.44 3.9
380.37 2.1
381.18 14.1
382.22 17.9
383.53 10.9
384.28 16.8
385.34 20.8
386.14 4.7
387.34 6.3
388.40 1.2
389.39 16.0
391.11 93.1
392.04 15.8
392.91 4.0
394.11 2.4
395.00 8.1
396.25 46.9
397.03 5.4
398.28 16.0
399.21 2.3
400.29 6.9
401.08 1.2
402.24 1.8
403.64 22.9
404.82 154.3
406.20 40.8
407.24 2.5
409.21 4.9
410.37 14.5
411.32 10.2
412.44 22.8
413.96 297.3
414.93 26.6
416.10 18.4
417.22 11.6
418.34 6.2
419.56 2.4
420.69 3.7
422.31 227.1
423.38 4.8
424.41 234.1
425.44 107.7
426.37 8.0
427.37 9.4
428.28 5.9
429.34 10.2
430.40 27.2
432.38 16.2
434.46 85.9
435.24 32.7
436.62 9.7
438.12 26.4
439.59 135.9
440.44 11.4
441.49 5.5
442.47 13.8
443.45 25.0
444.30 10.5
445.54 13.4
446.35 23.9
447.50 69.3
448.46 444.9
450.17 637.6
451.03 15.7
452.29 14.2
453.39 11.7
454.49 41.6
456.02 42.4
457.48 206.1
459.14 30.5
459.89 10.7
460.56 9.8
461.53 47.5
462.48 40.8
463.36 9.5
464.34 10.2
465.39 5.3
466.30 19.1
467.51 12.0
468.40 51.5
469.30 11.5
470.09 21.4
471.00 9.6
472.29 177.7
473.40 118.6
474.21 23.6
475.56 16.3
476.56 18.2
477.43 5.1
478.51 26.6
480.26 327.7
481.25 61.1
481.94 52.4
482.97 30.3
484.39 44.8
485.28 89.7
486.38 96.1
487.62 75.2
488.42 50.0
489.33 6.6
490.64 252.0
491.60 173.3
492.23 25.9
493.04 32.5
493.99 19.0
495.22 31.8
496.06 26.8
497.16 20.5
497.78 6.7
499.55 1.6
500.68 32.5
501.32 18.1
503.21 484.9
504.19 129.8
504.95 26.3
505.82 2.9
507.09 11.4
507.77 31.7
508.79 29.4
509.43 24.7
510.35 36.3
511.23 16.9
512.17 44.4
513.11 31.3
514.00 9.9
515.23 201.2
516.55 19.9
517.24 24.4
518.31 60.0
519.98 38.8
521.22 363.6
522.58 16.2
524.25 278.2
525.26 38.9
526.49 102.7
527.21 78.8
528.57 40.4
529.42 65.3
530.36 513.6
531.38 26.6
532.25 6.0
533.27 17.3
534.17 21.2
535.13 85.0
536.07 155.1
536.73 107.5
537.46 326.8
538.43 139.3
539.59 73.4
540.33 20.5
541.13 23.7
541.74 2.4
542.50 46.2
543.59 116.3
544.58 28.4
545.94 85.3
546.98 55.4
548.18 283.7
548.86 102.5
549.52 140.6
550.19 78.4
551.16 48.8
551.93 28.2
552.88 574.6
554.04 42.3
555.31 39.0
556.19 151.0
557.06 64.8
558.50 344.3
559.20 285.8
560.22 78.2
561.25 221.1
562.09 682.6
563.33 49.8
564.68 1607.6
566.03 40.6
566.77 28.3
567.98 2405.0
569.26 106.8
570.19 159.1
571.46 48.6
573.02 56.9
574.00 1951.7
575.36 80.5
576.53 60.0
577.86 77.4
579.22 208.9
580.09 77.3
581.57 41.3
582.71 92.1
583.56 90.7
584.68 73.5
585.33 45.6
587.23 560.2
588.22 353.0
589.05 31.8
590.42 44.9
591.75 270.5
592.43 197.9
593.70 119.7
594.53 244.8
595.73 161.6
596.39 153.5
597.39 186.2
598.50 50.4
600.07 945.1
601.21 587.8
602.30 72.9
603.05 532.5
603.87 57.4
604.57 55.3
605.54 51.8
606.40 786.8
608.13 123.6
609.09 506.0
609.87 60.1
612.59 13.8
624.32 112.4
625.33 23.8
626.27 8.2
627.13 9.6
628.39 4.3
629.21 1.6
630.31 3.0
631.33 12.0
632.49 3.9
633.46 3.7
634.33 20.0
635.89 11.1
637.22 7.5
638.47 7.3
639.41 16.6
640.37 10.6
641.23 10.5
642.10 1.2
644.41 9.0
645.97 11.1
646.95 8.8
647.66 7.4
648.55 68.6
649.58 36.3
650.26 7.1
651.27 10.3
652.40 5.0
653.39 20.9
654.25 12.3
655.82 7.8
656.89 12.0
657.73 14.5
658.51 2.1
659.19 1.8
660.60 19.7
661.40 13.9
662.57 17.6
663.50 1.8
665.42 10.1
666.21 14.9
667.11 11.8
668.68 9.1
670.19 17.0
673.48 7.1
674.91 87.1
675.67 83.3
676.78 24.1
678.03 24.7
679.39 9.9
680.53 16.9
681.61 3.6
683.78 19.9
684.48 9.7
685.72 10.1
686.41 5.8
687.40 11.4
688.20 15.0
689.15 7.0
690.12 13.4
691.19 4.9
693.33 105.4
694.35 59.9
695.33 40.3
696.50 21.7
697.41 5.2
698.59 12.0
699.42 12.4
701.10 19.9
702.02 24.7
703.34 100.5
704.18 155.3
705.48 3.3
706.25 14.2
707.46 22.3
708.54 9.7
709.51 6.0
711.45 5.5
712.34 38.2
713.15 43.2
714.08 11.8
715.01 5.7
716.57 70.2
717.46 24.4
718.64 29.8
719.68 29.4
721.75 8.1
723.11 17.4
724.18 11.4
725.39 10.3
726.25 8.2
727.33 30.7
728.40 11.0
729.50 13.7
730.44 8.5
731.43 12.8
732.16 12.9
732.88 3.1
734.30 11.5
735.62 63.9
736.70 74.4
737.81 127.2
738.64 184.4
739.52 281.5
740.49 145.0
741.71 7.7
742.85 12.1
744.17 7.2
745.55 104.1
746.92 210.4
747.59 229.8
748.61 23.9
749.65 13.0
750.53 6.0
751.78 15.6
752.63 7.8
753.47 22.5
754.67 26.2
755.71 13.5
756.41 1.5
757.66 24.3
759.86 11.2
760.91 23.5
762.39 23.0
763.52 195.7
764.50 44.6
765.33 21.5
766.37 23.4
767.34 46.0
768.01 35.8
768.81 20.9
769.58 6.7
770.85 7.1
772.24 237.4
773.21 142.4
774.09 89.7
775.29 17.0
776.58 73.4
777.55 16.5
778.49 23.0
780.35 81.0
781.27 269.1
782.18 59.0
783.67 11.8
784.75 35.3
785.74 37.8
786.60 24.8
788.25 45.3
789.43 118.9
790.35 63.4
791.25 21.0
792.39 21.8
793.20 51.4
794.76 978.7
795.50 232.0
796.40 9.4
797.44 8.0
798.11 16.6
799.17 22.3
800.67 21.6
801.64 18.8
802.32 10.3
803.74 5650.4
804.50 1399.2
806.36 345.1
807.43 123.1
808.51 67.5
809.65 25.7
810.54 15.3
811.65 18.9
812.70 20.0
813.45 13.7
815.75 7.5
816.63 23.3
817.78 37.1
818.60 64.6
819.46 67.2
820.86 8.8
821.47 5.9
822.22 15.2
823.35 7.0
824.77 26.0
826.38 86.8
827.33 40.8
828.54 13.3
830.52 43.9
831.78 20.1
832.48 6.8
833.27 1.2
834.23 17.5
836.27 16.9
837.79 8.2
838.47 19.1
839.52 27.7
840.36 7.9
841.58 10.1
842.67 90.6
843.47 20.2
844.31 14.9
845.95 60.5
846.61 76.9
847.25 12.0
849.71 36.3
851.23 279.9
852.17 116.7
853.38 17.7
854.07 24.8
854.73 11.6
855.58 40.3
857.64 10.1
860.28 7896.0
861.09 2246.6
862.05 31.1
863.26 18.4
864.29 15.1
865.09 8.3
865.76 14.7
867.37 63.3
868.33 44.3
869.49 14.2
870.38 3.5
871.37 9.5
872.52 2.8
874.02 8.8
875.69 36.9
876.72 43.7
877.52 38.7
878.44 8.7
880.42 34.0
881.57 8.5
883.05 7.9
884.53 5.5
885.18 4.4
888.18 6.6
890.31 10.7
891.18 11.4
893.48 151.4
894.57 104.9
895.60 40.5
896.57 4.0
898.44 8.4
899.62 5.2
900.59 1.4
901.30 2.4
902.66 2.6
903.44 6.0
904.96 3.6
905.61 2.1
907.15 15.9
908.64 1.3
909.57 3.2
912.55 5.1
913.54 37.9
914.50 22.7
915.87 4.8
916.96 5.0
917.79 2.5
919.20 5.3
920.03 18.2
921.58 50.0
922.41 19.8
923.26 3.1
926.48 6.6
930.32 7.1
931.01 3.1
931.98 2.8
934.28 2.0
935.90 5.1
937.23 6.0
938.47 19.6
939.33 21.1
940.79 8.7
942.30 2.8
943.04 5.7
944.58 13.5
945.72 13.7
946.95 5.3
948.69 7.2
952.77 5.9
955.43 1.9
956.59 5.5
959.34 2.0
960.55 3.8
961.35 8.0
962.50 20.0
964.26 34.6
964.88 6.7
965.62 16.6
966.43 3.8
967.47 3.7
968.48 6.4
969.34 3.7
971.83 4.3
973.55 10.7
974.76 3.6
976.46 2.0
977.52 8.9
978.26 4.3
980.51 120.3
981.59 80.8
982.51 58.4
983.49 41.6
984.10 1.8
984.98 7.4
985.67 5.3
986.42 19.8
987.67 6.0
988.66 14.6
990.10 4.7
991.43 22.3
992.53 15.7
994.30 5.9
996.75 19.0
997.55 3.8
999.35 2.2
1000.40 6.4
1001.53 2.9
1004.69 41.4
1005.68 22.1
1007.53 2.9
1008.44 7.5
1009.74 15.2
1012.54 1.3
1013.48 1.9
1014.82 5.3
1015.82 3.7
1016.65 20.4
1020.44 2.9
1023.40 3.5
1024.70 4.9
1025.68 2.8
1027.25 13.7
1031.19 3.8
1032.51 12.1
1033.39 24.8
1034.22 6.6
1035.37 1.3
1042.63 7.5
1043.47 10.4
1045.74 4.0
1048.30 3.1
1049.90 2.2
1051.46 17.3
1052.52 2.7
1054.35 3.1
1058.54 2.7
1059.67 8.5
1060.46 7.0
1061.72 10.7
1064.63 3.9
1066.39 6.2
1067.79 7.3
1068.68 1.1
1069.50 5.6
1070.37 3.2
1071.70 11.2
1075.30 5.4
1076.80 3.0
1077.88 17.5
1078.75 2.8
1079.50 10.3
1080.34 2.1
1081.48 1.3
1084.72 5.2
1085.34 1.8
1088.88 3.1
1089.59 7.6
1090.54 3.2
1093.65 6.2
1095.54 64.9
1096.38 34.5
1097.58 24.5
1101.49 2.3
1102.84 4.1
1103.58 3.7
1107.69 5.0
1112.61 1.1
1114.72 2.6
1115.76 1.7
1119.48 2.6
1120.22 1.2
1120.91 2.2
1123.07 4.2
1127.04 1.7
1128.29 5.0
1129.68 2.7
1134.63 1.5
1138.97 3.2
1142.26 3.7
1146.52 8.1
1147.83 2.2
1148.56 1.6
1149.61 1.5
1150.68 1.3
1155.53 4.1
1157.57 4.1
1160.58 2.1
1164.59 9.4
1165.81 1.9
1167.18 6.2
1169.64 2.0
1176.82 1.8
1178.79 1.6
1182.64 36.1
1183.63 12.6
1184.50 1.9
1188.82 1.3
1192.83 3.1
1196.78 17.4
1198.21 12.0
1211.43 1.8
1213.11 2.7
1223.43 2.6
1224.35 2.2
1227.61 1.6
1228.66 2.5
1253.74 4.5
1265.43 2.0
1270.89 2.7
1291.44 1.2
1297.40 2.5
1298.94 9.6
1318.78 1.9
1343.94 3.7
1353.67 5.9
1378.56 6.1
1386.24 1.4
1422.00 2.8
1438.75 1.4
1491.59 2.2
1492.98 4.8
