1030.50737 2
146.89 1.1
158.00 4.4
159.36 3.3
159.97 1.8
173.29 4.7
175.24 105.9
176.28 7.0
177.25 1.5
185.39 3.8
189.42 1.2
192.69 3.1
193.29 31.4
197.19 2.8
199.39 1.5
205.80 2.0
212.12 2.2
214.33 3.8
221.10 3.1
222.59 11.5
223.29 22.4
224.10 7.0
228.31 5.8
229.28 1.2
232.31 3.6
233.03 5.5
234.96 5.2
241.18 65.6
242.18 9.9
244.21 11.4
246.24 1.4
249.24 2.1
251.40 4.2
257.24 7.4
258.19 3.8
259.10 1.8
264.36 1.7
267.16 7.1
268.11 3.5
270.40 3.6
273.35 2.5
274.40 8.3
277.89 12.3
284.43 3.8
286.25 1.7
290.24 1.7
292.26 2.3
295.35 2.6
298.41 2.7
300.01 4.2
301.28 4.0
303.23 19.5
304.74 12.1
309.38 2.0
310.13 5.5
312.09 3.8
313.16 7.4
314.76 4.8
318.22 10.1
321.32 7.6
322.37 1.3
323.31 5.0
326.03 26.3
327.56 4.5
328.73 42.9
329.52 3.3
331.11 1.5
333.75 5.0
334.47 2.7
338.12 10.1
339.23 8.0
341.04 3.9
341.75 21.4
342.43 6.7
343.10 4.8
345.17 5.6
346.26 14.3
348.27 7.7
349.10 3.0
350.42 10.8
351.17 2.8
353.39 5.8
355.81 7.4
357.27 29.3
358.99 52.9
360.28 12.5
361.66 10.9
362.74 7.7
363.73 7.0
364.72 5.7
366.38 4.1
367.37 2.1
368.14 5.4
370.74 10.0
371.47 11.8
372.90 35.8
373.76 26.3
374.39 116.3
375.30 25.6
376.97 2.4
378.01 2.2
379.88 82.7
381.49 13.1
382.53 14.0
383.41 1.6
384.64 1.3
386.22 5.0
387.18 2.5
388.65 13.4
389.27 8.1
390.73 7.7
394.90 8.3
395.85 1.5
396.55 7.7
397.20 3.7
401.01 18.0
402.36 7.8
403.06 1.1
404.91 6.7
406.29 59.6
407.24 36.0
408.25 3.8
410.04 2.1
411.04 1.5
412.37 9.6
413.34 1.4
413.94 6.4
414.94 6.2
416.63 13.7
417.28 9.5
418.03 2.3
420.07 20.7
421.20 11.7
422.36 4.7
424.20 6.8
425.78 11.8
426.46 49.1
427.51 24.8
428.36 29.4
430.94 81.2
431.86 7.2
432.71 14.7
433.81 1.8
435.09 5.7
435.83 14.3
436.71 29.8
437.55 22.3
439.84 19.4
440.45 9.4
441.98 14.9
443.65 2.7
444.40 1.6
445.46 11.6
447.23 2.7
449.14 35.9
449.92 105.4
451.14 7.4
451.84 3.0
454.26 58.4
455.61 16.5
457.51 40.1
458.70 273.1
459.46 103.0
460.30 3.6
461.57 19.4
462.80 50.6
463.42 17.8
465.06 17.6
465.84 10.7
466.68 6.1
467.73 7.2
468.42 10.4
469.56 12.3
470.34 29.6
471.54 180.2
473.12 146.4
474.13 12.8
474.77 23.1
475.52 20.6
476.44 43.0
477.35 15.2
479.65 43.0
480.94 25.8
482.10 11.0
483.45 14.0
484.39 33.9
485.48 237.1
486.53 23.6
487.34 3.0
487.99 4.5
489.29 23.7
489.91 3.8
492.10 14.5
493.60 182.9
494.35 68.6
495.61 6.3
496.21 6.6
497.64 82.9
498.55 301.7
499.44 20.3
500.22 12.2
501.43 27.7
503.49 28.8
504.34 4.6
505.17 32.1
507.40 3699.9
508.30 44.8
520.89 2.4
524.25 1.1
534.31 3.6
535.41 3.9
540.58 14.8
541.37 35.5
542.48 19.3
543.94 11.0
549.49 6.7
551.36 4.1
553.89 7.2
558.35 5.8
559.56 12.2
560.24 1.9
561.65 3.2
563.19 2.9
566.04 1.0
567.52 2.3
569.15 10.3
570.18 12.7
575.30 2.6
576.27 2.0
579.30 5.2
584.77 13.1
585.53 3.5
587.04 4.1
587.92 3.5
589.46 6.9
592.53 2.1
593.55 9.1
597.17 2.5
599.16 5.6
600.22 2.7
605.17 3.6
606.43 18.7
607.33 22.9
607.99 3.4
610.49 4.6
612.13 4.6
614.13 2.7
615.80 1.5
616.55 1.0
621.51 4.1
622.40 4.6
623.33 55.7
624.45 56.8
625.45 9.0
627.11 1.8
629.41 2.8
630.49 3.5
631.55 1.0
632.53 5.4
633.41 6.0
635.42 2.3
636.43 6.1
637.68 15.6
640.40 17.1
641.29 4.3
648.07 6.1
648.87 4.8
650.33 5.0
651.37 15.2
652.31 3.5
655.97 15.5
656.69 8.3
657.41 18.3
658.32 10.5
659.50 5.0
660.54 4.1
664.77 10.4
665.49 2.8
666.75 3.4
668.71 15.7
669.70 4.1
671.59 2.4
674.31 28.5
675.35 15.1
676.53 4.5
679.29 1.5
682.24 4.3
683.63 3.7
684.61 9.5
685.47 9.5
687.23 3.2
688.73 3.3
689.57 3.2
693.40 2.1
694.43 5.1
696.69 1.3
697.90 10.4
699.33 7.0
702.84 1.3
705.19 9.4
708.95 2.1
711.19 6.1
714.37 2.5
715.56 3.0
716.61 5.7
717.43 8.0
718.72 3.8
719.35 1.5
722.48 10.3
724.43 9.4
725.37 8.3
726.34 3.5
727.26 7.1
728.76 5.0
729.40 24.5
730.09 9.1
735.30 3.7
737.32 8.0
738.47 4.1
739.51 2.4
742.51 3.6
743.83 3.3
744.51 3.0
748.29 3.8
752.16 4.6
754.35 34.6
755.50 1.1
756.34 16.3
757.30 5.5
761.11 18.6
761.78 6.9
765.66 6.7
768.48 3.5
769.36 5.7
770.34 7.0
771.71 3.5
773.29 38.7
774.33 14.6
776.28 1.1
783.40 3.9
784.29 2.2
786.25 25.2
787.46 4.5
789.11 8.5
794.40 2.0
795.69 3.3
796.39 5.3
797.68 1.2
798.62 12.7
799.49 8.5
801.61 1.7
806.82 3.0
809.70 4.6
811.47 85.2
812.31 7.3
813.13 1.7
820.44 3.3
821.85 12.6
825.57 2.0
826.55 6.8
827.58 11.2
828.53 4.9
829.98 11.1
837.17 2.0
838.11 9.3
839.39 84.8
840.36 25.3
841.82 1.2
855.14 4.1
856.51 59.6
857.50 38.6
860.22 2.6
871.49 3.2
873.56 4.5
874.43 9.5
875.34 18.1
878.60 3.0
884.82 1.9
885.65 2.2
888.49 1.5
892.49 1.8
893.54 2.0
894.39 5.4
895.51 5.4
896.44 2.7
903.59 5.2
919.54 9.3
934.70 3.3
949.47 1.3
950.61 1.0
951.53 3.0
991.45 12.6
992.55 4.9
1010.57 3.0
1017.80 1.0
