1403.71587 2
196.28 5.1
197.15 5.8
205.22 5.3
206.54 2.2
207.14 1.2
207.97 1.6
210.03 2.5
211.48 2.0
212.25 6.0
213.00 4.4
214.21 17.5
215.19 3.1
216.31 1.2
217.10 1.3
220.27 9.9
221.11 5.8
223.17 113.2
224.21 9.3
225.17 10.1
226.13 4.8
227.27 12.0
229.88 7.3
230.49 2.3
232.26 4.3
233.27 5.8
234.24 1.4
235.28 6.8
236.00 2.6
237.25 3.6
238.39 7.2
240.32 17.3
241.28 251.8
242.25 31.8
244.24 19.4
245.24 5.8
246.08 1.6
247.33 2.9
248.53 3.6
251.07 1.0
252.13 2.3
253.37 11.7
254.27 5.2
256.23 5.0
258.24 47.7
259.33 20.4
260.30 6.0
264.13 2.2
265.25 25.1
266.21 10.3
267.49 5.0
268.19 3.2
269.37 4.1
270.29 4.8
272.20 38.1
273.21 10.7
275.60 12.3
276.28 24.2
277.36 8.0
278.15 1.5
279.22 2.9
280.27 7.5
281.35 8.4
282.03 10.0
283.46 6.2
284.45 2.4
286.29 6.1
287.37 3.1
288.37 6.3
289.85 3.7
291.40 15.0
292.31 3.5
293.16 5.6
295.28 3.7
297.16 21.7
298.28 37.6
299.21 14.9
301.63 8.5
303.12 3.6
304.36 6.4
307.25 3.9
308.37 1.3
310.20 23.0
311.17 6.5
313.36 1.0
315.41 5.5
316.27 5.5
317.29 23.4
318.47 5.8
321.12 21.4
322.29 9.7
325.98 5.7
327.30 26.1
328.45 5.2
329.31 5.3
330.28 9.7
331.25 16.2
332.33 2.2
333.15 1.6
334.46 6.2
336.30 2.1
337.60 1.0
338.30 6.2
339.26 20.6
340.21 8.8
341.18 11.7
342.00 18.9
343.12 6.5
345.19 37.9
346.72 3.9
348.15 1.6
349.05 5.4
350.18 5.0
351.26 9.4
352.19 6.7
353.06 17.0
355.60 4.2
356.31 4.3
357.16 1.7
359.24 15.2
360.24 1.5
361.36 1.3
363.22 16.4
364.34 1.6
365.22 3.0
367.06 1.2
368.21 3.9
369.48 12.5
370.40 14.7
371.40 5.4
372.11 4.1
373.17 6.4
375.72 8.2
376.79 2.8
378.38 11.9
379.32 3.4
380.47 2.2
381.36 8.9
382.38 9.2
383.36 16.6
384.31 4.2
385.31 23.0
386.36 14.7
387.29 10.0
388.26 12.8
389.18 1.3
390.49 14.4
391.33 11.9
392.21 4.3
393.37 4.4
394.43 24.8
395.37 2.6
396.33 3.8
397.41 11.8
398.26 7.4
399.12 10.5
400.93 23.7
402.08 27.3
402.88 17.0
404.38 9.2
405.33 30.0
406.29 2.4
408.41 21.6
409.12 1.4
410.10 1.3
411.89 32.6
413.60 16.4
414.54 14.5
415.49 19.8
416.35 6.4
417.36 3.0
418.42 29.3
419.20 1.1
420.66 19.5
421.77 11.9
423.19 25.2
425.32 10.0
427.14 14.8
428.18 14.8
429.38 8.7
430.53 15.6
431.30 3.6
432.31 16.3
433.30 18.5
434.15 6.6
435.57 1.4
438.57 5.8
439.33 2.5
440.31 13.7
441.06 6.4
442.66 14.1
443.32 9.4
444.69 22.6
445.97 8.3
447.20 7.5
448.38 17.6
449.20 8.6
450.42 11.8
451.31 1.5
452.32 12.7
453.46 14.1
454.28 2.0
455.19 5.6
456.13 4.4
457.26 17.3
458.31 3.5
459.41 7.4
461.06 10.5
462.25 2.6
463.35 7.8
464.45 4.6
466.32 16.4
468.14 29.6
470.41 29.7
471.24 10.9
472.41 4.9
473.75 25.2
475.23 102.4
476.33 21.8
477.41 9.3
479.22 8.0
480.28 16.5
481.31 29.8
482.45 12.1
483.35 22.1
484.36 60.6
485.38 15.7
486.32 8.1
487.17 13.7
488.30 18.0
489.31 37.6
490.42 20.9
491.36 13.6
492.28 6.8
493.23 10.8
494.20 29.9
495.02 13.4
495.92 47.3
497.12 4.4
498.49 12.5
500.93 19.9
502.49 40.7
503.35 24.8
504.09 4.0
505.25 17.1
506.52 22.2
507.67 18.4
508.38 31.2
509.97 10.3
510.84 20.2
512.28 29.5
513.17 8.6
514.07 7.8
514.91 8.2
516.19 12.5
517.04 94.9
517.98 11.4
519.61 1.9
520.26 9.0
521.44 13.4
522.49 14.7
523.29 26.4
524.27 18.8
525.24 18.5
525.92 16.3
526.85 1.4
527.58 4.2
528.32 22.5
529.03 18.5
531.36 143.6
532.31 10.3
534.06 31.4
534.80 10.6
535.44 16.0
536.31 7.8
537.62 162.6
538.54 4.0
539.29 33.9
540.41 22.0
541.31 13.4
542.35 6.9
543.31 17.7
544.65 22.0
545.49 152.7
546.80 8.9
547.69 9.3
548.30 8.6
549.05 16.6
550.48 57.7
551.66 47.5
553.02 50.0
553.68 3.1
554.62 22.7
555.46 15.1
556.60 27.9
557.32 8.8
558.51 55.8
559.38 185.4
560.14 66.6
561.43 47.3
562.53 29.6
563.43 18.5
564.39 48.7
565.28 21.2
566.24 11.2
567.22 65.9
569.60 83.3
570.72 60.5
571.59 46.4
572.51 33.0
573.29 151.4
573.92 147.2
574.59 10.1
575.68 9.5
576.44 15.2
577.62 28.5
578.50 197.9
579.50 78.5
580.62 48.9
581.58 77.4
582.60 44.1
583.43 53.9
584.20 34.2
585.25 22.5
586.55 35.6
587.77 55.6
589.17 514.4
590.21 39.5
591.22 40.9
592.35 13.4
593.10 47.8
594.22 76.7
595.28 17.9
595.91 25.9
596.72 35.9
597.73 12.9
598.74 23.2
599.71 38.4
601.12 23.9
602.05 91.1
603.47 23.1
604.66 11.7
605.42 26.2
606.13 15.1
606.99 56.7
607.88 72.5
608.51 41.8
609.64 14.3
611.07 35.0
612.28 30.4
613.29 8.9
614.65 69.3
615.99 318.4
617.09 41.9
618.02 6.8
619.24 24.8
620.42 46.1
621.23 106.0
622.16 89.7
623.14 31.7
624.11 53.8
625.07 34.4
625.94 26.7
627.06 43.0
628.17 59.5
629.79 502.8
630.40 256.2
631.11 78.1
632.54 70.3
633.39 19.4
634.41 30.2
635.13 45.3
636.30 97.5
637.28 82.3
638.50 417.4
639.53 98.0
640.87 84.1
641.82 9.5
643.19 85.1
644.15 34.3
645.21 80.7
646.47 114.6
647.36 19.0
648.17 62.7
649.20 50.4
649.91 29.4
650.52 53.7
652.13 290.2
653.22 180.8
654.13 170.1
655.08 59.5
656.11 43.4
656.84 18.4
657.88 138.8
658.82 215.8
660.06 36.0
660.92 22.4
662.35 121.7
663.22 602.5
664.65 81.4
665.85 99.3
666.81 59.4
667.69 318.8
668.74 35.1
669.79 124.3
670.50 17.2
671.27 281.6
672.15 768.6
673.12 127.0
674.48 95.1
675.32 53.1
676.18 584.7
677.08 101.7
678.60 308.4
680.23 1687.4
681.14 1063.7
682.03 15.5
683.17 27.3
684.74 979.3
685.56 841.4
686.63 87.3
687.60 373.1
688.31 180.9
689.10 385.4
690.43 138.6
691.24 39.2
691.87 46.8
693.41 1042.4
694.08 2340.8
694.99 85.1
696.07 1.5
702.73 1.7
703.64 6.6
709.12 5.4
710.08 3.4
712.77 3.3
715.17 2.9
716.46 16.2
717.48 6.6
718.82 5.4
719.79 11.9
720.43 6.0
721.24 2.8
722.53 2.6
724.72 17.9
725.82 20.3
726.63 6.0
727.49 15.3
729.47 8.4
730.59 6.4
732.42 7.1
733.64 26.5
734.91 8.2
736.45 11.8
737.26 15.6
738.35 3.7
739.39 33.0
740.41 10.6
741.54 72.2
742.62 112.5
743.50 18.9
744.47 5.4
745.07 7.3
746.10 4.5
748.96 14.7
750.75 11.0
751.76 6.1
753.40 11.0
754.60 23.1
755.56 6.3
756.50 3.3
757.50 2.8
758.49 11.2
759.56 24.7
760.16 17.4
761.61 18.8
763.33 8.6
764.22 17.1
765.55 3.1
766.39 15.3
767.54 1.4
768.39 4.6
769.74 28.1
770.70 17.8
771.32 3.7
772.28 2.6
773.85 7.5
775.01 40.7
776.09 44.4
777.22 14.2
778.36 9.5
779.46 2.1
780.62 17.5
782.33 44.0
783.63 9.7
784.65 3.8
785.53 7.6
786.54 6.7
787.86 14.3
788.63 18.9
789.76 19.1
790.61 16.2
792.37 3.8
794.09 29.2
795.14 8.0
797.27 12.0
798.18 35.1
799.07 27.8
800.86 16.8
801.56 6.4
802.52 3.3
803.47 33.1
804.52 31.7
805.93 38.2
806.65 8.7
808.17 47.1
808.95 69.5
810.45 39.8
811.49 28.9
812.37 15.1
813.36 1.6
814.48 8.0
815.29 9.3
817.20 12.1
818.78 16.1
819.90 6.6
820.92 53.2
821.85 20.1
822.63 52.8
823.61 23.1
824.56 24.3
825.35 4.5
826.46 67.3
827.66 27.2
828.52 71.8
829.68 47.3
830.74 24.9
831.71 6.1
832.81 3.7
833.64 9.3
834.67 3.0
835.39 1.5
836.40 15.7
838.18 28.1
839.19 17.1
840.16 23.1
840.94 19.6
841.94 30.6
842.99 18.1
844.01 19.0
844.77 18.1
845.64 16.9
846.52 19.0
847.32 4.8
848.54 34.2
849.24 37.6
850.37 6.9
851.96 15.9
852.80 1.4
853.63 17.9
854.83 29.2
856.21 35.1
857.23 23.3
858.44 15.3
859.69 33.0
861.25 37.5
862.10 13.2
863.06 2.4
864.07 5.3
864.67 13.2
865.34 135.3
866.61 26.7
867.65 13.8
868.52 53.1
869.41 3.1
870.81 22.9
871.84 4.3
872.49 15.6
873.39 4.8
874.77 15.7
875.73 9.5
876.61 21.8
877.66 7.6
878.85 15.3
879.88 23.8
880.86 17.0
881.91 10.1
882.91 4.9
884.34 7.9
885.37 15.6
886.76 7.9
887.55 35.7
888.63 9.9
889.62 8.4
890.88 13.4
891.86 6.5
892.67 43.7
893.39 47.3
894.25 15.8
894.86 8.3
895.57 15.4
897.54 21.6
898.41 54.7
899.60 14.9
900.76 10.1
902.03 12.3
903.69 68.2
904.59 12.3
905.31 10.1
906.64 10.5
907.79 5.4
908.51 10.3
909.78 16.4
910.55 15.6
911.67 9.2
912.50 14.8
913.78 16.8
914.43 4.3
915.34 80.8
916.59 47.9
917.47 18.4
920.02 17.2
920.85 10.2
921.96 29.6
922.61 2.4
923.55 4.7
924.49 1.3
925.66 8.5
927.78 5.5
928.93 13.4
929.87 21.5
930.62 14.4
931.46 10.4
932.36 9.4
933.42 11.5
934.60 4.0
935.66 3.9
936.37 2.3
937.84 19.7
938.52 10.7
939.33 31.2
940.41 3.4
941.02 9.7
941.97 1.3
943.38 5.0
944.25 2.0
945.17 16.9
946.29 12.1
947.22 33.5
948.30 10.3
949.40 10.7
950.36 5.1
951.13 37.1
951.99 7.7
953.25 17.9
954.67 22.0
955.94 27.6
956.64 7.8
957.81 18.9
958.53 10.9
959.47 14.5
960.81 35.7
961.76 7.8
963.55 29.1
964.85 16.8
965.80 17.9
966.87 16.8
968.58 8.2
969.56 20.3
970.46 7.4
972.44 151.9
973.65 87.5
974.67 14.0
975.48 27.4
976.49 7.0
977.98 14.6
979.40 25.0
980.73 25.4
981.57 17.9
982.58 7.9
983.40 2.7
984.80 6.4
986.96 49.4
987.81 67.4
989.09 40.6
990.22 4.1
991.39 3.0
992.51 10.1
993.61 9.6
994.53 5.0
995.53 55.5
996.48 38.4
997.68 8.5
998.79 1.8
999.85 14.6
1000.55 10.2
1001.77 17.7
1002.72 31.2
1003.51 4.8
1004.12 6.4
1005.67 8.2
1006.54 11.8
1007.21 8.5
1008.74 4.5
1009.83 19.0
1010.97 4.0
1011.64 11.1
1012.42 3.3
1014.51 55.7
1015.59 29.9
1016.62 11.1
1017.34 4.7
1018.58 7.1
1019.50 28.0
1020.75 41.2
1022.81 6.7
1023.82 9.3
1024.67 14.3
1025.69 8.7
1026.36 2.0
1027.85 2.1
1029.52 3.3
1030.55 10.8
1032.12 14.3
1032.85 4.8
1033.82 6.3
1034.65 6.1
1036.80 17.7
1037.53 4.0
1038.67 8.5
1039.92 6.3
1040.59 3.3
1041.54 21.9
1042.52 34.0
1043.58 34.7
1045.18 1.5
1045.79 4.2
1046.59 6.2
1048.71 2.2
1049.50 2.2
1050.30 3.1
1051.83 3.3
1053.77 5.2
1054.75 7.3
1056.45 8.5
1057.72 10.8
1059.52 330.4
1060.57 211.6
1061.52 66.8
1063.70 12.8
1064.71 3.8
1065.55 10.7
1066.62 21.2
1067.48 9.9
1068.53 8.4
1069.82 5.8
1070.82 4.8
1071.63 7.4
1072.37 6.2
1073.18 4.2
1073.86 12.3
1074.78 1.8
1076.84 1.7
1077.70 4.5
1080.60 5.8
1081.57 24.4
1082.61 10.7
1083.66 4.2
1084.58 7.1
1085.39 2.6
1087.06 1.5
1087.78 1.9
1088.78 7.6
1089.67 5.6
1090.63 10.0
1091.75 6.2
1092.42 6.0
1093.64 2.9
1094.66 2.3
1095.63 8.7
1097.14 9.9
1098.47 15.3
1099.70 4.1
1100.70 12.2
1101.56 41.2
1102.55 25.7
1103.48 8.4
1104.73 4.9
1105.48 16.5
1106.71 4.5
1107.62 13.8
1110.40 16.7
1111.63 64.3
1112.67 21.8
1113.53 10.3
1114.33 5.4
1115.74 25.6
1116.82 15.0
1117.67 40.2
1118.66 38.0
1119.68 21.2
1120.70 4.3
1121.63 5.9
1123.70 5.8
1124.65 3.8
1126.11 2.9
1127.65 29.0
1128.69 170.3
1129.64 193.4
1130.66 107.1
1131.50 35.1
1132.63 4.2
1134.61 1.1
1135.78 3.6
1136.99 4.2
1139.05 4.0
1141.55 7.7
1142.21 3.3
1143.59 8.3
1144.86 20.4
1145.69 150.2
1146.61 733.4
1147.64 586.7
1148.69 184.2
1149.62 7.4
1150.63 3.3
1151.71 9.9
1152.55 7.0
1155.08 2.9
1155.79 4.4
1156.69 3.0
1157.75 8.4
1159.48 1.3
1160.65 5.9
1161.67 20.2
1162.51 15.6
1163.18 6.5
1163.86 1.7
1164.80 4.4
1165.42 4.2
1168.71 3.4
1169.91 7.7
1170.61 12.7
1171.88 12.1
1172.94 1.4
1174.32 4.5
1175.52 4.2
1176.86 6.0
1177.70 16.2
1178.80 13.4
1179.79 3.5
1180.80 2.4
1181.49 4.0
1184.73 9.6
1187.03 6.0
1187.78 16.4
1188.47 7.9
1189.84 1.6
1190.52 3.1
1192.55 8.1
1193.34 9.8
1195.63 1.6
1196.58 36.5
1197.61 30.2
1198.62 3.5
1201.54 14.7
1202.62 5.2
1203.71 3.8
1204.81 4.8
1205.82 2.5
1206.65 4.8
1207.62 3.7
1208.47 4.0
1210.70 2.4
1212.74 11.6
1213.72 18.9
1214.70 55.4
1215.65 13.4
1216.49 2.7
1218.56 9.2
1220.59 2.2
1222.68 1.4
1223.71 4.1
1227.61 2.7
1228.69 11.2
1230.60 82.2
1231.76 70.6
1232.82 33.8
1233.65 7.5
1236.73 7.1
1237.82 8.6
1239.38 4.1
1240.84 13.8
1241.53 9.6
1242.68 11.4
1245.64 1.8
1246.44 5.4
1247.62 2.0
1248.81 24.6
1249.66 7.2
1252.05 1.8
1252.68 1.5
1255.86 1.7
1258.64 192.4
1259.72 117.1
1260.74 29.4
1263.78 6.6
1268.85 5.0
1270.87 1.4
1271.76 3.6
1272.53 5.6
1273.81 6.7
1276.75 3.6
1278.49 2.3
1284.35 7.1
1286.93 4.0
1300.93 3.6
1304.22 3.5
1330.55 2.6
1334.50 1.2
1337.41 5.4
1348.83 3.1
1355.41 3.4
1358.67 1.2
1364.90 2.3
1366.03 3.8
1370.64 3.2
1383.18 2.1
1407.82 1.2
