891.4326 2
128.21 3.2
129.07 2.1
130.05 4.0
133.08 5.3
136.08 13.7
138.20 7.5
139.29 1.8
142.19 1.1
143.12 40.7
143.73 2.8
145.16 1.4
147.20 7.3
148.29 2.1
150.07 3.6
152.99 2.2
154.12 1.1
156.08 1437.8
157.13 80.2
159.11 16.9
160.99 2.6
165.17 12.1
166.14 1.5
168.37 2.0
170.12 35.6
171.11 295.5
172.24 14.2
173.47 1.8
175.14 20.7
176.17 14.4
177.25 3.6
178.22 57.6
179.42 7.8
182.20 20.1
183.09 4.1
185.24 8.9
187.17 93.4
188.05 16.9
192.32 1.1
194.18 3.0
196.13 1.9
197.19 3.3
199.27 8.3
200.07 1.8
201.01 3.8
203.56 16.4
204.46 3.7
205.50 10.0
206.19 45.3
207.17 3.5
208.44 8.5
209.36 4.7
211.06 1.2
217.05 2.3
219.26 22.9
221.21 98.1
222.13 6.2
223.19 39.4
224.50 12.6
226.50 2.0
228.05 18.7
230.14 2.0
231.06 2.4
231.97 2.3
233.20 4.5
235.18 7.4
236.13 4.3
237.20 1.4
239.06 3.8
239.97 3.3
243.17 10.5
245.97 1.9
247.86 2.7
249.20 331.3
250.18 40.4
251.24 141.0
252.27 9.7
254.23 2.5
255.13 16.3
257.21 4.9
261.35 10.3
262.15 11.8
263.20 49.2
264.31 36.0
265.11 22.1
265.89 16.5
267.19 220.5
268.15 26.1
268.98 3.9
270.19 5.3
271.26 3.1
272.25 43.0
273.19 9.5
274.38 3.9
275.00 1.5
276.12 5.4
277.11 1.4
278.87 2.4
280.06 7.6
281.04 1.4
282.17 262.4
283.24 51.7
285.08 56.6
286.15 25.6
287.70 43.1
288.33 22.4
289.24 15.6
290.31 18.1
291.24 6.2
292.29 1.6
294.15 1.9
296.82 906.6
298.16 4.6
300.15 171.5
301.30 27.6
304.22 1.7
306.17 50.6
307.14 105.1
308.28 27.7
309.32 2.0
311.05 14.1
312.40 1.8
313.18 2.7
314.19 2.0
315.32 8.0
317.35 47.8
318.49 2.5
319.38 5.1
321.15 13.5
322.00 14.6
324.21 202.2
325.24 23.4
325.96 12.8
327.25 8.6
329.49 19.5
330.36 2.0
332.06 3.1
333.04 6.3
334.36 28.5
335.24 5.9
336.31 4.2
338.32 3.8
339.34 14.1
340.94 99.3
342.18 1816.2
343.32 276.3
344.20 8.9
345.32 3.9
346.37 24.4
347.22 36.8
349.97 29.8
350.81 35.0
352.36 1463.0
353.74 13.6
355.15 20.9
355.94 2.2
356.97 10.4
358.63 52.4
359.53 50.3
361.22 418.6
361.96 245.4
363.19 44.5
364.24 20.8
365.94 7.5
366.85 49.1
368.29 17.9
369.18 10.9
372.05 228.6
372.80 96.6
374.32 5.9
375.29 5.2
375.97 10.1
377.64 21.4
378.34 16.8
378.95 4.2
380.70 170.0
381.43 57.5
382.12 1.5
382.84 5.6
383.91 3.4
387.17 11.4
388.69 24.9
389.88 3543.8
391.17 70.8
392.26 62.6
393.31 25.5
394.78 11.6
396.79 17.1
397.42 20.6
398.47 15.2
399.91 2.4
401.18 23.6
402.33 53.7
403.34 15.3
404.82 9.5
406.08 29.3
406.84 2.9
409.26 312.3
410.29 62.8
411.20 10.4
412.32 1.1
413.29 14.1
414.64 169.8
415.42 250.8
416.33 16.5
417.23 23.7
418.31 34.6
419.29 198.2
420.26 61.2
421.29 10.0
421.93 8.2
423.40 866.0
424.62 71.7
425.57 28.3
426.54 3.2
428.23 423.8
428.96 386.7
430.05 1123.9
430.78 13.1
431.69 13.6
432.98 13.2
433.69 16.8
434.71 87.4
435.57 52.8
437.24 4250.6
437.93 994.6
439.25 30.8
440.06 3.5
441.78 2.9
445.68 6.2
454.70 18.3
455.36 346.1
456.27 96.0
458.00 1.3
459.32 9.4
460.39 2.8
461.21 2.7
465.14 27.0
466.27 5.3
468.38 4.5
471.57 2.6
472.17 4.5
474.30 3.7
475.27 1.4
476.35 6.5
477.34 6.0
478.59 6.7
483.00 7.4
484.56 7.3
486.32 8.9
487.50 2.7
488.25 5.4
490.23 2.6
491.32 5.6
492.56 5.9
494.14 28.0
495.63 19.2
501.21 4.6
502.87 13.8
504.31 18.7
505.30 54.0
506.49 2.7
509.41 9.6
512.68 10.4
514.46 9.3
515.44 8.8
516.41 11.0
518.66 7.8
520.28 9.8
522.29 265.9
523.46 73.6
524.34 10.8
525.20 2.1
525.86 10.6
528.25 4.8
529.34 38.7
530.36 15.0
531.64 19.4
532.45 148.6
533.43 38.4
534.25 16.1
536.43 4.0
537.04 2.2
538.08 12.6
539.62 5.2
540.37 5.8
541.43 4.6
542.33 2.8
545.22 10.1
546.40 17.1
547.51 18.3
548.32 42.4
550.29 1224.5
551.34 295.8
553.59 5.3
556.16 19.8
557.07 34.8
557.70 4.0
558.73 13.0
561.16 31.7
561.85 8.7
562.67 1.3
564.34 2.2
566.23 42.0
567.31 19.6
568.50 15.0
570.35 15.7
571.43 2.6
573.04 15.2
574.29 125.3
575.36 23.3
578.40 2.1
579.97 13.6
581.30 12.3
582.05 23.3
583.50 2.7
584.86 11.3
585.93 14.5
587.50 9.8
588.45 16.9
589.43 36.4
590.35 25.4
592.29 1661.7
593.32 394.4
594.44 12.5
595.55 35.3
597.04 13.5
598.39 1.9
599.44 6.8
600.44 8.8
601.49 2.0
602.50 12.7
603.54 13.1
604.52 1.7
605.50 6.5
607.34 172.6
608.45 44.9
611.74 7.6
613.12 17.5
613.97 21.2
616.06 2.5
617.56 3.3
618.34 4.6
620.38 18.7
621.20 1.9
622.86 56.7
623.49 109.8
624.28 47.5
625.33 7.5
626.32 5.4
627.75 14.1
628.43 2.0
629.55 5.0
630.42 2.9
632.47 1.3
633.49 1.7
634.22 17.9
636.53 5.1
637.33 3.7
640.37 18.1
641.34 35.1
642.38 24.4
643.49 7.6
646.48 3.8
647.23 3.6
649.35 2.4
650.53 6.0
651.31 12.8
652.42 16.4
653.61 7.2
656.46 4.5
657.60 4.9
659.40 1.5
660.10 3.0
661.30 12.6
662.25 2.1
663.57 6.4
664.53 2.2
665.36 2.2
666.52 5.8
669.41 7.1
670.96 20.2
672.36 4.4
674.41 2.5
675.41 7.3
676.89 3.8
677.67 4.4
678.38 3.1
679.15 2.2
680.50 2.9
682.64 12.5
683.30 2.1
684.15 3.6
685.48 4.0
686.36 2.6
687.50 7.7
689.33 32.5
690.35 31.2
691.49 12.8
692.48 46.0
693.43 2.5
697.49 1.3
699.69 14.8
700.39 19.9
701.37 33.5
702.87 16.9
703.49 152.0
704.48 72.1
705.40 5.5
706.36 2.6
708.44 135.2
709.43 72.9
710.20 1.8
711.09 1.5
712.41 2.2
715.37 6.2
716.27 1.7
718.37 299.3
719.48 105.3
721.37 343.2
722.41 63.4
724.42 1.9
725.37 5.4
727.30 8.1
728.39 15.2
729.52 7.1
733.42 4.9
734.79 7.0
736.38 2066.0
737.36 669.6
738.02 1.1
741.30 9.9
742.36 6.5
743.05 1.1
744.43 7.9
745.38 8.0
749.52 12.5
750.56 3.4
754.38 165.3
755.50 56.8
758.57 1.8
759.49 12.8
760.39 64.4
761.42 24.0
763.36 1.7
778.40 597.1
779.47 178.4
786.06 8.6
788.43 5.3
789.52 19.4
803.37 1.2
868.65 6.6
869.28 1.3
870.48 3.9
894.66 3.1
