2262.09903 3
212.20 107.0
214.21 22.2
215.22 27.5
216.45 9.6
218.14 12.2
220.07 15.9
221.14 179.3
222.13 18.0
223.12 57.0
226.07 51.3
227.36 37.8
228.22 97.8
229.22 45.9
231.28 12.4
232.30 52.7
233.26 61.7
234.20 56.3
235.30 108.5
236.28 41.3
237.01 34.5
238.21 58.1
239.45 26.0
241.08 13.5
244.17 40.8
246.22 530.2
247.29 57.2
249.08 736.3
250.11 112.1
252.15 606.0
253.15 94.6
254.19 72.2
255.22 333.8
256.08 27.5
256.95 20.5
258.25 97.3
259.18 12.7
260.16 50.9
261.19 74.6
262.24 25.5
263.15 201.4
264.22 178.7
265.31 50.5
266.25 109.3
267.23 242.6
268.48 34.0
269.22 15.9
270.15 68.5
271.11 18.3
272.20 174.1
273.22 33.0
274.30 12.3
274.98 48.3
276.28 32.3
277.35 26.0
278.07 113.0
279.24 22.4
280.57 17.9
282.11 988.6
283.27 184.8
284.09 77.4
288.31 123.7
290.53 76.7
291.51 15.2
292.44 17.0
293.50 11.9
294.91 15.8
296.31 58.3
297.20 9.3
299.43 101.2
300.22 175.8
301.35 57.2
302.28 71.0
303.22 119.8
304.22 12.3
306.34 264.6
307.16 52.4
308.12 12.3
309.16 19.9
310.18 45.1
312.19 137.4
313.24 44.9
314.28 19.5
317.29 9409.4
318.28 1150.2
319.31 218.8
320.27 54.3
322.34 205.0
323.38 168.7
324.27 473.8
325.30 92.9
326.04 52.4
327.04 73.1
328.30 79.8
329.35 34.2
330.57 129.1
331.48 11.4
332.28 25.1
335.33 103.3
336.27 67.4
337.40 71.2
338.19 9.2
339.20 55.5
340.30 18.8
341.25 71.1
342.19 28.7
343.27 69.3
345.26 30.4
346.15 27.1
347.36 493.7
348.31 129.5
349.20 20.0
351.45 85.3
352.69 130.4
353.35 345.1
354.62 98.7
355.30 72.9
356.37 42.1
357.52 26.7
358.61 85.4
359.71 28.7
360.34 29.2
361.16 43.3
363.19 498.0
364.22 281.7
365.19 183.9
366.28 31.4
368.47 354.0
369.26 13.6
371.26 153.8
372.20 123.7
373.58 38.7
374.37 54.1
376.60 186.3
377.24 11.8
378.08 10.3
379.28 12.2
380.32 40.8
381.29 150.3
382.38 39.2
383.65 53.3
384.35 26.7
385.48 106.3
386.42 109.5
387.26 222.3
388.25 48.8
389.12 54.2
390.55 76.8
392.08 338.1
393.17 98.3
394.56 79.4
395.32 17.7
396.30 20.2
397.31 131.1
398.38 102.3
400.02 54.4
401.55 327.7
402.34 277.7
403.14 80.6
404.56 45.4
405.42 10.4
406.12 9.9
407.42 14.3
409.30 564.4
410.30 228.6
411.29 164.4
412.07 72.6
413.33 105.8
414.27 489.2
415.36 627.6
416.31 179.6
417.12 127.2
418.15 25.1
419.28 243.1
420.17 117.9
421.30 311.7
422.33 102.0
423.46 9.8
425.31 647.7
425.93 11.0
427.79 87.8
429.22 30.1
430.29 107.3
432.28 5189.6
433.41 1063.4
434.38 114.1
435.27 65.5
436.14 81.7
437.34 1627.4
438.22 510.1
439.36 69.9
440.27 11.8
441.17 13.6
442.43 163.6
444.50 170.5
445.47 43.5
446.30 73.7
447.53 73.6
448.24 370.9
449.22 16.5
450.25 143.7
451.25 320.0
452.22 203.2
453.33 71.2
454.43 657.8
455.29 39.0
456.08 37.9
457.88 49.7
459.70 106.3
461.41 35.9
462.34 21.8
463.04 35.0
464.31 192.9
465.39 18.4
466.41 201.6
467.69 285.5
468.61 146.8
470.43 46.9
472.25 164.9
473.24 194.7
474.28 95.3
475.42 17.7
476.29 329.7
477.27 492.8
478.32 185.3
479.29 56.6
480.24 430.0
481.62 761.9
482.45 274.5
483.08 82.6
484.34 56.2
486.29 149.3
487.18 21.9
488.27 93.3
489.23 58.7
490.35 92.7
491.01 90.5
492.47 31.6
493.26 38.5
494.17 99.4
495.64 10.0
497.56 74.8
499.22 35.6
500.74 111.1
501.79 117.2
502.51 181.3
503.31 31.2
504.29 86.6
505.20 53.5
506.35 431.4
507.49 398.5
508.58 73.0
509.27 99.2
510.62 58.5
512.39 28.8
514.09 15.2
515.34 153.9
516.30 335.6
517.34 97.4
518.49 70.4
519.40 82.8
520.39 61.5
521.46 169.9
522.40 143.7
523.30 289.1
524.36 345.1
525.33 104.8
526.50 335.7
527.52 288.7
528.49 84.3
529.52 22.3
530.81 321.0
531.63 70.6
533.20 270.0
534.27 1254.3
535.24 663.0
536.30 153.6
537.23 18.8
538.54 142.1
539.63 1691.6
540.40 93.8
541.14 154.0
542.65 123.1
543.43 342.7
544.31 429.1
545.42 2760.9
546.46 881.7
547.30 92.0
548.53 61.0
549.55 164.5
551.24 2544.3
552.32 621.2
553.42 78.2
554.18 25.9
555.01 143.2
556.38 60.9
557.17 95.8
558.35 365.2
559.35 21.1
560.53 82.0
561.36 70.1
562.65 355.6
563.41 1415.4
564.30 155.8
565.32 98.5
565.99 126.0
567.35 144.4
568.26 61.9
570.31 122.4
572.06 8010.4
573.08 930.4
574.59 132.0
575.50 198.4
576.43 37.9
579.24 556.8
580.44 350.7
581.29 142.1
582.44 69.9
583.75 142.0
584.36 10.0
586.07 126.7
586.95 91.5
587.99 36.3
588.95 1339.4
589.85 324.6
590.56 24.1
591.38 446.2
592.24 507.1
593.00 234.3
594.52 37.3
595.62 11.1
596.46 22.5
597.40 157.6
598.39 394.3
599.35 197.3
600.55 555.6
601.37 114.4
602.33 101.1
603.29 54.7
604.44 168.6
605.37 167.1
606.23 132.7
607.22 90.3
608.83 62.2
609.48 76.1
610.54 101.3
612.77 159.6
614.39 297.5
615.24 118.9
615.87 56.8
617.01 16.3
618.33 427.6
619.40 757.7
620.49 265.6
621.31 71.9
622.18 52.2
623.95 2014.9
624.83 189.0
626.28 48.4
627.38 768.2
628.25 887.9
629.20 491.7
630.36 143.6
631.59 197.4
632.43 103.5
633.52 62.5
634.34 168.0
635.32 99.9
636.34 2062.3
637.17 937.8
638.02 151.5
638.73 240.2
640.37 206.1
641.16 194.7
641.91 85.6
643.49 561.2
644.36 98.1
645.68 1704.4
646.57 606.3
647.32 1029.9
648.48 855.3
649.59 5090.0
650.55 392.1
651.56 143.2
652.75 122.5
653.70 232.7
655.36 19032.9
656.54 336.2
657.66 2865.4
658.51 782.6
659.36 356.6
661.09 191.9
662.04 143.8
662.85 102.2
663.70 1339.0
664.54 2443.3
665.40 996.9
666.41 592.7
667.50 664.7
668.42 129.1
669.33 18.6
670.87 106.2
672.57 1610.5
673.33 3043.1
674.41 165.8
675.25 191.9
676.49 33.7
677.40 42.8
678.49 321.4
679.35 290.5
680.20 358.0
681.12 811.1
682.30 69.1
683.17 198.4
684.43 465.3
685.55 325.7
686.81 2073.4
687.67 142.3
689.11 212.5
690.06 257.0
691.45 633.2
692.38 6556.5
693.24 5391.6
694.27 476.1
695.17 235.3
695.84 300.5
696.93 301.7
698.04 436.0
698.71 677.9
699.62 661.7
700.30 506.1
701.50 1487.6
702.29 392.0
703.30 123.7
704.43 332.9
705.73 2044.0
706.89 390.5
708.08 846.6
708.76 283.0
710.26 3521.5
711.51 4112.6
712.33 494.7
713.34 1339.6
714.13 542.3
715.14 202.8
716.41 517.5
717.38 8784.8
718.23 269.7
719.28 438.5
720.79 1159.7
722.15 4927.5
723.05 869.8
724.46 241.4
725.62 196.6
726.51 21.0
727.46 255.8
728.59 282.9
729.53 613.5
730.68 598.0
731.76 276.5
733.02 157.9
733.84 1996.3
734.73 1164.2
735.78 221.7
736.87 994.3
737.66 2393.7
738.62 129.5
739.76 1315.2
740.76 146.1
742.42 9393.0
743.41 16664.8
745.32 168.6
746.09 162.2
747.13 30.4
752.27 24.6
759.64 45.3
760.65 14.9
761.57 178.3
762.52 218.1
763.47 236.8
764.60 43.4
765.42 315.9
766.49 336.4
767.39 90.9
768.59 47.4
769.38 248.8
770.00 74.6
771.45 11.1
772.50 108.0
773.57 31.0
774.44 141.6
775.47 77.6
777.30 1686.5
778.01 490.7
779.41 3087.8
780.47 916.9
781.49 458.0
782.88 143.7
783.81 79.9
784.72 61.9
785.90 2026.7
786.56 2835.7
787.61 158.9
789.04 143.5
789.79 41.9
790.83 605.5
791.80 1654.0
792.57 113.2
793.40 224.0
794.22 202.8
795.01 208.7
795.89 298.0
796.64 50.3
797.28 94.9
798.32 140.7
800.15 10427.7
801.11 2477.0
802.44 996.7
803.32 2147.6
804.51 926.0
805.43 97.6
806.73 383.0
807.63 185.0
808.95 134.3
810.21 203.1
811.09 140.9
811.89 63.1
813.23 109.7
814.03 79.0
815.12 472.0
816.00 251.4
816.86 99.8
818.19 115.7
820.42 1360.3
821.53 727.1
822.46 315.6
824.20 1217.8
825.13 290.9
826.39 904.5
827.44 530.9
828.64 341.8
829.86 134.6
830.88 228.3
832.03 110.8
832.67 95.6
834.14 116.6
835.99 165.4
836.81 313.6
837.55 669.5
838.54 157.4
839.62 125.2
840.61 228.4
841.41 101.3
842.03 334.3
842.73 264.5
843.48 1442.5
844.43 406.9
845.54 1090.9
846.21 1135.7
847.42 662.6
848.24 975.6
849.30 311.9
850.72 1608.7
851.63 1334.7
852.56 48.8
853.70 105.6
856.73 8598.8
857.61 1490.8
858.51 62.5
859.46 2440.6
860.10 4630.3
861.21 601.0
862.24 355.3
863.01 116.1
863.63 97.4
864.52 103.9
865.59 31.6
866.73 127.5
868.35 65.3
869.64 12.8
871.11 474.2
872.17 291.2
873.26 346.7
874.68 81.2
875.53 40.3
876.93 56.8
878.32 1353.9
879.57 601.0
880.38 178.7
881.13 63.7
882.43 39.8
883.50 31.3
884.57 37.0
886.31 158.3
887.47 172.8
888.36 124.8
889.05 122.5
889.79 107.2
890.71 32.6
891.53 42.4
892.66 232.0
893.81 616.2
894.96 372.9
896.00 265.4
896.77 271.5
897.48 336.5
898.21 189.5
898.99 205.3
899.63 280.1
900.55 355.5
901.77 871.1
902.74 751.6
904.84 2160.4
905.71 2035.0
907.28 1335.2
908.13 702.8
909.14 344.8
910.25 177.7
911.66 112.8
913.76 16494.7
914.70 4580.0
916.20 3296.3
917.09 2942.7
918.37 99.2
919.37 481.9
920.39 94.2
921.32 42.7
922.02 107.0
922.77 46.2
923.92 397.2
924.87 589.8
925.66 440.4
926.59 65.7
927.31 69.9
928.63 34.2
929.51 79.1
930.65 128.1
931.57 829.2
932.54 635.4
933.57 473.9
934.97 1531.9
935.61 1171.9
936.24 657.6
937.31 101.5
938.12 113.3
938.83 103.9
940.05 235.9
940.66 96.6
941.37 51.6
943.31 198.3
944.21 66.1
945.27 64.4
946.68 201.4
947.47 63.3
948.57 106.7
949.42 528.6
950.75 331.4
951.70 441.4
952.52 264.0
953.64 184.1
954.64 158.5
955.42 603.2
956.33 741.5
957.09 238.1
957.99 107.7
958.59 93.4
959.77 524.0
960.58 18.3
961.43 69.7
962.53 264.8
964.37 964.8
965.20 3262.1
966.13 736.9
967.58 289.8
968.43 153.7
969.51 171.7
970.99 107.2
972.34 550.2
973.76 14818.0
974.73 4485.5
976.28 153.8
977.17 98.0
978.35 86.3
979.39 16.4
981.92 3230.3
982.68 2621.4
983.33 1100.8
984.17 23.1
984.79 68.8
985.76 152.1
986.70 360.1
987.54 145.2
988.16 161.4
988.82 107.0
989.86 60.9
991.02 538.8
991.63 515.5
992.42 527.7
993.48 372.6
995.20 316.3
996.31 179.0
997.34 97.5
998.14 112.0
999.99 390.2
1000.88 682.6
1001.68 256.3
1003.02 131.3
1003.82 22.3
1005.60 132.7
1006.42 295.1
1007.52 406.5
1008.77 4119.0
1009.65 3034.1
1010.79 178.9
1011.67 81.0
1012.44 18.7
1013.48 468.0
1014.66 319.7
1015.56 78.9
1016.67 68.3
1017.63 65.0
1018.94 84.5
1020.79 176.4
1021.61 87.3
1022.65 71.7
1023.54 17.0
1024.60 213.6
1025.72 135.3
1026.97 125.4
1027.59 50.3
1028.52 74.2
1029.47 336.8
1030.38 363.5
1031.61 60.3
1032.62 27.3
1033.50 118.0
1034.59 35.5
1035.76 822.3
1036.55 318.7
1037.67 221.8
1038.47 229.6
1039.46 64.3
1041.08 287.4
1042.12 109.5
1043.23 54.8
1044.78 1489.9
1045.56 734.2
1046.43 657.3
1047.29 577.2
1048.15 113.6
1048.86 106.1
1049.58 49.2
1051.14 270.2
1052.36 548.1
1053.24 191.8
1054.27 169.4
1055.09 71.2
1056.33 287.0
1057.31 99.9
1059.38 83.0
1061.17 61.4
1062.85 31.1
1063.66 103.1
1065.46 1913.4
1066.27 1251.3
1067.12 121.0
1068.58 591.1
1069.62 263.2
1070.57 155.4
1071.55 92.1
1072.18 15.1
1073.43 62.8
1074.05 40.8
1074.95 378.0
1075.58 586.2
1076.22 489.5
1077.72 89.1
1078.42 60.8
1079.76 230.7
1080.61 86.0
1081.65 130.7
1083.32 153.8
1084.56 11.7
1085.59 623.2
1086.66 324.6
1087.57 140.0
1088.35 63.2
1090.72 53.2
1092.39 134.4
1093.67 48.3
1094.90 44.5
1096.64 16.1
1097.60 75.1
1098.57 13.0
1099.73 73.6
1101.39 13.6
1102.76 376.7
1103.61 390.5
1104.66 76.9
1105.64 70.4
1106.73 168.8
1107.62 43.8
1113.48 77.0
1114.15 37.3
1115.68 43.9
1117.19 57.8
1120.55 1948.7
1121.64 1222.7
1122.59 371.8
1123.73 39.8
1124.68 53.7
1125.82 79.9
1126.64 259.9
1127.59 27.7
1128.91 18.3
1132.24 27.0
1133.49 35.1
1134.59 217.9
1135.59 173.6
1136.54 52.8
1138.56 49.1
1139.74 181.3
1140.71 39.6
1141.53 84.0
1142.65 678.6
1143.58 655.8
1144.53 115.5
1145.92 65.0
1146.76 12.2
1147.53 42.9
1148.75 64.5
1149.64 138.1
1150.83 140.5
1151.66 58.3
1152.57 35.0
1154.57 26.7
1159.70 59.5
1160.78 225.9
1161.80 218.1
1162.55 11.5
1164.19 22.8
1165.35 14.9
1167.54 1373.3
1168.60 874.6
1169.68 307.1
1171.58 10.1
1172.48 23.6
1173.80 68.1
1174.56 28.9
1175.60 28.2
1177.49 51.9
1178.96 64.2
1180.61 27.8
1181.53 43.3
1182.51 57.6
1184.56 102.7
1185.64 217.0
1187.66 30.6
1189.36 40.2
1190.49 14.2
1191.63 51.1
1192.93 43.0
1193.85 11.6
1194.88 34.3
1195.64 39.6
1197.53 28.4
1199.70 381.6
1200.64 316.7
1201.66 59.0
1209.72 21.4
1210.55 91.0
1211.71 89.7
1212.46 18.7
1213.61 21.9
1216.68 52.5
1217.84 20.7
1224.76 11.3
1226.65 26.7
1228.63 12.8
1229.77 77.4
1230.62 68.3
1231.70 112.4
1233.28 88.2
1236.47 17.8
1237.42 14.2
1241.14 9.6
1242.40 43.7
1243.66 31.5
1247.81 43.2
1249.68 139.0
1250.93 73.6
1251.76 36.4
1252.98 65.5
1253.71 86.2
1254.70 169.9
1255.78 90.2
1256.81 18.8
1260.04 15.4
1262.55 36.0
1263.59 19.5
1264.99 141.7
1265.75 193.7
1266.65 151.0
1267.71 51.2
1271.60 138.7
1272.55 51.4
1273.44 65.3
1275.44 17.8
1276.63 58.2
1280.49 353.3
1281.70 147.1
1282.68 1362.7
1283.71 853.3
1284.57 334.0
1285.50 113.6
1289.77 143.8
1290.66 95.5
1291.66 160.9
1292.76 134.7
1293.65 117.9
1294.99 93.4
1296.84 26.1
1299.53 189.8
1300.43 182.2
1301.92 81.3
1302.72 43.0
1303.63 18.6
1305.31 24.8
1307.09 35.2
1308.59 23.7
1309.85 84.9
1311.24 59.8
1311.95 12.2
1313.66 133.3
1314.67 194.8
1315.84 66.5
1318.26 13.1
1320.02 10.7
1321.66 30.1
1325.83 43.0
1326.73 23.3
1329.75 25.9
1330.64 16.8
1335.86 13.6
1336.93 14.8
1337.78 18.1
1344.82 15.4
1346.63 47.3
1350.01 31.3
1353.81 41.3
1354.74 97.1
1357.75 20.9
1361.66 58.6
1362.83 78.8
1364.75 20.9
1365.69 13.7
1367.10 13.0
1367.82 28.1
1370.85 34.2
1371.90 13.0
1372.81 27.2
1376.57 29.9
1377.62 33.1
1378.74 82.7
1379.82 120.8
1380.58 18.7
1382.68 31.6
1384.78 128.6
1385.56 87.7
1386.64 25.4
1389.00 22.2
1390.21 14.1
1391.56 53.8
1394.20 68.6
1394.99 612.1
1395.74 849.1
1396.59 704.9
1397.65 333.7
1398.70 15.6
1404.54 42.2
1405.35 10.7
1406.67 36.0
1407.94 23.2
1408.63 59.5
1410.87 18.8
1412.94 216.0
1419.88 86.5
1420.52 13.5
1421.85 122.1
1423.04 38.5
1424.69 119.0
1425.80 141.1
1426.65 39.9
1427.67 11.2
1433.64 68.2
1438.62 22.3
1441.11 59.6
1442.58 380.1
1443.47 88.7
1444.43 109.0
1445.29 29.0
1446.00 22.9
1450.84 25.0
1458.26 33.8
1460.57 28.4
1461.98 66.1
1465.95 9.5
1466.74 90.9
1468.20 51.0
1470.51 12.4
1475.20 41.9
1477.88 24.4
1478.69 32.5
1484.47 51.9
1485.86 55.6
1488.75 20.0
1489.77 17.6
1490.67 17.7
1491.78 96.7
1492.84 274.3
1494.00 96.8
1494.99 38.5
1495.65 20.6
1505.02 80.8
1509.76 1392.0
1510.77 836.7
1511.78 614.5
1512.78 19.3
1520.74 21.2
1521.84 37.1
1530.68 45.9
1532.91 89.2
1534.00 14.6
1538.04 129.2
1538.77 52.1
1548.06 53.4
1550.98 26.2
1552.19 13.0
1553.62 9.7
1554.81 47.6
1557.11 15.2
1561.56 13.7
1564.28 32.4
1571.03 60.6
1572.01 43.7
1573.10 15.9
1576.96 25.8
1581.08 56.0
1581.91 54.1
1583.20 33.6
1587.62 27.8
1590.11 52.3
1590.80 15.1
1599.22 41.3
1601.98 22.6
1602.71 43.0
1608.17 40.3
1613.10 33.2
1616.93 38.9
1620.00 54.6
1629.76 68.9
1630.96 35.5
1632.24 9.4
1634.11 20.1
1634.73 73.5
1636.18 47.9
1644.19 13.0
1646.87 497.7
1647.88 312.8
1649.06 58.4
1651.56 12.4
1652.90 70.9
1654.01 37.2
1659.83 16.8
1660.65 38.1
1670.06 37.8
1670.83 47.1
1675.13 17.4
1676.01 31.4
1679.85 10.1
1689.82 14.3
1693.08 55.1
1695.03 13.6
1697.34 20.2
1697.96 30.9
1707.31 25.4
1718.26 33.7
1718.94 18.3
1719.67 104.1
1725.76 10.3
1736.05 18.9
1737.17 33.8
1758.02 23.0
1758.85 9.8
1777.41 29.6
1778.01 16.3
1789.02 64.0
1807.13 19.8
1808.81 35.4
1811.13 30.1
1835.04 53.1
1845.94 14.8
1846.81 14.0
1848.82 32.3
1901.78 44.7
