628.4153299999999 2
91.96 1.1
95.23 5.1
101.16 6.5
110.29 3.8
112.20 3.0
115.28 3.7
116.17 2.9
120.12 3.0
121.15 2.9
123.04 3.6
126.38 1.2
127.18 1.6
128.04 15.3
129.12 13.0
130.31 7.3
131.02 2.3
133.27 3.3
135.22 5.6
136.36 1.4
139.06 2.6
143.07 2.3
147.19 3.5
149.20 2.3
150.34 2.4
152.83 1.9
157.04 9.1
159.11 21.8
160.09 3.8
161.20 4.0
161.99 9.7
163.18 1.8
164.13 2.0
167.50 2.3
169.33 2.9
170.95 6.4
173.22 20.9
175.15 84.4
176.30 1.2
177.14 1.4
179.18 5.0
180.22 3.3
182.24 9.7
183.24 6.2
184.44 4.4
185.35 12.1
186.20 8.4
187.12 13.8
188.11 6.0
188.93 3.6
190.31 4.0
192.61 20.4
193.31 6.9
193.93 2.7
195.15 3.5
197.55 9.6
199.17 1395.8
200.30 21.7
201.47 46.9
202.12 3.2
203.22 2.9
204.24 3.1
205.44 12.6
206.20 6.4
207.21 6.4
209.09 3.2
210.35 2.1
211.12 5.6
213.40 17.6
214.12 6.1
214.87 8.4
216.24 2.0
218.25 5.3
219.16 2.8
220.07 12.6
221.22 46.4
222.30 8.2
223.61 2.0
224.40 2.1
225.27 2.9
227.20 1477.6
228.13 26.5
229.22 17.8
230.22 8.4
231.25 6.1
231.99 8.7
232.93 8.6
234.38 3.0
236.32 2.4
237.17 4.2
239.60 5.6
241.30 15.0
242.23 9.6
243.13 12.1
244.15 12.5
244.97 1.7
246.39 11.4
247.98 3.4
248.58 1.2
249.71 2.1
251.93 27.1
253.25 33.2
254.26 16.4
255.27 31.5
256.03 11.8
256.99 12.5
258.29 101.3
261.67 12.4
262.44 15.4
263.37 4.9
265.92 9.1
268.21 8.7
269.26 12.0
270.19 25.7
271.22 90.3
272.33 13.3
273.32 36.7
274.32 271.9
275.42 5.0
276.42 8.8
278.16 2.1
279.13 5.0
279.85 4.6
281.70 17.4
282.59 7.0
284.17 16.1
285.52 14.3
286.23 25.8
287.07 6.7
288.11 23.5
289.21 1.8
290.07 4.0
291.54 32.1
292.36 22.2
293.36 1.1
296.22 105.8
297.20 92.4
298.16 33.7
298.98 24.4
299.83 17.9
300.73 12.8
303.26 3.2
305.40 122.6
306.24 76.3
306.88 15.2
308.57 20.0
324.24 12.1
325.32 2.8
327.41 1.4
332.51 2.6
333.25 6.2
336.56 2.2
337.46 9.7
338.45 7.0
339.37 1.3
341.49 8.2
342.19 2.2
343.58 1.8
346.24 1.0
349.98 15.3
355.26 134.7
356.43 1.5
358.23 2.5
359.24 21.0
365.91 10.1
366.85 6.5
367.47 3.9
368.42 1.8
369.33 18.5
370.55 3.1
373.55 3.6
374.89 15.6
375.96 10.0
381.40 11.5
382.06 2.9
384.32 48.8
385.35 59.3
386.77 4.5
390.46 5.1
392.49 2.9
393.76 5.4
397.17 1.6
402.28 5483.7
403.33 135.4
404.76 17.8
407.58 1.8
408.83 3.2
414.62 1.4
415.32 5.8
416.40 4.6
419.23 5.9
421.11 6.2
421.80 7.7
422.82 5.5
424.35 2.3
426.33 10.9
435.64 6.7
440.59 5.2
441.22 4.8
444.18 4.4
447.42 2.3
448.63 1.5
453.13 1.3
454.37 26.4
455.55 7.1
458.34 1.8
464.50 2.7
467.42 2.2
468.63 1.4
470.50 4.9
471.30 2.4
472.32 10.5
473.38 9.6
479.90 2.7
480.54 3.2
481.42 2.7
487.47 1.6
495.41 1.7
496.46 4.9
497.22 2.2
502.39 2.7
506.09 2.4
513.41 1.4
514.02 5.6
515.40 206.3
516.30 14.5
524.15 1.8
525.38 5.5
526.35 6.3
530.30 6.7
537.49 3.5
538.67 1.4
556.60 2.2
558.38 1.4
576.49 2.6
605.24 5.0
606.84 4.2
