1014.82962 3
97.28 7.8
98.13 1.4
99.16 6.9
100.20 4.2
101.15 6.1
103.16 10.6
105.16 22.2
107.08 44.4
109.12 164.6
110.47 8.4
111.16 59.2
112.18 51.0
113.21 27.0
114.19 86.8
115.26 31.9
116.11 5.7
117.26 3.2
119.19 46.7
120.11 3.0
121.16 104.0
122.20 30.4
123.14 248.5
124.25 22.2
125.25 57.8
126.27 9.8
127.33 49.5
128.12 112.9
129.23 52.7
130.17 10.1
131.23 14.3
133.23 64.4
134.19 11.3
135.28 137.2
136.22 38.1
137.21 229.2
138.23 30.4
139.09 46.5
140.08 13.8
141.25 42.1
142.18 4.1
143.16 50.2
144.30 10.8
145.14 57.3
146.15 21.0
147.16 102.8
148.17 23.0
149.24 101.7
150.24 16.3
151.24 180.3
152.23 15.5
153.12 78.9
154.35 25.2
155.22 55.9
156.19 15.0
157.13 57.0
158.19 8.0
159.13 49.0
160.34 24.8
161.14 92.9
162.21 25.7
163.26 107.4
164.26 45.0
165.28 252.5
166.33 33.9
167.22 56.5
168.26 15.4
169.21 58.2
170.26 17.5
171.14 58.5
172.14 18.1
173.19 64.1
174.28 18.4
175.28 97.3
176.29 29.6
177.25 115.5
178.24 23.1
179.21 402.1
180.27 10.9
181.20 91.4
182.21 31.3
183.21 75.8
184.12 23.2
185.25 53.5
186.21 11.4
187.28 49.2
188.36 15.6
189.25 79.5
190.25 15.3
191.23 112.9
192.24 23.8
193.18 133.6
194.20 22.6
195.16 72.5
196.13 40.4
197.06 285.9
198.29 48.6
199.25 80.7
200.15 10.5
201.22 67.4
202.12 7.4
203.22 69.3
204.21 18.3
205.22 103.8
206.22 12.8
207.19 107.4
208.24 45.4
209.18 114.2
210.15 59.5
211.20 84.0
212.27 52.3
213.20 82.4
214.13 38.6
215.12 175.0
216.16 9.8
217.27 90.2
218.28 40.5
219.21 66.6
220.31 33.8
221.18 74.2
222.30 56.7
223.25 116.7
224.32 60.2
225.17 181.8
226.25 74.5
227.23 112.1
228.29 18.3
229.21 55.4
230.17 11.4
231.23 77.2
232.25 35.4
233.25 110.5
234.34 25.8
235.10 173.4
236.23 132.2
237.17 144.4
238.18 39.3
239.17 112.7
240.26 82.4
241.22 134.3
242.41 10.2
243.25 62.9
244.35 15.4
245.20 94.1
246.22 23.8
247.24 130.5
248.38 28.6
249.36 111.6
250.34 54.2
251.20 144.0
252.09 24.9
253.13 151.6
254.18 82.5
255.20 137.1
256.34 31.6
257.19 81.7
258.14 11.7
259.25 66.0
260.32 20.2
261.26 52.6
262.31 49.0
263.19 114.2
264.36 104.0
265.22 291.3
266.19 48.2
267.15 99.9
268.25 73.4
269.17 154.1
270.22 34.9
271.33 58.9
272.30 14.5
273.29 20.4
274.14 22.4
275.22 133.7
276.36 28.2
277.23 101.2
278.26 135.7
279.23 274.0
280.23 133.5
281.22 192.7
282.25 211.9
283.18 538.0
284.07 12.3
285.34 88.7
286.14 7.2
287.26 36.0
288.28 72.5
289.37 137.6
290.30 26.8
291.31 66.0
292.47 113.8
293.18 501.3
294.27 45.9
295.19 94.7
296.33 167.1
297.31 335.3
298.18 185.8
299.01 4.8
300.24 4.0
301.18 9.3
302.32 70.4
303.27 469.1
304.28 107.6
305.25 83.6
306.35 28.7
307.26 12.5
308.33 40.1
309.38 57.6
310.18 50.2
311.21 154.6
312.27 11.0
313.61 12.9
315.19 29.9
315.99 5.6
317.12 29.1
318.06 14.9
319.33 84.9
320.40 1485.6
321.26 2710.0
322.12 457.0
323.17 56.1
324.26 24.7
324.92 14.8
327.19 5.3
329.18 127.6
329.84 141.0
330.64 21.0
331.32 110.7
332.54 35.2
333.29 75.2
334.22 1.6
335.25 20.8
336.60 1.6
337.58 11.3
338.44 6.7
339.18 10.3
353.30 3.2
356.73 6.4
363.07 3.5
367.80 6.3
374.62 4.6
379.57 2.4
386.38 18.7
386.99 5.3
391.24 3.8
397.35 3.5
399.48 8.7
401.24 3.4
402.28 2.9
412.25 2.8
413.13 4.0
415.60 1.5
417.16 5.4
422.19 4.4
423.45 3.8
424.58 5.2
426.42 1.3
435.28 60.9
440.93 12.2
442.12 12.7
442.78 1.2
448.48 4.8
450.39 12.5
451.37 6.1
455.01 1.2
459.03 2.5
459.82 1.1
462.40 2.0
470.46 4.9
472.15 2.0
473.65 4.7
474.50 7.4
475.35 9.6
479.37 10.0
482.26 2.3
487.33 1.3
496.39 24.9
497.49 1.3
498.11 1.7
498.78 4.8
516.55 1.8
519.13 1.1
529.53 4.4
530.79 3.1
533.03 1.8
544.11 2.7
545.20 3.2
557.50 3.1
562.49 1.9
563.35 3.6
573.43 6.7
578.17 1.2
591.51 2.5
