963.599739999999 3
95.15 1.1
96.30 1.4
99.14 4.4
104.14 1.0
105.28 3.2
106.28 1.4
107.36 1.6
108.22 11.7
109.52 10.1
110.23 21.0
111.26 1.7
112.22 3.3
114.15 1.9
116.13 10.2
120.33 4.6
121.11 4.4
123.24 1.1
125.16 1.2
126.15 3.6
127.49 2.7
128.17 6.2
129.27 5.9
130.21 9.0
131.28 7.0
133.14 30.4
135.40 15.1
136.35 11.9
137.19 9.6
138.19 6.0
140.28 2.0
141.06 5.6
142.38 2.9
143.21 6.6
145.08 8.1
147.32 9.0
149.22 13.4
149.91 2.6
153.32 3.8
154.39 1.2
155.04 8.1
157.20 4.3
158.11 3.2
159.08 2.8
160.18 4.9
161.12 2.6
162.15 9.3
163.33 6.8
165.22 8.5
166.14 5.5
167.18 9.1
168.27 2.3
169.35 2.8
170.04 2.3
171.28 72.0
172.22 9.7
173.34 6.3
174.71 15.3
175.39 13.6
176.20 3.7
177.09 5.4
178.26 21.6
180.28 2.7
181.20 7.7
182.29 2.2
183.30 5.5
184.95 14.5
187.03 9.9
189.07 36.1
190.26 2.8
191.40 10.9
192.55 25.1
193.22 7.9
194.12 1.7
195.27 7.6
196.17 5.1
198.55 16.2
199.25 44.8
199.93 1.9
201.10 3.2
204.07 60.6
205.19 2.2
206.20 7.3
207.19 12.1
208.13 7.1
209.17 15.2
211.25 16.9
212.51 13.8
213.25 37.4
214.34 4.9
215.22 31.3
216.65 14.5
217.37 1.9
219.23 5.2
220.56 11.0
221.32 4.4
222.31 7.1
223.33 4.9
224.19 3.4
225.39 10.4
226.22 26.6
227.15 58.7
228.09 12.1
230.20 1009.3
231.23 26.2
232.12 2.5
233.07 162.8
234.78 6437.5
236.22 39.4
237.38 37.4
239.13 86.4
240.10 13.1
241.09 5.9
242.08 12.9
243.27 13.2
244.21 1.8
245.37 13.2
246.25 5.9
247.15 15.5
248.70 579.4
250.42 24.2
251.16 10.3
252.17 3.4
253.30 554.7
254.40 8.7
255.72 3.9
256.56 17.2
257.42 3.8
258.26 16.0
259.17 57.4
260.06 7.1
261.43 3.4
262.48 31.8
263.27 20.3
264.72 38.5
265.40 42.1
266.27 17.3
267.30 7.2
270.26 51.2
272.21 7.1
273.05 4.4
273.81 4.8
275.06 9.9
276.52 36.1
277.17 364.4
278.27 39.8
279.13 2.4
279.86 9.2
281.04 7.3
282.47 31.0
283.90 53.5
285.29 65.7
286.19 33.6
287.06 10.1
288.97 3.5
291.24 263.1
292.31 22.4
293.26 3.6
294.17 6.6
295.27 3.9
298.29 26.1
299.28 73.2
300.41 101.7
301.07 27.5
303.24 235.9
304.19 102.0
305.22 36.7
306.77 106.1
307.85 9.9
310.24 738.9
311.36 3.3
312.64 152.5
313.92 17.3
315.02 7.0
315.99 68.6
318.13 2.2
328.42 5.0
330.48 24.0
331.69 45.3
334.40 3.9
336.31 6.1
337.01 10.3
338.76 105.0
339.55 2.0
342.20 6.9
342.80 1.9
343.66 9.2
344.78 268.5
345.79 157.7
346.59 1.6
347.73 187.2
349.43 37.4
350.28 3.8
351.31 3.4
352.38 3.3
353.83 444.9
355.30 227.2
356.38 11.9
358.82 401.8
361.06 4.4
363.42 2.2
364.13 6.4
365.35 9.1
366.48 21.4
367.80 931.2
369.37 42.2
370.64 4.1
371.39 7.4
372.55 2.1
373.42 5.1
375.16 3.5
376.66 10.0
377.32 8.8
383.31 1208.9
384.35 47.5
385.50 1.2
386.49 9.2
389.73 3.1
390.85 6.1
391.67 5.0
394.30 7.5
395.41 4.1
396.81 24.9
397.80 3.6
398.72 7.6
399.56 3.4
400.51 30.2
401.38 2.2
402.61 26.3
403.43 9.9
404.20 5.8
405.33 6.0
406.49 2.2
407.62 15.0
408.56 39.9
411.39 64.9
414.42 1.5
416.49 308.0
417.44 50.1
421.74 2.3
422.40 3.0
425.69 813.3
426.37 60.8
427.29 5.8
429.77 4.5
430.73 57.7
431.37 11.0
432.26 6.7
435.27 4.1
437.29 4.2
439.42 27.6
440.45 2.1
441.27 4.6
441.94 4.2
445.20 18.9
446.11 4.9
450.36 43.7
451.32 115.1
452.28 12.2
453.66 8.8
455.28 11.1
457.53 7.5
458.38 1.5
460.54 2.4
462.40 8.5
464.81 142.3
465.46 24.2
466.26 11.4
468.26 3741.4
469.32 191.8
472.57 4.0
473.87 557.6
474.51 33.1
475.22 6.6
478.47 7.4
482.30 2.7
484.34 2.9
485.44 8.6
496.36 115.9
497.32 8.2
499.49 11.8
508.19 3.5
509.20 4.6
511.45 2.6
512.47 2.4
513.47 152.3
514.51 18.7
515.61 4.3
518.22 1.1
520.36 1.8
522.32 2.5
524.41 16.6
525.36 8.1
528.12 3.7
529.37 8.7
534.29 1.6
536.52 1.9
537.59 13.7
538.31 1.7
542.24 1.7
543.50 4.8
553.50 6.8
555.55 5.8
560.42 1.9
563.48 17.7
564.41 6.3
569.72 3.2
578.28 2.9
579.41 23.8
581.40 140.8
588.35 2.1
591.40 13.2
596.74 6.4
597.50 51.1
598.47 4.1
603.52 8.8
604.53 5.2
605.97 1.3
619.18 2.8
621.54 6.8
622.54 2.5
631.63 1.3
648.47 1.0
676.60 3.9
677.62 3.3
694.46 19.1
695.43 7.0
734.51 13.4
735.69 2.4
750.36 1.4
