2193.131439999999 3
209.19 8.5
217.31 15.7
223.20 813.8
224.21 93.8
225.56 4.5
228.16 14.1
230.42 5.4
240.21 10.2
246.30 11.8
251.07 307.9
252.13 32.8
253.08 9.9
254.01 4.2
256.24 9.3
260.08 5.7
267.34 11.2
268.40 14.6
269.05 8.9
274.07 8.2
275.23 5.1
279.23 22.6
280.17 51.7
281.93 13.1
283.15 4.2
285.78 7.2
293.46 9.0
296.22 9.5
297.64 5.9
298.29 30.7
299.16 10.3
301.15 17.0
302.25 5.7
310.09 4.3
312.11 4.2
314.38 6.7
316.17 7.5
317.33 40.6
319.30 34.3
320.30 13.5
321.49 4.7
325.44 5.4
326.91 8.9
328.60 12.9
330.14 5.0
336.50 27.6
339.13 29.0
341.32 23.9
342.49 34.7
345.96 4.8
348.21 5.1
349.33 9.4
351.05 5.3
357.38 5.5
358.71 3.9
363.30 17.4
364.47 7.1
367.46 9.8
372.84 12.6
374.62 7.6
378.38 6.8
380.23 10.9
381.27 14.3
383.15 16.2
383.96 12.4
385.34 9.6
388.02 11.6
391.38 14.1
393.20 4.2
395.92 19.6
399.32 68.2
400.43 17.3
402.62 9.0
406.36 7.5
408.18 14.2
409.32 17.9
410.41 39.2
411.19 31.8
412.26 18.4
413.12 19.7
414.61 19.2
417.38 32.2
418.30 16.4
421.52 10.8
425.67 6.9
429.29 8.4
433.11 20.7
436.54 6.1
437.36 17.1
440.19 102.4
441.34 9.5
445.23 7.1
450.37 23.7
454.39 11.5
455.41 4.2
457.05 24.2
459.59 9.6
462.46 11.4
465.27 18.8
466.44 9.2
468.33 13.0
468.97 5.4
471.26 4.5
472.54 32.7
473.41 29.9
480.95 5.5
482.31 11.2
483.34 17.6
484.37 39.5
485.42 16.4
488.37 11.0
490.25 19.0
500.28 23.8
502.29 7.2
504.48 8.8
506.71 39.7
507.46 5.7
509.34 10.7
510.42 5.3
512.29 73.8
514.00 22.9
515.09 15.1
519.44 35.3
521.32 7.3
525.39 11.5
527.28 7.5
529.32 16.2
530.33 184.6
531.21 48.6
533.40 8.3
534.54 12.3
538.94 63.2
540.50 4.2
541.57 6.8
542.96 21.0
543.94 49.6
548.35 194.2
549.44 53.0
550.26 8.6
551.42 15.8
554.42 18.0
556.02 15.4
561.59 11.7
567.54 55.2
570.37 34.1
571.84 55.7
572.51 6.3
573.94 33.1
576.84 26.8
577.46 6.7
578.61 38.6
579.43 10.0
580.45 12.9
581.35 77.1
582.48 10.1
584.13 20.9
584.84 6.6
586.81 46.1
588.66 60.3
589.81 33.4
592.59 33.5
594.07 5.6
595.57 5.0
596.37 25.1
597.63 7.5
599.50 6.2
600.71 18.1
602.39 5.1
603.27 18.5
604.74 52.5
605.85 4.5
607.34 10.6
609.45 6.4
610.63 55.1
611.68 145.2
612.61 31.9
613.24 11.9
615.56 39.8
616.44 49.2
617.86 10.8
618.52 7.1
619.27 8.0
619.99 44.5
621.44 109.7
622.05 33.4
623.42 22.6
624.22 6.9
625.30 22.4
626.05 21.2
627.30 57.6
628.18 24.5
630.31 37.9
632.92 56.3
634.56 39.9
637.77 109.7
639.31 245.9
640.16 9.7
641.13 61.5
642.40 783.8
643.01 1563.6
644.05 106.8
644.73 35.1
645.95 26.1
646.79 16.8
648.74 68450.7
649.63 432.7
650.28 381.0
651.33 174.5
652.36 128.7
653.22 58.5
654.50 114.9
655.57 126.3
656.97 89.9
658.55 50.0
659.39 70.9
660.19 25.3
661.22 65.1
662.40 46.2
663.54 13.9
664.23 34.6
664.91 102.3
665.82 137.2
667.09 61.7
667.78 26.2
668.82 115.0
669.63 88.1
670.38 11.8
671.35 64.8
672.30 11.9
673.38 20.6
674.07 22.1
674.77 23.8
676.26 9.5
677.38 78.5
678.11 6.4
679.08 29.7
681.55 59.3
682.55 63.0
685.19 6.5
686.60 43.1
687.93 348.9
688.66 206.8
690.37 72.6
691.31 6.3
693.02 17.8
693.89 11.7
694.68 212.9
695.48 14.1
697.68 62.6
698.81 22.3
700.09 23.4
701.08 20.5
702.41 68.8
703.19 998.5
704.11 164.4
705.88 112.1
708.42 146.3
710.60 35.8
711.29 66.9
713.50 102.8
714.49 257.6
715.41 143.5
716.79 238.7
717.97 34.3
719.87 125.5
720.51 262.7
722.64 49.2
743.16 5.7
745.69 32.6
748.99 9.0
751.35 5.1
752.74 26.6
754.55 26.1
755.64 35.5
756.79 18.3
758.42 175.0
759.26 102.5
760.13 20.0
763.39 20.9
765.10 4.8
767.20 907.6
768.09 124.2
769.08 6.6
769.71 42.7
770.55 12.9
771.71 62.9
773.92 21.9
777.78 15.4
782.04 92.2
783.13 11.9
784.60 24.1
785.37 15.1
787.59 5.4
788.68 22.9
789.52 48.7
790.45 20.6
793.90 26.2
801.39 18.9
802.94 21.3
803.56 37.9
805.89 30.1
806.74 30.6
810.21 36.1
813.20 5.2
813.92 30.4
814.58 33.5
815.33 25.9
817.63 104.1
819.19 18.3
821.15 8.7
823.81 2221.7
824.65 419.6
827.06 25.5
830.19 27.2
833.00 36.3
836.17 18.3
838.54 22.1
839.73 34.0
840.76 30.9
841.68 50.1
842.48 30.4
846.35 13.8
847.26 7.3
851.33 8.9
855.52 41.4
856.29 16.3
857.41 7.0
858.41 24.6
860.28 13.1
862.06 72.8
862.95 21.1
863.77 9.7
864.56 17.8
865.62 37.3
867.46 8.5
868.30 23.4
870.17 41.2
872.11 24.1
872.79 10.7
874.25 105.7
875.26 117.1
877.51 13.1
878.84 29.1
880.32 1005.6
881.09 396.5
882.70 7.9
883.46 20.6
884.42 255.6
885.08 20.6
885.72 37.5
887.40 15.5
888.05 31.1
889.40 7.5
890.72 25.0
891.98 36.3
895.57 8.5
896.70 42.8
899.09 47.3
900.17 30.9
905.10 24.9
906.33 56.9
907.61 143.3
909.91 28.3
911.09 28.4
912.73 10.3
913.72 157.4
915.34 221.5
916.41 65.1
917.62 18.6
918.59 4.0
919.81 41.0
920.50 67.6
923.87 1450.7
924.57 512.8
925.18 12.5
928.92 500.3
929.71 235.6
930.78 16.4
932.13 71.4
933.35 33.9
934.29 56.5
935.75 17.4
936.61 25.5
937.53 47.7
938.70 8.5
939.40 47.9
940.26 18.4
941.44 19.7
942.97 141.5
943.78 5.2
944.67 15.1
946.32 11.2
948.98 46.3
949.81 47.2
950.74 48.9
952.55 16.9
953.31 49.5
954.69 46.5
955.54 17.0
957.07 46.9
958.35 211.4
959.11 88.6
959.75 26.0
961.54 14.3
963.37 800.9
964.15 471.4
965.20 50.8
966.17 42.2
967.04 7.3
968.56 17.3
972.45 24795.9
973.13 6338.9
974.25 146.4
974.96 25.4
975.59 60.6
976.31 14.2
977.99 17.1
979.51 8.9
980.28 8.2
981.14 25.5
982.22 21.9
983.92 23.4
984.88 27.4
986.21 21.5
987.86 23.3
988.66 17.4
990.07 117.0
990.97 75.3
991.82 29.5
992.94 11.5
993.66 27.9
995.68 15.8
996.49 79.7
997.36 23.4
998.28 104.4
999.40 493.9
1000.15 169.0
1000.96 18.9
1001.97 5.0
1002.74 11.5
1004.08 24.4
1005.46 22.0
1006.86 53.4
1007.61 46.1
1008.77 13.2
1010.67 139.4
1012.95 41.3
1014.05 60.8
1015.97 38.6
1017.70 4.2
1019.11 10.3
1019.71 23.5
1020.75 10.2
1021.72 25.2
1022.49 21.2
1023.28 19.4
1024.45 9.2
1025.93 19.4
1026.84 81.1
1031.42 41.1
1032.43 117.5
1040.01 108.8
1040.76 90.5
1041.65 13.2
1045.82 34.7
1046.78 13.5
1048.28 25.9
1049.24 72.5
1051.41 15.8
1053.95 14.5
1057.78 12.3
1062.57 11.3
1065.52 28.8
1066.55 8.7
1068.50 23.3
1071.33 4.8
1073.77 15.6
1077.84 20.2
1082.68 12.9
1087.26 19.4
1088.95 7.1
1091.10 4.3
1092.65 10.6
1093.36 6.8
1100.62 23.2
1106.68 7.7
1115.83 7.0
1120.77 6.2
1123.55 19.2
1126.64 4.5
1130.92 8.1
1134.67 9.0
1135.76 13.0
1138.44 6.1
1142.79 22.5
1144.59 4.2
1145.81 13.3
1146.69 14.3
1150.22 19.4
1159.56 5.4
1163.00 4.3
1166.36 143.6
1167.55 15.4
1174.89 10.3
1181.66 11.5
1182.36 9.5
1183.33 45.9
1184.52 37.6
1191.49 8.5
1204.64 3.9
1212.85 13.8
1215.99 5.3
1228.61 13.4
1241.78 49.8
1243.33 42.3
1244.49 3.9
1246.79 7.5
1249.78 20.9
1256.46 9.3
1258.79 53.6
1259.67 32.0
1279.76 27.9
1297.83 8.3
1298.45 8.5
1317.04 16.6
1317.83 16.7
1330.43 12.1
1337.82 6.3
1352.79 21.0
1359.48 11.9
1360.71 19.3
1374.60 4.0
1375.60 5.9
1404.64 6.3
1406.67 16.8
1429.78 5.8
1447.04 11.0
1468.93 12.1
1498.78 6.3
1515.67 6.2
1516.49 5.6
1517.54 5.2
1519.86 28.3
1963.12 4.2
