1761.925389999999 3
169.25 30.9
170.28 5.1
171.16 3.8
173.02 3.4
174.57 6.8
175.24 23.8
176.10 2.0
183.18 117.5
184.21 10.6
185.16 4.2
187.26 1.3
191.31 4.4
192.18 4.1
197.25 95.6
198.18 11.8
199.18 3.1
200.23 28.8
201.18 6.2
203.24 4.7
204.35 4.0
209.04 3.8
210.29 2.0
211.28 15.1
212.24 3.7
213.12 3.4
214.24 2.6
215.31 5.7
216.12 3.5
220.63 3.6
223.23 6.4
225.28 2.8
225.99 2.6
227.58 4.9
228.26 66.8
229.27 8.0
230.23 5.1
232.36 2.4
236.03 3.4
237.13 2.5
240.38 3.0
242.16 6.3
243.23 2.4
244.21 4.4
245.40 2.5
246.27 5.2
248.63 6.2
249.46 1.8
250.18 6.8
251.03 3.3
252.30 2.0
253.31 2.8
254.20 5.7
256.41 1.3
257.41 4.9
258.90 3.3
260.66 4.1
262.27 4.8
263.03 2.8
264.34 12.0
266.16 6.4
267.23 4.8
268.21 8.3
269.69 8.5
272.19 2.7
273.14 1.4
274.22 13.0
275.17 6.9
276.31 2.4
280.29 7.7
284.47 6.7
286.57 1.5
288.25 2.2
289.26 4.4
290.39 5.5
291.36 2.6
294.39 3.1
296.39 14.1
297.12 3.6
298.16 4.7
299.14 2.2
303.27 9.5
304.07 4.3
306.25 3.6
307.16 9.0
308.24 4.5
309.32 7.9
310.28 30.0
311.45 7.9
312.62 25.3
313.38 4.9
315.03 4.5
316.31 12.5
317.23 4.4
319.10 6.6
320.25 5.7
322.13 5.8
323.05 1.5
324.94 6.6
325.93 23.4
327.06 6.5
328.32 1.3
329.23 13.7
330.44 3.9
333.34 2.2
335.08 3.4
337.31 3.9
338.94 4.9
339.86 7.6
340.50 9.7
341.32 12.2
342.17 2.0
343.66 8.8
345.23 9.8
348.23 3.6
349.58 24.5
351.31 13.3
352.69 9.5
353.34 5.0
356.29 6.5
359.29 16.6
360.38 8.9
361.31 14.5
362.47 24.5
363.13 11.2
364.91 3.1
366.60 4.4
367.52 2.9
368.30 33.1
369.31 13.5
370.95 18.4
372.60 9.5
373.64 13.1
374.54 3.4
375.39 9.5
376.34 10.1
377.32 11.4
378.57 21.4
379.36 33.1
380.65 24.3
381.38 26.1
382.39 5.5
383.37 3.8
384.25 18.8
385.54 9.8
386.69 10.6
389.69 18.6
390.82 11.6
392.42 8.4
393.47 10.9
395.01 15.5
396.41 42.5
397.30 18.3
398.11 29.8
399.82 12.7
400.46 9.6
402.52 22.4
403.24 9.0
404.35 20.9
405.48 23.8
406.24 7.9
407.10 23.1
409.11 7.4
410.36 10.2
411.33 19.3
412.15 49.9
412.91 4.0
414.01 32.3
415.35 2.2
417.07 72.0
418.37 17.2
420.34 9.3
421.20 1.8
422.32 11.4
423.51 26.8
424.41 176.7
425.41 63.3
426.02 4.6
426.99 5.4
428.26 29.7
430.26 7.8
431.29 14.0
432.11 34.9
433.03 20.8
434.19 14.4
434.99 5.7
436.29 15.5
437.02 19.1
438.35 218.5
439.51 1.3
440.50 22.1
441.58 13.3
443.29 27.2
444.28 8.8
445.35 39.6
446.42 334.6
447.53 40.5
448.16 5.5
449.11 11.2
450.47 17.4
451.55 64.4
452.64 28.1
454.79 173.0
455.51 680.1
456.36 127.8
458.72 37.4
460.07 152.4
460.71 48.6
461.63 32.7
463.34 26.2
464.58 14.6
465.66 36.5
466.58 18.4
467.99 465.5
468.82 130.7
469.45 49.2
471.12 36.2
472.19 66.8
472.84 22.2
473.73 83.6
474.61 70.0
475.32 58.0
476.31 24.8
477.34 51.1
478.97 73.9
480.26 15.9
481.02 17.5
481.76 68.1
482.54 64.6
483.59 44.2
484.87 24.0
485.86 128.1
486.75 56.0
488.16 198.5
489.00 96.2
490.08 104.9
490.89 35.1
492.39 61.9
493.46 75.9
494.24 155.8
494.99 373.3
495.85 67.4
496.45 22.8
497.44 48.1
498.38 57.7
499.41 73.5
500.90 64.8
502.15 37.1
503.95 7933.6
504.91 1263.7
506.92 949.8
508.39 52.6
509.61 48.5
510.74 78.1
512.49 4828.8
513.42 505.0
514.35 85.4
515.42 38.4
516.57 36.9
517.63 20.8
518.57 35.1
519.63 47.2
520.46 65.2
521.14 85.5
522.06 153.9
523.13 57.8
524.21 33.0
525.18 42.4
526.40 53.1
527.43 78.0
529.02 114.1
529.89 122.9
530.65 62.0
531.38 28.1
532.35 57.2
533.58 13.1
534.47 114.3
535.21 355.6
536.27 48.7
537.41 205.7
538.35 176.6
539.25 55.0
539.99 60.5
540.64 36.1
541.27 19.5
541.99 9.1
543.55 206.1
544.30 1876.2
545.44 74.1
546.21 70.7
546.99 33.1
548.07 27.9
549.93 1957.6
550.57 1473.3
551.59 23.1
552.62 175.3
553.33 135.3
554.22 46.4
555.22 83.0
556.19 35.3
557.31 37.1
558.74 3133.5
560.65 129.5
561.64 283.8
562.53 56.2
563.19 8.4
564.30 128.7
565.25 40.9
566.38 190.8
567.51 1329.0
568.23 510.3
569.79 147.7
570.40 248.7
571.03 372.6
572.81 537.3
573.58 820.0
574.95 25.9
576.55 1930.7
577.23 397.4
578.14 101.0
579.07 448.1
579.99 280.3
580.76 3.8
581.77 6.4
583.49 5.5
593.73 4.2
594.48 1.4
595.95 32.3
596.75 12.8
598.80 8.4
601.49 4.2
602.27 2.0
603.82 46.5
605.08 169.9
605.89 42.2
606.56 62.1
607.63 10.3
608.48 2.1
609.49 4.0
610.34 3.5
612.49 35.5
613.55 140.8
615.03 36.2
616.38 2.9
617.66 14.5
618.72 11.4
619.40 5.6
621.28 14.0
622.61 6.7
624.50 79.3
625.51 23.1
626.88 65.1
628.79 5.3
629.56 2.0
631.30 17.2
631.97 14.7
633.59 15.0
634.55 19.6
636.53 3.5
637.43 5.4
638.39 16.6
639.21 16.9
640.30 33.3
641.48 33.5
642.53 46.1
643.44 24.9
644.52 15.8
645.35 10.1
647.37 6.5
648.43 14.7
649.54 3.9
650.51 20.0
651.47 18.1
652.61 55.8
653.68 27.0
654.44 24.1
656.00 11.2
657.55 3.2
658.51 13.6
659.71 21.4
661.34 365.3
661.94 243.5
662.62 90.6
664.75 21.9
666.02 21.8
667.09 18.7
668.31 64.4
670.12 555.6
671.01 150.1
674.12 1.7
675.83 8.6
676.79 34.0
677.78 8.4
679.01 13.6
679.88 18.5
680.83 13.3
682.19 30.2
683.49 21.8
684.65 11.2
685.32 8.5
686.33 27.6
687.61 20.6
688.45 12.3
689.40 13.9
690.53 6.2
691.55 22.7
692.52 19.8
693.39 16.0
694.38 57.4
695.55 39.4
696.82 20.9
697.78 24.4
698.42 2.5
700.23 26.3
701.82 78.7
702.54 137.2
703.49 63.9
704.61 16.5
705.46 16.3
706.22 6.0
707.78 14.7
708.86 9.1
709.82 50.4
711.20 284.6
712.13 72.1
713.30 10.4
714.43 24.0
715.39 6.5
716.13 37.6
716.85 2.2
717.74 37.7
718.62 7.7
719.70 107.5
720.86 69.8
721.58 169.0
722.55 94.5
723.66 164.2
724.61 51.8
725.44 24.4
726.50 32.4
727.75 19.7
728.36 22.4
729.20 15.2
731.02 7.1
731.82 8.7
732.63 1.5
733.35 2.7
735.75 31.9
736.44 6.2
737.51 60.1
739.48 3777.5
740.52 1244.1
741.51 302.8
742.46 23.8
743.88 19.5
745.18 77.4
746.07 46.0
746.74 42.7
747.82 69.0
748.74 55.5
750.65 229.0
751.54 68.5
752.49 4.8
753.42 57.9
754.40 11.4
755.41 14.0
756.53 12.5
757.56 7.3
759.63 2740.5
760.59 610.2
762.53 6.0
763.67 11.7
764.33 11.0
765.35 9.4
766.15 15.6
768.19 1782.7
769.09 476.3
770.22 21.8
771.01 1.6
771.72 7.7
772.63 8.7
773.81 27.4
775.21 14.5
776.50 1.8
778.47 19.8
779.58 19.7
780.29 22.7
781.29 38.5
781.93 20.0
782.55 21.4
785.35 13.9
786.27 44.7
787.23 23.4
788.08 7.6
789.61 19.9
792.40 7.8
793.67 32.0
794.90 376.5
795.76 461.6
797.65 8.5
798.91 14.9
800.07 58.0
801.09 30.1
802.42 47.3
803.76 436.9
804.67 102.7
805.68 12.6
806.64 13.1
807.96 19.1
808.77 53.3
809.50 24.1
810.42 12.0
813.37 5.6
814.78 21.2
815.73 34.7
816.87 9.8
818.03 14.2
819.21 9.5
820.75 5.5
821.58 6.4
823.29 11.6
824.17 8.8
825.04 13.6
826.59 55.3
827.40 4.2
829.14 2.2
830.49 2.0
832.35 44.3
832.98 7.8
833.71 13.2
834.42 6.1
835.64 5.7
836.55 5.0
837.68 3.7
839.64 1.2
840.94 4.3
841.58 10.6
844.24 30.8
845.54 11.1
846.73 5.2
847.43 3.5
849.48 28.7
850.76 211.2
851.66 72.8
852.52 1.7
853.23 3.7
854.70 3.1
856.40 7.5
857.40 5.2
859.33 63.1
860.35 13.0
864.98 8.1
865.60 3.1
866.50 3.1
868.42 2.7
870.12 1.8
874.48 16.5
875.47 1.6
877.11 6.4
879.54 3.5
880.79 4.0
881.59 4.7
883.55 9.8
886.38 3.9
887.41 7.3
888.23 6.5
889.66 4.4
890.36 5.5
891.54 15.9
893.22 2.4
894.01 4.2
895.45 9.8
896.74 12.4
897.68 13.4
898.34 4.4
899.58 3.6
900.63 2.0
901.40 1.2
902.19 6.1
903.43 2.1
908.61 10.3
909.41 26.0
910.52 2.7
911.51 2.3
913.55 15.5
914.39 11.5
915.46 7.5
916.62 3.1
918.92 7.6
919.55 30.0
920.48 20.5
925.57 4.0
927.65 4.6
928.81 4.5
929.61 7.3
931.47 19.9
932.58 6.6
934.61 3.7
935.99 4.8
936.64 17.9
937.45 15.8
938.83 16.1
939.73 3.0
942.33 2.2
943.47 17.3
944.61 8.3
946.72 12.2
947.54 8.0
948.86 8.7
949.61 108.8
950.48 13.8
953.63 2.6
955.35 2.6
956.45 4.4
958.42 3.1
963.47 39.9
964.78 1.7
965.71 1.9
967.32 1.8
968.34 1.6
970.96 2.5
972.48 11.7
974.35 1.2
975.59 9.0
976.53 1.7
978.17 3.2
978.79 2.5
979.89 4.0
980.60 5.8
982.97 14.3
983.68 3.9
986.58 4.6
987.90 6.7
988.74 31.3
989.50 11.2
991.35 5.6
994.12 1.5
996.57 3.2
997.72 3.3
998.75 17.3
999.44 6.4
1000.62 24.7
1001.40 4.7
1002.41 12.6
1003.17 2.8
1003.87 3.7
1004.47 2.9
1005.94 13.0
1006.61 65.0
1007.50 25.2
1008.63 14.5
1010.50 1.2
1014.72 1.3
1016.91 8.4
1017.53 1.6
1018.40 15.6
1019.77 1.4
1020.52 22.1
1023.55 45.3
1024.67 20.7
1025.60 6.3
1028.34 7.3
1030.32 15.7
1034.64 9.6
1037.28 4.4
1038.80 1.2
1042.43 24.7
1043.48 1.4
1045.14 1.7
1047.80 5.3
1048.57 9.7
1052.63 4.5
1057.18 2.3
1065.54 8.3
1066.46 2.6
1078.61 5.2
1084.57 2.2
1093.51 4.4
1096.66 1.5
1102.81 9.8
1104.68 4.9
1105.57 3.8
1109.72 1.9
1119.53 3.1
1121.57 27.0
1122.67 12.5
1123.63 6.4
1136.73 8.8
1138.04 8.1
1138.66 4.6
1139.63 9.9
1140.73 4.9
1141.92 3.2
1150.41 4.5
1162.72 2.0
1166.24 6.7
1167.52 4.2
1172.99 5.4
1190.56 8.8
1191.90 4.0
1195.20 2.5
1196.83 1.6
1207.74 6.0
1208.63 20.7
1209.66 23.7
1210.54 5.9
1211.57 2.5
1223.66 3.9
1225.75 8.1
1226.73 7.2
1227.82 7.1
1231.48 2.2
1242.50 3.9
1249.80 4.5
1264.03 2.3
1278.50 5.2
1280.57 10.5
1282.66 7.1
1301.64 3.4
1305.97 3.6
1321.65 16.3
1322.86 10.4
1323.89 4.3
1335.84 3.0
1338.65 10.6
1339.87 5.4
1340.73 6.4
1342.61 2.0
1420.56 6.4
1437.88 3.7
1438.89 1.4
1491.03 4.9
1587.87 3.1
