1130.62236 2
164.10 3.4
165.15 7.7
169.18 7.1
173.23 1.0
175.19 12.2
176.06 4.3
178.28 2.0
179.18 3.5
180.30 2.0
182.18 52.0
183.18 8.1
185.35 5.1
186.20 1.2
188.32 1.3
191.20 2.3
192.20 4.2
193.26 15.5
194.20 1.7
195.12 7.2
197.26 5.3
198.23 4.5
199.06 3.1
200.54 6.9
201.27 2.4
202.23 2.6
203.04 1.1
204.20 5.9
209.22 9.0
210.14 14.1
211.22 2.7
212.30 2.8
215.33 4.9
219.20 2.0
220.59 1.1
221.32 1.9
223.28 10.3
226.13 47.1
227.29 8.5
228.35 1.1
229.23 6.7
230.10 4.9
231.27 2.5
232.28 4.6
235.23 6.2
236.59 4.6
238.43 2.3
239.24 3.9
240.25 7.2
241.23 15.7
242.10 7.1
245.35 8.8
246.32 6.6
247.36 3.7
248.69 2.6
249.46 2.4
251.18 3.3
253.00 2.1
254.17 295.2
255.25 40.0
256.32 10.3
257.14 1.7
258.24 3.8
260.34 3.3
262.24 4.4
263.08 11.8
267.52 9.8
268.28 9.3
269.11 4.2
270.29 40.4
271.29 17.1
272.22 24.3
273.32 7.0
275.24 6.3
276.28 4.0
277.08 9.4
278.19 6.9
278.99 9.4
280.28 1.3
281.27 49.9
282.20 11.0
283.18 3.9
284.38 1.0
285.23 10.9
287.25 8.7
288.61 2.2
289.54 9.0
290.96 9.9
292.31 1.1
293.30 33.8
294.29 4.0
295.28 1.4
296.31 13.2
297.25 16.6
299.21 3.4
300.51 17.1
301.32 5.3
302.36 12.4
303.55 9.2
304.56 14.5
305.28 2.5
308.27 5.5
309.43 4.7
311.34 2.1
312.87 17.5
314.11 8.2
315.14 8.3
315.83 5.2
316.97 2.1
318.61 11.9
319.29 4.4
320.31 7.7
321.07 1.8
322.43 11.3
323.35 2.6
324.10 2.1
325.30 20.4
326.24 22.1
326.88 42.3
329.25 5.6
330.22 7.8
331.58 8.4
332.46 2.6
334.73 301.2
335.42 67.9
336.12 4.5
337.26 31.3
338.29 14.5
339.54 28.0
340.60 47.0
341.36 1.8
342.00 6.2
344.18 1.7
345.47 12.5
346.48 5.3
347.44 8.7
348.85 401.0
350.07 42.8
351.12 3.6
352.16 5.5
353.27 16.7
354.50 14.5
355.41 8.8
357.72 24.2
360.23 4.3
362.10 14.9
363.25 2.6
364.33 12.4
365.44 12.7
366.15 1.3
369.28 7.8
370.08 3.4
371.20 5.4
372.48 1.2
373.55 2.3
375.26 25.4
376.01 15.4
376.83 3.5
378.23 5.2
379.34 6.9
380.23 14.9
381.31 32.4
382.48 26.4
383.27 49.2
384.02 9.0
385.17 4.2
387.15 9.6
387.85 2.9
388.78 15.0
389.42 25.8
390.52 9.3
391.36 4.7
392.30 8.0
393.41 4.5
394.32 10.4
395.19 7.5
395.90 22.9
397.37 229.5
398.28 140.5
399.41 21.1
400.35 18.7
401.23 6.4
402.51 8.5
403.46 59.7
405.01 54.9
405.72 19.8
406.42 13.5
407.12 7.5
408.42 42.4
409.16 17.4
410.18 13.2
411.91 247.6
413.06 21.2
414.03 21.2
415.31 2.5
417.26 119.7
418.47 17.5
419.15 4.0
419.81 4.0
422.75 39.0
423.54 25.7
425.98 1728.0
427.19 73.8
428.23 28.8
429.49 27.8
431.51 200.6
433.18 67.2
435.10 1067.6
436.29 97.4
437.43 26.7
438.24 20.4
438.87 2.4
440.95 13.7
441.91 8.5
442.72 10.3
443.41 78.6
444.30 56.4
445.20 8.1
446.09 14.3
446.92 4.2
448.11 11.3
449.31 3.0
450.16 8.9
451.27 41.0
452.73 294.1
453.46 104.3
454.35 19.2
455.30 15.1
456.70 14.5
457.96 26.3
458.65 2.9
459.89 14.0
461.51 6616.3
462.40 29.5
463.51 7.9
464.41 28.6
465.48 23.3
466.62 75.0
467.41 41.7
468.60 16.3
469.80 9.5
470.40 5.1
471.52 12.5
472.48 13.7
473.22 16.7
475.49 1400.6
476.46 71.0
477.50 25.7
478.47 48.8
479.35 19.6
480.41 27.2
481.36 22.5
482.38 4.6
484.50 3489.6
485.61 12.3
486.64 140.9
487.47 41.5
488.80 49.1
490.09 13.5
490.93 29.5
492.22 27.5
493.33 64.8
494.39 13.9
495.50 50.1
496.38 40.6
497.30 64.1
498.17 26.4
499.51 87.8
500.46 68.4
501.44 25.9
502.53 28.8
503.42 12.4
504.63 19.8
505.36 45.4
506.47 44.8
507.42 31.3
508.18 68.0
508.98 91.1
510.50 45.4
511.24 4.0
512.39 84.8
513.57 83.9
514.61 9.0
515.65 22.0
516.69 59.4
517.50 16.0
518.62 16.5
519.73 35.4
520.85 81.9
521.60 30.7
522.35 74.5
523.33 24.1
524.35 146.7
525.60 103.2
526.49 46.9
527.78 30.5
528.50 18.0
529.25 13.6
530.20 30.4
531.32 42.4
532.05 21.0
533.03 15.7
534.23 45.7
535.17 97.6
536.21 60.2
537.36 76.0
538.54 21.4
540.30 452.2
541.31 144.2
542.68 270.6
543.51 332.1
544.50 84.7
545.52 32.9
547.41 259.7
548.35 527.5
549.12 86.9
550.14 45.3
551.03 24.0
552.20 45.2
553.52 69.4
554.22 118.2
556.22 140.9
557.18 1744.6
557.91 335.3
558.74 3.9
559.45 4.0
571.38 3.4
572.36 1.8
573.40 22.3
574.65 1.9
575.52 2.5
578.33 5.1
579.30 10.1
580.16 7.9
581.30 19.3
582.60 5.1
583.21 1.3
584.16 6.8
586.37 1.5
587.95 7.3
588.56 4.4
589.40 9.8
591.33 137.8
592.42 42.3
593.94 4.4
595.39 15.1
597.23 3.1
598.42 11.8
599.34 13.0
600.50 6.8
601.36 6.8
602.32 4.8
603.44 7.4
604.33 4.6
605.53 6.0
606.37 7.0
607.50 36.8
608.45 15.3
609.60 8.5
610.54 7.3
611.82 17.1
612.69 13.1
614.43 15.2
615.56 11.2
616.30 4.7
618.25 4.6
619.32 1.9
620.53 5.5
621.49 4.7
623.31 74.0
624.53 25.1
625.49 6.9
627.41 19.6
628.72 10.4
629.43 8.6
630.41 1.5
631.20 8.6
632.28 7.9
633.10 6.1
634.69 8.0
635.53 26.7
636.80 21.7
638.80 7.2
640.12 7.7
642.08 14.2
643.42 11.8
644.38 14.8
645.55 12.2
646.63 16.1
648.20 41.1
649.08 8.6
650.44 9.2
651.36 30.1
652.44 44.5
653.38 5.9
654.30 15.7
655.24 30.1
656.09 30.7
656.99 22.7
658.48 4.2
660.02 18.9
661.37 9.1
662.13 19.2
664.33 34.8
665.13 29.5
666.19 6.0
667.11 9.1
668.46 171.2
669.54 56.6
670.40 24.3
671.34 14.9
672.39 11.2
673.53 9.1
674.89 14.6
675.76 3.5
676.49 1.6
677.35 8.1
678.45 40.8
679.34 39.0
680.41 10.8
681.31 30.1
682.11 10.0
683.94 5.7
684.76 3.8
685.84 9.1
687.39 21.6
688.47 95.2
689.61 21.4
690.44 2.4
691.54 10.1
692.19 7.9
693.54 6.5
694.90 3.0
696.45 975.2
697.53 230.5
698.49 20.7
699.78 7.7
701.62 16.9
702.67 56.7
703.48 1.5
705.41 269.9
706.33 101.8
707.13 25.3
708.19 12.2
709.38 13.7
710.34 22.7
711.49 16.9
712.37 6.4
713.23 15.5
713.98 4.1
714.74 67.2
715.55 48.3
716.95 17.4
718.45 7.7
719.48 2.3
720.40 2.9
721.28 6.6
723.21 13.5
724.65 16.9
725.75 11.0
727.29 6.6
728.96 5.8
730.02 11.1
731.27 11.9
732.41 8.3
733.29 21.6
734.08 19.3
735.10 7.1
735.85 5.2
736.79 9.0
737.75 55.0
738.60 46.8
739.77 30.3
740.99 27.9
741.90 17.3
742.59 47.4
743.52 9.0
744.51 1.1
745.74 17.5
746.76 29.7
747.78 14.5
748.49 18.7
749.59 12.6
751.11 14.2
752.06 4.1
752.99 6.1
753.59 1.9
754.81 7.4
755.54 5.8
757.54 16.8
759.87 5.6
761.12 15.7
762.92 19.3
764.22 27.2
765.89 10.9
766.59 10.4
767.57 34.5
768.61 6.8
769.57 5.9
770.54 9.6
771.35 5.5
772.83 11.0
773.59 28.3
774.54 16.6
776.14 19.6
776.99 2.2
777.99 11.7
779.01 4.8
780.71 22.2
781.83 114.9
782.72 65.1
783.59 10.6
784.52 2.1
788.11 6.1
789.85 14.9
791.66 12.7
792.47 6.6
793.47 9.8
794.49 3.2
795.82 6.9
797.72 13.7
799.05 4.9
799.77 5.9
801.68 2.4
802.32 2.4
804.41 9.1
805.56 16.8
806.23 3.4
807.46 9.2
811.52 10.4
812.47 5.3
814.58 1.5
816.79 5.4
817.40 2.6
818.37 3.8
819.65 8.2
820.27 1.9
824.42 1.4
825.90 3.0
827.62 4.6
829.25 10.7
830.45 2.8
832.74 3.9
835.65 1.4
836.57 1.3
838.32 7.6
840.36 3.8
841.56 6.9
843.23 9.0
843.85 7.4
844.65 9.8
845.63 7.7
846.65 7.5
847.36 1.3
850.54 77.1
851.35 17.5
852.69 10.8
854.95 14.7
855.69 1.2
858.60 32.1
859.80 22.0
860.74 8.8
861.68 69.1
862.70 16.9
865.49 22.3
866.43 6.9
868.07 8.8
868.77 5.5
869.61 5.2
871.55 4.7
874.50 2.5
879.23 1.2
880.20 3.4
883.99 9.5
884.71 15.6
885.49 4.1
886.44 7.3
887.45 6.5
888.62 7.5
889.76 2.2
892.54 7.2
894.38 2.8
895.07 3.5
895.69 2.1
898.93 7.4
899.56 3.3
900.24 1.3
901.44 4.1
902.95 4.8
904.79 9.2
905.76 2.2
908.83 5.9
910.47 9.5
912.69 4.8
913.48 1.1
914.24 3.1
915.66 1.9
919.58 1.1
921.73 22.0
922.65 4.7
924.62 4.9
926.69 8.0
928.33 1.3
929.50 2.5
930.56 4.1
932.58 3.5
934.44 1.6
937.63 5.2
939.71 1.8
940.50 8.2
941.31 6.3
942.90 2.7
944.28 3.1
949.59 45.8
950.68 25.2
954.59 2.4
955.22 3.2
956.52 3.0
957.55 4.2
959.59 2.5
962.54 5.3
967.42 4.3
969.96 14.1
972.29 1.1
974.67 11.8
975.65 2.6
980.89 15.8
981.54 11.0
982.37 7.0
984.56 3.3
986.21 6.6
988.36 1.6
992.67 1.1
996.52 3.4
997.44 58.8
998.54 85.4
999.61 18.0
1001.79 1.4
1002.65 2.4
1007.53 4.8
1010.45 2.0
1013.59 1.6
1020.58 1.6
1022.73 2.4
1024.24 2.6
1032.50 5.9
1042.42 1.9
1052.04 6.7
1070.05 2.6
1083.68 4.1
1093.50 8.1
1109.97 2.7
1136.47 1.7
