1059.56816 2
155.25 3.0
156.15 11.6
157.16 8.1
158.32 1.8
161.10 6.5
164.95 1.8
167.00 3.0
169.19 14.2
175.24 45.5
180.49 1.1
181.32 9.3
182.27 12.8
183.32 4.3
185.23 36.8
186.32 6.9
187.10 9.7
188.09 3.4
189.30 3.6
193.12 60.3
194.05 7.5
197.21 2.0
198.44 2.0
199.16 3.3
200.32 2.5
201.13 2.1
203.19 38.5
204.07 9.1
205.22 8.9
206.23 1.3
207.38 2.6
209.19 3.6
211.18 1.3
212.14 1.3
213.23 50.6
214.15 10.0
215.34 5.8
216.25 10.0
217.29 1.3
218.37 2.2
219.17 1.6
220.18 1.8
221.15 11.0
223.42 1.3
225.29 6.3
226.27 2.6
227.14 3.9
228.19 7.4
229.08 5.8
231.28 5.7
232.21 13.9
234.19 8.6
235.24 2.2
237.30 3.0
239.58 8.7
240.32 6.9
241.29 24.7
242.20 8.4
243.10 2.4
244.13 8.1
245.06 4.8
246.24 2.4
250.06 8.8
251.41 8.6
252.05 4.0
253.13 1.9
254.20 17.0
255.22 7.1
256.34 3.0
257.23 2.0
260.29 1.1
261.88 7.6
263.33 4.2
268.10 55.1
269.25 10.3
270.33 1.8
271.32 1.2
272.18 42.9
273.10 9.5
274.35 7.2
275.21 11.1
276.31 3.9
278.13 1.4
280.24 1.4
281.33 1.4
282.70 12.0
285.07 11.4
285.95 2.7
288.25 4.5
290.12 90.8
291.41 6.0
293.16 4.1
294.43 4.6
295.31 4.2
298.03 5.5
299.27 11.6
299.99 4.1
301.24 7.6
302.25 1.8
303.54 7.5
304.71 9.5
306.39 7.3
307.92 17.1
309.18 2.9
310.34 24.2
311.17 5.8
312.73 15.2
314.42 1.7
315.19 2.6
316.15 12.5
317.37 4.1
319.20 17.8
323.31 14.5
324.27 5.2
325.77 9.7
326.65 3.2
327.32 8.2
329.15 2.1
331.21 5.5
332.14 2.5
333.22 28.0
333.99 7.1
335.30 11.0
337.32 3.4
338.40 9.3
339.42 20.2
340.66 21.5
341.38 14.9
342.45 8.2
344.32 1.5
345.25 1.1
346.46 8.8
347.23 3.0
348.75 5.9
350.65 8.3
352.36 7.6
353.45 5.6
354.11 4.8
355.33 13.8
356.34 34.4
357.43 29.4
359.09 110.8
360.05 2.9
360.76 5.3
361.36 1.9
362.63 24.6
365.55 10.0
366.42 6.2
367.23 4.4
367.89 3.9
368.66 6.0
370.10 25.2
371.27 7.9
372.27 15.7
373.34 4.5
374.60 31.0
375.24 7.4
376.58 40.6
377.24 152.7
378.17 23.4
379.47 3.0
380.35 2.6
381.36 43.5
382.24 18.8
383.29 10.3
384.52 4.8
385.26 2.7
386.36 1.8
388.25 10.2
389.68 29.5
390.39 51.9
391.69 12.0
393.46 3.8
395.14 80.4
396.24 5.2
397.24 8.8
398.24 20.9
399.44 8.1
400.45 14.0
401.40 14.7
402.28 11.1
403.16 36.0
404.36 20.4
405.04 7.7
405.89 10.7
407.92 24.1
408.57 3.3
410.35 1.2
411.61 19.5
412.32 3.6
413.61 5.6
415.08 15.7
416.58 47.7
417.61 55.1
418.45 7.6
419.26 8.3
420.23 18.0
421.10 2.4
422.04 5.6
424.19 23.9
425.72 297.7
426.38 97.2
428.52 10.9
429.42 29.1
430.34 17.1
431.67 29.8
433.07 21.0
434.36 247.7
435.46 33.8
436.56 27.4
437.38 5.8
438.45 2.3
439.97 120.2
440.99 50.6
442.11 11.8
443.28 21.3
444.21 10.5
444.98 15.4
446.01 9.7
446.78 19.3
447.64 10.5
448.80 186.2
449.43 82.0
450.42 41.1
451.65 16.5
452.55 19.5
453.59 32.7
455.16 40.3
456.32 93.3
457.21 20.5
457.94 15.0
458.70 6.2
459.44 14.3
460.44 7.8
461.33 16.7
462.37 37.1
464.00 107.4
464.80 20.5
465.80 46.2
466.97 20.8
468.71 156.2
469.36 233.8
470.63 30.2
471.66 81.1
472.62 98.0
473.25 12.1
473.87 114.0
475.20 22.8
476.78 104.9
477.93 1174.3
479.06 24.6
479.78 15.6
480.84 27.3
481.89 16.2
482.94 62.2
484.35 12.4
485.70 112.8
486.61 161.3
487.28 19.1
488.17 18.6
489.57 45.0
490.34 185.2
491.46 95.0
492.65 15.0
493.67 25.5
494.81 101.0
495.49 45.2
496.90 34.7
497.82 142.3
498.68 75.3
499.61 55.4
500.28 30.6
501.00 20.5
501.99 17.8
503.67 292.3
504.39 126.3
505.45 20.8
506.27 29.9
507.60 112.0
508.29 282.0
509.13 126.2
510.49 46.9
512.26 817.5
512.95 583.4
514.59 73.5
515.62 138.7
516.38 17.0
517.99 130.5
518.90 119.7
521.37 1513.7
522.40 60.4
523.66 1.8
524.60 1.7
534.44 5.2
535.74 10.5
536.44 2.8
537.27 2.1
538.54 5.9
539.37 3.1
541.35 10.4
542.35 7.3
543.58 14.4
547.55 1.5
548.97 2.1
551.44 29.8
552.38 244.9
553.38 56.4
555.13 7.1
556.93 7.3
558.10 10.5
560.40 15.7
561.30 13.6
562.39 37.8
563.34 1.9
564.32 3.5
565.07 2.5
568.62 8.9
569.28 19.3
570.36 17.4
571.23 11.9
572.45 9.2
573.53 1.9
574.93 12.3
576.46 8.3
577.80 15.2
578.86 1.1
580.01 4.9
581.00 3.0
581.63 15.7
582.53 2.6
583.86 14.7
585.25 12.8
586.81 3.0
587.42 6.4
588.23 9.5
589.62 5.9
590.32 2.4
591.31 13.3
592.33 16.6
593.26 12.5
594.73 13.5
597.05 15.3
598.39 31.1
599.48 6.6
600.81 16.3
603.20 37.6
604.31 27.0
605.45 39.9
606.34 2.4
607.16 23.8
608.68 10.8
609.96 2.0
611.46 33.6
612.45 3.0
614.34 8.9
615.26 15.7
617.53 12.5
618.33 6.2
620.53 14.1
622.03 59.9
622.97 23.0
623.64 15.9
624.51 23.1
625.48 35.7
626.40 28.9
627.27 1.6
627.99 4.8
628.70 1.6
629.87 8.0
630.51 9.2
631.35 4.8
633.36 3.4
634.26 13.0
635.55 10.0
636.48 18.4
637.50 13.6
638.54 26.3
639.72 28.0
640.48 11.0
641.43 3.2
643.45 8.7
644.12 15.6
645.16 28.0
646.59 15.0
647.86 46.9
648.62 44.0
649.40 22.5
650.17 15.5
651.57 28.7
652.73 13.3
653.70 17.0
654.70 26.0
655.45 16.5
656.19 32.4
657.44 57.7
658.49 7.8
659.27 7.1
660.12 24.9
661.04 21.2
661.85 12.2
662.47 18.7
663.46 80.6
665.42 381.3
666.53 131.7
667.31 6.9
669.43 8.0
670.63 44.7
671.65 46.2
672.85 10.8
673.56 6.8
674.96 10.6
676.11 10.7
678.22 22.5
679.37 122.9
680.04 242.4
681.46 10.6
682.58 23.4
684.05 134.3
684.93 39.5
686.28 25.4
687.84 310.0
688.54 491.7
689.43 72.5
690.18 5.4
691.25 8.9
692.90 6.9
693.90 10.5
694.57 13.8
695.63 7.1
696.54 13.9
697.42 5.1
698.37 11.6
699.00 5.0
699.71 4.2
700.67 5.0
701.70 11.4
702.70 31.0
703.70 18.6
704.48 21.6
705.30 17.0
706.66 23.5
707.60 10.9
708.50 3.9
711.51 23.0
712.78 10.1
713.94 10.9
716.14 9.9
717.82 22.6
718.70 14.0
719.64 28.9
720.86 167.4
721.53 43.8
722.50 14.1
723.43 1.6
724.11 5.0
724.91 2.7
725.99 5.0
727.73 30.8
729.38 1078.1
730.37 4.4
731.48 16.1
732.30 15.4
733.07 6.6
734.58 35.0
735.68 45.4
736.71 24.5
737.81 28.4
738.66 29.2
739.64 8.8
740.58 15.1
741.45 9.0
742.42 7.2
743.44 1.7
745.49 4.3
746.44 9.9
747.71 3.3
748.47 7.9
749.50 5.8
750.67 12.5
751.74 4.4
752.58 106.8
753.46 29.3
754.08 4.9
755.45 13.0
757.49 17.0
758.41 12.2
759.69 3.8
761.36 10.9
762.50 4.7
763.23 9.9
764.93 2.6
767.92 8.2
769.60 3.9
770.51 2.2
771.74 1.1
772.77 5.1
773.51 1.8
774.57 4.4
775.51 31.9
776.51 8.3
777.34 6.3
779.54 4.2
780.77 3.3
783.42 17.3
784.39 3.2
785.43 2.0
786.65 6.9
787.50 18.7
788.51 3.9
789.27 3.2
790.65 25.3
792.37 46.5
793.26 14.6
796.75 12.4
797.49 17.1
798.34 4.7
799.42 11.2
801.20 15.2
802.43 10.6
803.43 4.1
804.75 4.7
805.61 4.2
808.68 9.9
810.49 5.6
812.59 5.2
813.51 2.4
814.37 3.8
816.21 3.6
817.63 8.9
818.99 4.6
820.23 1.9
821.31 16.5
822.39 6.5
823.86 4.0
826.61 8.3
827.53 5.8
828.86 18.1
829.66 1.2
830.77 4.7
831.44 5.3
832.47 5.8
833.29 3.2
834.64 2.7
835.55 3.1
838.30 11.5
839.26 14.2
841.04 2.3
841.73 8.4
842.59 4.1
844.41 41.2
845.51 13.8
846.81 7.1
848.05 28.7
848.82 2.8
849.65 10.3
850.59 27.3
851.60 16.0
852.35 2.7
855.35 3.8
856.50 19.6
857.32 8.5
858.35 8.2
859.73 2.6
864.12 3.1
867.46 123.8
868.54 52.4
872.26 1.6
874.47 10.8
875.42 2.1
878.26 1.3
879.18 4.1
880.38 2.8
884.49 12.3
885.56 2.4
886.53 15.4
888.35 2.4
890.51 1.9
891.50 9.1
892.50 14.9
894.33 2.2
895.56 3.0
897.11 1.2
898.16 1.3
899.39 6.6
900.56 15.8
902.33 3.2
903.56 2.8
904.60 2.4
905.29 1.5
908.59 5.7
909.73 6.6
910.40 3.9
911.26 5.1
913.46 10.6
914.39 120.7
915.01 1.4
919.65 1.6
920.80 1.4
921.47 4.1
922.44 2.9
923.35 9.1
925.47 5.4
927.33 166.3
928.36 97.1
929.41 1.4
930.62 1.7
932.60 4.9
935.59 3.9
937.58 9.8
938.62 1.1
941.22 1.7
943.48 3.1
945.70 2.7
946.47 5.3
949.46 1.5
954.51 2.4
956.58 3.6
957.63 3.1
959.60 3.5
961.28 2.3
965.54 1.8
969.58 5.5
970.60 1.4
972.66 4.7
975.45 4.4
979.32 3.4
989.50 3.1
990.82 3.0
994.73 4.4
1001.94 2.3
1010.46 1.8
1012.63 1.5
1016.41 2.1
1019.55 22.8
1020.61 10.4
1032.20 4.7
1032.80 2.6
1036.28 4.6
1037.57 14.4
1038.49 5.7
1065.29 6.4
1069.57 4.1
