908.36534 2
128.11 2.9
129.26 8.8
129.92 4.1
131.95 1.2
133.20 9.6
135.96 1.1
141.19 1.9
143.25 1.5
145.16 123.9
146.19 5.7
147.32 2.9
148.20 2.8
151.50 2.3
155.31 8.6
156.11 5.6
157.09 11.8
158.25 9.3
161.37 2.4
163.11 16.8
164.25 4.3
165.27 3.0
168.19 1.0
169.25 1.7
172.52 14.8
173.17 133.0
174.13 65.0
175.25 123.8
176.04 9.8
176.68 6.5
177.54 3.6
179.79 3.3
180.40 1.9
185.23 8.1
186.13 4.6
187.41 10.5
189.28 1.6
193.14 1.2
197.23 24.1
198.27 10.1
199.01 1.2
201.09 91.6
202.17 540.1
203.19 49.4
204.12 4.2
205.10 4.1
206.16 7.3
208.30 2.4
209.13 5.5
210.14 3.0
217.09 11.2
218.45 3.9
220.17 36.1
224.06 1.4
225.27 3.7
226.28 22.6
227.15 9.4
230.19 9.4
231.50 1.9
232.40 5.6
241.29 7.0
243.23 5.6
244.23 6.4
245.18 1.0
246.35 2.1
248.35 2.6
249.18 2.6
250.04 2.3
251.10 3.2
252.15 1.3
253.14 4.4
255.36 2.0
256.22 8.6
262.20 31.2
265.26 9.3
266.09 3.3
267.15 3.9
268.40 1.7
269.15 7.2
270.87 3.4
271.96 2.0
272.88 2.7
274.23 13.6
275.71 5.9
278.25 12.7
278.92 2.5
281.32 2.1
283.65 3.0
284.93 16.8
287.58 7.3
288.31 10.0
289.20 10.2
291.27 1.7
292.97 3.2
295.10 1.1
296.35 12.4
297.09 2.1
299.23 2.2
300.15 3.3
301.16 7.8
302.32 5.1
303.28 8.2
304.38 7.9
305.03 6.6
306.10 7.7
307.41 5.1
308.78 11.5
315.40 1.5
316.23 3.6
317.15 13.0
318.33 16.9
319.30 6.4
321.29 3.8
323.15 23.0
324.62 13.8
325.51 4.0
326.28 1.3
328.70 11.8
329.34 9.5
330.14 1.3
331.00 8.1
333.05 21.6
335.04 8.6
335.85 7.4
336.80 24.4
338.30 72.0
339.16 16.0
341.11 21.6
344.07 25.6
345.09 46.9
345.85 9.7
347.15 15.3
348.50 11.0
349.31 3.9
351.09 4.1
351.75 9.2
353.29 29.9
354.38 30.4
355.30 2.9
356.38 4.7
357.70 8.7
359.21 9.7
360.05 8.0
361.23 4.4
362.12 2.9
363.12 16.0
363.97 10.1
365.17 16.0
365.91 5.5
367.02 3.1
368.13 7.3
369.79 3.7
371.16 13.5
372.09 9.4
373.04 6.7
373.75 60.1
374.39 13.2
376.20 5.9
378.01 1.1
379.69 37.6
381.29 30.4
382.02 24.1
383.44 10.0
384.69 11.7
385.40 5.1
386.64 13.2
387.41 8.4
388.47 149.9
389.49 3.9
390.77 17.9
392.16 17.9
393.23 26.5
393.92 94.3
396.60 34.6
397.56 42.0
398.44 2.6
399.45 12.1
400.30 12.1
402.34 752.9
403.43 11.5
404.49 64.1
405.34 14.0
406.74 21.9
408.19 18.6
410.21 29.8
411.11 137.1
411.88 61.9
412.77 6.8
414.18 30.4
415.04 24.0
415.98 8.5
417.14 7.8
418.17 34.3
419.21 30.8
420.22 1.7
421.37 24.8
423.05 91.9
423.72 103.5
424.38 102.7
425.64 45.3
426.82 26.1
428.17 133.5
428.85 70.4
430.05 28.8
431.67 101.3
432.77 681.5
433.42 256.9
434.19 12.3
435.28 50.5
436.59 238.6
437.32 439.5
438.19 29.5
439.45 82.1
440.39 84.0
441.35 44.5
442.21 21.4
442.95 18.3
443.67 17.9
445.81 5287.1
447.05 21.6
448.78 1.2
454.11 3.1
454.86 4.9
466.08 18.5
467.04 7.6
467.98 7.5
470.18 9.1
473.26 352.8
474.33 61.1
475.21 7.2
476.64 6.1
477.31 9.5
479.17 2.1
481.48 3.8
483.84 15.8
484.51 4.6
486.14 1.9
487.39 1.1
489.64 1.6
492.44 4.2
495.20 1.1
496.16 1.1
497.39 14.9
498.54 2.2
500.31 7.2
501.14 1.8
502.62 2.4
503.38 7.0
504.35 9.6
505.29 11.1
509.45 15.6
510.62 9.3
516.48 4.1
519.25 7.4
522.53 2.1
525.02 1.6
525.84 2.8
527.31 2.7
528.36 3.7
529.29 8.7
531.33 3.1
532.12 23.0
532.73 6.1
534.33 4.5
536.70 11.7
537.53 5.3
538.53 27.9
539.33 9.5
540.69 6.4
542.33 37.9
543.27 9.1
545.26 3.2
548.03 10.0
549.18 1.9
550.34 1.8
552.63 9.6
553.30 2.6
554.31 4.0
555.35 15.3
559.78 10.3
561.86 11.7
563.49 3.5
567.00 3.0
568.87 4.6
570.35 35.6
571.23 24.6
572.11 13.3
572.90 3.0
574.38 7.9
575.58 9.8
577.39 3.5
578.95 11.8
580.38 18.4
581.54 48.3
582.49 9.6
584.64 5.4
585.60 8.9
586.62 15.1
587.43 14.9
588.60 7.8
592.70 8.9
593.52 5.8
594.59 11.2
595.73 6.1
596.43 8.0
597.53 1.8
599.45 29.3
600.43 12.2
601.09 3.6
603.50 11.3
605.33 7.1
607.10 12.2
608.13 3.1
609.43 5.3
610.41 1.8
611.31 4.3
612.41 5.3
617.42 2.2
618.40 2.9
619.31 16.3
620.49 20.8
621.49 4.6
624.45 7.8
625.46 2.7
627.26 8.9
628.32 2.0
629.31 13.8
630.31 26.6
631.26 8.1
632.39 1.2
634.48 1.3
635.62 5.9
636.42 1.5
637.31 10.6
637.94 9.2
639.13 52.6
640.09 37.7
640.97 5.8
641.70 3.7
643.49 3.9
645.73 10.8
646.55 4.1
647.44 1.5
648.34 4.0
651.41 10.2
654.34 5.1
655.55 12.9
656.38 44.8
657.51 12.3
659.51 1.3
660.52 4.7
663.47 10.2
664.55 48.9
665.40 53.3
666.44 58.8
667.42 10.1
668.49 1.9
669.27 1.6
672.24 654.3
673.35 171.5
674.40 8.6
675.44 8.3
676.44 1.9
677.35 2.6
678.53 9.9
679.70 4.1
680.47 5.2
681.39 7.3
682.35 2.6
684.31 254.2
685.35 103.8
687.30 12.7
689.34 141.0
690.36 97.4
691.41 8.6
694.71 3.5
695.47 1.8
696.46 8.2
697.45 1.5
699.26 11.8
701.34 2.3
702.43 1.4
703.62 6.0
704.79 11.6
705.51 99.1
706.41 215.6
707.37 552.3
708.52 108.8
709.51 3.2
711.42 1.4
713.62 1.5
714.35 1.6
716.32 20.4
717.28 20.9
722.54 11.2
723.62 1.7
725.45 6.6
728.48 1.4
729.38 5.0
731.49 1.9
732.52 8.9
733.40 28.3
734.28 17.6
735.55 5.8
743.31 49.7
744.34 17.5
746.31 136.3
747.32 35.9
751.53 11.3
752.41 7.4
753.21 6.0
758.53 8.5
761.30 108.9
762.46 18.6
763.39 15.5
765.16 3.7
771.59 3.9
775.27 46.0
776.45 36.8
777.66 6.0
779.74 1.9
786.27 1.4
790.64 2.0
791.56 2.3
792.51 10.7
793.62 9.8
800.63 1.2
803.39 225.0
804.47 81.6
805.56 5.5
808.54 18.2
809.63 6.4
818.54 2.0
819.67 9.2
820.99 10.7
821.72 1.4
822.85 4.9
836.25 6.5
837.18 7.1
838.35 4.9
844.16 7.7
856.73 1.3
862.56 23.9
863.50 6.3
864.55 2.0
