1671.75969 2
244.36 14.4
250.34 3.2
262.19 16.5
264.32 1.7
268.34 1.7
270.46 1.5
278.26 1.1
279.10 1.4
284.27 1.4
298.30 9.4
304.24 2.0
305.17 5.1
309.28 2.1
310.44 2.1
313.39 2.2
314.90 2.4
319.01 1.7
320.40 1.6
321.27 1.1
334.53 2.9
342.24 3.8
344.89 1.4
348.53 4.8
353.13 3.3
356.20 6.0
358.34 6.9
359.42 1.1
361.30 3.3
362.17 2.0
367.23 2.2
371.25 6.5
372.37 6.5
380.23 1.4
381.51 2.9
383.22 1.7
387.33 3.6
389.29 8.1
390.36 1.7
391.42 1.9
400.37 2.8
406.17 4.9
407.25 1.2
413.38 2.6
418.38 16.9
419.58 2.3
423.61 6.7
435.56 2.0
439.20 4.2
440.27 1.9
445.42 1.5
447.04 1.2
452.23 2.6
455.34 3.2
456.35 3.6
462.92 2.2
465.20 1.8
467.21 1.9
469.27 5.1
472.20 1.3
473.43 2.7
474.95 4.9
476.32 3.3
482.38 6.2
484.38 6.9
486.57 3.9
487.24 1.2
491.12 8.3
494.06 6.7
494.90 12.9
505.77 3.9
508.45 2.8
509.36 6.3
510.58 5.0
511.53 1.0
512.31 2.2
513.19 1.4
518.45 2.7
520.66 3.8
522.11 4.1
523.83 6.4
528.42 8.1
530.21 8.9
530.89 1.2
531.56 6.1
533.17 1.9
536.50 3.7
537.73 1.3
542.31 4.5
544.41 1.0
545.46 6.4
546.70 2.9
547.43 3.8
558.40 1.8
559.19 2.8
560.10 7.4
561.42 4.5
563.38 8.1
564.97 5.6
569.98 1.3
571.20 1.5
573.39 6.0
578.45 2.2
579.33 6.7
581.55 19.5
583.30 1.3
585.40 3.8
587.69 5.3
588.48 1.2
590.41 24.3
591.38 11.8
592.55 1.9
595.26 3.7
598.36 13.6
605.41 3.3
610.30 12.3
612.67 7.5
613.51 21.5
614.40 6.2
615.45 15.3
616.48 11.6
617.30 10.2
620.43 4.0
621.43 1.7
622.59 7.5
623.64 1.3
624.61 1.7
625.56 1.4
626.23 9.1
630.68 2.9
631.45 4.8
632.49 27.6
633.58 19.2
634.29 5.2
634.96 4.6
635.68 3.8
638.20 9.7
638.88 5.4
640.31 3.4
642.42 2.0
643.28 5.9
644.04 1.5
644.74 3.7
646.45 6.9
648.15 18.0
649.07 3.3
650.48 322.0
651.51 82.4
652.80 4.1
654.50 5.1
655.30 7.4
656.44 36.7
657.59 16.1
658.49 2.0
661.14 5.7
662.30 3.3
663.67 12.5
664.52 28.6
665.44 23.8
666.59 18.9
667.39 12.1
668.07 1.9
670.29 14.2
671.44 9.6
673.60 15.0
676.50 4.7
678.40 7.5
679.50 3.3
680.41 5.6
682.35 447.9
683.40 114.1
684.45 328.5
685.58 43.2
687.35 3.6
688.85 13.2
690.78 18.2
692.02 70.6
693.03 42.0
693.94 2.1
695.80 25.0
697.32 31.8
698.41 71.6
699.64 36.6
700.76 42.8
701.67 25.8
702.56 13.7
703.56 10.6
704.72 37.0
705.68 62.4
706.41 67.8
707.09 32.6
709.48 4.5
710.27 6.2
710.89 3.8
713.31 31.6
714.14 44.0
715.12 70.3
716.37 669.9
717.49 155.0
718.62 15.0
719.48 18.6
721.18 41.3
722.27 52.1
723.07 2.1
725.48 9.6
726.49 52.2
727.47 17.2
728.21 5.2
730.42 55.9
731.50 17.7
732.55 42.3
733.45 18.6
734.84 59.5
735.57 12.3
736.24 1.9
738.45 8.2
739.83 46.5
740.98 128.1
742.08 31.7
743.76 10.3
744.50 23.6
745.66 7.3
747.58 18.8
749.23 261.6
750.07 769.4
751.03 3.6
752.42 30.8
753.20 11.5
754.41 9.2
756.51 87.4
757.68 26.2
758.43 310.8
759.33 15.2
761.56 149.5
762.64 47.4
763.42 1.2
764.51 6.7
766.27 6.0
767.49 9.6
769.08 4.7
770.60 1021.8
771.72 40.9
772.74 2.8
773.76 19.6
774.78 11.0
775.70 67.9
776.55 9.8
777.20 8.7
777.86 2.9
779.32 650.0
780.05 138.7
783.20 46.3
784.27 150.7
785.22 28.3
786.31 14.0
787.21 16.5
788.61 78.6
789.44 87.1
791.15 22.9
792.14 203.9
793.10 6.3
793.86 1.2
795.11 6.4
795.88 3.7
796.77 62.4
797.78 698.8
798.45 397.3
799.74 29.5
800.56 7.1
801.84 25.1
802.79 7.3
803.90 39.0
804.58 18.3
805.79 338.9
806.81 670.7
807.47 183.2
808.84 6.9
809.95 236.7
810.64 209.1
811.60 55.0
812.43 17.5
813.10 133.0
814.30 278.4
815.03 195.1
819.12 3756.1
819.98 157.8
821.35 69.0
821.99 26.4
825.08 9.5
826.57 1.4
827.84 271.2
828.53 8.5
841.39 4.3
842.50 7.1
843.35 2.3
850.65 3.9
854.66 5.0
862.57 1.2
863.50 1.6
864.26 1.7
867.69 3.3
868.62 2.7
869.39 1.4
873.44 7.2
874.38 12.4
875.39 6.4
876.62 15.9
878.67 2.3
887.44 1.4
889.74 1.7
890.67 3.7
892.62 4.2
894.50 14.1
895.56 6.4
896.77 3.0
899.79 5.8
900.66 4.2
901.51 5.5
902.59 2.2
903.48 5.1
907.30 1.9
908.56 9.3
909.66 2.8
912.55 34.2
913.48 27.9
918.08 5.7
920.47 3.3
921.39 5.6
922.50 9.5
925.44 2.5
927.15 4.9
928.66 6.3
929.41 3.2
933.59 14.2
934.25 1.7
937.32 5.5
938.88 83.2
939.52 335.2
940.55 129.2
944.52 7.4
945.43 2.5
946.75 6.3
947.37 1.1
952.65 4.0
954.68 4.1
956.48 242.4
957.57 137.2
958.62 4.9
962.82 3.7
964.04 5.0
970.30 6.0
971.46 196.5
972.42 93.7
973.48 191.5
974.54 81.9
978.25 10.4
979.59 14.3
980.47 3.1
986.73 4.9
988.44 88.1
989.44 60.8
990.58 144.7
991.66 46.5
994.79 2.2
995.57 1.5
999.77 5.3
1004.41 34.0
1005.45 218.1
1006.48 104.3
1007.70 1.2
1009.36 4.6
1012.17 4.8
1014.02 1.7
1016.62 2.8
1017.79 6.7
1021.20 9.1
1022.45 146.4
1023.53 66.8
1024.40 4.6
1025.86 6.3
1026.57 2.1
1028.93 1.8
1030.91 4.2
1037.38 8.3
1042.85 11.4
1046.77 7.8
1055.83 1.7
1064.37 1.8
1067.33 4.0
1074.46 4.9
1075.11 1.8
1077.49 1.0
1082.69 3.9
1084.32 1.5
1086.77 3.8
1090.49 10.4
1092.63 3.2
1102.15 6.1
1103.73 8.0
1105.60 3.5
1109.62 3.1
1113.55 2.3
1124.51 6.9
1125.71 7.9
1126.65 3.3
1137.97 2.8
1140.63 1.1
1142.61 2.7
1144.57 1.7
1146.88 2.5
1160.86 1.0
1166.55 3.3
1171.60 2.7
1172.95 1.0
1181.49 2.3
1182.41 4.4
1193.57 1.7
1195.85 3.9
1198.65 2.2
1199.74 3.0
1203.74 1.3
1209.67 3.7
1210.75 2.3
1215.39 3.3
1216.79 1.6
1219.32 2.4
1221.63 4.5
1222.76 1.5
1226.67 3.6
1237.62 15.8
1238.49 5.0
1239.52 2.8
1240.76 2.8
1248.16 1.3
1249.54 4.6
1253.68 2.5
1254.75 12.5
1255.75 14.8
1256.81 4.9
1264.75 4.3
1268.82 8.8
1270.99 2.1
1271.80 4.9
1272.69 1.9
1286.52 1.6
1294.70 1.7
1295.59 2.1
1296.82 7.0
1297.65 2.5
1300.07 2.3
1303.64 6.9
1304.73 1.6
1305.85 1.7
1307.71 2.4
1313.61 8.6
1314.97 12.2
1315.93 9.0
1322.18 7.1
1324.87 2.7
1325.55 1.1
1328.81 1.6
1339.02 4.9
1340.60 3.2
1343.65 1.4
1346.92 2.6
1347.83 3.4
1348.58 2.5
1355.46 2.5
1365.70 5.5
1366.70 13.1
1367.65 2.4
1373.12 1.8
1375.79 6.9
1382.72 4.0
1383.99 20.8
1384.90 6.1
1389.44 2.6
1391.59 1.8
1393.17 16.4
1393.80 13.9
1394.86 7.2
1396.40 2.5
1399.08 1.2
1400.70 13.8
1401.68 13.3
1402.76 3.1
1408.62 1.7
1409.56 1.2
1410.73 38.8
1411.62 75.4
1412.57 18.0
1413.21 3.6
1419.21 14.5
1420.05 1.2
1424.91 1.3
1425.72 7.9
1427.93 5.7
1428.72 11.8
1429.75 46.2
1430.80 18.0
1432.88 1.3
1433.98 2.7
1435.47 1.4
1436.80 20.6
1437.61 20.3
1442.58 9.2
1443.63 4.4
1444.61 11.7
1445.70 5.1
1446.75 2.6
1450.56 16.9
1453.05 18.2
1453.75 27.3
1454.75 4.0
1458.48 2.6
1459.52 7.0
1462.67 77.1
1463.66 44.1
1464.72 27.9
1465.67 8.2
1467.40 1.8
1468.46 7.7
1469.55 12.7
1471.07 1.1
1471.70 6.5
1473.08 2.6
1479.71 25.6
1480.89 50.0
1481.68 47.1
1495.84 1.3
1497.91 74.0
1498.70 128.7
1499.68 89.0
1514.83 11.4
1515.84 35.8
1516.80 43.7
1525.72 1.6
1550.85 3.3
1580.82 3.3
1589.28 3.1
1596.00 4.1
1617.06 2.6
