1062.53349 2
152.41 1.2
155.23 6.1
157.10 1.4
165.21 8.1
166.23 5.7
167.27 2.2
171.37 1.5
173.00 1.7
175.34 7.6
177.20 3.2
178.27 3.3
179.32 6.4
180.12 2.4
181.15 3.2
182.09 21.8
183.14 8.7
184.24 1.7
185.25 7.9
186.30 1.6
193.22 6.4
194.38 6.2
195.27 1.4
197.09 2.1
198.22 1.4
199.16 1.2
201.32 3.7
202.07 3.0
203.53 1.4
207.15 7.2
208.30 2.2
209.16 3.3
210.26 2.8
212.19 4.5
213.16 55.1
214.11 15.4
215.48 1.7
217.18 3.7
221.04 1.8
223.25 3.2
224.18 2.8
225.44 21.3
226.37 15.4
227.14 3.6
228.42 3.3
230.19 390.3
231.31 22.1
232.17 4.2
233.07 3.7
234.28 2.5
235.09 25.2
236.20 2.5
237.07 4.9
239.25 12.8
240.14 4.3
241.32 2.2
242.22 2.1
242.88 1.7
245.16 1.0
250.11 4.1
251.26 24.7
252.35 4.8
253.23 1.5
254.07 50.9
255.15 17.8
257.04 1.3
258.15 3.4
262.50 2.2
265.11 2.2
267.33 4.7
268.20 5.2
269.49 1.3
272.26 13.2
273.84 1.8
276.27 9.6
277.12 4.8
281.30 21.7
282.31 10.4
285.18 1.0
286.20 2.1
288.02 3.6
289.52 18.0
290.38 1.2
291.55 21.6
292.34 6.2
293.50 15.0
295.46 1.1
297.56 5.8
300.36 23.9
301.37 14.1
302.05 1.1
303.24 2.3
304.59 2.8
305.97 14.1
307.28 9.4
310.58 5.9
311.44 7.5
314.12 23.1
315.12 9.5
316.10 1.3
317.75 8.2
319.20 6.2
320.34 5.5
321.33 2.7
323.11 35.6
324.07 6.6
326.00 14.4
326.75 13.1
327.37 16.4
328.32 1.2
329.23 3.1
331.03 25.2
332.26 12.0
334.37 6.0
335.40 13.3
336.32 2.3
337.12 5.0
338.29 16.1
339.16 10.4
340.52 19.0
341.32 31.6
342.23 3.9
343.23 3.4
344.04 7.6
349.05 24.5
349.73 7.2
350.33 31.6
351.30 41.0
352.24 39.6
353.35 2.4
354.47 7.7
355.38 6.3
356.35 23.8
357.36 3.5
358.80 34.1
359.59 16.4
360.81 1.4
363.33 6.8
364.36 2.0
365.26 11.5
366.26 2.9
367.30 39.8
369.01 75.8
370.19 17.8
372.26 2.6
374.29 38.7
375.38 22.0
376.51 12.5
377.50 33.0
378.80 2.2
380.05 3.9
381.56 3.2
382.54 32.9
383.37 8.3
384.34 10.7
385.23 4.2
385.96 5.7
386.92 4.7
387.78 4.5
389.37 15.3
390.46 14.7
391.51 140.2
392.32 21.5
393.36 3.0
394.69 9.3
395.32 7.8
396.14 15.4
397.04 16.6
399.37 24.2
400.54 76.4
401.30 36.0
402.11 16.5
403.23 11.1
403.90 5.5
405.50 14.7
406.61 5.1
407.92 34.4
408.94 72.1
409.64 19.5
410.51 31.6
411.58 18.0
413.51 2.0
414.17 1.2
416.34 306.0
417.38 95.6
418.27 23.6
419.33 75.6
420.02 20.5
421.37 9.5
422.27 5.3
423.23 13.9
423.93 21.5
425.02 6.3
426.82 515.9
427.55 310.9
429.32 9.1
429.92 2.2
431.57 296.4
432.30 66.6
432.97 39.1
433.77 9.1
435.22 138.4
436.33 55.3
437.21 18.8
438.27 2.6
439.33 5.8
440.95 216.8
442.05 31.7
443.04 4.5
444.27 14.1
444.89 17.9
446.06 9.4
447.61 9.4
448.41 6.0
450.00 478.1
450.93 137.5
451.75 23.1
452.66 13.4
453.47 8.3
454.37 114.5
455.17 13.6
456.83 16.2
457.50 11.4
459.05 15.0
459.84 83.7
460.59 31.4
461.34 8.0
462.15 7.0
462.88 8.8
464.30 26.4
465.84 56.1
466.75 8.2
468.28 96.1
469.69 12.6
470.46 35.4
471.35 174.0
472.38 40.4
474.04 72.0
474.85 104.5
475.46 41.9
477.68 1.0
479.29 43.8
480.02 4.6
482.30 241.6
483.36 45.0
484.19 6.2
484.99 5.7
486.64 33.8
487.53 40.3
488.62 39.2
489.49 15.9
490.20 9.6
491.52 18.2
492.80 30.0
493.76 67.9
495.63 33.9
496.49 24.5
497.41 3.4
498.81 18.6
500.06 12.7
500.93 47.0
501.86 54.2
502.49 23.9
503.52 2.8
504.82 41.5
505.61 56.3
507.74 39.9
508.83 64.6
509.45 66.9
510.29 25.2
511.58 49.6
513.73 176.2
514.46 295.9
516.11 31.6
517.08 14.0
519.43 13.2
520.30 46.5
522.71 495.4
523.36 446.1
523.97 119.1
524.86 7.7
529.33 1.9
538.50 2.0
541.48 6.6
542.53 8.1
543.64 1.8
546.31 19.6
547.34 13.0
548.41 5.1
549.21 2.4
550.37 3.6
551.23 2.8
552.44 6.0
554.25 1.5
557.07 16.4
559.25 12.9
560.27 2.4
562.81 8.3
563.49 7.4
564.48 33.1
565.23 2.8
566.27 22.6
567.23 17.4
568.18 1.7
569.63 1.1
571.47 6.5
573.52 37.4
574.39 10.5
575.38 2.2
576.51 2.0
577.50 8.3
578.69 7.2
579.50 1.1
581.39 311.5
582.45 36.5
583.35 3.6
584.47 6.2
585.25 1.3
586.93 21.2
588.69 7.5
589.56 1.4
590.25 4.0
591.50 118.2
592.55 68.8
593.62 10.8
595.41 127.4
596.36 14.3
597.48 3.8
598.78 6.4
599.55 15.7
601.55 1.2
602.46 8.7
603.35 7.4
604.40 13.2
607.08 7.2
609.19 3.8
611.61 6.3
614.50 2.0
617.44 4.9
619.64 19.7
620.93 10.9
621.64 8.4
624.24 8.4
627.36 226.0
628.47 101.9
629.50 19.4
630.44 6.2
631.47 2.1
634.34 2.8
635.35 3.8
637.37 18.8
638.27 5.3
639.33 1.7
641.34 9.0
642.74 1.4
643.40 4.4
649.85 5.0
650.53 8.9
652.46 11.4
653.78 12.0
655.04 3.1
657.29 3.7
657.91 9.7
660.44 16.3
661.82 8.3
662.53 3.9
664.29 3.3
665.52 2.3
666.26 10.3
666.95 8.5
668.26 8.2
669.26 5.0
670.94 2.4
671.95 1.5
672.59 1.2
673.46 4.5
674.46 3.4
676.15 9.7
677.30 10.3
678.53 17.6
679.54 7.4
681.33 3.6
682.32 9.6
684.12 15.4
687.42 13.2
688.56 23.0
689.35 13.4
690.55 27.6
691.45 25.9
692.39 15.1
693.17 10.1
694.40 131.6
695.60 51.4
696.41 72.7
697.33 7.4
698.97 53.6
700.13 2.1
702.40 15.7
703.16 4.0
705.55 41.1
706.39 32.4
707.74 7.0
709.80 5.3
710.66 37.4
711.65 9.6
715.31 3.6
716.57 1.9
717.43 2.6
719.08 32.7
720.18 19.7
721.57 7.3
723.47 9.2
724.59 9.4
731.60 5.3
739.80 6.9
740.46 7.5
741.55 5.9
748.06 128.0
748.76 1.5
751.01 7.1
752.15 1.8
753.01 1.6
755.53 3.6
758.20 1.9
759.58 1.1
762.49 7.0
763.42 3.0
766.40 1.3
767.44 4.7
769.52 1.7
770.51 4.6
771.44 5.6
772.36 3.4
777.59 1.4
781.44 7.3
782.31 5.8
784.53 12.9
785.44 8.3
786.38 8.7
787.47 10.1
788.57 10.1
789.51 13.4
790.50 11.8
792.34 5.5
793.39 3.7
797.56 18.3
798.43 11.7
801.53 5.4
802.56 6.8
803.66 3.7
804.42 2.2
805.43 74.1
806.52 16.3
809.50 2.0
812.59 5.0
814.40 4.0
815.41 321.9
816.45 107.8
820.72 2.3
821.36 2.1
822.49 2.1
823.60 2.8
824.46 2.2
825.53 2.7
831.56 13.0
833.42 474.6
834.55 108.5
837.47 1.7
838.55 1.7
839.68 5.8
840.43 4.3
841.58 10.8
842.59 10.0
844.44 6.6
846.94 6.5
848.43 4.9
849.65 5.6
851.46 2.2
852.39 11.7
855.49 1.2
859.54 3.0
860.62 1.7
861.58 13.3
862.41 36.2
863.72 4.9
864.56 2.9
866.38 6.6
873.53 1.4
878.23 1.4
880.83 13.1
881.81 2.2
882.67 2.1
887.80 1.6
897.71 5.1
898.53 1.4
899.47 2.3
900.76 1.9
901.66 2.9
902.39 1.1
910.85 1.6
913.29 11.0
914.70 2.8
918.81 6.9
929.03 2.3
930.61 11.1
943.80 3.9
950.17 2.9
960.45 1.7
962.30 2.2
963.80 3.0
969.60 4.2
975.61 5.3
980.39 2.6
984.43 2.0
1026.56 2.3
