1117.51433 2
160.22 1.3
171.30 1.9
173.37 12.7
174.14 1.1
175.18 32.9
176.15 3.7
178.33 1.8
182.15 3.8
184.27 9.7
185.27 7.1
187.83 5.7
192.19 2.0
193.21 12.1
198.20 1.8
201.05 4.6
202.22 9.7
208.11 8.7
209.49 11.1
210.31 1.7
211.10 1.4
212.13 1.5
216.32 8.2
217.03 1.2
218.07 3.3
219.29 21.7
220.44 9.1
223.29 4.2
224.25 1.8
225.12 2.0
226.95 18.2
228.23 1.9
229.16 2.4
232.29 1.9
234.13 16.2
235.98 2.2
238.86 3.3
240.24 3.7
241.15 9.9
242.26 4.7
244.24 9.0
245.17 15.6
246.00 1.2
252.58 4.1
253.27 19.2
254.11 8.0
255.34 5.1
256.04 5.1
257.01 4.5
258.30 12.0
259.46 5.6
260.20 7.5
261.03 3.4
262.16 132.6
263.25 8.7
264.15 2.3
265.30 3.8
267.26 7.4
268.32 1.9
269.18 2.6
271.07 5.0
272.13 7.0
273.78 14.0
275.24 6.4
276.14 3.9
277.28 2.1
278.26 1.3
281.08 2.6
282.27 1.0
283.28 8.5
284.30 6.2
285.28 4.0
286.37 1.0
287.09 3.1
289.31 2.7
291.55 72.0
293.07 4.4
294.75 7.1
296.37 10.4
297.30 2.4
298.22 4.3
299.27 3.8
300.32 3.9
303.07 19.2
304.47 7.3
305.26 4.5
308.43 43.5
309.35 1.2
310.93 6.6
312.18 4.8
313.20 3.1
314.14 3.1
315.28 12.4
316.15 6.6
317.26 66.6
318.34 31.3
319.23 24.4
320.03 2.7
321.05 21.2
324.26 2.8
325.88 452.4
326.95 3.8
327.88 11.6
329.36 5.9
331.53 1.8
332.59 3.9
333.28 21.9
334.47 31.0
336.07 8.2
337.06 50.6
337.91 39.0
338.78 67.1
340.37 13.1
341.57 50.6
342.77 112.1
343.45 17.9
344.10 7.2
348.31 15.9
349.29 5.0
350.16 13.5
351.04 4.6
353.21 9.0
354.66 6.3
355.30 5.9
356.47 4.8
357.34 6.5
358.80 710.0
360.03 50.2
360.97 11.7
361.90 8.6
363.85 9.1
367.20 5.3
368.04 3.4
369.27 2.1
370.70 146.1
371.37 65.0
372.39 2.3
373.33 3.6
374.35 28.2
375.52 9.7
376.43 3.5
377.27 7.7
380.10 6.7
381.88 2.4
383.03 12.1
384.27 11.6
385.30 7.1
386.53 2.3
387.25 2.7
388.20 6.0
389.35 12.2
390.58 7.5
393.17 8.5
394.02 7.6
398.32 4.3
399.15 2.4
400.27 10.9
401.26 6.6
403.15 13.8
404.52 12.9
405.43 7.8
406.09 10.7
406.89 2.7
410.83 7.8
412.54 9.9
413.26 1.3
414.02 2.9
416.31 15.3
418.34 123.4
419.56 14.6
421.06 37.0
421.88 167.0
422.93 16.1
423.94 4.1
425.03 10.3
425.65 4.9
426.49 8.4
427.28 4.4
428.38 6.7
429.59 14.5
430.24 2.6
431.20 9.5
432.35 25.4
433.38 5.9
434.43 8.3
436.36 10.4
437.30 14.4
438.10 2.7
441.24 38.1
441.93 23.7
443.75 7.0
445.33 18.5
446.05 5.0
447.11 4.6
447.82 2.1
448.65 10.8
449.62 21.5
450.42 169.9
451.35 17.7
452.35 8.2
453.20 2.6
453.97 22.4
454.78 8.1
455.39 1.7
456.39 8.0
457.32 6.6
458.30 1.8
459.34 171.1
460.44 9.9
462.53 20.4
463.43 39.1
464.59 16.9
465.25 1.7
466.27 1.7
467.30 21.3
468.26 40.6
469.44 29.0
470.90 156.4
471.75 32.1
472.84 19.1
473.54 2.2
475.38 7.3
476.37 42.5
477.24 17.6
478.79 53.4
479.46 34.5
480.06 148.3
481.74 22.4
482.42 25.7
483.30 8.7
484.93 522.8
485.79 28.2
486.90 14.1
488.15 12.6
490.82 28.5
491.61 14.2
492.46 14.9
493.95 705.6
495.19 17.1
496.15 8.3
497.06 5.6
498.27 25.0
499.26 9.2
500.42 16.3
501.47 12.3
502.92 1901.3
503.79 23.4
504.77 2.2
505.71 17.8
506.86 20.9
508.77 16.7
509.75 18.8
511.07 17.4
511.96 8.3
513.49 1.3
514.36 17.4
515.37 33.1
516.27 6.2
517.35 6.7
518.28 14.6
519.17 19.0
520.16 23.4
521.32 48.9
522.13 7.7
523.30 11.2
524.56 4.4
525.91 10.3
526.66 16.0
527.52 57.1
528.60 35.8
529.38 50.7
531.67 38.6
532.46 21.5
533.31 8.2
534.36 3.5
535.54 49.4
536.54 181.5
537.49 38.9
538.12 8.0
539.22 7.6
540.07 6.2
541.26 227.0
541.97 184.0
542.84 2.9
544.36 76.4
545.34 8.1
547.38 73.6
548.42 27.6
550.51 1308.0
551.42 21.6
553.13 2.0
557.02 3.7
559.58 2.6
564.25 9.5
569.30 5.5
573.09 12.7
576.59 1.1
578.50 1.8
579.60 1.9
581.26 56.1
582.38 21.2
585.40 4.8
587.29 6.0
590.50 2.8
591.46 12.1
593.40 6.5
594.12 1.5
597.16 3.1
598.57 2.0
599.25 2.6
601.36 1.6
606.39 1.5
607.53 1.4
608.51 5.2
611.42 1.8
614.74 17.7
615.55 53.4
616.43 30.0
617.25 1.1
619.31 4.9
620.13 3.0
622.49 6.9
624.48 11.5
629.50 11.2
632.37 18.3
633.50 9.7
634.43 10.2
635.15 1.6
636.19 5.3
638.18 5.9
639.28 2.9
641.04 7.0
645.86 10.0
647.08 10.3
648.44 1.8
650.41 239.7
651.50 61.1
652.51 5.0
654.30 19.2
655.20 3.8
656.51 19.7
657.40 6.3
659.55 8.1
660.19 2.3
661.38 2.1
663.44 2.6
664.33 4.6
665.70 7.8
666.50 7.9
667.42 14.0
668.37 10.3
669.07 3.8
670.40 3.1
671.16 5.9
672.18 3.9
674.57 3.1
679.48 6.8
680.26 9.6
681.42 5.5
682.45 41.8
684.04 27.2
684.91 31.8
685.70 4.2
686.43 8.5
687.65 2.9
688.27 4.1
691.45 7.2
692.74 3.4
695.39 1.8
696.14 1.9
698.30 10.2
699.12 13.7
701.09 11.2
702.62 3.4
706.25 4.0
707.35 9.6
708.39 1.5
709.24 2.0
710.13 2.7
711.24 1.6
712.02 1.5
712.88 4.3
714.63 11.4
715.34 4.3
716.42 167.2
717.29 34.2
718.47 9.4
719.64 3.1
720.28 1.6
721.18 2.5
722.48 1.2
723.40 1.8
724.11 3.1
725.49 16.4
726.28 4.9
727.51 4.8
735.38 4.4
736.40 11.8
738.62 9.5
739.56 4.1
740.56 34.0
741.34 3.0
743.57 14.2
745.50 2.9
746.28 1.7
750.04 4.2
752.01 6.4
754.25 12.8
755.21 3.6
757.31 4.7
758.55 15.2
759.78 6.1
767.45 11.3
768.24 1.5
769.25 3.4
772.60 3.9
775.68 1.6
776.35 3.1
777.77 8.0
779.79 2.9
780.46 1.4
782.38 9.6
783.38 10.6
785.21 15.2
786.42 20.8
788.44 2.5
790.44 3.1
794.48 7.5
795.78 3.1
796.40 2.3
800.94 4.6
802.53 3.9
803.22 1.9
804.55 1.0
809.65 2.7
811.46 6.6
812.40 12.9
813.27 5.7
815.75 4.3
816.35 2.8
817.32 4.1
820.84 5.2
821.79 1.8
823.34 2.4
824.81 2.4
825.50 7.7
827.54 4.9
828.41 4.5
829.39 5.8
830.21 10.2
836.20 1.8
838.53 39.6
839.66 9.8
840.48 12.7
842.40 40.0
843.26 6.5
843.94 3.9
848.21 7.2
849.27 6.3
854.39 1.7
856.30 66.6
857.54 10.7
858.54 2.3
859.43 1.8
866.57 2.8
871.50 4.1
873.48 4.5
874.39 12.2
875.33 9.4
881.43 7.3
882.38 2.7
883.38 3.6
892.48 1.4
893.37 1.3
894.15 7.8
895.54 3.7
896.59 2.4
897.59 11.6
898.50 10.0
899.55 54.0
900.37 17.4
906.55 8.5
907.54 3.9
908.26 6.0
909.33 1.9
913.80 1.7
914.58 5.7
915.44 8.7
918.67 2.0
920.51 3.1
922.60 1.1
923.27 2.3
925.26 22.5
926.37 23.4
933.55 1.5
934.28 4.5
935.48 4.9
939.35 2.9
942.43 10.7
943.47 51.4
944.60 18.7
947.77 3.0
951.41 13.6
956.71 5.9
959.35 1.6
960.48 20.2
961.46 54.4
962.46 13.4
968.45 31.6
969.36 19.4
970.68 11.5
972.64 3.0
986.62 4.7
1004.67 30.3
1005.53 16.0
1006.53 3.4
1011.45 5.1
1023.54 1.3
1047.48 2.1
1095.13 1.5
