899.4652599999999 2
129.25 3.6
130.31 5.1
133.10 7.3
136.16 15.2
137.13 3.3
138.26 1.2
139.43 2.5
141.20 3.6
142.98 2.2
146.75 8.9
155.10 3.4
157.11 9.2
158.18 2.2
159.20 1.8
165.07 10.2
167.31 2.5
168.15 4.3
169.06 3.2
174.21 135.9
175.10 15.0
181.32 6.0
182.08 15.5
187.57 2.2
192.27 6.1
193.35 1.4
195.13 4.4
198.25 4.4
200.38 4.2
203.19 4.7
209.26 3.8
211.40 3.2
212.37 1.9
213.33 3.7
219.30 1.7
223.30 4.3
224.30 3.3
226.31 9.5
228.00 1.9
231.18 3.0
235.33 5.8
237.13 4.3
238.20 3.5
239.28 2.8
240.35 3.5
241.22 2.7
242.32 6.0
244.15 5.3
246.26 2.2
251.27 1.6
254.07 14.2
255.37 5.5
257.19 10.7
260.04 1.6
260.88 12.1
262.17 3.4
263.27 1.9
266.23 4.2
268.19 2.1
269.06 1.4
270.00 2.6
271.25 52.2
272.31 4.1
274.75 1.9
276.34 4.5
277.13 1.4
278.31 1.3
279.18 1.9
280.10 1.6
280.84 14.9
282.48 4.2
283.11 3.1
290.24 9.6
290.84 2.4
291.59 5.0
293.23 2.9
296.37 7.9
297.36 1.3
297.97 3.4
299.30 3.9
301.00 4.8
302.43 2.6
303.35 6.5
304.23 1.3
306.70 2.7
307.38 6.7
309.17 5.8
310.27 3.6
310.94 9.0
311.81 3.9
313.80 11.4
315.23 27.8
316.45 3.1
317.35 1.3
320.01 29.4
321.28 6.2
322.27 11.3
323.29 8.5
323.89 1.8
325.03 10.7
325.90 5.5
327.98 5.4
330.83 6.9
333.29 10.3
334.28 18.8
335.29 11.2
337.12 5.0
338.11 7.1
339.38 13.7
341.13 13.4
341.94 5.7
342.62 6.2
343.28 3.0
344.63 15.5
346.01 49.5
346.73 25.2
349.96 15.7
350.70 2.1
351.40 2.9
353.66 9.9
355.08 212.5
355.76 74.2
356.74 1.2
357.50 4.2
358.53 17.1
359.32 5.1
360.22 9.6
362.28 90.8
363.18 135.7
363.96 228.2
365.35 2.5
366.20 9.4
367.25 7.2
368.93 52.5
370.19 4.9
371.16 18.5
372.30 41.5
372.91 4.5
374.10 23.9
375.14 10.3
375.87 16.5
376.90 19.1
377.72 2.0
378.92 17.2
379.76 1.2
381.49 9.9
382.21 2.1
383.34 25.5
384.29 8.8
385.05 8.7
385.70 3.2
387.44 15.7
388.12 5.1
389.24 4.5
391.43 18.1
392.21 16.2
393.34 63.5
395.94 21.0
397.18 9.9
397.91 5.8
399.01 15.8
399.77 8.2
400.72 26.5
401.41 5.6
402.09 5.4
403.07 19.4
404.19 23.9
405.17 37.5
406.32 15.3
407.17 17.3
408.36 3.4
409.06 16.3
410.58 25.3
412.01 39.6
412.92 13.8
413.70 3.4
414.70 29.1
415.66 6.2
416.61 3.2
417.49 5.7
418.59 27.0
419.31 43.6
419.93 55.2
420.81 83.4
421.44 7.5
422.65 4.1
423.37 5.7
424.31 48.8
425.41 4.7
426.54 24.3
427.92 618.3
428.99 33.2
430.07 40.4
430.71 25.4
432.14 52.8
433.09 131.6
434.00 75.6
435.09 67.9
436.03 12.1
436.87 12.8
437.95 72.6
438.66 55.0
439.62 19.7
441.03 499.5
441.75 928.6
442.44 345.8
443.29 12.3
458.55 1.5
461.48 2.0
462.90 1.1
463.52 5.4
464.87 1.2
466.25 9.7
467.00 1.2
468.74 4.8
469.41 1.1
472.07 1.0
473.24 27.2
474.07 6.9
474.74 1.7
477.11 1.5
479.19 1.1
483.35 4.0
486.31 7.1
487.27 7.2
488.57 15.4
489.45 10.2
490.63 3.2
491.71 17.0
493.63 2.8
494.26 1.9
495.41 16.9
499.49 2.0
500.32 10.7
501.82 2.3
503.28 13.5
505.28 6.3
506.42 3.7
509.01 2.5
510.17 1.3
511.15 7.2
512.49 10.7
513.69 7.5
514.93 7.4
516.68 11.5
517.37 6.7
518.28 7.8
520.50 15.4
521.34 1.3
522.52 1.6
523.69 41.2
524.42 28.0
525.44 34.9
526.37 8.2
528.24 3.7
529.64 14.9
530.66 11.8
531.90 18.7
533.46 41.2
534.60 10.2
535.47 4.0
536.12 1.9
536.78 6.4
538.00 16.1
539.37 64.1
540.76 15.4
542.08 11.7
543.91 36.5
545.21 16.0
547.54 12.1
550.10 7.1
550.77 13.7
552.28 18.9
554.51 5.4
555.45 20.4
556.19 41.5
556.83 15.8
557.47 5.4
558.50 17.5
559.50 47.4
560.42 48.1
561.32 87.1
562.52 8.8
563.52 21.3
564.70 39.7
566.36 23.4
567.41 4.4
568.92 5.0
569.60 1.2
573.39 9.5
574.46 12.0
575.10 4.7
576.40 17.0
577.69 2.7
579.01 5.8
580.02 14.8
580.90 6.4
584.58 14.3
586.10 19.4
587.19 32.0
587.88 15.2
590.05 7.6
591.53 12.2
592.46 20.1
593.42 3.9
594.55 13.3
596.17 9.3
597.35 13.8
598.33 2.7
599.34 15.2
600.22 7.9
601.80 3.7
603.48 8.8
604.48 7.3
605.97 2.0
607.93 11.0
609.24 18.7
610.49 1.3
611.54 4.2
612.68 12.4
614.95 8.4
616.09 1.7
617.77 7.4
618.93 12.0
620.50 1.8
621.82 14.9
622.83 32.0
624.62 4.2
625.26 9.9
626.45 5.4
628.79 11.6
629.41 114.2
630.31 68.9
631.33 15.8
635.33 5.9
636.21 5.6
637.51 5.8
643.57 2.2
644.75 1.3
646.65 4.2
648.57 5.8
650.34 1.0
651.32 1.2
652.61 2.5
653.98 1.1
662.47 3.8
663.52 2.7
664.30 2.2
665.31 5.3
665.94 2.2
666.59 3.2
667.26 2.1
668.32 2.0
670.41 13.1
671.37 2.3
672.88 18.9
675.43 2.3
678.35 8.9
678.97 4.4
681.44 15.6
682.64 2.7
683.99 4.9
685.20 1.9
689.72 1.8
692.74 1.1
693.36 2.6
697.48 8.3
699.20 7.8
703.65 2.0
707.53 6.1
708.37 29.9
709.38 147.8
710.44 42.9
711.30 1.7
712.20 1.6
714.08 3.8
716.67 4.3
721.54 3.4
723.29 5.8
724.41 6.6
726.34 110.8
727.35 62.4
733.45 1.4
734.54 1.3
736.76 4.1
737.52 1.4
739.46 3.7
740.46 8.5
742.40 4.2
743.23 12.1
744.54 1.3
748.36 9.1
749.55 8.9
750.47 10.3
751.40 18.3
753.04 4.0
754.48 16.0
755.68 2.3
759.61 4.7
765.59 1.0
766.96 18.0
767.72 1.1
782.65 5.4
783.61 3.2
789.58 3.6
790.58 1.2
793.01 5.7
795.46 1.7
799.54 2.9
827.75 3.1
831.60 1.7
834.51 2.6
855.54 3.8
861.54 218.5
862.68 92.9
875.36 4.9
876.74 11.6
878.08 7.7
883.40 2.6
