1749.80655 3
176.15 2.4
187.45 2.0
199.22 26.3
200.39 2.4
223.15 6.7
224.09 1.6
225.06 6.4
227.29 18.3
228.31 4.4
234.08 1.5
250.29 3.2
251.40 4.1
253.18 6.2
254.34 2.9
266.44 5.0
268.18 3.1
274.25 5.4
278.17 1.1
279.40 8.1
282.26 3.0
285.52 1.2
286.26 4.2
296.34 1.3
298.52 11.7
302.20 4.0
309.24 2.2
310.24 6.3
311.38 1.1
312.32 2.5
314.29 1.9
316.53 2.1
320.31 2.8
321.22 2.0
322.51 1.9
325.06 1.8
334.05 3.7
338.46 7.2
343.38 13.3
344.40 1.3
346.52 4.3
350.15 1.3
353.01 2.7
354.39 16.3
355.33 8.0
356.07 1.6
357.59 2.0
359.62 2.8
361.35 5.2
365.11 1.1
366.40 3.5
370.35 3.8
379.14 1.7
383.63 5.2
386.54 2.7
391.65 11.0
395.09 9.6
396.10 3.8
398.80 8.0
400.24 4.5
401.29 1.3
404.34 3.4
407.28 1.5
408.65 5.2
410.03 10.3
411.24 9.5
413.64 15.5
417.59 6.1
420.23 3.6
424.33 2.1
425.29 16.6
426.82 7.0
434.15 6.4
434.96 3.8
435.59 8.9
438.23 3.7
439.41 3.1
441.44 2.6
442.29 2.0
443.06 2.2
444.59 1.3
448.39 11.9
449.20 1.7
450.38 7.2
451.34 6.1
452.31 6.9
453.46 6.8
454.46 2.4
457.24 2.6
459.29 4.7
460.47 2.6
461.29 2.4
464.79 18.7
467.72 3.2
468.83 74.0
470.45 10.0
471.34 4.2
473.28 2.5
475.78 1.5
476.57 1.1
477.64 6.0
479.27 5.0
480.33 7.1
483.73 12.7
485.51 14.7
488.34 2.1
489.26 72.7
489.96 11.4
490.93 17.3
491.99 3.4
493.35 1.4
496.89 16.2
497.92 3.4
502.47 78.9
503.88 26.5
505.24 8.9
505.94 4.4
508.43 91.6
509.18 1.6
509.78 11.3
510.41 8.2
511.21 4.2
512.22 5.7
517.79 33.8
518.47 41.5
519.19 2.9
520.33 2.6
521.38 10.0
523.42 10.7
524.43 11.0
526.16 8.7
526.84 29.3
529.69 14.1
530.96 10.4
531.83 7.5
534.34 26.1
536.37 2.1
537.57 16.1
538.80 14.9
539.56 12.0
540.48 39.9
541.55 19.2
542.30 2.4
544.75 1.6
545.97 37.5
546.78 5.5
547.61 11.9
548.71 8.1
549.35 3.0
550.12 9.9
551.82 10.9
553.55 40.1
554.52 9.9
555.45 6.1
557.44 12.6
558.19 2.6
559.82 16.5
561.74 14.2
562.63 10.1
564.35 11.6
566.07 126.6
567.01 27.7
567.71 1.7
568.46 61.9
569.60 23.4
572.03 46.2
572.90 27.8
573.82 10.1
575.25 329.9
576.37 2.3
598.04 15.3
599.49 7.4
604.90 17.7
607.33 9.1
610.29 14.0
622.33 4.2
624.59 2.1
626.46 1.7
632.33 1.7
633.99 15.3
637.33 5.5
652.50 4.8
656.22 8.5
658.49 1.4
661.83 6.8
678.93 2.8
680.34 1.8
687.86 44.5
689.13 10.6
690.72 2.1
693.21 1.2
696.77 20.1
697.89 272.9
698.81 38.0
701.57 9.7
702.45 2.0
707.34 7.8
710.53 1.5
711.95 4.8
715.61 2.7
716.36 1.1
718.43 4.3
719.26 2.9
723.18 6.8
724.58 4.3
732.49 5.4
734.36 4.6
739.44 16.4
740.65 2.6
743.85 4.0
744.49 6.3
747.42 11.7
748.51 2.5
752.22 4.9
753.34 246.9
753.99 29.2
754.68 8.8
756.40 8.6
761.99 346.5
763.16 34.7
763.90 7.9
764.63 11.9
767.31 13.7
768.77 4.1
771.76 10.4
772.55 11.4
775.00 11.7
776.40 4.1
782.51 3.7
784.43 1.2
786.20 3.0
787.62 24.8
788.47 9.7
792.13 14.6
795.81 8.6
800.81 6.3
802.31 6.9
804.47 10.9
807.17 1.9
809.10 14.8
810.02 26.2
810.82 24.2
811.60 11.7
814.70 6.3
816.71 2.5
818.58 43.3
819.90 2.1
823.35 4.8
823.97 10.2
833.08 5.0
836.63 13.5
839.53 1.9
858.66 4.3
864.66 2.8
869.63 1.5
870.64 1.3
895.75 7.3
899.40 2.4
901.67 10.4
905.62 1.2
917.54 2.5
924.39 2.6
927.81 2.2
938.75 5.4
940.65 1.7
952.65 2.9
970.46 3.1
992.78 2.3
1012.66 3.1
1020.59 5.0
1024.68 7.1
1035.85 5.8
1036.64 4.2
1047.10 10.2
1084.72 2.0
1128.64 3.6
1207.95 2.1
1281.79 1.6
1373.81 3.9
