2126.05185 3
200.37 7.8
212.48 11.6
213.24 8.8
215.17 25.7
216.09 7.7
218.99 3.5
219.94 4.1
222.15 3.4
222.82 11.3
225.11 12.2
226.10 19.1
227.13 38.5
228.35 23.7
229.34 12.1
230.18 25.6
231.28 5.5
233.33 8.4
235.44 6.0
239.64 4.3
240.26 31.5
241.05 5.3
241.99 10.0
243.14 32.4
244.27 42.6
245.18 7.4
246.27 111.5
247.36 3.3
248.24 7.7
249.34 4.7
251.92 6.9
253.22 4.5
254.10 6.4
255.20 4.6
256.25 5.9
258.16 34.1
260.08 12.2
260.91 7.8
265.30 12.8
266.07 18.6
268.12 9.4
270.40 13.5
272.27 10.3
274.17 6.4
275.34 6.0
276.31 3.8
278.21 18.8
279.40 18.6
280.18 4.1
281.26 23.1
283.27 66.4
284.10 27.2
287.25 7.0
288.16 3.4
290.39 5.9
291.36 6.7
293.09 3.1
294.38 3.1
295.17 4.6
297.40 10.8
298.43 17.2
299.32 3.3
300.34 36.5
301.31 35.3
302.25 12.5
304.34 11.6
306.27 20.5
307.45 13.3
310.30 15.7
311.39 9.8
312.79 17.8
316.06 7.9
317.28 136.8
318.23 19.3
320.21 3.6
324.31 45.1
325.35 21.2
326.07 3.1
327.09 4.2
328.45 3.5
329.99 3.5
331.22 10.0
334.09 5.6
335.20 5.3
336.57 8.6
337.27 21.3
338.32 32.2
339.11 9.0
341.36 8.3
342.26 15.0
343.39 3.3
344.24 15.1
346.46 45.6
347.44 11.1
348.41 11.0
350.21 6.3
351.18 15.6
354.22 6.7
355.22 27.9
356.30 15.4
357.26 4.8
358.20 5.7
359.04 17.9
360.95 7.1
363.53 10.9
364.41 7.1
365.38 2.9
367.27 8.1
368.13 3.4
369.29 28.9
370.24 19.2
371.12 7.5
372.31 21.8
373.11 9.9
374.03 26.2
375.26 7.4
376.24 16.2
377.21 9.2
379.38 12.4
380.07 5.4
380.80 2.7
381.84 5.0
383.61 40.7
384.40 48.7
385.22 67.2
386.34 6.7
387.23 20.8
389.14 22.0
390.44 31.0
392.22 21.1
393.12 17.0
394.22 23.5
395.20 20.2
396.29 25.0
397.43 20.9
400.37 3.9
401.55 256.0
402.27 5.2
403.02 8.2
408.68 4.8
410.46 166.0
411.41 17.4
412.27 78.9
413.25 36.1
414.29 113.7
415.11 8.9
416.22 16.3
416.92 25.6
417.52 4.3
419.33 4.4
420.24 15.5
421.09 12.4
422.71 15.6
424.10 5.7
424.87 20.2
426.08 58.9
427.18 10.2
428.88 28.9
430.34 96.5
431.28 1580.0
432.36 229.8
433.82 42.5
438.32 37.3
439.64 68.4
440.42 25.8
442.32 11.2
443.49 4.9
444.47 6.5
445.16 7.0
446.67 15.2
447.31 14.7
448.16 20.1
450.48 7.3
451.26 9.5
452.95 2.5
454.49 53.0
455.39 22.7
456.16 4.6
456.99 62.8
457.66 36.3
459.56 9.8
460.27 3.7
463.08 23.3
464.28 6.7
465.92 66.7
466.78 32.6
467.43 4.3
468.20 11.5
469.30 5.8
472.25 7.5
473.63 11.6
474.81 93.5
475.52 8.9
476.44 36.9
477.17 12.1
478.94 11.6
480.46 70.4
481.85 65.3
483.26 50.0
484.41 114.0
486.63 13.3
488.07 8.6
489.48 4.7
490.65 89.2
491.59 6.7
492.43 8.9
494.20 12.4
495.52 85.1
496.49 20.0
497.69 10.1
498.35 5.8
500.38 23.9
501.42 16.3
502.80 16.1
504.48 254.1
505.40 50.5
506.33 39.7
507.24 13.0
508.23 20.8
509.22 14.0
510.62 21.5
511.26 6.4
512.37 19.1
514.10 165.6
515.02 24.9
516.20 39.6
517.31 15.6
518.36 29.2
519.07 49.4
520.44 44.6
521.22 12.3
522.06 29.7
523.15 135.5
524.20 122.7
526.15 95.6
527.24 51.9
528.56 22.9
529.45 10.3
530.19 13.6
530.81 13.4
531.88 65.3
532.85 161.9
533.90 40.2
534.61 33.9
535.49 32.8
537.76 18.0
539.51 47.5
540.65 78.7
541.32 12.3
542.99 237.2
544.39 1955.7
545.51 475.9
547.99 35.3
548.98 23.5
551.50 366.2
552.47 95.5
553.25 6.8
554.17 7.4
554.84 5.4
555.53 30.0
556.22 26.3
557.20 51.1
558.26 93.5
559.28 47.2
560.50 342.4
561.55 44.7
562.23 13.1
563.46 20.2
565.30 6.5
567.18 29.2
568.33 18.9
569.09 17.5
569.81 8.8
571.22 3.9
571.82 23.4
572.54 47.7
573.55 34.0
574.36 33.6
575.65 60.9
576.45 42.0
577.81 52.7
578.43 22.7
579.13 37.3
580.15 62.6
581.11 93.5
582.04 68.5
583.29 112.3
584.17 52.6
585.55 35.5
586.87 43.6
587.77 37.9
589.54 234.6
590.21 177.3
591.22 36.1
592.57 52.4
593.39 11.6
594.84 67.5
595.89 66.0
596.56 10.9
597.69 143.1
598.61 91.6
599.52 29.2
600.25 43.9
601.02 56.7
602.31 32.2
603.22 55.5
604.02 37.7
604.86 95.0
606.22 73.0
607.61 146.3
608.35 8.2
609.36 24.6
611.22 37.6
612.46 105.9
613.78 45.2
615.04 20.0
615.97 146.4
616.98 247.6
618.19 86.8
619.07 11.7
620.35 15.6
621.66 14.2
622.63 41.4
623.80 23.0
624.99 587.5
626.20 73.3
627.58 91.9
628.56 95.6
629.42 72.0
630.42 58.1
631.25 53.9
631.96 62.9
632.86 115.7
633.75 27.7
634.66 12.6
635.37 84.7
636.60 91.3
637.34 18.5
638.16 35.3
639.25 15.3
640.53 162.7
641.88 313.2
642.99 234.3
643.87 125.1
645.58 594.6
646.42 178.7
647.50 17.4
648.46 37.1
649.38 83.1
650.99 67.3
652.33 108.0
653.50 196.3
654.53 1553.9
655.48 124.4
656.35 152.2
657.00 45.0
657.98 23.6
659.51 183.0
660.57 227.8
662.00 134.5
663.14 127.5
663.92 52.1
664.70 70.8
665.53 93.7
666.29 284.3
667.39 95.7
669.00 105.3
670.08 34.9
671.06 135.8
672.00 74.1
673.17 332.3
674.42 79.2
675.45 56.6
676.65 63.8
677.97 42.3
678.89 56.1
680.08 151.2
681.67 506.8
682.76 64.9
683.73 75.1
684.91 45.1
685.67 46.4
686.56 164.4
687.31 148.9
688.40 154.5
689.21 204.6
690.57 205.8
691.49 2636.6
692.43 1107.5
694.32 461.7
695.51 140.7
696.67 173.6
697.43 200.6
698.10 1619.6
698.85 32.0
699.48 17.8
700.50 167.7
701.66 15.0
704.53 9.0
706.22 2.7
713.88 11.3
718.11 87.1
719.97 72.1
722.76 36.7
723.87 22.7
724.69 70.0
725.63 35.6
726.91 43.4
727.56 88.7
728.66 29.9
729.29 5.4
730.25 24.5
731.22 22.8
732.72 4.7
733.78 88.4
734.52 40.8
735.29 103.3
735.99 62.3
736.73 11.9
737.52 17.5
738.43 66.4
739.25 12.7
740.17 5.0
741.36 81.3
742.54 72.5
744.17 14.3
746.00 23.9
747.34 117.7
748.37 50.9
749.26 39.2
750.03 17.1
751.47 34.8
752.45 45.0
753.58 45.3
754.28 3.9
755.31 59.2
756.26 61.6
757.11 50.6
758.64 15.8
760.59 55.4
761.45 25.6
762.47 14.0
763.58 14.0
765.29 637.6
766.27 187.5
767.02 11.6
767.73 10.3
769.13 118.7
769.98 191.9
770.78 18.7
771.75 49.3
772.65 61.8
773.68 44.1
774.58 448.6
775.57 145.5
777.00 50.0
777.93 79.6
778.60 41.4
779.62 74.2
780.54 39.0
782.01 37.8
783.30 837.5
783.98 504.5
785.03 25.6
785.68 23.1
786.74 24.4
788.73 33.1
789.54 48.6
790.23 18.3
792.10 1220.3
792.92 11.5
793.88 24.2
795.11 23.3
795.81 7.0
797.02 9.6
798.60 62.3
799.39 52.6
800.37 25.4
801.47 125.3
802.51 240.4
803.63 85.9
804.63 27.8
805.38 35.9
806.01 17.9
807.24 17.0
808.56 80.8
809.50 43.6
810.57 30.6
811.27 47.3
811.88 8.3
812.88 55.8
813.82 42.9
814.53 35.9
815.43 21.4
816.09 11.5
817.71 107.4
818.74 95.9
819.50 1119.5
820.57 463.1
821.76 84.9
822.37 87.5
823.25 21.7
824.77 22.0
825.95 49.0
826.67 116.0
827.95 8.8
828.92 22.0
829.68 9.3
830.67 90.8
831.40 134.5
832.00 61.3
833.30 33.2
834.45 51.1
835.28 98.4
836.40 49.5
837.06 26.3
837.71 5.0
839.19 172.0
840.16 743.8
841.39 78.9
842.08 100.0
843.52 27.4
844.52 12.9
845.36 24.9
846.30 28.7
847.29 27.9
848.66 783.9
849.61 76.6
850.62 101.3
851.59 2.7
853.21 29.6
854.03 17.9
854.79 49.8
855.72 41.2
857.00 36.2
858.56 30.3
859.57 66.3
860.54 116.1
861.50 60.5
862.12 57.7
863.53 39.7
864.55 28.9
866.43 62.6
867.29 53.8
868.46 75.5
869.48 41.7
870.16 51.8
871.24 19.9
872.21 73.7
873.94 93.3
874.98 29.4
876.19 11.2
877.43 86.3
878.44 667.5
879.54 297.5
881.53 9.6
882.76 62.7
884.03 66.7
885.02 30.2
885.72 30.2
886.56 32.0
888.01 51.5
889.16 22.8
890.17 40.2
891.94 42.3
893.02 39.8
894.26 116.4
895.30 56.7
896.16 24.5
896.95 94.1
897.59 134.6
898.68 27.2
899.87 75.0
900.90 51.6
901.69 5.2
902.63 22.1
903.46 22.5
904.64 8.0
905.41 124.7
906.14 73.1
906.81 36.9
907.77 13.4
908.38 21.0
909.66 22.9
910.48 7.4
911.11 31.2
912.26 32.8
913.33 128.9
914.99 49.4
915.97 23.1
916.58 14.4
918.09 72.0
919.00 38.2
919.86 37.9
920.57 45.7
922.22 42.3
923.59 79.4
924.69 82.3
925.85 54.9
927.03 36.9
928.75 23.0
929.60 13.2
930.60 129.4
931.74 176.3
932.86 247.4
933.90 30.3
934.65 73.5
935.69 22.7
936.58 5.1
937.63 3.1
939.39 32.5
940.09 65.3
941.32 310.3
942.08 33.8
943.93 8.1
945.64 11.3
946.47 8.5
948.43 497.2
949.55 199.9
950.15 24.4
950.97 93.7
951.88 39.5
954.09 45.7
955.84 48.6
956.83 29.9
957.68 18.7
959.01 41.5
960.07 85.2
960.92 45.3
961.65 38.5
962.79 83.5
963.73 11.4
965.21 8.4
966.05 14.1
966.75 8.0
968.14 434.4
969.10 24.6
970.08 17.5
970.78 9.3
971.52 2.6
972.65 27.0
974.57 13.0
975.94 67.5
976.73 608.0
977.61 37.6
979.86 71.1
980.72 10.2
981.62 32.7
982.24 7.1
983.67 42.7
984.48 43.1
985.48 45.6
986.46 14.1
987.32 13.5
989.64 195.6
990.61 116.8
992.07 19.2
994.41 10.6
995.26 7.8
996.66 65.2
997.92 421.8
998.73 232.5
999.56 9.0
1003.63 45.2
1007.48 769.1
1008.49 321.6
1009.43 6.6
1012.50 24.0
1013.17 17.2
1014.64 2.7
1017.97 8.0
1019.55 10.8
1021.48 11.7
1022.67 27.5
1024.54 30.0
1026.12 16.2
1027.77 5.2
1029.40 34.1
1030.85 36.6
1031.62 23.4
1032.73 18.5
1033.87 23.3
1034.53 3.5
1036.32 5.6
1037.46 17.0
1038.15 10.3
1040.59 13.3
1041.54 19.1
1042.35 11.7
1043.82 13.0
1045.00 18.9
1045.73 38.5
1046.68 50.6
1047.54 17.8
1048.69 20.7
1050.65 30.4
1051.72 6.0
1052.91 18.6
1053.71 3.8
1054.55 8.8
1056.36 3.9
1059.52 5.9
1061.28 32.2
1062.63 61.2
1063.53 35.8
1064.55 285.8
1065.54 178.2
1066.29 27.2
1067.64 9.0
1068.55 5.6
1069.94 8.2
1071.55 2.9
1073.14 33.3
1074.68 17.6
1076.13 26.6
1076.89 3.6
1077.55 31.3
1079.86 12.1
1080.55 3.2
1081.66 8.0
1082.77 3.9
1083.65 24.7
1084.84 16.1
1085.70 67.9
1086.74 6.7
1088.26 8.4
1091.26 4.6
1092.58 16.1
1093.80 7.1
1094.90 22.2
1095.65 36.4
1096.47 12.1
1098.67 46.9
1099.74 22.5
1101.56 9.1
1102.59 141.0
1103.75 63.6
1109.76 7.9
1110.92 34.4
1111.71 6.1
1114.33 24.3
1115.93 2.7
1116.65 2.6
1118.54 21.4
1119.62 199.4
1120.63 103.6
1121.75 9.0
1122.73 12.8
1123.58 4.1
1126.64 16.5
1127.52 16.0
1129.81 9.8
1133.02 8.4
1135.06 12.0
1136.01 19.0
1137.22 10.2
1138.18 13.2
1139.67 4.1
1140.43 34.2
1143.52 2.6
1145.37 10.1
1146.84 3.1
1148.06 4.8
1150.05 26.4
1151.83 4.7
1152.64 9.9
1153.43 28.9
1154.37 6.6
1155.32 12.7
1161.28 32.6
1162.77 3.8
1170.12 19.1
1170.72 13.6
1171.69 3.3
1172.47 3.9
1174.01 4.8
1175.59 5.1
1176.20 4.9
1176.92 37.2
1178.05 30.4
1178.75 93.4
1179.64 88.4
1182.78 9.5
1185.71 11.6
1187.17 26.2
1188.00 3.1
1189.07 33.4
1190.68 47.2
1191.50 7.3
1192.52 11.4
1193.53 4.0
1194.33 4.9
1195.86 16.9
1196.66 5.0
1197.66 9.4
1198.61 4.3
1200.73 4.3
1203.53 13.9
1204.62 3.0
1205.49 5.9
1206.49 32.2
1207.32 9.6
1208.80 9.2
1210.87 14.3
1212.54 21.1
1213.35 15.6
1214.80 25.9
1215.70 12.0
1220.64 2.6
1221.42 8.6
1224.21 11.7
1224.99 13.6
1227.60 13.6
1230.69 25.8
1231.79 28.2
1232.82 7.7
1233.58 5.3
1237.33 8.5
1238.61 20.3
1239.31 6.9
1242.52 6.4
1244.72 9.5
1246.36 5.4
1248.66 66.6
1249.68 51.1
1250.52 20.8
1251.64 4.3
1252.52 2.6
1256.99 4.4
1260.81 3.9
1264.62 30.9
1265.72 24.4
1266.70 7.9
1267.70 7.2
1268.68 4.6
1270.74 8.7
1271.41 4.6
1273.74 4.4
1281.55 13.2
1282.81 5.8
1283.50 2.7
1284.48 9.3
1285.43 16.1
1286.59 6.5
1289.61 28.8
1290.67 35.7
1291.82 15.1
1303.72 9.8
1305.79 16.9
1307.59 134.3
1308.65 148.5
1309.39 6.6
1323.53 6.5
1324.66 7.0
1327.85 4.8
1331.52 6.5
1333.33 3.5
1338.60 6.9
1340.60 12.1
1341.53 7.2
1342.69 5.4
1344.98 17.0
1346.20 3.9
1351.68 6.8
1353.51 10.5
1354.66 7.3
1356.81 7.0
1358.30 4.0
1360.75 7.2
1362.91 3.6
1368.81 7.4
1370.71 9.2
1372.61 23.3
1376.77 5.1
1379.64 21.9
1384.63 4.7
1385.53 4.6
1391.33 6.0
1393.89 6.9
1395.61 3.2
1397.55 6.4
1401.70 23.5
1402.66 13.8
1411.40 4.5
1412.66 7.2
1417.62 15.3
1418.86 20.2
1419.80 38.6
1421.76 2.6
1431.70 7.7
1435.65 28.5
1436.99 12.5
1437.71 6.8
1438.90 5.5
1439.67 4.3
1448.95 15.2
1449.96 9.8
1452.55 23.0
1465.94 6.2
1483.39 6.5
1487.69 3.7
1502.95 7.5
1505.52 8.6
1524.97 4.5
1532.57 6.8
1548.04 19.8
1565.77 38.6
1566.72 45.4
1570.01 4.7
1576.77 13.3
1577.72 2.9
1579.99 2.9
1583.98 4.3
1631.19 15.5
1634.94 3.5
1668.84 7.9
1687.42 6.1
1752.78 8.2
1839.94 8.1
1962.33 3.8
