1190.63371 2
171.20 19.3
178.30 13.7
183.05 37.7
184.97 30.9
187.15 5319.5
188.20 244.4
197.20 23.0
198.23 14.6
199.03 16.3
201.14 75.9
202.17 51.1
209.26 19.9
211.40 55.7
215.14 3783.7
216.13 131.1
225.20 9.8
226.31 9.8
228.02 12.4
229.23 131.2
230.12 51.3
237.29 10.5
237.99 14.6
243.26 42.1
245.30 14.4
249.19 16.5
250.02 9.9
252.13 16.3
256.02 19.5
258.23 37.2
265.28 22.0
266.33 22.6
268.34 20.6
274.23 1096.4
275.16 82.4
276.29 11.6
283.38 66.5
285.25 14.7
286.19 33.8
287.35 23.4
288.92 23.3
291.05 23.0
293.08 49.1
294.11 12.6
296.04 22.5
298.91 25.1
301.89 11.1
308.39 83.0
312.25 170.3
313.21 29.5
314.18 13.7
320.41 13.7
325.48 40.1
327.90 23.3
328.89 20.6
330.22 1281.1
331.16 46.8
332.30 37.7
336.04 44.0
343.08 12.8
344.25 59.9
345.14 112.3
346.24 180.8
347.08 22.7
348.34 51.8
350.27 14.9
354.23 24.8
355.16 50.8
357.43 29.0
362.31 14.9
365.03 20.3
371.32 93.9
376.53 21.4
377.13 21.8
381.15 26.0
382.15 73.0
384.39 37.8
387.34 1308.5
388.27 79.9
389.17 40.0
391.19 16.3
392.32 27.4
399.40 120.0
401.03 43.6
403.35 9.5
406.44 52.0
407.60 26.3
408.22 60.5
409.16 57.7
413.19 109.6
423.24 37.7
425.64 37.9
426.46 60.2
427.25 75.8
429.30 13.1
430.43 31.7
431.22 13.8
434.45 9.8
437.13 23.6
439.71 61.3
441.14 108.3
444.20 380.4
445.30 199.3
447.36 50.5
450.45 23.8
451.34 15.3
452.61 17.1
454.50 13.3
455.61 66.3
456.98 103.0
458.19 47.8
459.18 146.1
461.15 32.9
462.35 16.4
464.50 16.1
468.48 41.5
470.95 43.9
472.89 48.5
478.17 11.7
479.22 147.0
479.84 11.1
481.27 53.9
482.24 200.7
483.18 39.4
485.35 59.4
488.59 1144.5
489.35 39.0
492.08 38.5
496.37 107.9
498.58 33.6
500.48 44.7
504.80 30.6
506.31 25.3
507.32 38.8
509.69 25.8
510.63 22.5
511.87 26.8
513.14 54.8
514.26 127.7
515.29 13.2
516.39 10.7
518.38 2848.2
519.44 421.9
520.54 102.6
522.26 41.3
523.62 27.4
524.45 160.9
525.26 105.2
526.22 25.5
528.73 25.2
530.42 89.7
531.50 130.0
533.57 111.0
535.70 46.1
536.62 110.2
537.94 46.9
540.83 148.7
541.63 163.2
542.37 400.9
543.25 70.0
544.77 520.6
545.44 979.9
546.89 82.1
547.99 33.9
550.03 98.5
550.93 39.1
552.25 36.9
555.00 30.8
556.92 110.2
559.22 649.2
560.28 555.7
561.42 52.6
564.05 147.4
565.18 261.1
565.81 20.6
567.71 21.8
568.99 154.2
569.92 108.6
572.29 91.0
573.17 254.6
574.62 126.9
577.45 499.4
578.32 505.5
579.27 109.4
581.27 92.6
581.95 17.3
584.00 85.2
586.66 1657.1
587.42 97.5
591.78 46.8
606.50 44.6
608.77 81.5
609.52 29.3
617.37 24.6
619.16 24.1
620.04 13.2
624.77 75.6
626.35 17.7
627.45 84.4
628.39 10.5
629.82 44.4
631.46 2543.0
632.53 452.4
633.58 38.2
635.46 9.8
636.32 32.4
637.17 196.4
638.54 66.3
640.32 16.3
641.22 9.7
644.35 69.3
646.14 39.7
652.04 55.7
654.25 282.1
655.22 583.4
656.27 74.4
658.52 13.9
666.33 13.5
667.68 34.1
670.43 50.4
672.28 321.5
673.30 241.4
674.43 85.5
676.17 91.8
682.30 26.5
683.71 23.0
684.44 23.9
685.47 41.7
686.35 51.8
688.38 23.6
689.28 12.7
700.14 10.2
701.60 59.7
703.28 61.8
703.89 16.2
707.14 37.7
711.17 15.1
720.40 68.7
724.07 46.6
728.33 24.0
731.81 32.7
735.70 46.1
736.35 33.3
738.50 67.4
739.60 32.1
746.44 1870.3
747.56 505.3
748.62 44.4
751.18 15.1
757.26 45.0
758.66 63.3
763.62 13.0
764.65 13.3
767.20 42.7
768.42 225.0
769.29 26.6
771.91 47.7
775.32 114.2
775.95 41.8
782.19 18.9
783.56 26.8
785.01 119.1
786.20 465.7
787.37 61.7
788.37 16.3
795.30 18.7
797.78 128.1
798.64 13.7
799.48 13.6
800.23 31.6
801.45 18.2
803.38 375.7
804.51 69.3
806.57 69.8
815.23 59.1
815.98 60.5
817.24 27.4
819.12 38.6
825.52 13.4
833.03 34.9
833.91 20.4
834.67 31.0
836.11 18.6
837.55 59.7
841.44 12.7
842.42 37.7
843.65 73.5
844.58 30.2
846.70 20.9
849.43 25.9
850.53 19.0
856.28 62.3
860.65 1611.6
861.53 3307.5
862.55 560.3
866.33 36.9
871.44 65.6
872.55 9.4
877.50 29.7
878.37 11.2
881.28 231.1
882.56 175.2
888.64 36.3
895.45 34.8
896.23 27.4
898.38 410.4
899.33 677.9
900.21 65.4
912.35 34.9
914.40 128.2
916.31 432.0
917.49 194.3
918.54 64.7
927.45 36.0
928.98 17.5
930.48 10.6
932.81 66.6
940.68 33.8
943.43 12.4
944.38 44.4
953.60 22.8
954.81 13.9
957.63 498.5
958.57 1392.8
959.69 315.0
960.63 47.0
961.54 71.1
962.71 90.3
963.93 15.4
966.14 15.6
972.69 17.8
975.54 15491.0
976.54 22495.0
977.63 4527.5
986.64 21.8
993.35 92.6
994.42 227.7
995.42 80.9
1002.71 22.5
1003.68 34.1
1008.74 34.1
1009.68 40.0
1011.58 756.3
1012.48 554.5
1013.44 165.8
1021.50 45.4
1023.96 25.6
1029.42 809.8
1030.48 399.6
1031.53 176.9
1036.18 20.4
1044.71 15.9
1045.59 55.4
1059.89 134.8
1071.51 13.5
1072.71 17.7
1076.16 16.4
1085.80 17.8
1088.44 12.0
1089.87 39.3
1099.43 55.0
1100.34 48.3
1101.05 45.9
1152.54 30.8
1160.93 16.1
1163.82 12.9
