1452.71257 2
202.33 8.5
204.06 4.0
205.14 3.4
208.00 2.4
209.10 3.8
210.33 4.1
211.53 2.7
213.23 24.6
214.18 29.4
215.13 27.8
216.22 3.5
217.16 7.1
221.15 17.2
222.37 17.2
224.28 2.0
225.89 2.7
227.24 20.5
228.18 30.6
229.18 18.0
230.25 23.0
231.16 15.1
232.13 10.5
233.07 12.8
234.19 11.0
235.10 8.1
236.13 3.6
237.34 2.2
238.22 12.3
239.25 5.0
240.23 7.0
241.24 17.4
242.24 10.1
243.14 6.4
244.15 12.6
245.12 32.6
246.28 11.6
247.10 24.3
248.12 13.0
249.42 3.6
251.02 15.3
253.35 9.2
254.29 2.0
256.15 32.3
257.17 71.1
258.13 21.4
259.25 10.4
260.44 9.5
261.26 4.9
262.14 6.5
263.49 13.1
264.32 9.7
265.59 7.4
266.34 17.2
267.28 8.7
269.33 7.0
270.12 13.5
271.25 12.4
272.08 8.5
273.10 6.2
274.35 118.9
275.27 382.9
276.20 23.8
277.97 2.0
279.26 60.8
280.15 20.4
282.30 6.2
283.13 21.5
284.17 3.2
285.07 7.7
286.22 11.0
287.32 20.1
289.27 4.9
290.44 16.0
291.13 1.8
292.16 13.4
293.05 6.6
294.29 1.9
295.16 17.8
296.17 12.8
297.41 42.5
298.22 102.6
299.33 30.8
300.10 6.3
301.27 69.5
302.11 36.7
303.12 33.0
304.09 11.7
305.22 5.7
306.40 16.6
308.44 9.8
309.47 4.2
310.24 3.9
311.32 11.7
312.28 22.0
313.14 14.1
314.28 32.2
315.15 34.5
316.20 7.6
317.35 9.4
318.41 8.7
319.07 35.8
320.30 35.6
321.13 3.8
322.14 21.6
323.19 15.5
324.19 20.5
325.21 18.1
326.28 93.7
327.46 13.7
328.06 10.0
329.39 83.8
330.54 36.4
331.22 62.8
332.38 32.6
333.33 27.3
334.12 32.2
335.25 78.3
336.04 20.2
337.92 26.2
338.64 3.9
339.28 6.2
340.12 25.5
341.38 14.6
342.31 13.9
343.30 548.5
344.32 251.0
345.38 60.9
346.11 2.8
347.30 8.6
348.35 23.5
349.40 39.2
350.20 20.7
352.19 58.1
353.15 75.7
354.15 56.7
355.25 13.8
356.28 5.2
357.24 29.8
358.58 9.2
359.41 7.7
360.57 6.4
361.27 31.7
362.21 7.5
363.09 12.8
366.10 33.5
367.26 63.4
368.27 45.2
369.35 17.7
370.21 116.2
371.29 115.5
372.24 31.6
373.21 8.3
375.33 16.6
376.53 8.4
377.30 39.4
378.32 18.6
379.25 5.2
380.04 5.6
381.16 12.7
382.10 12.8
383.23 22.2
384.15 26.6
385.28 412.2
386.29 113.5
387.27 36.8
388.24 107.5
389.16 74.4
390.17 24.4
391.13 27.0
392.31 4.4
393.41 25.2
394.33 23.5
395.35 29.4
396.23 7.5
397.22 7.9
398.21 2.8
399.45 3.1
400.24 9.4
401.32 12.1
402.27 42.8
403.27 9.9
404.27 5.8
405.25 6.2
406.22 41.6
407.20 36.0
408.32 45.1
409.40 26.6
410.22 31.6
411.23 24.2
412.18 27.2
413.24 15.9
414.23 16.4
416.39 23.3
417.30 16.7
418.13 12.8
419.42 12.6
420.16 2.7
421.18 4.5
423.23 22.0
424.30 35.3
425.25 61.1
426.31 83.6
427.32 72.5
428.38 49.8
429.20 18.7
430.20 18.9
431.15 5.4
432.15 33.4
433.17 6.7
435.44 18.8
436.36 33.5
437.38 22.6
438.30 13.3
439.29 9.0
440.43 25.4
441.58 71.8
442.39 40.4
443.35 32.8
445.16 46.5
446.14 46.8
447.26 44.3
448.20 19.5
449.38 37.1
450.32 12.9
451.56 21.5
452.36 11.2
453.34 53.5
454.30 43.7
455.24 5.2
456.37 8.7
457.16 49.4
458.25 30.4
459.46 67.9
460.30 78.3
462.38 14.7
463.33 30.3
464.37 40.0
465.22 34.9
466.21 27.7
467.44 46.6
468.20 72.0
469.27 107.6
470.28 130.3
471.26 137.5
472.33 152.1
473.41 63.1
474.28 54.1
475.50 8.6
476.39 8.5
477.10 4.8
478.26 11.1
479.46 19.5
480.29 12.2
481.19 40.8
482.20 41.2
483.57 38.2
484.31 306.0
485.31 100.3
486.25 36.4
487.26 46.6
488.33 155.9
489.31 247.2
490.29 18.7
491.31 3.6
492.47 16.7
493.52 21.1
494.24 17.7
495.25 41.3
496.28 4.5
497.25 124.8
498.28 146.7
499.42 96.7
500.23 40.8
501.30 78.2
502.40 30.9
503.25 12.4
505.22 49.8
506.13 56.5
507.17 82.1
508.16 24.7
509.30 17.2
510.33 2.7
512.26 38.4
513.25 97.3
514.19 106.2
515.30 380.7
516.24 530.9
517.26 218.2
518.28 74.5
519.41 39.2
520.01 2.1
521.14 12.9
521.91 37.1
523.15 174.9
524.22 62.9
525.27 90.3
526.24 95.0
527.22 85.7
528.40 19.1
529.54 36.8
530.62 148.9
531.42 62.1
533.26 1032.1
534.24 715.5
535.25 155.0
536.31 39.6
537.26 37.8
538.56 42.4
539.43 80.0
540.51 42.1
541.48 115.7
542.39 85.0
543.40 62.4
544.27 68.9
545.36 113.2
547.28 59.3
548.38 43.7
550.16 158.3
551.20 730.0
552.25 424.9
553.26 104.0
554.31 44.2
555.01 9.6
556.33 61.5
557.56 113.3
558.45 31.8
559.69 14.4
561.18 23.0
562.73 14.7
563.46 5.1
564.51 27.5
565.47 41.4
566.32 40.0
567.13 63.4
567.95 8.4
569.23 413.6
570.27 370.4
571.33 139.7
572.44 38.1
573.36 43.6
574.22 48.4
575.60 35.5
576.64 12.8
577.44 12.3
578.54 43.8
579.31 50.8
580.76 302.7
581.45 152.5
582.25 20.4
583.37 325.6
584.38 276.8
585.46 222.9
586.33 52.2
587.40 83.0
588.50 30.7
589.79 243.7
590.43 4.1
591.28 62.3
592.32 52.2
593.46 34.2
594.36 85.4
595.40 139.3
596.34 110.0
597.57 65.8
598.92 76.6
599.95 55.6
600.68 51.5
601.50 19.6
602.34 54.3
603.87 34.6
604.54 32.7
605.52 24.6
606.94 139.9
608.32 36.4
609.38 44.0
610.30 37.8
611.27 77.3
612.25 79.7
613.30 201.9
614.33 27.3
616.22 100.8
617.31 288.1
618.24 28.2
619.13 35.7
620.09 33.9
621.13 32.7
622.01 41.3
622.93 20.6
623.66 3.4
625.29 1369.1
626.41 12.0
627.39 25.3
629.25 31.7
630.25 150.8
631.23 84.5
632.16 84.4
633.40 56.0
634.76 25.2
635.38 1.8
636.49 18.3
637.62 64.0
638.73 120.7
639.54 14.7
640.53 34.5
641.51 73.1
643.18 93.9
644.60 77.0
645.93 56.4
647.11 83.2
648.44 88.7
649.38 56.2
650.50 42.1
651.58 563.1
652.43 98.1
653.58 131.1
654.53 78.0
655.43 44.6
656.60 36.7
657.53 106.0
658.66 57.4
660.77 2482.8
661.90 88.0
662.70 34.6
663.54 75.1
664.28 50.5
665.22 88.4
666.40 78.1
667.20 70.3
668.34 45.3
669.42 37.7
670.27 49.3
671.28 45.9
672.77 86.0
673.73 21.4
675.14 51.7
676.37 61.9
677.41 58.6
678.32 76.3
679.25 27.6
680.29 102.3
681.18 50.1
682.32 129.0
683.26 40.3
684.53 22.8
686.06 108.2
686.99 115.1
687.96 54.4
688.82 49.5
690.38 155.8
691.37 100.9
692.59 46.7
693.48 67.5
694.63 104.1
695.72 267.9
697.05 86.0
697.77 85.1
698.61 239.7
699.68 224.3
700.65 13.4
701.31 15.1
702.12 38.8
703.21 50.5
704.08 104.9
704.93 70.4
705.86 94.2
707.41 55.3
708.33 3070.8
709.41 479.8
710.44 196.7
711.39 151.3
712.34 68.2
713.98 297.5
714.58 654.8
715.70 28.7
717.13 172.4
718.08 51.7
718.78 2.4
725.64 2.3
731.27 14.4
732.75 12.6
735.33 5.6
736.46 6.9
737.35 29.0
740.08 5.9
741.07 11.2
742.39 12.7
743.31 4.3
745.38 721.2
746.40 7.3
747.13 64.2
748.68 14.7
749.86 27.9
751.59 5.2
752.61 12.6
753.30 5.8
754.75 86.3
755.67 38.2
756.54 7.4
757.27 20.5
758.38 27.1
759.85 18.7
760.74 5.2
761.40 12.2
762.12 11.1
764.08 302.9
764.96 21.7
765.70 44.5
766.50 13.8
767.42 10.4
768.36 22.8
769.42 216.9
770.54 219.6
771.52 60.5
772.74 28.7
773.89 9.7
776.06 24.3
776.97 2.6
778.01 16.7
779.21 73.7
779.92 117.4
780.67 76.7
781.48 19.5
782.58 26.1
783.54 11.9
784.51 56.6
785.55 145.0
786.65 38.7
788.22 125.6
789.06 203.3
790.02 34.0
790.72 3.7
791.40 59.4
793.42 2.4
794.46 7.3
795.53 53.6
796.88 25.6
798.02 50.7
798.83 8.8
799.56 5.1
800.74 5.4
801.42 13.1
802.34 32.1
803.27 13.4
805.04 266.1
806.12 88.5
807.52 31.4
808.48 17.7
809.58 13.5
810.43 2.8
811.73 19.6
812.76 54.2
813.67 32.6
814.52 12.2
815.43 52.2
816.10 22.3
817.05 8.6
817.76 15.0
818.69 37.9
819.47 55.6
820.26 39.5
821.12 49.8
822.41 23.7
823.48 26.8
824.35 35.9
825.56 6.5
826.47 11.7
827.47 43.4
828.59 56.5
829.75 183.5
830.72 99.1
831.46 67.0
832.33 10.1
833.27 13.4
834.17 70.6
835.68 53.9
836.44 334.3
837.70 120.5
838.65 220.8
839.85 46.0
840.88 23.5
841.78 12.4
842.60 5.8
843.63 13.7
844.56 3.3
845.66 14.0
846.73 35.2
847.73 42.7
848.48 52.7
849.44 40.6
850.47 30.6
851.72 38.7
852.61 89.2
853.81 36.7
855.60 51.2
856.40 13.3
858.39 64.0
859.28 6.8
860.53 27.2
861.88 31.4
863.36 53.6
864.47 88.7
865.58 49.0
866.76 76.6
867.60 282.6
868.58 342.4
869.41 131.4
870.60 106.7
871.48 43.5
872.46 31.1
873.74 10.7
874.47 15.0
875.48 22.7
876.63 26.5
877.77 31.0
878.85 189.4
879.87 57.6
881.55 2143.0
882.59 3981.9
883.63 1187.1
884.53 208.7
885.53 36.2
886.35 70.0
887.32 367.3
888.18 338.4
889.12 39.4
890.35 25.0
891.47 18.4
892.31 39.2
893.38 28.2
894.50 36.5
895.80 62.4
896.61 78.1
897.44 103.3
898.48 30.7
899.31 9.0
899.98 26.4
900.92 22.7
901.86 9.7
902.62 7.0
903.85 31.1
904.74 7.9
906.15 20.9
906.98 8.0
907.94 6.7
908.97 15.6
909.65 11.8
910.62 24.2
911.54 20.7
912.90 50.4
913.93 19.3
914.89 33.9
915.93 33.8
917.36 83.3
918.85 21.4
919.93 21.6
920.71 16.1
921.62 43.5
922.57 100.8
923.44 19.1
924.85 28.7
925.57 7.1
926.71 40.5
927.56 26.9
928.54 26.8
929.68 78.5
930.80 186.8
931.69 85.4
933.56 87.5
934.74 32.6
935.50 61.4
936.47 74.4
937.27 14.6
937.92 16.4
938.55 2.9
939.66 51.2
940.86 25.8
941.68 16.1
942.56 4.9
943.85 42.4
944.47 34.7
945.45 126.8
946.63 92.0
947.47 141.1
948.51 60.7
949.67 44.4
950.40 2.4
951.49 90.0
952.55 21.3
953.27 11.6
954.95 14.9
956.59 50.1
957.48 20.8
958.25 24.6
958.97 16.9
959.71 32.6
960.73 13.0
961.71 36.6
962.63 59.3
963.84 55.3
964.46 244.0
965.55 77.8
966.75 111.9
967.75 27.3
968.55 8.2
969.51 11.1
970.59 9.9
971.39 2.6
972.12 7.2
973.89 36.4
974.66 16.8
975.95 35.2
977.44 3.8
978.12 7.0
979.12 18.9
980.03 23.7
980.68 55.5
981.50 46.4
982.54 33.2
984.39 118.6
985.45 47.4
986.28 19.1
987.78 23.3
988.45 7.6
989.68 37.3
990.61 10.1
991.25 6.6
992.98 66.9
993.79 103.5
994.76 32.8
996.21 45.0
996.90 35.4
997.59 29.4
998.54 4.9
999.80 9.5
1001.22 38.2
1002.19 247.9
1003.05 86.0
1003.78 15.0
1004.66 15.9
1005.87 11.9
1006.59 5.0
1007.77 18.3
1009.68 2.9
1011.02 18.7
1012.23 28.5
1013.66 96.3
1014.87 46.6
1015.67 22.1
1017.10 3.7
1018.22 8.2
1020.66 12.7
1021.74 22.7
1023.15 86.2
1024.26 43.1
1025.43 32.4
1026.62 16.0
1027.50 9.1
1028.52 13.8
1029.58 14.6
1030.61 47.0
1031.53 70.0
1032.74 42.4
1033.63 4.3
1035.19 8.4
1035.80 5.9
1037.53 11.8
1040.55 49.1
1041.48 27.6
1042.50 10.5
1043.66 4.5
1044.88 224.7
1045.73 535.9
1046.66 217.5
1047.62 106.8
1048.64 24.9
1049.49 1.9
1050.51 25.2
1051.40 7.7
1052.30 6.7
1053.35 21.8
1054.38 13.6
1055.45 16.4
1056.46 11.0
1057.43 13.2
1058.47 54.3
1059.50 34.2
1060.49 88.2
1061.56 23.3
1062.62 11.8
1063.27 11.4
1064.36 17.1
1065.58 275.0
1066.80 2.8
1067.58 14.9
1068.67 36.4
1070.44 21.0
1071.43 91.6
1072.51 142.0
1073.63 66.0
1074.59 7.1
1075.61 15.7
1076.64 34.8
1078.56 76.5
1079.50 48.5
1080.54 32.0
1081.45 29.9
1082.57 28.5
1084.47 36.5
1085.52 33.6
1086.95 22.3
1087.81 8.2
1088.90 35.3
1090.43 261.4
1091.47 169.9
1092.33 23.8
1093.07 2.9
1095.70 6.9
1098.41 91.0
1099.50 322.9
1100.53 183.0
1101.57 33.2
1102.41 11.1
1103.59 6.1
1104.49 13.4
1106.80 10.9
1107.67 129.0
1108.66 334.6
1109.51 115.4
1110.59 25.9
1111.73 4.5
1112.63 8.2
1113.48 3.6
1114.55 13.5
1115.46 3.6
1117.18 32.0
1118.50 37.4
1119.80 11.4
1120.74 16.6
1121.55 15.6
1122.59 63.3
1123.71 15.7
1124.83 5.1
1125.60 11.5
1126.61 4.5
1127.95 2.7
1128.94 8.3
1130.49 8.6
1131.78 48.1
1132.72 255.2
1133.66 89.2
1134.58 51.9
1135.33 13.4
1136.45 19.6
1137.46 3.4
1138.32 5.6
1139.60 2.4
1140.62 8.4
1141.49 7.1
1142.37 14.6
1143.73 27.0
1144.53 8.6
1146.77 10.0
1148.36 5.8
1149.11 10.7
1150.52 19.9
1151.17 3.5
1152.26 3.9
1152.92 6.4
1154.03 5.4
1154.77 2.5
1155.60 2.8
1156.58 16.2
1157.57 25.2
1158.35 5.4
1159.27 12.7
1160.54 338.8
1161.61 71.3
1162.47 9.3
1163.57 15.4
1164.59 4.1
1166.29 8.3
1167.63 5.6
1168.42 8.9
1169.68 4.1
1170.52 12.2
1172.67 97.3
1173.58 81.9
1174.60 29.7
1175.45 6.2
1176.71 16.2
1177.98 135.4
1178.66 1388.9
1179.71 6.5
1182.27 9.0
1183.87 22.1
1184.86 20.5
1185.81 5.7
1186.72 1.7
1188.07 4.5
1189.59 6.4
1190.58 13.6
1191.76 32.2
1192.69 20.1
1193.56 19.1
1194.46 18.2
1195.87 2.9
1196.79 10.3
1198.70 14.7
1201.66 8.3
1205.34 54.8
1207.70 7.9
1208.71 14.9
1211.65 3.2
1212.63 18.6
1213.72 18.2
1214.57 29.6
1218.90 13.2
1219.76 17.7
1221.01 17.7
1222.08 61.0
1222.81 76.9
1223.76 41.4
1226.55 8.9
1227.63 4.5
1229.46 5.1
1231.69 98.7
1232.72 25.1
1233.96 8.2
1235.89 32.5
1236.94 44.8
1237.86 21.4
1238.73 18.6
1240.93 11.9
1241.80 4.6
1243.37 5.9
1245.66 9.5
1247.67 4.0
1249.63 635.7
1251.61 7.4
1254.72 14.9
1255.76 8.3
1257.49 20.4
1258.76 2.1
1259.75 10.3
1260.64 7.4
1261.53 4.3
1262.63 29.2
1263.74 43.6
1265.74 5.9
1266.64 11.2
1267.71 9.8
1268.62 5.3
1270.78 10.6
1272.60 31.9
1273.67 18.6
1275.79 10.4
1276.81 14.6
1277.86 23.7
1278.53 5.1
1279.89 10.0
1282.67 6.3
1285.65 21.2
1287.29 6.9
1288.12 12.2
1289.46 7.2
1290.61 84.8
1291.64 36.4
1292.56 27.3
1293.40 1.6
1296.86 4.0
1298.84 5.3
1301.93 34.4
1302.70 60.6
1303.65 25.9
1304.62 18.9
1305.87 23.0
1306.95 6.5
1315.29 8.1
1318.53 3.2
1320.70 372.7
1322.02 2.0
1335.49 2.0
1336.22 2.8
1337.35 5.0
1345.88 5.4
1349.79 7.3
1357.61 5.2
1359.71 13.8
1361.10 8.0
1362.01 4.3
1362.67 4.9
1371.43 2.8
1372.79 10.7
1373.66 4.8
1374.65 10.6
1377.59 2.8
1389.70 9.7
1390.48 15.6
1391.78 5.2
1392.67 6.9
1399.58 3.8
1408.33 11.6
1411.81 3.7
1412.54 2.1
1416.08 8.8
1427.83 3.3
1431.66 6.4
1444.61 3.8
1456.92 2.6
