1344.641210000001 3
128.17 1.7
129.12 1.9
129.98 5.3
131.12 3.6
133.07 220.6
134.08 11.4
136.11 38.5
136.93 5.9
139.28 3.7
142.28 60.6
143.32 3.7
147.12 2.3
148.58 2.0
155.91 2.1
157.22 1.6
159.11 2.0
162.95 1.5
165.15 1.9
168.18 1.4
169.25 1.5
171.14 3.6
173.37 1.0
174.48 2.5
175.09 3.4
176.16 3.8
177.01 1.7
178.31 1.6
179.29 5.3
181.24 1.6
182.24 6.8
185.05 1.0
186.17 15.7
187.73 3.6
188.60 3.1
190.31 1.2
192.24 8.2
193.24 4.7
196.36 3.3
197.29 7.5
198.28 2.4
200.21 1.6
201.28 5.4
203.18 1.5
209.16 1.1
209.94 1.1
216.18 3.9
221.24 7.9
224.06 5.4
225.26 1.9
226.20 8.4
229.17 17.0
230.30 1.1
231.39 2.2
233.38 2.5
234.14 2.0
235.54 9.0
236.64 13.2
237.36 14.1
238.10 1.0
241.30 2.7
243.17 1.8
244.22 6.8
246.17 60.1
247.34 1.5
249.31 1.1
250.00 1.8
254.29 3.8
257.55 1.6
258.51 2.8
260.31 1.3
262.27 2.5
265.06 19.3
266.07 6.9
267.23 4.6
268.39 1.5
269.81 13.3
272.26 6.2
274.08 2.7
275.02 2.0
276.23 8.9
277.04 14.5
278.08 2.5
280.21 3.0
283.32 2.3
284.14 2.2
285.33 13.5
287.28 3.8
288.72 4.2
291.48 4.1
292.17 1.2
293.42 5.1
295.16 13.9
296.97 11.5
298.09 1.9
299.23 2.7
299.95 6.2
301.36 6.3
303.44 6.4
304.52 9.4
306.55 8.1
307.51 4.0
308.52 4.9
312.36 4.1
313.15 1.3
315.21 1.2
316.18 5.6
317.30 8.1
318.03 1.8
319.03 1.0
319.98 1.1
321.38 10.2
324.50 9.5
326.05 15.9
327.27 8.4
331.19 10.6
333.28 14.4
334.81 12.6
335.44 1.8
336.45 2.7
338.12 13.3
339.10 2.3
340.29 2.9
341.39 22.3
342.38 3.3
343.17 4.6
344.50 11.1
345.29 25.8
346.67 17.6
347.41 28.9
348.41 15.8
349.26 4.3
351.22 14.2
351.98 5.8
353.56 5.4
355.06 6.8
356.49 5.7
357.26 16.9
357.96 26.6
358.81 34.4
359.92 3.2
361.54 63.4
362.86 18.2
363.77 7.8
364.57 3.3
365.42 7.0
367.22 37.0
368.18 28.0
369.38 2.1
372.45 3.3
373.91 10.0
374.92 7.0
375.86 23.7
376.87 11.4
377.60 1.0
378.32 6.2
379.31 9.6
380.24 1.2
381.49 9.4
384.42 9.1
385.18 13.1
386.13 6.1
387.45 2.9
388.63 2.7
390.10 45.1
390.93 21.9
391.84 19.3
393.49 53.6
394.89 9.1
395.81 46.1
396.75 8.4
397.58 7.4
399.11 70.2
399.98 41.9
401.00 15.2
401.70 1.0
403.19 3.6
405.02 547.3
405.88 48.5
407.24 20.4
408.49 46.2
409.38 31.6
410.32 3.5
411.41 40.7
412.50 59.4
413.56 16.2
414.88 16.1
416.30 42.2
417.57 30.1
418.39 10.1
419.23 26.6
419.85 80.9
420.54 74.9
421.90 22.5
422.68 10.6
424.19 65.9
425.23 39.5
426.55 157.8
427.55 27.4
428.56 28.9
429.48 12.3
430.35 82.1
431.44 134.5
432.29 66.3
433.26 175.5
434.06 209.1
434.88 24.6
435.99 40.3
437.66 794.6
439.11 88.5
440.12 662.9
441.13 34.7
441.83 9.9
457.77 12.8
458.43 5.5
459.54 3.8
461.57 1.6
462.29 1.9
463.15 2.8
464.24 2.7
466.84 20.4
467.95 17.3
469.51 6.4
472.83 12.2
474.39 2.4
476.37 18.9
476.99 11.8
477.83 6.7
479.02 12.1
480.38 2.3
481.80 3.6
484.17 10.0
485.06 25.3
485.87 18.6
486.85 22.6
487.54 29.5
489.61 7.8
491.08 7.1
491.96 14.9
494.01 43.8
495.33 34.3
496.42 13.6
497.73 34.9
498.74 45.6
500.53 73.9
501.20 84.5
503.31 27.6
504.68 49.4
505.54 55.6
506.40 17.8
507.63 29.2
508.37 6.4
509.30 12.8
510.36 28.2
511.41 33.8
512.15 32.4
514.30 18.8
514.93 5.9
516.85 44.6
517.62 6.4
518.31 4.3
518.98 7.0
520.32 46.9
521.29 75.5
522.23 65.6
523.08 16.4
524.84 27.8
526.35 43.8
527.24 26.5
527.90 21.7
529.20 54.3
530.43 60.0
531.13 10.9
532.34 65.1
533.02 3.5
534.50 148.4
535.11 100.4
535.75 44.6
536.76 21.8
538.14 281.4
539.00 95.0
539.98 214.0
541.20 104.5
542.23 64.8
543.98 410.2
544.67 125.4
545.47 483.0
546.38 45.5
547.14 38.3
548.13 93.4
549.12 84.3
550.47 1216.9
551.37 8.6
551.98 11.4
553.49 80.9
554.41 2114.0
555.39 9.2
556.48 50.7
558.13 27.1
559.42 373.5
560.40 220.1
561.88 19.7
562.97 34.4
563.75 15.2
565.26 221.4
566.42 29.6
567.30 9.3
568.99 53.9
570.50 25.0
571.44 13.5
572.38 12.8
573.57 30.4
574.49 56.9
575.46 33.0
576.72 3.3
577.37 5.4
578.18 5.2
579.08 33.6
580.22 12.2
581.41 13.8
582.49 42.0
583.37 54.2
584.32 3.4
584.94 17.5
586.75 52.4
587.38 1.2
588.61 84.1
589.44 8.3
590.65 11.2
591.65 36.9
592.91 110.6
594.32 24.5
595.88 6.3
598.14 138.2
599.01 13.9
599.81 2.4
601.29 4.0
602.46 37.5
603.91 10.3
604.60 4.1
607.01 8989.9
607.98 102.9
608.70 3.1
610.10 8.7
610.72 2.2
611.59 1.5
612.53 6.5
613.91 4.6
614.79 3.7
615.79 5.4
616.53 14.2
618.16 5.8
619.75 9.9
620.57 14.3
621.30 3.5
622.36 4.1
623.11 15.2
624.41 13.4
625.21 1.4
626.78 15.8
628.93 5.4
629.56 2.6
630.43 12.9
631.27 5.8
633.00 9.3
634.14 5.7
635.02 8.5
638.53 4.9
640.11 6.2
642.43 2.9
644.14 7.4
646.31 1.7
647.55 1.7
650.98 2.5
651.70 5.1
652.38 1.5
653.31 9.0
655.23 6.9
659.23 7.3
662.21 2.0
663.95 28.5
664.71 6.2
665.47 1.6
666.66 1.5
667.58 1.2
672.52 10.1
674.40 9.3
676.48 2.2
677.16 1.8
680.38 7.6
681.36 4.4
683.30 1.3
687.02 4.9
691.49 1.4
694.56 2.3
697.39 5.0
698.58 3.0
699.55 1.2
701.76 2.5
703.56 2.1
704.46 1.5
706.48 2.2
707.77 1.3
710.80 8.0
711.53 1.3
714.22 2.2
715.40 1.9
716.43 7.3
717.58 1.2
718.39 2.4
721.22 7.5
722.14 1.3
723.10 2.6
725.06 5.9
731.09 1.2
732.38 5.4
733.39 1.9
734.03 5.9
734.89 3.4
739.39 25.7
740.50 8.4
741.36 5.6
742.56 1.8
743.73 2.6
744.41 7.3
745.89 10.6
747.07 16.1
749.09 2.7
750.36 2.3
751.28 6.4
752.63 3.4
754.34 3.9
755.35 1.1
756.36 3.7
758.59 2.7
760.10 1.7
762.07 7.6
763.52 1.9
764.50 6.9
765.69 8.6
769.03 4.4
774.16 8.6
778.61 3.8
779.64 1.6
782.40 2.3
784.03 15.8
786.39 2.7
789.74 1.5
790.35 1.8
791.73 3.5
792.36 6.0
793.54 1.6
800.21 3.4
808.31 3.5
810.58 1.2
812.73 1.0
815.77 1.7
821.62 1.4
827.45 1.7
854.86 1.3
857.35 4.9
858.50 4.4
873.76 7.2
874.49 3.1
877.35 2.4
881.44 4.7
886.58 3.4
894.14 3.8
899.66 1.0
900.55 2.2
911.98 1.4
923.25 2.1
969.37 2.8
986.40 3.4
1057.67 1.3
1071.45 11.8
1081.20 2.5
1083.61 1.8
1096.50 1.6
1100.59 5.4
