1102.46721 2
161.37 13.7
169.43 1.1
173.03 1.5
175.25 34.9
176.21 1.6
193.16 17.2
197.06 4.8
198.20 2.5
198.81 1.5
199.96 1.5
205.92 3.3
210.10 12.2
211.08 4.5
215.40 1.4
221.17 10.7
227.19 5.3
228.18 50.1
229.22 4.2
230.42 1.8
234.02 2.6
236.22 1.3
240.22 1.3
241.40 5.5
242.30 6.6
252.39 1.4
254.44 4.1
260.24 2.6
262.16 1.7
268.39 4.9
269.23 1.5
270.15 3.1
271.16 6.3
278.20 5.4
285.15 4.2
287.26 1.5
288.01 5.2
289.37 2.7
293.19 3.4
298.33 1.8
299.71 12.3
301.19 9.0
302.27 1.6
303.42 24.0
304.13 9.0
306.17 1.8
311.49 1.3
318.35 2.4
323.21 3.7
326.22 3.5
326.86 1.8
338.67 4.5
340.39 1.4
342.54 7.8
347.06 2.4
348.25 10.0
349.07 1.8
350.11 1.4
351.25 3.1
352.98 14.2
357.52 8.6
358.73 8.8
360.49 1.4
361.49 3.1
363.25 2.0
368.82 3.8
371.12 3.4
373.69 13.6
374.39 91.4
375.46 9.5
378.11 3.9
378.94 1.3
382.79 1.4
383.66 3.7
385.53 3.2
387.24 13.9
388.82 12.1
391.04 2.1
392.36 2.6
393.84 1.8
394.47 1.0
396.44 3.7
397.39 70.0
398.84 10.5
403.14 1.2
404.69 2.6
405.88 1.5
406.52 4.9
407.47 3.7
410.49 6.3
412.45 1.5
415.31 14.0
416.04 7.2
417.15 6.4
418.28 6.4
419.35 2.9
420.25 5.2
421.15 23.4
423.42 1.3
424.41 7.8
426.16 2.9
427.97 17.7
431.43 5.4
432.41 1.8
433.46 2.4
434.69 9.6
435.58 4.1
436.39 2.1
438.30 19.1
439.83 20.5
441.86 202.3
443.22 14.2
443.86 10.5
445.39 9.0
448.51 1.7
449.38 36.6
450.25 4.8
453.16 6.4
454.26 18.9
454.87 11.9
456.35 2.8
457.16 8.6
457.87 16.5
459.84 5.0
461.16 5.0
461.99 6.1
463.03 55.0
463.95 11.9
465.61 16.8
467.01 12.7
468.49 10.9
469.17 3.6
470.12 18.9
471.70 82.7
472.45 41.3
473.35 6.6
474.80 5.5
476.70 12.9
477.94 28.6
479.48 36.1
480.41 2.9
482.15 14.8
483.32 2.9
484.71 13.8
485.50 10.6
486.59 6.9
487.99 28.5
489.52 21.1
490.39 2.7
491.00 3.6
491.77 7.1
492.42 6.5
493.28 35.2
494.12 15.3
494.88 8.3
495.53 2.8
496.26 4.2
498.53 49.5
499.37 4.4
501.22 12.6
502.49 17.1
503.44 3.2
504.17 6.7
505.03 5.9
505.74 6.6
507.47 225.3
508.63 37.7
509.66 3.0
511.11 21.2
512.04 6.7
512.70 4.8
513.40 6.2
514.00 4.9
515.07 3.5
516.19 86.7
518.70 10.7
519.38 49.7
520.56 15.6
521.96 145.3
523.07 22.5
525.44 38.7
528.87 33.9
529.75 38.0
530.52 9.7
531.22 16.2
532.46 1.7
533.97 170.7
534.85 81.0
535.60 33.1
536.63 19.0
537.93 5.0
539.10 11.4
539.80 16.2
540.58 8.8
541.19 17.5
542.90 157.5
543.93 90.2
544.91 2.8
547.75 1.4
559.32 4.5
562.22 5.1
564.55 2.5
565.51 2.7
566.29 3.7
567.36 2.0
568.39 4.0
569.28 4.8
577.05 1.5
580.34 3.9
583.11 7.9
587.43 1.3
588.24 20.2
591.10 3.1
592.25 3.5
596.25 1.3
597.56 3.1
604.51 2.1
605.43 3.7
606.32 4.9
607.42 4.3
608.35 6.8
609.10 6.1
609.91 4.5
612.40 7.9
613.45 7.3
616.02 3.4
617.88 2.9
619.92 3.2
621.80 6.6
622.87 12.7
624.30 8.3
626.93 3.2
633.81 4.3
636.48 3.9
637.64 17.5
640.25 13.8
641.26 3.8
644.93 6.9
650.35 11.2
651.19 4.3
657.53 3.2
663.08 2.0
664.28 2.0
665.46 2.1
666.39 6.6
669.83 10.6
672.63 3.3
678.43 6.8
682.23 3.0
684.51 4.1
685.71 12.4
690.59 6.1
692.62 2.8
694.41 2.9
701.14 5.8
703.43 3.8
705.57 9.3
706.61 8.0
708.49 2.4
709.56 2.0
710.89 2.0
711.57 3.5
712.47 7.6
713.20 5.8
715.90 6.1
716.57 15.7
717.60 2.8
720.46 9.1
721.78 6.7
722.85 11.4
723.46 2.7
724.51 14.5
725.58 2.2
726.25 10.5
727.44 8.8
728.46 1.3
729.44 9.8
733.46 1.5
736.62 8.7
737.29 1.8
740.53 4.2
742.47 3.9
744.16 6.1
747.36 2.0
750.02 4.2
751.16 14.1
752.10 11.8
753.42 9.8
754.29 4.9
763.05 2.6
765.27 6.4
768.54 9.9
769.37 3.6
772.52 9.3
776.87 2.3
779.53 1.8
781.40 2.5
783.32 1.6
784.10 3.1
786.40 111.5
787.48 27.2
793.69 1.3
796.44 1.5
798.47 7.0
799.31 2.0
800.27 1.3
803.35 5.1
805.52 1.4
806.18 10.5
815.34 2.2
820.88 2.0
821.52 1.2
823.66 2.5
825.60 15.7
826.56 2.2
833.58 7.1
837.58 1.2
838.93 4.5
840.39 8.3
841.46 2.4
846.45 1.3
847.17 1.7
849.58 2.7
850.56 1.4
857.28 11.0
861.55 7.1
864.36 5.4
865.77 4.7
866.60 3.0
875.49 22.0
882.47 68.8
883.52 43.4
892.49 9.7
902.28 3.4
907.28 9.5
908.57 4.7
910.88 6.5
912.49 1.3
913.25 5.1
925.35 38.1
926.40 11.5
928.37 21.2
929.54 17.8
930.28 2.8
935.92 3.1
936.80 2.4
942.53 33.3
943.43 11.7
946.49 4.3
948.20 12.2
954.24 2.2
955.35 5.8
956.56 1.3
966.79 5.0
968.98 2.7
969.64 1.6
970.46 8.7
973.73 3.3
974.51 1.8
1029.88 3.0
1038.39 1.1
1047.54 2.4
1065.25 7.4
