1252.60332 2
177.46 5.3
184.08 4.3
185.36 2.8
199.25 16.6
200.94 17.1
202.12 8.5
210.90 6.5
213.15 3.7
215.29 3.1
216.28 11.5
218.22 10.3
221.05 4.4
223.22 118.9
226.40 16.7
227.11 20.9
228.26 29.8
229.17 72.0
230.36 6.1
235.98 9.0
240.33 20.1
241.19 343.1
242.15 19.3
246.14 528.8
247.23 24.2
249.35 4.0
250.50 22.6
251.28 17.0
252.34 3.3
253.40 3.4
254.99 4.9
256.10 30.2
256.99 4.0
258.25 44.7
263.04 3.7
264.80 11.4
265.75 9.4
266.36 8.6
268.00 12.1
269.28 20.4
271.22 2.2
273.27 6.4
274.30 12.9
278.43 29.9
279.29 2.8
282.16 17.3
284.11 10.0
285.32 3.4
287.28 23.9
288.32 5.1
291.21 2.2
296.49 24.3
297.23 28.4
298.20 6.5
302.25 7.8
310.01 2.8
311.45 5.7
312.29 7.0
314.14 25.4
315.21 43.2
316.16 5.5
319.16 9.6
321.25 4.3
322.31 8.0
323.28 6.8
325.62 27.1
328.21 6.8
329.36 58.5
330.36 5.0
331.45 2.4
333.34 3.6
335.57 4.5
337.08 5.5
339.37 8.7
340.28 4.1
342.27 29.8
343.27 45.5
348.88 10.7
351.38 6.6
353.54 2.9
354.93 7.3
356.16 3.9
357.27 425.8
358.66 57.5
359.38 48.7
364.21 3.1
365.96 28.9
367.11 27.5
371.02 103.9
371.68 2.9
372.52 20.6
373.46 2.2
374.48 14.4
379.25 9.0
381.24 3.8
381.94 16.5
382.62 13.5
383.59 45.8
384.20 29.0
385.38 11.6
387.32 6.8
388.10 13.9
389.66 5.1
391.14 6.1
394.87 24.9
396.33 8.6
397.54 5.1
399.69 14.2
400.30 15.7
401.75 4.1
402.57 9.2
403.92 17.6
405.00 12.6
406.56 16.1
409.61 14.9
410.36 60.9
411.27 10.5
413.80 9.7
415.82 47.0
420.21 32.5
421.00 4.8
421.76 2.8
422.95 38.7
424.43 26.6
426.28 398.3
427.43 58.9
428.38 50.2
429.26 72.0
430.95 3.4
432.25 37.3
434.12 29.0
435.12 13.7
436.42 49.3
438.23 266.0
438.88 52.9
440.81 4.7
442.87 9.6
444.36 52.5
445.50 69.9
446.59 18.0
447.68 45.2
448.39 3.3
449.33 3.4
450.24 26.9
451.50 30.6
452.40 36.7
453.18 10.9
453.99 24.3
454.97 26.4
456.18 4.4
457.98 34.8
459.19 67.2
460.47 148.5
461.39 65.3
463.30 37.7
464.71 9.4
466.40 3.4
467.18 8.4
468.37 3.2
469.32 33.9
470.26 37.4
471.16 7.8
472.50 268.2
473.27 20.3
474.24 7.6
475.14 13.1
476.69 63.1
477.74 67.9
479.39 26.9
480.86 249.8
481.96 264.2
482.78 4.9
484.00 53.4
485.91 530.7
486.90 176.6
488.95 17.7
490.42 280.6
491.23 4.7
492.39 26.9
493.67 30.7
495.00 2203.1
495.87 345.2
496.63 75.8
497.46 36.3
498.39 20.3
499.56 14.5
501.29 50.4
502.93 123.8
504.41 3488.9
506.08 47.8
507.18 42.1
509.34 47.9
510.36 76.8
511.46 86.4
512.38 3.3
514.27 13.6
515.30 34.5
516.33 42.5
517.03 3.5
517.88 46.0
518.80 10.3
520.06 11.5
521.01 106.4
522.37 12.5
523.41 23.0
524.29 171.3
525.09 87.6
526.06 9.6
529.44 729.5
530.41 21.6
531.56 28.3
532.43 18.7
533.86 22.2
534.67 46.1
535.46 13.7
536.43 9.6
538.36 1771.1
539.67 53.7
540.58 20.8
541.34 16.8
543.16 920.7
543.82 201.6
544.43 4.6
545.50 34.2
546.95 2203.1
548.22 46.2
552.11 6008.3
552.85 881.0
554.09 33.7
555.92 6.1
558.35 242.0
559.38 45.0
560.93 24365.6
562.00 427.4
563.24 267.8
564.40 55.5
565.19 19.5
566.28 37.2
567.08 3.1
567.80 38.3
569.54 178.1
570.38 50.9
571.02 6.0
572.10 5.9
572.97 41.1
573.99 22.1
575.58 43.0
576.20 24.7
578.29 9.6
579.36 7.6
580.36 17.0
581.18 7.4
582.30 128.1
583.43 9.1
584.29 10.0
586.05 15.4
587.02 15.2
587.79 29.1
590.28 60.9
591.74 109.5
592.53 138.7
593.65 20.2
594.38 40.1
595.60 108.2
596.48 95.0
597.36 20.7
598.29 9.5
600.31 268.9
600.96 108.4
601.62 21.5
603.17 23.6
603.85 17.5
604.50 260.2
605.94 56.6
607.34 143.9
608.64 432.2
609.58 2005.3
610.45 146.1
611.79 51.5
612.92 113.3
614.76 44.6
615.44 2.3
616.49 8.9
618.06 373.6
618.86 45.4
619.47 13.6
620.44 3.7
624.47 5.8
629.91 4.4
631.46 7.0
632.33 7.1
633.49 13.5
635.45 4.4
636.71 9.3
639.48 2.9
641.08 6.6
648.24 36.0
649.70 3.1
651.36 76.3
652.08 4.6
653.55 10.1
654.46 13.5
657.28 26.9
658.35 2.3
659.53 3.4
661.07 9.9
665.20 52.8
666.46 2.7
667.31 15.9
669.46 21.5
671.52 20.7
672.35 3.7
673.49 11.3
674.42 4.3
675.42 44.5
676.38 43.6
677.56 18.1
678.27 2.8
679.36 7.3
683.46 17.6
685.25 10.3
687.35 4.6
689.81 11.9
692.84 23.2
693.46 143.8
694.51 70.5
695.39 191.4
696.22 66.6
697.40 16.4
699.59 11.7
704.54 8.2
705.55 3.8
706.44 5.2
707.45 20.7
708.52 11.1
711.45 21.9
712.45 3.1
715.54 11.0
716.45 18.0
717.09 5.8
719.46 7.0
720.22 5.7
721.24 10.7
721.87 5.1
723.30 6.5
724.29 3.7
725.49 10.7
726.85 10.4
727.64 4.1
729.46 2.2
730.90 16.4
731.69 29.5
732.36 17.0
733.32 36.7
734.42 25.8
735.41 6.6
736.53 9.1
737.62 11.8
738.49 10.2
739.56 12.5
740.63 4.2
741.80 12.1
743.25 6.8
744.33 17.3
745.44 4.0
746.22 23.4
747.20 24.3
748.61 16.1
749.74 24.5
750.35 232.2
751.51 42.3
753.37 4.0
754.47 3.7
756.58 13.0
757.19 3.6
758.70 10.3
759.51 6.1
760.15 2.6
762.43 19.0
763.61 28.0
764.37 217.3
765.43 62.2
766.63 7.6
767.55 26.0
768.49 5.1
771.51 7.0
772.28 3.1
776.38 15.1
779.87 12.4
780.50 7.6
781.65 20.0
782.73 2.5
784.49 31.9
785.55 24.3
787.63 4.8
788.35 27.0
789.49 84.2
790.29 64.4
791.96 26.5
793.82 3.4
796.65 18.7
797.32 12.7
798.70 2.5
801.81 17.9
802.53 6.3
803.41 4.5
806.49 123.8
807.38 265.0
808.52 99.9
809.52 10.3
813.65 3.3
814.93 31.1
818.39 5.2
819.32 12.7
820.23 45.3
820.93 5.6
821.66 5.4
822.67 9.1
823.63 14.7
824.55 17.8
825.67 28.6
826.35 4.1
828.33 13.8
830.57 9.7
831.47 10.1
832.77 3.1
833.52 3.2
834.47 13.6
837.44 30.9
838.45 3.2
839.40 6.5
840.31 32.5
842.35 8.0
844.78 18.6
845.55 33.2
846.43 34.7
847.52 13.0
849.89 3.5
850.60 7.4
851.95 5.3
853.28 35.5
853.89 12.0
854.56 22.9
857.57 60.2
858.44 42.5
859.47 38.0
860.48 26.3
861.45 4.9
863.37 534.4
864.37 103.8
865.03 8.7
869.82 16.9
870.71 2.2
872.45 11.4
873.84 14.8
875.41 372.4
876.43 201.9
877.48 52.9
878.50 17.1
879.43 80.2
880.23 14.2
881.64 9.1
882.49 4.0
885.54 28.7
887.62 16.1
889.40 33.4
890.26 4.8
891.61 20.6
892.56 8.6
893.47 14.9
894.44 355.1
895.63 107.9
896.46 93.9
897.46 33.5
898.61 16.5
899.26 8.0
900.25 11.0
901.44 9.6
902.15 8.3
903.53 58.1
905.08 21.2
906.50 12.0
908.35 4.5
913.38 3.3
915.73 13.6
917.44 23.6
919.50 108.5
920.57 87.2
921.59 37.6
922.67 28.9
923.66 3.9
925.64 3.4
927.15 3.0
929.20 17.1
930.42 20.9
934.63 17.6
935.64 14.2
936.39 9.9
937.27 6.4
939.42 38.1
941.39 6.6
942.60 10.2
943.65 31.9
944.75 56.8
945.53 14.1
946.56 31.3
949.45 27.0
952.28 11.1
953.33 28.1
954.67 4.1
955.70 3.7
961.48 3.3
962.56 88.2
963.46 46.7
964.78 3.7
967.46 42.7
968.71 16.3
970.52 127.4
971.56 54.7
972.39 59.3
973.47 39.7
974.51 3.4
977.51 29.8
978.49 99.3
979.52 46.5
980.21 13.4
985.42 3.9
986.63 6.8
987.31 8.6
988.53 1520.2
989.51 825.6
990.46 409.6
991.49 100.3
992.46 9.8
995.50 90.6
996.60 97.7
1000.26 11.2
1001.68 5.9
1002.73 11.7
1003.39 7.7
1004.77 6.2
1005.69 15.8
1007.44 2918.1
1008.58 869.9
1009.64 14.0
1010.48 13.7
1014.62 4.8
1017.56 12.5
1018.49 5.0
1019.63 7.4
1021.11 6.5
1021.93 20.6
1022.64 13.5
1030.43 2.7
1032.55 10.1
1033.63 14.7
1034.53 23.2
1035.37 31.4
1036.73 4.7
1038.69 3.1
1041.98 3.7
1049.57 35.6
1050.61 14.5
1052.56 104.7
1056.74 7.2
1058.70 8.8
1060.63 10.4
1061.48 6.9
1062.59 8.7
1063.51 7.8
1065.70 3.1
1068.63 2.7
1071.47 3.8
1077.35 13.7
1080.54 55.7
1085.72 42.1
1086.58 14.7
1087.63 15.1
1088.31 2.4
1089.73 6.3
1092.36 6.0
1093.61 8.7
1097.74 21.7
1099.56 4.2
1102.50 45.4
1103.55 357.8
1104.54 115.8
1105.40 14.4
1106.36 8.1
1120.57 953.6
1121.66 233.9
1122.73 32.1
1123.67 14.0
1127.56 2.2
1130.24 4.0
1135.96 4.2
1137.77 4.2
1139.79 7.8
1150.60 3.8
1194.78 6.3
1214.84 2.2
