1178.53472 2
175.26 22.8
193.27 1.8
193.97 3.8
201.16 2.9
221.14 2.8
222.45 1.4
225.04 2.2
228.32 1.5
241.13 4.6
251.15 4.1
252.31 2.0
253.09 3.8
254.04 5.3
255.55 3.7
259.61 1.9
262.20 1.1
267.16 3.1
270.16 1.8
272.35 6.0
286.33 5.5
287.20 1.7
289.49 3.3
298.34 1.2
300.44 4.8
303.30 1.9
304.37 5.1
308.41 3.4
311.08 2.4
312.04 1.2
317.88 1.7
324.30 5.5
326.83 1.1
332.39 3.1
333.26 5.1
338.15 7.8
339.41 3.1
341.43 2.0
343.28 3.5
349.33 2.9
355.43 2.6
357.14 1.0
358.35 11.1
359.34 4.5
360.45 3.8
369.15 1.5
371.33 5.8
372.16 1.1
373.46 2.0
374.30 6.0
375.55 5.0
376.40 8.0
378.63 1.9
384.27 1.3
389.48 17.9
392.48 3.5
393.29 16.3
395.46 1.7
396.09 4.4
396.82 6.6
398.25 1.2
403.92 5.5
407.25 4.9
410.74 8.3
411.34 2.0
412.26 1.5
417.33 2.9
419.37 4.3
422.08 5.6
423.36 5.4
424.95 5.4
429.25 4.0
432.34 2.4
436.92 1.3
440.88 2.3
442.31 1.8
443.36 10.2
450.22 2.9
451.27 9.9
451.90 17.4
453.47 12.7
455.20 1.4
459.18 28.2
460.31 12.1
461.40 6.5
467.62 9.6
470.28 1.8
471.66 14.8
473.31 56.4
475.85 1.8
477.25 4.0
479.21 3.3
479.81 47.1
480.48 18.6
481.31 9.6
482.24 7.4
483.46 5.4
487.99 7.5
490.45 4.6
491.95 15.1
495.95 4.5
500.82 10.6
501.49 1.9
502.34 5.5
504.83 7.4
507.96 3.7
510.42 3.4
512.38 13.1
513.54 11.9
514.70 8.8
515.40 2.1
516.71 19.0
517.35 1.6
518.92 2.8
519.91 6.9
520.77 6.0
523.12 8.6
524.72 4.7
526.02 17.6
527.42 15.3
529.17 8.7
531.33 7.4
532.32 7.3
533.36 2.9
534.32 1.2
534.94 1.0
535.92 12.1
538.10 7.8
539.80 4.6
542.42 4.8
544.13 10.5
545.34 19.6
546.10 3.8
547.03 7.3
549.23 4.4
550.42 6.7
553.45 2.8
554.34 2.0
555.37 9.3
557.41 12.9
558.52 14.7
559.24 7.8
559.99 7.4
561.06 11.1
561.99 20.3
563.36 2.4
565.08 7.9
566.88 18.1
567.63 17.3
568.37 4.7
572.18 115.3
572.84 73.2
573.68 14.4
574.77 10.1
575.99 20.8
577.53 12.1
580.57 107.7
581.38 76.2
582.13 15.0
590.76 1.7
600.05 3.3
603.62 1.9
605.27 5.8
610.22 7.4
614.30 2.4
616.58 5.0
624.37 1.9
629.73 3.8
630.44 4.4
634.19 1.6
638.99 6.6
647.22 2.6
652.52 2.2
657.51 1.3
662.81 9.4
664.08 1.8
665.18 2.4
665.92 2.7
667.56 1.8
670.49 7.2
671.50 1.6
672.25 2.2
679.73 4.3
681.41 1.7
688.38 8.0
689.36 7.2
698.45 1.1
699.80 10.0
702.64 11.9
705.45 2.6
706.49 8.7
707.57 8.1
709.35 2.4
712.43 7.6
720.50 39.4
721.64 7.8
722.47 6.1
723.89 1.4
726.38 1.2
733.08 2.6
735.38 4.2
739.26 10.8
740.36 8.5
746.43 1.8
748.52 2.6
752.61 12.3
753.57 2.5
754.48 20.8
755.48 3.9
763.67 1.5
768.57 1.6
769.39 2.6
771.44 7.6
772.38 14.8
775.23 3.0
779.52 4.2
782.26 1.8
783.54 1.7
784.23 7.1
785.32 22.9
786.30 48.3
787.30 30.9
789.39 10.6
796.90 6.4
799.35 7.1
803.32 2.0
805.74 1.5
808.55 5.3
809.28 2.0
810.41 1.7
811.26 2.5
814.57 3.7
816.39 7.4
819.96 4.5
826.07 3.7
827.56 7.8
828.33 3.5
838.13 1.3
839.47 2.3
841.84 2.6
843.12 2.3
844.28 3.8
849.47 5.0
853.50 1.8
856.49 1.4
857.18 1.9
858.40 9.8
861.40 3.2
873.17 1.0
876.01 8.2
877.50 1.6
879.56 1.4
884.93 1.8
890.57 13.3
891.49 5.6
893.23 5.5
908.89 3.9
916.58 1.4
921.24 2.1
931.67 2.7
940.69 1.6
941.40 6.8
944.37 1.6
945.55 2.3
950.74 4.1
951.45 2.7
958.26 15.0
959.62 3.8
961.70 4.8
964.87 3.5
972.36 1.7
973.44 1.8
976.33 3.8
983.53 4.3
990.20 10.8
990.98 8.6
991.83 1.6
993.02 1.4
1000.27 1.2
1001.53 8.0
1002.59 3.7
1004.39 66.1
1005.32 13.3
1006.52 5.1
1018.45 68.5
1019.38 18.9
1020.39 7.1
1022.76 9.9
1023.61 4.7
1032.22 1.7
1032.98 2.2
1036.44 12.3
1037.55 5.4
1045.70 4.3
1051.83 10.3
1067.17 2.1
1068.81 1.9
1103.16 2.7
1139.88 4.5
