1050.47087 2
152.25 6.7
153.37 5.7
154.24 7.4
155.14 5.1
156.05 2.7
157.14 6.0
158.18 2.9
158.85 1.2
161.33 3.5
165.14 3.3
166.15 1.1
167.22 9.6
168.17 7.9
169.17 9.9
169.97 1.3
171.23 5.4
172.08 5.6
173.23 11.7
175.19 36.9
176.16 10.7
177.16 2.5
178.36 14.7
179.07 7.0
180.23 8.9
181.26 3.8
182.01 7.6
183.10 10.1
184.15 6.1
185.21 17.3
186.22 22.1
187.19 9.7
188.52 1.1
191.30 2.5
192.21 1.9
193.10 7.8
195.24 1.5
196.22 4.9
197.03 7.7
198.13 23.9
199.20 10.2
200.01 4.9
201.21 4.4
202.16 6.2
203.21 8.6
205.08 1.9
206.31 2.9
207.09 1.4
209.32 11.6
210.21 12.6
211.26 2.2
212.19 11.5
213.27 7.3
214.25 3.3
215.57 7.9
216.28 18.7
217.04 13.7
218.30 2.3
219.13 13.9
220.77 1.1
223.13 22.8
224.20 52.4
225.21 11.1
226.17 12.6
227.36 5.8
228.09 40.3
229.23 2.1
230.47 3.4
231.16 5.6
232.18 8.3
233.28 13.2
234.27 19.1
235.10 4.9
236.59 7.4
237.20 25.6
238.29 4.6
239.08 8.9
240.23 20.0
241.27 40.3
242.16 189.9
243.19 12.0
244.29 6.4
245.11 1.4
247.19 1.2
249.13 3.9
251.22 13.3
252.69 6.7
253.35 7.2
254.36 69.9
255.27 325.0
256.23 65.3
257.22 49.1
258.23 12.5
259.15 1.1
260.10 3.8
260.99 10.6
262.29 9.8
263.15 5.1
265.12 2.5
265.98 15.5
268.09 38.6
269.47 3.9
270.35 15.3
271.49 12.8
272.29 105.6
273.29 7.1
274.22 27.8
275.27 6.2
276.35 11.4
277.33 4.0
278.03 14.4
280.26 2.3
281.06 2.2
282.46 20.2
283.18 12.2
284.25 23.9
285.04 5.5
286.10 6.4
287.19 7.5
287.88 1.6
289.12 1.1
290.02 17.4
290.84 7.7
292.23 17.0
293.31 6.5
294.38 8.3
295.31 10.8
296.51 4.3
298.26 5.7
299.27 37.9
300.19 10.7
301.13 12.0
302.59 9.9
303.56 6.8
304.38 1.9
306.09 12.0
307.41 28.5
308.29 16.6
309.28 5.7
310.36 27.7
311.22 15.3
312.23 15.5
313.32 22.1
314.12 3.6
315.44 3.1
316.19 8.2
317.35 8.5
318.15 8.7
319.29 4.4
320.26 6.1
321.23 10.0
322.14 7.2
323.26 3.4
324.10 9.0
325.51 14.0
326.42 2.1
328.22 62.4
329.31 24.6
330.41 2.4
331.40 6.3
332.13 7.2
333.30 27.9
335.15 9.5
336.23 6.1
337.32 14.2
338.42 19.0
339.46 9.0
340.55 17.9
341.55 14.1
342.32 16.1
343.51 21.1
344.41 20.0
345.26 5.6
345.94 5.0
347.27 12.5
348.25 7.1
349.28 8.6
350.37 24.0
351.31 33.2
352.26 41.6
353.27 27.3
354.38 19.6
355.35 16.2
356.42 14.5
357.54 39.4
358.63 44.3
359.63 19.9
360.41 10.1
361.39 1.8
363.29 3.6
364.91 34.1
366.01 55.4
367.11 48.2
368.14 24.4
369.27 63.7
370.20 46.4
371.26 17.2
372.45 32.6
373.48 20.6
374.54 17.7
375.46 35.9
376.59 19.6
377.22 15.0
378.57 21.9
379.44 44.3
380.12 22.8
381.38 6.4
382.36 248.6
383.38 91.3
384.37 28.4
385.09 10.2
385.76 4.7
386.64 20.5
387.54 28.1
388.38 45.9
389.37 28.5
389.98 12.1
391.49 37.8
392.50 56.6
393.44 67.8
394.61 18.3
395.38 45.9
396.37 12.1
397.49 34.5
398.38 4.3
399.46 27.0
400.58 248.5
401.52 150.4
402.26 22.1
402.87 105.7
403.76 23.1
405.09 44.0
405.99 39.3
406.66 30.3
407.42 14.7
408.26 37.0
409.74 308.0
410.42 733.2
411.39 106.3
412.28 117.8
413.44 32.4
414.15 5.4
415.42 370.1
416.30 96.5
417.40 13.9
418.50 25.9
419.65 60.6
420.31 60.5
421.18 18.9
422.01 25.3
423.21 30.9
424.07 378.3
424.94 236.9
426.29 325.6
427.40 61.9
428.65 202.4
429.52 75.0
430.52 20.1
431.78 105.7
433.25 103.3
434.05 69.6
434.91 32.4
435.65 22.8
436.56 80.7
437.40 208.8
438.34 334.8
439.44 61.1
440.34 84.9
441.58 82.0
442.29 97.9
443.07 74.2
443.95 35.2
445.61 273.8
446.39 155.4
448.10 42.2
449.45 32.8
451.04 1240.8
451.80 196.2
452.74 62.4
453.59 44.0
454.62 173.0
455.31 107.3
456.11 10.2
457.12 23.4
458.05 94.7
459.63 781.8
460.43 308.2
461.50 26.9
462.33 17.0
463.58 44.7
464.39 195.7
465.53 75.2
466.57 157.3
467.56 262.6
468.83 518.4
470.14 22.0
471.59 99.3
472.70 249.8
473.53 245.7
475.41 387.3
476.38 438.2
477.64 65.0
478.47 14.9
479.35 80.5
480.50 234.8
481.63 378.8
482.36 155.5
483.26 15.4
483.98 30.5
485.21 43.5
486.20 190.0
486.89 128.0
488.11 21.9
489.40 161.0
490.46 641.1
491.53 61.5
492.86 36.3
493.74 48.5
494.64 234.0
495.51 321.3
497.32 2858.1
498.38 685.8
499.60 372.7
500.38 70.5
501.23 34.8
502.62 152.4
503.52 717.4
504.41 108.5
505.61 28.1
506.45 40.6
508.14 2060.8
508.91 1230.5
510.11 91.0
510.92 120.8
511.97 648.9
513.49 164.2
514.32 145.3
515.64 123.6
517.02 3928.9
517.81 291.8
518.88 1.9
520.43 4.8
521.92 3.5
523.43 1.4
524.82 3.4
525.98 1.6
531.47 3.8
533.47 2.6
535.61 9.1
537.27 3.4
538.37 8.4
540.38 19.4
541.50 15.5
542.54 20.8
543.34 14.0
544.36 4.9
545.57 18.7
546.44 8.4
547.31 8.6
548.26 4.2
549.44 14.7
550.26 2.4
551.55 16.5
552.33 2.8
554.21 6.6
555.50 4.6
557.89 12.6
558.53 1.2
559.48 22.4
560.55 9.8
561.97 9.7
563.02 11.6
564.06 11.9
565.50 5.7
566.51 5.9
568.56 2.8
569.30 4.2
570.34 5.1
573.13 7.0
574.17 58.9
575.14 23.9
575.88 3.5
578.03 5.1
580.18 20.3
582.91 23.0
583.63 20.5
584.71 30.9
585.65 20.3
586.41 12.3
589.32 2.7
590.33 19.1
591.27 16.1
592.13 8.4
592.91 27.0
593.75 51.1
594.52 9.7
596.32 20.8
597.47 30.3
598.66 9.0
601.18 4.2
602.51 247.3
603.46 103.2
604.40 24.6
605.77 10.1
607.01 32.4
608.26 23.1
609.27 9.6
610.33 15.7
611.43 27.1
612.90 37.3
613.52 84.3
614.54 81.6
615.58 15.7
616.31 1.4
617.42 20.8
618.59 17.5
619.66 37.3
620.35 4.5
621.29 2.1
623.13 9.8
624.40 60.0
625.32 18.2
626.01 5.0
627.53 7.3
628.81 100.2
629.48 27.9
630.10 6.2
630.72 2.4
631.51 16.1
632.82 22.4
633.58 23.5
634.47 20.5
638.18 202.0
639.42 22.4
640.66 19.5
641.45 42.5
642.21 5.3
643.26 14.4
644.20 10.4
645.20 8.3
646.61 22.4
648.11 20.2
649.13 22.9
649.75 52.7
650.65 79.0
651.54 14.6
652.20 14.2
653.63 24.6
654.36 11.5
655.55 60.9
656.76 58.9
657.63 40.1
658.29 13.2
659.19 30.9
660.76 27.3
661.41 6.1
662.32 47.1
663.29 12.2
664.17 116.8
665.02 79.3
666.26 11.1
667.25 23.7
668.70 11.0
669.63 6.7
670.99 44.5
672.17 33.5
673.54 134.6
674.52 111.8
675.84 18.0
676.48 23.4
677.46 48.1
678.70 37.0
679.47 15.1
680.84 64.9
681.83 27.6
682.51 45.0
683.68 7.6
684.57 4.7
685.72 25.9
686.73 19.5
687.70 17.0
688.42 21.6
689.52 36.1
690.69 31.7
691.73 42.6
693.50 11.8
694.41 46.2
695.47 15.8
696.34 35.0
697.69 7.0
698.88 56.6
699.49 141.2
700.09 211.9
701.20 31.4
702.25 7.7
703.55 31.4
704.22 37.5
705.22 22.8
706.42 23.3
707.43 35.2
708.85 24.5
709.95 23.6
711.43 1.8
712.57 10.5
713.34 37.6
714.10 21.2
715.07 36.9
716.18 28.3
716.80 1.1
717.42 5.7
718.45 65.2
719.49 16.6
720.99 50.9
721.71 40.4
722.74 17.1
723.43 6.6
724.55 6.2
725.78 12.9
726.72 16.8
727.55 4.8
728.45 3.5
729.42 5.6
730.69 41.2
732.11 31.1
733.40 60.6
734.36 23.6
735.19 26.7
735.91 3.7
737.08 6.6
738.36 70.1
739.40 24.7
740.43 2.4
742.38 12.2
743.58 46.2
744.70 44.5
745.53 14.3
746.34 29.4
747.44 11.7
748.39 47.2
749.61 12.0
750.38 33.5
751.46 21.7
752.43 9.0
755.34 5.2
756.66 15.4
757.45 10.9
758.35 21.1
759.39 29.9
760.45 27.2
761.38 9.2
762.41 8.6
764.46 15.6
765.45 26.7
766.48 8.0
767.32 23.2
768.45 36.3
769.46 7.2
770.50 4.0
771.52 1.0
772.32 2.7
773.29 11.0
774.44 33.1
775.29 17.6
776.48 79.5
777.36 78.4
778.50 32.4
782.42 3.7
783.49 30.5
784.55 11.2
785.43 7.4
786.57 4.8
787.48 6.5
788.63 5.0
789.39 7.9
790.35 10.5
791.42 47.2
792.41 139.4
793.37 101.8
794.47 29.3
795.46 14.6
796.17 5.4
797.38 24.1
798.37 4.5
799.42 5.4
800.19 8.1
801.48 18.7
802.39 44.2
803.37 38.6
804.39 64.9
805.58 8.4
807.35 7.4
809.42 189.9
810.48 43.2
811.31 23.3
812.43 10.2
813.44 7.1
814.38 3.0
815.47 12.7
816.63 1.8
817.46 58.1
818.45 52.0
819.39 63.6
820.38 39.0
821.48 8.0
822.61 1.2
823.39 6.6
824.40 7.1
826.54 4.3
828.18 7.8
829.63 34.4
830.45 70.2
831.48 123.5
832.53 27.2
833.48 10.2
834.61 1.7
835.48 27.4
836.33 20.1
837.49 9.3
839.97 4.2
843.59 5.5
844.56 10.9
845.44 56.6
846.50 63.7
847.44 213.5
848.44 227.5
849.48 127.3
850.58 26.0
852.57 3.1
853.91 4.3
854.63 1.3
855.68 3.0
856.50 19.0
857.54 18.1
858.28 9.4
860.51 1.8
861.56 10.9
862.53 19.2
863.48 21.9
864.57 11.0
865.50 8.8
866.63 16.8
867.46 1.2
870.57 22.7
873.32 36.5
874.31 68.1
875.22 17.4
876.28 5.0
877.38 12.5
880.34 17.9
881.67 15.5
882.32 1.1
883.38 84.7
884.40 29.6
886.50 3.1
887.54 1.5
888.46 15.6
890.44 10.7
891.62 18.5
892.64 5.2
893.24 4.8
894.69 12.5
895.43 4.8
896.37 2.2
896.99 1.8
898.97 8.7
900.41 92.9
901.47 260.0
902.45 84.2
903.51 13.5
904.48 17.8
907.49 8.5
908.57 2.0
912.27 4.1
912.95 4.3
914.33 10.9
915.12 7.2
916.39 31.5
918.42 1619.3
919.56 682.1
920.50 3.2
921.48 4.1
927.08 3.8
930.01 2.8
932.43 48.8
933.47 33.3
934.41 31.1
935.41 9.2
936.54 45.4
937.67 23.9
943.19 4.4
944.46 2.1
945.38 6.3
946.33 10.1
947.45 6.5
948.58 4.0
949.49 61.1
950.40 21.0
951.51 24.0
952.58 5.5
953.43 2.3
959.74 10.6
960.46 49.5
961.47 41.2
962.85 8.0
963.67 8.9
964.44 3.2
965.84 1.2
967.46 6.5
972.31 7.7
973.43 7.3
974.91 1.3
977.48 117.7
978.51 46.7
979.60 6.1
980.72 1.3
987.39 2.1
989.49 42.7
990.61 16.3
998.50 1.0
1011.53 9.2
1016.46 3.3
1017.21 1.5
1029.74 9.4
1059.53 4.0
