3742.85849000001 3
349.19 3.6
362.09 1.9
368.31 1.2
383.52 3.4
394.51 1.2
397.11 2.9
404.46 1.3
406.15 2.4
411.37 5.7
425.36 4.6
428.29 5.0
429.05 1.3
431.71 4.3
440.82 7.5
441.53 4.6
442.30 6.1
445.33 1.4
448.99 1.8
454.27 4.1
468.49 8.0
469.55 1.5
477.27 3.3
480.35 2.8
483.33 1.3
484.59 1.0
502.39 1.8
506.03 2.0
508.46 4.5
510.22 7.5
518.38 1.5
522.35 3.1
523.23 3.4
524.45 1.0
525.46 2.1
526.57 2.5
527.25 3.8
529.33 1.9
534.30 2.1
536.51 3.3
537.33 4.2
538.18 7.5
539.81 2.2
541.03 14.5
542.16 1.2
544.33 5.9
546.12 2.3
548.84 4.7
552.28 2.5
553.04 4.3
555.31 10.1
557.42 1.8
564.32 4.1
566.40 6.1
569.20 3.6
579.49 2.3
581.59 3.4
582.29 3.1
601.39 3.9
607.27 4.1
608.16 3.5
609.34 2.0
610.73 3.3
615.46 2.5
616.38 4.1
617.52 1.3
620.28 2.3
621.17 6.0
622.76 5.0
624.50 1.1
625.25 6.5
626.55 3.2
632.53 1.6
633.39 7.1
636.54 2.2
638.64 7.8
640.28 2.0
641.16 1.9
642.26 4.1
645.49 3.2
649.03 4.1
650.20 4.4
651.51 17.2
653.30 2.7
654.05 2.0
656.56 2.1
662.24 9.4
664.42 1.8
666.04 6.4
667.60 2.6
668.49 21.9
669.43 4.9
670.33 5.8
671.38 2.2
675.55 2.7
677.69 3.0
686.70 6.2
687.78 8.3
688.69 2.8
690.26 1.8
692.11 1.4
694.21 1.2
697.38 1.9
716.23 1.9
731.19 2.6
736.19 3.8
740.53 1.5
742.36 1.2
748.18 7.0
750.62 8.1
751.25 4.5
752.48 3.5
756.07 3.5
757.35 1.2
758.41 2.1
760.70 15.2
762.76 2.0
764.58 6.3
765.69 2.5
768.22 1.5
775.44 9.0
776.50 9.7
781.71 15.3
782.39 5.4
784.32 1.2
785.51 3.1
792.52 4.2
793.61 4.5
796.48 1.5
797.54 2.0
798.67 2.8
800.38 2.9
801.27 4.8
802.63 1.8
803.38 1.7
806.66 1.0
807.48 6.5
808.88 2.0
810.50 2.5
817.80 1.1
818.73 10.9
819.91 3.5
826.60 3.8
828.05 4.2
831.63 1.8
832.31 3.3
846.28 4.7
847.39 4.2
849.65 1.6
860.57 7.8
862.47 3.0
863.54 3.0
864.41 16.3
865.66 9.1
866.68 2.3
871.52 4.9
872.34 2.2
873.42 29.1
880.69 2.3
882.62 10.6
884.12 2.6
888.60 22.2
889.72 6.7
894.51 4.1
896.34 1.1
898.60 1.6
902.80 2.2
905.43 10.1
906.51 12.7
910.64 3.5
916.55 5.2
918.59 6.7
924.63 9.9
931.54 1.4
937.49 2.6
948.56 5.5
949.45 3.9
953.62 3.3
956.48 36.7
957.49 3.5
960.25 4.5
961.69 2.4
967.42 4.4
968.33 2.2
969.19 3.8
969.84 2.6
973.40 3.4
974.00 4.6
974.64 14.9
979.62 1.6
983.16 6.7
984.08 7.3
984.70 1.4
985.51 6.7
991.59 1.9
993.78 10.2
1001.57 92.3
1002.72 29.7
1005.40 2.0
1007.98 8.9
1011.16 7.1
1012.80 1.2
1017.86 5.5
1019.49 68.7
1020.77 2.8
1021.70 4.1
1039.30 6.6
1040.57 9.4
1045.96 1.7
1048.52 1.8
1056.74 11.2
1057.77 2.3
1062.45 1.8
1071.01 3.4
1072.07 1.6
1072.68 5.4
1074.63 3.5
1076.56 9.5
1077.73 6.8
1081.09 7.0
1087.38 1.9
1090.80 7.2
1094.22 2.0
1098.93 2.3
1100.08 3.8
1102.02 6.2
1104.83 4.3
1107.70 1.4
1108.71 1.5
1112.56 3.0
1114.09 35.3
1114.85 9.3
1116.96 12.5
1119.68 18.4
1120.87 1.7
1129.69 10.6
1132.68 11.9
1133.93 2.0
1134.80 7.0
1135.66 5.3
1137.42 12.8
1142.76 6.3
1145.84 3.4
1147.51 4.6
1151.65 11.3
1152.38 15.7
1155.14 4.3
1158.06 1.9
1164.61 6.5
1167.75 6.9
1168.79 19.6
1170.80 12.4
1172.94 8.8
1173.99 9.9
1175.14 8.8
1176.73 3.1
1177.75 3.4
1178.38 1.5
1179.52 8.4
1182.30 2.8
1185.75 13.9
1186.78 3.3
1190.61 5.2
1191.93 3.2
1193.57 7.4
1194.43 8.4
1196.32 6.6
1197.14 1.3
1198.57 26.0
1199.40 2.7
1204.53 17.1
1205.43 6.4
1206.36 8.8
1210.53 26.4
1212.69 14.4
1213.46 43.1
1214.80 5.7
1216.18 28.9
1218.81 13.0
1219.69 3.3
1222.24 30.3
1225.06 27.2
1227.03 24.6
1228.05 17.8
1230.59 296.4
1231.71 136.6
1233.19 8.5
1233.81 8.9
1240.80 1.9
1251.87 12.1
1289.73 13.9
1299.46 3.7
1314.35 4.4
1316.22 5.1
1320.35 4.6
1336.16 5.0
1342.11 3.9
1360.54 7.7
1364.84 1.0
1373.85 2.9
1381.88 4.3
1382.87 5.3
1385.73 4.1
1386.87 4.5
1394.25 2.1
1400.23 3.1
1408.96 7.6
1416.65 5.5
1420.40 3.5
1421.57 4.8
1422.38 3.0
1431.52 1.3
1438.69 6.3
1439.82 4.1
1448.54 2.6
1450.66 16.8
1451.49 8.9
1456.75 1.3
1472.37 4.7
1475.97 2.5
1480.91 3.2
1485.08 7.2
1490.00 3.2
1493.89 9.8
1495.07 1.4
1498.38 6.2
1506.17 9.7
1507.34 7.9
1507.99 4.6
1514.20 2.5
1515.94 3.3
1517.87 3.3
1520.58 17.9
1521.51 4.1
1525.58 1.0
1528.89 13.9
1529.53 23.1
1530.31 1.1
1532.67 16.4
1547.90 2.8
1562.61 3.3
1565.54 2.9
1567.03 4.0
1572.71 6.6
1573.42 1.3
1596.07 3.3
1602.16 10.2
1627.56 2.9
1649.54 5.7
1656.05 1.5
1659.98 1.2
1665.35 1.1
1671.90 3.7
1672.69 4.6
1691.96 1.8
1692.89 10.1
1708.13 2.2
1716.50 2.3
1735.60 13.2
1749.26 5.2
1779.72 5.9
1783.11 4.8
1785.49 7.0
1953.03 6.8
