2720.30166 4
197.07 4.4
222.43 1.7
232.09 3.5
235.94 1.4
239.16 2.5
240.34 9.6
246.38 1.5
247.48 4.3
250.19 6.7
251.22 3.6
253.20 1.9
254.13 7.7
255.16 2.2
256.15 6.7
258.33 5.7
262.16 2.2
268.27 34.6
270.12 8.2
273.53 13.2
274.26 20.2
279.13 1.5
280.11 3.7
282.19 2.7
283.41 13.4
287.86 1.8
289.04 3.7
291.19 134.6
292.17 11.8
296.09 7.3
300.43 5.4
301.13 1.4
305.24 1.8
306.34 2.4
308.30 2.1
309.27 7.8
310.26 8.4
311.50 2.1
316.80 1.6
318.35 5.9
324.05 5.6
325.09 4.9
326.03 21.8
327.00 2.2
337.08 3.8
338.09 7.7
342.01 8.1
344.33 3.6
345.99 3.1
347.52 4.4
349.45 2.2
350.37 2.2
351.07 4.5
352.25 4.0
353.26 11.1
354.43 8.4
355.07 1.6
357.43 2.4
358.65 71.3
359.58 7.8
368.12 6.7
369.31 1.9
370.38 2.9
371.10 3.3
375.25 2.5
378.50 3.7
380.40 6.2
381.24 9.7
382.16 11.9
383.07 1.7
384.37 2.4
386.36 10.8
387.32 11.1
388.03 2.7
391.43 2.5
392.56 4.3
396.11 9.7
397.20 5.2
398.97 2.0
403.36 4.6
404.31 19.5
405.47 6.4
407.36 15.8
408.06 3.0
408.91 6.6
410.32 2.6
413.21 1.7
414.42 7.5
418.38 1.9
419.30 11.0
420.31 6.6
422.20 5.7
423.59 2.1
424.47 4.3
428.47 4.1
430.18 42.3
431.29 37.4
432.53 15.9
433.92 1.8
436.38 5.9
438.44 1.6
439.41 2.2
441.20 6.7
442.34 3.3
443.30 2.7
444.51 8.6
445.45 19.7
447.34 1.7
448.46 15.9
449.29 18.0
450.45 4.3
451.39 1.6
452.56 8.4
453.35 12.3
455.40 7.8
461.42 4.3
463.30 2.8
467.42 1.7
468.29 16.1
470.30 18.0
472.92 4.0
474.18 1.9
475.33 4.8
479.21 16.3
479.99 13.6
481.48 3.0
483.36 8.2
487.30 6.1
491.41 1.9
494.00 17.7
495.98 1.8
496.66 2.8
497.52 8.5
498.38 10.0
499.27 7.2
500.48 8.4
503.75 15.8
505.24 8.1
506.34 12.2
507.50 5.5
509.17 7.0
512.52 6.6
513.25 3.5
515.12 8.9
516.50 13.8
519.37 9.5
520.79 16.5
522.59 8.4
523.26 6.6
524.57 5.4
527.52 25.2
528.23 9.4
530.23 4.9
531.28 5.5
532.27 6.1
533.43 1.8
534.79 21.7
535.53 5.3
536.30 9.2
537.48 4.4
540.99 8.8
545.63 1.8
547.64 15.1
548.36 18.6
549.29 8.0
551.18 20.4
553.33 14.0
554.06 4.9
555.47 19.4
556.45 1.9
558.94 11.5
560.66 12.5
562.38 19.6
564.31 7.9
565.45 45.7
566.96 14.4
569.32 9.2
570.43 4.7
571.28 6.8
572.51 1.5
573.48 16.6
574.21 7.6
575.71 25.0
577.78 18.9
578.96 5.7
580.37 164.2
581.25 9.3
581.98 5.8
583.47 107.6
584.71 28.6
586.00 19.8
587.25 20.9
589.09 9.2
590.97 59.1
591.94 79.1
593.17 18.4
594.68 20.5
595.97 4.9
597.17 15.7
598.97 13.9
600.64 24.4
601.54 33.3
602.29 23.6
603.36 17.0
605.49 28.6
606.45 14.4
607.51 18.0
608.45 119.7
609.60 12.4
610.57 39.7
611.67 124.0
612.58 3.8
613.39 9.9
614.73 21.1
615.98 79.7
616.66 2.2
617.48 11.9
618.63 25.2
619.49 25.0
620.47 14.7
621.45 9.6
622.52 48.2
623.23 46.7
624.14 7.6
625.14 58.3
626.08 22.9
626.87 10.2
627.58 4.4
629.27 335.4
630.66 23.2
631.59 11.4
633.86 613.0
634.62 31.7
635.83 41.9
636.84 41.3
637.72 3.9
639.15 93.5
640.20 33.4
640.91 16.1
641.53 8.0
643.68 207.7
644.92 34.8
645.93 14.2
646.54 14.7
647.63 23.6
648.35 207.4
649.71 29.5
650.62 85.0
651.96 26.6
652.71 11.7
653.55 7.3
654.69 101.8
655.58 51.8
656.90 50.9
658.98 274.4
660.25 57.7
661.02 17.5
661.78 30.1
662.70 104.8
663.39 704.0
664.38 76.0
665.39 105.2
666.14 138.6
667.63 101.0
668.59 56.2
669.58 65.3
670.50 51.7
671.95 110.6
672.78 13.1
686.77 2.0
687.74 9.4
693.00 11.0
695.86 14.3
696.76 27.8
698.12 18.1
700.50 2.0
701.91 67.8
703.73 1.8
707.47 105.2
708.22 19.2
708.88 11.2
711.52 27.3
712.53 22.3
713.55 146.3
714.27 21.7
716.82 61.5
717.92 62.0
719.04 7.1
719.73 9.0
722.29 13.6
725.11 10.6
726.99 26.3
727.90 4.8
728.85 31.3
730.66 75.5
731.77 4.9
736.21 43.2
737.04 27.0
739.46 15.2
740.32 17.4
741.12 6.7
745.87 38.7
746.55 30.9
749.28 118.6
749.92 62.0
750.88 3.9
751.87 25.6
753.72 20.6
755.14 148.1
757.10 1.8
758.18 10.9
760.11 10.7
762.04 4.7
763.75 75.8
764.46 8.3
765.69 4.7
767.34 52.0
768.09 29.5
768.72 21.9
769.59 29.0
771.07 5.2
773.38 2254.6
774.72 162.3
775.60 100.7
776.60 9.5
778.13 9.9
778.89 17.7
779.87 5.6
780.53 13.4
781.15 315.8
782.94 16.7
783.56 22.0
784.52 9.9
785.28 5.5
787.45 137.4
788.68 61.0
789.60 4.2
791.14 5.9
792.30 47.2
792.91 9.1
795.71 2.8
796.56 16.5
797.83 5.1
799.80 10.4
801.59 308.6
802.38 80.9
803.40 10.2
805.20 145.2
805.93 35.8
807.11 150.6
807.88 48.3
809.49 6.8
811.06 3934.3
811.96 102.6
813.01 339.4
814.03 21.0
815.06 41.7
816.80 13.9
818.64 627.3
819.32 100.6
820.35 127.7
821.43 73.7
822.53 8.7
823.55 12.4
824.30 21.2
825.78 25.7
826.44 5.4
828.44 44.0
830.09 753.5
831.09 10.3
832.92 66.7
833.78 37.8
835.42 116.0
836.22 31.4
837.66 16.8
838.77 1599.7
840.10 219.8
841.05 14.8
841.96 17.0
842.64 8.0
844.10 57.1
844.77 3142.2
845.97 458.5
846.66 64.4
847.49 14.7
849.06 154.1
849.79 33.2
851.56 847.4
852.36 188.9
854.70 64.4
856.64 21.8
857.70 894.9
858.60 25.2
859.90 5.3
860.92 12.7
862.24 8.2
863.76 3829.4
864.85 24.2
865.73 20.6
866.84 15.8
867.88 27.7
868.59 25.0
869.76 109.7
871.33 28.2
872.70 14.4
875.82 8.6
876.99 5.8
878.32 85.1
878.97 7.9
884.12 126.4
885.03 48.9
885.77 5.0
887.09 51.2
888.06 15.2
890.46 4.3
892.85 12.7
893.75 6.5
894.58 6.6
895.90 7.6
896.77 2.7
898.58 8.4
899.53 3.1
901.22 1.8
901.98 4.8
902.72 4.6
905.33 6.4
906.08 6.1
907.60 3.1
908.68 3.0
909.89 11.3
913.86 10.6
914.48 2.7
917.88 10.4
918.52 3.6
919.14 5.1
920.30 6.0
924.90 20.3
926.05 17.9
928.18 16.7
929.99 8.4
931.55 6.5
932.56 3.0
934.56 1.7
935.99 23.0
936.77 28.6
937.39 4.4
938.34 5.1
939.58 13.8
941.14 13.2
942.28 6.1
945.40 6.9
946.27 10.2
949.40 16.8
951.63 11.2
953.36 13.3
958.19 2.7
960.85 9.3
962.78 6.1
966.31 55.2
968.40 9.4
969.35 16.2
973.53 8.0
974.48 14.1
975.56 20.9
976.18 4.7
980.65 7.6
982.73 28.4
985.72 5.4
988.37 3.7
991.29 2.9
992.45 35.9
994.46 10.9
995.06 14.5
996.00 2.4
996.75 12.1
997.90 9.8
1001.55 2.1
1003.74 67.1
1004.69 13.8
1009.48 17.2
1010.11 12.6
1012.12 6.1
1016.30 1.4
1018.44 87.3
1019.09 15.3
1019.88 4.8
1020.68 6.4
1021.45 4.8
1022.71 4.4
1023.56 2.2
1025.18 23.6
1028.55 3.4
1035.93 12.4
1038.35 4.5
1047.09 9.0
1053.41 2.4
1054.54 1.6
1058.76 4.7
1061.72 8.2
1063.78 7.2
1067.15 3.3
1068.13 15.0
1069.48 12.2
1075.24 3.8
1081.21 5.3
1082.69 4.1
1086.42 1.9
1095.83 6.4
1096.50 4.5
1099.63 2.8
1100.47 4.5
1102.65 5.9
1103.58 1.5
1104.20 8.2
1105.11 10.2
1106.36 3.6
1109.63 2.3
1112.22 4.5
1116.70 2.2
1119.55 5.7
1122.53 8.9
1124.20 27.2
1126.85 3.3
1128.39 3.9
1133.99 2.3
1135.81 14.0
1136.81 1.5
1138.70 8.2
1143.42 3.9
1144.72 6.2
1149.89 4.5
1151.70 15.3
1156.72 4.6
1159.39 159.2
1160.17 62.2
1162.52 6.3
1163.25 3.9
1164.53 5.2
1167.39 2.7
1170.89 4.3
1173.70 6.2
1174.32 8.7
1182.23 4.8
1187.92 24.2
1188.57 3.1
1199.05 12.7
1202.81 2.8
1208.39 2.9
1215.62 3.5
1216.97 5.1
1222.47 1.6
1227.36 4.2
1232.53 3.3
1239.27 11.7
1248.89 6.2
1249.91 2.3
1257.28 3.1
1278.48 9.6
1285.74 3.7
1290.83 1.8
1301.06 2.1
1301.97 2.8
1306.73 4.9
1309.12 10.7
1353.12 4.8
1366.73 1.9
1369.47 3.4
1382.89 1.9
1389.60 3.3
1392.19 2.0
1413.80 3.7
1427.94 2.8
1433.85 3.8
1447.53 3.6
1499.94 2.5
1504.78 4.2
1540.42 1.6
1565.82 2.3
1581.92 6.8
1609.73 12.5
1633.82 3.5
1652.18 5.0
1672.14 4.1
1685.72 2.3
1686.72 1.9
1709.63 3.3
1715.88 8.3
1734.84 2.7
1817.11 2.0
1821.02 2.1
1848.78 4.7
1855.39 7.4
1871.08 4.7
1882.32 9.8
