1384.72197 2
197.31 9.0
198.21 1.3
203.21 1.1
206.12 2.6
211.16 12.7
212.19 63.6
213.29 4.6
217.23 7.7
221.37 5.1
223.18 58.0
224.31 1.6
227.35 3.6
228.13 2.1
229.20 2.8
231.04 4.2
232.31 2.5
233.23 4.7
234.22 7.1
235.07 13.1
236.47 4.0
238.23 1.3
239.24 7.3
241.20 106.1
242.27 21.3
242.95 4.2
245.35 3.1
247.11 2.4
248.45 1.3
249.27 2.8
250.26 1.8
254.22 9.0
255.36 4.5
256.33 5.7
257.19 10.6
258.14 7.1
260.31 5.5
262.30 13.1
263.15 6.4
264.33 7.7
265.37 5.9
268.17 3.6
268.99 1.3
270.12 20.3
271.18 2.1
272.35 2.4
273.19 1.4
276.31 55.0
277.12 21.2
278.37 2.3
279.40 2.1
280.18 3.8
282.45 1.8
283.39 1.8
286.46 2.6
287.15 10.8
288.29 9.2
289.08 9.3
290.36 7.0
291.25 4.5
292.02 1.5
293.22 4.0
294.18 1.3
295.29 1.8
297.25 17.4
298.35 7.1
299.20 1.9
301.08 13.2
302.09 11.3
302.95 1.1
305.26 32.8
306.34 6.1
309.20 5.7
312.35 1.5
313.08 1.1
314.32 5.6
315.32 5.8
316.80 20.3
317.41 53.6
318.35 8.1
319.17 6.1
320.32 22.2
323.55 1.3
324.52 3.7
325.99 15.6
326.66 1.1
327.29 3.8
329.07 1.1
331.20 53.9
332.37 12.8
333.37 2.6
335.87 10.6
337.31 3.7
338.18 17.8
339.32 3.2
340.14 11.8
341.26 24.1
342.25 16.0
343.26 32.5
344.24 19.3
345.29 10.5
346.28 6.5
347.37 2.9
348.53 3.5
349.96 1.0
351.42 8.8
352.25 1.6
353.25 13.8
354.28 16.9
355.23 8.7
357.26 3.7
359.16 179.9
360.25 24.6
362.11 44.0
363.37 4.2
365.47 3.2
366.52 4.9
367.27 4.5
368.18 5.1
371.30 129.6
372.32 36.3
376.21 9.6
377.17 8.4
379.99 3.1
381.63 9.7
383.31 14.2
384.68 10.5
385.31 5.3
386.49 2.8
387.16 8.8
388.71 6.4
389.39 3.4
390.22 7.0
391.46 3.4
394.24 2.3
395.26 3.6
396.17 4.2
397.07 4.2
400.40 4.5
402.26 1.2
404.22 3.4
405.28 4.4
406.17 2.6
410.17 30.9
411.30 41.5
412.23 11.2
413.49 2.3
415.24 13.9
417.25 47.2
418.10 6.6
419.04 36.5
421.83 6.8
422.59 5.5
423.61 6.1
424.51 6.8
426.62 13.8
428.49 5.7
429.22 4.7
430.08 9.4
431.24 16.4
432.29 27.6
434.14 81.4
435.33 72.2
436.38 16.2
437.35 4.1
438.49 7.1
439.44 2.4
440.51 11.5
441.62 4.7
442.53 8.1
443.21 4.8
444.71 19.7
445.83 33.8
447.39 13.9
449.38 14.1
450.58 9.9
451.60 21.2
452.25 215.5
453.28 54.5
453.93 32.9
454.93 12.0
455.85 13.6
456.48 56.7
457.31 47.9
458.60 33.4
459.50 4.4
460.38 11.4
461.19 8.4
462.37 4.1
463.22 2.3
464.21 5.4
465.93 16.6
467.51 712.4
468.54 21.7
469.37 20.5
471.34 7.5
472.20 4.7
474.23 290.6
475.30 73.0
476.45 15.5
478.19 23.6
479.32 1.7
480.57 8.5
481.49 2.1
482.76 11.0
484.37 218.1
485.36 37.0
486.39 14.0
492.48 10.6
493.36 10.0
494.34 8.8
495.38 4.7
496.36 21.1
497.25 11.8
498.34 5.8
499.00 5.1
500.35 1.9
501.42 19.0
502.43 10.7
503.25 4.7
504.69 15.9
505.64 8.0
506.37 6.5
507.37 11.1
508.42 14.0
509.47 4.9
510.35 3.7
511.47 11.5
513.13 18.3
514.21 80.6
515.24 19.0
516.41 7.0
518.33 92.2
519.13 33.3
520.82 25.7
521.73 7.9
523.59 12.1
524.45 7.3
525.66 8.3
527.06 488.5
527.87 15.4
528.63 2.7
530.32 12.8
531.21 86.1
532.31 84.2
533.14 18.8
535.38 6.8
536.46 14.7
537.32 9.3
538.34 7.2
539.29 9.9
541.12 1138.7
541.87 3.0
542.49 39.6
543.76 4.0
545.27 14.1
546.32 22.6
547.59 7.5
548.44 14.3
549.63 128.2
550.51 35.6
551.61 19.6
552.52 10.0
553.71 45.3
554.43 6.3
555.41 23.5
556.41 15.6
557.45 16.1
558.74 17.2
559.56 8.5
560.41 46.9
561.25 13.4
562.60 8.1
563.73 21.5
564.58 5.1
565.62 29.5
566.36 38.7
567.45 316.0
568.45 92.9
569.31 12.6
569.92 16.2
570.53 7.3
571.55 9.3
572.59 11.6
573.67 16.0
574.42 13.8
576.04 60.0
576.92 22.1
577.64 16.4
578.80 27.2
579.59 63.6
580.64 22.5
581.55 9.1
582.38 12.3
583.36 19.0
584.80 72.3
585.54 174.7
586.45 43.2
587.58 21.1
589.32 101.7
590.12 351.8
591.35 57.8
593.20 28.9
594.42 12.0
595.17 2.5
596.17 34.8
597.50 12.7
598.59 2806.0
599.47 45.2
600.96 10.4
602.15 14.2
602.86 7.7
603.74 27.3
604.62 29.0
605.62 32.8
606.70 6.3
607.32 5.2
608.80 13.2
609.54 47.5
610.72 28.2
611.49 57.2
613.07 127.8
614.14 8.6
615.24 13.6
616.48 21.7
618.20 156.3
619.00 48.9
619.68 1.3
620.43 9.4
621.23 17.2
622.63 1.3
623.68 11.4
625.36 16.2
626.87 604.9
627.48 468.7
628.24 138.6
629.26 124.9
630.28 32.8
631.47 28.3
632.66 27.4
633.84 40.6
634.49 18.4
635.81 116.2
636.44 59.0
637.51 16.0
639.43 17.7
640.35 13.5
641.40 25.7
642.56 29.9
643.63 5.7
645.22 167.9
646.31 645.3
647.32 198.5
648.39 126.5
649.62 75.0
650.57 65.2
651.66 16.8
653.50 60.6
654.36 16.1
656.57 32.3
657.38 30.8
658.37 58.0
659.39 20.2
660.41 77.8
662.14 295.0
663.30 1559.3
664.35 451.7
665.61 32.9
666.65 148.9
667.51 11.6
668.31 12.0
670.24 200.9
670.98 321.7
672.40 21.8
674.58 189.9
675.74 1800.1
676.47 409.2
677.43 27.6
678.47 296.8
679.63 63.7
681.25 37.5
682.42 15.3
684.23 409.6
685.00 50.0
699.63 1.1
704.48 471.7
705.58 148.0
707.19 3.6
709.48 1.4
710.48 1.4
712.26 33.8
713.33 16.5
722.47 1796.7
723.47 586.4
724.09 1.8
725.00 6.3
727.90 5.3
728.59 8.2
730.64 4.3
732.28 1.3
733.36 11.2
735.22 1.5
737.47 1.3
739.60 14.0
740.56 6.8
741.61 2.7
745.39 4.1
746.71 9.9
747.35 1.4
748.36 5.3
749.30 11.9
752.26 1.4
755.34 5.6
757.89 8.9
761.64 2.6
763.32 4.2
764.26 9.2
765.34 32.4
766.37 17.2
769.26 6.6
770.35 1.9
771.00 3.7
774.91 6.2
775.75 7.4
776.88 3.6
778.57 3.6
779.78 4.5
782.38 123.8
783.41 73.6
784.36 5.2
785.90 3.5
786.54 1.6
787.51 1.4
788.16 1.7
791.25 16.5
791.97 5.2
792.57 1.5
793.59 2.8
794.63 6.1
795.43 5.3
799.86 14.4
800.47 61.0
801.38 42.0
802.24 13.6
802.89 3.2
805.37 1.8
807.66 15.5
808.34 3.4
810.91 4.3
815.01 5.8
816.81 2.3
817.58 22.0
819.32 25.2
820.24 5.5
822.62 9.7
823.56 9.9
824.42 18.2
825.43 21.8
826.28 19.9
827.23 31.8
827.91 1.1
828.51 6.5
830.56 7.6
831.60 21.5
836.89 26.3
837.59 6.2
839.51 5.9
840.42 1.9
842.82 8.3
844.63 6.5
847.97 27.6
849.50 5.2
850.39 1.4
851.47 3.1
852.11 5.7
853.14 1.7
854.62 5.2
855.64 4.6
856.27 5.5
858.38 3.1
860.77 14.6
861.63 4.9
863.68 1.1
865.92 14.3
866.70 1.4
867.53 3.1
872.87 8.2
873.65 7.7
874.69 4.8
876.50 5.0
877.62 4.5
878.48 7.3
880.32 22.1
881.81 3.1
882.63 9.2
883.61 17.2
884.46 37.7
885.51 44.2
889.17 23.3
890.76 3.5
892.59 1.5
894.63 36.9
895.64 13.7
899.16 4.6
900.43 5.7
901.51 151.9
902.57 38.3
903.53 32.2
904.59 12.0
906.36 3.8
911.54 2.1
913.58 1.4
915.40 11.7
916.40 16.8
917.76 14.1
919.44 7.5
920.49 14.2
921.69 22.2
925.58 6.3
929.95 8.7
931.05 13.3
931.91 9.7
933.58 251.0
934.63 106.9
935.80 4.9
938.02 13.2
938.78 11.1
940.30 10.6
942.58 1.1
945.33 3.3
946.74 2.2
951.08 4.2
957.26 2.5
958.14 8.8
963.23 4.6
964.83 2.5
965.53 4.4
967.14 4.4
968.54 4.4
969.21 1.1
972.28 8.0
973.09 9.5
978.78 12.0
979.99 13.7
987.87 2.6
988.48 5.1
991.10 6.3
991.81 1.3
993.30 4.5
995.88 5.7
996.60 13.1
997.53 25.8
998.71 6.9
999.57 5.3
1000.87 4.0
1009.52 4.5
1010.56 2.9
1012.38 6.2
1013.53 3.0
1014.50 67.8
1015.50 43.5
1016.35 5.2
1019.64 3.3
1023.39 3.3
1026.45 2.0
1027.95 6.1
1028.70 2.3
1030.36 1.7
1031.53 3.6
1037.69 1.6
1039.51 4.8
1040.95 1.6
1045.76 1.3
1046.37 2.0
1047.37 1.3
1050.75 1.6
1052.76 3.7
1053.37 3.0
1054.69 6.2
1055.42 3.7
1057.58 2.1
1059.83 7.0
1061.91 1.1
1062.88 4.3
1063.80 10.9
1067.42 1.3
1070.48 2.2
1073.56 2.3
1074.62 1.3
1080.68 67.8
1081.75 36.3
1082.85 7.4
1084.50 4.9
1085.72 2.6
1087.53 3.8
1088.45 3.7
1089.64 5.5
1090.61 2.4
1092.72 9.4
1093.52 4.2
1097.78 3.0
1098.63 13.4
1100.88 2.2
1101.57 4.0
1103.29 1.4
1108.38 2.1
1109.67 21.7
1110.55 48.9
1111.60 18.0
1112.56 11.7
1113.78 3.4
1115.93 12.0
1116.73 11.1
1120.48 7.2
1123.67 3.4
1127.54 83.1
1128.55 53.8
1129.73 19.0
1130.67 15.6
1133.47 7.0
1134.69 2.2
1138.68 12.9
1139.79 1.6
1140.73 3.8
1147.75 2.0
1150.50 4.2
1151.96 4.9
1152.63 3.1
1156.44 16.1
1157.41 4.6
1159.03 6.1
1162.77 1.3
1165.46 1.1
1166.11 11.5
1168.51 2.1
1172.32 1.0
1173.65 5.8
1174.50 3.0
1185.88 2.3
1191.35 7.9
1193.41 1.4
1194.46 6.1
1195.69 1.8
1197.72 2.1
1201.64 3.1
1212.78 5.1
1215.64 3.3
1226.65 7.6
1227.52 6.3
1229.71 2.9
1231.45 3.8
1234.99 1.4
1236.02 2.9
1237.39 1.4
1238.87 3.6
1253.01 6.5
1253.96 3.1
