1589.712500000001 3
159.26 1.9
161.29 3.1
167.25 2.6
169.07 4.6
169.84 6.2
173.23 2.1
174.03 3.4
175.12 2.3
176.00 6.5
178.25 1.2
180.41 1.6
181.38 3.2
182.22 4.0
183.25 3.3
185.13 272.5
186.20 17.9
187.22 32.1
190.28 1.3
192.73 7.6
193.35 1.1
195.50 2.9
197.25 8.9
198.61 2.7
199.24 9.9
201.19 8.8
202.21 11.2
204.13 54.8
205.29 1.7
208.33 1.8
210.25 5.6
213.16 444.4
214.27 13.9
215.18 8.0
218.22 1.8
219.03 2.3
221.01 3.6
223.21 20.4
224.34 8.8
225.30 1.3
226.38 1.3
227.32 2.6
228.31 3.1
229.85 1.2
233.19 3.0
238.23 8.5
241.24 62.6
242.19 6.9
243.15 2.5
244.21 1.7
245.23 2.7
247.09 4.1
249.42 3.7
250.30 6.4
251.31 6.6
254.22 10.4
255.28 4.0
256.05 1.2
257.25 5.2
258.32 6.5
259.19 1.5
260.44 1.4
262.16 16.7
264.33 5.5
264.99 2.0
266.20 11.3
267.28 6.2
268.07 2.7
269.34 14.9
270.21 21.4
271.32 6.6
272.23 7.9
273.22 2.2
275.22 22.7
276.32 7.5
277.20 7.8
278.12 7.1
279.28 4.2
280.01 5.9
281.17 4.1
282.65 3.2
284.16 2.8
285.25 1.4
286.20 5.4
288.07 4.2
290.13 7.7
291.17 13.0
292.06 5.6
293.54 3.0
294.29 1.1
296.28 10.3
297.91 4.8
299.16 1.5
299.98 6.1
300.86 5.9
303.16 5.0
305.46 2.1
310.89 7.1
312.51 8.1
313.25 4.1
314.31 1.3
318.24 5.0
320.49 8.9
322.25 13.8
323.24 2.5
324.26 2.0
325.64 11.3
327.13 33.6
329.16 5.6
330.02 1.2
331.10 10.5
331.99 3.3
333.23 4.0
334.27 21.2
335.11 1.4
337.04 1.2
338.19 16.2
339.43 5.4
340.36 6.0
341.28 3.9
342.55 4.3
343.26 4.6
344.25 1.5
345.13 6.0
346.19 4.8
349.18 10.7
350.13 23.5
351.25 7.3
352.56 11.4
353.36 9.4
354.20 9.8
355.30 3.9
356.28 11.5
357.31 42.5
358.25 6.8
358.97 2.8
361.30 16.9
362.22 3.3
363.24 17.1
365.14 2.1
366.20 5.4
367.37 11.8
368.38 1.4
370.42 6.6
371.30 4.9
373.15 2.8
374.41 25.0
375.89 3.9
377.10 23.0
378.24 3.8
379.34 6.5
382.42 2.2
384.14 30.3
384.77 1.1
387.45 10.5
388.44 2.9
391.13 17.8
392.22 1.8
394.13 4.0
395.53 3.6
396.33 6.5
397.31 5.0
398.28 13.7
399.06 26.7
400.24 5.5
401.76 6.0
402.43 7.8
403.73 21.0
405.35 17.3
406.27 4.8
407.05 7.9
408.02 16.4
409.96 31.5
410.75 20.0
411.50 2.7
412.29 7.7
412.95 2.5
413.98 28.6
414.79 4.5
415.43 6.6
416.37 35.8
417.42 48.1
418.42 2.6
419.64 17.1
420.65 16.3
421.41 28.2
422.44 6.4
423.65 30.2
424.60 12.6
425.77 40.8
426.42 78.0
427.30 25.0
428.02 4.3
429.20 23.3
430.23 1.3
431.19 8.2
432.72 19.4
433.37 9.5
434.19 12.3
435.30 23.2
436.90 20.2
437.98 20.8
439.40 13.2
440.26 20.0
441.29 39.4
442.58 60.7
443.71 31.6
444.52 19.5
445.39 8.2
446.32 6.5
447.21 25.5
447.87 38.0
448.68 15.5
449.72 50.1
450.49 12.2
451.17 9.4
452.18 6.7
453.62 16.7
454.68 34.3
455.31 20.0
456.12 16.5
456.96 19.6
458.43 11.8
459.49 14.9
460.54 22.0
461.39 19.4
462.40 39.5
464.00 64.1
464.89 16.6
465.68 6.8
467.02 39.9
468.14 34.1
469.17 19.0
470.36 17.1
471.41 25.5
472.54 44.5
473.50 61.5
474.37 45.4
475.55 18.1
476.35 26.3
477.37 59.6
478.25 21.8
478.98 11.4
480.15 38.5
480.98 49.5
482.30 43.1
483.35 26.6
484.66 39.3
485.46 73.3
486.24 61.3
487.06 65.9
488.00 13.9
489.25 36.2
490.13 255.8
491.28 71.5
492.73 89.7
493.43 4.6
494.40 47.9
495.42 29.3
496.23 12.7
497.80 20.8
498.94 71.6
500.19 117.4
501.02 54.7
501.85 32.8
502.59 17.6
503.70 23.3
504.32 30.3
505.63 28.4
506.98 73.1
508.07 77.7
508.87 76.5
509.64 33.5
510.37 3.2
512.38 238.5
513.37 142.0
514.42 86.5
515.34 89.5
516.36 52.0
517.07 28.3
518.67 366.4
519.52 57.7
521.12 374.7
522.05 255.7
522.91 22.4
523.56 4.7
537.48 4.1
538.54 1.8
539.49 2.7
540.47 3.4
541.62 15.0
542.44 38.9
543.66 2.7
544.58 1.4
545.40 8.2
546.57 17.0
549.05 39.4
550.79 149.1
551.41 25.8
552.66 4.7
553.91 8.2
555.38 40.6
556.05 1.6
557.45 126.0
558.48 16.5
559.47 15.1
560.48 10.3
562.34 7.8
563.31 1.3
564.52 8.4
565.44 8.9
567.45 4.6
568.17 12.8
570.32 11.5
571.32 11.4
573.19 27.2
574.12 28.6
575.79 5.9
577.52 44.2
578.22 18.1
579.08 22.8
580.47 32.2
581.22 12.2
582.69 21.6
583.30 11.6
584.22 4.6
585.85 20.4
586.75 21.4
587.66 65.4
588.45 32.0
589.71 14.6
590.74 49.3
591.49 35.7
592.20 11.6
593.56 5.8
594.54 31.8
595.63 27.7
596.75 20.5
598.02 20.8
598.87 13.3
599.59 4.4
600.22 11.4
601.22 11.9
602.72 1.8
603.62 26.2
604.49 8.4
605.47 39.6
606.49 9.6
607.30 27.3
608.14 18.3
609.47 33.5
610.42 16.2
611.20 4.3
612.26 34.4
614.04 176.2
614.98 129.5
616.03 19.9
617.57 22.2
618.55 10.8
619.45 2.8
620.33 19.7
621.24 13.2
622.05 9.8
623.45 791.9
624.91 28.9
625.87 12.4
626.73 31.0
628.06 74.1
628.94 20.4
629.90 24.8
630.90 60.1
632.24 40.6
633.00 30.3
634.90 13.5
636.10 26.5
637.03 35.8
637.97 19.0
638.64 16.1
639.50 16.6
640.46 10.8
641.43 12.0
642.24 15.2
643.18 7.3
644.31 22.9
645.21 11.7
646.39 18.3
647.65 13.0
649.22 106.0
649.91 40.9
650.54 20.6
651.27 19.8
652.15 50.2
652.96 10.9
653.92 17.4
654.63 38.1
655.81 20.5
656.54 71.0
658.30 170.3
659.00 35.6
660.74 58.5
661.35 71.0
662.34 88.2
663.58 340.6
664.99 32.0
665.63 2.1
666.96 99.8
667.77 5.0
668.38 1.5
669.49 8.4
670.39 31.3
671.30 51.0
672.18 138.8
672.99 100.9
673.60 5.9
675.28 18.0
676.47 22.4
677.49 5.0
678.86 29.8
680.66 1282.4
681.42 270.7
682.42 8.5
683.33 9.1
684.12 9.0
685.19 123.8
686.13 31.3
687.08 10.1
688.11 7.7
689.47 8171.2
690.39 25.7
691.38 32.6
692.26 5.6
694.04 743.1
695.15 26.4
696.48 1.4
697.29 1.1
697.98 4.1
698.62 2.1
700.69 8.6
701.98 1.9
703.29 11.3
704.37 12.3
705.56 20.2
706.65 60.1
707.38 28.3
708.16 12.3
708.95 20.1
710.66 7.6
711.66 61.5
712.57 35.6
714.06 23.1
715.03 27.9
715.74 140.4
717.55 4.1
718.95 7.1
719.88 18.9
720.66 489.9
721.54 106.4
723.44 7.0
724.58 29.2
725.51 16.9
726.48 1.9
728.13 83.6
729.50 3208.6
730.60 89.5
731.63 19.1
732.40 10.7
733.31 5.9
734.70 8.4
735.96 12.2
737.20 5.2
738.99 606.0
740.23 15.4
742.26 11.7
743.83 23.1
744.60 1.7
745.31 2.7
746.15 8.0
747.08 3.9
748.72 2.8
750.39 13.2
751.46 10.1
752.86 3.6
753.62 5.5
754.47 3.9
755.28 2.3
757.21 3.2
758.22 7.0
760.62 6.2
761.60 2.7
763.98 3.1
766.45 3.7
767.77 10.0
768.53 6.2
769.49 11.2
772.29 8.2
775.64 15.7
776.65 6.1
777.55 3.9
778.40 2.1
781.20 6.7
782.35 10.7
783.51 10.9
784.75 13.3
785.78 13.4
787.08 15.5
788.28 4.9
789.74 7.1
790.56 2.5
792.85 7.4
793.74 7.3
795.10 12.9
795.71 3.1
796.33 16.0
797.53 12.3
798.28 17.9
800.50 4.5
802.35 5.9
803.78 4.9
805.23 2.8
806.60 2.9
809.17 3.7
810.33 11.5
813.56 4.9
816.20 9.4
817.82 13.4
818.67 5.8
819.47 5.5
820.38 17.6
821.06 3.0
822.40 3.5
824.27 5.9
827.76 1.9
828.47 1.2
829.30 12.9
831.47 7.0
832.75 2.6
833.35 3.2
834.39 3.9
836.43 12.0
837.60 5.1
838.38 5.2
839.60 6.9
840.86 5.4
841.55 7.8
843.10 7.8
845.57 10.2
846.58 18.4
847.43 2.0
848.46 8.4
849.49 4.0
850.23 4.7
853.21 5.5
855.47 5.3
856.54 10.2
858.27 5.3
859.30 2.1
862.44 3.8
863.25 3.1
867.30 34.1
868.25 15.7
868.87 3.7
869.55 7.5
872.44 12.6
873.62 1.8
877.50 1.1
878.60 4.8
880.46 3.9
881.44 3.8
882.57 16.5
883.57 8.1
884.34 18.8
885.56 8.7
886.48 2.8
888.65 3.8
890.35 5.1
893.40 12.3
897.15 14.4
897.80 8.9
898.67 5.5
899.47 8.9
900.53 8.4
901.48 3.8
902.51 4.2
904.26 8.5
907.34 10.3
908.36 3.0
910.53 7.5
913.39 2.2
914.99 2.0
917.09 5.2
919.93 1.4
925.16 4.4
926.28 19.3
927.62 18.5
928.53 7.1
929.29 2.1
932.42 1.5
934.05 7.1
939.50 7.4
941.54 4.8
942.20 4.1
945.51 1.8
947.66 1.5
949.68 6.0
951.52 3.8
952.54 1.7
953.38 3.4
959.32 1.7
961.57 3.1
963.57 3.1
965.47 6.3
966.69 2.1
967.35 1.1
968.44 21.2
969.35 3.9
975.41 2.4
980.65 6.1
982.37 9.4
985.44 2.2
988.33 7.1
989.20 1.6
999.32 12.9
1000.35 10.1
1002.40 2.1
1005.49 2.3
1006.62 4.9
1015.49 2.0
1016.60 4.6
1018.52 3.3
1021.40 23.0
1022.43 7.1
1028.87 3.1
1030.43 5.9
1032.37 24.5
1033.46 9.6
1035.47 5.3
1036.97 5.5
1037.60 2.2
1039.35 1.2
1043.87 1.1
1046.61 2.5
1048.52 4.7
1057.09 3.1
1057.72 6.7
1061.48 10.5
1062.36 3.2
1063.70 1.9
1066.33 2.0
1068.40 2.5
1073.99 1.5
1079.41 17.6
1080.91 9.7
1081.89 2.1
1083.05 8.1
1084.56 3.4
1086.30 10.4
1095.41 5.5
1100.57 4.1
1101.60 6.4
1102.54 6.1
1103.93 6.0
1104.55 5.4
1111.84 1.4
1113.60 36.2
1114.64 11.8
1120.39 27.1
1121.55 7.0
1127.76 1.1
1129.59 1.7
1131.48 1.7
1132.76 7.7
1141.43 2.6
1144.19 3.1
1155.64 1.5
1156.80 1.8
1158.70 1.7
1162.84 2.2
1163.62 7.1
1164.82 5.8
1170.65 9.3
1174.33 9.9
1175.06 2.5
1180.61 11.5
1182.52 8.7
1184.59 2.5
1188.60 6.5
1192.68 1.9
1193.81 1.3
1200.47 9.6
1203.87 7.0
1209.37 3.5
1210.92 1.1
1211.70 5.9
1226.57 28.0
1227.69 9.5
1228.60 26.2
1229.64 1.3
1231.64 1.5
1238.19 6.1
1242.80 2.3
1245.56 23.1
1246.58 15.6
1254.87 1.7
1255.72 4.4
1260.78 1.9
1262.70 1.5
1274.85 1.3
1281.46 4.9
1284.86 6.5
1290.77 1.6
1319.87 2.7
1325.63 18.4
1327.54 2.1
1341.03 5.5
1345.76 1.9
