952.5070099999999 2
137.14 1.4
138.16 3.6
139.20 49.2
140.30 15.3
141.17 2.9
145.11 1.6
149.23 3.5
151.12 1.7
152.06 1.4
155.16 172.9
156.25 76.8
157.10 2.1
160.49 3.8
163.13 1.3
166.32 4.2
167.13 1.3
169.20 78.4
173.14 7.5
174.15 9.0
175.14 13.4
176.19 1.5
177.11 5.1
179.77 2.3
181.02 3.2
183.03 338.1
184.10 97.8
184.87 3.7
187.22 4.3
188.21 1.9
189.09 1.9
196.20 22.1
197.18 41.3
200.19 95.9
201.19 32.9
202.28 4.8
204.54 1.9
205.28 3.6
209.18 3.0
210.32 22.2
211.18 29.1
212.18 4.4
214.09 822.4
215.08 59.5
219.14 2.0
221.07 2.9
222.29 7.7
224.15 38.6
225.21 19.4
226.14 4.0
228.16 158.4
229.21 8.4
230.21 36.3
235.14 9.3
236.35 2.2
238.20 1.6
240.30 1.7
241.29 12.0
242.27 1.6
243.32 23.1
244.06 3.9
244.70 6.1
246.22 16.1
247.10 3.2
248.25 3.3
250.22 12.7
252.40 2.6
254.16 1.4
255.14 2.3
256.68 4.0
257.37 3.9
258.26 4.3
262.03 2.3
262.92 7.1
264.15 16.7
265.47 3.6
266.31 5.6
267.21 4.7
268.39 1.3
270.28 3.1
272.15 6.5
273.30 2.1
275.26 11.7
276.03 4.2
277.33 4.6
278.17 3.4
279.17 2.4
280.23 2.2
282.02 3.1
283.41 1.7
284.69 1.4
286.25 1.4
288.23 2.6
289.69 4.9
290.41 2.9
292.10 1.9
293.55 3.4
294.20 3.4
294.95 9.0
296.05 2.4
297.38 5.4
298.25 9.5
299.03 4.7
300.15 12.0
301.09 2.2
303.09 2.1
304.96 1.3
307.36 4.1
308.20 8.6
309.16 2.0
310.14 15.9
311.17 27.3
312.17 21.0
313.14 2.4
314.13 2.2
315.15 10.9
317.46 140.1
318.45 7.7
319.15 3.1
320.22 2.6
321.48 3.0
322.35 10.7
323.41 46.1
325.31 4.3
327.32 1.5
329.15 63.2
330.26 20.2
331.47 8.5
332.40 33.7
333.16 4.2
335.51 6.3
336.50 15.8
338.33 13.2
339.23 10.0
340.23 21.0
340.94 9.1
342.88 6.2
343.79 9.6
344.75 2.0
345.62 27.9
346.32 8.5
347.18 8.9
348.25 14.9
349.79 3.2
351.10 16.7
351.94 1.1
353.49 16.2
354.43 49.2
355.34 6.3
356.21 1.2
357.31 24.3
358.70 20.8
359.41 11.0
360.23 12.5
361.82 26.1
363.30 852.0
364.36 12.1
365.45 6.0
366.25 32.3
366.91 39.0
368.06 18.3
369.25 29.7
370.09 18.3
371.31 15.5
372.70 12.8
374.33 40.0
375.59 19.1
376.81 16.2
378.28 14.8
379.39 23.6
381.26 543.0
381.91 182.5
383.02 35.3
384.30 3.0
385.11 3.2
387.26 491.6
388.27 99.2
389.43 32.3
390.49 52.7
391.31 6.0
392.24 19.2
393.16 28.4
394.34 9.2
395.49 34.3
396.55 19.8
398.06 35.4
398.86 248.4
399.79 21.8
401.04 12.5
402.37 28.9
403.28 18.8
404.89 17.7
406.37 4.7
408.09 32.9
409.23 158.6
410.23 98.4
410.95 128.2
411.93 25.0
412.96 6.1
414.54 15.9
416.03 184.8
417.17 22.1
417.87 20.7
419.02 27.9
419.86 80.9
420.72 13.5
421.52 2.1
422.96 227.1
424.56 154.3
425.38 45.6
426.35 33.6
427.92 36.9
429.06 246.8
430.38 26.2
431.81 46.7
432.63 26.2
433.37 39.9
434.77 67.5
435.93 39.0
437.00 105.5
438.01 176.6
439.38 57.7
440.35 69.0
441.55 23.3
443.67 131.7
444.48 111.9
445.57 218.1
446.65 149.8
447.37 94.1
448.27 3.3
449.65 302.7
450.33 173.5
451.30 9.7
452.94 477.1
454.47 1275.9
455.54 50.9
456.83 48.0
458.59 750.9
459.43 545.2
460.61 23.1
461.82 773.3
462.45 261.2
463.26 18.0
464.43 27.1
465.17 26.3
465.78 8.0
467.62 10834.6
468.37 2948.7
469.47 10.7
470.42 3.2
473.49 2.1
475.16 2.4
475.76 4.8
476.78 2.1
478.19 3.3
483.64 6.9
484.38 1.2
485.44 1.6
486.32 1.8
488.67 5.2
489.46 1.3
492.25 10.7
493.39 19.4
494.27 47.0
494.98 3.8
495.67 1.6
497.11 7.3
502.37 71.9
503.34 18.0
505.41 7.3
506.27 30.1
507.35 4.4
508.65 19.0
509.35 27.2
510.30 5.7
512.19 79.6
512.98 8.6
513.62 1.1
514.28 5.8
515.39 2.7
516.25 6.6
516.92 15.9
517.66 5.8
520.15 7.4
521.64 7.6
523.51 8.9
524.23 78.2
525.23 132.4
526.33 6.1
526.93 3.8
527.55 1.5
529.24 448.4
530.38 110.7
532.39 5.9
534.18 48.6
535.52 19.3
536.30 5.4
537.46 52.0
538.29 8.5
539.35 1.1
540.62 9.9
541.58 6.4
542.22 2.0
543.22 12.8
544.30 11.0
545.22 1.2
547.22 24.9
548.30 288.2
549.30 95.0
550.19 31.1
550.87 5.2
551.74 15.7
552.75 5.8
555.13 24.3
556.50 6.9
558.22 39.8
559.72 6.9
561.65 8.6
562.27 1.3
563.43 4.9
565.32 271.6
566.32 48.4
567.39 13.7
569.36 1.4
571.41 2.6
573.13 8.4
574.43 1.3
575.91 8.9
578.19 48.5
579.31 25.4
580.31 10.9
581.29 8.2
582.03 12.1
583.87 27.0
585.46 4.5
586.50 6.3
587.22 5.1
588.89 12.6
591.51 5.7
592.27 10.3
593.30 11.5
594.44 21.1
595.29 3.5
596.22 13.3
597.36 11.8
598.61 9.9
600.72 12.9
602.77 16.6
603.77 12.5
604.38 21.9
605.55 18.7
606.54 24.0
607.47 16.3
608.59 26.0
609.40 6.0
610.47 4.9
611.42 9.5
612.45 13.4
614.32 1.1
615.27 9.9
616.09 2.1
618.15 7.4
619.77 10.1
621.03 19.2
621.83 15.9
622.96 6.2
624.43 37.9
626.83 23.4
628.35 207.0
629.41 49.2
630.53 7.0
631.27 5.2
633.49 17.1
634.29 13.7
635.33 4.9
636.11 7.9
637.41 17.0
638.24 28.0
639.41 14.6
640.34 28.8
641.64 31.3
642.60 84.9
643.50 12.0
647.80 32.9
648.88 65.9
649.77 1.0
650.52 5.3
652.36 10.5
653.46 20.7
654.60 10.9
655.60 4.9
656.98 33.4
658.51 3.8
661.15 7.1
662.00 19.2
662.66 21.7
663.29 4.8
664.61 4.8
667.13 4.4
668.41 15.9
669.50 8.8
670.51 15.9
672.39 2.4
673.68 16.0
675.33 6.0
676.33 11.3
677.44 7.9
678.35 15.9
679.41 11.0
680.37 23.3
681.40 2.3
684.38 6.9
685.39 7.7
686.40 6.5
688.10 4.3
689.03 6.9
690.50 14.4
691.41 16.0
692.52 6.1
693.51 7.9
694.55 65.9
695.40 46.6
696.33 24.1
698.58 1.9
700.56 2.7
703.37 39.4
704.60 30.0
705.36 7.0
706.42 9.8
707.43 121.5
708.55 28.9
709.41 14.3
710.30 5.2
711.58 13.4
712.43 4.2
716.43 29.3
717.66 2.6
719.86 9.9
721.45 70.8
722.48 89.3
723.55 66.2
724.56 432.3
725.45 3794.2
726.42 1007.3
730.93 2.5
732.34 4.5
733.28 4.6
734.30 2.5
734.93 2.7
736.74 2.6
739.47 970.7
740.46 319.0
741.40 8.6
747.67 2.0
749.33 2.4
750.03 5.3
751.34 13.2
752.65 2.8
753.42 2.5
756.44 5.1
757.74 7.4
760.96 18.0
761.59 9.4
762.22 3.8
764.53 2.0
765.78 7.4
766.55 6.9
767.54 2.4
769.49 7.7
770.87 1.5
771.58 1.8
772.35 2.8
773.68 2.1
774.49 1.6
775.67 1.6
776.52 2.1
777.36 10.3
778.36 46.4
779.45 68.7
780.46 10.7
781.48 9.6
785.50 13.1
786.46 8.5
787.42 4.6
789.45 4.3
790.24 3.5
793.76 1.6
796.38 1031.6
797.48 423.0
800.57 3.4
801.65 6.1
802.72 11.8
803.66 12.1
804.53 3.8
806.29 122.6
807.51 56.3
814.42 17.7
815.45 6.9
816.23 9.2
819.53 15.8
820.55 28.3
821.46 6.8
823.37 13.5
824.35 9.4
825.47 4.7
826.81 2.2
828.12 1.7
829.68 1.3
830.64 3.0
832.68 1.9
834.35 1.4
837.57 1.6
843.90 1.4
850.01 3.6
862.33 2.2
872.55 3.5
873.32 2.5
874.55 1.5
877.51 12.6
878.62 1.1
881.24 5.8
885.36 6.5
886.49 16.0
889.50 5.4
890.57 4.0
892.46 1.1
896.55 3.8
901.56 1.4
907.51 196.7
908.57 76.2
912.75 2.9
913.65 4.2
914.58 9.0
916.08 4.5
929.32 2.9
930.58 58.8
931.61 34.1
934.63 1.4
954.90 2.7
