2025.05498 2
284.30 1.7
294.19 1.3
306.85 1.5
310.33 4.0
327.18 1.8
334.37 1.3
338.35 1.7
352.06 1.3
355.10 3.8
367.34 2.0
369.23 2.1
374.33 1.1
375.36 7.1
376.29 2.3
377.04 2.1
387.41 1.6
391.17 2.7
396.38 1.7
406.40 1.1
410.44 2.6
416.29 3.2
423.16 3.1
424.54 2.2
429.35 2.0
433.28 1.0
438.26 3.1
440.16 2.0
443.69 4.2
445.16 1.3
448.40 3.0
450.32 3.7
454.51 2.7
457.83 3.7
466.30 6.6
468.24 3.5
471.58 3.1
472.33 3.0
480.35 1.3
483.20 1.5
484.29 4.4
496.32 1.0
498.12 2.6
501.30 8.6
509.49 1.1
510.54 5.6
513.42 1.3
520.51 17.5
524.16 1.2
528.31 3.6
535.42 7.8
536.40 1.5
537.31 7.8
538.58 1.1
542.40 5.7
550.59 3.3
551.42 1.4
559.18 2.9
560.19 2.0
564.22 2.2
565.46 1.2
566.48 1.8
571.14 5.8
574.41 14.3
579.29 2.1
581.27 82.1
582.30 12.3
584.38 3.2
586.54 2.6
588.84 3.4
589.73 2.0
594.23 3.4
595.39 2.0
597.42 4.9
598.32 1.2
607.18 9.6
608.28 2.0
609.16 1.5
613.49 1.6
614.57 6.3
620.55 8.8
624.35 15.4
627.45 6.0
628.24 3.3
632.14 5.5
635.57 2.3
640.41 2.9
644.97 7.7
646.57 3.5
648.99 1.5
651.37 1.5
655.47 6.1
656.32 3.0
658.46 3.1
662.40 17.7
664.48 3.1
666.43 7.3
667.23 2.6
668.78 2.2
672.28 3.1
675.44 1.6
676.62 3.1
680.00 5.1
681.52 3.3
683.07 2.0
686.27 1.1
689.47 3.3
693.36 39.7
694.44 17.0
695.35 8.5
700.56 1.9
702.02 22.8
710.23 1.6
711.50 12.8
712.45 7.2
716.76 4.5
721.31 4.6
723.32 1.8
725.54 19.1
727.00 7.7
734.04 7.9
734.87 13.6
737.05 2.5
741.00 1.6
746.03 10.4
746.86 4.3
751.13 8.2
753.58 5.6
755.04 1.0
759.47 10.2
760.27 9.5
766.20 10.5
769.64 2.8
780.63 1.8
782.75 24.4
783.46 2.2
784.56 1.2
785.36 3.6
786.59 4.7
789.35 3.3
790.89 6.8
791.64 19.0
793.96 10.4
794.70 9.7
795.67 8.7
796.56 1.1
798.57 2.5
799.60 9.1
803.45 1.3
804.53 11.5
806.34 7.2
807.53 70.5
808.40 61.9
809.04 1.3
815.09 6.5
816.51 72.2
817.18 33.9
818.36 2.9
824.46 45.4
825.39 4.2
826.27 22.2
827.84 12.7
829.13 3.3
831.42 6.1
832.50 8.2
833.50 4.5
834.75 14.9
836.72 6.8
839.91 71.4
840.56 49.6
841.86 19.2
842.71 2.6
845.37 2.0
846.46 1.7
847.60 4.4
848.47 38.1
849.17 65.3
850.10 8.4
851.49 6.2
852.44 5.7
853.22 7.3
857.42 1.2
858.40 13.9
859.18 12.8
861.93 3.6
864.28 1.9
865.57 31.4
866.56 15.2
867.34 6.6
868.47 15.4
869.28 11.4
870.63 6.7
873.28 3.6
874.83 18.0
875.79 11.7
880.05 11.9
881.42 30.4
882.10 31.7
884.55 7.2
886.74 4.2
887.70 9.8
890.00 8.5
890.99 15.6
892.42 18.8
893.04 2.5
896.64 1.2
897.35 6.9
898.46 5.7
900.45 4.9
901.52 21.0
902.80 5.9
903.58 9.4
904.35 7.9
906.06 53.7
906.82 11.5
908.84 2.5
911.10 2.4
912.81 5.1
915.20 44.6
916.18 20.7
921.71 1.3
923.00 3.9
924.59 30.4
925.47 11.9
926.40 3.6
927.73 9.9
928.82 2.8
932.93 3.6
933.66 19.4
936.58 16.0
937.53 22.9
938.79 32.8
939.66 5.0
941.58 21.9
943.71 2.0
944.31 5.6
945.56 2.9
946.41 2.0
947.28 59.1
948.53 3.3
949.42 9.4
950.66 72.2
951.46 15.3
954.46 17.5
955.85 37.1
956.68 27.6
957.97 16.1
959.24 38.1
960.50 8.0
963.49 68.8
964.27 94.1
965.03 13.9
966.31 8.6
967.56 9.4
968.24 37.9
969.06 25.4
972.80 1904.2
973.86 19.8
974.72 5.1
975.83 6.8
976.43 4.0
977.50 19.6
978.51 3.9
979.68 6.9
981.33 965.3
982.75 102.8
983.68 6.6
984.64 1.3
985.26 7.9
986.62 15.5
987.32 11.4
990.21 35.3
991.39 57.2
994.80 25.8
995.86 286.3
996.76 56.7
998.36 13.1
999.03 1.3
1000.91 2.0
1003.60 3.0
1023.21 2.1
1024.40 2.8
1035.12 2.9
1037.51 1.6
1041.49 4.2
1045.50 4.4
1048.91 1.3
1056.02 1.5
1059.07 5.7
1067.75 4.9
1071.73 2.8
1076.43 1.8
1077.17 3.6
1084.55 2.4
1087.83 3.8
1091.92 7.3
1093.58 15.0
1094.65 7.7
1100.51 4.8
1111.13 2.3
1118.96 4.6
1123.31 3.5
1125.69 2.2
1137.78 16.5
1138.68 1.3
1149.73 4.3
1151.78 2.7
1152.88 1.3
1160.34 2.5
1163.96 4.3
1164.87 2.4
1167.57 3.9
1171.31 1.2
1171.94 1.0
1174.65 1.1
1184.74 2.1
1185.87 1.2
1189.79 2.8
1190.73 2.6
1195.88 4.4
1201.63 11.6
1202.77 12.0
1207.84 9.0
1210.43 2.6
1211.13 5.2
1217.94 2.3
1219.72 6.1
1223.50 1.8
1224.66 4.0
1231.10 1.1
1232.30 2.1
1233.63 7.2
1243.43 2.5
1248.97 2.0
1250.92 5.5
1251.77 3.9
1262.70 3.5
1264.95 5.2
1268.15 5.8
1269.04 3.6
1270.84 2.8
1271.88 1.3
1272.70 1.6
1273.90 3.5
1290.04 21.2
1290.91 1.2
1296.74 2.6
1298.97 2.8
1304.91 1.8
1305.94 1.2
1306.76 4.1
1312.71 1.3
1314.40 8.3
1315.31 4.7
1319.77 8.4
1320.73 2.4
1329.61 1.3
1332.88 4.4
1333.72 1.7
1334.80 1.4
1336.75 5.3
1337.84 6.0
1345.90 3.9
1349.02 1.7
1353.73 5.4
1354.96 2.5
1356.63 1.7
1358.97 1.5
1359.66 4.0
1363.44 13.8
1364.12 4.9
1365.02 3.8
1372.82 2.3
1381.05 4.1
1381.93 13.3
1385.61 2.6
1386.56 4.3
1401.88 3.3
1402.80 10.2
1405.64 3.0
1407.84 1.6
1410.84 3.0
1417.78 2.5
1420.11 1.7
1420.81 2.2
1424.92 3.9
1425.72 4.7
1426.82 13.3
1428.01 29.7
1428.90 9.8
1429.68 2.0
1439.84 3.0
1444.09 5.0
1444.96 6.5
1446.01 14.0
1446.69 2.6
1448.19 1.7
1450.16 2.5
1450.89 4.9
1452.87 4.3
1455.94 2.3
1467.14 10.3
1468.33 1.4
1472.02 6.5
1478.95 5.6
1488.70 2.5
1490.11 5.0
1507.30 1.2
1523.80 3.9
1524.54 1.3
1542.17 2.2
1542.96 1.3
1579.01 1.8
1582.55 2.7
1647.02 2.0
1683.39 1.7
1696.86 4.1
1715.61 6.8
1747.77 1.0
1812.40 2.2
1870.83 6.2
1882.91 1.7
