1206.62859 2
175.06 9.4
182.99 10.2
187.16 1478.3
188.26 162.3
202.15 6.3
203.43 8.3
210.54 8.0
211.75 8.6
213.23 9.2
215.18 1135.1
216.17 65.0
219.15 4.5
220.13 16.4
223.23 7.6
224.04 13.4
227.18 27.4
228.09 5.2
229.19 24.0
230.06 13.0
231.16 34.6
242.20 7.8
243.21 4.9
244.21 7.2
245.14 13.3
247.29 6.6
248.37 9.9
249.31 3.5
250.25 8.9
253.16 3.8
255.19 15.9
257.11 9.4
258.20 10.0
260.13 7.1
262.32 5.5
264.37 20.1
268.16 18.5
269.14 8.6
272.32 7.5
274.36 124.6
275.35 4.9
278.15 4.7
279.04 10.8
284.19 33.9
285.23 23.6
286.04 20.0
292.34 3.3
294.37 26.9
298.33 14.9
300.19 17.9
301.09 23.1
302.34 16.0
303.19 42.4
306.25 6.9
310.04 34.0
312.22 143.1
313.16 28.7
314.21 3.3
315.14 3.9
316.21 3.9
317.25 10.7
319.29 7.1
320.25 9.1
322.22 10.4
323.19 11.9
324.22 37.7
325.15 3.9
326.39 8.6
328.25 138.6
329.10 25.4
330.25 479.9
331.25 26.3
334.31 10.4
336.24 7.2
343.27 8.7
344.28 3.1
345.19 34.2
346.22 160.9
347.20 17.3
348.32 25.6
349.08 6.0
351.17 15.9
354.33 19.6
355.25 82.3
355.99 31.0
357.13 8.4
365.45 10.8
371.24 109.5
372.41 17.7
373.44 3.5
375.51 12.0
376.38 3.5
377.22 11.6
378.26 5.6
381.13 13.7
382.03 29.7
384.39 8.9
385.16 5.9
387.37 235.7
388.35 61.6
389.98 32.3
391.92 10.6
393.52 29.8
397.96 24.8
399.22 245.8
400.20 1301.3
401.23 291.2
402.49 26.6
403.42 13.2
407.56 17.4
408.25 6.5
409.29 9.2
412.30 6.0
413.11 21.9
414.23 33.6
415.38 25.6
417.21 2248.0
418.33 538.4
422.48 21.2
423.37 10.0
424.30 12.5
427.16 20.7
429.38 3.0
430.26 3.5
432.15 14.8
433.28 6.3
434.21 16.3
439.89 39.4
440.99 40.5
442.20 17.1
443.39 11.2
445.19 122.7
446.38 35.5
447.46 47.7
448.53 15.9
449.25 4.1
451.40 12.8
452.27 10.6
453.35 8.6
454.48 4.5
457.29 4.9
459.29 36.8
460.37 33.1
462.34 27.3
464.63 13.2
465.41 13.9
466.57 3.6
467.78 16.7
468.47 15.8
469.88 13.0
470.75 50.0
472.14 34.8
473.25 15.7
478.62 34.4
481.49 14.5
483.02 20.6
484.24 18.1
486.78 20.5
487.92 79.1
489.22 24.5
491.15 30.6
492.37 27.7
494.38 17.2
497.00 2169.5
498.17 21.3
499.84 49.8
501.72 21.5
502.64 3.5
504.37 8.3
506.32 9.8
507.80 27.6
509.58 22.9
514.39 49.9
516.68 12.1
519.18 28.5
521.85 54.5
522.78 5.6
523.45 5.7
524.55 29.8
525.42 4.7
526.33 18.1
527.30 4.9
529.01 60.8
530.10 22.4
532.35 33.0
534.37 525.6
535.37 186.9
536.30 13.2
537.61 41.7
538.56 23.6
539.23 8.5
541.25 132.3
542.21 109.2
543.40 69.4
544.44 98.2
545.40 15.3
546.97 121.1
548.04 55.2
549.58 17.0
550.60 30.9
551.45 24.9
552.06 14.7
553.24 133.1
553.97 161.2
555.68 72.7
557.24 5.4
558.54 39.2
559.30 36.2
560.21 334.1
561.32 87.8
562.14 43.6
563.48 67.5
564.52 159.4
565.75 8.8
566.46 7.6
568.54 17.3
569.44 6.7
570.65 26.1
571.97 220.6
572.95 86.3
573.69 103.0
574.53 28.9
575.20 31.2
576.88 85.2
577.75 50.3
580.92 74.3
582.05 42.9
583.07 127.7
583.80 41.1
585.12 167.3
586.22 454.4
587.20 232.4
588.69 25.7
589.35 25.7
590.14 20.3
591.80 29.3
592.46 189.3
593.32 11.4
594.82 166.2
595.64 238.7
609.41 5.4
617.47 3.5
619.60 57.6
620.20 10.9
624.35 7.9
630.06 29.8
631.27 8.7
633.86 59.0
634.98 24.7
636.57 23.2
637.30 18.9
638.33 34.4
642.73 20.8
645.13 12.7
645.79 10.8
647.54 761.8
648.53 295.3
652.87 11.3
654.73 51.8
655.61 36.6
656.34 33.7
658.31 26.0
660.17 12.4
661.07 6.4
662.88 39.9
664.67 30.2
669.49 6.8
672.86 52.2
673.58 124.0
674.42 48.6
675.86 18.1
676.48 15.5
681.49 7.1
682.27 12.2
683.05 14.3
684.89 10.1
686.31 17.2
687.00 13.7
687.89 18.9
688.99 10.5
690.08 17.8
692.19 45.9
692.92 4.3
698.49 27.9
699.71 17.0
700.32 24.2
701.23 41.6
702.29 34.2
703.04 24.3
704.23 32.8
705.78 14.5
707.49 3.1
709.42 7.3
710.02 13.3
710.91 28.0
715.76 34.9
717.44 73.9
718.64 13.2
719.63 83.8
720.54 24.6
722.65 32.9
723.30 7.4
726.33 13.8
729.01 31.0
731.98 17.4
736.57 8.5
738.60 9.3
739.64 5.5
740.98 24.2
741.62 8.4
746.68 10.8
748.15 23.7
749.33 8.2
751.12 9.2
751.83 11.1
752.65 3.5
754.25 5.8
755.53 27.7
759.46 6.3
761.32 38.1
762.49 622.9
763.46 151.2
764.57 4.7
765.18 21.9
766.41 35.1
767.59 25.5
768.64 18.6
769.29 15.6
770.47 3.8
771.10 20.0
772.35 46.1
773.57 24.9
774.68 36.0
777.43 3.6
778.64 29.2
780.86 26.9
781.94 5.3
784.04 52.4
784.76 3.6
785.88 21.4
786.66 31.2
792.17 25.7
794.96 28.5
796.21 4.9
798.81 33.5
799.50 7.1
800.63 14.2
802.17 82.2
803.45 36.5
804.43 5.2
808.44 3.5
810.76 20.1
813.04 61.3
813.82 36.4
814.92 58.6
815.78 11.4
817.60 3.1
818.59 44.9
820.45 62.0
821.27 18.3
822.24 15.1
826.41 12.2
828.57 29.3
829.80 3.2
830.69 41.6
831.51 57.1
832.41 140.3
833.48 24.6
834.47 10.9
835.53 7.8
839.39 38.5
840.23 48.9
842.33 7.5
847.13 16.3
849.33 24.3
850.35 24.2
859.49 79.9
860.69 24.3
861.48 24.0
863.40 76.5
864.37 12.2
867.54 14.7
868.74 12.0
869.85 7.4
870.51 9.0
877.52 1632.4
878.63 1012.0
885.71 7.8
887.40 33.2
888.65 5.0
893.69 4.1
897.34 41.8
898.45 20.8
899.29 7.7
900.60 3.1
907.82 4.3
910.49 7.8
911.16 7.8
911.84 8.6
913.51 23.9
914.51 22.7
915.66 76.6
916.55 36.4
918.60 7.1
920.62 16.3
921.54 3.9
928.55 152.3
929.61 122.2
930.51 5.9
931.56 18.6
932.74 30.9
933.46 62.6
934.24 55.4
938.68 5.6
946.59 24.1
947.89 18.3
948.62 10.9
954.53 5.0
956.50 4.4
957.68 6.0
958.48 7.3
959.66 7.4
963.53 8.5
974.54 533.6
975.55 339.9
976.75 39.3
977.61 13.2
978.57 14.5
980.02 12.7
982.64 8.7
983.31 15.0
984.33 14.6
985.82 9.4
990.20 10.3
992.49 7873.1
993.54 5867.7
994.61 17.5
998.64 23.3
1000.47 5.1
1002.20 9.2
1003.62 14.8
1006.46 8.0
1007.70 3.8
1010.32 39.4
1011.43 45.4
1012.81 5.9
1013.54 3.6
1016.47 11.1
1018.58 41.3
1019.55 18.9
1028.35 119.9
1029.56 130.6
1031.16 17.4
1038.59 3.2
1039.86 6.9
1046.58 318.0
1047.50 176.9
1051.15 9.9
1059.24 5.5
1064.34 3.0
1078.66 18.8
1080.69 3.8
1087.84 6.4
1088.53 3.8
1103.67 25.2
1105.53 29.6
1106.76 17.8
1119.00 7.6
1147.09 6.3
1162.34 9.1
1165.75 13.3
