1978.88225 2
279.55 8.3
280.27 14.7
282.36 6.7
284.05 10.9
285.29 30.8
288.26 115.2
289.28 21.8
290.24 3.5
292.40 5.7
293.13 4.4
294.32 2.1
295.35 4.6
296.26 6.5
297.44 23.7
298.13 37.4
299.12 14.1
300.31 4.4
302.14 3.6
304.36 3.9
305.34 3.3
306.29 12.7
307.31 7.8
308.40 13.3
309.09 24.8
310.10 26.0
311.18 5.0
313.12 49.3
314.89 12.8
316.28 11.0
318.10 5.3
320.13 2.5
321.25 2.9
322.06 12.4
324.23 18.7
325.07 17.3
326.10 57.3
327.02 27.4
328.19 51.2
329.29 10.2
330.23 5.8
335.23 3.1
336.38 2.9
337.45 7.9
338.18 3.6
340.11 7.8
341.33 12.2
342.30 23.5
343.24 136.8
344.24 97.9
345.18 186.4
346.16 51.1
347.22 32.1
348.11 19.9
352.24 15.2
353.24 7.8
355.12 3.3
356.14 6.5
357.26 7.8
358.17 53.8
359.09 15.8
360.22 64.4
361.11 22.1
362.16 7.5
363.28 52.6
364.27 23.1
365.19 48.4
366.23 49.0
368.33 19.4
369.59 7.1
371.63 16.6
372.30 14.7
374.39 142.3
375.39 55.8
376.34 6.0
377.15 32.5
378.28 7.9
379.42 20.0
380.26 21.6
381.21 29.6
383.10 53.0
384.23 8.9
385.27 7.6
386.39 13.5
387.20 13.9
388.06 4.6
389.23 25.1
390.06 7.6
391.30 4.6
392.46 11.3
393.50 7.6
394.17 25.7
395.20 82.6
396.38 37.2
399.43 12.5
401.42 347.8
402.53 48.7
403.35 19.0
404.51 2.9
405.22 5.8
406.51 4.3
407.49 3.9
408.25 4.6
409.13 5.1
410.42 12.5
411.41 46.2
412.21 30.6
413.25 224.7
414.29 54.9
415.42 7.5
418.20 4.9
419.49 9.0
420.39 4.9
421.38 12.2
422.35 15.2
423.23 61.1
424.20 5.8
425.61 9.6
426.44 18.0
427.27 16.5
428.47 20.2
429.36 22.3
430.28 65.9
431.38 33.5
432.37 3.4
433.34 22.6
435.66 13.9
436.29 7.4
437.30 49.8
438.26 31.9
439.20 31.6
440.05 67.4
441.23 249.1
442.26 30.7
443.40 22.2
444.59 6.5
445.72 9.0
448.30 26.8
449.53 27.7
450.38 11.6
451.31 44.4
452.09 12.7
452.73 21.6
454.35 30.4
455.21 60.0
456.38 42.6
457.11 64.8
458.20 321.6
459.32 76.3
460.56 7.4
463.18 14.7
464.28 11.9
467.25 9.6
468.23 34.3
469.25 17.2
470.40 14.1
471.39 25.4
472.22 12.3
473.21 165.8
474.22 124.1
475.16 46.8
476.27 38.7
477.36 11.8
478.45 36.6
479.35 40.1
480.28 69.8
481.34 69.6
482.29 20.2
484.30 34.0
485.15 15.5
486.50 44.1
487.30 10.2
488.28 43.3
489.29 10.7
490.15 18.9
491.18 8.0
492.13 16.7
493.23 4.3
494.21 25.4
495.19 24.8
496.23 110.5
497.28 68.2
498.33 30.3
499.38 13.3
500.30 49.6
501.38 15.5
502.31 16.6
503.47 16.1
504.39 32.0
505.49 32.2
506.38 23.9
507.57 13.2
508.36 73.1
509.34 82.1
510.12 19.3
511.40 12.1
513.30 25.3
514.45 18.4
515.90 36.6
516.52 38.9
517.22 15.3
518.31 18.1
520.31 21.1
522.58 16.6
523.47 24.0
524.37 11.6
525.17 29.5
526.31 230.4
527.27 73.5
528.09 11.7
530.37 5.9
532.40 426.8
533.45 140.2
534.24 67.0
535.62 49.2
536.43 72.6
537.34 38.8
538.20 22.8
540.66 9.9
541.38 31.8
542.29 57.3
543.36 73.7
544.37 86.0
545.24 22.4
546.12 16.9
547.42 19.2
548.48 9.2
550.30 11.1
551.33 262.9
552.39 133.6
553.54 100.0
554.27 234.5
555.29 94.1
556.47 23.0
558.37 9.5
559.28 77.9
560.27 33.2
561.31 50.9
562.23 17.2
563.26 10.2
564.37 28.1
568.21 18.4
569.41 74.1
570.23 141.6
571.39 287.0
572.23 310.2
573.27 96.6
574.36 27.3
575.63 14.9
576.34 26.3
577.47 1.8
579.50 64.7
580.49 24.1
581.37 27.7
582.30 20.2
583.93 3.0
586.56 61.4
587.36 85.7
588.47 58.3
589.29 274.0
590.32 100.2
591.32 58.6
592.42 41.0
593.71 7.0
595.20 14.2
596.29 13.7
597.22 19.3
598.35 16.9
599.46 6.1
600.44 12.6
601.30 12.6
602.38 17.0
603.36 5.2
605.25 2.5
607.43 6.3
608.49 39.0
609.48 41.2
610.47 37.8
611.46 7.2
612.48 32.0
613.72 42.8
614.64 33.6
615.43 17.0
616.22 14.9
616.94 40.0
618.18 12.8
619.49 23.5
620.28 60.5
621.06 11.2
622.16 52.9
623.45 31.1
624.32 4.5
624.99 3.7
626.72 70.8
627.50 42.9
628.54 41.3
629.52 22.1
630.46 5.1
631.32 12.3
632.37 54.4
633.71 11.6
634.56 6.9
635.58 27.1
636.40 93.1
637.47 82.4
638.54 39.6
639.39 125.5
640.28 119.4
641.13 33.3
642.37 11.9
643.73 10.7
644.49 36.2
645.47 1753.5
646.53 705.0
647.43 122.6
648.40 76.0
649.40 54.6
650.50 35.2
651.20 15.2
653.15 23.9
653.77 1.8
655.09 79.5
656.46 156.8
657.38 259.5
658.32 114.4
659.06 2.8
660.17 9.9
660.79 15.5
661.59 6.1
662.37 11.3
663.57 55.6
664.43 395.4
665.44 311.9
666.24 281.8
667.28 350.2
668.22 164.3
669.60 8.6
670.28 46.0
671.19 55.7
672.41 52.4
673.31 20.3
674.24 65.4
675.24 27.5
675.90 4.4
676.95 16.2
678.51 18.0
679.57 17.1
680.47 29.6
681.56 45.6
682.56 99.2
683.39 59.9
684.36 194.6
685.35 612.6
686.36 202.1
687.34 35.2
688.30 45.4
689.46 30.1
690.39 41.4
691.29 21.4
692.19 13.3
693.01 12.6
694.38 29.8
695.44 28.4
696.37 2.1
697.32 24.9
698.34 16.2
699.82 24.1
700.70 56.7
702.28 558.6
703.40 268.9
705.75 18.7
706.48 37.5
707.50 29.8
708.28 25.4
709.05 19.2
709.87 15.9
710.77 8.9
711.42 44.2
712.44 18.6
713.75 12.7
714.74 58.4
715.77 18.8
716.41 22.8
717.22 15.8
718.12 78.2
719.46 2.0
720.24 26.1
721.29 82.7
722.36 51.6
723.08 41.4
724.37 36.7
726.54 33.7
727.44 43.6
728.27 6.4
729.84 199.8
730.60 76.8
731.32 4.9
732.71 14.5
733.43 16.4
734.83 19.9
735.44 4.4
736.27 27.5
737.50 37.7
738.64 57.0
739.70 56.1
740.94 10.9
741.63 20.0
742.91 43.2
743.55 58.7
744.35 124.0
745.38 120.4
746.50 19.7
747.52 10.7
748.57 42.3
749.71 18.1
751.26 40.6
752.15 29.4
753.14 41.3
753.79 65.7
754.64 23.5
755.51 34.4
758.10 52.4
759.05 13.8
760.52 610.5
761.34 209.3
762.44 145.6
763.52 158.4
765.37 117.7
766.49 26.6
767.44 19.6
768.36 47.5
769.43 11.6
770.33 80.9
771.39 51.1
772.60 31.9
773.90 71.1
774.65 211.2
775.56 36.6
776.67 87.9
777.54 23.1
778.80 53.4
779.45 1100.5
780.41 272.8
781.43 46.9
782.31 43.5
783.17 41.4
785.08 367.8
786.21 90.5
787.50 136.5
788.47 34.4
789.68 12.9
790.30 4.7
791.68 15.4
793.35 44.2
794.14 752.1
795.21 50.1
796.78 62.0
798.29 277.2
799.43 67.1
800.70 26.4
801.86 93.3
802.54 71.8
803.94 55.7
804.59 12.2
805.45 48.4
806.89 15.0
808.58 65.1
809.57 47.6
810.80 168.6
811.58 82.5
812.66 16.1
814.39 168.9
815.49 136.9
816.44 87.7
817.43 137.5
818.43 66.4
819.20 40.4
821.24 97.0
822.40 103.2
823.25 794.2
824.07 53.7
824.77 28.1
825.57 90.7
826.51 21.8
827.26 15.1
828.27 67.3
829.48 127.0
830.78 52.0
832.14 1582.2
833.21 43.7
834.22 33.2
835.14 49.7
835.97 21.4
837.16 21.3
838.82 113.3
840.40 562.9
841.19 210.9
842.34 351.2
843.41 151.9
844.60 172.1
845.56 30.6
846.33 22.4
847.36 28.2
848.34 52.5
849.63 82.7
850.56 152.3
851.76 164.5
852.87 66.1
853.72 675.9
854.59 49.1
855.75 79.4
856.51 143.8
857.52 193.1
858.82 715.1
859.52 698.2
860.51 489.3
861.59 140.2
862.67 16.2
863.79 10.4
864.57 19.0
865.46 21.5
867.33 1096.9
867.99 1043.2
869.12 15.7
870.40 50.3
871.79 17.1
872.61 21.1
873.48 62.5
874.54 1818.5
875.57 1400.1
876.58 238.7
877.81 60.5
878.47 618.5
879.57 266.7
880.34 74.4
881.47 37.2
882.44 56.2
883.63 40.9
884.76 41.4
885.82 55.6
887.42 231.0
888.22 281.2
889.20 119.2
890.16 34.4
891.53 92.5
892.58 46.6
893.95 90.7
894.74 155.0
895.79 135.7
896.53 377.4
897.26 62.4
897.94 58.9
899.15 142.5
900.34 39.5
901.35 300.1
902.27 258.3
903.33 44.4
904.80 97.6
905.66 136.7
906.81 185.2
907.86 294.5
908.68 254.4
909.98 696.1
910.60 653.4
911.51 71.2
913.24 77.5
914.85 622.9
915.76 1348.5
916.74 981.1
917.65 165.3
918.43 33.8
919.74 27.7
920.58 36.7
922.18 69.7
923.30 365.7
924.22 5105.9
925.22 1800.1
926.64 44.0
927.54 68.3
928.63 81.8
929.81 113.9
931.52 180.1
932.33 855.7
933.21 919.8
934.31 69.7
935.14 23.2
936.87 80.9
937.79 145.8
938.89 253.8
939.62 97.9
941.39 126.7
942.29 107.5
943.61 94.2
944.62 73.5
945.49 288.2
946.13 389.8
947.20 29.3
948.21 20.0
949.83 44.9
950.76 234.4
951.62 123.0
952.75 13.6
953.54 159.3
954.71 319.8
955.70 219.5
956.66 51.5
958.37 180.9
959.22 521.1
960.08 204.8
960.79 10.3
961.52 13.1
963.17 196.4
963.90 1492.3
964.57 945.8
965.45 40.1
967.45 764.4
968.08 1212.9
969.41 40.8
970.44 163.8
971.61 1068.4
972.83 20783.0
973.60 5401.0
974.73 99.9
975.58 60.1
976.92 3.1
980.97 15.2
981.80 15.8
993.37 4.3
996.76 6.8
998.46 7.5
1002.68 2.4
1003.69 24.4
1005.51 10.8
1007.54 38.9
1008.41 12.4
1009.61 14.3
1010.84 10.2
1011.82 15.4
1012.83 14.6
1013.84 8.4
1014.71 6.8
1015.94 6.0
1018.58 5.6
1019.68 2.0
1021.60 10.5
1022.60 17.4
1023.70 8.6
1024.58 5.7
1025.73 2.9
1027.36 8.9
1028.63 12.5
1029.50 100.6
1030.45 61.0
1031.47 57.6
1032.48 11.6
1035.24 8.1
1036.73 4.2
1037.52 8.1
1038.35 4.0
1039.72 41.4
1040.69 10.2
1041.43 15.3
1046.63 28.1
1047.69 27.7
1048.99 50.2
1050.12 19.3
1051.34 17.2
1052.88 6.7
1054.02 14.9
1055.56 7.9
1056.72 6.1
1057.49 2.9
1058.56 1.8
1063.35 6.7
1064.35 5.6
1065.56 33.7
1066.53 77.9
1067.53 55.8
1068.58 83.0
1069.64 25.7
1070.56 14.3
1072.87 5.8
1074.70 15.9
1075.41 7.1
1078.86 4.4
1079.61 3.8
1081.05 4.5
1083.43 61.6
1084.50 412.3
1085.60 182.3
1086.51 64.3
1087.51 26.7
1088.70 6.1
1089.82 13.6
1092.80 35.7
1093.80 33.2
1094.60 11.7
1095.48 15.1
1096.64 8.5
1097.72 16.1
1098.71 3.5
1099.67 12.6
1101.46 345.7
1102.50 234.5
1103.53 53.8
1104.53 32.9
1105.48 3.9
1107.09 7.1
1109.40 10.5
1112.65 9.1
1114.95 6.8
1116.75 19.9
1118.25 3.9
1120.54 489.5
1121.68 260.2
1122.88 31.2
1123.75 14.4
1124.44 4.1
1125.51 4.8
1126.63 5.3
1127.50 4.1
1130.35 4.4
1131.73 7.1
1132.66 5.0
1133.65 15.3
1135.04 30.1
1136.46 13.1
1139.09 15.2
1140.61 49.8
1141.58 28.8
1142.60 17.4
1143.48 8.5
1144.56 31.7
1145.68 16.7
1146.59 4.5
1147.54 47.8
1148.50 6.7
1149.31 7.3
1150.04 3.5
1150.68 8.8
1151.58 4.2
1154.42 35.8
1155.21 12.9
1155.87 11.3
1156.63 6.3
1157.24 6.4
1158.54 276.2
1159.64 111.7
1160.58 29.0
1161.62 9.0
1162.59 12.4
1163.57 20.5
1164.66 18.6
1165.58 104.9
1166.71 80.5
1167.80 38.6
1168.49 6.7
1169.67 15.0
1174.84 3.8
1176.52 7.6
1177.81 29.3
1178.57 32.7
1179.65 6.4
1181.54 9.8
1182.79 231.6
1183.60 518.3
1184.63 275.0
1185.59 70.5
1189.93 8.6
1192.60 13.8
1193.88 20.2
1194.57 9.5
1195.58 10.6
1197.45 17.8
1198.40 3.8
1199.12 18.8
1200.51 812.3
1201.59 341.7
1202.60 54.9
1203.59 25.1
1205.24 4.3
1206.54 6.2
1207.81 25.2
1210.07 15.6
1211.30 46.6
1211.91 15.5
1212.71 14.7
1214.03 15.0
1215.62 49.3
1216.54 43.2
1217.36 25.3
1218.51 22.2
1219.32 8.9
1221.70 13.4
1222.43 2.3
1223.04 5.6
1226.82 10.4
1228.11 29.9
1229.73 2.7
1231.56 3.2
1232.65 17.3
1233.40 2.0
1234.53 5.3
1235.30 2.0
1236.76 15.5
1241.38 5.4
1241.98 7.0
1243.37 4.5
1243.98 18.1
1244.95 1.8
1245.80 6.4
1252.69 30.5
1253.53 2.7
1254.82 37.8
1255.75 7.0
1256.72 17.5
1257.69 9.2
1260.66 17.2
1261.61 2.8
1262.49 5.8
1264.33 24.7
1265.45 2.4
1268.61 23.2
1270.52 8.1
1271.40 13.2
1272.78 22.0
1273.70 33.9
1274.64 24.8
1275.75 24.4
1276.90 3.7
1278.48 14.7
1279.78 17.9
1280.67 62.6
1281.63 74.9
1282.69 62.2
1283.59 12.6
1284.57 5.4
1285.67 16.6
1287.10 20.4
1288.49 15.0
1290.99 15.9
1291.70 50.8
1292.78 60.5
1296.54 66.2
1297.55 132.0
1298.58 384.4
1299.75 156.0
1300.70 21.4
1303.13 16.8
1305.63 21.5
1308.48 6.6
1310.62 5.0
1311.53 25.2
1312.72 42.4
1313.68 42.3
1314.81 38.6
1315.66 341.1
1316.67 225.7
1317.66 39.2
1318.78 20.2
1319.71 5.3
1320.65 10.1
1321.55 2.7
1326.52 6.2
1327.49 12.6
1329.68 209.2
1330.57 97.7
1331.69 30.0
1334.98 10.8
1336.03 17.6
1339.59 13.0
1345.33 12.9
1346.52 19.5
1348.66 2.8
1353.68 15.8
1355.05 4.4
1357.65 3.3
1360.06 3.3
1361.61 24.3
1363.28 28.5
1364.68 9.5
1365.80 7.5
1366.52 8.1
1367.80 9.4
1370.87 11.0
1371.57 7.3
1372.29 8.6
1374.79 8.4
1375.83 11.9
1377.36 3.1
1378.02 7.0
1378.70 7.4
1379.71 7.8
1380.69 7.1
1383.15 20.3
1383.85 8.0
1384.94 4.0
1387.01 7.5
1388.64 13.5
1389.84 10.3
1392.06 21.5
1393.15 41.2
1394.35 34.9
1395.81 53.7
1396.70 17.6
1398.29 10.1
1400.47 24.3
1402.75 7.3
1403.86 16.7
1404.65 9.5
1407.68 3.3
1410.64 72.1
1411.69 135.3
1412.71 176.2
1413.73 5.6
1418.64 2.6
1420.41 42.5
1421.38 62.5
1422.15 8.1
1422.82 5.1
1423.73 10.4
1424.68 6.8
1428.74 146.2
1429.86 36.2
1430.55 7.5
1431.50 3.3
1432.59 6.8
1434.26 18.6
1434.91 1.9
1435.55 17.9
1437.05 6.2
1437.78 3.6
1438.47 6.1
1440.08 6.8
1440.74 43.0
1441.60 12.1
1442.65 4.7
1443.79 8.4
1444.92 18.5
1446.20 19.1
1447.03 12.0
1450.67 10.8
1452.75 3.0
1456.64 26.5
1458.66 131.1
1459.77 126.6
1460.92 5.6
1461.74 7.1
1463.71 8.2
1464.77 13.6
1465.42 2.1
1467.11 4.8
1468.78 3.1
1471.65 54.9
1472.67 107.9
1473.65 34.4
1474.64 21.7
1477.51 5.0
1479.46 2.6
1482.87 18.7
1483.72 24.9
1488.93 8.8
1489.68 13.1
1490.64 11.5
1491.94 6.6
1492.75 8.0
1497.36 14.3
1498.75 10.1
1505.60 19.3
1506.44 6.1
1507.57 12.3
1508.65 67.9
1509.84 40.9
1510.98 2.2
1518.44 5.9
1520.08 4.0
1522.70 13.3
1523.74 2.0
1524.75 28.7
1525.62 100.3
1526.52 38.1
1527.54 18.8
1529.52 11.4
1530.31 7.3
1530.95 2.3
1531.81 4.4
1532.85 6.4
1534.09 8.8
1534.86 10.9
1535.95 11.7
1540.10 2.2
1540.74 7.2
1542.74 125.0
1543.76 54.5
1545.66 5.5
1547.66 23.9
1548.76 33.9
1549.83 47.1
1550.76 3.1
1553.69 5.1
1555.77 4.9
1556.63 1.9
1561.30 4.0
1563.62 10.6
1564.89 2.7
1568.68 3.3
1569.78 18.6
1571.80 2.8
1572.50 7.9
1574.87 5.4
1576.33 3.1
1577.06 6.0
1578.75 8.4
1580.38 5.1
1582.04 9.8
1582.88 1.9
1586.72 33.2
1587.54 17.4
1588.22 10.7
1588.93 9.3
1590.09 7.7
1592.29 3.4
1594.99 31.4
1595.96 23.1
1597.91 9.5
1603.54 60.9
1604.65 331.3
1605.70 114.3
1608.99 3.1
1621.85 15.5
1623.51 10.4
1624.79 10.8
1626.26 2.8
1627.75 9.7
1631.77 4.8
1641.68 9.8
1642.85 5.3
1643.67 1.8
1644.68 7.6
1646.71 6.0
1649.86 13.5
1660.94 6.7
1663.02 14.7
1663.87 4.2
1667.95 5.0
1673.76 6.2
1677.85 4.6
1678.83 9.8
1680.11 18.5
1680.94 3.3
1688.82 4.8
1693.06 3.8
1695.76 47.1
1696.80 44.4
1702.44 7.2
1703.05 2.1
1704.51 4.9
1705.86 3.4
1706.86 3.4
1710.70 19.8
1712.04 8.0
1720.61 5.1
1731.66 8.5
1733.90 14.5
1734.80 50.8
1736.01 1.9
1737.23 3.3
1738.07 8.8
1752.89 3.3
1762.03 13.1
1768.67 6.0
1792.31 7.0
1793.00 2.7
1794.01 7.5
1795.03 4.5
1809.02 43.8
1809.91 29.4
1819.27 2.1
1825.01 20.7
1826.12 15.7
1835.21 4.0
1838.07 3.1
1849.06 6.2
1891.07 4.5
1907.18 3.0
1908.13 15.0
1923.51 48.1
1924.26 66.9
1925.13 32.9
1926.16 19.7
1941.17 8.4
1942.03 9.9
