1761.922820000001 3
169.20 41.7
170.36 2.3
175.23 6.1
176.26 6.4
181.22 2.3
182.15 1.7
183.20 109.1
184.42 13.2
185.95 1.0
187.03 9.0
196.07 4.2
197.18 57.7
197.95 1.5
200.25 34.5
202.10 2.8
203.23 8.9
207.02 4.6
209.96 1.5
211.15 9.3
214.22 8.5
216.25 2.0
219.40 4.5
223.22 9.3
224.22 4.0
226.08 3.7
228.20 88.3
229.29 7.7
230.18 3.9
231.89 5.7
233.32 9.0
234.33 4.0
241.07 2.9
242.27 2.5
244.29 5.4
246.11 10.8
247.41 8.8
250.07 5.0
250.97 5.0
252.03 2.3
253.12 2.5
254.01 4.0
255.10 1.2
256.24 6.1
258.15 2.7
260.21 6.5
261.28 3.4
262.27 5.7
264.31 6.4
265.30 2.8
267.67 7.2
268.35 5.8
269.75 10.7
271.10 1.2
272.20 12.4
273.39 5.4
274.38 3.3
276.41 1.2
280.43 5.3
281.30 4.3
282.37 7.7
283.36 4.2
284.15 2.4
286.27 3.8
290.08 1.3
291.46 7.2
292.06 1.6
296.36 4.7
297.78 12.8
298.74 3.7
299.70 4.4
301.11 1.4
302.53 3.0
303.58 10.7
305.35 4.4
306.34 4.0
307.00 2.2
308.30 1.4
310.23 23.8
311.11 3.6
312.12 8.0
313.44 11.9
314.35 7.6
315.26 4.6
316.19 8.1
318.82 1.9
323.21 14.1
324.23 2.6
325.30 15.6
326.35 3.3
328.17 5.9
329.39 8.4
331.16 5.6
333.16 2.6
334.24 5.7
338.73 17.8
339.44 1.9
341.29 4.9
342.07 4.3
343.15 3.4
344.39 3.1
346.04 4.2
349.16 23.2
351.28 28.7
353.20 14.9
353.90 2.2
355.04 13.5
356.53 9.9
357.24 2.3
359.46 6.0
360.36 4.0
361.11 5.7
362.57 16.1
363.37 14.6
366.39 10.8
367.18 2.9
368.56 7.1
369.50 3.5
370.65 15.6
371.52 22.4
373.34 8.4
374.22 10.8
375.01 3.9
377.06 19.3
379.23 41.5
380.43 7.9
381.25 5.3
382.23 13.8
383.04 20.4
384.12 18.6
385.54 19.1
386.37 1.3
387.53 4.9
388.24 7.4
389.17 7.8
390.16 22.4
391.74 4.1
392.36 3.0
394.29 3.4
396.50 54.3
397.42 10.4
398.54 12.7
399.31 15.6
400.42 2.3
402.29 47.0
403.25 12.0
404.62 11.6
405.35 3.5
406.34 5.5
407.95 52.2
409.69 2.9
410.39 1.1
411.86 23.9
413.31 8.0
414.04 12.0
415.11 3.2
415.83 4.3
416.89 62.7
418.03 15.2
419.69 14.3
420.42 51.8
421.36 7.9
422.63 12.2
424.29 139.3
425.42 82.4
426.63 16.8
427.31 7.1
428.29 1.1
429.94 15.8
430.66 6.9
431.31 18.7
432.54 36.6
433.28 13.1
433.96 21.5
436.60 10.9
438.24 534.7
439.06 7.9
439.73 3.3
440.39 12.8
441.45 19.4
442.44 13.3
443.37 6.0
444.23 13.5
445.13 7.3
446.29 233.5
447.10 115.3
448.15 12.5
449.09 15.1
449.90 8.9
451.29 39.8
452.32 55.9
453.00 22.3
454.80 154.3
455.55 383.5
456.42 79.0
458.27 6.0
459.48 24.0
460.41 61.9
461.20 5.3
462.02 13.0
462.94 23.5
464.20 33.7
466.11 65.7
467.20 15.6
468.06 329.2
468.86 103.8
470.00 54.0
471.53 27.5
472.75 47.8
473.44 48.4
474.46 51.1
475.40 60.3
476.54 19.1
477.19 3.9
477.93 2.9
478.90 41.1
479.89 47.0
481.20 31.9
482.14 124.1
483.08 51.0
484.00 22.0
485.68 63.1
486.58 34.3
488.13 151.8
488.97 82.7
490.00 54.0
490.97 41.0
491.78 18.8
492.39 34.2
494.06 148.5
495.05 203.8
495.93 56.3
497.26 46.6
498.36 30.0
499.38 23.5
500.83 32.8
501.81 31.2
503.94 6241.2
504.93 707.3
505.89 23.7
506.93 453.5
507.95 39.3
508.87 16.4
509.50 42.4
510.22 11.0
510.87 19.6
512.48 3581.2
513.44 374.4
514.36 27.2
515.50 6.4
516.28 15.4
517.20 17.0
518.10 32.3
520.16 60.1
521.17 102.5
521.95 118.8
522.99 47.9
523.87 26.1
525.32 39.1
526.03 10.3
527.08 41.2
527.98 19.6
529.19 95.9
530.09 90.2
531.17 84.1
532.15 22.8
533.10 11.3
534.06 39.9
535.10 308.4
536.44 61.3
537.40 171.3
538.39 158.3
539.30 30.1
540.02 36.0
541.19 45.9
541.92 9.3
543.37 112.6
544.31 1512.2
545.33 29.2
545.99 32.3
547.08 25.1
547.89 17.0
550.05 2365.3
550.83 421.0
551.74 14.7
552.86 224.9
553.58 71.2
554.27 27.5
555.29 91.8
556.19 46.5
557.19 52.9
558.67 2116.6
560.22 39.3
561.25 198.9
562.08 158.7
563.12 23.3
564.48 194.7
565.62 72.8
566.37 135.4
567.49 792.2
568.19 598.5
570.13 336.8
570.90 273.5
571.64 158.9
573.06 789.9
573.93 310.5
574.77 26.5
576.67 1750.3
578.20 81.3
579.16 485.0
579.86 302.1
580.53 18.4
582.17 4.6
589.77 1.7
594.46 6.0
596.18 5.1
597.51 10.4
599.48 11.8
601.01 3.7
603.40 9.1
604.78 102.2
605.60 96.3
606.54 45.0
607.36 16.8
608.23 5.3
609.31 5.7
610.71 6.0
611.82 17.8
613.09 58.8
613.80 48.9
614.68 12.3
616.50 7.1
617.63 33.8
619.25 8.1
620.32 8.2
622.37 13.6
623.17 9.3
624.52 33.4
625.98 57.3
627.15 9.7
630.17 5.7
633.60 1.2
634.76 8.7
636.34 4.6
637.84 1.4
639.19 24.3
640.23 82.3
641.39 21.3
642.52 31.1
643.59 13.7
645.03 20.5
647.68 13.9
648.76 18.7
650.41 7.1
651.52 6.8
652.38 25.6
653.82 34.5
654.56 16.9
655.28 3.8
656.54 7.8
658.53 5.4
659.44 3.5
661.30 233.6
662.05 214.4
662.87 23.6
663.62 13.5
664.53 7.5
665.41 12.8
666.11 5.2
666.88 1.2
667.51 31.1
668.42 25.2
670.10 369.2
670.95 70.7
672.06 12.9
672.97 11.1
675.52 22.0
676.18 7.7
677.43 21.5
678.41 10.0
679.97 11.8
680.91 4.1
682.83 39.6
684.20 17.7
686.05 13.2
686.99 14.5
688.23 17.0
689.36 9.5
691.72 28.1
692.35 1.7
693.28 11.1
694.52 39.6
695.54 28.0
696.45 6.9
697.66 8.4
698.51 1.1
699.40 7.9
700.85 23.2
701.80 42.3
702.63 44.3
703.48 23.1
704.86 3.4
705.62 6.2
706.86 14.1
708.40 4.9
709.63 30.4
710.88 145.3
711.53 159.0
712.49 29.1
714.27 5.2
716.25 59.3
717.21 17.4
717.96 3.8
718.58 12.3
719.67 114.3
720.77 27.9
721.50 136.0
722.47 68.4
723.46 57.6
724.47 66.7
725.41 22.2
727.11 7.9
728.46 10.9
729.27 7.4
729.91 13.2
730.75 11.1
731.94 20.2
733.15 13.8
735.04 37.3
736.18 21.8
736.89 4.2
737.74 36.4
739.47 3248.4
740.48 1077.9
741.42 228.6
742.63 21.5
743.88 3.8
744.51 11.6
745.34 42.9
746.00 18.2
746.63 35.4
747.36 27.2
748.23 32.2
749.54 12.7
750.66 196.9
751.67 31.6
752.78 26.7
753.48 144.8
754.36 15.0
755.26 13.7
756.51 1.0
757.42 18.0
759.65 2324.6
760.62 459.1
761.58 6.1
762.49 12.3
763.42 7.2
764.73 15.2
765.74 9.5
768.14 1345.4
769.07 297.4
770.43 8.6
771.76 25.8
772.71 9.1
773.61 21.8
774.73 17.5
775.46 8.3
776.25 8.1
777.07 8.3
778.78 17.0
779.89 43.9
781.09 28.0
782.05 33.1
783.02 12.8
783.74 2.0
784.98 8.3
786.28 45.5
787.29 26.1
788.41 3.2
789.40 3.6
790.57 1.1
791.95 3.4
793.69 16.9
795.20 516.7
796.23 118.5
797.45 40.5
798.52 10.9
799.74 32.5
800.46 27.6
801.27 29.6
802.21 17.9
803.65 233.9
804.52 52.0
805.19 39.9
807.05 20.8
808.48 23.9
809.50 25.0
810.58 6.3
811.44 1.3
812.56 4.7
814.03 2.8
814.84 8.6
815.56 47.0
816.50 14.2
817.53 2.8
819.58 5.9
820.50 1.4
823.05 8.6
823.87 1.7
824.96 16.2
826.59 44.3
827.70 19.8
828.70 5.7
829.73 6.2
832.34 22.1
833.28 18.0
834.47 8.2
836.54 2.4
841.10 6.8
842.03 13.1
843.60 6.7
844.48 9.1
845.83 14.8
846.71 2.6
847.52 7.5
849.45 31.4
850.56 141.7
851.73 109.6
852.66 23.5
854.33 4.3
855.68 4.0
856.47 3.0
857.24 1.9
859.22 39.7
860.26 21.8
861.79 1.2
863.64 6.8
866.73 10.4
868.53 4.3
871.97 10.2
872.64 6.4
873.40 3.5
874.28 8.5
877.61 14.5
878.60 4.4
879.47 1.0
885.58 7.7
886.46 3.9
887.82 2.9
889.36 6.1
890.60 6.9
891.40 7.2
893.59 4.3
894.72 2.1
895.56 8.5
896.40 4.0
897.44 3.6
899.19 4.6
900.32 3.0
902.68 1.6
904.48 2.1
907.56 4.0
908.50 2.9
909.62 7.3
910.57 2.6
911.47 2.2
913.49 15.3
914.30 5.2
915.58 2.6
916.42 2.0
917.54 8.8
918.63 7.2
919.58 16.9
920.57 8.3
921.37 4.4
925.32 1.5
927.52 6.6
928.58 1.8
929.56 7.8
930.48 4.2
931.52 30.9
933.66 1.4
934.71 6.6
936.46 18.9
937.82 8.5
943.51 3.8
944.29 4.0
945.51 2.3
947.69 9.8
949.48 301.3
950.27 2.7
952.67 5.4
955.78 2.0
956.74 1.8
957.35 2.1
958.96 9.6
962.91 16.1
963.64 71.9
964.66 8.5
965.55 1.8
966.56 4.9
967.23 1.8
970.80 1.1
971.50 1.6
972.55 8.2
973.53 3.2
977.62 2.5
981.55 1.5
982.37 17.2
984.34 1.6
985.75 5.5
987.00 6.9
988.45 4.9
990.44 3.9
991.39 6.7
992.52 3.6
993.52 4.2
995.36 3.1
998.50 8.4
999.63 4.5
1000.38 25.4
1001.53 40.0
1002.55 25.9
1003.32 7.0
1004.32 3.0
1006.39 47.3
1007.53 23.0
1008.53 9.1
1009.72 4.4
1013.80 4.3
1015.76 2.9
1016.67 17.6
1018.53 24.8
1020.45 88.5
1021.06 3.9
1023.54 49.2
1024.56 12.3
1025.59 5.5
1026.48 5.8
1031.61 8.0
1033.59 3.6
1034.48 21.0
1042.54 9.1
1043.64 9.6
1049.33 3.0
1062.38 4.0
1075.12 4.1
1076.25 1.8
1077.49 3.6
1093.68 7.7
1102.22 2.6
1103.65 3.9
1111.93 3.1
1112.60 2.0
1121.67 8.5
1122.67 10.0
1123.58 6.0
1124.62 10.5
1135.46 3.9
1137.85 4.3
1138.54 1.9
1139.35 5.1
1140.22 4.3
1145.56 6.1
1146.80 1.4
1148.23 1.3
1164.60 1.0
1191.62 1.9
1193.28 3.9
1208.58 28.2
1209.62 5.7
1210.57 10.0
1219.76 1.1
1225.00 5.3
1225.79 2.0
1226.54 6.6
1227.34 2.5
1229.10 3.4
1303.56 3.3
1321.98 5.2
1323.08 2.5
1323.74 8.4
1338.54 3.4
1339.48 1.6
1361.56 1.8
1374.55 3.0
1390.66 2.9
1404.16 2.3
1419.27 5.0
1438.98 4.6
1491.52 2.2
1517.70 4.1
