1645.863249999999 3
154.94 1.2
168.17 1.6
169.29 1.0
175.35 7.7
183.39 5.6
185.16 7.0
188.28 2.4
188.95 1.2
194.03 2.3
201.25 1.4
205.14 1.8
207.14 1.7
208.11 2.9
214.94 1.3
218.02 1.1
219.27 2.0
221.22 5.3
223.29 2.3
225.39 12.4
227.26 2.7
239.00 2.6
240.14 1.3
242.01 1.7
243.33 1.3
251.16 1.2
252.23 3.0
253.31 2.4
254.26 1.0
258.18 1.1
259.21 3.7
260.99 7.9
268.15 6.0
271.70 3.4
274.24 1.5
276.22 4.4
280.24 1.2
284.31 2.1
288.36 6.8
289.24 3.1
290.34 1.3
292.30 1.0
298.18 6.7
299.21 2.0
302.45 2.4
303.20 3.7
310.37 1.6
311.27 7.4
312.29 3.3
315.40 3.4
316.11 3.2
319.91 5.4
321.25 2.2
324.45 3.0
330.13 7.5
331.21 4.1
333.34 5.8
334.13 1.1
334.93 3.0
336.36 3.4
337.26 1.2
338.37 5.4
339.36 3.2
341.32 2.8
345.28 1.2
346.22 2.1
347.36 1.4
349.17 1.1
352.99 2.7
354.85 9.4
356.64 1.6
358.94 2.8
365.26 10.4
366.37 5.1
372.19 1.7
373.27 6.3
374.04 1.6
374.76 1.8
375.36 3.5
377.37 10.7
378.14 5.1
379.39 7.2
383.25 1.2
384.44 4.8
385.32 1.7
386.49 1.5
388.64 9.3
389.32 17.7
390.15 24.8
392.29 5.4
393.05 2.3
395.26 3.1
396.52 3.8
397.41 2.5
400.01 8.7
404.77 14.7
405.44 4.5
406.36 20.5
408.22 1.7
411.35 1.5
416.05 5.2
417.44 18.3
418.21 47.2
419.25 4.8
421.18 1.5
424.41 1.7
425.51 6.6
426.58 4.3
429.22 1.1
431.43 6.0
433.35 15.3
434.31 17.6
435.43 32.2
436.39 24.1
439.55 5.1
440.36 1.7
442.19 1.1
443.49 11.7
444.30 7.3
446.44 1.7
447.46 3.3
450.57 10.2
451.31 31.5
452.54 13.1
453.27 2.2
455.30 1.0
456.65 9.6
458.80 12.6
459.62 9.7
460.38 12.7
461.33 27.8
463.32 1.4
464.14 3.5
466.20 3.5
467.34 8.7
468.40 1.7
469.26 2.4
472.91 12.2
474.05 22.5
474.98 10.5
476.48 63.4
477.32 474.0
478.29 31.0
480.80 3.4
482.96 13.5
483.81 23.0
484.49 7.4
485.78 9.0
487.94 7.1
490.83 11.3
491.53 2.1
492.59 7.1
495.49 3.3
496.74 25.3
497.53 10.6
498.42 2.2
499.27 11.0
500.47 15.1
501.26 11.1
502.63 16.8
503.49 33.3
504.45 17.5
505.37 29.9
506.02 32.8
510.28 25.3
510.89 8.3
511.58 18.2
513.18 20.5
514.36 19.0
515.62 3.8
516.41 25.3
517.27 5.1
518.97 47.5
519.75 2.8
521.20 13.5
522.02 3.2
522.87 1.1
523.49 4.0
525.02 6.7
525.76 15.7
526.91 20.1
527.84 66.6
528.49 25.9
529.50 6.9
530.65 19.8
531.28 122.9
532.31 158.6
533.02 30.0
534.33 27.3
535.39 13.4
536.94 20.6
537.74 45.3
538.41 29.7
539.29 5.5
540.50 186.3
562.63 1.4
566.18 5.2
568.68 2.2
569.58 3.4
573.86 4.8
581.51 7.6
582.20 5.7
583.53 14.9
584.59 2.9
588.16 4.7
589.04 5.8
594.54 1.9
599.72 1.3
600.46 2.6
602.53 4.4
603.37 9.8
604.75 6.7
605.88 19.2
607.85 4.2
611.02 3.4
618.51 5.7
620.58 4.2
622.47 4.0
625.82 3.8
626.83 2.2
627.48 1.7
631.35 1.8
633.76 20.0
637.15 2.2
645.37 9.2
647.44 2.3
650.41 11.8
651.33 7.4
652.51 2.0
653.79 9.9
656.82 4.7
657.93 9.3
659.45 13.2
660.51 7.9
662.60 1.5
663.96 2.2
664.64 2.5
665.71 7.0
666.70 31.6
667.44 3.7
669.19 21.7
670.04 4.8
672.64 2.6
675.13 1.2
675.93 7.0
677.27 1.1
679.51 5.8
680.32 4.7
681.01 10.4
684.10 4.7
685.37 5.2
690.12 9.1
691.84 3.2
694.09 13.0
697.50 1.3
698.16 5.2
699.38 7.1
700.69 15.5
703.06 111.5
704.03 28.4
707.44 19.3
708.43 10.9
709.52 4.2
711.93 6.1
714.44 5.9
717.46 38.8
718.36 7.7
720.31 6.4
722.36 12.5
723.38 32.0
724.02 2.6
725.77 60.6
726.66 10.4
727.89 4.6
733.95 7.8
736.56 5.6
737.53 19.9
740.53 11.8
741.73 8.1
743.73 3.8
744.62 2.1
747.60 3.6
749.11 5.3
750.05 7.0
751.12 4.8
753.93 1.9
757.20 64.9
758.39 49.2
759.23 10.5
759.99 3.4
760.66 3.3
763.63 1.4
765.93 8.3
767.23 118.6
768.10 28.0
772.54 4.0
780.19 7.3
781.13 10.5
788.12 10.3
789.60 3.3
794.35 2.2
795.31 2.9
797.25 4.1
800.56 2.0
802.70 2.3
806.62 4.3
807.47 9.3
810.65 4.0
825.44 1.7
826.46 2.6
828.47 7.3
829.48 1.2
834.72 1.4
836.42 1.0
840.55 1.4
846.45 3.8
847.50 4.4
848.74 3.2
850.82 1.3
864.50 4.3
866.46 2.3
869.50 1.4
880.43 3.7
886.62 7.4
898.35 8.0
905.70 2.0
908.54 1.8
909.80 3.0
916.54 3.5
921.68 2.2
922.46 3.4
929.58 5.2
935.44 4.0
939.79 2.2
942.29 3.4
946.86 3.8
964.61 1.2
966.26 2.4
982.95 2.7
1010.77 2.7
1030.58 1.7
1048.30 1.2
1060.33 3.1
1124.61 3.5
1127.53 1.1
1144.05 7.5
1184.44 1.7
1253.57 3.9
1295.67 1.8
