3880.86582 3
396.21 5.0
410.41 6.9
423.29 1.3
452.48 2.7
514.29 1.3
515.21 1.4
534.18 2.7
579.95 1.3
600.24 1.4
601.26 4.3
612.67 2.9
648.42 2.5
649.44 5.7
674.48 2.2
682.34 5.8
689.28 1.5
703.56 6.8
712.38 3.9
719.49 2.7
723.65 1.5
735.37 1.5
736.37 2.3
764.65 4.2
772.48 2.0
776.43 2.2
781.97 9.4
823.57 6.2
834.83 5.8
836.26 1.2
839.77 6.5
850.28 2.9
896.41 3.7
904.96 3.7
936.98 2.0
953.58 4.0
961.60 3.6
962.99 3.6
965.67 1.3
970.98 107.5
971.70 5.0
972.83 5.8
975.40 2.9
978.39 2.8
992.62 5.4
994.18 4.1
995.36 1.5
1009.73 4.9
1034.71 4.7
1037.68 1.6
1054.57 5.0
1061.02 3.3
1066.61 2.1
1067.66 1.4
1068.57 6.9
1080.69 5.0
1107.54 3.9
1122.53 12.1
1131.44 2.6
1148.34 2.7
1153.77 1.9
1156.11 2.5
1159.26 6.4
1161.94 4.4
1162.63 7.3
1163.58 2.1
1165.07 3.7
1177.51 1.5
1178.53 4.3
1179.71 2.6
1180.54 1.2
1190.19 5.3
1195.76 3.5
1210.23 6.5
1216.95 6.5
1229.42 15.0
1232.68 5.6
1237.79 10.2
1241.46 5.2
1243.35 6.9
1244.63 5.1
1250.84 10.4
1258.89 5.1
1259.69 11.5
1260.74 11.5
1263.59 12.0
1266.86 12.2
1267.85 7.9
1271.81 8.4
1276.69 26.1
1277.67 30.1
1278.54 5.1
1281.36 1.8
1364.92 5.5
1373.55 7.4
1446.68 4.8
1532.30 3.8
1633.97 11.2
1728.91 2.0
1923.86 1.7
1941.02 81.8
1942.18 7.5
