1520.68718 2
225.20 2.0
227.31 4.0
232.37 4.5
239.43 1.1
244.30 2.1
245.19 2.5
246.15 3.8
249.94 1.6
250.92 2.3
252.13 6.6
253.29 3.9
262.18 59.5
263.12 31.4
264.96 5.5
267.10 8.5
271.28 8.8
272.17 4.6
276.30 1.2
279.26 38.4
280.21 9.4
281.15 9.7
282.09 6.5
283.03 6.6
284.23 7.7
288.47 1.0
291.12 1.4
295.01 2.1
301.29 35.1
302.28 4.7
303.41 7.1
305.10 2.1
306.43 3.8
317.16 3.4
320.37 1.5
322.36 9.9
326.11 2.6
326.77 4.5
328.38 1.5
329.15 4.3
330.81 2.6
336.15 7.1
337.37 2.3
338.10 5.7
339.38 6.1
341.03 1.2
342.21 2.0
343.08 9.5
344.56 2.6
346.90 2.2
350.38 2.3
353.31 2.8
356.36 1.1
357.51 2.9
358.25 3.1
359.97 1.5
362.83 3.3
364.32 3.2
367.23 1.3
371.24 4.0
373.12 3.6
375.34 3.2
376.47 1.9
378.38 8.6
379.24 3.5
380.29 6.7
383.24 1.6
386.37 1.2
387.37 1.4
393.52 4.0
394.51 3.5
398.22 5.0
405.35 2.3
406.46 5.2
408.35 2.4
409.20 5.9
410.17 2.1
413.45 6.3
414.32 4.3
418.32 1.7
420.39 8.6
423.38 4.1
426.46 5.2
427.62 3.2
429.28 7.4
431.17 4.0
433.71 8.8
434.38 2.0
435.31 14.2
436.44 5.5
439.38 4.7
440.21 3.3
441.56 2.3
442.34 1.6
443.16 4.3
445.70 11.5
446.38 1.7
448.40 1.6
449.42 3.0
450.28 1.8
452.43 5.7
455.70 5.0
456.38 5.1
461.17 2.3
464.01 2.7
465.14 3.8
466.24 1.7
469.58 20.7
470.35 7.1
472.21 2.6
473.51 8.8
474.34 1.1
481.37 12.2
482.44 10.2
483.46 2.1
485.28 4.2
486.89 9.6
489.28 5.4
490.20 1.8
492.62 1.8
494.12 6.6
495.78 10.6
496.55 3.4
497.32 2.5
498.40 10.4
499.24 9.9
500.26 3.6
501.54 1.5
503.43 9.2
504.97 6.9
507.98 4.9
508.86 3.0
511.38 2.5
512.70 3.1
513.44 5.0
514.15 4.3
517.43 4.5
518.43 7.3
519.46 6.0
520.31 1.1
521.69 13.1
523.26 2.8
524.12 1.2
524.97 10.7
527.34 9.6
528.55 11.7
531.44 2.0
534.41 4.3
537.71 2.0
538.52 2.8
539.36 8.1
540.20 2.5
541.47 4.2
543.31 4.8
544.88 10.3
548.99 8.6
551.20 11.0
552.46 10.5
553.24 9.8
554.20 3.7
556.41 7.6
557.74 10.5
558.47 2.0
559.26 1.5
560.22 1.8
561.35 2.1
562.25 11.9
564.33 1.1
567.51 1.2
568.32 10.0
569.44 3.7
572.08 5.4
573.22 2.2
574.66 18.3
575.50 11.8
576.19 1.8
576.86 12.1
578.56 4.4
579.21 1.0
581.24 4.2
583.20 1.3
585.37 9.4
586.45 3.4
587.75 10.1
588.66 7.5
590.09 3.2
592.45 9.4
593.85 9.4
595.39 1.5
596.37 6.3
597.58 6.5
598.34 4.0
600.32 1.4
602.56 11.0
603.66 13.1
604.73 11.0
606.34 3.6
607.05 4.4
607.97 4.7
608.59 7.9
609.24 2.3
610.62 6.6
611.86 19.7
613.50 1.3
616.43 3.8
617.06 1.8
618.65 4.3
620.56 12.7
621.56 18.3
622.25 10.4
623.70 9.6
624.30 5.9
625.53 4.9
626.54 3.8
627.23 2.6
628.27 4.8
629.30 9.9
630.50 68.7
631.44 4.6
632.30 15.4
633.98 8.3
635.18 10.7
637.08 12.7
638.49 16.5
640.51 2.1
643.26 11.7
644.38 7.3
645.12 4.9
646.43 30.4
647.36 17.0
648.31 1.6
649.37 16.5
651.09 35.9
651.97 9.1
653.50 1.3
655.56 10.7
656.64 8.0
657.77 4.8
659.27 9.4
660.09 7.7
661.10 14.3
662.24 9.6
663.49 10.9
664.47 8.0
666.04 4.7
666.97 5.4
668.69 13.1
669.41 11.3
670.13 1.2
670.88 15.5
673.02 3.6
673.71 6.8
675.33 13.2
676.15 4.6
677.24 9.2
680.04 14.0
681.22 12.5
682.50 25.4
683.37 15.3
685.07 42.0
686.23 24.4
687.51 19.9
688.47 6.2
689.87 15.5
690.99 11.3
692.42 4.4
693.77 11.8
694.63 26.5
695.67 14.5
697.69 15.9
698.96 27.0
699.60 3.0
700.44 21.2
701.43 5.2
702.71 30.1
704.02 51.1
705.03 30.3
705.94 3.2
708.17 17.3
709.71 4.6
710.92 12.6
712.32 52.2
713.07 17.0
714.59 3.7
715.45 13.5
716.41 85.0
717.48 57.7
718.30 6.1
719.82 12.8
721.17 15750.6
721.98 24.9
722.65 5.8
723.45 4.5
724.75 16.4
725.76 52.5
726.58 5.0
727.33 7.7
728.32 1.6
729.18 2.2
730.08 6.4
730.69 14.6
731.48 5.2
732.33 10.7
734.10 5.5
734.88 12.5
736.60 11.6
737.70 4.9
739.13 16.0
740.25 11.7
740.93 11.3
742.47 194.3
743.34 139.7
744.18 58.9
745.21 3.5
746.45 6.3
747.36 10.7
748.51 28.7
749.64 31.0
751.37 48.2
752.24 6.8
755.06 3.2
775.07 7.0
778.64 5.4
780.31 3.5
783.54 1.3
785.71 1.0
786.43 4.0
788.41 1.5
790.52 3.1
794.84 4.3
796.08 9.7
797.55 3.3
798.62 14.3
815.40 2.2
816.19 4.0
819.92 7.4
821.35 6.0
826.69 4.4
833.02 4.7
834.38 3.0
835.30 2.5
836.51 9.0
837.52 12.2
840.31 9.2
842.11 7.3
845.30 2.7
846.68 2.2
847.81 1.9
850.49 4.0
853.51 1.1
860.96 1.8
864.71 13.0
867.09 2.9
868.67 5.8
870.87 3.3
872.68 1.5
873.98 5.4
880.02 15.5
889.24 7.9
891.74 5.5
893.26 3.4
894.79 1.2
898.56 15.3
899.40 24.5
906.38 10.2
908.37 5.8
909.53 4.0
910.54 4.4
911.46 3.7
913.00 12.6
916.64 7.3
918.03 11.2
920.15 1.3
922.03 3.3
923.07 2.2
932.00 8.1
933.11 3.6
935.79 5.5
937.25 1.0
939.15 5.2
940.47 4.5
941.48 1.9
942.66 8.2
944.31 2.1
945.24 3.9
946.23 5.0
947.47 2.9
948.75 3.7
949.57 13.0
951.58 8.2
952.62 3.6
957.22 12.4
959.04 8.4
962.47 4.5
964.02 11.3
964.84 1.9
965.65 1.8
966.56 3.4
967.23 4.5
968.67 5.4
970.75 1.5
971.60 4.9
972.22 7.0
974.29 8.1
975.28 7.9
977.31 3.6
978.62 1.6
980.83 44.0
981.68 8.4
982.82 1.0
986.12 5.2
987.15 6.9
989.40 121.7
990.06 144.3
990.93 23.0
991.76 16.0
995.47 2.0
996.75 7.4
1003.66 2.9
1006.50 1.4
1007.43 17.0
1008.43 2.3
1009.40 5.5
1017.58 6.1
1018.23 2.3
1022.59 4.5
1026.42 20.6
1027.95 15.3
1029.38 8.2
1030.27 5.2
1033.61 9.7
1035.72 5.5
1036.69 1.3
1038.82 1.3
1040.21 3.3
1043.35 1.8
1045.21 3.5
1046.35 1.8
1047.71 4.8
1048.33 1.4
1053.74 3.7
1054.74 11.5
1055.63 23.2
1056.56 41.9
1057.40 4.9
1058.63 3.5
1063.21 2.4
1064.79 3.1
1066.30 7.3
1072.64 2.9
1073.67 4.0
1075.10 1.9
1075.90 6.8
1083.33 2.5
1086.46 23.9
1087.38 18.1
1090.29 1.5
1094.31 7.6
1096.25 3.6
1098.92 2.4
1104.71 1.5
1107.05 1.2
1114.41 6.1
1122.72 2.7
1124.60 8.0
1139.55 3.7
1140.54 4.5
1141.24 2.6
1142.53 4.4
1143.77 3.3
1148.77 1.2
1154.14 3.8
1167.35 2.2
1169.50 3.5
1175.31 2.8
1180.37 6.3
1186.87 1.8
1193.53 2.0
1202.93 7.9
1205.08 8.3
1207.70 1.8
1220.54 1.3
1221.70 2.9
1222.58 9.1
1223.64 14.3
1224.83 10.9
1239.76 18.5
1240.60 50.5
1241.65 75.9
1242.67 16.0
1243.80 1.8
1247.65 1.2
1252.54 1.9
1253.74 5.0
1257.50 3.2
1261.85 5.8
1267.53 4.4
1308.38 2.9
1318.97 4.2
1326.55 3.6
1328.30 2.0
1339.23 2.2
1342.09 1.1
1354.41 1.1
1375.00 8.7
1376.00 5.3
1394.72 3.4
1453.87 3.3
