1847.79192 2
264.06 4.0
265.39 6.8
266.27 2.0
267.36 3.7
269.46 8.1
271.22 4.3
272.26 5.0
275.45 3.0
276.32 5.7
277.31 6.4
278.17 4.6
279.10 6.6
279.89 5.1
281.31 1.8
283.21 37.9
284.10 16.4
285.09 3.2
288.12 2.2
289.40 17.7
290.17 3.0
292.30 8.0
293.33 2.5
296.26 4.4
297.25 4.8
298.30 3.3
299.19 1.7
300.11 2.3
301.19 32.7
307.16 9.8
308.02 9.7
310.31 2.4
311.27 31.4
312.20 15.6
313.15 4.4
314.45 18.8
315.20 4.8
316.21 3.8
317.23 21.2
317.93 4.0
320.24 8.2
321.25 9.8
323.08 9.1
324.33 6.1
325.30 20.0
326.21 10.5
326.99 1.5
329.14 17.9
330.34 9.2
333.29 3.2
335.03 25.1
336.22 4.8
337.37 3.8
338.19 3.3
339.41 7.1
340.13 1.7
341.22 18.3
342.23 12.5
345.27 7.7
351.20 4.8
352.89 44.0
355.44 11.9
356.48 13.1
357.53 4.3
361.87 10.9
363.06 38.0
364.32 9.2
365.40 11.8
366.89 27.0
369.27 5.8
370.22 39.8
371.30 26.4
372.42 3.0
374.15 7.1
375.49 3.5
377.11 2.3
378.34 22.8
379.25 4.7
380.20 46.3
381.20 3.9
382.28 39.4
383.19 11.9
384.44 9.4
386.29 76.2
387.20 10.7
388.50 9.0
389.12 9.3
390.03 15.7
392.23 11.2
393.35 8.9
394.32 7.1
395.20 5.6
396.23 6.3
398.23 118.8
399.17 11.2
400.07 25.1
402.31 1.5
403.43 3.4
405.25 11.6
406.38 6.0
407.38 15.5
408.16 14.1
409.33 8.6
410.27 82.2
411.30 8.9
412.49 3.7
413.20 9.9
416.31 12.6
417.31 11.9
419.28 3.3
420.21 9.2
422.85 11.8
424.28 13.9
425.25 7.6
426.48 14.1
428.17 43.2
430.33 9.2
431.41 11.2
432.25 9.1
433.83 17.9
435.12 4.4
436.12 13.8
437.16 7.7
438.64 6.8
439.58 12.5
441.34 2.3
442.45 2.7
444.46 14.7
445.36 2.8
446.32 10.2
447.35 5.6
448.19 6.8
449.36 8.4
450.30 13.4
451.31 14.3
452.35 41.0
453.36 9.3
455.17 16.8
456.20 2.4
457.51 4.2
458.40 10.4
459.16 5.7
460.21 6.1
461.96 56.9
463.16 20.4
464.39 10.6
465.36 3.4
466.49 22.4
467.17 19.9
468.24 3.7
469.16 24.8
470.31 27.1
471.66 19.9
472.41 4.0
473.29 28.9
474.41 11.4
476.29 17.9
477.17 27.2
478.31 22.1
479.30 121.6
480.28 23.1
481.37 4.2
482.39 8.9
483.57 9.7
484.60 11.6
485.52 25.2
486.46 4.5
488.31 22.5
490.28 13.3
491.22 9.9
493.44 40.5
494.35 13.3
495.32 27.6
496.36 11.6
497.32 139.1
498.33 22.4
499.28 7.4
500.17 17.0
501.44 3.9
503.47 4.0
504.32 10.0
506.36 16.4
507.52 11.3
508.30 8.3
509.42 9.9
510.45 13.9
511.38 4.1
512.19 8.8
513.45 129.6
515.03 41.4
516.23 14.0
517.31 12.3
518.51 16.9
519.51 2.9
520.19 15.5
521.90 26.8
523.18 7.5
524.37 29.4
524.99 3.5
526.58 8.1
527.31 9.6
529.67 6.8
531.47 46.1
532.37 9.2
533.45 9.5
534.44 19.7
535.33 12.0
536.33 9.9
537.48 7.3
538.34 5.9
539.19 1.7
540.20 15.6
541.44 23.4
542.51 24.7
543.19 7.9
544.55 8.0
545.39 14.0
546.31 14.7
547.41 33.4
548.31 13.3
549.24 17.3
549.91 14.2
551.02 9.1
552.17 33.8
553.20 15.1
554.28 5.1
555.28 8.0
556.49 7.3
557.39 5.2
558.48 10.7
559.39 10.9
561.21 21.9
563.46 3.7
564.34 7.8
565.26 8.6
566.30 13.5
567.28 14.5
568.85 10.7
569.50 5.5
570.27 67.0
571.31 23.7
572.37 12.4
573.31 14.2
574.22 17.0
575.20 8.4
576.20 27.6
577.33 17.3
579.16 6.8
580.36 7.0
581.26 21.3
582.33 14.4
583.42 13.0
584.19 14.0
585.55 4.5
586.60 12.3
587.41 6.5
588.20 19.4
589.68 12.7
590.45 17.5
591.57 12.0
592.55 38.6
593.59 13.0
594.50 63.5
595.28 17.0
596.40 32.9
597.28 10.4
598.25 21.4
599.44 16.5
600.32 5.4
601.04 12.0
601.67 10.0
602.35 36.2
603.58 12.2
605.10 48.6
606.39 43.2
607.22 20.7
608.21 32.1
610.25 76.2
610.90 15.1
611.51 22.7
612.43 31.1
613.46 18.3
614.39 12.7
615.43 9.0
616.45 23.2
617.30 22.4
618.00 44.6
619.11 36.1
620.24 42.4
621.53 19.1
622.24 18.0
623.64 20.8
624.46 42.4
625.47 16.3
626.33 8.9
627.85 78.2
628.48 362.9
629.52 64.9
630.34 22.5
631.22 20.5
632.18 29.5
633.16 23.2
634.19 16.7
635.25 22.5
636.01 14.9
637.04 31.3
637.98 12.7
639.84 44.0
640.77 27.9
641.77 19.8
642.74 21.8
643.37 3.8
644.46 28.1
645.42 18.7
646.36 18.0
647.38 12.6
648.53 9.7
649.53 31.4
650.70 17.1
651.54 124.8
652.42 22.3
653.41 38.9
654.28 17.9
655.47 13.1
656.47 33.3
658.18 54.5
659.32 27.8
660.32 29.9
661.63 12.2
662.52 27.3
663.34 29.8
664.20 50.1
665.26 43.5
666.11 13.2
667.79 21.4
669.20 192.0
670.56 113.5
671.93 50.8
672.82 24.5
674.18 56.3
675.26 78.9
676.61 80.6
677.46 33.9
678.48 32.6
679.38 43.2
680.45 20.5
681.32 92.0
682.30 45.7
683.58 40.7
684.69 46.2
685.61 22.0
686.41 89.5
687.52 60.0
688.39 89.1
689.28 20.9
690.51 32.5
691.26 25.4
692.15 21.5
693.27 41.3
694.13 80.8
695.51 37.9
697.31 76.2
698.29 86.5
699.51 35.3
700.51 18.7
701.61 26.6
702.30 29.0
703.15 84.2
703.97 48.6
704.86 42.4
705.95 68.7
706.97 52.4
708.04 24.9
709.02 103.4
710.03 27.6
711.11 46.1
712.03 23.7
712.68 7.4
713.75 50.7
714.72 29.3
715.53 260.2
716.66 53.3
717.51 83.9
718.31 20.8
719.35 52.4
720.26 76.7
721.05 27.3
721.68 33.8
722.55 20.3
723.20 59.1
724.19 84.8
725.48 167.5
726.52 53.7
727.49 100.8
728.61 237.5
729.51 83.6
730.61 38.3
731.53 66.7
732.95 122.1
734.32 102.5
735.65 124.2
736.74 160.8
737.61 273.0
738.83 32.0
739.68 151.5
740.65 130.0
741.65 111.2
742.75 128.5
743.69 53.1
744.58 55.2
745.40 111.2
746.55 106.8
747.28 61.7
748.53 149.6
749.63 151.8
750.57 61.3
751.76 155.3
753.03 22.3
753.79 70.5
754.66 44.2
755.42 32.2
756.58 57.3
757.64 268.9
758.45 117.2
759.66 90.7
760.63 110.3
761.77 38.5
762.49 58.1
763.49 140.0
764.34 120.4
765.30 91.7
766.31 249.0
767.40 71.6
768.27 81.8
769.29 97.3
770.18 23.1
771.37 32.3
772.31 90.9
773.24 168.3
774.63 283.7
775.58 72.3
776.67 132.7
777.57 143.5
778.42 81.1
779.44 78.1
780.60 164.1
781.45 399.7
782.43 591.0
783.78 146.4
784.50 224.1
785.72 168.9
786.63 234.2
787.78 30.1
788.52 65.0
789.53 267.8
790.35 133.3
791.37 255.6
792.26 133.0
793.21 111.4
794.66 960.9
795.52 370.4
797.22 146.0
798.14 101.2
799.09 175.8
800.20 425.1
801.54 176.0
803.50 1504.7
805.33 42.2
806.18 150.5
807.21 122.2
808.21 122.0
809.13 499.0
810.17 79.4
811.23 30.6
812.22 79.2
812.91 40.4
813.81 64.3
814.85 195.1
815.77 206.5
816.49 77.3
817.26 208.7
818.25 151.6
819.13 52.6
820.05 25.4
821.03 114.8
822.12 111.5
822.90 50.8
823.82 184.2
824.49 147.3
825.65 62.6
826.66 308.4
827.61 120.1
828.39 16.5
829.45 40.9
830.09 109.4
831.26 94.0
832.11 275.9
833.17 34.2
834.64 110.0
835.62 318.8
836.47 96.8
837.29 59.5
838.42 45.8
839.12 39.0
840.67 793.0
841.41 83.2
842.37 71.7
843.71 161.5
844.57 307.8
845.93 39.9
847.00 55.6
848.35 196.2
849.64 2561.1
850.51 277.9
851.45 102.9
852.33 168.2
853.23 93.8
854.42 94.3
855.39 92.4
856.11 99.5
857.58 356.6
858.60 3246.7
859.57 226.8
860.67 178.3
861.60 40.1
862.72 82.8
863.61 160.8
864.43 36.4
865.33 90.8
866.27 538.5
866.93 205.2
867.67 435.9
868.75 134.3
869.79 27.5
870.43 44.3
871.58 113.5
872.48 47.8
873.26 46.0
875.01 709.3
876.25 70.3
877.23 18.0
878.40 79.4
879.39 73.1
880.07 77.5
880.73 154.6
881.57 50.9
882.66 36.2
883.81 62.9
884.71 133.1
885.81 57.1
886.90 41.3
887.64 71.7
888.39 72.5
889.33 124.7
890.27 60.7
891.59 67.5
892.83 199.6
893.72 341.8
894.92 77.8
896.17 22.5
897.80 674.2
898.56 627.1
899.38 14.9
900.72 117.4
901.79 611.8
902.53 298.0
903.49 120.8
904.33 41.0
905.65 245.0
906.88 4450.2
907.55 2022.8
909.10 82.5
910.36 432.3
911.03 83.4
912.11 124.1
912.81 613.7
913.69 158.3
914.56 8.6
929.45 4.9
930.41 14.4
931.43 5.8
932.18 6.5
933.63 6.4
935.02 10.0
936.36 18.2
937.42 19.4
938.23 15.4
939.00 9.2
939.68 9.4
942.02 6.5
943.71 10.2
945.04 18.7
946.35 6.8
947.50 1.8
948.22 4.2
949.71 8.8
950.67 4.1
951.51 10.3
952.78 19.9
953.48 8.4
954.50 3.1
955.20 2.5
956.80 6.7
957.47 8.9
959.19 25.0
960.21 14.8
961.50 3.0
962.56 19.8
963.34 22.0
964.68 10.8
966.04 16.0
966.90 16.1
967.88 8.0
968.58 3.7
969.60 12.9
970.87 10.1
971.52 17.8
972.61 3.6
974.52 10.4
975.53 9.1
977.03 41.2
977.80 12.0
978.60 27.5
979.67 27.8
980.56 13.9
981.45 14.1
982.35 2.2
983.57 3.3
984.42 13.2
985.75 5.0
986.61 17.4
988.49 12.9
989.49 2.4
990.19 7.3
990.95 2.6
991.86 6.9
992.70 8.9
993.55 13.3
994.58 9.6
995.70 4.3
997.07 6.9
998.60 59.7
999.91 72.8
1001.21 32.9
1002.55 33.1
1003.43 23.5
1006.40 121.9
1007.24 197.9
1007.95 72.8
1008.86 21.1
1010.24 40.9
1011.61 14.3
1012.58 7.7
1013.40 10.6
1014.25 16.7
1015.47 120.8
1016.48 52.7
1017.40 21.1
1018.51 44.6
1019.52 25.8
1020.45 10.4
1021.64 12.3
1023.53 33.7
1024.35 17.6
1025.40 73.8
1026.23 19.5
1027.09 11.2
1028.37 22.8
1029.40 41.0
1030.22 20.3
1031.42 3.1
1033.12 35.9
1034.30 87.9
1035.12 107.4
1035.75 54.1
1037.21 30.4
1038.16 35.3
1038.78 2.7
1042.00 16.5
1042.96 104.4
1043.96 65.9
1044.65 2.9
1045.86 6.2
1046.52 25.4
1047.54 90.2
1048.57 47.9
1049.66 17.0
1050.64 8.6
1051.59 45.1
1052.39 13.1
1053.37 13.0
1054.75 2.1
1055.58 24.9
1057.23 12.3
1058.88 9.8
1059.61 5.1
1060.56 9.3
1061.24 17.0
1062.47 6.5
1063.31 10.3
1064.27 43.3
1065.47 9.6
1066.64 23.0
1067.80 37.4
1068.50 12.1
1070.54 29.1
1072.00 24.4
1073.04 12.8
1074.37 21.8
1075.08 12.3
1075.74 9.2
1076.62 32.3
1077.88 16.1
1079.62 17.0
1080.28 10.1
1081.54 8.8
1082.22 3.9
1083.09 17.1
1084.34 25.2
1085.65 11.5
1086.29 21.1
1087.44 6.6
1088.43 31.7
1089.43 23.5
1090.59 2.0
1091.63 39.3
1092.62 73.1
1093.70 21.4
1094.60 31.6
1095.38 1.9
1096.01 2.9
1096.73 4.4
1097.72 12.5
1098.87 20.4
1099.61 53.5
1100.46 21.0
1101.60 9.2
1102.40 25.7
1103.38 11.7
1104.45 40.4
1105.26 12.4
1106.35 80.9
1107.61 28.0
1108.64 27.3
1109.47 51.7
1110.43 17.1
1111.61 8.0
1112.66 22.4
1113.66 32.7
1114.73 47.4
1115.75 49.1
1116.54 81.9
1117.58 42.9
1118.73 14.5
1119.61 3.0
1121.54 41.9
1122.41 27.9
1123.55 11.1
1124.62 40.5
1125.57 38.4
1126.96 24.6
1128.51 3.6
1129.25 6.6
1130.49 10.6
1131.50 4.7
1132.70 21.5
1133.41 144.4
1134.38 64.6
1135.51 17.7
1137.42 2.7
1138.59 6.6
1139.62 8.4
1141.53 2.0
1142.62 10.8
1143.52 3.4
1144.64 5.8
1145.66 3.8
1146.60 15.0
1147.71 9.1
1148.74 9.2
1150.46 158.6
1151.41 70.7
1152.56 2.7
1153.73 19.8
1154.52 6.3
1155.44 5.8
1156.42 11.0
1157.54 8.9
1159.57 3.8
1161.41 45.2
1162.58 64.4
1163.50 31.0
1164.56 8.7
1165.78 13.1
1166.67 22.9
1167.45 32.2
1168.38 24.6
1170.97 11.3
1171.81 17.8
1172.65 14.0
1173.56 13.9
1174.60 16.0
1175.97 20.5
1177.25 5.8
1178.27 43.2
1179.43 211.5
1180.56 29.3
1181.91 20.2
1182.67 22.7
1183.94 30.7
1185.36 44.1
1186.44 13.7
1187.32 15.3
1188.85 6.2
1189.71 7.5
1191.37 17.1
1192.36 19.2
1193.76 21.7
1194.67 2.2
1195.65 22.0
1196.49 14.7
1197.55 18.7
1198.81 5.6
1199.88 10.4
1200.83 5.6
1201.96 47.0
1202.61 78.1
1203.45 110.8
1204.60 72.1
1205.65 25.5
1206.65 11.8
1208.41 62.1
1209.29 27.2
1210.04 3.0
1211.42 19.5
1212.59 4.0
1213.63 11.6
1214.39 16.3
1215.45 2.2
1216.52 9.0
1217.75 4.8
1218.87 33.2
1219.67 152.1
1220.54 302.2
1221.53 71.0
1222.43 18.8
1223.91 4.2
1225.62 16.4
1227.90 11.9
1228.61 11.0
1229.66 7.4
1230.45 9.3
1232.37 39.5
1233.38 4.7
1235.58 10.9
1236.47 82.5
1237.59 89.8
1238.51 50.0
1239.60 19.0
1240.64 29.6
1241.41 15.7
1243.84 17.7
1244.68 3.9
1245.83 10.7
1246.70 5.7
1247.55 9.5
1248.24 22.5
1249.61 11.4
1250.68 14.2
1251.73 8.9
1253.54 36.9
1254.89 57.3
1256.03 22.6
1256.88 11.7
1258.04 5.1
1259.56 9.7
1260.44 34.0
1261.68 97.1
1262.78 141.1
1263.89 30.2
1264.82 12.6
1265.51 3.6
1267.63 6.7
1268.64 11.1
1269.59 4.7
1270.60 50.3
1271.26 24.6
1271.92 34.6
1273.49 7.6
1274.53 11.0
1277.72 23.8
1278.67 100.9
1279.69 82.8
1280.86 1.5
1282.53 27.9
1283.25 2.9
1283.87 11.5
1284.68 5.9
1286.01 21.5
1288.70 18.0
1289.82 21.8
1290.84 18.3
1291.62 4.1
1292.85 33.2
1293.65 13.1
1294.60 20.9
1295.57 26.1
1296.67 17.1
1297.84 9.2
1299.27 30.4
1300.57 28.5
1301.49 31.0
1303.38 7.1
1305.91 21.7
1307.13 41.5
1308.06 14.5
1309.41 16.0
1310.40 23.1
1311.37 8.7
1312.59 9.7
1313.87 11.2
1315.78 25.1
1316.68 40.0
1317.59 52.4
1318.58 180.1
1319.55 78.0
1320.38 2.6
1322.83 7.0
1323.83 4.5
1324.86 4.8
1326.54 13.1
1327.55 3.8
1328.80 11.2
1329.74 24.6
1330.40 7.3
1331.17 3.3
1332.22 9.8
1333.87 120.3
1334.59 240.2
1335.53 144.8
1336.71 70.9
1337.67 13.7
1338.46 16.2
1339.93 10.9
1340.83 3.0
1342.19 6.1
1342.81 7.5
1343.59 9.3
1344.89 1.6
1346.00 22.0
1346.97 13.6
1347.61 22.6
1348.22 5.6
1349.81 3.8
1351.55 437.3
1352.57 181.7
1353.76 2.9
1355.01 2.5
1356.39 3.1
1357.72 2.8
1358.57 11.9
1359.46 10.6
1360.63 4.9
1361.85 2.9
1363.97 19.4
1364.73 12.9
1365.58 24.1
1368.94 15.5
1369.81 2.6
1370.64 10.9
1371.54 4.4
1372.65 8.6
1374.67 3.1
1375.59 17.7
1376.74 3.0
1378.63 13.1
1381.81 6.9
1382.94 13.2
1383.68 3.4
1384.79 22.5
1385.72 27.4
1386.58 13.3
1387.69 26.3
1388.76 6.9
1390.62 15.2
1391.87 4.1
1392.86 12.9
1393.72 6.9
1395.73 10.7
1397.62 5.7
1399.34 7.0
1401.11 21.7
1402.88 25.4
1403.63 32.9
1404.45 21.0
1405.73 38.6
1406.94 9.2
1407.60 1.6
1409.58 10.9
1410.57 12.5
1411.66 1.7
1412.62 11.9
1413.56 2.2
1414.53 12.1
1415.84 14.2
1416.69 29.4
1417.44 4.1
1418.06 4.7
1420.69 56.4
1421.61 113.9
1422.72 50.3
1423.51 11.4
1424.48 2.5
1426.08 3.6
1427.59 14.3
1428.48 5.3
1429.43 2.1
1432.68 35.7
1433.67 151.2
1434.68 49.0
1435.58 2.5
1436.70 2.3
1438.63 88.1
1439.55 38.3
1440.65 3.0
1441.86 5.4
1442.87 1.5
1443.82 5.2
1444.63 9.3
1445.82 9.6
1447.23 4.3
1448.81 23.0
1450.64 129.8
1451.81 80.6
1453.65 10.0
1454.72 4.0
1456.21 11.3
1457.54 20.7
1458.16 2.3
1459.81 8.4
1460.46 19.6
1462.71 33.0
1463.81 3.2
1465.18 8.1
1467.73 8.7
1469.06 4.2
1471.66 13.8
1474.68 21.0
1475.77 5.0
1477.47 19.7
1478.75 23.1
1480.12 9.3
1481.71 18.8
1482.95 6.8
1483.81 8.1
1484.88 11.3
1485.64 6.9
1487.64 7.2
1488.70 8.4
1489.52 10.3
1490.58 15.1
1491.89 15.7
1492.85 10.9
1493.77 1.8
1495.74 15.1
1496.80 14.4
1497.66 5.6
1498.70 4.5
1500.30 3.9
1501.66 34.1
1502.62 10.2
1504.00 11.0
1504.73 5.2
1505.99 10.7
1506.84 6.2
1509.70 13.2
1512.73 2.1
1513.64 3.1
1514.80 22.6
1515.85 45.5
1516.75 5.4
1517.37 2.0
1518.03 8.4
1519.70 15.6
1520.57 38.0
1529.34 15.2
1531.10 43.7
1531.81 28.3
1532.70 6.4
1534.48 19.1
1535.49 51.8
1536.83 16.5
1537.84 25.5
1538.79 4.4
1540.56 3.4
1542.46 3.7
1543.82 2.1
1545.33 3.0
1547.69 47.6
1548.85 13.1
1549.64 14.3
1550.63 14.6
1552.23 3.7
1553.04 47.3
1554.04 24.9
1554.95 5.0
1555.64 4.3
1556.66 4.5
1557.56 4.6
1559.90 10.1
1562.88 8.9
1564.61 2.5
1565.82 6.7
1566.75 15.3
1570.45 10.8
1571.84 16.0
1572.76 3.1
1573.66 11.0
1574.69 7.9
1577.88 14.3
1580.59 29.5
1581.86 14.0
1585.82 2.4
1587.76 15.7
1588.77 28.5
1589.77 20.3
1591.89 2.4
1595.64 5.9
1597.40 6.4
1598.61 3.5
1599.80 6.7
1602.59 1.8
1604.77 9.2
1605.85 21.2
1606.85 27.5
1607.78 6.9
1609.92 3.8
1611.89 7.0
1614.78 5.5
1615.86 10.7
1616.84 12.5
1617.92 9.1
1618.63 1.7
1621.78 4.1
1626.67 3.8
1627.51 1.6
1628.61 4.8
1629.76 5.1
1630.48 9.8
1631.88 2.7
1634.39 22.2
1635.03 5.8
1635.88 7.6
1636.82 3.8
1642.61 3.0
1644.81 33.5
1645.93 43.8
1651.86 8.9
1652.59 5.3
1657.85 3.3
1665.16 1.8
1670.88 2.5
1673.80 6.3
1674.97 6.6
1676.83 8.2
1677.75 1.6
1680.66 4.6
1681.81 2.1
1685.60 1.8
1686.81 2.6
1689.11 6.2
1691.01 4.3
1697.58 5.9
1698.33 3.2
1703.05 5.7
1706.36 2.7
1709.04 1.4
1712.63 9.2
1716.23 6.7
1724.52 8.9
1728.94 5.2
1731.43 2.0
1734.77 16.3
1740.89 2.1
1743.50 2.5
1744.38 2.3
1757.87 2.0
1774.48 1.9
1778.88 4.1
1794.72 5.0
1807.91 8.5
1837.12 8.9
1858.06 4.1
