1595.68572 2
223.39 2.9
224.19 1.3
233.22 1.9
241.26 33.2
242.25 1.4
251.03 1.5
253.03 2.6
255.30 3.9
258.28 4.2
261.13 1.6
263.34 2.3
272.22 1.6
277.17 3.3
280.37 3.0
284.35 4.2
285.38 1.2
286.20 1.1
287.19 6.2
289.23 1.9
295.29 4.9
296.15 1.9
300.23 5.9
301.17 2.2
309.38 1.2
313.25 1.3
324.24 1.1
325.44 5.3
327.33 1.5
329.27 12.4
335.49 2.3
337.37 2.1
351.15 1.3
353.29 7.2
354.43 1.4
357.36 48.7
358.28 5.2
363.14 2.0
364.28 1.6
365.28 1.4
366.17 2.7
368.12 5.1
370.38 4.7
371.39 1.3
375.26 1.4
376.39 1.6
378.38 7.2
381.26 6.9
382.34 7.5
383.20 3.5
395.39 4.1
398.43 6.4
400.38 1.3
407.43 2.3
409.56 3.1
412.32 1.4
417.23 3.9
420.47 3.7
422.47 4.2
424.37 2.6
425.61 11.0
426.34 105.6
427.33 18.8
433.43 6.2
436.21 2.4
437.53 5.7
438.50 2.2
440.44 1.9
443.41 1.5
444.42 6.6
445.55 8.4
448.52 2.5
449.24 6.7
450.38 9.6
451.41 2.3
452.34 1.1
453.40 14.1
454.49 1.2
456.10 2.6
460.27 3.0
461.84 1.2
463.32 6.0
469.21 1.9
472.47 3.3
473.30 1.0
475.00 11.6
477.50 6.9
478.51 5.7
487.22 8.3
488.64 1.5
489.52 3.0
491.40 2.1
492.34 16.6
496.51 6.2
497.38 10.7
499.01 4.0
501.27 3.0
502.16 3.3
503.33 5.1
504.52 2.6
506.99 6.3
508.43 2.6
509.38 7.5
510.12 4.8
511.60 9.0
512.45 9.2
514.42 6.1
515.47 1.5
516.25 3.4
522.49 7.0
523.43 11.7
524.32 2.5
526.80 1.3
528.33 9.5
529.31 2.2
530.81 4.1
531.91 6.2
533.44 1.2
534.36 3.1
535.31 4.1
536.41 13.5
537.36 9.7
538.99 5.3
540.36 60.4
541.43 90.6
542.52 13.3
543.45 7.0
545.63 7.3
547.21 9.4
548.32 4.9
549.39 1.1
552.69 2.5
553.72 5.6
554.32 2.1
555.29 12.1
558.34 108.4
559.40 35.0
563.29 20.6
564.41 4.5
571.15 3.8
572.57 15.7
573.34 27.7
574.62 8.3
575.45 10.9
576.44 8.7
577.65 2.5
580.32 27.0
581.19 3.5
582.20 4.1
583.34 7.6
584.87 4.1
586.42 1.6
587.37 1.3
588.67 9.8
589.43 12.8
590.41 40.0
591.14 8.6
591.84 10.5
592.46 30.9
593.47 4.8
594.28 3.4
597.07 1.9
598.33 9.4
600.38 15.1
601.84 4.5
603.85 1.6
604.81 22.0
606.23 106.8
607.35 154.5
608.56 17.7
610.30 3.8
611.99 4.7
612.70 20.9
614.42 1.6
618.13 24.1
619.08 4.1
621.85 5.5
622.52 1.6
623.15 2.4
624.35 232.1
625.31 61.5
626.11 11.3
627.70 2.1
628.52 1.7
630.97 18.3
632.46 3.7
633.42 9.8
634.32 3.7
635.38 9.2
636.31 17.6
638.37 8.9
639.43 22.2
640.38 18.8
642.27 10.4
643.45 2.4
644.38 10.1
645.25 2.9
647.94 21.6
648.69 1.5
651.54 8.0
652.93 30.1
653.96 14.7
655.16 10.4
656.90 13.7
659.30 3.3
659.97 7.3
661.14 34.0
661.99 14.3
663.77 8.7
664.65 25.1
665.40 4.6
666.29 19.3
668.24 4.6
669.22 1.2
670.38 59.7
671.25 10.1
672.48 11.8
674.71 28.3
675.71 21.1
676.54 6.8
677.43 1.4
679.64 48.8
680.32 7.2
681.46 8.1
682.83 17.2
683.89 43.8
684.80 4.2
685.50 4.2
686.41 18.1
688.16 44.2
689.11 24.4
690.14 14.5
690.99 6.1
692.24 49.8
693.12 12.2
694.09 8.2
694.91 3.2
696.74 89.9
697.60 66.2
698.55 5.5
701.61 120.7
702.65 23.8
704.67 9.8
705.53 21.5
707.78 4.9
710.28 326.3
710.94 250.2
711.91 11.7
712.64 14.9
714.51 9.5
715.52 22.0
716.25 9.4
716.99 17.5
718.74 233.1
719.53 307.2
720.78 8.3
723.22 59.4
724.02 177.0
725.08 10.2
726.90 19.7
728.02 88.9
729.06 41.6
730.70 18.7
732.55 676.4
733.46 74.0
734.12 6.3
737.12 330.8
737.90 65.0
739.15 6.9
740.83 223.6
741.52 491.2
742.68 6.8
745.95 543.0
746.96 13.8
748.04 3.4
748.75 2.1
750.24 275.6
750.93 62.8
752.06 9.5
753.21 42.0
754.25 229.4
755.05 71.8
756.39 9.0
759.15 1721.7
759.88 330.4
760.58 9.5
761.37 5.3
762.67 24.3
763.34 54.3
764.31 15.7
767.79 3923.1
768.50 1443.1
769.97 5.2
772.13 280.3
772.91 90.1
776.58 2475.4
777.55 20.8
778.86 6.8
779.65 71.2
780.77 1144.0
781.50 3394.9
782.49 1.4
783.32 15.0
784.00 5.7
785.63 14.0
786.83 16.7
788.56 15.5
789.55 75.6
813.49 14.5
814.45 7.9
819.52 8.5
821.57 8.6
822.45 2.1
827.86 3.8
829.07 3.4
834.29 2.3
836.98 3.2
837.65 7.4
838.41 1.9
839.05 1.4
843.45 1.1
845.33 5.2
846.24 2.9
847.59 6.7
848.31 5.9
850.46 2.4
853.54 2.1
858.28 1.1
862.77 1.5
869.22 4.6
871.36 4.1
873.73 5.5
874.82 2.8
879.71 2.6
880.37 3.4
881.42 3.3
882.68 2.2
884.57 3.9
887.22 2.4
893.22 11.3
894.27 6.4
910.47 60.5
911.48 91.2
912.36 13.6
915.34 2.7
917.14 5.1
922.57 2.8
924.46 1.2
926.45 6.5
928.41 198.0
929.57 43.8
932.81 4.0
934.30 1.3
935.46 2.3
936.42 6.6
937.73 5.5
939.96 2.8
942.44 6.1
943.59 13.4
944.49 11.7
945.68 12.8
954.44 29.5
955.54 23.8
956.30 2.4
960.25 18.8
961.70 4.3
962.41 40.1
963.49 25.8
964.37 2.0
965.07 5.0
965.75 1.4
972.43 97.3
973.43 26.6
975.01 8.9
976.73 6.6
977.39 31.9
978.20 7.0
986.58 12.3
987.33 9.6
988.98 13.3
990.64 3.3
994.36 177.2
995.39 50.3
996.39 2.7
997.52 2.8
1000.57 1.2
1003.67 8.4
1004.48 19.0
1005.41 10.3
1006.56 11.1
1007.67 7.5
1009.35 6.1
1011.65 7.1
1013.58 27.1
1014.39 3.5
1015.95 1.9
1020.45 35.6
1021.26 50.1
1022.03 2.6
1022.64 17.8
1024.46 1.6
1026.65 2.1
1027.82 1.4
1028.54 5.6
1030.45 3.7
1031.85 3.0
1033.03 7.2
1034.73 1.7
1038.32 183.6
1039.44 49.7
1040.38 6.1
1046.83 18.7
1049.47 5.6
1053.81 4.4
1055.56 2.0
1063.62 11.0
1066.38 8.6
1067.21 2.3
1067.98 2.7
1070.71 2.0
1071.59 1.4
1072.50 1.4
1076.91 9.0
1078.52 2.1
1079.47 1.8
1080.53 9.7
1081.29 2.4
1082.43 4.6
1087.14 13.6
1088.19 12.3
1090.68 10.6
1091.70 6.9
1092.30 1.6
1093.35 2.5
1095.57 1.3
1099.69 1.6
1100.67 3.1
1104.22 5.8
1105.75 2.0
1106.38 1.8
1107.25 1.5
1110.54 6.3
1112.00 1.4
1118.38 2.9
1124.40 1.3
1125.57 6.1
1126.56 5.0
1128.64 8.2
1129.62 2.8
1132.52 1.6
1135.86 3.3
1138.41 2.1
1139.65 4.1
1143.50 1.1
1146.58 1.3
1147.71 2.4
1150.71 1.6
1153.66 9.9
1154.59 2.7
1156.96 1.8
1160.37 8.0
1161.58 4.8
1164.53 2.2
1165.51 1.8
1167.45 1.3
1171.75 1.5
1174.64 2.2
1177.62 1.6
1178.58 2.3
1179.49 4.2
1180.10 2.9
1180.72 9.2
1186.02 5.0
1187.56 5.1
1189.69 5.1
1190.35 1.3
1195.53 2.4
1198.89 1.1
1204.49 1.8
1205.71 2.9
1215.44 9.9
1216.52 1.4
1221.52 10.6
1222.36 25.9
1223.39 5.7
1225.54 4.0
1231.94 5.4
1239.49 21.4
1240.50 7.1
1245.92 2.6
1247.57 1.8
1255.79 2.0
1266.38 5.5
1267.04 1.2
1270.49 1.3
1276.52 3.3
1277.44 9.6
1278.76 1.6
1280.52 4.5
1286.70 1.2
1294.68 14.1
1295.48 8.8
1298.10 5.2
1303.67 2.3
1304.41 3.4
1307.57 3.2
1308.72 2.3
1310.60 1.6
1311.72 1.6
1315.57 4.5
1316.61 11.4
1317.59 6.0
1320.59 2.0
1321.58 19.2
1322.87 7.5
1328.67 13.4
1329.92 2.7
1332.24 5.9
1333.70 7.3
1336.67 1.4
1338.62 13.5
1339.73 19.7
1340.84 2.9
1345.69 5.1
1348.89 3.2
1351.82 2.2
1354.70 2.5
1366.91 9.7
1368.92 3.4
1380.55 2.5
1383.50 1.4
1387.17 5.0
1390.75 1.6
1408.87 4.3
1419.49 1.1
1425.77 3.6
1426.91 2.6
1427.86 9.0
1428.51 3.5
1438.52 5.6
1443.71 1.3
1444.54 5.3
1450.26 3.3
1465.82 2.0
1469.04 1.7
1479.64 1.4
1480.44 2.8
1496.56 1.3
1502.34 1.4
1505.75 3.4
1523.76 49.9
1524.61 18.4
1540.73 151.7
1541.76 65.9
1557.88 56.5
1559.06 12.6
