1557.7404 2
219.07 3.9
223.28 12.2
224.25 3.2
226.20 3.0
228.28 28.8
229.09 3.2
230.42 4.9
234.32 2.0
235.22 6.5
236.30 9.7
239.23 121.8
240.26 19.0
241.34 99.1
242.14 47.3
244.40 2.3
246.44 3.5
247.31 5.7
248.22 14.6
250.32 12.7
251.19 4.2
252.16 3.7
253.13 3.3
254.26 8.9
255.22 4.6
257.28 10.7
258.18 5.9
261.33 10.3
266.15 2.9
268.07 13.0
270.14 9.0
271.26 7.3
272.24 2.3
273.09 6.9
274.34 4.7
275.19 10.8
276.18 6.2
278.17 20.2
279.22 6.4
282.47 5.3
283.59 2.3
284.23 6.4
285.21 6.4
287.08 3.2
290.27 3.3
292.44 9.2
293.32 5.2
294.19 1.9
295.54 8.7
296.30 162.1
297.21 23.7
298.19 17.7
299.25 27.2
300.29 9.9
301.31 8.4
306.23 31.0
308.73 12.5
309.71 16.5
310.41 3.5
311.15 3.3
312.19 3.1
312.82 10.4
313.58 3.8
314.27 7.4
315.27 22.5
321.06 11.7
324.50 12.1
325.36 22.0
326.42 3.9
327.31 124.3
328.26 16.6
329.32 18.3
331.23 1.5
332.15 5.3
333.17 29.3
337.35 3.3
339.49 15.8
340.10 2.6
341.58 4.3
342.24 25.7
343.23 2.1
345.27 9.7
346.24 2.9
347.28 3.6
349.30 47.9
350.26 8.5
351.18 3.2
352.32 3.7
353.18 26.9
354.46 5.0
356.33 11.0
357.22 110.0
358.26 31.0
359.36 14.4
361.35 1.9
363.22 6.1
365.21 10.5
366.28 5.5
367.31 14.7
370.28 40.4
371.06 6.6
372.34 13.4
374.23 2.3
377.18 63.1
378.16 9.3
379.22 13.5
380.52 22.3
381.33 18.7
382.45 20.8
383.33 5.2
384.35 3.4
385.26 17.3
387.02 14.2
389.27 151.1
390.27 16.0
391.05 3.2
392.44 9.0
393.30 6.8
395.19 825.3
396.31 157.8
397.65 20.4
398.49 20.3
399.22 16.0
400.64 11.6
402.04 4.1
403.18 18.9
405.35 26.3
406.43 11.7
407.51 23.7
408.62 2.7
410.25 21.7
411.75 7.4
413.48 5.8
414.44 19.3
415.26 2.6
415.98 5.5
417.05 6.2
418.09 2.8
419.31 13.6
420.62 9.3
421.49 5.0
422.73 9.3
424.07 53.4
425.14 24.7
426.35 161.9
427.22 21.0
428.23 17.2
429.15 14.9
429.82 12.5
430.47 9.0
433.28 8.9
434.58 11.2
435.69 10.2
437.09 20.8
438.20 12.3
439.31 17.7
440.32 7.9
441.27 34.1
442.43 12.8
443.33 16.3
444.78 7.7
445.78 6.3
446.45 10.8
447.31 12.3
448.24 18.4
450.45 6.4
451.51 60.0
452.32 26.7
453.35 26.1
454.33 10.0
455.60 15.8
456.38 16.1
457.45 35.1
458.29 17.8
458.97 7.8
460.00 53.1
460.98 10.7
462.26 25.3
463.77 12.4
465.93 19.0
466.54 4.0
467.31 16.5
469.21 86.0
470.23 31.9
471.22 27.0
472.25 36.2
473.36 5.1
474.34 51.6
475.15 15.7
476.45 28.2
477.42 11.4
478.27 16.4
479.68 32.4
480.32 21.8
481.21 17.3
482.68 4.2
483.37 9.0
484.51 17.0
485.46 30.6
486.14 13.1
487.06 25.4
488.30 208.0
489.19 29.7
490.47 24.0
492.35 16.7
493.05 12.8
493.85 42.8
495.20 93.0
496.17 8.8
497.50 32.0
498.46 20.5
499.64 70.1
500.58 32.1
501.57 27.9
502.52 84.0
503.31 65.9
504.19 31.6
505.14 14.9
506.62 83.6
508.09 273.4
509.06 149.2
510.14 94.7
511.64 51.7
512.45 25.1
513.29 19.1
513.97 20.7
515.17 32.0
516.56 274.0
517.50 163.1
518.15 58.7
518.99 17.0
520.05 13.5
521.41 43.7
522.46 24.9
523.41 28.4
524.56 30.0
525.89 206.5
526.83 21.7
527.51 5.2
528.33 20.0
529.32 37.2
530.27 37.1
531.52 128.6
532.24 109.3
533.02 16.6
533.96 14.5
535.07 59.5
536.41 70.4
537.68 48.3
538.50 78.3
539.51 40.2
540.52 30.3
541.35 48.2
542.74 69.1
543.56 96.1
544.29 28.5
545.14 85.4
546.08 54.5
547.01 55.5
548.25 74.3
549.02 67.7
550.09 49.1
551.18 43.9
552.14 146.1
553.09 117.0
554.16 62.3
554.98 32.0
556.12 105.9
557.18 236.7
558.07 218.8
559.25 58.2
560.01 214.1
561.18 44.4
562.49 21.0
563.48 23.3
564.66 258.9
565.66 473.9
566.52 352.7
567.45 40.2
568.60 244.8
569.62 5.7
570.36 59.4
571.96 130.0
573.22 358.4
574.02 508.0
575.22 371.7
576.11 203.3
577.19 71.0
578.42 37.1
579.54 32.6
580.71 97.3
582.31 1218.1
583.04 673.3
584.20 39.1
585.66 83.4
586.40 105.8
587.72 213.8
588.78 47.5
589.93 60.4
591.58 86.1
592.61 170.0
593.33 1519.9
594.43 165.0
595.47 102.8
596.75 119.4
597.98 22.9
599.05 15.2
600.73 273.3
601.65 126.5
602.59 103.0
603.79 92.8
604.76 55.5
605.76 213.9
606.56 171.3
607.59 96.5
608.56 67.4
609.62 667.6
610.58 112.4
611.57 44.8
613.27 69.6
614.60 708.4
615.40 111.2
616.36 39.2
617.09 45.9
618.09 370.5
618.94 22.1
619.58 6.9
620.62 51.0
621.77 114.6
622.77 889.0
623.58 2682.4
624.47 547.4
625.34 127.4
626.28 32.0
627.43 38.5
628.26 18.4
629.56 110.3
630.81 253.2
632.04 5385.9
632.99 297.2
634.20 136.8
635.14 45.8
635.94 16.0
637.33 33.3
638.08 294.6
639.36 148.4
640.18 27.6
640.84 8.4
641.63 61.6
643.01 508.7
644.22 50.3
645.39 33.6
646.65 176.7
647.62 19.6
648.33 43.5
649.38 57.3
650.34 14.2
651.73 1081.1
652.44 339.6
653.34 46.3
654.37 23.9
655.51 52.3
656.47 571.2
657.71 126.8
658.41 51.0
659.38 14.9
660.39 1125.7
661.00 773.5
662.26 39.2
663.16 40.7
664.27 41.0
665.12 20.5
666.53 279.7
667.53 33.6
668.76 27.9
669.83 53.0
671.36 429.7
672.25 82.2
673.27 28.8
674.38 365.1
675.15 154.3
675.93 21.2
677.26 41.0
678.23 20.6
679.81 455.6
680.59 1230.5
681.47 107.7
682.62 50.3
683.34 16.2
684.52 53.9
685.58 13.6
686.80 20.7
687.53 6.7
689.06 1987.1
689.98 164.6
691.20 75.5
691.81 27.9
692.76 63.2
693.50 89.1
694.44 25.9
695.67 83.0
696.61 81.3
697.94 31.2
698.61 71.5
699.37 5.6
700.27 19.5
701.85 2.8
704.20 121.3
705.11 298.8
706.01 58.2
707.53 38.2
708.43 6.9
709.38 13.5
710.98 26.7
712.06 84.0
713.27 191.4
714.03 251.4
715.01 35.9
716.06 46.0
716.86 24.4
717.55 11.9
718.51 27.9
719.62 21.9
720.68 59.7
721.55 56.3
722.45 39.8
723.39 24.0
724.23 21.2
725.50 15.9
726.74 53.7
728.01 4.4
728.83 23.1
729.60 43.2
730.53 35.7
731.77 37.0
732.52 35.0
733.54 16.8
734.52 23.6
735.63 90.3
736.75 18.5
737.35 2.7
738.81 29.3
739.70 114.8
740.44 46.2
741.40 27.1
742.50 10.8
743.50 23.7
744.51 112.2
745.43 31.4
746.45 24.3
747.57 116.1
748.31 139.5
749.11 74.0
750.30 9.2
751.22 2.9
752.89 131.0
753.65 55.4
755.56 6.5
756.62 191.4
757.60 110.7
758.36 4.8
759.49 32.2
760.46 110.2
761.85 864.2
762.63 764.4
763.61 135.5
764.51 199.5
765.54 93.0
766.37 20.3
767.14 30.3
767.82 24.4
769.34 21.5
770.64 37.8
772.04 14.1
774.46 3.8
778.01 6.8
783.90 5.0
790.43 11.8
791.56 3.6
792.71 8.2
793.55 2.1
794.40 76.7
795.46 7.8
796.30 4.1
798.85 2.0
799.68 1.9
800.44 7.8
801.38 20.9
802.42 5.8
803.78 21.7
804.54 11.3
805.43 11.7
806.54 17.6
807.49 34.1
808.24 13.7
808.87 1.8
809.83 14.8
811.09 9.4
811.85 22.0
812.82 22.8
814.20 9.5
815.94 8.4
817.54 12.4
818.64 7.2
819.44 16.5
821.08 15.8
822.68 9.2
823.69 4.6
824.46 2.7
825.45 30.9
826.32 45.1
827.72 3.0
828.38 5.2
830.25 4.6
831.62 8.7
832.41 2.9
833.52 10.8
834.64 13.2
835.38 60.9
836.91 36.2
837.71 10.5
838.37 5.7
839.05 10.7
840.41 6.1
841.43 1.7
842.62 43.2
843.56 39.0
844.54 22.3
845.72 10.5
846.34 4.5
847.34 24.4
848.58 30.0
849.52 18.4
850.34 3.2
850.97 5.8
851.79 5.6
852.65 10.3
853.59 8.9
854.80 15.8
856.96 24.1
857.63 3.5
859.61 3.2
860.75 14.7
862.46 21.6
864.01 16.0
865.40 218.3
866.52 71.8
867.56 10.8
868.48 14.7
869.63 1.5
870.58 2.4
871.39 11.0
872.91 39.3
874.13 18.2
875.29 17.2
876.37 12.8
877.55 1.7
879.18 10.8
879.85 12.2
880.61 2.8
882.50 19.3
883.56 34.7
884.40 3.7
885.33 4.1
886.40 3.8
887.26 4.5
888.36 37.6
889.49 40.9
890.48 55.2
892.28 6.0
893.56 46.4
894.52 27.5
895.44 13.2
896.76 2.5
898.76 3.2
899.37 2.5
900.41 5.0
901.63 39.7
902.27 9.3
903.57 58.7
904.52 20.9
905.47 10.0
906.22 126.1
907.43 36.4
908.50 33.5
909.79 34.0
911.58 7.9
913.67 21.7
914.52 7.9
915.42 24.1
916.05 2.1
916.77 16.2
917.41 4.0
918.45 64.2
919.58 72.6
920.42 34.2
921.39 12.0
922.35 31.7
923.33 9.1
924.82 16.0
925.63 5.5
927.50 3.1
929.45 12.3
930.68 17.1
931.43 15.0
932.42 49.3
933.30 55.8
934.53 26.8
936.44 752.2
937.50 311.5
938.65 38.2
939.61 11.2
940.60 1.7
941.54 6.0
943.30 5.2
944.43 11.7
945.54 7.8
946.72 21.0
947.69 4.6
948.62 46.2
949.43 47.4
950.51 31.3
951.58 9.2
952.73 6.3
953.37 6.8
954.84 12.6
956.40 20.0
957.59 6.0
958.60 24.9
959.62 4.1
960.61 12.9
961.65 34.6
962.47 22.3
963.62 9.1
964.71 22.5
965.54 9.5
966.71 5.3
967.61 22.6
968.43 11.4
969.44 7.4
971.07 12.7
971.72 13.7
974.54 10.9
975.58 30.0
976.49 14.4
977.47 19.4
978.28 10.1
979.46 38.6
980.51 15.8
981.58 15.6
982.66 20.9
983.47 13.6
984.40 7.1
985.42 20.6
986.36 2.1
987.36 6.6
988.42 38.3
989.49 37.3
990.41 16.7
991.59 2.4
992.32 2.3
993.53 30.3
994.59 34.5
995.96 34.7
997.31 18.9
999.50 33.2
1000.39 118.7
1001.54 42.2
1002.51 18.1
1003.88 4.2
1004.75 50.2
1005.64 98.9
1006.53 52.9
1007.53 16.4
1008.33 10.6
1009.03 3.4
1010.81 2.2
1012.53 26.2
1013.49 7.1
1014.47 107.9
1015.55 107.7
1016.60 45.3
1017.40 37.2
1018.61 31.1
1019.66 14.1
1020.97 8.8
1021.58 27.2
1022.66 14.0
1023.52 7.5
1024.30 19.7
1025.64 2.0
1026.49 10.4
1027.42 10.1
1028.45 13.1
1029.53 21.2
1030.57 19.7
1031.64 79.8
1032.63 87.9
1033.57 107.4
1034.58 52.5
1035.59 131.5
1036.59 28.8
1038.10 8.3
1041.54 20.7
1042.62 17.7
1043.60 5.9
1045.22 67.5
1046.57 47.2
1047.56 22.9
1048.44 6.6
1050.48 572.2
1051.48 283.2
1052.62 58.9
1053.67 32.9
1054.58 6.7
1055.45 33.9
1056.64 3.3
1057.44 10.5
1058.41 4.6
1059.68 14.5
1060.69 4.9
1061.62 27.6
1062.53 141.1
1063.52 65.2
1064.44 6.8
1067.06 11.2
1068.67 23.6
1069.46 5.4
1070.25 18.4
1071.47 19.9
1072.64 15.8
1073.80 10.6
1074.86 32.4
1075.95 3.6
1076.60 11.9
1077.66 14.7
1078.93 5.3
1079.55 9.1
1080.68 3.2
1081.61 2.9
1082.48 14.7
1083.25 9.6
1083.88 4.0
1085.79 2.1
1087.03 15.7
1087.90 11.2
1088.69 9.5
1089.50 5.4
1090.76 16.1
1091.61 3.9
1092.60 24.2
1093.40 6.7
1094.76 4.0
1095.58 8.5
1096.87 7.6
1097.62 2.9
1099.16 9.8
1100.48 2.4
1101.42 5.1
1102.77 15.8
1103.70 20.8
1104.81 13.2
1105.73 10.1
1106.71 13.3
1107.47 16.8
1108.85 3.0
1109.97 3.1
1111.67 8.3
1112.45 5.9
1113.56 100.5
1114.56 67.1
1115.55 27.9
1117.63 16.1
1118.45 13.4
1119.50 37.2
1120.53 24.0
1121.39 7.3
1123.50 5.1
1125.48 3.4
1127.38 8.6
1128.66 27.0
1129.66 60.0
1130.62 91.5
1131.70 103.4
1132.62 57.7
1133.62 7.3
1135.58 30.3
1136.71 32.1
1140.94 5.8
1141.70 9.2
1142.71 16.0
1143.54 5.1
1144.69 19.0
1145.52 37.5
1146.55 415.1
1147.58 176.8
1148.55 59.1
1149.57 42.9
1150.60 31.0
1151.48 9.1
1153.90 8.6
1156.46 9.5
1158.65 8.2
1159.57 2.9
1161.71 18.2
1162.95 186.4
1163.59 1932.9
1164.59 1112.0
1165.63 258.2
1166.46 3.1
1168.72 9.0
1169.40 3.9
1170.81 62.3
1171.78 7.6
1172.55 3.7
1174.05 2.1
1175.87 4.5
1176.86 2.9
1178.71 9.3
1179.77 2.9
1180.58 3.0
1181.37 4.3
1183.66 8.7
1184.82 20.2
1187.54 22.7
1188.35 6.7
1189.52 16.1
1191.45 15.1
1192.80 2.0
1195.10 2.2
1201.59 76.8
1202.57 30.6
1203.70 2.4
1210.72 1.9
1213.59 52.7
1214.65 6.2
1219.61 2.1
1220.54 16.0
1221.70 3.4
1222.55 2.2
1224.38 6.4
1227.66 26.3
1229.21 20.9
1229.86 10.4
1230.86 6.8
1234.77 4.2
1237.49 2.4
1239.59 1.7
1240.28 5.3
1240.96 2.7
1241.91 11.5
1244.96 15.5
1245.71 185.2
1246.72 139.2
1247.75 14.8
1248.53 4.0
1254.62 4.2
1256.28 7.0
1260.70 5.7
1262.69 515.5
1263.66 424.0
1264.72 91.0
1268.12 3.3
1273.81 3.8
1275.55 3.2
1280.53 2.6
1282.46 12.1
1283.65 39.4
1284.61 29.8
1285.61 5.3
1287.04 2.9
1288.91 5.2
1289.85 13.2
1292.25 7.5
1295.94 7.8
1300.53 87.5
1301.64 59.0
1302.50 13.6
1303.64 16.7
1304.83 2.2
1311.46 5.3
1313.59 3.9
1319.80 8.9
1320.62 4.2
1321.51 3.0
1323.48 4.0
1327.46 20.6
1328.47 2.8
1329.86 12.4
1330.91 7.1
1345.75 8.9
1346.85 3.7
1347.89 5.3
1350.56 3.9
1356.56 4.7
1368.89 5.2
1378.96 1.5
1382.07 3.8
1385.56 3.1
1390.60 6.8
1392.15 3.2
1405.22 3.5
1408.92 4.4
1409.77 2.2
1412.71 5.8
1425.02 1.8
1430.59 3.0
1521.67 2.4
