2420.24082 3
238.25 1.0
243.32 1.5
245.17 3.3
249.20 1.6
252.15 1.4
260.23 1.1
261.19 1.4
278.09 1.8
288.46 3.9
303.45 4.1
308.30 3.1
312.12 2.8
319.78 4.8
322.47 2.0
331.18 3.1
332.26 1.3
345.16 2.0
349.06 5.0
350.22 1.6
351.19 2.6
352.33 5.6
359.31 1.7
368.22 1.9
374.21 3.5
375.36 3.5
377.45 5.2
380.18 2.7
383.39 5.0
392.26 1.7
396.44 2.4
398.15 1.8
399.33 1.7
403.39 2.2
407.19 1.2
408.41 2.2
410.23 6.5
416.36 8.8
418.49 2.0
420.52 1.9
424.33 5.0
427.42 1.7
428.50 1.5
432.88 4.2
434.28 2.8
438.66 2.1
439.37 2.4
440.06 4.3
442.46 1.5
443.36 8.6
449.16 2.6
450.05 4.7
451.44 3.2
452.13 2.0
455.20 3.0
468.16 5.0
470.20 7.7
472.42 3.4
473.34 1.4
475.44 6.8
476.39 3.6
477.29 1.6
478.86 2.3
480.57 3.8
488.40 2.2
497.42 8.8
499.34 3.6
500.28 4.5
504.42 5.7
506.28 3.4
512.31 7.7
513.58 1.4
515.34 20.4
516.37 2.2
517.22 5.2
518.19 5.5
520.36 4.8
522.22 3.4
526.63 3.2
527.51 2.4
528.56 2.9
529.77 1.8
532.28 2.7
534.90 6.4
537.24 7.6
539.30 14.1
541.80 6.6
544.48 2.8
546.37 2.3
549.48 3.4
550.62 6.4
551.49 7.8
553.22 1.6
556.57 3.3
557.42 1.5
560.31 11.8
563.36 1.4
566.24 2.0
573.11 3.7
573.72 1.2
574.60 1.7
578.39 19.5
581.17 12.4
582.46 3.8
583.45 1.0
584.42 4.7
590.30 1.5
591.32 2.8
592.75 3.1
593.44 2.4
598.37 2.2
599.52 16.3
602.35 13.7
603.41 10.7
606.43 8.9
608.39 11.2
612.50 1.6
614.64 2.2
616.24 3.4
617.36 22.4
618.55 5.5
619.46 6.2
620.73 6.6
622.38 1.9
623.67 1.1
624.34 2.7
625.21 2.4
630.53 5.2
633.56 4.6
635.49 1.2
638.31 4.8
643.53 1.8
644.16 3.1
647.03 6.4
650.75 2.3
652.31 3.6
653.53 1.0
654.42 1.2
656.53 4.8
658.33 3.1
659.23 5.4
661.52 16.9
664.96 3.9
666.32 3.0
669.31 4.9
670.13 6.1
673.17 5.3
674.44 3.9
675.65 8.3
676.35 12.2
678.30 4.6
680.79 2.2
682.00 16.2
683.54 2.5
686.38 1.4
687.98 4.8
688.77 1.2
691.35 4.1
692.63 5.4
693.59 9.7
695.55 17.7
696.34 2.6
698.81 4.5
699.97 2.6
703.03 2.8
703.84 4.7
705.41 1.5
706.70 8.6
707.54 10.3
708.19 3.0
709.27 5.2
714.01 13.3
716.95 3.5
718.50 6.1
719.20 1.8
720.45 3.5
723.26 4.1
725.80 4.3
727.36 7.4
728.66 6.8
729.47 2.9
732.64 15.6
734.30 2.4
735.38 1.7
736.15 3.5
736.78 4.3
737.54 3.2
738.60 1.3
740.42 6.8
741.34 7.1
742.27 11.1
743.45 1.1
744.55 5.6
745.58 31.2
746.65 6.3
747.29 1.9
748.65 4.2
749.78 4.0
751.68 16.7
752.54 1.8
754.03 5.3
755.00 7.8
757.66 98.4
759.16 6.4
761.35 1.3
762.52 6.5
763.48 30.3
764.45 1.6
765.44 8.5
767.53 35.5
768.55 7.0
769.41 12.1
771.71 2.5
772.47 11.4
773.57 3.7
774.97 5.7
775.73 3.6
776.37 6.6
777.60 2.4
778.40 2.8
779.43 22.0
780.81 11.3
781.59 8.5
784.39 20.3
785.73 20.4
788.05 7.2
789.57 120.1
790.34 42.6
791.02 10.3
791.65 11.9
792.40 15.4
795.41 23.5
796.34 7.6
798.08 1.9
798.85 9.6
799.46 3.5
822.71 2.7
826.64 5.4
830.45 4.1
839.38 3.8
840.47 1.5
841.64 3.2
845.96 1.6
846.68 5.8
852.52 2.3
855.55 10.3
866.57 30.4
868.48 3.3
869.62 7.8
870.80 5.0
875.04 6.2
876.18 1.1
881.12 4.7
882.48 5.7
883.38 3.9
896.64 2.2
897.37 4.6
899.35 4.7
900.71 1.5
901.67 8.8
903.21 5.6
904.43 2.4
909.95 38.4
910.68 14.1
913.31 1.0
919.29 9.4
922.52 1.4
923.43 2.3
925.47 4.5
927.44 8.9
935.62 6.0
941.56 1.6
944.37 47.0
945.25 8.1
953.73 120.7
954.53 6.1
956.66 5.0
961.63 2.4
963.62 1.0
965.46 9.9
966.59 4.0
971.10 6.7
974.40 3.2
976.10 6.7
978.07 2.0
979.36 3.7
983.52 14.9
984.65 5.8
987.15 3.0
988.74 4.6
992.98 8.4
996.21 51.7
997.49 44.1
998.45 13.3
1002.61 4.1
1010.00 4.5
1014.40 6.9
1015.67 4.3
1017.96 4.4
1019.42 9.9
1020.53 4.3
1023.58 4.8
1026.34 3.4
1032.63 5.6
1037.71 7.6
1045.02 2.8
1045.63 2.4
1047.51 1.7
1054.08 7.1
1060.61 2.8
1061.38 5.3
1062.33 5.3
1067.45 1.9
1070.49 16.7
1072.45 1.5
1074.29 9.2
1077.31 1.9
1079.20 35.0
1080.29 1.9
1081.32 3.5
1082.31 2.0
1085.80 5.6
1088.30 34.6
1089.38 4.2
1098.94 10.4
1099.70 2.1
1100.54 2.3
1105.51 2.6
1106.62 2.8
1109.52 20.8
1110.46 33.0
1118.47 6.3
1126.34 17.0
1127.55 1.6
1135.68 16.4
1136.59 4.0
1144.84 27.1
1145.45 4.2
1158.53 3.2
1168.66 1.1
1175.58 22.3
1178.42 3.3
1180.68 3.1
1206.66 6.0
1213.14 2.2
1214.59 3.5
1219.52 2.7
1223.15 4.4
1227.32 2.8
1229.54 1.2
1240.56 29.6
1241.56 43.4
1242.72 1.4
1246.93 4.5
1247.82 3.6
1250.35 2.5
1307.09 1.2
1311.77 1.0
1317.91 2.0
1325.74 2.0
1326.65 8.0
1331.68 1.6
1336.49 2.5
1338.60 2.3
1347.94 7.6
1350.45 4.1
1353.63 27.4
1354.52 44.5
1355.56 20.2
1356.59 6.9
1384.45 6.6
1391.73 2.4
1438.80 8.6
1439.97 4.2
1441.03 6.4
1449.89 4.7
1450.85 4.2
1460.12 2.4
1462.71 2.1
1466.95 27.0
1467.75 34.2
1468.67 6.2
1575.83 2.6
1622.64 1.9
1672.66 4.5
1722.94 2.0
1740.66 1.5
1753.55 4.4
1842.94 3.7
