1176.63005 2
169.21 15.2
170.26 6.5
173.10 2.3
181.06 1.0
183.29 51.4
184.27 14.7
185.30 9.5
187.13 23.7
197.23 34.8
198.39 3.3
200.30 67.9
201.30 3.2
203.15 2.8
209.33 1.8
211.29 6.0
214.27 13.5
215.43 1.5
216.30 1.6
220.18 2.3
225.53 2.6
227.65 8.5
228.30 137.1
229.39 7.0
230.10 11.2
231.18 2.7
232.30 2.6
234.16 4.1
235.28 1.5
240.16 7.3
241.18 5.3
242.32 1.4
246.16 11.7
247.18 16.1
252.47 2.0
254.26 17.3
255.20 1.7
256.16 2.5
257.98 1.5
260.32 3.1
262.46 11.4
264.08 56.8
265.44 9.1
266.19 2.4
267.62 8.0
268.30 9.0
269.20 3.8
270.13 4.1
272.33 12.0
274.16 19.1
275.04 1.2
276.17 1.8
278.20 2.7
279.54 3.7
280.90 10.1
282.15 16.6
284.00 7.8
285.13 2.5
285.89 7.6
287.50 5.9
294.46 2.9
295.97 2.9
297.25 17.8
298.19 17.0
301.15 3.5
303.54 14.6
305.40 4.2
307.28 2.7
309.09 3.0
310.33 18.3
311.27 1.1
312.20 3.3
313.38 3.1
315.14 15.8
316.28 8.3
317.26 4.3
318.13 6.2
321.45 2.3
323.00 4.0
325.11 1.7
326.27 2.2
327.40 5.1
329.22 6.3
332.26 1.0
333.35 22.5
334.16 2.3
335.39 3.6
337.51 2.8
338.15 5.9
339.33 7.7
340.24 1.5
341.30 6.2
342.09 3.2
343.24 17.3
344.28 4.2
345.33 2.8
347.41 1.8
349.97 11.1
351.20 54.1
352.29 4.5
353.31 7.8
354.87 9.8
355.88 13.3
357.39 7.9
359.64 7.4
360.45 1.7
361.25 21.1
363.29 2.6
365.12 2.2
366.22 6.6
367.33 10.0
368.21 11.7
369.19 2.3
370.64 7.6
372.09 8.5
372.92 1.2
373.55 6.1
374.57 3.5
375.41 1.9
377.35 1.7
379.13 34.1
380.28 6.4
381.23 5.9
384.20 149.2
385.26 26.0
386.32 6.3
387.36 2.6
388.19 4.5
389.23 7.2
390.24 49.0
391.44 14.1
393.03 6.5
393.84 1.3
396.18 49.1
397.11 20.1
398.18 1.2
398.99 11.2
400.36 6.3
401.45 9.7
402.25 129.5
403.22 21.1
404.32 44.4
405.32 3.4
406.59 10.5
407.26 6.8
408.36 30.0
409.33 2.0
410.59 4.7
412.30 3.8
414.28 1.7
415.29 9.2
417.29 3.2
418.43 10.3
419.33 3.1
420.23 153.8
421.29 24.5
423.51 6.9
424.42 63.8
425.26 7.5
426.48 8.9
430.31 18.7
431.28 5.4
433.26 1.1
434.17 3.9
435.17 2.9
436.20 4.9
438.24 1957.1
439.30 219.8
440.27 8.7
441.08 1.5
441.68 4.6
442.58 7.6
443.32 4.0
446.25 4.6
447.72 11.8
448.54 3.9
449.57 13.6
451.18 1.7
452.26 25.5
453.62 2.2
455.52 3.9
457.39 6.9
458.26 12.5
460.64 5.9
461.30 3.3
462.31 4.8
463.40 19.4
464.40 11.3
465.36 1.2
466.67 10.3
467.62 9.0
468.36 14.8
469.19 6.9
470.13 2.5
470.95 9.7
472.44 7.2
473.29 19.8
474.50 23.0
475.38 394.0
476.58 8.4
477.47 3.1
478.79 7.4
481.42 10.7
482.15 12.4
483.05 20.7
484.48 33.7
486.53 11.3
488.32 10.9
489.19 9.2
490.31 10.8
492.20 27.3
492.97 4.8
494.32 28.8
495.20 10.1
496.23 9.2
497.31 4.8
498.49 20.4
499.56 20.7
500.42 14.1
503.21 1.5
504.29 7.3
505.85 12.2
506.80 17.9
507.74 13.0
508.67 37.2
509.55 36.6
510.83 28.8
511.65 19.8
512.38 92.3
513.32 10.7
514.23 7.6
515.61 7.4
517.20 10.1
518.49 19.8
520.37 6.7
522.50 44.3
523.58 8.4
524.57 19.9
525.32 5.5
527.67 15.2
529.46 26.9
530.91 29.0
531.87 11.8
532.86 3.2
534.04 11.6
535.35 26.9
536.42 14.2
537.48 126.1
538.63 38.2
540.11 11.5
540.78 2.6
542.06 17.7
543.50 18.9
544.52 21.0
545.36 27.0
546.43 2.0
547.68 23.5
549.05 26.2
550.36 41.0
551.36 29.2
552.47 65.3
553.35 102.1
554.16 21.8
555.24 36.9
556.08 18.3
557.80 74.6
558.61 48.3
559.66 32.0
560.48 8.6
562.27 29.9
563.07 22.5
564.96 106.7
566.31 216.7
567.06 95.5
567.90 14.7
568.62 26.3
570.74 272.4
571.69 437.2
572.48 84.6
573.85 84.3
574.48 34.9
575.20 2.8
575.90 38.2
576.75 40.9
577.45 76.5
578.22 17.0
579.98 870.7
580.87 54.0
583.64 4.1
597.38 3.0
598.74 3.8
599.44 12.3
604.74 1.9
606.40 21.8
607.50 8.4
608.46 4.6
610.54 2.2
611.53 2.7
612.76 12.7
614.98 2.1
617.47 4.9
622.31 16.2
623.50 10.7
624.50 56.3
625.71 25.8
627.47 4.7
628.50 5.7
629.38 1.9
632.65 9.3
633.93 6.2
634.54 5.5
635.44 1.3
636.50 1.5
637.47 8.6
638.50 7.0
640.35 226.5
641.37 45.5
642.43 31.4
643.46 7.2
644.29 3.3
649.37 1.2
650.62 15.4
651.82 15.3
652.88 3.4
654.37 6.3
655.16 1.1
656.40 9.3
659.18 4.8
659.79 1.3
661.32 5.3
662.53 6.7
665.41 2.2
667.23 19.9
668.35 26.9
670.36 6.4
671.22 4.7
672.90 2.2
675.89 1.0
676.54 2.5
677.69 6.3
680.06 1.0
681.24 9.6
682.54 6.8
683.49 4.7
684.18 1.4
686.45 2.9
688.33 6.1
691.53 6.9
692.34 11.8
693.54 11.2
694.52 36.1
696.42 2.2
699.19 19.5
700.07 6.2
701.29 1.7
701.97 2.1
703.54 14.7
704.41 24.8
706.34 3.1
707.13 4.3
707.90 12.4
709.48 8.2
710.61 1.8
711.58 32.9
712.83 3.6
713.52 4.7
714.41 3.2
716.46 12.0
717.27 8.9
718.47 11.4
719.28 8.0
720.63 18.0
721.56 105.8
722.49 53.8
723.36 9.1
725.08 6.9
725.73 6.0
727.38 4.6
727.99 1.2
729.00 1.0
729.80 3.9
732.11 5.3
733.53 8.2
735.45 21.9
736.48 5.0
737.75 14.4
739.47 1586.5
740.41 527.2
741.28 4.4
744.38 1.5
747.32 5.9
749.68 11.9
753.35 492.3
754.35 141.1
755.02 1.3
757.51 13.3
758.70 1.1
760.38 1.0
761.33 20.3
763.54 9.5
764.86 7.9
766.51 1.2
767.35 3.6
768.41 10.9
769.30 1.5
771.27 24.4
774.08 12.8
775.49 7.2
776.93 16.9
777.65 3.6
778.76 5.2
781.20 17.7
782.33 6.2
787.58 8.5
788.51 5.1
789.49 9.0
790.34 3.6
791.25 6.2
795.31 8.4
796.35 5.0
798.47 9.1
799.75 8.1
800.82 5.7
801.45 2.3
802.86 6.4
803.59 2.0
805.84 13.8
807.28 33.2
808.38 33.8
809.34 5.6
810.30 6.7
811.93 8.5
814.78 2.7
816.07 4.3
818.49 2.8
819.49 6.6
821.51 3.6
824.49 3.8
825.81 14.6
826.58 51.7
827.43 2.3
833.79 4.2
834.62 9.1
835.38 2.3
836.60 2.5
839.30 2.8
840.75 2.2
842.63 12.2
844.51 20.5
845.35 1.2
849.71 2.5
850.65 5.8
852.36 74.7
853.52 18.4
858.88 2.7
862.35 7.3
863.38 3.8
866.66 4.1
867.67 3.8
868.27 2.0
869.31 5.9
873.52 2.8
877.50 7.0
878.53 8.8
880.85 2.1
882.91 2.8
883.67 3.1
885.63 3.1
886.46 5.4
887.32 2.3
888.35 2.3
889.43 1.1
895.50 36.3
896.46 17.8
897.81 3.3
900.40 4.4
901.41 22.9
902.83 1.7
905.65 1.5
909.26 1.6
910.58 4.9
911.70 10.9
912.81 3.2
913.55 37.9
914.54 16.2
915.60 16.6
916.50 3.9
918.53 13.5
919.41 7.8
920.50 5.9
925.76 3.4
927.85 2.0
931.31 85.7
932.34 18.5
933.35 6.7
934.32 6.2
935.51 1.7
936.63 8.2
937.88 3.1
940.60 2.3
942.73 1.4
943.64 2.9
944.61 4.2
949.52 1363.1
950.62 431.2
951.67 2.3
952.91 4.8
954.66 21.2
955.63 3.3
957.28 1.5
962.60 6.5
963.61 31.1
964.51 17.9
965.36 8.5
966.18 1.4
971.39 3.3
972.69 8.0
973.64 3.1
974.71 12.4
977.07 9.9
980.31 4.6
982.80 23.5
983.53 3.3
986.26 15.5
987.52 11.5
988.53 13.6
989.68 4.3
990.66 6.7
991.46 2.1
996.48 2.1
998.46 24.0
999.55 9.6
1001.44 7.5
1002.59 10.5
1003.56 6.2
1004.77 3.4
1005.52 2.0
1011.67 3.6
1013.31 7.1
1016.63 60.1
1017.71 19.0
1020.51 242.7
1021.58 71.2
1025.60 1.2
1030.50 38.1
1031.56 19.4
1034.05 28.2
1034.69 67.8
1035.60 49.4
1039.61 5.1
1042.53 2.6
1043.64 17.8
1044.76 3.7
1045.55 2.2
1049.65 4.9
1058.80 1.4
1064.36 1.8
1068.90 2.9
1074.43 2.1
1101.09 2.5
1120.59 1.5
1122.47 2.2
1131.68 13.7
1132.69 4.3
1174.32 2.8
