1472.71149 3
139.15 1.1
142.18 1.6
144.15 2.1
147.07 13.0
148.05 3.7
149.13 1.2
154.44 4.0
155.37 3.0
156.14 19.4
157.07 29.4
158.13 5.4
159.15 3.7
160.26 3.6
161.01 4.6
162.89 2.6
165.07 29.3
166.03 9.2
168.19 2.5
169.27 8.0
170.30 5.8
171.28 1.8
172.04 3.0
173.40 5.4
175.17 102.4
176.26 22.3
179.08 4.8
180.21 4.7
182.24 67.3
183.20 21.9
185.12 16.4
186.23 6.2
187.30 8.6
188.22 1.6
190.12 4.8
191.43 5.9
192.25 2.3
193.27 2.6
194.38 5.0
196.24 3.1
197.02 9.5
198.84 24.0
200.30 11.2
201.23 25.3
202.42 11.7
203.12 160.2
204.22 11.2
205.41 1.2
207.28 2.4
209.06 3.1
209.88 8.4
211.16 6.4
212.49 10.5
213.21 6.8
215.29 2.6
216.27 6.6
217.35 15.4
218.21 1.9
220.07 6.1
221.11 5.8
222.07 9.3
223.32 6.5
224.25 4.4
225.25 2.2
227.11 15.8
228.19 38.6
229.27 10.2
230.39 12.9
231.27 1.1
232.44 3.0
233.12 3.2
234.04 16.5
235.21 13.7
236.31 17.3
237.21 14.4
240.29 4.6
241.19 9.7
242.20 16.9
243.19 6.4
244.11 5.5
245.14 16.7
247.16 3.3
249.26 9.4
250.93 9.8
252.02 3.8
253.25 1.7
254.17 18.1
255.25 15.7
255.95 4.9
257.26 2.1
258.10 12.2
260.11 20.8
261.34 54.7
262.22 25.3
263.31 12.3
266.18 6.0
268.31 33.4
269.31 154.1
271.05 6.7
272.14 40.0
273.20 7.9
274.27 7.9
275.22 1.7
276.09 4.2
277.11 17.9
278.17 5.3
279.66 10.8
280.46 10.6
281.50 1.9
283.13 185.2
284.37 8.5
285.49 8.0
286.27 4.8
287.32 3.8
290.02 133.9
291.24 30.3
292.93 2.2
294.51 1.2
296.49 20.4
298.59 195.1
299.58 18.9
300.61 6.8
301.28 25.4
302.29 3.7
303.67 72.4
304.31 36.5
308.34 34.3
309.29 12.7
310.32 5.5
311.34 1.9
312.84 293.8
314.06 17.9
315.38 10.6
316.26 55.5
317.17 41.3
318.52 20.2
319.23 14.8
320.18 5.5
324.29 103.6
325.23 19.6
326.30 3.6
327.20 5.1
327.87 7.2
329.06 20.0
330.07 18.9
331.28 28.0
332.13 5.9
333.66 15.6
334.62 4.7
335.24 2.9
336.41 1.8
337.08 1.4
338.46 5.4
339.30 15.5
341.08 78.3
341.96 18.8
343.10 7.7
344.68 24.3
345.70 11.5
347.03 28.5
347.94 10.8
348.93 3.3
350.03 36.3
350.93 12.7
351.59 2.6
352.59 9.1
353.58 13.6
354.60 13.5
356.37 17.9
357.48 16.1
358.93 121.3
359.92 13.4
361.20 192.3
361.83 38.8
363.31 15.2
364.34 5.0
365.40 9.6
366.31 2.7
367.77 506.8
368.90 28.2
370.23 115.2
370.93 17.6
371.94 2.3
373.08 23.4
374.02 13.0
374.83 8.9
375.49 18.1
376.42 28.0
377.48 121.7
378.55 19.3
379.38 6.6
380.63 6.1
381.53 12.9
382.49 48.2
383.31 3.9
384.28 5.0
385.15 24.7
386.27 37.3
386.99 24.6
389.31 9.7
390.66 49.7
391.50 97.1
393.17 9.2
393.86 10.9
394.95 20.6
396.11 108.9
397.03 13.2
397.94 26.1
398.62 16.4
400.02 67.4
401.12 32.4
402.10 41.8
403.23 68.4
404.73 211.7
405.53 88.9
406.61 42.0
407.36 130.6
408.33 13.4
409.25 10.3
410.25 7.1
410.88 8.6
411.51 5.9
412.49 33.9
413.92 460.1
415.05 9.3
416.21 245.1
416.92 116.0
417.95 63.1
418.88 13.8
420.05 13.2
421.01 19.5
421.70 2.4
424.32 1921.7
425.36 966.3
426.42 62.8
427.52 7.7
428.37 5.2
430.00 83.3
430.95 26.5
432.37 29.8
433.41 35.3
434.57 144.9
435.47 55.3
436.44 22.4
437.35 30.1
438.64 197.7
439.50 103.8
441.31 27.1
442.39 68.4
443.60 19.1
444.40 9.2
445.71 39.1
446.67 46.2
447.39 64.3
448.37 254.7
449.89 35.5
450.98 206.1
452.05 59.7
453.55 30.7
454.68 11.5
455.57 32.0
456.32 92.6
457.52 82.8
459.86 966.7
460.89 100.4
461.94 33.8
463.52 37.0
464.74 93.4
465.87 29.0
466.48 26.7
467.47 69.5
468.15 207.0
468.85 1268.7
469.92 106.5
470.65 210.4
471.43 2.3
472.90 115.9
473.57 503.1
474.24 269.3
476.33 384.3
477.24 96.8
479.76 2956.0
480.57 22.7
482.14 365.4
482.96 239.6
483.95 25.4
484.60 1.4
485.43 2.9
487.94 2.7
496.92 12.4
497.99 8.5
498.84 16.2
499.72 6.1
501.29 4.8
502.35 7.8
503.30 2.4
504.34 1.2
505.53 27.0
507.25 29.3
508.20 1.7
509.34 55.9
510.36 13.1
511.58 20.4
512.43 31.0
514.37 10.3
515.34 12.4
516.41 133.3
517.38 18.5
518.33 2.8
519.67 19.3
520.46 3.6
523.38 5.5
524.28 1.9
525.41 164.1
526.34 17.8
527.59 21.2
528.42 2.1
530.13 8.7
532.10 5.7
533.68 20.4
534.55 7.4
537.41 1944.5
538.36 439.3
539.47 21.8
540.09 1.3
542.24 21.1
543.20 9.3
544.12 3.4
544.83 8.7
546.15 5.9
546.82 36.9
547.43 35.8
548.04 4.9
549.48 15.0
550.68 12.6
551.64 9.3
553.11 7.8
554.15 30.3
554.81 8.1
555.48 11.1
556.65 15.0
557.43 2.5
558.41 6.2
560.24 627.2
561.19 137.3
562.33 54.7
563.51 13.7
564.35 12.5
567.14 38.8
568.48 4.8
569.91 29.6
571.15 60.4
571.91 9.3
572.92 24.8
574.33 5.2
575.31 6.4
576.58 15.4
577.75 10.9
578.85 118.6
579.57 27.9
580.38 10.4
581.44 14.7
583.65 31.0
584.61 22.1
585.39 29.7
586.08 23.7
587.07 117.8
587.94 20.1
588.90 1.4
589.52 6.1
590.44 23.5
591.41 22.4
592.48 11.5
594.22 26.2
596.03 642.7
596.98 17.4
597.89 4.0
598.93 17.4
600.60 8.6
601.31 16.1
602.25 18.2
603.63 174.2
604.60 12.1
606.33 252.3
607.51 47.4
608.43 13.1
609.36 4.1
610.38 35.3
611.51 36.0
612.17 6.5
613.52 5.5
614.45 25.3
615.24 64.3
616.04 21.7
616.86 13.0
618.52 24.1
619.51 42.8
620.44 15.4
621.40 36.7
622.42 17.2
624.27 697.3
625.57 118.0
626.57 18.6
627.34 21.1
628.56 11.7
629.33 43.8
630.56 45.7
631.30 37.4
632.23 17.7
633.39 8.8
634.48 4.7
636.02 34.2
637.52 130.9
638.47 21.9
639.46 28.8
640.60 31.9
641.43 13.9
642.37 1.6
643.22 18.3
644.02 25.2
644.86 15.0
646.55 252.1
647.32 1179.4
648.40 255.4
649.69 85.5
650.57 47.9
651.47 2.2
652.98 222.9
653.88 7.2
654.61 38.8
655.34 134.1
655.94 102.0
656.57 6.5
657.29 9.7
658.24 16.0
659.35 16.9
660.28 6.4
661.67 32.0
662.89 71.5
663.65 34.2
664.43 13.1
665.72 3.4
667.28 5.6
668.46 10.0
669.66 12.5
670.45 28.7
671.52 27.2
672.34 4.2
673.44 29.1
674.57 16.2
675.36 2.1
676.17 4.7
677.32 11.9
678.54 5.5
679.98 20.7
681.22 128.8
682.20 42.0
683.30 16.7
684.42 9.1
685.39 3.1
686.50 15.5
688.14 8.3
689.14 8.1
690.16 3.6
691.37 20.3
692.22 13.6
693.32 17.0
694.33 10.8
695.49 14.4
696.56 8.4
697.79 13.2
698.62 14.9
699.34 28.8
700.44 6.3
701.47 12.3
702.54 9.3
703.37 2.1
704.54 5.0
705.40 17.5
707.66 1.6
708.58 7.4
709.95 40.4
711.23 18.1
712.21 5.1
713.56 34.4
714.56 21.4
716.32 74.4
717.36 35.0
718.47 7.4
719.35 12.7
720.26 6.5
721.54 56.6
722.36 3.1
725.58 16.0
727.47 10.6
728.47 1.1
729.43 9.0
730.55 6.8
732.25 1.7
734.32 976.1
735.32 284.4
736.33 69.8
737.41 23.6
738.22 4.2
739.48 377.4
740.41 135.5
741.49 6.6
744.32 6.4
745.05 1.2
745.95 1.6
747.53 8.8
749.07 4.6
749.72 2.8
751.61 4.4
752.53 21.2
753.62 19.9
754.49 5.6
755.60 19.4
756.48 20.1
757.51 17.2
758.49 1.1
759.25 1.6
760.24 1.9
762.59 6.2
764.25 9.3
765.37 7.7
767.64 11.7
768.78 8.4
771.50 2.7
773.31 45.9
774.45 12.7
775.41 6.1
777.87 6.8
778.57 2.4
779.60 6.5
780.55 2.5
781.53 16.3
782.60 5.1
783.62 1.2
785.48 10.9
786.62 1.1
787.52 5.2
789.59 3.9
790.57 9.1
794.69 13.1
795.48 3.3
796.48 5.1
798.35 6.0
799.94 2.7
800.60 4.0
803.46 3.6
804.23 2.3
805.90 8.5
806.50 19.6
808.52 61.9
809.64 21.3
811.48 1.7
813.33 11.6
814.49 10.0
815.49 10.2
818.54 7.1
819.78 1.5
821.47 2.2
822.58 4.1
823.75 5.8
825.36 30.7
826.46 64.0
827.47 34.1
828.59 4.2
831.37 149.0
832.30 65.1
833.47 11.9
834.17 6.2
838.54 4.4
839.73 2.2
841.72 1.3
843.50 2.9
844.70 3.6
845.47 2.0
846.12 9.5
849.37 553.8
850.46 124.9
851.69 1.1
853.46 1.3
854.66 8.7
855.82 1.2
856.54 1.6
862.45 2.0
864.45 4.8
865.46 3.1
868.49 14.5
869.36 3.7
872.40 2.4
875.00 2.9
875.97 2.2
877.77 17.9
879.40 6.6
880.54 1.3
881.64 1.6
882.47 9.7
883.49 6.0
884.46 2.0
890.57 4.9
891.27 1.7
892.70 3.8
893.46 1.6
894.56 10.0
895.69 4.7
896.66 7.8
898.53 1.4
900.33 35.8
901.37 21.1
902.41 3.5
913.56 20.2
918.42 220.2
919.37 110.8
920.38 4.7
928.34 8.7
929.81 3.5
930.69 1.7
932.67 2.0
936.42 384.4
937.43 162.2
938.54 11.7
940.09 3.3
944.59 3.7
945.90 8.8
946.63 1.6
947.39 1.6
958.62 4.9
959.56 3.1
960.42 1.1
964.85 4.9
965.50 3.1
969.64 5.3
979.34 5.2
983.78 4.5
989.49 2.2
990.66 3.7
1008.50 5.0
1013.64 1.6
1018.32 1.7
1026.19 5.3
1031.48 5.5
1032.55 6.7
1033.36 2.8
1049.41 11.3
1057.58 2.4
1099.64 4.5
1118.57 4.1
1185.36 2.6
1292.03 2.3
