950.47331 2
136.17 67.8
139.11 15.0
145.08 22.8
147.13 7356.4
151.37 17.2
153.26 29.0
155.21 22.9
156.18 53.4
157.19 19.6
159.13 58.9
162.00 46.2
164.98 15.8
167.16 26.6
168.22 33.6
174.73 16.5
181.35 40.2
182.29 10.6
183.13 19.4
186.24 57.7
187.15 39.7
190.19 83.0
192.24 15.4
194.70 97.9
195.46 13.0
197.13 36.1
198.33 40.7
199.38 15.5
201.13 13.9
203.10 18.4
206.99 15.2
208.30 38.4
211.23 39.8
212.08 125.1
213.13 72.2
214.22 72.3
215.05 37.7
222.20 100.9
223.17 1611.0
224.21 43.7
225.16 175.1
226.96 14.7
230.23 54.1
233.11 15.9
235.29 868.3
237.89 88.3
240.11 2260.8
241.17 1427.2
242.15 2104.7
243.07 11.5
245.11 46.6
246.16 64.2
247.16 9.0
248.21 44.7
255.06 22.9
257.16 12274.3
258.14 11707.5
259.32 92.7
261.21 101.8
261.98 59.9
263.19 881.7
266.14 26.2
268.20 10.7
273.15 109.1
275.16 20151.3
276.14 71.8
279.38 251.1
280.13 8.8
281.25 31.6
282.21 13.2
283.18 73.7
284.19 61.8
285.23 19.1
287.33 13.1
291.24 64.9
295.23 19.1
297.33 95.4
301.13 506.7
302.14 160.9
304.63 11.2
311.21 9.6
312.22 36.2
313.05 65.4
314.19 16.1
315.21 17.0
315.87 19.5
317.50 62.6
318.30 88.5
318.98 12.5
324.80 289.1
327.49 33.2
329.34 24.5
329.96 14.4
332.06 83.6
337.24 44.9
338.73 353.7
340.35 34.5
341.46 88.7
342.22 22.8
343.30 16.0
344.32 151.6
345.40 31.8
350.16 87.4
351.50 14.8
352.74 92.4
353.38 59.3
355.44 27.1
356.22 30.1
357.50 13.9
359.37 15.0
360.93 11.8
362.05 22.5
363.07 81.6
365.58 47.5
367.31 12.9
370.22 731.2
371.32 2295.9
372.28 47.5
375.47 11.2
377.15 3441.0
378.07 148.2
379.09 20.5
380.31 46.2
381.94 24.5
385.78 25.3
386.45 34.8
388.24 24559.5
389.46 160.6
390.32 43.6
391.23 77.2
391.99 36.1
394.09 444.2
394.81 30.2
396.30 110.9
397.19 15.3
401.04 129.5
402.74 1493.0
404.07 95.5
404.99 19.7
408.50 136.0
409.34 56.0
410.39 187.2
411.38 251.3
412.16 34.9
414.33 706.2
415.19 41.3
416.52 134.9
417.58 117.8
418.40 21.3
419.26 13.1
420.04 11.3
421.28 29.5
423.26 27.6
425.35 80.6
426.24 365.3
427.22 231.9
428.29 280.8
429.40 82.3
430.34 26.8
431.32 27.7
432.44 158.3
433.40 24.3
434.24 36.8
435.54 30.6
436.28 30.4
437.63 35.6
439.55 58.3
440.44 198.9
441.42 31.2
444.33 162.6
446.36 136.4
447.15 19.5
449.00 90.0
449.75 169.8
452.76 448.2
453.44 63.4
454.89 125.5
457.20 840.4
458.15 2077.9
458.78 4409.9
459.48 96.1
460.43 9.6
464.34 726.7
465.52 17.8
467.23 10442.1
467.97 153.7
468.62 42.4
471.23 11.9
481.92 61.9
485.49 29.2
488.06 80.7
496.34 100.6
500.54 8.9
501.33 49.5
502.25 19.4
505.07 9.0
507.42 9.6
513.38 170.4
517.24 136.5
518.29 209.3
519.21 10.6
528.85 45.9
533.35 29.3
535.27 5373.2
536.27 15.8
541.34 90.7
542.22 122.1
543.37 33.7
545.23 147.8
546.30 1903.3
547.22 130.7
548.38 12.5
556.79 40.0
557.47 574.2
559.41 312.4
560.25 161.4
561.30 68.5
563.21 27835.9
564.25 460.8
570.49 43.7
574.36 2721.5
575.59 87.6
577.31 709.2
578.38 34.9
583.51 24.4
586.47 22.8
591.37 70.7
599.00 43.1
600.42 18.6
603.45 57.0
605.33 44.3
609.54 16.1
611.74 23.2
615.35 116.2
618.09 35.6
618.97 54.8
621.46 33.7
622.75 23.9
625.70 23.8
631.27 577.5
632.41 212.2
637.29 95.5
638.51 12.4
639.77 14.6
640.57 16.5
641.46 81.2
647.51 548.5
648.43 2976.8
649.55 80.4
652.56 19.6
654.37 108.4
655.57 26.2
658.72 1315.9
659.43 8085.4
660.45 58.7
670.11 89.8
671.33 308.1
672.40 211.2
673.52 37.1
674.38 87.8
676.29 42526.7
677.45 693.9
688.30 2170.1
688.93 11.5
689.77 42.2
690.71 62.9
692.49 105.8
693.44 238.2
696.13 61.6
699.53 28.4
705.02 86.5
705.70 18.3
706.46 31.6
707.52 25.5
712.90 10.1
717.38 32.8
718.38 30.6
719.53 14.7
721.67 46.6
722.46 13.8
723.36 18.1
724.47 34.9
736.40 14.6
742.25 162.1
746.28 228.1
747.21 37.2
751.32 26.5
753.68 10.1
754.33 13.3
759.37 203.2
763.68 39.5
769.32 61.0
770.42 271.2
776.29 404.5
776.90 54.8
778.20 10.0
780.90 57.9
783.50 48.7
784.57 9.5
787.30 7161.1
787.91 145.5
788.51 114.0
798.33 335.8
800.35 28.7
801.47 36.3
802.43 41.8
804.38 42394.5
805.41 1009.2
816.15 26.9
818.58 73.8
819.36 386.7
820.39 34.6
821.54 15.0
822.21 30.4
833.47 74.3
834.23 43.6
899.75 24.2
943.43 20.9
950.00 43.5
