1448.68791 2
226.53 1.4
244.31 5.3
250.23 2.1
262.13 5.9
285.45 1.2
293.36 3.7
294.30 1.3
303.36 1.7
305.15 1.9
311.11 1.5
334.30 1.3
348.50 4.0
352.49 2.2
355.31 2.7
358.95 10.1
362.90 2.4
367.45 1.9
370.15 3.0
371.63 2.3
390.45 1.4
393.40 1.8
397.17 1.4
400.56 3.1
418.35 1.8
419.51 3.4
426.52 1.5
443.51 1.5
450.16 5.9
452.32 1.5
480.47 6.2
481.14 3.0
484.30 3.7
486.31 1.7
487.37 1.9
489.34 20.4
493.89 18.1
498.45 13.1
500.69 4.3
503.32 2.1
510.40 4.4
515.46 12.4
523.92 20.0
527.44 1.9
528.52 23.9
533.57 1.1
537.50 41.2
540.51 1.9
545.20 4.3
546.38 1.6
548.52 1.1
549.33 11.1
549.98 5.0
552.71 7.5
558.49 57.7
560.11 11.3
561.39 9.3
567.53 230.8
572.41 4.8
573.04 1.9
574.45 5.2
575.49 2.2
577.35 4.0
578.69 8.1
581.57 5.4
585.31 7.5
588.78 5.4
592.43 2.2
596.45 2.5
599.45 1.0
602.18 3.4
603.21 8.2
603.98 6.6
605.98 7.1
606.94 13.8
607.98 5.9
609.32 6.8
610.31 3.7
612.99 8.3
615.01 3.7
616.30 10.5
622.15 5.0
623.80 11.0
625.12 16.2
628.28 5.9
628.96 7.3
632.60 6.0
637.90 32.5
638.65 6.9
641.40 2.5
642.75 1.8
646.44 4.6
647.07 51.3
647.82 2.0
649.29 5.3
650.61 38.8
651.50 8.8
653.54 2.0
656.05 1.8
657.54 3.8
659.37 6.1
660.21 6.8
664.58 2.8
665.47 2.7
666.59 7.0
667.34 3.8
668.22 6.0
668.97 6.1
671.31 1.6
672.36 4.1
674.65 3.7
676.23 12.2
680.40 4.6
681.91 19.4
682.58 71.4
683.51 15.8
684.48 25.8
685.76 35.6
686.40 21.8
688.44 5.5
690.53 8.7
691.84 9.2
692.64 9.6
693.25 13.8
694.33 31.6
695.05 42.4
696.03 15.3
697.44 8.3
698.53 45.6
699.56 10.8
700.45 1.3
701.35 1.0
702.26 4.7
702.90 5.7
703.64 3.4
707.19 98.0
708.22 28.4
710.85 8.6
712.46 13.1
715.42 40.7
716.37 72.1
717.59 7.4
725.50 1.0
733.32 12.1
734.52 5.3
740.60 5.2
747.49 9.2
749.64 4.6
754.79 1.3
765.47 11.7
766.97 10.7
767.62 22.5
768.52 8.5
769.45 1.2
781.68 7.9
785.68 1.5
798.33 5.0
799.38 20.7
800.18 4.0
808.51 1.6
812.09 7.2
841.65 3.0
842.85 3.5
859.35 1.5
872.50 6.0
886.33 4.0
888.25 1.4
904.07 6.6
914.71 7.3
932.38 2.2
935.01 4.3
941.21 2.6
942.92 1.2
948.46 3.5
949.33 1.4
967.00 1.9
977.36 12.3
978.10 2.5
987.64 2.3
992.29 1.2
998.19 2.0
1001.25 3.1
1003.61 1.6
1004.45 3.3
1011.30 3.0
1015.55 2.8
1020.34 2.2
1032.22 1.9
1048.47 1.4
1051.51 2.4
1058.18 3.3
1060.19 1.5
1068.67 2.0
1113.37 2.9
1115.65 6.8
1159.35 1.2
1169.72 1.1
1170.65 1.0
1187.55 2.6
1191.61 2.4
1205.73 6.1
1238.72 1.6
1240.46 3.4
1256.47 4.5
1257.70 2.4
1273.47 7.0
1274.59 7.3
1277.60 3.3
1292.53 15.0
1293.62 5.5
1362.49 2.5
