1629.742280000001 3
155.23 12.8
155.88 10.8
158.08 4.5
159.01 4.3
166.86 5.0
168.95 31.6
170.22 6.5
170.96 10.7
172.18 118.6
173.16 28.0
175.09 10.5
177.21 70.6
178.15 3.0
179.03 6.4
180.07 3.7
182.28 13.1
183.38 12.5
184.20 6.7
184.96 4.6
186.17 29.1
186.99 67.1
188.17 32.3
188.91 5.9
190.39 5.7
194.49 3.4
195.40 11.4
197.16 3.2
198.07 26.9
199.23 26.1
200.94 34.4
202.15 14.3
203.54 33.3
204.27 121.9
205.16 80.2
206.18 29.6
207.08 10.2
213.38 12.5
214.33 4.3
215.28 16.6
217.21 617.5
218.36 17.4
223.29 19.3
225.02 12.8
226.18 9.1
227.09 3.1
228.30 53.7
228.92 5.2
231.21 5.4
232.19 3.4
233.05 56.7
237.00 3.7
238.15 78.7
239.21 14.3
240.18 5.8
241.08 30.5
242.10 165.3
243.19 53.7
244.16 20.7
245.07 261.8
246.31 40.0
247.30 5.0
251.02 3.9
252.23 82.8
253.26 4.9
254.38 2.9
255.46 7.5
256.22 20.6
257.16 34.0
258.17 84.2
259.18 12.3
261.18 640.1
262.29 91.8
263.06 27.4
266.24 35.8
268.18 13.8
269.33 4.5
271.27 4.7
272.22 33.8
273.31 8.8
274.10 34.8
275.19 148.4
276.16 18.9
277.02 3.4
278.12 2.7
279.29 4.7
280.31 8.9
281.39 11.2
282.59 11.6
283.26 4.7
284.27 18.1
286.14 8.5
288.19 25.1
290.94 12.5
295.97 4.8
296.79 4.6
297.75 10.7
298.45 25.8
300.06 52.4
301.08 37.0
302.20 15.4
303.78 9.3
304.67 5.1
305.29 50.7
306.14 5.1
308.25 8.8
310.34 20.2
313.14 7.6
314.32 56.0
315.13 31.5
316.08 79.7
317.07 18.6
318.45 15.0
322.31 3.1
324.38 10.9
325.71 157.3
326.35 38.5
328.25 13.4
329.08 4.5
330.06 10.0
331.42 30.9
332.29 4.7
333.34 85.4
334.27 12.5
335.29 12.4
336.12 4.9
337.14 39.7
338.67 22.6
340.34 16.9
341.20 9.8
342.29 26.4
343.27 14.3
344.99 3.7
346.36 24.9
347.01 28.8
349.24 58.2
350.24 32.5
351.23 7.3
352.28 19.7
353.24 4.8
354.35 188.7
355.37 9.2
357.30 38.3
358.24 17.5
360.26 42.5
361.01 8.0
363.23 9.7
365.10 105.3
367.24 10.4
368.10 12.7
369.36 19.7
370.52 25.1
371.27 8.2
372.33 335.9
373.36 56.9
374.60 10.5
375.46 32.4
376.23 17.2
377.18 57.2
378.32 23.3
379.33 49.0
380.35 72.6
381.53 18.8
382.55 23.2
383.20 209.2
384.14 44.3
385.15 36.0
386.02 35.6
387.15 61.6
388.23 19.3
389.20 77.5
390.29 1267.0
391.36 96.7
393.11 417.7
394.20 29.3
396.08 57.7
397.31 31.2
399.96 42.1
401.17 3.0
403.74 145.1
404.53 114.4
405.52 10.5
406.65 23.7
407.27 22.5
408.08 27.1
410.09 56.8
411.13 1131.8
412.82 288.3
413.69 23.2
414.40 10.3
415.50 17.7
416.51 31.9
417.48 7.7
418.31 70.8
419.43 6.2
420.36 36.0
421.30 23.9
422.58 2.7
424.33 88.0
425.61 18.4
427.00 96.1
428.33 73.5
429.14 33.8
430.26 67.8
431.02 57.7
431.65 2.9
432.58 6.2
434.32 20.8
435.46 10.9
436.94 75.4
437.64 10.4
439.59 110.7
440.55 30.6
441.29 33.7
442.57 47.0
443.56 21.3
444.34 47.4
445.56 30.9
446.29 27.5
448.23 910.4
448.95 191.6
450.43 53.6
451.29 18.7
453.27 175.2
454.23 63.2
455.43 91.0
456.18 22.2
457.46 9.6
458.54 20.8
459.52 26.9
460.34 23.0
462.17 218.8
463.08 234.4
464.19 18.6
464.86 20.9
465.49 19.4
466.22 7.6
466.95 12.8
467.90 50.1
468.52 40.7
469.46 63.1
470.36 20.9
471.21 3.9
472.99 20.1
473.62 18.1
474.98 15.1
476.18 114.9
477.02 191.2
477.84 55.6
478.99 27.9
480.54 91.9
481.66 84.7
482.34 12.5
484.43 107.2
485.56 210.8
486.50 284.1
487.24 25.9
488.03 15.9
489.53 68.0
490.74 289.4
491.52 29.4
492.34 28.1
493.48 8.7
494.45 72.4
495.90 9.2
497.35 48.5
498.23 100.0
499.23 163.8
500.27 132.3
501.29 21.7
503.40 1838.9
504.41 170.5
505.28 30.9
505.93 27.7
507.17 47.4
508.24 107.4
508.95 58.0
510.27 45.7
511.19 163.5
512.47 130.9
513.09 115.5
513.71 48.4
515.19 78.9
516.77 86.1
517.54 19.5
518.45 55.9
519.34 62.8
520.25 101.5
521.23 103.9
522.23 113.7
523.32 34.6
523.93 20.4
525.49 647.8
526.41 971.8
527.42 125.8
528.09 196.6
528.92 127.8
529.73 79.2
531.11 133.2
532.15 370.0
533.34 80.9
534.88 4388.0
535.84 276.5
547.37 3.4
548.55 18.4
550.20 45.3
551.86 12.8
555.09 74.4
555.81 10.0
557.38 129.2
558.50 13.5
559.29 10.0
560.43 54.3
561.83 27.2
562.48 18.8
563.25 14.2
564.18 48.2
565.64 49.2
567.28 41.5
568.44 5.6
570.00 4.2
571.73 49.1
573.36 25.6
574.52 30.1
575.45 87.0
576.48 153.8
577.60 55.0
579.09 259.8
580.11 24.6
581.86 29.6
583.16 143.0
583.88 97.0
584.75 30.0
587.95 8.1
589.29 49.2
591.15 116.3
592.03 46.7
593.38 71.5
594.15 39.1
595.41 4.5
597.84 86.9
598.64 27.5
601.07 38.6
603.30 84.2
604.31 101.1
605.38 68.9
606.95 222.1
607.69 10.8
608.32 20.8
609.27 32.2
610.01 21.0
611.77 142.0
612.40 66.7
613.15 35.4
614.05 51.7
615.22 26.4
617.03 11.2
618.27 56.5
619.33 39.7
620.68 63.9
621.44 41.9
622.44 53.3
623.21 17.7
624.31 5.0
625.21 8.7
625.92 27.6
627.34 218.1
628.18 74.8
629.10 18.6
630.59 105.8
631.37 109.3
632.12 59.2
633.64 23.2
634.68 39.8
635.31 36.6
636.88 36.5
638.56 123.5
639.81 249.9
640.52 289.7
641.82 13.9
643.92 24.3
646.23 59.6
647.38 63.6
648.23 58.3
649.27 73.7
650.38 1631.3
651.37 334.7
652.30 47.4
653.85 36.0
654.99 33.0
656.14 15.5
658.37 11.9
659.10 16.1
660.19 142.3
661.04 116.9
662.15 36.8
662.77 5.2
664.24 37.6
665.32 18.0
666.04 8.3
666.85 5.6
667.80 3.3
668.92 47.1
669.97 23.7
670.75 13.2
671.57 30.6
672.94 84.2
674.28 160.0
675.19 49.5
676.12 104.5
677.08 21.8
678.19 331.9
679.24 130.6
681.36 46.9
682.13 5.4
682.99 56.3
684.82 644.4
685.62 187.4
686.45 7.9
687.25 3.2
688.39 44.4
689.40 120.5
690.18 58.1
691.35 106.2
692.25 363.5
693.47 2561.6
694.67 27.0
695.81 4.7
696.47 10.0
697.09 4.1
698.01 13.0
699.19 91.7
699.98 15.2
701.06 47.7
702.03 20.7
702.93 17.1
703.64 5.7
704.48 13.3
705.56 60.0
706.48 177.7
707.42 3462.8
708.43 625.6
709.33 9.7
710.31 50.8
711.56 201.3
712.75 46.8
714.04 328.3
715.23 43.7
716.66 38.3
717.32 11.7
718.55 20.2
719.63 25.4
720.31 62.7
721.29 8.5
723.07 19.9
724.64 60.8
725.46 44.1
726.64 51.3
727.41 51.8
728.44 13.5
729.28 14.7
731.16 17.4
732.25 67.8
733.50 8.8
735.27 246.7
736.05 172.8
737.23 10.5
738.41 7.1
739.40 51.4
740.58 465.8
741.53 298.8
742.40 40.0
743.71 67.4
744.43 8.4
745.34 14.3
746.31 15.6
747.55 39.5
749.45 3502.0
750.05 1504.7
751.11 125.2
751.90 53.2
752.59 42.4
754.91 34.0
756.94 19.9
758.29 112.7
759.06 52.9
759.85 4.4
760.68 3.0
761.48 22.1
763.43 107.0
764.84 76.7
765.48 47.8
766.14 6.3
767.00 10.2
769.45 34.2
770.54 3.7
771.57 18.8
772.47 25.1
773.54 24.6
774.38 28.4
775.25 44.5
776.27 5.4
777.22 119.2
778.25 11.9
779.23 24.0
780.53 7.5
781.37 11.0
785.06 21.4
786.40 14.4
787.37 12.9
788.59 47.6
789.51 39.2
791.39 303.1
792.39 88.8
793.24 24.6
794.25 26.1
795.41 15.3
796.19 20.9
797.00 25.3
801.55 2.7
802.56 12.8
803.49 6.4
804.52 28.0
806.53 912.0
807.47 194.2
808.53 13.2
809.55 13.0
810.50 18.4
811.98 33.8
815.72 10.5
817.57 3.5
820.52 21.6
821.35 19.4
822.62 8.8
823.61 51.6
824.44 215.0
825.32 41.8
830.53 25.1
831.60 14.4
832.35 6.2
833.46 10.0
834.63 15.3
835.44 17.2
836.39 43.2
837.22 15.7
838.63 12.1
844.73 12.3
847.34 4.3
848.35 344.7
849.37 36.2
850.35 42.3
851.56 17.9
853.37 90.1
854.34 21.0
855.24 7.2
856.30 5.9
857.14 20.2
858.52 12.4
859.70 25.8
860.64 7.4
863.69 8.1
864.47 76.1
865.37 25.2
867.32 24.7
868.19 6.2
873.72 4.3
874.47 18.3
875.25 15.4
876.30 13.2
877.47 25.3
882.10 55.3
883.32 59.2
884.59 15.4
886.68 20.1
887.46 8.0
888.61 10.3
889.42 10.4
892.26 3.7
893.01 27.0
893.94 6.3
896.32 3.9
897.43 10.1
898.65 7.4
899.74 4.1
900.65 5.3
902.56 4.0
905.43 19.1
906.39 44.9
907.56 71.2
909.56 31.6
910.54 13.4
913.18 4.9
918.50 3.8
919.48 17.0
921.49 8.7
923.33 112.5
924.23 88.8
924.94 49.0
925.68 4.4
929.58 3.0
930.64 17.5
937.60 12.8
940.30 5.7
941.49 114.0
942.69 26.1
944.10 4.7
946.48 6.1
948.35 10.0
950.27 15.8
951.58 12.5
952.74 19.4
954.04 25.0
958.50 5.2
961.40 19.5
963.46 49.9
966.66 84.1
967.64 38.9
968.36 5.7
971.66 10.3
975.20 26.4
977.26 85.4
978.43 18.3
980.45 67.0
981.62 38.0
982.26 4.8
983.73 8.3
987.24 13.7
988.66 9.4
993.38 23.5
995.34 270.2
996.47 170.0
1007.09 6.0
1008.22 2.9
1009.28 5.9
1010.45 24.0
1011.56 12.0
1015.40 16.4
1016.58 17.1
1019.30 3.1
1020.63 6.4
1023.35 11.5
1026.43 7.6
1028.49 7.0
1031.33 3.1
1032.56 7.9
1033.54 5.7
1034.29 12.0
1035.49 11.0
1036.46 5.1
1037.86 22.7
1038.56 28.8
1039.40 12.8
1045.54 14.0
1046.80 10.9
1047.77 27.0
1048.76 7.1
1054.91 11.9
1055.66 15.1
1059.56 4.4
1061.17 10.5
1063.63 7.1
1064.84 4.1
1068.22 5.4
1073.55 3.0
1075.88 17.2
1076.91 8.4
1077.75 3.8
1080.85 10.6
1081.61 9.2
1082.84 15.6
1084.76 3.3
1085.71 6.1
1090.63 29.0
1091.56 12.0
1092.48 10.4
1093.57 23.4
1094.52 23.1
1095.43 23.1
1096.29 15.3
1099.25 10.7
1102.50 4.8
1106.39 3.1
1108.43 217.3
1109.41 70.6
1110.62 33.4
1111.52 118.7
1112.43 25.1
1122.53 5.3
1124.26 97.7
1125.49 49.7
1127.18 47.8
1128.52 23.2
1134.70 13.9
1138.65 2.7
1145.68 7.0
1146.66 11.4
1147.92 9.0
1148.57 12.3
1152.25 5.6
1153.73 10.5
1154.72 12.6
1164.54 16.8
1166.65 4.1
1167.59 2.6
1175.54 5.5
1182.61 96.9
1183.72 16.6
1185.51 282.7
1186.69 88.0
1192.55 4.7
1199.61 20.5
1209.47 16.9
1211.61 3.0
1219.49 43.4
1220.56 34.8
1221.60 8.7
1222.29 21.0
1223.90 32.9
1224.80 8.3
1237.48 194.3
1238.46 47.0
1239.20 2.6
1243.63 8.9
1247.68 4.1
1251.86 12.0
1253.66 69.6
1254.67 30.3
1256.70 31.7
1257.54 9.5
1262.81 4.1
1276.58 14.9
1280.56 7.0
1284.70 10.4
1294.53 28.8
1295.38 16.2
1299.48 6.3
1311.51 6.4
1325.24 3.5
1333.67 8.5
1334.87 8.0
1351.67 8.3
1352.94 3.0
1370.74 9.5
1384.45 4.8
1424.71 7.8
