1167.5676 3
110.20 19.1
115.23 2.5
116.18 3.5
130.14 1.9
134.08 1.2
135.10 1.4
136.21 3.0
137.38 2.4
138.20 6.0
142.03 4.9
143.16 9.7
144.02 2.4
144.96 1.5
149.16 3.2
151.23 2.4
153.10 4.0
155.27 15.2
156.17 9.4
159.06 4.8
161.12 1.6
165.28 5.7
166.10 4.0
167.27 1.9
169.21 1.0
170.33 4.2
172.26 1.3
173.33 2.5
174.20 2.1
175.28 50.8
176.29 3.4
178.20 2.8
179.05 4.9
181.22 1.2
185.21 8.2
186.13 1.2
188.35 2.5
190.95 4.3
192.32 5.2
193.13 1.5
194.24 3.4
195.31 2.9
201.56 3.3
202.24 1.7
205.32 4.2
206.27 1.7
207.04 9.0
210.97 3.0
212.27 3.3
213.29 1.0
214.33 2.2
221.11 2.2
223.25 13.8
225.24 3.7
234.06 4.4
236.93 10.6
239.64 4.6
241.15 39.9
242.30 16.3
243.24 1.0
244.75 1.5
247.30 3.0
252.38 1.8
253.33 3.1
255.15 1.9
257.26 3.2
258.08 6.8
259.13 4.8
260.87 2.1
262.38 1.3
263.23 2.9
266.38 4.5
267.22 5.1
268.25 5.0
271.45 2.2
272.84 32.6
275.09 12.9
276.04 2.2
277.38 10.8
278.96 2.2
280.34 2.7
283.42 6.1
284.24 3.4
285.59 6.9
287.98 2.6
289.03 14.9
289.87 11.0
291.59 41.2
293.09 6.4
294.20 1.9
295.07 1.9
296.24 12.9
297.00 14.6
298.17 4.3
298.89 5.7
300.36 3.9
303.22 22.3
304.27 3.3
305.76 146.5
306.84 14.7
307.67 12.6
308.98 6.4
310.57 19.9
311.35 4.4
311.99 1.2
313.42 9.4
314.41 5.5
316.71 3.5
318.05 33.9
319.14 17.1
322.70 12.6
325.71 71.0
326.34 49.8
327.18 4.1
328.29 4.2
329.38 10.1
330.79 1.4
332.53 40.5
333.33 32.9
334.53 14.2
336.19 19.5
336.94 22.1
338.30 188.0
339.34 53.3
340.18 26.8
341.05 11.6
342.43 13.5
343.49 13.8
344.95 10.3
346.00 119.7
346.61 4.4
349.48 100.2
350.78 48.9
352.01 481.1
352.76 28.7
353.88 208.7
354.98 39.1
355.86 4.6
356.61 18.9
357.40 14.2
358.61 14.0
359.68 40.0
360.56 200.1
361.53 18.4
363.72 71.6
364.96 17.6
367.36 27.6
368.32 7.0
369.65 473.7
370.40 65.1
371.21 62.6
372.51 113.1
374.14 81.4
375.24 497.5
376.37 74.2
377.49 57.1
378.58 475.5
379.60 9.6
380.66 157.0
381.61 15.3
383.52 27.3
384.28 179.3
394.20 6.4
397.55 6.9
398.88 6.8
402.04 9.7
402.99 19.3
404.29 2.6
407.37 209.1
408.36 21.5
409.22 5.5
411.83 3.7
412.49 5.5
413.22 2.2
415.93 55.9
416.78 13.1
417.54 1.2
418.53 2.5
419.85 45.6
423.21 2.6
425.62 38.7
426.41 28.6
427.73 26.1
428.84 6.4
431.32 7.8
432.92 6.2
434.35 6.5
436.51 23.6
437.57 2.4
438.60 8.1
439.65 3.9
440.34 8.9
441.52 9.4
442.26 2.9
443.03 1.6
444.51 7.7
445.12 11.7
447.22 23.6
448.03 16.7
449.22 18.8
449.89 6.7
451.23 17.4
453.71 2.2
454.47 10.1
455.71 22.8
456.37 11.2
457.03 4.2
458.82 75.2
459.60 24.6
460.30 2.1
461.38 10.8
462.46 3.0
463.33 2.0
465.64 98.0
466.88 18.2
467.55 10.4
469.16 10.7
471.27 144.0
471.97 36.8
473.13 27.9
474.33 34.1
475.38 9.8
476.65 7.1
478.94 7.3
480.32 25.8
481.34 13.9
483.40 18.9
484.74 12.8
485.43 12.3
488.71 13.9
489.49 27.7
491.98 9.3
493.73 2.4
494.91 23.8
495.71 4.3
496.55 6.8
497.61 52.8
498.53 56.9
499.46 14.6
504.45 16.6
506.57 68.4
507.47 751.3
508.38 137.6
509.55 3.0
510.44 4.6
511.80 3.8
513.82 11.4
516.03 454.8
516.96 20.2
518.30 44.4
519.44 6.0
520.76 7.6
521.36 3.4
523.31 1.9
525.96 2.0
527.06 52.8
527.83 11.7
529.04 9.5
533.33 1.6
534.06 5.7
534.88 4.5
535.91 3.4
541.28 37.2
542.32 8.4
543.55 4.8
544.68 5.6
546.93 5.6
547.67 2.2
548.38 8.6
550.24 5.1
555.19 1.6
558.29 15.8
562.53 5.6
563.33 5.3
564.26 1.6
566.72 2.1
574.84 19.5
575.52 17.2
576.45 2.7
578.58 2.1
579.44 2.0
580.17 1.4
587.53 5.5
592.42 14.4
593.58 2.6
594.51 5.3
604.42 4.2
606.40 18.2
607.39 19.0
608.56 3.5
609.21 2.2
610.20 11.9
611.51 4.6
612.18 1.0
613.44 3.8
618.67 10.0
623.47 9.2
624.43 22.5
625.26 1.4
631.29 2.6
632.21 2.5
635.35 2.0
641.48 3.8
645.57 3.9
648.29 14.2
649.60 3.2
658.20 3.4
674.48 2.8
694.49 2.0
701.12 2.9
704.39 3.2
725.51 1.3
742.63 3.3
744.11 2.2
757.30 1.1
773.65 3.8
774.71 3.4
786.46 1.3
790.33 4.0
792.50 2.8
794.26 2.2
805.33 3.1
821.44 1.8
833.08 1.7
839.41 6.1
840.55 6.1
856.51 3.7
857.20 11.6
867.63 4.1
885.40 3.3
