1173.686439999999 3
112.15 1.3
113.08 5.5
115.05 2.0
120.22 7.0
121.02 10.3
122.24 6.0
129.26 9.5
130.23 5.6
132.06 1.1
136.31 22.8
137.24 1.3
139.21 1.2
141.02 1.8
142.24 2.4
143.19 2.5
146.43 1.6
147.23 1.8
149.06 1373.4
150.09 33.9
151.09 3.8
155.25 4.6
156.10 14.3
157.15 19.4
158.17 2.6
163.28 11.1
166.43 15.6
167.11 283.4
168.09 5.2
171.98 2.7
173.15 1.5
175.25 63.9
177.20 3.0
181.34 1.3
182.24 1.7
183.08 12.8
184.97 13.9
185.93 5.3
191.23 4.2
192.35 1.0
193.18 8.1
197.26 14.4
198.64 11.0
199.66 13.3
200.29 34.6
201.15 9.6
203.16 114.1
204.28 4.4
208.06 2.3
209.13 17.4
212.61 13.0
213.39 7.2
217.37 5.8
218.22 22.2
221.25 9.5
222.09 5.4
223.47 2.9
225.18 3.2
226.37 8.5
227.40 6.1
228.32 10.6
229.30 6.8
230.21 3.1
234.14 2.9
235.14 4.3
236.21 1.2
237.05 14.0
237.68 5.1
239.50 9.4
241.59 8.7
243.47 6.0
244.35 2.5
245.22 1.2
246.40 8.1
247.12 1.6
248.05 3.8
249.09 29.3
250.99 16.0
251.62 6.3
254.43 7.9
255.16 5.7
256.06 4.2
257.80 31.0
258.70 9.9
259.88 22.0
261.02 173.8
262.21 6.7
263.17 2.8
265.32 4.8
266.89 55.9
269.18 79.6
269.96 13.7
271.13 1.7
272.08 10.9
273.12 2.5
275.61 81.3
276.33 5.3
277.28 22.4
279.00 333.4
280.44 68.5
283.01 1.5
285.30 1.7
288.44 2.6
289.66 40.2
290.44 12.5
292.37 11.5
294.26 1.5
295.31 2.7
296.22 3.7
297.18 1.8
298.18 38.9
298.95 66.7
299.83 1.9
301.36 78.7
302.36 6.3
303.66 40.7
304.48 12.2
305.38 3.9
306.31 15.9
307.97 16.2
310.30 311.1
311.48 28.7
312.77 218.1
313.43 51.0
314.28 6.1
316.08 18.2
317.15 4.0
319.16 326.0
319.83 74.1
321.49 9.9
322.51 3.7
323.14 1.0
324.18 3.7
325.34 28.4
326.60 6.5
327.35 12.0
328.06 2.0
329.12 7.6
330.21 3.7
331.38 1.8
332.59 2.2
333.30 5.7
334.74 32.3
335.98 6.0
338.62 4.6
339.56 5.9
341.37 1.5
343.22 21.3
345.42 10.1
346.51 2.2
348.22 233.2
349.35 45.9
350.44 3.1
351.53 15.7
352.39 9.4
353.10 36.8
354.40 17.5
355.91 23.4
357.61 26.9
358.34 10.7
359.47 7.1
360.39 15.2
361.31 114.9
362.07 24.8
363.61 22.1
364.40 1.2
365.12 7.2
366.91 124.6
368.06 24.6
370.09 76.0
371.03 79.7
372.16 14.3
374.10 331.7
375.68 87.3
376.32 39.9
377.01 51.9
377.96 3.6
380.08 1421.2
380.87 70.8
382.17 38.6
382.86 102.8
384.02 25.8
385.37 31.6
391.89 1.6
396.59 5.4
399.38 38.8
400.38 7.0
403.15 2.5
404.94 51.5
408.29 7.7
410.57 19.3
411.42 5.1
414.04 99.9
415.01 4.2
417.37 30.8
418.42 10.7
419.89 4.4
420.85 7.9
424.34 895.3
425.33 161.3
426.32 13.8
428.33 4.2
429.39 2.4
430.89 12.3
432.60 7.3
433.32 1.9
435.37 543.2
436.38 68.2
437.39 6.1
439.14 31.2
439.96 15.8
442.38 8.0
444.75 24.1
448.51 72.9
449.76 16.5
450.62 6.6
451.48 7.7
453.17 5.8
454.30 1.5
455.37 2.8
457.50 18.9
458.34 7.4
460.67 8.0
461.33 2.8
462.63 4.3
463.46 1.3
464.78 7.3
466.30 9.9
468.41 6.6
469.19 2.0
471.51 3.0
472.41 4.0
473.29 6.7
474.37 1.6
475.11 5.9
476.13 3.9
477.35 56.1
478.40 11.8
479.97 14.0
480.76 3.0
482.33 13.8
483.30 2.3
484.51 6.0
487.09 14.1
489.73 9.3
490.48 1.5
491.55 18.1
492.40 7.0
493.40 20.4
494.28 3.4
495.30 9.3
496.64 6.4
497.42 19.5
499.29 12.9
501.42 4.6
503.19 9.1
506.02 4.2
507.36 9.4
508.07 1.6
509.53 39.1
510.89 2.1
511.56 11.9
513.02 11.6
514.31 19.1
515.36 35.2
516.21 6.2
520.40 18.7
521.31 4.2
527.27 1.9
527.90 5.6
529.00 8.4
529.94 4.7
531.52 8.2
532.33 75.9
533.47 28.1
534.24 20.2
535.38 6.8
537.38 597.5
538.42 200.6
539.42 16.5
540.37 5.7
543.00 108.6
543.78 5.7
546.57 1.5
547.53 3.6
548.45 1.5
550.37 346.4
551.33 81.3
552.38 9.3
555.74 8.8
556.84 5.1
560.21 11.4
561.38 20.8
562.38 9.1
564.06 2.0
564.75 10.1
565.43 2.0
566.52 4.1
567.36 7.7
568.33 5.2
572.46 3.5
576.30 3.1
577.38 10.6
578.34 10.6
579.16 9.9
581.99 3.8
583.32 6.9
589.99 2.3
592.62 5.1
601.41 39.3
602.31 16.9
603.38 1.3
604.21 2.5
606.62 14.2
607.52 5.0
609.68 1.9
610.46 32.7
611.59 4.4
612.39 4.3
614.48 2.8
617.03 6.4
618.47 26.7
619.37 176.5
620.43 42.9
622.11 1.7
623.38 6.9
624.45 72.8
625.45 19.3
626.55 22.4
628.40 43.0
629.61 5.7
631.11 18.4
631.93 10.9
633.14 7.6
634.13 2.5
637.45 410.4
638.47 81.4
639.52 10.1
644.18 4.8
646.30 1.4
647.39 10.5
648.33 4.3
662.32 2.1
664.40 2.7
668.32 3.9
669.14 1.5
670.46 1.8
672.37 2.8
683.54 2.2
711.45 3.9
712.26 4.1
713.41 4.4
721.40 2.1
722.54 5.0
731.47 1.8
732.67 14.5
733.54 4.4
739.56 49.0
740.51 28.0
741.64 6.0
745.67 1.2
750.49 12.0
751.50 3.2
758.57 2.7
759.82 3.6
760.70 1.7
782.19 2.5
783.59 3.6
790.18 3.2
808.55 2.0
838.61 2.3
849.49 1.6
850.18 1.2
859.56 1.7
911.43 2.1
913.39 4.1
946.76 2.5
