1554.67143 2
224.54 1.2
244.35 1.1
259.13 1.4
275.25 3.1
276.05 2.2
279.35 6.8
288.24 1.7
303.18 1.2
304.88 4.1
313.59 1.9
331.04 2.8
331.67 1.1
338.61 2.4
342.38 2.0
343.21 3.7
358.35 3.5
360.21 1.3
370.20 3.9
374.40 2.6
375.38 8.5
376.28 1.6
385.21 1.4
387.32 1.9
388.31 11.8
390.34 7.5
393.53 1.7
397.33 2.8
402.87 1.3
410.47 3.8
420.75 3.0
430.23 1.3
433.41 4.4
437.19 5.6
448.05 3.5
451.56 2.3
452.39 1.5
453.03 2.6
461.42 1.9
462.46 1.6
466.37 8.0
468.18 2.4
471.31 1.5
477.43 1.7
480.91 1.6
481.68 2.5
483.16 1.9
484.41 10.6
485.57 1.1
487.39 3.5
495.41 2.1
497.30 1.8
498.42 1.9
500.70 1.8
502.37 2.5
504.52 4.9
509.39 3.1
510.24 2.4
512.41 2.2
513.21 1.6
516.41 1.1
517.34 1.2
518.38 3.0
519.45 4.0
520.34 24.1
521.39 4.4
522.47 2.4
524.41 2.9
528.08 4.2
535.87 2.7
537.53 2.6
541.70 9.2
546.14 12.2
548.35 1.2
549.59 1.7
552.38 6.1
556.83 2.2
560.87 5.2
567.08 3.8
576.25 2.8
577.14 7.2
578.32 1.6
583.40 2.7
589.30 7.9
590.81 10.0
592.39 8.2
594.49 7.8
596.96 3.4
598.10 4.4
601.78 3.7
602.57 2.9
604.67 4.1
606.11 4.4
607.86 1.3
611.63 7.4
618.79 3.3
619.46 1.5
624.03 4.6
627.47 3.0
630.31 9.4
631.45 3.3
633.26 3.1
634.51 1.0
639.38 5.7
640.99 3.7
645.05 3.4
645.75 1.4
646.53 7.5
648.01 2.2
652.32 1.4
653.47 3.0
655.29 13.8
656.35 10.3
660.89 7.5
664.04 21.0
664.86 4.7
667.38 3.7
669.11 3.5
670.23 6.4
671.56 8.5
674.71 12.5
676.03 5.5
677.01 5.4
677.88 10.9
678.85 8.6
682.33 8.4
683.38 5.5
684.28 5.7
685.40 3.7
687.33 27.6
691.56 9.6
694.60 17.4
697.55 16.5
698.59 11.8
703.20 30.9
704.57 23.0
707.48 11.9
708.56 7.7
709.78 4.6
710.94 2.2
711.56 1.7
712.30 15.2
713.14 17.1
714.68 3.5
715.84 16.9
719.31 12.0
720.59 3.8
721.54 17.7
722.62 3.1
724.98 7.7
729.67 4.4
731.69 14.3
733.53 24.2
734.45 11.5
735.23 2.4
736.13 8.7
738.59 9.0
739.23 7.5
742.56 9.4
743.33 6.2
744.23 14.0
745.72 17.0
748.75 1.8
750.42 4.4
752.85 2.0
755.52 8.8
756.77 22.0
757.58 9.3
758.28 1.0
759.74 22.8
760.53 40.4
761.38 12.5
766.06 64.1
766.95 2.1
767.55 1.8
769.87 8.2
770.52 5.8
772.92 1.4
788.19 2.4
789.45 2.4
809.47 2.6
810.16 5.3
817.29 13.9
819.43 3.9
825.04 7.0
826.66 22.7
827.58 6.1
835.96 4.0
841.77 13.3
842.59 7.6
849.85 1.3
856.56 4.4
860.55 3.1
865.19 10.7
869.08 5.9
870.12 12.0
872.98 13.8
875.47 11.6
876.53 7.6
877.18 1.9
878.13 6.6
883.70 12.5
889.24 7.7
892.27 17.0
895.07 10.4
896.66 4.3
897.53 1.6
898.26 1.8
902.73 1.1
906.61 1.0
909.09 5.8
916.67 1.9
919.67 2.4
920.63 2.6
922.36 2.1
926.13 9.8
926.94 4.8
929.61 12.0
932.53 2.1
933.36 1.3
934.99 13.1
935.86 24.5
937.74 1.1
939.38 11.2
940.14 3.0
947.53 2.1
948.35 7.1
954.49 2.5
956.22 2.2
958.54 1.0
960.82 7.0
962.47 7.0
963.73 3.6
964.53 2.0
966.29 3.1
968.21 1.9
971.44 3.2
984.67 2.8
985.51 1.7
986.44 2.3
988.19 3.2
989.21 15.4
989.95 5.2
990.71 2.1
992.11 1.6
996.58 2.0
998.52 9.9
1000.25 6.8
1001.35 2.6
1004.61 2.4
1005.70 7.8
1006.92 30.1
1007.96 16.9
1014.31 5.9
1015.74 7.3
1016.56 16.5
1017.20 1.3
1018.49 22.2
1019.57 29.9
1020.59 11.7
1021.46 5.5
1022.22 1.2
1025.18 8.3
1027.20 11.8
1029.66 2.0
1031.61 1.4
1036.53 32.6
1037.48 13.4
1038.13 6.5
1048.60 1.9
1051.43 6.2
1053.54 4.9
1054.70 2.2
1056.50 5.2
1057.84 2.7
1059.36 1.9
1061.15 2.6
1067.60 5.9
1069.97 26.4
1072.64 4.4
1075.61 7.1
1079.22 7.0
1081.59 5.0
1084.64 5.1
1089.10 8.6
1089.90 7.2
1093.55 7.5
1100.16 30.2
1100.95 2.6
1102.55 2.9
1105.75 4.1
1106.52 3.4
1109.63 3.1
1110.59 1.4
1111.71 6.9
1117.27 5.3
1119.61 3.7
1123.72 9.6
1124.53 4.4
1126.53 2.5
1145.45 4.7
1151.61 1.5
1152.95 3.2
1156.68 3.8
1161.21 3.4
1163.36 18.1
1164.72 7.3
1167.22 1.5
1179.60 1.7
1180.55 8.3
1181.43 1.6
1186.08 3.9
1188.40 1.3
1189.68 1.9
1191.40 2.8
1196.20 1.8
1200.79 2.3
1202.86 4.3
1205.47 5.2
1206.94 2.8
1210.47 1.5
1213.75 1.9
1215.74 3.0
1225.70 2.9
1234.64 2.4
1263.31 1.1
1264.70 5.8
1273.80 3.9
1277.87 4.4
1278.88 2.7
1279.84 1.9
1290.23 2.3
1307.39 1.5
1308.63 3.4
1315.61 2.0
1322.83 1.1
1329.42 2.5
1334.43 2.9
1348.52 14.9
1352.77 2.2
1353.90 3.0
1365.87 3.5
1366.83 24.1
1367.74 3.9
1409.72 2.3
1413.78 1.4
1423.60 6.6
1424.56 2.2
1533.90 3.1
1558.06 2.1
1560.78 3.7
1569.79 2.3
