1827.883460000001 3
175.24 3.7
179.34 1.4
180.33 2.3
184.01 3.0
185.18 5.4
185.95 4.9
187.25 2.8
191.00 3.0
193.26 2.5
195.20 6.8
197.22 6.8
200.71 4.6
202.23 2.0
203.41 1.1
206.20 2.9
207.29 17.6
208.25 2.8
209.37 7.5
210.27 5.1
213.17 3.0
214.04 2.7
221.16 2.7
223.06 1.6
225.21 9.8
227.23 8.2
229.27 10.1
230.21 8.5
231.31 1.1
232.20 6.9
233.31 4.0
234.52 5.5
235.30 3.5
236.22 2.1
237.12 10.4
238.13 1.4
241.25 1.1
244.28 2.4
245.21 2.0
246.15 36.1
247.37 4.8
251.18 7.9
253.28 3.9
254.10 11.8
257.12 1.6
259.20 1.5
262.17 35.5
263.15 6.5
264.20 2.9
267.06 62.9
270.44 3.4
274.73 5.1
276.05 5.5
279.41 6.6
281.19 15.7
282.37 7.0
286.24 3.6
287.23 2.5
289.26 2.0
291.07 9.5
292.04 1.2
294.44 1.4
295.25 1.1
296.18 2.7
298.20 2.7
301.21 1.7
303.63 5.5
305.25 3.5
305.99 1.4
307.46 3.4
310.30 10.8
311.20 5.6
312.28 4.6
317.04 4.5
319.96 2.3
321.22 2.0
323.21 30.8
324.17 1.1
325.85 35.5
327.87 6.3
330.27 1.5
331.23 1.3
333.66 2.1
334.29 9.9
334.93 1.4
338.12 54.9
339.40 21.4
341.22 18.9
342.67 85.9
343.64 28.2
344.81 2.2
347.73 6.6
349.19 7.4
351.06 12.2
352.34 10.0
353.82 9.6
355.16 119.7
356.36 3.9
357.10 1.9
358.32 1.4
359.77 8.8
361.24 11.4
369.18 54.8
370.94 15.6
372.11 4.5
373.61 3.7
374.51 4.9
375.34 5.2
376.22 1.1
377.23 5.2
378.28 3.1
381.37 2.5
382.56 8.1
385.72 5.3
390.75 15.7
391.44 5.9
392.91 4.8
395.32 2.3
397.37 2.1
399.31 7.1
400.24 1.1
401.17 6.2
402.57 4.1
403.47 5.6
406.48 3.0
410.67 7.6
411.30 1.8
415.30 1.6
418.22 15.0
419.35 8.1
420.42 7.2
423.33 4.8
424.24 6.2
425.34 1.2
426.40 9.7
427.46 4.6
428.51 6.4
429.52 15.3
430.31 2.3
431.34 7.6
433.09 4.1
435.30 6.5
440.65 9.5
441.45 3.8
442.44 1.8
443.24 9.8
445.94 13.6
446.55 4.3
448.28 14.2
449.93 3.7
451.14 2.2
452.60 10.2
453.42 8.5
455.22 2.5
456.33 4.8
459.20 5.9
460.27 3.8
461.54 9.6
462.43 12.2
463.71 32.9
464.67 16.9
466.23 1.2
467.66 9.6
468.37 4.0
469.71 1.6
470.64 11.2
471.65 6.5
472.43 8.2
473.34 6.8
474.25 11.3
475.15 6.4
476.44 1.9
477.58 14.5
478.55 25.2
479.85 24.1
480.51 18.2
481.64 13.3
483.32 7.1
484.67 25.6
487.54 20.5
488.33 22.9
489.55 51.7
490.97 28.0
492.50 3.0
493.60 8.5
494.48 17.2
495.38 5.0
496.21 17.4
497.39 10.7
498.08 36.9
498.78 5.4
499.40 8.3
500.18 14.0
501.40 11.5
502.93 21.3
503.99 3.5
504.62 2.8
505.54 21.9
506.30 20.8
507.40 21.0
508.30 6.3
509.10 41.4
509.96 17.2
511.06 19.7
512.94 56.3
513.74 54.7
514.55 7.1
516.30 100.4
517.04 12.2
518.11 76.9
519.24 198.0
520.17 34.3
521.08 17.0
522.44 193.6
523.28 44.6
523.97 18.2
525.64 18.5
527.60 440.9
528.65 764.3
530.07 5.8
531.13 33.7
532.06 21.2
533.09 147.8
533.88 57.9
535.05 25.0
535.81 16.3
536.43 8.9
537.46 29.7
538.44 31.8
539.34 20.2
540.96 33.9
542.33 25.4
543.38 44.7
545.01 76.5
545.77 7.2
546.76 49.0
547.49 38.2
548.20 8.6
549.60 31.9
550.77 342.7
551.95 20.7
552.77 10.2
553.48 19.9
554.44 105.0
555.32 32.2
556.81 815.6
557.49 221.4
558.49 20.7
559.16 12.6
560.32 348.9
561.34 74.7
562.12 127.2
563.25 28.5
564.24 18.8
566.33 2995.8
567.74 44.8
568.93 30.6
569.53 21.2
570.29 55.5
572.16 86.1
573.01 2.3
574.15 11.6
575.38 149.8
576.16 21.1
577.70 73.5
578.49 29.3
579.21 20.3
580.27 68.5
581.23 70.7
582.33 60.1
583.46 28.9
584.33 13.0
585.40 29.2
586.95 52.2
588.10 54.4
589.11 100.1
590.30 34.8
591.56 39.3
592.64 292.2
593.53 178.7
594.31 51.1
595.12 158.2
595.83 85.0
597.51 27.1
598.66 1864.8
599.54 78.4
600.66 62.0
601.64 140.6
602.46 4.2
614.90 4.2
616.90 3.7
619.94 4.4
621.02 4.7
622.93 7.2
624.59 19.8
625.21 3.6
626.51 4.6
629.44 3.7
630.55 1.8
632.10 3.4
635.25 22.7
636.11 2.0
638.05 5.8
639.66 10.1
640.36 10.4
641.41 1.2
642.74 2.4
645.27 12.0
648.39 101.2
649.16 52.4
650.33 12.2
651.27 11.9
651.96 4.9
654.33 2.8
655.13 4.9
657.00 105.7
657.99 26.1
659.24 20.4
660.66 10.4
662.74 16.5
663.58 27.9
664.64 58.9
665.53 1.8
666.36 1.1
667.43 2.9
668.26 11.4
669.26 14.9
672.70 6.9
673.67 3.7
674.62 3.5
676.38 17.9
677.21 1.6
678.38 3.3
681.27 9.6
682.56 15.1
683.16 2.6
684.38 43.0
685.41 28.3
687.60 13.5
688.25 4.6
689.36 5.8
692.20 57.4
693.40 17.3
694.27 15.0
695.27 24.1
696.45 11.7
698.26 11.7
699.50 5.6
701.05 30.7
701.98 12.0
703.96 22.5
705.09 5.6
706.27 14.5
707.14 24.9
708.16 5.1
709.68 9.2
711.55 9.1
712.58 41.0
713.68 31.6
714.38 6.2
715.43 5.9
717.84 31.2
718.76 16.3
720.14 29.4
722.10 490.0
723.02 108.8
724.12 15.2
725.02 16.9
726.37 95.3
727.05 87.6
727.96 9.5
728.62 10.4
730.77 133.8
731.39 47.8
732.80 79.4
733.52 22.9
734.17 39.2
735.61 54.0
736.50 15.7
737.51 1.1
738.37 26.3
739.57 50.9
740.49 15.9
741.59 4.3
743.83 1.9
744.44 5.5
745.73 12.7
746.37 1.1
748.21 6.4
748.97 14.1
750.39 9.3
751.82 11.2
752.63 14.2
753.60 5.5
756.19 5.0
757.45 2.7
758.43 2.4
759.41 50.3
761.45 23.1
762.08 5.8
763.36 22.5
763.99 7.8
764.69 6.6
765.64 6.3
766.37 5.4
767.36 33.9
768.95 51.4
769.88 13.1
770.66 2.2
771.42 25.3
773.82 40.3
774.56 25.6
775.63 30.3
776.90 99.2
777.95 134.3
778.68 74.9
779.67 30.0
780.57 26.6
782.87 262.5
783.81 195.9
784.65 44.7
785.60 7.0
786.66 1.7
787.80 7.3
790.58 127.2
792.15 949.3
793.09 275.3
796.25 8.8
797.29 2.0
798.04 11.2
799.28 122.2
800.09 13.7
801.44 4.9
802.25 11.9
803.04 2.3
804.73 13.9
805.86 18.1
806.80 6.6
807.93 6.7
810.07 8.5
812.20 15.8
813.40 24.3
814.50 14.9
815.76 10.6
816.78 16.2
818.03 19.5
819.00 18.0
819.67 23.3
820.51 4.3
821.34 1.4
822.60 9.3
824.47 8.3
825.53 21.0
826.26 25.8
827.23 18.4
828.30 34.4
829.04 19.2
830.14 12.1
830.79 78.7
831.90 21.4
834.37 194.7
835.17 288.3
836.14 15.0
837.24 10.8
838.20 18.2
839.73 247.8
840.73 118.3
841.72 23.6
842.91 19.9
843.78 19.3
846.65 1.6
848.75 2633.6
849.69 640.3
850.63 38.3
851.83 1.1
854.22 7.7
855.39 5.3
856.07 3.4
857.56 18.0
859.15 9.8
862.50 5.4
863.15 22.7
864.43 2.6
866.25 1.9
867.40 1.3
870.67 13.7
873.74 1.4
876.73 5.3
881.40 32.2
882.26 8.6
883.38 1.7
887.17 1.9
888.51 2.1
891.43 5.3
895.80 4.5
896.40 1.5
897.69 9.8
898.48 3.1
900.73 13.7
901.74 1.6
902.44 2.4
906.52 1.3
908.35 5.0
909.74 1.8
910.89 2.0
911.51 4.2
913.35 2.7
915.42 2.0
916.67 3.3
918.89 3.0
919.79 4.7
924.55 2.0
928.64 2.2
933.64 6.1
936.70 1.9
940.57 5.5
941.82 1.7
943.50 19.4
944.56 10.4
945.46 1.9
949.81 1.8
950.45 3.7
951.40 3.8
952.25 4.3
953.57 1.7
956.38 2.6
961.24 1.6
962.25 3.2
963.13 10.8
971.97 9.0
984.17 4.1
988.90 3.8
991.33 8.6
992.69 3.5
994.24 4.1
995.45 1.6
997.62 7.9
999.40 1.8
1002.56 1.1
1005.82 1.3
1007.77 2.9
1008.55 3.5
1012.64 12.8
1017.51 6.8
1018.14 4.0
1020.79 3.4
1024.58 5.1
1027.44 1.5
1028.63 2.7
1029.41 2.5
1040.87 4.8
1042.24 2.0
1043.61 5.8
1045.60 4.8
1046.38 3.3
1047.39 9.1
1054.40 7.3
1055.39 1.2
1056.47 3.4
1063.63 1.2
1065.86 4.0
1070.95 3.8
1071.89 2.5
1073.60 4.8
1076.68 2.6
1082.68 3.6
1086.48 8.8
1087.45 8.7
1089.39 3.6
1098.69 2.7
1109.77 2.2
1111.82 11.2
1114.44 4.5
1117.49 3.5
1126.78 4.2
1127.60 10.1
1131.49 4.1
1144.51 4.0
1145.55 6.1
1147.70 1.0
1161.63 8.1
1163.66 4.1
1180.80 2.9
1181.81 9.5
1186.66 3.3
1198.64 3.3
1230.73 2.2
1234.45 3.5
1252.73 2.8
1261.91 3.3
1279.93 1.9
1287.79 5.6
1296.59 2.5
1309.52 3.2
1312.92 4.7
1315.08 2.4
1323.61 1.1
1324.87 1.2
1327.68 5.5
1358.78 2.4
1390.28 2.5
1392.28 3.6
1394.40 3.7
1401.50 2.5
1416.30 2.1
1424.50 3.7
1435.04 6.9
1455.94 1.6
1463.91 1.4
1475.69 3.8
1476.95 4.4
1497.73 3.1
1503.85 1.2
1521.96 2.8
1524.69 2.6
