899.4672099999999 2
129.94 1.9
136.22 14.6
137.22 6.4
138.23 1.7
139.30 1.9
140.20 2.5
143.26 1.2
145.35 5.2
146.95 1.1
155.30 1.6
156.51 3.8
157.17 3.4
158.33 7.4
159.13 1.7
166.05 1.0
167.15 5.6
171.36 1.0
172.37 1.4
174.24 129.9
175.25 11.4
176.67 2.4
179.26 2.6
182.19 12.4
185.35 3.6
193.19 7.7
194.06 3.3
195.09 1.4
199.06 3.0
201.23 1.1
203.36 1.7
204.15 1.7
205.21 4.1
206.30 5.5
208.18 1.4
209.27 3.1
210.40 1.3
219.28 2.4
223.27 4.3
225.13 6.2
226.10 2.2
230.42 3.3
233.14 2.9
235.08 5.7
236.51 2.4
237.52 7.1
241.14 12.3
242.13 2.0
243.71 2.4
248.42 2.8
253.20 2.9
254.25 23.1
255.41 3.4
257.17 4.5
262.07 4.2
262.69 1.5
267.29 9.0
268.42 4.2
271.32 35.9
272.48 3.0
273.56 4.9
275.39 1.1
277.35 4.6
278.21 3.1
278.98 4.4
282.71 4.8
284.22 3.0
285.01 1.7
288.21 3.0
289.90 1.1
291.33 2.0
293.21 7.2
293.89 3.5
296.41 5.3
299.33 1.7
301.22 33.2
302.29 31.7
303.62 9.9
306.26 3.8
308.51 1.5
309.28 2.8
310.16 5.9
311.05 2.3
312.64 2.9
313.95 1.2
315.87 7.6
316.82 6.0
318.17 15.5
318.85 7.8
320.06 5.4
321.23 7.6
321.84 4.1
324.90 5.1
326.08 9.5
328.02 7.3
329.40 3.6
331.76 5.6
334.04 2.7
335.88 22.0
337.15 9.6
337.89 25.0
339.22 20.9
341.30 7.7
342.67 8.8
344.31 8.5
345.04 5.2
346.04 35.4
346.78 7.2
347.38 8.8
348.28 8.8
351.55 7.2
353.05 6.5
355.32 219.8
356.21 11.1
356.97 15.6
358.66 25.1
359.93 17.7
360.84 9.7
362.18 27.4
363.03 62.2
363.89 198.8
364.61 2.4
365.61 18.8
368.83 59.4
370.74 8.3
372.49 65.9
373.91 11.6
375.05 16.4
377.60 6.6
379.14 1.5
381.48 5.6
382.59 7.3
384.07 6.1
385.48 9.7
386.35 3.3
387.44 3.2
388.55 5.8
389.31 13.0
390.24 18.7
391.70 18.8
392.48 36.6
393.24 81.3
394.22 4.4
395.61 4.4
396.89 53.1
398.20 13.5
399.81 17.0
400.61 1.5
403.11 16.8
405.35 31.2
406.57 19.4
407.35 18.4
408.32 16.3
408.96 63.2
410.13 7.1
410.90 3.1
411.94 43.1
412.84 26.8
415.25 3.3
416.81 4.7
417.74 9.7
418.58 8.8
419.19 57.9
419.93 45.7
420.74 71.3
421.47 26.0
422.38 7.8
423.87 31.1
425.60 28.7
426.62 40.1
427.94 562.6
429.44 35.0
430.51 68.7
432.00 48.8
433.05 136.3
434.04 70.1
435.06 60.8
436.33 14.5
438.00 19.8
439.21 80.7
441.61 1266.9
442.27 237.0
443.50 16.3
462.25 2.3
463.16 13.5
464.35 1.2
466.50 3.2
469.58 14.5
471.33 3.4
473.22 23.0
474.20 3.4
476.25 5.0
480.59 1.7
483.08 10.2
485.19 1.8
487.20 12.8
488.59 10.8
490.65 5.1
491.49 2.6
493.38 1.8
494.35 6.0
497.53 16.1
500.25 2.8
504.12 4.2
505.71 4.9
511.41 7.8
514.05 2.7
515.37 4.5
517.25 3.0
519.76 4.5
520.70 11.5
522.29 11.0
524.38 2.4
530.23 5.4
533.01 2.0
534.21 8.0
535.35 3.1
536.00 1.5
538.35 21.0
541.27 4.9
542.70 6.5
545.61 6.4
546.73 35.5
547.45 3.3
552.62 9.7
553.60 1.1
555.67 23.9
556.53 11.9
557.43 10.8
558.59 13.9
559.47 25.5
560.30 23.0
561.36 36.5
562.60 9.1
563.26 3.6
564.20 15.7
564.96 12.4
565.66 13.1
566.39 1.2
570.55 3.0
571.17 9.6
571.89 1.0
573.48 9.0
575.63 11.1
576.46 8.6
579.43 4.1
580.67 3.6
581.55 1.4
582.78 11.6
583.46 5.7
587.76 15.0
588.71 14.9
589.60 8.4
591.45 1.6
592.64 3.4
594.11 3.9
595.37 2.4
596.35 11.1
597.41 44.0
598.34 72.2
599.38 29.0
600.46 23.1
601.57 1.5
602.73 9.7
603.35 2.0
604.28 4.5
605.13 2.2
606.38 4.2
607.40 4.0
608.76 8.2
610.02 3.8
611.34 4.5
613.05 27.9
614.46 3.6
615.35 2.0
617.80 20.3
618.63 2.4
619.26 1.2
622.09 118.8
622.91 13.2
624.07 7.8
625.76 4.8
627.36 5.1
629.45 70.4
630.33 59.2
631.06 2.1
632.04 1.3
636.48 4.6
637.34 3.5
647.84 1.0
648.48 8.9
651.46 3.1
653.42 4.8
654.54 3.2
655.31 1.3
656.29 2.5
659.28 8.2
661.44 1.1
663.12 8.1
666.55 1.4
668.04 2.1
670.48 4.1
672.54 9.4
673.41 7.0
676.34 2.2
677.43 1.5
680.58 6.9
683.21 1.5
686.79 4.3
687.49 1.2
688.50 3.5
691.21 2.9
691.88 1.6
692.53 2.8
694.55 4.8
696.72 2.7
698.58 6.7
699.43 1.4
702.57 3.6
707.40 2.8
708.36 21.2
709.32 152.8
710.40 60.2
711.49 4.1
712.30 5.3
714.40 1.8
722.47 2.6
723.73 2.6
724.44 7.1
726.31 101.3
727.40 46.3
728.39 5.1
732.42 1.0
734.37 1.1
736.54 5.1
739.47 8.7
740.23 4.6
741.59 1.2
743.41 7.0
744.35 4.2
751.36 1.3
752.36 11.5
753.14 4.2
754.60 12.4
757.35 7.9
766.30 12.8
767.72 1.6
770.83 1.7
779.59 3.0
780.62 7.1
783.56 1.0
784.59 2.0
793.67 4.4
797.67 4.6
798.30 1.7
808.58 3.0
825.55 2.9
827.65 2.9
834.61 1.2
838.71 4.4
846.31 2.3
860.48 3.5
861.58 169.0
862.63 80.3
876.24 2.5
877.75 3.2
878.64 3.1
885.49 3.3
901.68 1.1
905.22 4.1
