1476.59307 2
212.98 18.4
216.42 1.1
228.15 5.6
231.18 2.1
236.60 3.6
239.19 5.2
240.19 4.5
241.23 1.3
244.22 1.5
250.16 1.2
251.13 4.2
252.19 5.1
254.36 6.2
256.61 4.3
258.11 1.8
261.14 3.1
262.40 4.0
263.19 4.7
264.94 4.2
266.08 3.8
268.13 1.8
269.39 2.8
270.46 1.0
272.38 4.4
275.26 41.6
276.25 4.1
277.06 2.1
278.12 10.1
279.25 5.4
280.31 1.1
281.28 7.5
282.21 9.1
283.17 5.8
284.09 4.3
285.23 4.6
287.47 1.5
289.25 1.6
291.14 2.6
293.31 3.8
294.23 1.6
295.25 2.7
296.35 3.0
297.31 1.9
298.64 4.3
299.41 5.6
301.35 4.0
303.19 1.8
304.10 1.4
308.11 9.2
310.57 4.7
313.22 10.6
314.15 2.2
316.44 4.6
322.96 3.8
325.29 1.2
327.32 24.2
328.34 5.6
331.40 9.4
332.23 5.4
333.50 1.2
334.15 3.0
337.29 10.6
338.46 1.8
339.15 3.5
341.03 4.8
342.03 4.6
343.27 4.0
344.27 2.7
345.18 6.9
346.35 3.9
347.17 2.6
348.21 1.7
349.22 14.4
351.34 2.1
353.14 4.8
354.20 8.2
355.28 2.0
356.42 3.9
359.04 3.0
361.16 4.2
363.23 15.2
364.22 9.5
365.01 1.7
366.22 1.5
369.22 8.8
370.27 6.3
371.97 2.4
373.27 6.6
374.49 3.8
375.33 2.0
376.41 3.6
377.22 29.8
379.07 11.1
382.20 2.9
384.21 3.5
386.05 1.8
388.40 1.3
391.18 27.2
392.10 2.6
395.30 6.8
396.48 9.0
397.33 4.6
397.97 10.5
399.31 3.5
400.52 4.2
401.40 4.0
402.38 2.7
403.18 1.2
405.51 4.9
408.44 3.9
409.33 10.0
410.24 8.8
411.32 11.0
413.12 2.5
414.42 7.9
415.27 3.4
417.39 15.2
418.22 3.6
418.85 8.6
421.41 2.8
422.57 2.6
424.35 9.1
425.26 10.8
427.04 30.4
428.14 5.8
428.85 1.4
430.33 7.2
431.04 3.6
432.98 4.4
434.58 4.2
435.27 14.1
436.32 4.8
437.25 2.2
438.48 12.2
441.27 8.9
442.04 1.9
445.33 11.7
446.24 9.1
447.99 3.7
449.98 2.7
450.68 6.8
451.38 12.6
452.14 2.9
453.03 4.3
454.25 2.2
455.03 1.2
457.72 13.4
460.09 8.9
462.29 64.8
463.39 4.5
464.64 8.5
465.57 1.6
466.39 4.6
468.24 9.6
469.03 3.8
470.36 2.7
472.35 3.5
474.38 8.1
475.24 7.8
476.42 14.4
477.51 12.5
478.32 16.7
479.24 16.5
480.49 10.1
481.36 1.6
482.38 10.7
483.40 7.8
484.34 11.8
485.15 1.9
486.30 11.0
487.06 9.2
488.47 3.5
489.51 3.3
490.31 68.1
491.35 8.2
492.41 10.0
493.81 22.3
494.82 2.6
496.24 4.5
498.55 7.8
500.13 5.3
501.29 1.7
502.29 8.9
503.18 2.5
505.24 19.2
506.16 39.9
507.29 70.9
508.32 5.0
509.55 3.7
510.32 2.5
511.51 1.9
512.55 11.8
513.30 14.2
514.50 20.6
516.42 5.2
517.62 3.6
518.42 4.2
519.39 3.5
520.28 6.1
521.19 6.6
522.21 20.5
522.92 16.9
523.55 1.7
524.27 3.3
526.59 45.7
527.29 18.4
528.26 11.2
529.47 6.2
531.21 200.0
532.10 415.6
532.98 22.8
534.09 13.7
535.66 57.7
536.81 29.1
537.44 32.7
538.29 11.1
538.92 3.2
540.46 10.1
542.08 5.8
543.22 20.1
544.01 7.0
545.38 30.4
546.30 19.7
547.18 22.8
548.02 15.5
548.86 34.0
550.05 27.4
551.01 18.6
552.12 9.8
552.76 12.5
553.50 10.2
556.10 17.5
557.40 22.7
558.26 12.0
560.58 18.5
561.56 20.5
562.43 13.4
563.46 16.1
564.39 10.8
565.39 7.9
566.63 9.1
567.23 13.0
568.31 4.2
569.83 58.8
570.79 49.0
571.51 70.5
573.31 71.2
574.48 7.2
575.44 10.1
576.41 2.7
577.18 11.7
578.22 14.2
579.34 35.8
580.75 25.8
581.48 17.5
582.45 12.9
583.46 44.6
584.27 7.4
585.03 8.2
585.92 6.5
586.94 8.5
587.89 13.1
588.79 10.4
589.61 15.1
590.60 10.5
591.26 71.2
591.94 3.0
592.83 60.7
593.91 25.5
594.81 17.3
595.69 15.2
598.07 44.9
598.76 18.9
599.39 19.3
600.99 41.0
601.87 32.0
602.60 5.4
603.72 27.3
604.56 34.7
605.51 38.6
606.51 204.7
607.42 61.8
608.36 10.2
609.54 23.9
610.58 25.9
611.62 12.7
613.28 66.5
613.98 54.7
614.64 26.0
615.50 41.8
616.32 14.8
616.94 6.8
617.56 1.6
619.34 12.4
620.28 8.6
621.19 5.1
622.25 27.9
623.33 70.3
624.28 49.9
625.04 34.0
626.40 15.2
627.06 1.5
628.50 69.9
629.53 27.3
630.67 20.5
632.71 153.8
633.35 50.5
634.28 57.1
634.99 3.7
636.29 8.6
637.40 67.4
638.88 76.0
639.84 24.7
640.62 19.4
641.69 29.5
642.44 15.8
643.22 14.9
644.03 5.5
644.75 9.7
645.67 6.8
647.90 167.1
648.60 61.0
650.14 56.8
651.15 17.6
652.14 28.6
653.90 2.5
655.06 64.2
655.83 12.5
657.09 103.9
658.76 225.8
659.48 22.8
660.27 2.4
661.72 18.5
662.54 12.6
664.02 206.7
664.95 38.1
666.10 9.4
667.50 3.6
668.40 62.1
669.67 19.3
670.51 4.3
671.88 31.4
672.72 183.8
673.59 21.6
674.37 8.6
676.00 49.4
676.61 10.2
677.35 10.1
678.52 18.6
679.91 34.4
680.83 4.0
681.93 122.1
682.89 21.7
683.73 6.4
684.36 8.0
685.40 17.6
686.38 43.3
687.52 37.4
689.10 40.3
690.34 4.3
691.27 12.4
692.22 12.4
693.51 58.3
694.39 169.5
695.27 88.0
696.26 31.9
696.95 7.4
697.82 20.4
698.63 48.3
699.67 15.3
700.55 24.7
702.22 54.7
703.30 67.7
704.81 461.5
705.71 221.1
706.87 54.6
707.63 136.1
708.55 24.8
709.63 48.8
710.86 18.3
711.68 52.7
713.10 59.0
714.31 39.6
715.73 315.0
716.67 58.6
717.77 19.5
718.81 65.4
719.61 102.4
720.61 333.5
721.54 412.2
722.52 43.7
723.65 174.2
724.67 680.7
725.57 74.5
726.97 26.2
728.14 13.1
729.57 512.7
730.47 5.7
732.29 2.3
733.72 1.3
746.51 10.8
749.18 7.2
754.24 15.8
755.33 7.7
756.17 2.2
756.89 2.4
761.57 1.4
762.41 8.0
763.44 6.5
764.26 4.3
765.91 2.0
769.15 9.0
770.28 2.3
771.68 6.3
774.60 3.4
775.32 6.5
776.53 3.5
777.79 10.3
779.69 3.5
780.52 1.8
783.54 8.7
784.38 19.9
785.33 4.4
787.25 7.4
788.21 1.4
790.49 4.2
791.32 3.7
796.12 6.5
798.62 2.8
800.18 2.8
801.33 5.8
802.58 4.6
803.74 2.9
805.38 2.7
806.62 8.5
808.80 15.3
809.63 2.7
810.49 1.3
811.62 5.3
812.46 1.6
819.45 4.1
820.30 14.5
821.36 2.1
822.14 2.8
823.20 2.8
825.39 5.1
826.47 7.3
829.20 4.9
830.29 6.4
833.16 7.3
836.72 2.3
838.37 8.0
839.97 2.7
841.36 6.4
842.47 2.4
843.57 16.5
846.35 3.3
847.89 5.4
848.97 20.9
849.96 32.1
850.66 7.0
851.28 7.8
852.21 2.5
853.57 4.5
854.69 10.2
855.42 28.1
856.43 12.0
857.41 38.2
858.39 35.7
859.37 7.9
860.01 10.0
860.66 5.3
862.81 7.0
864.46 3.9
866.38 19.4
867.46 20.3
868.47 5.8
869.42 22.0
870.56 2.7
871.46 1.6
872.20 5.7
874.71 3.5
876.50 3.8
877.24 16.5
878.03 11.9
878.91 6.8
881.15 8.9
881.85 2.6
882.51 2.7
883.13 5.7
886.29 95.3
887.23 40.4
888.19 5.1
890.19 1.5
891.33 3.1
892.78 3.3
893.49 8.0
894.89 6.3
895.57 11.4
896.66 11.0
898.24 2.7
899.34 18.0
900.38 15.5
901.66 2.4
902.40 11.6
903.13 1.4
903.90 4.1
905.54 5.0
907.28 22.0
912.30 10.0
913.60 36.1
914.53 8.2
915.63 15.0
916.99 13.9
917.79 6.9
918.46 7.3
919.28 1.4
920.75 25.2
921.53 3.7
922.34 9.0
927.38 5.9
928.69 4.2
929.49 24.9
930.42 2.1
931.87 13.4
932.54 2.0
934.32 24.5
935.04 17.9
935.97 1.5
936.72 4.2
937.59 10.2
939.73 23.0
940.80 9.3
941.68 1.6
943.20 20.3
946.71 16.4
948.11 5.1
949.32 6.1
950.20 8.5
951.96 6.2
952.88 23.0
953.48 5.9
954.52 1.4
955.30 2.3
957.47 19.3
958.77 2.6
960.40 1.9
961.51 11.7
962.46 27.6
963.37 9.4
964.88 10.6
965.76 7.7
966.45 17.4
967.47 3.0
968.44 20.3
969.56 39.8
970.52 56.6
971.44 20.1
972.72 15.8
973.56 8.2
974.64 6.1
975.89 2.3
976.88 15.0
978.53 3.8
979.26 3.5
980.69 4.3
981.47 11.5
982.24 22.4
983.32 9.8
984.79 15.1
986.03 6.5
987.35 229.5
988.46 25.1
989.36 6.2
990.35 12.4
991.37 4.5
993.28 48.0
994.15 9.9
996.39 3.7
998.20 18.0
1000.33 62.9
1001.37 64.9
1002.21 38.7
1003.03 11.4
1004.55 9.8
1005.53 6.8
1006.44 1.0
1007.57 7.0
1009.23 14.2
1009.84 7.3
1011.70 2.1
1012.68 7.5
1015.38 8.3
1016.54 7.3
1018.31 14.6
1019.62 10.6
1020.55 4.7
1022.78 6.4
1024.17 15.2
1025.12 2.5
1026.06 2.9
1028.64 39.6
1029.58 7.2
1031.13 25.5
1032.38 56.6
1033.09 5.9
1034.34 20.2
1038.57 3.1
1039.69 20.5
1040.69 29.6
1041.60 7.2
1042.44 22.8
1043.66 12.7
1044.35 2.9
1045.89 7.1
1047.07 1.8
1049.61 4.6
1050.67 16.8
1052.47 20.2
1053.47 16.8
1054.42 6.5
1055.58 1.1
1056.59 1.3
1057.66 9.1
1058.35 1.2
1059.38 1.5
1060.51 3.3
1061.33 22.2
1062.29 12.0
1065.25 2.9
1067.04 20.7
1068.10 16.6
1070.36 137.3
1071.25 8.9
1072.28 2.5
1075.29 9.7
1076.02 5.4
1077.21 6.1
1078.67 5.3
1080.45 5.0
1081.43 7.8
1082.49 1.8
1083.64 5.1
1084.42 5.2
1085.98 4.0
1086.68 3.2
1087.89 7.1
1088.54 3.3
1089.52 1.3
1090.47 5.9
1091.90 4.2
1093.49 3.4
1094.77 7.2
1095.69 11.0
1096.51 7.0
1097.56 7.0
1099.43 80.3
1100.33 8.2
1101.02 7.9
1102.06 1.9
1103.03 1.2
1104.27 8.3
1105.59 9.0
1109.00 2.1
1111.54 15.8
1112.82 14.8
1113.54 55.6
1114.49 17.2
1115.51 27.9
1116.42 1.2
1117.76 8.4
1120.40 6.8
1123.58 26.7
1124.69 6.7
1125.45 2.5
1130.84 1.9
1132.36 182.1
1133.52 19.9
1134.70 8.2
1137.68 5.9
1139.82 3.8
1141.43 255.5
1142.15 8.9
1142.83 1.4
1144.89 2.6
1149.80 6.2
1150.55 44.1
1151.54 3.6
1152.77 2.7
1153.59 2.9
1154.41 12.1
1155.62 2.7
1156.39 4.6
1158.55 12.6
1160.37 1.7
1163.48 18.0
1165.93 2.1
1167.28 20.2
1168.24 11.8
1169.72 3.6
1172.63 1.5
1174.49 7.3
1176.41 9.8
1177.22 1.1
1178.48 8.0
1181.53 5.9
1182.18 1.9
1184.38 29.1
1185.39 57.1
1186.38 14.8
1187.04 2.4
1189.82 8.6
1190.57 3.4
1193.64 8.4
1194.59 112.8
1195.70 8.3
1197.73 2.7
1200.65 5.9
1202.60 103.1
1203.37 12.9
1205.80 6.2
1207.54 58.5
1208.50 4.3
1212.46 440.8
1213.39 50.2
1214.32 14.9
1215.69 9.1
1216.52 1.3
1217.41 1.7
1219.93 4.5
1221.60 1.3
1222.42 2.4
1225.52 1.6
1227.00 4.7
1228.22 18.4
1229.12 4.6
1229.99 7.7
1230.70 46.7
1231.47 48.3
1232.41 13.4
1238.05 5.8
1238.75 11.3
1241.68 1.8
1242.90 4.1
1245.51 22.9
1246.68 45.7
1247.48 162.6
1248.63 55.9
1249.74 11.0
1250.74 6.3
1253.25 10.5
1255.55 37.1
1256.43 68.9
1257.29 2.3
1259.69 6.5
1263.27 3.7
1264.45 408.0
1265.49 45.0
1267.14 1.4
1269.73 1.0
1271.50 15.8
1273.47 119.2
1274.61 31.1
1279.48 2.5
1290.66 1.3
1291.68 2.1
1299.92 6.3
1301.50 1.6
1308.78 2.4
1309.59 19.7
1310.51 12.8
1312.84 2.1
1315.14 7.0
1317.82 2.8
1320.70 14.3
1326.60 43.1
1327.65 164.4
1328.67 4.6
1330.89 5.2
1332.02 1.7
1344.58 250.6
1345.63 36.7
1346.50 4.2
1361.18 1.5
1362.01 5.2
1363.40 4.0
1376.88 4.3
1400.77 4.9
1438.95 2.7
