678.3832299999999 2
103.21 5.0
109.48 1.7
113.92 1.7
116.39 2.5
119.52 23.0
120.14 291.6
121.03 27.1
123.13 1.9
124.31 3.0
125.31 8.3
128.24 7.4
129.27 13.7
130.25 11.5
132.12 1.5
132.98 2.0
136.25 46.3
137.31 5.6
138.18 4.8
138.95 1.3
143.01 2.2
145.38 2.1
148.09 1.2
149.03 3.8
151.21 4.9
153.07 1.7
155.02 8.6
156.29 1.4
157.23 1.5
158.22 2.7
159.26 1.7
160.06 2.9
162.20 3.4
163.31 5.9
165.16 59.0
166.91 3.4
168.92 2.4
170.19 2.1
172.20 3.6
173.32 3.5
175.29 22.2
176.20 8.5
177.06 7.1
178.08 3.1
182.14 198.8
183.22 21.2
184.40 1.4
185.21 4.9
186.13 3.0
187.02 1.0
188.26 13.9
192.22 3.2
195.25 11.1
197.11 1.1
198.19 13.1
199.22 13.6
200.65 16.4
201.41 5.5
202.10 2.2
205.18 41.1
206.24 2.9
207.50 8.3
208.21 5.6
209.31 23.7
210.50 5.6
211.37 8.3
212.12 7.7
213.13 2.3
213.85 1.2
217.27 1.4
221.27 1.4
223.15 18.6
224.37 4.2
225.22 35.9
226.16 101.7
227.21 11.4
228.33 2.6
229.41 8.3
230.23 7.8
233.15 2102.9
234.21 251.5
235.09 12.5
237.27 6.2
238.35 6.2
239.04 15.4
239.79 4.5
241.30 13.9
242.32 18.0
243.14 42.2
244.12 53.6
245.14 23.3
246.11 9.9
248.19 3.6
249.25 1.2
251.19 3.4
252.07 2.2
253.20 9.3
254.09 9.2
255.33 3.8
257.91 14.2
259.22 3.0
261.12 2270.6
262.21 309.7
263.26 1.8
264.47 1.5
265.70 4.2
266.36 21.7
268.36 3.0
270.26 4.5
271.18 2.4
273.66 2.0
274.67 9.7
276.49 6.0
277.29 3.4
279.33 11.1
280.22 4.0
281.16 2.5
282.27 11.7
283.28 22.9
284.41 4.6
286.43 16.4
287.29 2.7
289.23 837.8
290.28 115.0
291.02 9.8
292.11 13.8
293.25 8.5
294.23 34.3
295.90 11.8
297.14 13.6
298.41 7.6
300.52 2.3
301.27 3.4
303.44 40.5
304.54 12.1
305.16 3.3
308.05 10.0
309.51 33.7
310.71 17.8
311.46 18.9
312.28 38.7
314.95 6.5
316.10 35.5
316.96 35.3
317.93 19.2
318.72 8.5
321.29 101.4
322.14 54.1
322.76 16.2
323.36 11.2
324.45 29.0
325.37 25.1
326.52 28.7
330.80 608.1
331.80 60.9
334.31 8.2
344.95 3.1
349.17 2.0
350.39 3.8
355.15 3.4
356.91 1.5
358.34 3.1
362.20 4.4
366.21 3.3
367.38 18.5
368.24 4.3
370.29 9.9
372.00 25.4
376.32 17.3
376.98 3.5
379.35 25.9
380.09 13.5
381.41 3.8
382.53 2.8
383.26 7.9
386.31 6.2
387.17 4.6
390.20 240.2
391.28 31.7
392.44 1.5
395.38 6.2
398.80 2.4
400.34 336.0
401.34 46.1
403.12 6.0
404.45 7.5
408.94 4.5
411.27 4.9
414.18 2.5
418.27 6820.7
419.39 1054.5
420.20 15.7
423.37 8.0
424.39 12.5
426.13 9.1
426.81 3.9
428.67 5.3
430.40 3.3
432.47 4.7
433.34 3.3
435.25 223.6
436.29 83.0
437.28 3.9
440.45 10.3
441.25 4.2
442.66 10.2
443.94 12.8
445.27 11.1
445.98 10.1
447.33 12.6
448.17 9.4
449.72 3.7
450.63 11.0
451.42 21.2
452.44 17.8
453.20 5.1
454.10 4.0
455.38 23.4
456.32 3.1
458.85 12.4
462.46 2.9
466.50 5.9
469.32 27.9
470.31 2.8
473.26 57.2
474.34 22.7
475.18 1.1
477.40 5.2
479.28 37.7
480.27 22.4
481.54 8.9
486.34 3.9
489.56 2.0
491.31 1.6
492.68 9.0
495.26 2.3
496.34 95.0
497.30 193.8
498.32 42.6
504.28 7.5
506.70 1.4
514.49 2.0
521.17 6.4
522.29 1.3
531.35 279.0
532.38 60.4
534.92 5.5
538.51 4.1
541.06 12.0
541.97 6.0
543.36 2.7
545.32 1.4
547.27 4.0
549.23 2.2
550.08 6.0
552.60 3.9
554.54 3.4
559.46 3.8
562.15 4.9
563.25 4.9
564.33 11.5
565.57 3.1
573.41 1.9
575.32 1.7
580.47 2.3
581.51 4.4
582.52 6.3
594.59 2.6
601.57 1.4
602.45 3.0
612.30 4.2
639.42 2.1
640.39 8.8
643.53 1.9
650.34 1.7
651.75 20.3
656.53 3.1
657.52 3.6
658.15 1.1
660.31 2.9
678.32 1.0
