1623.79424 2
227.16 7.2
229.14 9.9
229.99 14.3
231.02 6.0
232.03 7.7
236.25 24.5
237.21 27.7
238.16 32.5
240.22 5.4
242.21 14.3
242.87 33.1
244.20 9.0
245.25 88.0
246.29 18.7
253.11 9.8
255.17 84.1
256.09 106.7
257.21 54.1
258.42 13.1
259.25 68.4
260.35 8.7
261.34 18.2
262.16 57.4
263.08 126.6
264.25 26.1
265.30 15.4
266.15 20.7
268.47 46.3
269.34 23.1
271.25 37.7
272.07 17.6
273.13 41.4
274.23 471.2
275.28 186.7
276.24 39.3
277.86 10.8
279.27 29.0
280.26 13.5
280.87 23.8
282.24 5.9
283.72 56.4
284.39 41.3
285.28 60.8
287.13 348.5
288.26 78.5
290.21 7.2
290.98 8.1
292.13 8.4
293.25 42.3
294.44 37.3
295.18 22.6
296.40 14.8
297.29 46.6
297.98 16.7
299.23 28.8
300.61 129.6
301.34 106.2
302.22 92.5
303.21 40.3
304.28 10.1
305.26 8.9
307.16 92.7
309.13 86.0
310.02 8.6
311.24 94.8
312.20 61.8
313.28 31.7
314.23 71.7
315.10 45.9
316.19 6.3
317.30 7.0
318.04 33.8
319.19 107.8
320.23 139.6
321.42 10.6
323.33 37.9
324.23 41.7
325.18 44.0
326.18 96.7
327.15 158.1
328.37 81.0
329.36 59.7
330.34 41.5
331.21 46.0
333.18 12.9
334.29 27.8
335.09 68.6
336.09 8.1
337.18 24.6
338.20 17.9
339.43 16.7
340.29 68.7
341.26 56.8
342.17 50.7
343.24 65.7
344.36 46.7
345.25 196.5
346.26 96.7
347.30 35.4
350.41 37.6
351.31 68.1
352.16 260.6
353.22 123.0
354.12 62.5
355.16 36.7
356.42 9.6
357.14 15.7
358.25 84.6
359.02 23.3
360.32 50.1
361.09 10.1
362.26 7.4
363.27 39.5
364.40 29.2
365.51 20.8
368.29 117.0
369.12 106.9
370.13 430.9
371.25 511.6
372.26 133.8
373.25 19.8
374.30 24.8
375.22 68.3
376.28 12.9
377.27 30.7
380.33 14.8
381.01 5.7
382.28 27.8
383.25 56.0
384.40 52.8
385.37 44.7
386.27 37.3
387.34 882.6
388.32 467.0
389.22 136.1
390.18 38.0
392.28 60.0
393.17 68.1
394.24 98.9
396.98 16.1
397.95 46.9
399.17 130.6
400.22 120.1
402.23 65.3
403.17 17.5
404.42 34.3
405.07 11.6
406.32 94.5
407.26 19.4
408.63 9.3
409.33 7.2
410.36 16.1
411.32 103.8
412.36 72.0
413.26 14.7
414.12 32.2
415.23 82.7
416.32 301.7
417.23 537.2
418.25 150.5
419.23 31.8
420.31 108.1
421.36 36.8
422.20 22.0
423.43 5.2
425.74 23.3
426.44 50.5
427.60 108.1
428.40 139.2
429.24 61.1
430.42 5.3
432.46 18.3
433.14 69.9
434.28 841.7
435.28 297.0
436.25 48.7
437.19 316.3
438.30 424.8
439.34 126.7
440.30 26.2
441.06 23.6
442.34 43.2
443.49 43.5
444.28 67.7
444.99 48.8
446.21 89.9
447.27 48.6
448.23 139.1
449.39 28.8
450.40 7.2
451.05 13.6
453.34 6.6
454.26 291.1
455.31 179.0
456.25 348.1
457.27 116.4
458.28 54.0
459.19 16.6
461.23 9.5
462.33 12.3
464.08 6.7
465.27 266.3
466.30 258.2
467.24 155.2
468.21 23.1
469.47 38.7
470.50 10.6
471.25 154.3
472.23 1184.3
473.32 415.7
474.26 165.4
475.01 118.8
477.38 16.0
478.39 11.6
479.22 6.4
480.88 68.1
482.17 151.6
483.32 923.6
484.26 413.9
485.24 183.9
486.40 29.1
488.29 34.9
489.43 134.8
490.26 400.3
491.33 139.4
492.41 21.5
493.05 5.6
494.61 18.4
495.45 24.3
496.41 44.5
497.45 9.7
499.11 460.3
500.19 977.5
501.23 431.2
502.45 173.4
503.33 43.8
504.44 16.2
506.18 18.3
507.09 64.5
508.52 13.8
510.29 39.7
511.16 20.7
512.17 34.9
513.15 52.7
514.33 28.7
515.81 55.5
516.61 260.5
517.34 867.4
518.34 2283.2
519.40 637.1
520.43 161.3
522.42 10.1
523.39 21.4
524.07 6.3
525.54 35.4
526.25 40.0
527.52 19.2
528.38 48.9
529.50 79.4
530.37 26.2
531.49 32.9
532.31 24.2
533.35 33.1
534.31 68.1
535.30 419.4
536.36 159.7
539.20 42.2
540.26 157.6
541.33 144.6
542.22 54.3
543.23 101.5
544.27 76.5
545.19 12.9
546.11 24.7
547.37 45.7
549.33 47.5
550.30 50.6
551.28 33.0
552.47 133.0
553.31 114.4
554.76 33.8
555.37 56.2
556.32 122.0
557.34 32.3
558.45 80.9
559.37 205.5
560.25 39.1
562.36 9.1
563.36 101.4
564.30 74.8
565.46 29.1
567.21 607.1
568.39 276.7
569.39 172.4
570.44 167.7
571.42 96.7
572.26 72.0
573.45 18.5
574.38 49.7
575.27 19.3
576.57 43.7
577.53 27.3
578.40 50.4
580.11 187.6
580.80 52.2
581.40 262.0
582.42 10.8
583.30 27.6
584.32 159.9
585.45 938.2
586.42 495.6
587.27 542.9
588.19 176.6
589.12 82.0
590.24 5.5
592.35 16.1
594.50 140.7
595.33 297.3
596.33 242.7
597.23 62.6
598.28 432.5
599.30 215.7
600.21 57.3
602.19 273.3
603.31 246.3
604.38 159.9
605.55 46.7
608.82 74.3
610.50 13.3
612.31 1337.3
613.29 1457.2
614.30 569.9
615.13 126.6
616.32 100.0
617.61 121.1
618.53 13.8
620.41 282.1
621.54 82.1
622.31 49.2
623.94 19.1
625.44 36.5
626.65 79.5
627.66 6.4
628.37 13.1
629.32 111.5
630.36 1667.2
631.42 4792.9
632.42 1858.0
633.43 330.3
634.28 19.0
635.10 47.8
636.65 21.1
637.66 46.9
639.38 19.7
640.44 54.0
642.28 110.4
644.09 427.5
645.02 68.7
645.99 45.9
646.93 27.1
647.69 107.5
648.34 355.7
649.36 240.7
650.62 98.9
651.32 17.5
652.76 89.5
653.52 73.9
654.73 62.9
656.24 71.6
659.18 39.7
660.03 15.6
661.43 7.1
662.22 7.7
663.21 15.3
664.24 217.3
665.22 70.7
666.46 91.3
667.37 76.2
668.16 22.2
669.44 26.9
670.48 29.8
671.43 22.0
672.48 699.5
673.22 923.6
674.46 74.9
675.11 11.3
676.18 15.4
678.04 97.8
679.79 45.9
680.54 21.0
681.68 444.2
682.48 276.6
683.62 149.6
684.35 101.8
685.24 76.6
685.90 55.2
686.62 12.1
688.80 27.6
689.47 21.3
690.46 24.9
691.77 31.9
692.37 76.4
693.44 56.6
694.28 31.8
695.35 65.5
696.39 100.1
697.17 37.3
698.15 37.3
699.51 113.2
700.34 172.7
701.35 175.0
702.36 114.2
703.39 72.4
704.53 38.4
705.48 20.0
706.80 148.5
707.59 109.7
708.53 66.6
709.19 287.5
710.35 176.4
711.49 189.0
713.00 314.9
714.18 46.2
715.53 38.3
716.25 28.0
717.58 108.0
718.45 47.4
719.48 117.7
721.22 369.5
722.18 72.9
723.83 19.4
724.51 7.7
725.45 16.1
726.50 14.6
727.33 345.4
728.33 846.8
729.58 1240.6
730.62 985.1
731.53 102.5
732.35 54.6
732.99 13.9
734.03 10.9
735.25 147.7
736.37 42.6
737.61 94.7
738.93 413.5
739.69 282.1
740.34 59.9
741.22 5.6
742.59 20.7
743.74 175.0
744.63 135.3
745.44 1224.5
746.47 5366.2
747.46 2074.8
748.54 474.3
749.78 15.0
751.23 64.5
751.84 28.3
752.81 18.7
753.79 25.1
755.42 17.8
756.20 32.4
758.55 87.8
759.38 31.9
760.84 39.7
761.60 27.5
763.37 2519.5
764.35 1140.1
765.49 86.4
766.18 7.3
767.83 37.1
769.10 92.4
770.45 68.3
772.35 272.2
773.18 150.3
774.05 19.6
776.05 16.6
777.35 225.3
778.02 56.2
779.19 29.3
780.59 314.7
781.51 734.8
782.61 76.0
784.17 15.2
785.73 967.7
786.54 747.3
787.48 84.3
788.19 24.1
789.20 41.9
790.05 252.6
790.69 30.9
791.58 7.9
792.52 51.9
794.41 2514.8
795.17 7562.7
796.25 421.3
797.72 160.2
798.50 26.5
799.56 13.0
800.71 45.9
801.51 41.0
803.71 88.6
816.39 17.7
817.61 30.7
825.03 213.6
826.28 71.2
827.14 10.4
829.27 48.4
830.23 27.9
831.27 21.7
832.43 45.4
834.38 19.6
839.28 19.1
840.21 7.1
841.63 38.2
842.49 155.8
843.42 465.6
844.52 224.7
845.48 133.1
846.61 42.2
847.61 49.8
848.48 6.5
849.34 14.7
850.30 39.1
851.32 7.2
856.23 19.5
857.55 25.4
858.55 55.4
859.54 52.2
860.69 974.7
861.52 10137.4
862.49 4258.7
863.55 813.1
868.79 45.6
871.45 7.3
875.35 12.5
878.36 1403.1
879.40 310.1
880.44 93.9
881.06 44.7
883.29 16.6
885.11 39.5
886.25 5.5
894.47 22.4
895.49 44.9
896.56 6.6
899.89 11.8
900.56 14.5
901.54 46.9
903.79 41.2
904.55 9.7
912.53 19.4
913.89 11.3
914.61 11.3
917.03 18.6
917.67 11.4
918.46 7.9
919.29 37.0
921.49 12.2
922.12 6.0
923.39 17.9
924.33 31.7
925.45 35.2
926.69 63.4
927.87 16.4
929.22 52.2
930.17 48.2
931.19 34.6
932.36 24.5
939.58 37.2
940.55 198.9
941.53 109.4
942.53 58.9
943.16 33.8
943.98 40.3
944.99 8.2
947.42 22.3
949.75 59.8
950.45 28.7
951.45 21.0
953.91 26.9
954.56 13.3
957.33 251.7
958.45 979.0
959.64 659.3
960.72 142.9
961.56 74.2
965.10 19.7
967.29 6.0
968.25 17.4
971.39 25.0
972.05 11.6
973.69 35.8
974.83 211.1
976.46 17436.1
977.55 7713.8
978.57 1309.0
982.80 16.6
986.88 9.4
988.60 13.3
989.58 16.2
991.46 92.9
992.79 266.6
993.43 807.2
994.41 227.6
995.57 77.0
997.40 9.2
999.22 15.9
1005.65 17.5
1007.55 6.1
1008.53 6.0
1009.44 12.0
1010.56 14.8
1011.63 42.6
1012.28 12.7
1013.70 61.9
1014.87 40.3
1018.28 7.2
1018.95 24.7
1019.72 15.0
1020.71 7.2
1021.33 9.8
1023.48 11.8
1025.50 29.0
1026.52 58.0
1027.60 36.0
1029.06 24.6
1030.77 15.5
1032.89 14.1
1035.36 6.0
1035.97 32.5
1038.46 5.8
1041.95 7.5
1042.69 15.1
1044.28 84.7
1045.35 52.4
1047.81 32.7
1048.56 10.5
1050.64 5.9
1052.62 23.3
1053.35 111.3
1054.40 94.8
1055.49 64.8
1059.58 22.9
1067.74 23.5
1068.34 34.9
1070.45 160.7
1071.51 459.8
1072.66 199.8
1073.55 170.0
1074.47 17.7
1077.31 7.7
1078.51 13.8
1079.17 9.9
1081.21 21.3
1087.95 151.1
1088.75 975.9
1089.62 5896.4
1090.62 3853.0
1091.69 839.0
1098.20 5.9
1099.67 34.6
1101.58 9.6
1103.64 93.4
1105.56 98.6
1106.50 155.8
1107.33 89.6
1108.28 26.7
1109.51 54.2
1110.52 14.7
1112.23 43.9
1113.96 20.6
1115.45 27.8
1116.69 30.0
1117.37 42.0
1118.51 11.0
1120.39 40.5
1122.90 17.7
1124.68 20.5
1125.47 14.0
1126.34 13.2
1127.49 38.9
1128.77 9.8
1131.60 10.7
1138.40 14.5
1140.34 36.1
1141.41 19.7
1143.55 17.9
1144.21 9.0
1148.67 40.9
1149.33 35.7
1151.34 33.0
1152.71 38.1
1154.68 37.6
1156.41 49.4
1157.63 49.7
1158.68 27.7
1160.75 25.7
1162.21 79.6
1166.55 30.0
1167.49 24.0
1168.85 24.9
1169.56 11.2
1172.78 503.4
1173.81 260.4
1174.63 134.3
1175.49 24.1
1176.62 7.9
1177.93 8.4
1183.51 42.7
1184.49 93.8
1185.63 121.3
1186.67 75.5
1187.70 28.5
1190.58 2335.4
1191.68 1545.2
1192.76 298.1
1197.95 5.8
1199.20 79.8
1200.80 79.3
1201.56 120.8
1202.51 99.7
1203.58 66.9
1204.82 32.3
1208.13 16.0
1211.64 13.1
1215.55 5.9
1216.78 9.3
1218.41 99.5
1219.57 269.4
1220.59 254.8
1221.45 56.6
1225.72 9.0
1226.73 20.6
1232.77 28.6
1234.76 44.2
1235.68 65.6
1237.60 262.5
1238.49 33.3
1239.58 32.2
1240.54 12.3
1241.49 7.8
1244.17 14.1
1248.83 12.7
1249.77 13.7
1252.65 30.6
1253.43 52.4
1254.70 23.8
1255.74 20.5
1260.46 7.6
1262.75 33.9
1263.57 7.3
1265.71 27.7
1268.54 15.0
1270.63 43.0
1271.57 39.0
1274.95 22.4
1276.54 5.4
1278.28 51.1
1280.71 50.2
1281.48 38.8
1282.77 39.8
1283.76 15.0
1284.79 6.2
1286.61 63.7
1287.84 171.7
1288.88 125.8
1289.88 25.2
1291.62 9.7
1295.77 5.6
1296.93 55.1
1297.96 97.7
1299.04 122.6
1299.77 81.4
1304.63 715.8
1305.70 717.6
1306.73 176.2
1307.87 39.7
1308.57 14.4
1311.54 24.7
1314.17 97.8
1314.95 95.4
1315.57 133.8
1316.59 104.4
1317.72 25.1
1321.05 12.8
1323.42 11.4
1325.71 24.8
1326.93 30.8
1327.99 30.3
1332.07 93.8
1332.69 186.4
1333.62 256.7
1334.62 53.3
1335.61 47.0
1343.64 92.3
1344.74 117.9
1345.73 195.2
1346.81 56.5
1347.66 14.1
1348.84 21.3
1349.64 27.8
1350.61 313.4
1351.82 59.5
1352.78 116.0
1353.76 8.0
1354.93 6.0
1356.35 6.8
1361.68 463.1
1362.76 595.7
1363.85 111.4
1364.76 82.7
1366.67 12.1
1371.68 16.8
1374.87 25.8
1376.59 17.4
1377.60 7.3
1391.82 49.0
1392.65 40.8
1393.74 23.3
1396.59 6.8
1399.49 14.2
1400.63 34.2
1401.79 46.8
1403.60 19.8
1409.98 19.7
1410.83 17.9
1411.72 40.2
1412.64 49.1
1414.32 14.5
1415.20 13.1
1418.14 33.0
1420.48 37.6
1424.71 13.8
1427.57 76.2
1428.78 245.6
1429.90 126.6
1430.88 57.3
1435.55 20.9
1440.56 12.0
1441.82 48.5
1442.85 21.4
1443.72 13.4
1445.63 580.6
1446.74 517.4
1447.70 190.3
1448.70 25.1
1449.64 6.9
1452.79 17.9
1456.62 9.3
1459.05 12.5
1460.53 57.4
1461.71 10.9
1462.66 33.5
1463.61 194.2
1464.64 182.5
1465.66 74.6
1469.63 25.6
1474.71 37.1
1476.23 9.9
1476.90 62.5
1477.86 52.6
1478.97 46.0
1479.73 26.6
1481.82 44.4
1482.56 6.8
1486.79 15.9
1487.83 61.1
1488.74 43.6
1491.88 8.7
1495.75 25.5
1589.68 10.3
