1185.65666 2
172.12 2.9
172.72 1.5
177.16 2.7
184.24 2.7
185.11 4.5
187.28 2.2
193.14 7.7
196.79 1.2
201.23 9.8
201.93 1.2
203.33 3.0
211.94 3.7
213.06 1.2
215.27 7.6
217.16 6.3
220.35 3.1
223.19 2.8
224.24 4.4
226.31 1.7
229.23 6.9
230.16 12.6
231.36 1.4
233.04 2.0
235.27 3.7
236.10 4.9
237.81 1.5
240.26 2.5
245.15 10.0
246.15 2.0
249.15 4.4
251.34 4.2
252.25 5.5
253.61 5.1
254.38 4.4
255.31 2.6
261.01 7.2
263.16 4.0
265.03 2.2
267.17 5.4
273.20 2.7
275.18 3.6
276.25 6.2
277.21 2.5
278.87 1.2
284.23 2.3
285.14 5.9
286.27 1.7
289.25 6.3
291.40 1.4
293.15 1.4
294.30 2.4
295.24 2.9
296.19 3.8
301.03 1.6
303.23 1.1
305.57 1.5
306.36 1.7
307.26 4.0
308.31 3.9
309.36 6.6
311.10 4.7
311.87 2.9
313.24 14.0
315.21 2.3
319.28 7.3
320.66 5.4
321.45 5.7
322.31 3.8
323.15 2.3
324.19 1.2
325.19 5.3
327.23 5.9
328.43 4.1
329.19 2.1
331.44 1.4
332.22 6.9
335.18 4.4
336.42 4.1
337.96 13.7
338.99 5.3
342.44 14.3
343.34 11.0
344.27 1.7
345.21 16.8
346.29 14.1
347.45 1.7
348.34 4.0
349.39 1.5
350.98 5.8
351.81 5.4
353.32 5.5
354.21 6.7
355.13 21.4
358.25 11.8
360.21 7.6
361.12 6.0
364.16 17.1
365.26 7.5
366.23 1.1
370.06 2.0
371.35 5.1
372.36 2.5
373.33 3.8
374.78 2.2
376.43 2.2
377.34 1.3
378.36 3.6
380.26 2.1
381.35 3.8
382.27 4.7
383.19 16.5
384.16 2.3
385.43 3.6
386.31 6.4
388.06 1.1
389.18 6.6
391.24 4.4
392.69 14.5
393.36 1.3
394.73 9.1
395.42 3.2
396.44 1.8
397.26 7.6
400.44 2.2
402.40 11.0
403.27 4.4
405.21 1.8
406.12 7.2
407.17 12.6
408.12 8.6
409.06 1.3
410.24 4.7
411.14 3.0
412.21 14.5
414.09 1.9
416.37 3.8
417.71 6.8
419.26 5.2
420.10 8.4
421.20 7.6
423.21 10.5
425.43 13.6
426.63 8.2
427.27 1.5
428.58 15.4
429.47 6.8
430.20 4.6
431.24 7.6
433.17 2.3
435.30 6.8
436.31 11.2
437.43 16.3
438.48 11.3
439.45 6.4
440.29 1.2
442.19 4.7
443.59 14.8
444.56 12.6
445.45 3.3
446.35 3.6
448.16 13.1
449.37 11.5
451.27 8.8
453.64 5.4
455.20 10.6
456.42 11.5
457.24 2.9
459.07 3.2
460.26 6.7
461.25 17.9
461.94 9.4
462.56 23.0
463.36 16.3
465.21 10.0
466.24 2.6
467.87 8.8
469.03 7.1
470.13 22.7
471.08 18.0
472.24 23.0
473.19 17.0
474.22 10.6
475.42 8.8
476.25 1.7
477.39 20.7
478.07 8.4
479.27 46.5
480.21 50.0
481.09 18.7
483.66 7.2
484.47 2.1
485.46 1.2
486.42 15.1
488.31 2.5
489.44 10.0
491.31 6.0
492.26 11.9
494.20 2.6
495.11 6.1
496.42 3.7
497.57 2.6
498.77 11.5
499.75 4.9
500.44 6.6
501.42 9.8
502.80 10.4
503.49 2.0
504.39 5.9
505.16 19.2
506.20 14.5
507.24 3.3
508.27 17.4
509.02 14.4
509.99 25.5
511.23 25.4
512.26 8.8
513.04 38.1
514.54 22.8
515.24 38.5
516.12 2.9
517.74 40.1
518.61 45.6
519.81 40.1
520.99 12.7
521.75 3.3
522.85 19.2
523.46 1.3
524.61 11.6
525.96 8.9
527.05 38.2
528.21 118.9
529.13 23.5
530.11 5.3
531.32 9.2
532.36 24.9
533.34 12.9
534.46 12.6
535.31 13.0
536.74 100.5
537.43 50.4
538.33 2.1
539.79 18.3
541.28 13.5
542.38 2.9
543.45 3.9
544.27 1.7
545.22 15.2
546.33 12.7
547.03 11.8
548.34 18.5
549.44 67.2
550.36 11.1
553.31 8.8
553.93 7.0
555.40 3.1
557.29 45.0
558.58 10.6
559.38 20.2
560.34 4.6
561.10 7.0
562.11 8.7
563.33 24.8
564.93 39.8
566.21 16.2
567.30 18.4
568.13 20.0
571.01 115.8
571.89 33.0
573.42 2.3
575.55 556.7
576.42 169.2
577.42 23.4
578.61 10.2
579.64 71.2
581.75 20.2
583.38 29.9
584.54 59.1
585.31 7.4
597.80 6.2
600.82 2.1
601.70 1.7
608.24 5.9
615.41 13.0
625.32 5.5
627.58 12.6
628.63 1.7
630.27 2.8
633.59 3.0
634.37 5.8
635.52 2.2
652.54 3.0
654.09 18.4
663.65 7.4
667.92 1.9
668.72 1.2
669.54 3.5
670.53 6.2
671.30 4.3
672.61 3.7
676.53 2.1
678.28 1.5
683.23 3.2
684.17 1.5
695.53 2.4
696.45 11.0
697.48 5.1
699.71 7.1
702.51 2.3
703.32 1.0
705.54 2.9
707.55 2.2
710.67 8.7
712.45 8.5
713.64 38.0
714.62 13.6
715.63 11.3
716.46 11.1
719.56 2.6
721.51 2.3
723.25 2.7
724.72 2.8
728.56 15.8
729.51 4.9
734.49 5.5
738.92 21.4
739.60 1.5
742.75 15.9
743.47 9.5
744.41 24.4
745.68 4.0
746.68 8.1
750.38 4.6
752.50 8.0
753.22 2.7
754.18 2.7
756.43 1.1
757.42 2.4
758.28 1.9
759.55 3.9
768.55 16.8
769.57 1.1
771.57 5.6
778.36 1.5
781.35 4.8
783.82 1.7
784.62 5.5
785.28 1.7
786.37 7.4
787.20 1.3
795.19 1.2
795.84 5.9
797.61 9.9
798.43 1.7
800.33 6.7
808.45 6.1
811.61 2.3
812.59 3.6
822.87 4.9
823.79 1.7
824.64 8.5
825.46 3.3
826.64 33.7
827.84 8.8
828.54 14.7
839.80 2.1
841.62 13.6
842.75 5.9
843.57 14.4
844.56 8.9
845.20 1.7
855.94 6.9
857.59 2.0
858.45 2.8
859.56 2.7
866.88 1.2
867.55 3.4
884.15 1.7
885.62 2.1
894.35 4.4
896.50 3.7
898.74 2.0
904.29 4.7
908.43 2.2
910.07 2.3
911.33 12.5
912.57 3.4
913.47 4.5
921.73 4.0
922.39 2.3
923.58 9.1
924.61 5.3
925.62 2.2
927.11 1.1
929.49 3.5
933.48 3.9
934.72 6.3
936.49 1.1
939.65 14.0
941.83 22.5
942.72 16.5
943.87 7.3
953.56 6.5
954.59 5.7
955.94 8.1
956.72 24.6
957.58 44.2
958.71 7.8
959.61 1.4
960.73 9.0
965.53 2.0
971.59 16.8
972.73 19.6
974.74 3.6
1003.48 3.4
1006.60 1.5
1010.81 4.7
1017.34 4.3
1018.57 3.7
1020.70 2.9
1022.50 4.7
1027.17 9.4
1028.58 6.4
1029.43 1.3
1035.55 2.2
1036.60 5.1
1037.29 3.6
1038.15 1.7
1052.69 4.3
1053.72 8.3
1054.61 23.3
1055.60 34.5
1056.62 7.7
1072.65 29.8
1073.82 16.8
1148.50 4.2
1198.19 3.4
