3742.85630000001 3
351.34 2.4
355.16 1.4
366.24 2.0
369.17 1.1
373.24 3.7
377.29 6.9
393.18 1.5
394.14 1.6
395.20 5.2
396.28 1.3
412.30 18.3
425.18 2.3
431.45 8.9
432.44 1.1
437.30 1.1
446.37 4.2
450.28 4.2
468.50 3.0
489.33 2.3
491.65 1.3
495.24 2.5
498.51 3.1
522.25 2.6
523.27 1.3
526.34 2.0
527.46 2.4
537.38 7.6
540.88 6.9
544.41 4.1
555.31 3.3
556.12 4.8
565.45 1.5
573.40 3.0
575.32 1.1
579.58 9.7
591.28 8.8
607.07 5.0
613.24 1.2
615.39 3.8
626.14 2.7
627.90 1.6
629.25 1.2
630.06 3.6
633.13 4.2
635.22 3.4
636.37 2.8
637.27 4.0
638.51 10.1
640.45 2.4
645.43 2.5
646.32 1.6
650.93 4.3
651.63 4.9
652.54 6.1
655.39 1.7
659.75 1.1
668.30 14.6
669.28 19.0
670.41 10.0
674.36 1.8
677.55 2.4
682.19 3.2
685.47 7.4
686.44 12.1
687.36 13.6
691.50 4.0
692.79 3.4
693.79 1.9
700.47 1.6
704.63 1.1
708.32 1.9
720.28 2.8
728.44 2.1
734.37 3.3
743.40 3.7
745.34 2.1
748.05 1.4
748.80 6.8
751.56 6.6
765.68 1.8
771.63 8.1
772.32 3.4
775.47 6.5
781.27 1.4
785.46 1.1
789.87 2.7
791.04 11.0
792.22 2.6
798.19 4.2
799.53 1.7
802.47 4.4
808.58 2.6
809.41 3.5
816.44 5.5
817.48 1.9
825.80 6.7
826.63 8.0
827.67 2.4
828.41 1.6
832.43 12.5
839.48 1.8
847.39 3.9
852.40 1.2
853.58 4.3
855.31 4.3
864.42 10.0
865.64 3.2
872.44 1.9
889.28 11.5
893.78 1.8
902.70 2.4
907.58 9.0
910.42 2.0
911.59 3.8
920.05 7.4
923.89 2.3
933.28 2.0
936.59 2.0
941.77 11.9
942.84 8.0
948.11 3.6
956.82 4.5
958.68 2.1
960.57 1.1
967.50 8.6
971.59 6.9
972.92 2.4
974.42 7.8
975.53 17.0
979.67 2.1
983.63 3.0
985.53 14.5
986.58 12.2
988.09 2.6
991.10 2.8
996.34 10.1
1001.63 24.0
1003.71 3.6
1007.50 1.6
1010.56 8.9
1015.20 5.1
1017.36 7.8
1019.57 12.1
1020.17 3.3
1022.26 2.5
1026.72 6.4
1027.78 2.4
1029.94 4.1
1030.79 12.0
1042.64 17.1
1044.89 3.7
1048.99 6.4
1051.40 3.7
1056.05 5.8
1057.68 6.7
1058.57 4.6
1065.17 1.6
1066.72 4.7
1071.10 17.0
1073.16 2.6
1074.62 3.6
1075.50 8.8
1081.45 3.4
1093.19 4.7
1093.91 26.2
1095.40 2.5
1096.13 4.6
1103.00 1.1
1104.25 24.3
1107.39 21.9
1108.09 10.5
1109.68 4.9
1110.81 6.1
1111.78 7.6
1113.84 58.8
1114.64 16.8
1119.91 2.0
1120.56 6.5
1121.61 6.3
1124.69 4.6
1127.35 2.2
1128.60 6.7
1132.64 7.5
1135.66 20.5
1137.21 18.2
1139.48 7.4
1142.15 21.5
1143.37 4.8
1145.63 13.9
1146.26 8.5
1147.05 3.5
1147.93 5.4
1148.90 10.5
1149.80 2.4
1151.43 54.2
1152.58 6.3
1154.12 7.6
1155.28 4.7
1158.04 12.1
1159.25 24.4
1160.76 3.3
1162.68 3.1
1167.04 4.1
1167.83 17.7
1169.77 24.3
1170.85 13.5
1173.13 8.1
1175.45 10.9
1176.35 7.2
1179.46 36.6
1180.19 11.8
1181.99 23.0
1184.66 25.7
1186.16 2.4
1189.37 14.4
1190.01 9.7
1192.57 11.3
1198.00 19.6
1198.71 30.1
1199.82 9.3
1201.54 7.0
1204.14 35.8
1204.93 48.6
1207.26 4.8
1208.81 19.9
1209.82 14.4
1210.52 24.2
1211.21 10.6
1212.10 1.2
1213.35 41.4
1214.33 20.2
1215.64 27.1
1217.27 4.4
1218.79 34.2
1219.64 27.5
1220.70 6.7
1221.93 37.1
1223.30 12.9
1224.76 44.7
1226.76 33.7
1227.70 80.9
1228.51 34.1
1230.67 186.2
1231.62 37.6
1232.44 13.1
1233.14 8.1
1253.92 8.3
1259.11 1.8
1262.05 5.5
1266.33 2.9
1268.86 2.1
1282.61 1.6
1284.73 5.3
1292.93 4.2
1304.84 5.1
1306.36 4.2
1309.84 13.8
1318.62 2.3
1328.42 2.6
1339.41 1.7
1341.97 1.9
1350.28 5.8
1352.00 7.7
1352.77 2.6
1358.01 10.7
1358.92 2.2
1359.87 5.4
1361.07 12.3
1361.86 16.2
1365.91 3.5
1369.41 5.4
1377.92 1.2
1381.14 2.3
1382.20 5.0
1391.34 1.9
1394.88 11.5
1401.99 8.8
1403.99 22.1
1406.79 2.6
1414.35 6.1
1416.45 2.4
1417.40 5.8
1422.16 3.2
1425.98 7.7
1429.58 6.1
1432.81 4.5
1434.19 3.0
1438.03 13.7
1441.66 5.9
1447.53 1.6
1450.44 13.6
1451.06 15.9
1459.21 33.8
1459.91 4.3
1460.63 2.1
1462.80 2.3
1469.17 1.6
1470.04 5.2
1476.26 13.7
1480.01 11.2
1487.92 8.0
1489.17 11.4
1491.43 8.3
1492.89 3.7
1494.51 5.6
1498.81 9.7
1499.60 7.2
1502.94 6.1
1506.80 11.4
1507.45 8.1
1515.06 16.8
1519.84 36.5
1520.74 25.6
1521.49 8.7
1523.90 1.9
1528.64 14.8
1529.63 39.9
1530.26 2.0
1530.89 2.9
1532.04 11.0
1532.71 3.8
1542.17 1.5
1546.21 3.3
1549.09 6.3
1552.87 6.4
1553.56 7.1
1555.17 1.9
1564.60 4.6
1571.22 7.0
1572.10 7.5
1575.29 3.8
1576.46 19.9
1577.12 11.2
1581.03 3.1
1591.96 2.4
1593.97 4.0
1598.49 6.8
1604.56 6.0
1606.84 2.3
1618.87 5.9
1619.67 3.6
1639.13 4.1
1647.35 10.8
1656.22 3.3
1659.19 6.6
1669.10 2.9
1672.82 3.9
1686.20 4.0
1691.59 10.9
1695.14 2.3
1703.25 5.1
1710.27 6.3
1715.08 2.6
1716.73 1.7
1720.26 1.1
1721.20 1.7
1726.48 1.9
1734.42 15.1
1735.25 24.6
1743.06 13.3
1759.59 9.2
1776.39 1.5
1784.60 4.3
1786.03 7.8
1804.30 3.1
1823.31 10.6
1828.05 2.0
1829.09 1.1
1888.27 4.4
1935.19 4.3
1950.73 3.4
1952.41 1.8
1963.31 1.9
