847.5042 2
120.29 1.6
123.17 15.4
125.09 7.0
126.40 4.0
127.23 4.2
128.10 1.9
129.19 21.0
130.21 18.3
131.06 2.7
133.19 7.5
136.08 115.1
137.08 3.0
139.23 13.4
140.27 10.8
143.20 54.4
144.33 4.6
145.10 1.5
147.19 19.9
147.88 3.2
150.13 1.6
153.00 1.5
155.14 110.6
156.11 8.7
157.11 6.9
159.04 35.5
161.18 7.0
162.34 3.8
163.33 2.4
165.11 153.9
166.24 7.1
167.30 4.2
168.15 10.5
169.20 5.4
171.12 2.8
172.08 7.2
174.53 12.1
175.26 71.2
176.28 2.2
179.19 3.8
181.19 10.3
182.12 290.6
183.20 24.7
184.22 6.5
185.23 6.6
186.20 1.2
191.08 8.4
191.73 4.5
193.19 2.4
195.10 1.5
197.28 3.2
198.16 21.0
199.33 10.8
200.28 2.0
201.23 2.6
202.18 3.0
203.18 4.6
205.22 1.1
206.94 2.9
208.11 3.5
209.09 42.3
210.12 11.1
211.20 8.8
212.16 3.8
212.94 8.9
216.23 13.1
220.63 6.5
222.05 13.9
223.37 11.0
224.27 1.9
225.07 3.5
226.17 92.4
227.16 6.0
228.18 5.3
230.20 5.3
231.04 5.5
232.29 3.9
233.63 8.0
234.56 10.4
235.22 11.8
236.20 3.0
237.27 6.2
238.34 2.0
239.19 9.5
240.24 35.8
241.23 27.0
242.05 3.5
243.41 9.7
247.57 6.4
248.53 9.4
250.40 2.7
252.42 2.5
253.39 10.3
254.19 248.0
255.37 13.6
255.98 8.3
257.13 47.7
261.59 33.0
262.29 4.8
263.09 7.0
264.74 20.6
266.61 17.3
267.47 10.1
268.88 27.1
270.20 41.6
271.09 124.0
272.25 32.9
273.16 5.8
275.49 12.7
276.32 14.5
277.81 35.7
280.00 2.1
281.25 48.6
284.20 186.8
284.90 54.1
287.54 2.8
288.15 9.6
289.10 64.5
289.81 1.2
291.15 8.5
292.26 10.6
293.30 427.1
293.91 101.4
295.52 11.3
297.42 481.8
299.36 31.5
300.37 1.8
302.22 19.6
303.37 16.5
304.29 196.7
304.93 23.9
306.45 1.8
307.17 13.2
308.28 24.4
310.20 20.8
311.37 250.0
312.33 1.3
315.04 5.1
316.76 18.4
318.40 87.8
319.93 3729.6
320.85 43.9
322.38 2.2
323.71 9.3
325.23 58.6
326.01 10.7
327.39 66.3
328.74 6.3
329.36 1.6
330.19 3.5
330.96 22.9
332.29 2.1
333.89 821.8
334.89 15.7
335.77 4.1
337.55 20.7
338.52 17.5
339.27 14.6
340.51 5.5
341.42 16.7
342.89 3598.7
343.89 6.1
344.98 53.3
346.87 16.4
348.29 2.1
349.49 2.7
350.39 21.2
351.30 63.5
352.35 3.7
353.42 14.9
354.44 14.3
355.19 2.4
356.35 10.8
357.35 18.1
359.00 25.5
360.28 1.5
362.37 10.3
363.28 15.7
364.32 2.0
365.27 33.9
367.01 132.2
368.29 130.6
369.12 6.4
370.44 30.8
371.48 19.2
372.34 9.9
373.30 8.1
374.32 15.0
375.37 15.9
376.28 2.1
377.49 20.8
378.69 55.1
379.38 81.4
380.32 47.3
381.40 6.3
382.40 115.4
383.25 25.2
384.12 10.5
385.05 27.6
386.06 36.5
388.11 10.1
389.11 56.0
389.81 13.4
390.66 1.4
391.27 6.0
392.10 7.7
393.38 201.1
394.25 17.8
395.19 54.5
396.43 812.7
397.43 58.0
398.17 12.1
399.01 5.1
400.05 62.1
401.89 2448.6
402.95 80.1
403.79 3.3
405.82 71.8
406.59 80.0
407.31 23.4
408.75 430.2
409.39 142.6
410.40 29.6
412.01 122.4
413.34 602.3
415.04 851.8
415.90 1133.1
417.37 30.4
418.32 11.6
424.26 1.2
425.81 2.7
431.36 4.5
432.27 3.9
433.19 2.4
435.25 265.9
436.34 40.7
439.60 8.0
440.94 8.9
443.53 3.0
445.37 4.8
446.28 3.2
448.24 3.0
449.77 6.7
452.35 2.8
453.16 1.7
455.51 5.2
457.23 5.6
458.87 8.1
460.46 8.0
462.52 3.3
465.26 11.2
466.86 5.4
467.70 8.2
469.73 2.9
470.37 15.9
471.21 1.0
474.13 6.8
478.61 4.1
480.27 8.9
481.33 1.6
482.39 87.7
483.47 23.5
484.39 2.1
485.08 10.0
486.31 8.8
487.52 1.2
489.02 13.8
491.91 18.0
493.34 17.6
494.22 5.1
495.19 6.8
496.20 32.4
497.27 16.4
498.58 16.5
499.53 1.8
502.44 3.7
503.08 1.4
504.45 5.5
505.50 26.6
506.50 12.6
508.46 21.6
510.45 46.8
511.47 18.8
512.82 16.4
513.66 1.9
514.69 10.9
516.26 6.1
517.41 39.2
518.16 9.9
519.51 11.6
520.21 3.9
522.29 47.9
523.36 8.0
524.50 64.6
525.34 16.3
526.69 15.4
528.31 65.7
529.55 14.8
530.56 5.6
532.31 3.5
535.04 14.2
536.17 76.9
537.70 14.8
538.47 24.4
539.46 14.9
540.48 12.1
541.84 7.2
542.48 15.3
543.49 4.4
545.61 5.0
546.30 16.1
547.93 6.0
548.85 3.3
549.54 8.7
550.26 3.6
551.56 12.8
552.68 6.9
553.45 1.5
555.21 5.5
556.18 18.1
556.84 1.4
558.37 17.9
559.33 29.0
560.46 5.6
561.60 7.2
562.46 10.5
563.79 14.9
567.36 71.1
568.60 7.9
569.79 10.0
571.16 1.4
573.32 13.0
574.09 2.6
577.36 290.2
578.48 28.4
579.86 16.6
580.63 3.0
582.49 4.1
584.40 4.0
585.42 10.7
586.40 11.2
587.48 6.9
588.42 3.2
589.22 6.1
590.32 9.3
591.43 118.8
592.56 26.5
593.37 59.8
594.63 26.4
595.51 103.1
599.41 8.9
603.52 15.0
604.51 40.9
605.45 15.5
606.43 3.2
607.58 47.9
608.56 5.3
610.16 1.6
611.27 8.9
612.60 5.0
613.39 3.1
614.66 2.9
617.07 10.3
618.50 22.9
619.38 3.2
620.45 9.9
621.50 226.4
622.44 82.6
623.28 5.5
624.55 5.2
625.48 4.2
628.42 1.2
629.18 1.9
630.50 9.3
632.43 4.5
633.55 2.3
635.50 187.3
636.46 50.2
638.49 26.9
639.46 31.4
640.69 6.3
643.16 1.7
644.22 5.3
645.54 1.7
646.45 13.8
647.47 4.8
648.42 11.6
649.49 20.6
650.62 5.1
652.57 8.5
653.51 6.1
656.49 32.7
657.61 6.8
659.57 8.2
660.57 4.9
666.41 147.6
667.48 45.5
670.37 1.1
671.33 1.9
672.27 2.6
673.37 7.8
674.46 79.4
675.49 20.8
676.21 1.1
678.57 3.8
680.31 2.9
682.09 4.6
683.57 4.1
684.51 43.9
685.47 22.2
687.46 5.5
688.39 27.6
691.44 596.0
692.47 478.9
693.62 5.0
694.49 4.0
698.24 3.4
701.63 14.1
702.54 15.8
703.64 5.5
705.49 235.0
706.59 76.1
707.62 5.1
710.41 12.2
711.39 8.8
713.53 1.5
714.46 4.2
716.43 40.3
717.49 3.0
718.66 3.5
719.48 9.6
721.79 2.5
724.48 4.6
726.42 1.5
729.47 6.9
730.83 5.3
732.42 1.8
733.51 13.7
734.22 3.5
735.33 2.8
736.58 2.0
741.19 5.0
756.60 4.6
763.33 1.8
766.69 5.7
773.77 1.2
780.39 1.7
781.43 2.7
784.56 1.2
785.39 11.9
790.48 5.7
802.43 114.4
803.48 13.3
807.31 42.0
808.46 8.3
809.50 7.6
824.51 43.4
825.46 14.1
826.44 7.6
827.79 2.9
854.80 1.7
