1775.91826 2
252.36 3.7
253.30 1.8
254.35 2.9
261.19 2.4
262.20 2.0
266.19 10.0
267.44 4.8
268.76 1.1
270.49 1.2
272.50 3.2
278.14 7.0
280.12 2.8
283.26 11.9
284.32 18.2
285.35 1.3
288.38 2.7
290.28 21.4
291.21 1.6
295.51 5.3
297.24 3.7
298.45 1.1
301.19 314.1
302.23 37.4
303.15 6.9
306.29 3.5
307.25 4.0
308.34 7.1
310.26 21.8
311.24 9.7
312.51 3.3
313.20 2.6
314.38 2.8
317.09 4.5
319.39 2.8
320.12 4.9
321.46 2.7
322.33 5.9
323.07 1.3
325.36 1.2
329.45 1.2
330.36 4.0
331.29 8.2
332.18 2.0
335.10 6.1
336.09 1.4
337.20 13.5
338.35 2.4
340.44 4.0
342.34 2.0
343.15 1.5
347.32 7.8
349.44 1.3
350.52 4.7
351.18 3.6
352.23 1.9
353.21 20.6
355.35 2.4
356.37 6.2
359.27 15.7
362.24 1.3
363.25 7.9
364.48 4.7
366.47 5.0
367.38 5.5
370.24 3.6
372.43 9.4
373.27 1.8
374.24 1.1
377.23 4.9
378.44 2.0
379.37 27.0
380.34 3.5
381.12 12.9
382.30 11.7
383.02 6.3
384.21 4.6
385.56 4.9
386.29 2.4
388.44 2.9
390.33 2.7
391.34 3.4
394.14 1.2
396.31 87.6
397.35 32.2
399.16 5.0
400.37 49.5
402.10 12.0
403.30 12.9
405.52 3.9
406.38 1.1
410.29 1.4
411.11 5.8
412.36 2.0
413.63 7.2
414.33 9.6
415.32 7.4
417.16 8.5
418.40 9.3
419.30 2.6
420.84 4.2
422.14 5.9
423.38 5.7
424.40 132.5
425.28 14.0
426.37 3.9
429.16 7.8
430.52 7.7
433.95 5.6
435.36 4.4
436.27 8.7
437.46 6.2
438.40 3.1
439.43 1.6
440.29 7.3
442.30 1.6
443.42 3.6
446.42 2.3
447.25 8.6
448.53 18.1
449.67 9.8
451.39 5.9
452.36 4.3
454.43 9.7
455.37 7.2
456.56 14.2
457.35 34.0
458.53 8.9
459.37 4.0
462.47 7.1
464.27 139.1
465.28 33.3
466.31 27.4
467.43 2.4
468.50 26.5
470.33 1.3
472.15 1.7
473.88 11.1
475.22 9.4
476.19 9.2
477.02 3.1
478.42 1.3
480.38 2.1
483.43 6.4
484.34 2.2
486.74 13.7
487.43 20.0
488.33 3.9
490.62 15.5
492.34 34.3
494.27 27.2
495.44 4.0
497.39 5.7
498.38 9.4
499.97 17.8
501.03 11.3
501.64 1.2
502.43 10.7
504.56 13.2
505.46 12.5
506.15 1.8
509.35 103.6
510.57 23.5
511.72 15.9
512.39 73.9
513.31 5.2
515.11 14.0
515.97 12.5
517.39 27.0
518.46 14.9
519.31 4.3
520.79 16.8
521.54 1.5
522.62 1.3
524.52 7.3
525.32 4.4
526.35 4.0
527.35 3.5
528.23 3.5
529.31 14.4
531.12 7.8
531.77 8.8
533.29 30.2
534.37 32.0
535.44 111.2
536.36 16.6
537.38 242.8
538.47 72.6
539.45 3.6
540.09 8.1
542.17 2.3
543.27 12.6
544.16 16.6
545.34 60.1
546.47 41.1
547.48 11.8
548.47 10.4
551.02 4.4
551.97 3.4
553.21 7.7
554.54 16.0
555.50 50.8
556.43 75.4
557.69 6.4
558.48 2.6
560.09 6.8
561.00 32.5
562.06 9.6
563.34 250.8
564.41 30.0
565.68 8.2
566.78 1.7
567.56 13.2
568.62 18.6
569.88 249.8
570.52 144.0
571.85 1.3
572.71 5.4
573.42 1.6
574.47 32.8
575.27 24.8
576.34 7.8
577.13 2.6
578.87 36.2
579.71 3.0
581.39 33.5
582.26 5.1
583.14 23.8
584.32 16.6
585.26 17.6
586.54 10.8
587.37 14.4
588.34 10.1
588.94 7.5
589.76 5.4
590.62 53.4
591.68 55.8
592.57 3.0
594.58 5.8
595.94 12.3
596.61 12.9
597.56 60.0
598.60 51.7
599.61 28.1
600.42 1.3
602.35 16.0
603.39 5.0
604.65 107.1
605.38 21.7
606.49 99.4
607.51 26.6
608.41 4.5
609.49 3.1
611.15 47.9
611.76 2.1
613.53 335.2
614.90 24.7
616.21 32.9
619.01 12.8
620.36 38.8
621.55 28.2
622.54 53.7
624.14 70.0
624.95 72.1
625.91 45.9
626.57 22.8
627.75 18.1
628.90 29.8
630.46 19.1
632.68 80.3
633.76 85.3
634.74 49.3
635.65 21.5
636.44 2.0
637.35 6.1
638.75 119.3
639.56 91.7
640.54 24.2
641.82 86.9
642.63 113.4
643.60 48.1
644.41 1.1
645.70 4.5
646.35 5.4
647.92 455.9
648.57 231.4
649.36 9.4
650.43 27.8
651.48 20.3
652.38 6.8
653.70 15.0
655.73 15.4
657.06 497.4
658.25 14.3
659.26 1.3
660.76 22.3
661.63 4.7
663.79 12.8
665.04 13.1
666.18 16.2
667.84 25.6
668.57 26.3
669.26 13.6
670.17 5.0
671.31 28.8
672.60 27.5
673.67 8.0
674.63 3.5
676.16 12.7
677.26 23.3
677.93 17.9
679.26 9.2
680.31 19.7
681.78 5.4
682.51 13.8
683.37 12.0
684.60 12.4
685.46 4.4
686.39 31.4
687.08 35.0
688.46 22.5
689.49 23.9
690.53 4.1
691.54 54.7
692.42 28.3
693.40 13.3
694.48 61.6
695.27 20.9
696.46 13.8
697.40 6.3
698.37 23.4
699.26 7.2
700.32 29.6
701.72 74.7
702.48 35.5
703.28 25.8
704.48 22.5
705.29 25.1
706.73 100.5
707.35 75.0
708.30 30.4
709.49 189.7
710.20 50.2
711.24 39.0
712.26 16.3
713.06 13.9
713.76 3.1
714.59 48.8
715.46 493.2
716.11 312.9
717.41 70.8
718.55 26.3
719.39 137.5
720.64 247.8
721.57 170.2
722.43 61.9
723.55 279.0
724.64 1479.9
725.97 5.7
726.84 5.1
728.03 13.9
729.63 2159.7
730.64 31.2
731.82 1.1
733.45 24.8
734.41 3.9
735.74 37.4
737.41 353.8
738.72 3155.1
739.55 1542.6
740.51 423.1
741.46 10.2
742.94 6.5
744.14 5.7
744.91 12.5
747.48 9.4
748.58 3.8
749.59 6.9
751.15 13.7
751.91 10.5
753.25 7.7
755.26 30.6
756.34 33.8
757.42 26.5
758.40 38.0
759.53 9.3
760.30 2.3
761.67 25.7
762.98 11.9
764.34 32.2
765.51 25.5
766.37 86.0
767.00 32.1
767.61 19.7
768.72 8.7
769.49 8.8
770.98 9.7
771.88 19.6
773.03 14.7
773.94 31.3
775.20 96.9
776.64 33.6
777.86 94.9
778.56 36.4
779.43 31.6
780.61 23.7
781.58 3.8
783.06 14.8
784.28 70.1
785.19 27.0
786.31 19.4
786.96 150.5
787.60 82.5
788.50 1.9
790.32 11.3
791.52 4.1
793.34 208.7
794.42 186.3
795.61 61.3
796.63 6.6
797.50 19.2
798.20 13.3
799.24 5.7
800.06 4.8
800.77 22.5
801.95 46.6
802.68 17.6
804.24 1.8
806.67 305.1
807.85 45.9
808.56 54.1
809.59 40.9
810.73 16.3
811.42 6.0
812.24 19.6
813.33 42.1
814.43 7.2
815.76 1243.4
816.95 15.4
817.93 25.0
818.66 4.4
819.62 4.7
820.50 14.2
822.12 37.1
823.04 46.9
823.86 13.2
824.49 143.1
825.10 109.2
826.49 111.8
827.56 63.9
828.57 112.4
829.49 34.0
830.49 10.3
831.49 15.8
832.86 9.4
833.62 66.5
834.53 59.6
835.79 60.6
836.81 57.0
837.85 18.8
838.97 9.4
840.26 20.7
841.14 2.2
842.45 19.2
843.73 46.0
844.34 50.7
845.26 142.0
846.47 139.5
847.38 48.1
848.03 31.7
848.76 67.2
849.69 47.9
850.48 12.1
851.38 10.3
852.62 54.4
853.45 27.1
854.99 16.8
855.79 89.5
857.17 119.8
858.10 52.4
858.73 6.7
859.58 11.4
861.51 83.0
862.36 120.1
863.49 1064.6
864.46 401.8
865.27 140.0
866.30 353.1
867.51 29.3
868.40 21.6
870.03 88.3
870.84 1153.5
871.62 285.5
872.53 19.4
873.67 102.1
874.59 6.0
875.36 9.4
876.93 14.2
877.63 24.5
878.99 9.7
880.27 14.8
891.71 5.2
893.61 9.8
895.15 40.1
895.76 40.1
896.49 40.7
897.17 13.3
901.82 4.9
902.73 7.0
903.47 4.7
904.27 3.9
906.22 5.7
909.27 9.2
910.46 5.6
911.46 39.8
912.70 30.2
913.57 292.0
914.48 90.8
915.52 7.8
918.21 1.5
919.23 4.7
920.49 15.6
921.51 34.7
922.52 16.8
923.90 8.2
925.80 4.1
929.86 28.0
930.59 99.3
931.53 32.1
932.51 18.7
933.63 15.8
934.43 3.7
939.43 59.8
940.40 36.5
942.03 6.8
942.85 8.6
945.81 1.1
946.62 4.2
947.40 10.1
950.56 53.6
951.69 18.2
952.66 12.2
954.32 10.7
956.62 3.5
958.20 4.4
964.67 41.1
965.43 9.0
966.51 10.9
967.26 4.6
968.87 11.0
969.59 1.2
970.48 5.6
972.39 7.7
973.74 4.4
978.87 5.8
979.79 7.5
980.53 1.5
982.53 128.6
983.74 36.9
984.65 20.5
985.61 11.8
988.65 5.7
989.47 5.5
990.78 5.0
992.69 6.7
995.14 7.4
998.73 24.6
999.45 10.4
1001.45 31.4
1002.39 33.8
1003.51 10.1
1004.39 4.3
1006.19 9.6
1007.03 7.9
1007.87 6.5
1008.71 11.6
1011.49 8.9
1012.59 3.3
1015.66 5.4
1016.61 8.0
1017.27 23.0
1017.89 6.0
1019.54 246.3
1020.50 185.8
1021.52 63.5
1022.54 3.0
1024.16 24.1
1024.94 1.9
1025.57 7.6
1026.42 3.1
1028.69 3.0
1029.56 7.0
1030.54 7.8
1031.86 2.7
1034.60 10.9
1035.53 16.7
1037.48 968.9
1038.58 459.6
1039.43 9.7
1040.45 4.9
1041.92 9.7
1043.58 2.7
1048.57 4.8
1049.66 13.9
1050.57 5.5
1052.55 50.6
1053.57 13.5
1054.33 11.2
1055.77 7.3
1056.62 10.5
1058.41 7.4
1059.77 2.3
1062.79 7.0
1065.18 15.9
1065.93 2.8
1067.08 13.1
1067.74 24.0
1068.82 10.4
1069.72 14.6
1071.35 12.8
1073.79 14.7
1074.62 14.6
1075.90 2.0
1077.67 4.2
1081.26 4.0
1085.17 19.7
1085.77 19.8
1086.51 22.2
1087.68 7.5
1088.79 6.8
1093.52 34.2
1094.48 13.5
1097.17 3.4
1099.55 6.9
1100.63 3.2
1103.47 3.6
1104.52 5.9
1107.04 11.9
1108.99 8.5
1110.61 6.4
1111.74 11.9
1112.45 3.2
1116.49 12.9
1117.61 8.6
1118.52 4.0
1120.66 9.8
1121.64 22.5
1122.89 10.8
1123.68 2.7
1124.67 10.3
1128.23 5.4
1130.33 5.0
1132.27 3.1
1134.51 28.6
1135.55 26.9
1136.61 4.8
1138.68 190.0
1139.76 77.5
1141.57 9.5
1142.42 2.6
1143.05 4.8
1143.67 3.0
1144.37 2.9
1149.76 4.8
1150.70 6.8
1152.58 138.1
1153.74 45.8
1155.72 6.1
1156.67 4.2
1157.57 14.8
1158.19 1.1
1159.97 2.7
1160.78 1.2
1162.64 4.0
1163.81 6.4
1164.73 1.1
1166.40 1.7
1167.66 11.5
1172.19 3.0
1174.71 3.6
1175.87 2.9
1176.56 6.1
1177.79 4.2
1178.93 12.5
1180.31 20.7
1182.25 8.0
1183.13 8.8
1184.88 5.5
1189.09 4.9
1189.75 1.7
1190.63 2.4
1191.75 2.1
1193.95 34.3
1194.83 5.0
1196.47 4.0
1197.67 5.4
1199.18 5.6
1200.64 10.2
1201.61 11.5
1202.93 20.3
1203.95 11.2
1204.67 4.5
1206.35 12.5
1207.00 8.8
1207.74 63.9
1208.81 33.4
1209.54 4.5
1211.51 3.0
1212.67 19.7
1213.77 4.5
1215.83 2.5
1216.75 9.2
1220.44 40.4
1221.67 73.4
1222.60 61.9
1223.70 8.3
1225.79 42.9
1226.90 18.6
1230.59 100.1
1231.68 46.9
1233.86 1.3
1235.25 10.5
1239.56 244.1
1240.55 103.4
1241.56 5.8
1243.67 1.8
1244.68 8.5
1246.96 2.5
1247.59 3.3
1248.69 244.5
1249.75 138.3
1250.55 24.6
1253.94 4.1
1254.73 1.7
1256.13 1.8
1257.61 5.0
1259.97 5.0
1263.22 2.5
1264.35 4.8
1266.15 6.5
1267.05 6.2
1267.74 13.6
1268.91 1.2
1271.88 2.9
1272.72 3.3
1276.58 46.4
1277.82 33.0
1278.72 5.9
1279.69 3.0
1280.36 1.7
1283.86 16.7
1284.63 10.7
1285.61 10.2
1287.74 2.1
1289.03 2.8
1291.76 4.1
1293.04 2.1
1294.78 96.1
1295.68 47.1
1301.47 10.8
1302.86 10.3
1305.00 6.6
1308.67 15.1
1309.69 9.4
1310.75 10.5
1312.78 58.4
1313.80 28.4
1315.65 1.3
1317.47 6.5
1318.54 7.3
1319.56 36.4
1320.73 34.8
1322.01 1.8
1328.16 1.7
1328.86 3.6
1329.71 2.6
1330.61 3.0
1335.54 40.4
1336.74 4.4
1337.75 2.6
1340.62 3.3
1341.80 5.5
1343.70 3.3
1344.45 3.3
1347.55 5.0
1352.70 177.4
1353.73 103.9
1355.41 6.4
1356.86 3.1
1360.77 5.5
1361.61 2.1
1367.18 5.8
1368.78 3.9
1372.72 5.0
1377.71 2.8
1378.50 3.6
1379.78 1.5
1382.69 3.6
1384.49 7.0
1385.59 4.2
1386.46 3.4
1391.93 1.4
1394.82 13.4
1395.52 9.1
1396.59 3.8
1401.97 3.3
1402.76 19.4
1403.83 23.6
1407.35 6.1
1412.83 38.6
1413.89 40.0
1415.71 3.5
1419.17 2.1
1420.97 3.6
1421.97 9.0
1422.84 2.9
1427.61 2.9
1429.06 3.0
1430.66 121.7
1431.85 70.4
1433.65 4.3
1434.89 2.3
1438.48 1.7
1439.80 28.3
1440.86 5.9
1444.78 5.3
1445.92 22.8
1446.61 12.9
1447.80 48.4
1448.85 36.7
1451.71 16.2
1452.35 12.7
1452.96 8.0
1457.76 223.1
1458.94 148.5
1473.85 4.5
1475.81 474.7
1476.87 311.8
1477.69 2.0
1479.70 3.9
1485.76 1.5
1487.09 7.8
1487.90 4.0
1490.74 10.6
1493.52 2.2
1500.59 4.4
1501.86 6.3
1502.86 5.2
1507.08 3.9
1508.67 1.4
1513.09 7.6
1513.92 11.6
1514.97 4.7
1519.09 10.4
1524.05 1.5
1531.05 79.3
1531.94 85.8
1532.85 18.3
1545.00 3.7
1548.80 463.9
1549.84 305.1
1566.75 4.6
1572.27 1.8
1582.63 7.2
1584.92 8.3
1585.65 9.9
1594.64 1.5
1600.52 5.1
1601.86 16.5
1602.98 12.5
1611.79 4.3
1619.85 35.3
1620.95 28.4
1629.95 13.3
1631.03 12.0
1642.78 4.1
1645.23 3.6
1724.14 1.2
