1792.80095 2
254.96 1.6
262.23 2.8
268.04 1.6
273.16 2.3
281.98 2.1
290.34 1.2
298.30 1.7
300.20 1.7
306.27 5.6
326.15 2.0
327.41 2.7
332.13 2.3
333.07 3.3
337.23 1.5
347.28 1.5
348.17 1.9
351.56 1.1
354.40 3.8
355.33 3.4
360.86 3.4
362.43 18.9
364.19 2.3
367.23 10.5
368.29 3.6
372.22 21.8
380.03 3.7
384.61 3.2
385.37 2.5
388.43 4.0
390.20 40.7
394.46 7.4
395.27 5.7
398.31 4.1
399.35 2.4
407.24 4.1
413.39 2.2
418.06 4.9
422.19 3.6
423.08 1.4
424.32 3.6
429.15 9.7
430.21 4.2
446.20 8.1
447.33 75.1
448.74 2.2
454.32 2.0
462.16 1.4
463.36 1.8
468.26 2.2
472.28 2.7
475.40 6.4
477.36 3.9
483.36 3.0
486.13 3.2
493.17 4.9
495.38 1.6
497.33 4.2
501.42 2.5
503.21 25.4
504.62 1.5
505.73 1.5
511.68 2.6
513.01 2.6
514.31 8.7
523.37 2.8
530.32 3.0
535.55 1.2
536.49 1.4
542.77 7.2
546.43 5.2
547.36 1.4
549.42 7.1
552.51 4.8
554.42 5.9
556.12 3.4
560.32 6.3
563.59 1.7
564.29 1.5
570.35 2.9
571.34 1.3
572.60 1.2
573.94 12.4
574.71 6.4
579.51 1.5
580.23 2.3
583.17 2.9
587.53 4.0
597.84 3.6
598.74 5.1
599.37 2.6
601.29 2.0
602.49 21.4
607.23 2.6
608.27 2.0
610.50 4.3
611.39 8.3
615.45 2.7
616.33 3.7
617.31 6.9
622.34 3.7
623.86 2.7
627.73 1.2
628.39 1.2
630.51 2.6
631.98 4.3
633.31 42.6
634.19 1.5
636.46 2.3
637.31 1.5
640.47 3.5
641.44 1.1
645.47 2.1
646.35 11.8
647.61 6.0
650.41 2.6
651.78 2.0
654.71 1.4
656.45 10.1
659.42 30.6
660.56 4.9
663.12 3.8
668.52 1.7
669.49 2.9
671.13 2.8
672.37 12.0
673.61 2.4
674.41 3.5
679.52 2.7
682.47 5.2
683.71 7.6
685.92 11.3
688.60 7.9
689.66 10.7
690.48 81.8
691.52 4.5
693.43 18.1
697.21 1.2
698.73 5.3
699.97 1.7
700.59 3.2
701.97 12.4
708.61 3.8
712.37 6.7
713.49 4.9
714.58 3.4
716.48 29.2
719.33 2.9
722.30 2.3
725.19 1.4
726.00 5.3
726.80 4.6
727.48 1.4
729.33 1.5
730.39 2.5
731.26 4.6
733.54 1.8
734.38 11.2
735.14 4.4
738.33 2.0
739.34 13.2
740.82 4.5
741.47 2.8
744.39 6.6
745.26 3.9
747.47 7.2
748.70 8.4
749.63 3.5
750.36 2.5
754.11 3.2
756.46 9.7
757.10 3.4
759.57 41.5
760.57 12.0
763.51 5.3
764.42 1.9
766.65 3.1
767.36 5.4
769.19 2.9
770.99 4.5
772.21 36.1
774.55 3.0
776.84 17.1
777.52 184.1
779.93 7.9
781.31 16.6
783.47 13.0
784.48 5.1
786.58 8.6
789.33 6.0
790.59 16.0
791.55 1.9
800.22 6.2
801.48 1.9
803.66 5.5
804.47 4.7
805.45 3.5
808.57 5.2
809.75 6.8
811.30 8.2
812.83 9.7
813.57 5.9
814.74 4.5
815.82 2.8
816.48 5.9
821.22 13.0
822.59 2.6
824.05 15.4
825.55 9.6
827.29 5.7
829.57 7.6
830.36 6.2
831.23 15.5
834.59 1.4
836.05 13.5
838.57 13.1
840.61 9.0
841.70 2.9
843.12 7.9
844.99 5.6
846.68 20.0
848.23 13.0
850.36 11.8
851.75 26.2
852.54 17.5
853.41 8.5
857.30 21.4
859.40 10.3
861.47 1.3
863.37 1.9
864.74 2.9
866.23 2.8
866.89 10.4
868.61 17.6
869.52 9.0
872.34 13.2
873.79 11.9
874.65 13.4
876.21 13.4
878.75 137.9
879.53 84.7
880.90 36.8
882.80 7.2
883.53 4.7
885.22 1.5
897.14 1.1
903.09 41.7
903.79 4.0
904.41 1.4
920.92 11.5
923.57 1.7
943.22 2.4
947.40 2.0
951.16 5.6
956.86 3.2
964.38 5.6
966.07 6.8
974.83 3.3
980.35 2.9
984.55 1.6
985.72 2.5
986.82 2.9
988.33 3.8
989.54 8.6
990.85 2.1
991.85 1.6
997.48 2.3
998.48 17.8
999.62 2.6
1001.50 2.0
1003.50 23.8
1007.79 1.6
1011.88 4.2
1012.55 7.3
1016.33 145.0
1017.17 2.2
1020.03 2.6
1021.20 2.3
1024.05 2.4
1025.88 3.4
1029.73 3.0
1031.95 1.6
1033.33 5.2
1034.53 4.4
1036.70 7.9
1037.53 2.9
1045.86 4.6
1048.48 1.2
1050.42 9.8
1060.75 19.3
1063.61 1.1
1068.42 7.5
1071.49 4.7
1082.13 16.8
1085.37 16.5
1087.54 6.6
1089.43 2.1
1090.83 3.2
1094.61 10.4
1095.21 1.9
1101.41 12.8
1102.37 2.5
1103.39 36.2
1106.98 17.1
1108.62 6.2
1112.11 1.5
1119.22 1.1
1119.99 6.4
1123.12 9.8
1124.70 22.6
1125.42 5.9
1128.10 7.4
1136.09 7.4
1137.05 9.4
1137.82 2.0
1140.10 2.9
1142.16 24.0
1143.50 2.1
1144.96 14.1
1145.71 19.4
1151.01 59.4
1151.84 2.5
1156.38 9.3
1157.04 43.1
1157.64 7.5
1159.80 7.3
1161.90 4.8
1168.24 4.6
1180.40 6.8
1186.70 4.0
1194.46 4.6
1202.84 1.3
1203.63 3.2
1206.80 2.4
1213.22 7.8
1214.16 11.6
1219.65 14.4
1224.00 4.4
1226.06 2.3
1234.26 2.7
1241.35 4.0
1257.71 1.4
1259.59 1.4
1261.83 3.7
1265.69 7.6
1266.88 7.6
1267.58 9.2
1271.88 3.5
1272.60 2.3
1275.09 6.7
1276.42 5.6
1277.72 2.5
1282.54 4.0
1283.73 2.9
1287.14 2.5
1288.65 1.8
1293.63 1.5
1298.77 1.5
1314.12 1.7
1318.31 7.8
1326.87 1.7
1328.92 10.6
1336.63 1.6
1340.86 1.1
1345.81 3.3
1346.51 84.1
1349.32 2.2
1353.40 6.7
1357.78 2.6
1364.93 5.3
1385.60 2.1
1389.43 5.9
1403.61 9.3
1406.81 1.2
1423.07 2.8
1464.11 1.6
1472.51 9.5
1475.75 2.8
1499.87 1.9
1500.82 3.4
1517.79 5.3
1528.11 2.4
1571.49 4.2
1590.54 1.7
1600.87 1.4
1615.19 3.2
1618.75 9.5
1619.93 9.9
1644.80 3.6
1663.80 1.4
1737.12 2.6
