658.48705 2
94.22 1.4
96.04 8.4
98.93 106.5
99.75 2.1
100.40 1.6
102.25 2.2
106.16 1.2
108.17 3.1
109.05 1.5
110.25 8.4
111.13 2.2
112.18 24.2
114.15 4.8
115.19 2.9
116.63 2.7
119.23 2.3
124.27 6.2
125.25 4.1
126.37 3.8
128.24 5.6
129.24 70.8
130.12 348.0
131.18 31.4
133.01 3.3
136.05 4.0
138.17 43.4
139.13 15.3
140.21 10.4
141.20 11.7
143.15 10.4
144.07 2.9
145.39 6.7
147.25 3.5
151.29 2.7
152.19 5.0
155.16 81.8
156.17 13.8
157.31 38.3
158.18 6.9
159.10 3.4
160.24 1.9
167.00 9.8
168.25 1.0
169.04 2.7
170.45 10.5
171.40 3.2
172.26 9.7
172.88 1.6
175.15 1202.8
176.15 56.5
177.05 142.0
178.00 2.5
179.20 2.1
181.32 6.5
182.10 4.5
185.15 198.5
186.18 8.4
187.19 60.0
188.12 3.9
189.14 1.3
190.26 2.1
193.19 11.4
195.69 12.5
197.19 60.1
198.29 5.3
199.23 24.4
200.37 1.4
201.21 11.6
203.50 5.1
204.20 3.7
205.09 3.3
207.42 6.8
208.13 24.2
209.22 5.1
210.09 3.5
213.31 6.7
214.21 22.8
215.23 28.3
216.27 9.1
217.19 22.1
218.16 1.9
220.25 2.5
221.29 1.8
223.23 23.2
225.11 78.9
226.15 8.5
227.20 38.0
228.07 3.2
228.86 50.5
231.17 25.6
232.16 56.3
233.05 14.9
235.09 24.7
235.98 1.7
236.92 1.5
239.05 10.2
240.09 2.7
241.17 88.4
242.08 52.6
243.31 12.1
244.18 2.8
246.97 10.5
247.87 7.5
249.13 1.7
250.93 949.7
251.92 47.8
253.16 3588.8
254.20 343.3
255.07 19.0
256.15 29.4
256.83 3.3
258.34 39.1
260.86 3.1
262.31 63.7
263.44 8.3
264.43 101.2
265.38 2.9
266.28 7.3
267.26 1.4
268.37 14.9
269.20 18.7
270.13 57.4
271.54 15.6
273.34 2193.8
274.18 19.1
276.23 319.6
276.98 93.0
278.44 42.2
279.60 16.6
280.43 2.6
281.50 15.3
282.25 3.1
283.46 22.1
284.93 142.3
286.02 26.9
287.36 25.4
288.71 88.9
289.88 88.8
290.97 1.6
291.74 2.6
292.61 5.1
293.26 15.1
294.44 62.3
296.47 15.5
298.57 512.0
299.32 97.4
300.35 20.7
301.57 36.3
303.38 4.8
307.00 299.2
307.91 2076.4
309.00 23.1
310.26 185.8
311.31 130.9
312.35 344.3
313.46 64.0
314.22 8.0
314.95 71.6
316.86 8.6
317.53 51.3
318.53 8.6
320.75 759.0
321.44 168.9
323.05 36.2
323.76 1.1
335.53 7.0
336.44 12.0
337.52 6.7
338.26 2.4
339.14 4.2
342.32 3.1
343.32 9.4
345.30 140.4
346.30 17.9
347.69 14.2
351.25 5.0
352.15 4.9
353.39 18.7
354.33 141.9
355.29 215.8
356.35 12.4
358.78 2.2
362.24 1.3
363.16 32.0
364.08 23.2
365.03 4.4
366.43 35.9
368.34 1.3
369.11 1.1
370.69 46.3
371.36 129.7
372.55 25.7
375.15 1.7
377.38 16.5
378.22 1.3
379.61 17.4
381.35 55.9
383.27 116.9
384.36 26.2
385.53 3.4
389.31 2216.1
390.37 243.3
395.61 6.9
396.47 1.8
397.69 18.9
399.26 422.0
400.33 60.3
401.32 56.8
402.07 16.6
404.07 5.9
405.21 1.2
406.77 3.6
407.41 4.1
410.30 4.1
412.40 12.7
413.31 8.8
414.32 7.3
415.25 3.1
416.36 18.6
417.62 2.2
418.99 6.9
420.82 4.7
421.74 3.8
422.88 12.1
423.60 27.6
424.63 1.7
425.45 2.3
426.45 8.0
429.46 5.5
430.38 2.4
431.49 33.0
432.35 15.0
435.71 9.0
436.39 8.4
438.18 7.8
439.34 25.8
440.43 130.1
441.37 42.8
442.03 1.8
443.56 3.2
444.55 12.0
445.63 1.6
449.37 2.0
455.34 11.7
456.49 113.6
457.40 12.0
458.43 88.4
459.34 12.5
466.34 184.8
467.46 78.3
468.36 9.3
471.46 1.3
472.46 3.9
476.53 1.2
477.58 1.6
478.44 1.5
480.28 4.7
482.36 8.7
483.41 15.5
484.46 230.4
485.46 41.3
494.52 2.8
495.74 6.2
500.39 81.4
502.35 1056.4
503.48 181.7
504.61 3.4
510.40 9.6
511.44 3.1
513.34 1.6
515.36 3.9
521.49 3.4
524.56 5.8
527.53 8.0
528.40 20.9
529.42 12.3
531.48 31.6
532.29 1.9
535.49 3.9
541.33 2.8
542.45 1.4
545.46 232.3
546.48 84.6
553.32 3.8
554.46 3.5
555.32 8.9
556.22 1.6
558.43 4.0
567.57 1.7
574.19 2.1
577.45 1.8
584.05 1.8
595.54 2.8
613.46 8.6
614.74 2.7
625.47 1.1
635.14 2.8
