1002.42057 3
98.87 3.4
106.24 4.9
110.12 13.8
111.07 3.7
112.37 2.8
115.18 36.8
115.93 1.4
118.41 3.8
119.15 6.2
121.33 3.6
123.12 3.6
124.22 10.4
125.07 1.7
127.09 3.5
129.42 10.5
130.22 22.0
131.36 4.2
132.19 3.3
133.23 6.8
134.57 4.8
135.18 2.0
136.16 77.5
137.81 9.3
143.16 32.1
144.14 10.6
147.71 10.3
149.03 3.2
150.06 1.6
151.17 4.0
152.08 2.3
153.23 8.5
155.45 1.8
156.28 8.1
161.85 1.2
165.24 16.5
166.10 11.2
168.20 6.1
169.77 4.7
174.20 13.5
175.19 149.9
176.34 4.7
177.07 4.0
178.19 1.6
178.96 3.9
180.21 3.5
182.10 36.7
183.23 6.6
184.66 35.3
188.72 7.0
190.08 6.0
191.16 15.1
192.04 8.4
193.25 5.4
195.08 28.1
197.36 58.6
198.11 3.0
199.09 6.0
201.98 1.9
203.42 5.2
205.08 10.3
206.19 2.9
207.25 6.0
208.11 2.5
209.14 28.3
209.95 7.2
211.60 130.3
212.28 6.0
213.25 4.4
215.14 6.9
217.07 2.7
220.23 872.2
221.19 54.8
222.50 4.7
223.15 1.5
226.13 3.5
228.71 9.1
229.91 10.2
232.25 7.0
233.25 9.6
234.21 7.4
235.34 11.3
236.33 7.9
237.15 23.9
238.04 8.0
239.12 8.9
241.05 42.7
242.01 12.9
242.73 13.7
245.10 1.7
247.23 1.4
248.15 3.1
249.20 15.4
249.94 8.1
250.63 3.0
253.21 1.5
254.95 1.7
256.08 12.4
257.02 6.8
258.60 24.9
259.33 7.2
262.08 37.6
263.25 10.3
264.36 1.6
265.67 82.2
266.41 7.0
269.20 14.7
270.16 1.7
271.16 1.9
272.23 6.6
273.20 10.5
275.95 20.6
277.31 7.4
279.15 8.3
280.11 35.4
281.73 264.0
282.83 48.4
283.97 8.3
285.08 5.5
287.56 79.4
289.33 8.5
290.13 34.4
291.05 11.3
291.67 4.6
293.03 20.1
294.00 32.6
294.80 2.8
297.12 10.9
298.03 10.3
299.13 17.0
302.09 16.5
304.84 10.1
306.05 8.4
307.29 4.1
308.30 11.4
311.16 62.1
311.84 10.7
313.35 21.0
314.61 28.8
316.25 75.1
317.14 76.8
318.14 13.2
319.58 162.5
320.73 41.4
321.39 5.2
323.14 62.2
323.92 63.1
326.21 2916.8
327.18 6.0
328.36 18.0
328.99 9.5
331.33 4.5
339.15 6.2
340.37 27.5
345.48 2.3
348.18 68.7
349.37 66.4
351.18 5.8
353.18 8.8
354.39 1.5
357.56 2.3
358.64 8.9
359.86 17.5
360.80 23.1
361.40 16.5
362.54 30.0
363.38 7.2
364.26 11.2
365.49 8.2
368.22 54.1
369.07 3.7
370.11 1.3
370.98 2.1
373.16 9.0
374.06 9.7
375.78 31.0
376.67 8.0
379.32 3.2
380.31 4.5
381.47 1.3
383.20 22.4
384.98 8.2
385.80 5.2
387.25 12.1
388.67 23.3
389.81 15.7
391.23 11.2
392.29 20.0
394.29 12.6
398.47 5.2
399.25 11.9
400.68 77.5
401.56 7.0
402.73 15.8
404.07 14.2
405.11 1.0
407.11 17.4
408.24 12.0
409.97 10.5
411.43 92.7
413.33 3.8
414.38 6.0
415.69 12.1
416.93 9.9
418.38 7.4
420.22 262.7
421.02 183.6
422.24 37.7
423.48 17.5
424.30 74.4
425.25 24.7
426.35 18.5
426.97 4.3
428.83 4.6
430.93 836.0
431.77 49.6
432.50 2.0
433.53 3.7
435.17 25.1
435.97 7.8
439.40 13.2
440.36 15.2
441.35 85.2
442.35 9.0
443.63 32.6
445.83 10.1
449.03 87.1
450.62 5.9
453.27 2.6
455.53 2.7
456.33 13.0
457.32 36.3
459.19 10.3
465.12 3.9
466.43 706.0
467.33 60.8
468.52 1.0
471.61 23.7
473.24 56.0
474.18 22.8
475.09 5.5
477.08 1.8
477.94 2.0
483.30 3.7
484.71 10.5
487.46 5.4
488.28 1.4
489.46 2.4
491.22 15.0
492.26 6.2
493.17 4.8
494.34 5.4
495.27 2.6
497.20 4.8
498.48 1.8
501.77 1.3
510.10 1.3
511.20 10.2
512.01 3.1
512.67 2.3
513.62 4.0
519.43 6.6
520.28 5.0
529.35 7.8
530.18 17.0
531.29 1.2
534.29 7.8
535.29 2.3
546.48 30.5
547.38 8.5
554.48 1.8
558.06 8.0
560.47 13.3
561.44 4.2
564.24 436.0
565.28 175.7
566.43 31.3
569.25 5.6
578.38 2.9
589.46 2.8
592.49 3.9
620.11 3.7
628.59 4.0
636.83 2.3
648.44 1.4
679.72 5.9
705.57 2.2
706.42 3.6
723.30 22.6
724.46 10.0
725.58 4.5
