2133.92729 2
305.04 4.6
332.16 3.3
334.09 2.5
381.13 3.1
383.28 2.6
435.45 5.0
440.26 3.2
462.13 2.4
470.72 1.9
472.42 3.7
530.19 2.5
540.35 4.8
555.23 5.9
579.09 1.3
582.23 3.2
596.29 6.4
609.46 2.1
618.25 2.6
631.58 2.3
633.23 2.0
636.39 4.0
639.16 2.1
656.39 1.9
660.01 5.0
667.31 2.1
669.62 1.1
684.46 2.3
685.26 3.2
698.12 2.0
728.30 4.4
735.64 9.7
736.53 2.5
740.63 2.4
750.27 9.1
760.63 2.9
762.66 4.7
781.03 2.6
790.58 2.6
791.53 1.3
797.77 1.3
823.64 3.8
867.83 2.9
868.48 2.7
881.52 1.3
902.18 1.9
907.61 2.9
916.52 5.4
936.07 5.9
937.06 2.5
938.56 4.7
946.53 7.6
954.50 6.0
956.95 6.0
962.12 7.8
962.87 2.9
973.51 1.1
986.45 2.9
995.32 1.8
1001.79 4.3
1002.95 6.1
1006.83 6.1
1010.04 6.0
1039.55 1.1
1040.80 4.6
1049.68 17.2
1050.63 32.9
1051.58 14.3
1068.12 3.5
1068.79 2.7
1069.50 5.9
1146.60 1.5
1193.40 3.7
1227.77 5.0
1240.47 2.4
1258.90 16.4
1284.04 1.5
1333.70 1.6
1334.38 6.5
1364.67 2.8
1399.24 1.8
1456.81 4.0
1490.83 1.1
1516.97 3.0
1518.53 7.4
1566.01 6.6
1572.73 3.4
1616.79 5.2
1619.06 1.6
1621.29 1.7
1859.18 3.4
