1569.63225 2
225.11 6.9
227.31 29.8
228.20 9.1
230.50 8.7
231.14 5.4
232.32 14.1
233.22 6.0
235.21 7.6
238.24 6.2
239.27 32.9
240.10 76.5
240.99 8.8
242.03 7.2
243.22 22.9
244.24 3.4
245.12 7.9
246.25 21.1
252.11 35.7
253.35 9.4
254.37 2.9
255.39 3.2
256.37 10.8
257.50 9.8
258.20 36.4
259.23 30.4
261.46 11.4
262.23 10.3
263.34 7.2
264.03 3.3
265.95 6.6
267.25 24.8
268.02 15.5
269.41 19.4
270.29 6.4
273.49 2.9
276.19 23.5
277.27 11.6
278.11 7.6
279.42 11.2
280.34 12.0
281.08 8.5
282.07 7.1
283.24 31.2
284.17 4.1
285.08 22.9
286.14 3.7
287.11 8.8
288.33 13.3
289.44 5.7
291.33 8.9
292.35 3.0
293.38 18.4
294.25 11.3
295.07 7.0
297.10 265.1
298.24 114.4
299.10 2.2
300.23 22.3
301.11 39.0
302.04 4.5
303.27 22.1
304.26 6.2
305.06 7.1
306.14 9.2
307.20 5.9
308.45 3.9
309.35 16.6
310.21 18.4
311.27 23.8
312.38 13.7
313.50 15.8
314.71 13.8
315.36 8.7
316.06 15.5
317.29 42.7
318.26 33.1
319.29 20.2
320.24 11.4
321.16 7.6
322.16 22.0
323.31 8.2
324.08 2.1
325.35 20.1
326.13 6.9
327.17 5.7
328.21 19.6
329.30 38.6
330.17 7.9
331.22 21.4
332.51 23.8
333.26 10.2
334.36 8.4
335.28 11.8
336.22 17.8
337.08 8.4
337.99 3.5
339.29 27.2
340.07 19.9
341.40 5.6
343.29 22.4
344.33 7.2
345.15 61.3
346.12 3.1
349.21 20.8
350.07 3.5
352.13 19.5
353.22 9.4
354.29 12.1
355.21 66.7
356.22 31.9
357.24 33.6
358.41 28.4
359.55 24.4
361.34 20.1
363.18 139.2
364.15 6.2
366.02 57.4
367.02 45.8
368.21 30.7
369.15 7.1
369.96 13.8
371.20 7.3
372.19 49.9
373.24 108.3
374.17 53.5
375.51 28.6
377.22 3.7
379.60 6.6
380.31 6.5
381.17 6.9
382.16 8.3
383.33 18.7
384.14 141.4
385.29 385.5
386.23 51.3
388.21 30.9
389.47 24.4
390.33 55.1
392.23 42.0
394.28 71.4
395.43 24.2
396.31 17.3
397.36 10.9
398.15 7.0
399.05 4.7
400.25 17.0
401.26 26.7
401.92 62.2
403.18 16.2
404.37 19.1
405.37 15.9
406.12 14.2
407.13 2.8
408.15 138.2
409.05 5.1
409.94 13.3
411.21 29.2
412.31 75.3
413.30 56.9
414.35 63.6
415.13 9.0
417.17 11.0
418.33 27.5
419.52 50.7
420.25 216.2
421.53 12.4
424.54 10.2
425.28 32.1
426.11 15.7
427.30 14.0
428.64 45.5
429.37 132.2
430.29 132.9
431.40 268.8
432.36 96.0
433.76 13.4
435.10 7.3
436.18 16.4
437.12 14.2
438.34 31.9
439.69 35.4
440.46 30.5
441.43 14.4
442.34 25.2
443.37 16.4
444.23 19.9
445.24 8.6
447.19 258.5
448.17 75.3
449.03 29.7
450.30 12.8
451.21 8.3
452.43 29.1
453.31 84.9
454.19 41.1
455.23 14.4
456.43 26.3
457.39 50.3
458.48 94.6
459.39 154.0
460.46 95.0
461.41 40.6
462.20 6.8
463.54 14.2
464.60 61.9
465.22 484.2
466.31 55.7
467.63 67.0
468.33 2.6
469.31 20.9
470.56 51.5
471.26 132.5
471.95 22.8
472.77 13.6
473.72 18.8
474.58 41.1
475.37 38.5
476.49 26.3
478.14 2.4
479.71 27.1
480.53 54.1
481.57 20.4
482.39 18.0
484.22 411.8
484.82 16.0
485.47 40.7
486.22 32.7
487.16 28.2
488.74 157.7
489.50 64.0
490.41 26.2
491.16 2.5
492.46 17.0
493.23 5.4
494.26 116.4
495.19 18.0
496.00 97.2
497.19 108.0
498.26 174.0
499.23 99.3
500.18 29.0
501.34 26.8
502.47 11.4
503.30 39.8
504.27 6.9
505.29 60.5
506.27 142.9
507.24 40.2
508.35 13.3
509.43 29.1
511.29 13.7
512.44 48.1
513.57 22.8
514.61 16.9
515.44 140.5
516.23 405.9
517.25 195.8
518.37 50.8
519.30 22.1
520.42 22.1
521.33 17.1
522.23 42.5
523.25 38.3
524.21 57.7
525.41 25.2
526.27 6.9
527.28 43.3
528.23 35.2
529.42 65.0
530.28 10.7
531.14 18.9
532.24 60.0
533.64 184.5
534.26 1526.3
535.30 252.9
536.30 89.2
537.35 39.6
538.62 48.7
539.37 32.4
540.57 95.3
541.39 48.6
542.51 28.6
543.39 304.4
544.44 298.0
545.55 113.8
546.64 29.7
547.32 57.4
548.07 17.7
549.09 49.7
552.20 6060.2
553.39 108.2
554.47 62.8
555.19 24.8
556.37 7.0
557.56 42.4
558.41 33.3
559.21 47.9
560.61 125.4
561.57 36.9
562.72 44.5
563.87 62.6
564.61 13.4
565.35 30.8
566.76 11.8
567.63 2.3
568.40 59.8
569.36 67.8
570.30 60.8
571.37 63.6
572.43 29.3
573.31 38.9
574.18 51.9
575.36 75.3
576.35 20.2
577.36 38.4
578.40 18.9
579.15 8.9
579.97 10.0
581.30 89.2
582.17 71.8
583.40 324.6
584.43 108.3
585.49 70.6
586.42 311.0
587.42 50.5
588.65 109.6
589.63 65.3
590.36 16.5
591.39 82.4
592.68 96.9
593.33 22.9
594.13 29.8
594.95 29.8
596.41 35.7
597.51 159.0
598.63 33.0
599.85 29.0
600.77 16.6
601.61 42.5
602.31 25.7
603.23 24.5
604.47 26.9
605.23 27.8
606.14 51.0
607.31 77.8
608.18 41.6
609.55 36.7
610.70 69.9
611.54 121.9
612.65 32.2
613.96 66.5
615.27 51.7
616.58 282.8
617.38 57.0
618.14 66.4
619.26 89.9
620.24 45.6
620.88 38.4
622.14 45.3
622.99 22.9
624.39 109.3
625.14 27.3
626.24 41.3
627.45 180.8
628.46 39.1
629.67 39.9
630.37 60.8
631.39 52.5
632.77 25.5
633.39 72.7
634.11 16.1
634.85 31.3
636.35 105.7
637.43 43.6
638.60 37.8
639.47 35.4
640.71 13.9
642.11 41.4
643.31 47.5
644.54 83.8
645.74 132.2
646.37 28.9
647.19 152.8
648.48 77.1
649.40 39.9
650.59 63.7
651.52 78.2
652.78 92.0
653.54 71.8
654.44 69.1
655.44 60.1
656.63 47.7
657.53 81.0
658.50 73.2
659.42 53.0
660.64 36.8
661.56 66.6
662.62 120.7
663.45 123.1
665.18 676.9
666.25 143.5
667.14 37.5
667.88 87.6
668.90 100.6
670.08 128.4
671.30 102.2
672.57 172.2
673.69 107.6
675.14 340.3
676.04 35.2
677.32 47.9
678.60 39.2
680.00 165.5
681.69 342.0
682.69 86.4
683.65 209.1
684.51 183.9
685.47 46.6
686.34 28.3
687.29 54.1
688.52 68.7
689.55 114.2
690.85 236.2
691.53 391.7
692.51 230.0
693.52 28.0
694.59 48.6
695.52 54.1
696.44 133.0
697.46 104.5
698.37 100.8
699.27 116.2
700.30 96.5
701.40 361.8
702.73 155.4
703.59 174.0
704.54 77.4
705.42 19.2
706.38 32.3
707.11 267.8
708.06 97.2
709.25 191.8
710.41 373.3
711.78 165.8
712.96 110.2
713.89 61.6
714.72 51.1
716.14 61.8
717.12 101.0
718.73 420.3
719.72 170.8
720.76 111.2
722.44 75.0
723.14 63.1
724.01 14.0
725.23 51.4
726.17 44.1
727.58 133.0
728.57 69.0
729.57 115.4
730.45 96.8
731.34 110.0
732.51 116.1
733.58 52.5
734.76 99.4
735.70 46.8
736.56 128.5
737.84 30.3
739.16 247.3
740.22 272.2
741.34 327.5
742.53 81.3
743.57 108.6
744.80 439.6
745.69 297.4
747.04 280.8
748.06 142.6
749.33 233.3
750.39 104.9
751.49 188.1
752.37 63.0
753.54 336.9
754.65 219.8
755.55 170.0
756.48 145.1
757.47 310.2
758.48 752.3
759.43 124.7
760.54 227.1
761.86 318.8
762.55 646.9
763.77 500.3
764.63 282.7
765.47 91.2
767.29 5738.5
768.08 729.2
768.98 147.4
769.65 480.2
770.53 345.5
771.45 178.8
772.72 855.0
773.54 490.1
774.27 92.9
775.48 165.2
776.46 30.3
777.22 13.5
785.93 5.2
789.18 22.1
790.49 3.2
792.24 4.7
793.88 11.4
794.55 15.9
796.75 14.5
797.68 3.6
798.35 13.8
799.78 22.4
800.45 79.5
801.48 67.7
802.51 52.5
803.72 62.8
804.66 9.9
805.68 11.3
806.50 25.4
808.00 18.0
808.66 19.4
809.59 48.6
810.46 40.5
811.43 35.4
812.57 43.6
813.51 16.8
814.51 31.7
816.13 30.2
817.24 10.6
819.44 210.1
820.48 126.3
821.43 33.5
822.68 292.4
823.50 145.3
824.48 52.0
825.30 14.5
826.45 87.1
827.47 79.1
828.52 152.4
829.45 91.9
830.89 130.8
831.74 151.1
832.45 16.2
833.42 41.1
834.31 16.4
835.33 68.8
836.23 43.2
837.20 29.2
838.03 30.4
838.88 18.5
839.74 22.9
840.64 15.5
841.52 32.4
842.42 29.8
843.57 26.0
844.69 26.5
845.53 22.2
846.95 31.0
849.02 45.0
849.97 72.0
850.86 25.5
851.50 11.8
852.46 18.2
853.46 33.4
854.12 56.5
855.25 26.8
856.49 49.8
857.61 17.0
858.62 9.0
859.53 19.5
860.51 58.6
861.39 52.1
862.44 35.3
863.95 3.9
864.57 12.5
865.57 20.0
866.62 35.5
867.87 19.3
868.72 54.3
869.58 37.2
870.83 36.8
871.53 62.7
872.48 19.8
873.37 18.2
874.23 50.8
875.18 57.1
875.92 49.2
876.63 43.2
877.44 30.4
878.53 90.9
879.51 28.9
880.48 49.1
881.58 27.9
882.19 14.3
882.98 11.4
885.00 17.2
887.34 475.0
888.09 32.4
889.17 40.2
890.46 48.4
891.64 80.2
892.37 20.4
893.31 31.1
894.13 35.0
895.32 62.6
896.25 192.7
896.97 91.2
897.61 88.3
898.48 17.6
899.64 32.1
900.44 11.0
901.53 60.4
903.11 75.1
904.45 226.3
905.35 703.4
906.37 55.0
907.52 33.0
908.24 44.9
908.95 16.4
910.23 68.1
911.29 93.5
912.28 18.3
913.24 59.4
914.19 29.9
915.35 51.4
916.72 32.7
917.68 103.1
918.42 32.4
919.48 16.9
920.79 12.8
921.58 37.7
922.67 52.7
923.49 19.3
924.62 52.8
925.91 93.2
926.93 113.4
928.15 90.0
929.03 18.8
929.93 49.8
930.97 51.5
931.82 36.9
932.63 8.5
933.50 32.8
934.93 140.6
935.84 140.1
936.67 36.0
937.85 36.9
938.63 73.3
939.57 88.6
940.59 19.9
941.98 20.4
942.86 14.6
944.00 227.3
944.79 154.0
945.59 46.9
946.61 29.4
947.56 36.9
948.53 139.7
949.51 49.1
950.26 29.8
951.30 78.3
952.66 59.5
953.57 46.6
954.75 29.5
955.84 62.3
956.59 36.2
957.20 41.4
958.18 34.1
959.24 29.9
960.18 22.2
961.29 64.3
961.96 75.5
962.68 75.9
963.54 28.0
964.36 27.9
965.58 28.6
966.53 26.6
967.57 24.6
968.40 44.6
969.39 66.3
970.61 10.1
971.52 7.5
972.53 70.6
973.49 57.0
974.51 57.3
975.65 91.0
976.70 37.4
977.64 15.3
978.46 41.4
979.40 46.9
980.76 41.9
981.50 40.1
982.46 211.9
983.95 61.1
984.56 375.2
985.55 166.8
986.60 297.1
987.65 174.6
988.52 64.1
989.87 40.8
990.59 294.8
991.49 196.9
992.55 89.7
993.67 39.4
994.51 29.7
995.63 24.9
996.70 92.7
997.67 415.7
998.62 635.5
1000.32 4912.9
1001.43 36.7
1003.18 63.1
1004.29 54.0
1005.48 8.8
1006.41 19.4
1007.06 5.0
1008.80 9.5
1009.67 50.1
1010.51 42.1
1011.59 39.8
1012.62 141.5
1013.69 77.0
1014.55 30.6
1015.60 6.4
1016.27 10.8
1017.04 24.1
1018.37 6566.6
1019.45 54.5
1020.11 5.7
1020.80 3.0
1021.81 7.5
1022.83 14.6
1024.03 28.4
1025.51 14.7
1026.46 22.4
1027.59 87.1
1028.64 57.6
1029.82 67.0
1031.61 62.6
1032.61 64.8
1033.68 29.3
1034.48 31.9
1035.48 19.1
1036.48 29.2
1037.44 43.4
1038.45 57.0
1039.29 16.0
1040.39 20.5
1041.32 16.5
1042.22 8.4
1042.86 2.3
1043.54 15.9
1044.91 69.5
1045.84 105.1
1046.68 62.5
1047.62 17.6
1048.56 37.3
1049.67 44.0
1050.88 74.5
1051.61 11.0
1052.55 55.0
1053.81 256.5
1054.69 260.7
1055.57 26.1
1056.27 24.9
1057.44 43.8
1058.35 23.6
1059.15 7.0
1060.95 39.8
1061.76 68.9
1062.60 74.9
1063.29 107.0
1064.28 84.1
1064.94 16.4
1066.44 23.2
1067.56 146.0
1068.53 107.8
1069.57 182.9
1070.42 89.2
1071.53 44.8
1072.49 26.7
1073.57 70.4
1074.62 51.1
1075.74 63.6
1076.76 14.2
1078.93 14.2
1079.79 41.9
1080.64 127.5
1081.47 72.5
1082.21 59.4
1083.52 62.3
1085.54 539.9
1086.59 278.9
1087.53 640.5
1088.76 92.9
1089.58 134.7
1090.52 101.6
1091.50 119.6
1092.58 55.6
1093.74 4.3
1094.93 43.8
1096.25 12.9
1097.35 38.9
1098.45 256.5
1099.63 243.8
1100.65 61.2
1101.56 18.6
1102.67 48.0
1103.60 316.6
1105.37 1648.8
1106.29 48.5
1107.36 22.9
1108.62 63.9
1109.69 114.3
1110.75 60.7
1111.77 43.2
1112.70 19.2
1113.39 4.0
1114.53 41.8
1115.26 6.7
1116.55 4.4
1117.33 12.9
1118.44 228.1
1119.52 113.6
1120.75 121.0
1121.57 85.1
1122.63 26.7
1123.73 29.7
1124.57 4.9
1125.64 35.9
1126.62 84.0
1127.74 50.1
1128.70 16.4
1130.21 9.5
1131.95 3.4
1132.87 10.4
1134.36 10.7
1135.62 25.4
1136.92 12.2
1138.66 22.4
1140.18 14.4
1141.28 7.5
1141.90 9.4
1142.97 12.6
1144.43 142.1
1145.30 2.5
1146.62 5.5
1148.76 11.4
1149.57 39.0
1150.61 15.7
1153.22 18.4
1154.15 2.6
1154.78 3.7
1155.74 7.9
1157.00 90.0
1157.79 53.7
1159.15 94.6
1160.59 29.2
1161.85 88.8
1162.61 249.0
1163.71 17.9
1164.64 8.3
1165.50 3.3
1166.52 68.3
1167.63 76.6
1168.76 22.0
1169.72 8.0
1170.83 9.5
1173.61 5.2
1174.47 12.1
1176.68 29.5
1177.62 29.5
1178.62 40.1
1179.62 48.1
1180.52 20.8
1181.84 34.9
1182.92 32.7
1184.56 517.4
1185.68 294.3
1186.69 106.9
1187.57 12.6
1188.68 10.5
1190.91 6.8
1192.20 15.2
1193.68 18.4
1194.71 65.5
1195.68 33.2
1196.84 5.3
1198.38 12.2
1199.64 5.3
1200.75 7.1
1201.67 2.9
1202.56 17.6
1203.47 30.0
1204.49 21.0
1205.50 3.8
1207.62 19.5
1208.66 9.2
1209.46 11.3
1210.86 10.9
1211.59 73.6
1212.63 70.3
1214.00 5.9
1215.33 26.1
1216.60 2.5
1218.69 2.4
1220.65 21.6
1221.78 21.8
1222.51 15.9
1223.71 19.4
1225.41 7.7
1227.24 11.0
1229.75 8.8
1230.73 7.3
1231.69 66.8
1232.62 103.7
1233.63 103.0
1234.60 61.5
1235.83 8.1
1236.72 9.4
1237.78 39.5
1238.61 51.9
1239.48 72.3
1240.63 45.3
1242.58 6.5
1244.07 14.0
1245.53 11.7
1247.75 26.5
1249.53 74.8
1250.74 13.6
1251.94 5.4
1253.59 71.2
1254.75 103.4
1255.82 29.8
1256.70 41.2
1257.56 60.3
1258.80 10.8
1259.74 3.8
1260.67 3.2
1262.37 5.2
1263.85 7.7
1265.84 16.2
1267.56 12.5
1270.59 6.0
1271.61 73.6
1272.66 54.7
1273.73 20.3
1274.64 27.6
1275.56 28.7
1276.74 11.6
1278.82 10.3
1279.75 4.1
1282.53 9.3
1289.04 10.1
1290.17 43.3
1290.86 33.4
1291.72 26.2
1292.65 7.5
1293.67 8.7
1294.75 47.7
1295.56 21.9
1296.96 18.3
1297.61 29.1
1298.67 2.5
1300.17 25.2
1301.53 18.9
1303.64 6.6
1304.46 10.9
1306.95 3.0
1308.08 23.2
1308.79 4.9
1309.73 14.5
1310.79 23.1
1315.11 31.3
1316.25 7.0
1317.88 12.3
1318.93 2.8
1321.63 3.1
1322.28 11.4
1324.59 115.9
1325.80 90.7
1326.71 28.0
1327.72 9.3
1329.78 9.7
1330.45 4.9
1331.91 7.1
1332.61 5.8
1333.52 4.0
1334.57 29.7
1335.57 6.9
1336.60 6.2
1337.72 8.4
1338.61 9.7
1340.52 17.8
1341.36 3.6
1342.72 172.1
1343.68 237.3
1344.38 34.2
1345.00 24.1
1348.72 5.1
1350.84 9.1
1352.56 21.0
1353.40 2.2
1354.55 11.8
1355.76 3.1
1359.29 13.6
1359.97 4.0
1360.98 20.6
1362.37 229.8
1363.00 34.8
1363.71 4.9
1364.77 13.3
1365.79 15.2
1366.56 11.9
1367.91 4.8
1369.82 2.8
1375.17 29.9
1376.04 35.1
1376.72 32.8
1377.87 29.4
1378.91 5.2
1380.54 810.4
1381.58 15.7
1383.51 2.5
1385.69 40.9
1386.99 21.5
1387.77 5.1
1390.12 9.3
1391.31 5.9
1393.64 159.7
1394.73 163.2
1395.72 168.7
1396.79 131.1
1397.74 47.7
1398.89 4.9
1401.53 22.2
1403.39 24.9
1404.66 2.7
1405.61 9.3
1407.61 4.2
1409.56 31.4
1411.66 937.3
1412.74 576.7
1413.78 1232.7
1414.74 890.9
1415.85 210.9
1416.91 3.9
1418.63 17.0
1419.55 74.8
1420.58 5.7
1421.71 25.8
1422.58 8.1
1424.02 10.0
1431.78 9.4
1432.66 19.4
1433.90 5.5
1437.61 301.3
1438.60 7.0
1440.59 3.9
1443.79 3.3
1446.41 7.1
1447.04 3.8
1455.97 4.7
1457.44 4.8
1458.81 9.7
1460.83 11.6
1464.62 12.6
1466.69 7.4
1469.73 2.9
1470.68 5.0
1472.98 16.2
1476.07 13.3
1476.74 4.7
1491.16 7.2
1512.29 8.0
1515.78 3.1
1516.87 8.1
1529.90 6.1
1530.85 2.5
1532.74 16.2
1533.59 11.2
1534.47 6.0
1535.14 3.8
1542.20 5.0
1554.72 5.3
1562.45 2.3
