1772.81194 2
252.35 3.3
254.43 2.9
262.35 7.9
268.06 2.1
268.98 1.5
270.22 3.6
273.14 1.2
274.24 6.0
275.32 2.1
277.36 5.0
283.22 5.0
284.35 1.9
291.26 5.3
292.28 5.7
294.41 3.8
296.20 29.9
297.34 4.7
299.40 3.1
301.17 3.5
303.17 15.4
304.26 5.8
308.33 6.7
312.36 3.5
313.22 9.6
315.27 2.6
319.65 3.3
320.81 4.3
325.21 3.7
326.36 1.8
328.47 1.7
329.19 3.7
331.30 5.7
332.15 2.0
334.40 5.9
336.31 4.3
338.25 4.2
339.34 4.0
339.94 2.0
345.12 3.5
346.34 1.3
349.36 6.1
351.97 5.9
353.39 3.7
354.26 1.1
355.25 3.6
357.31 15.9
358.21 4.1
360.22 1.7
362.18 1.2
363.17 1.3
364.13 7.1
367.23 1.9
368.19 1.7
369.34 3.3
370.17 2.2
372.17 3.7
374.37 28.2
375.47 1.2
376.23 2.9
380.43 2.3
381.25 10.6
382.15 1.7
383.28 7.2
385.39 5.2
386.15 6.6
387.18 1.3
388.28 2.1
389.31 2.5
390.42 1.2
392.65 2.1
395.10 2.1
396.24 10.0
397.10 1.2
397.96 3.6
399.51 3.6
401.31 3.7
404.38 12.5
405.34 4.4
406.34 1.1
408.20 4.1
409.11 17.7
409.93 6.3
411.03 9.9
412.20 12.6
413.37 2.9
414.29 5.5
415.34 2.7
416.07 3.2
417.36 1.2
423.69 2.7
426.22 40.0
427.23 2.1
428.38 2.7
429.86 6.9
430.47 12.3
431.26 6.2
432.34 3.2
433.25 2.4
434.35 4.2
435.11 2.1
436.46 8.1
438.26 8.8
440.08 12.8
441.30 1.9
442.35 2.6
444.29 9.0
445.76 5.8
447.53 2.6
449.32 3.9
450.37 5.1
451.84 7.7
452.61 8.9
453.75 6.6
454.46 2.7
455.26 6.3
457.30 7.2
458.33 2.3
459.23 4.8
460.33 1.1
461.25 1.4
462.48 3.7
463.17 2.8
464.18 8.1
466.26 7.7
467.34 11.8
468.42 1.2
469.52 3.4
470.88 5.2
472.26 4.2
473.01 5.9
473.63 4.0
474.39 4.3
476.08 14.6
477.58 7.6
478.49 1.0
479.36 2.0
480.30 26.8
481.62 9.3
483.19 18.6
484.00 2.1
485.18 2.7
487.07 8.3
488.80 3.1
492.44 2.8
494.27 22.1
495.37 1.4
497.41 19.2
498.27 9.1
499.26 10.2
500.19 2.4
501.37 3.6
504.46 3.2
505.93 5.7
508.61 2.0
509.53 10.9
511.14 15.2
512.34 5.8
513.28 6.9
514.99 18.2
516.17 18.8
517.29 12.7
519.27 2.6
520.60 3.2
522.56 4.0
523.33 1.7
524.54 5.9
525.28 48.7
526.28 8.4
527.33 12.3
528.42 2.1
531.41 2.7
532.81 13.6
534.44 5.5
536.20 1.4
538.39 3.3
540.47 4.4
541.28 3.1
542.19 4.4
543.47 30.0
544.35 7.1
547.82 9.0
549.50 9.2
550.18 1.3
551.97 5.6
553.16 9.8
554.13 18.3
554.77 1.4
555.48 6.6
557.28 5.1
558.55 1.8
559.33 1.6
560.51 2.4
562.46 7.5
563.60 8.3
564.34 4.8
565.18 4.0
566.40 20.5
567.37 8.2
568.36 1.2
569.24 3.2
569.94 5.1
570.69 5.5
571.48 9.2
572.43 8.8
573.28 6.8
574.52 8.7
576.36 6.2
577.35 5.4
578.72 5.1
579.78 14.9
580.49 5.3
581.43 3.2
582.25 31.8
583.16 4.5
584.41 18.6
587.67 16.6
590.00 3.6
590.63 3.4
592.53 4.7
593.25 7.1
595.25 3.5
596.46 6.7
597.27 8.3
597.90 15.1
599.01 2.7
600.51 12.7
602.25 9.8
603.08 11.2
604.71 5.4
605.63 3.3
606.63 15.1
607.56 8.2
608.30 10.4
610.53 2.3
611.25 6.0
612.52 4.2
613.15 13.5
614.32 12.5
615.26 30.1
615.90 34.7
616.60 6.6
617.33 5.1
618.33 5.9
619.06 6.6
621.04 1.5
622.27 1.1
623.64 6.3
624.29 12.3
625.55 8.4
626.22 3.1
626.92 2.9
627.56 5.4
628.60 6.5
629.33 14.3
630.19 3.5
631.60 15.4
632.47 14.0
633.27 10.9
634.10 9.1
635.33 5.9
636.37 2.1
637.15 4.7
639.29 1.9
640.35 10.4
641.10 3.6
642.37 22.3
643.39 26.1
645.63 6.0
646.29 34.0
647.54 21.7
648.46 17.0
649.41 5.4
650.71 22.9
651.57 13.7
652.37 9.5
653.57 11.5
654.70 10.4
655.61 5.1
657.35 26.2
659.03 6.0
659.96 16.8
661.30 3.1
662.92 20.2
664.08 3.2
665.10 26.8
666.04 3.4
667.55 3.4
668.41 24.2
669.43 51.0
670.44 31.1
671.56 17.4
672.31 8.6
673.54 13.2
675.73 9.5
677.46 12.2
678.29 4.9
679.46 7.1
680.32 4.1
681.43 2.3
682.55 24.5
684.36 27.2
685.73 30.3
686.51 148.8
687.44 73.3
688.49 15.3
689.30 4.6
690.04 2.6
691.29 11.3
692.48 10.9
693.14 7.6
695.20 10.0
696.50 4.6
697.49 12.6
698.62 2.2
699.60 20.8
700.47 131.8
701.39 2.1
702.76 8.9
703.84 1.6
704.46 11.3
705.15 3.3
705.91 3.0
706.56 5.5
707.30 6.3
709.00 174.4
709.94 9.2
710.73 3.5
712.15 15.1
713.40 6.6
714.23 19.0
715.26 8.1
718.00 24.8
719.39 13.4
720.56 19.7
721.40 2.0
722.31 19.1
723.96 14.2
725.43 31.0
726.40 49.4
727.43 41.5
728.62 18.5
729.57 26.1
730.70 20.6
732.08 19.7
733.09 26.1
734.12 6.7
735.04 26.4
736.08 103.7
737.19 27.9
738.35 11.3
739.73 30.9
740.86 44.0
742.02 18.1
742.76 12.9
743.97 181.9
745.48 88.4
746.54 24.7
748.10 14.7
749.87 142.3
750.52 58.9
751.52 37.0
752.33 195.5
752.96 122.4
754.32 124.5
755.30 76.8
756.44 7.5
758.50 51.6
759.38 3.6
760.00 10.1
760.93 8.9
761.91 2.7
762.83 20.8
763.55 28.4
764.49 6.9
765.11 6.0
766.35 20.4
767.36 5.6
768.63 19.1
769.68 13.1
771.34 30.7
772.40 13.6
773.49 12.0
774.68 10.8
775.93 37.6
776.79 48.5
777.60 22.0
778.58 18.5
779.48 10.4
780.56 4.4
781.86 6.9
782.96 9.4
783.72 37.0
784.51 37.4
785.56 103.3
786.39 46.8
787.36 3.3
788.69 36.4
789.56 77.5
790.53 6.1
791.78 5.0
792.86 61.0
793.66 58.4
794.59 21.1
795.75 2.2
796.89 32.3
798.39 62.5
799.12 5.0
799.83 13.1
801.10 4.0
802.13 186.2
803.31 55.4
804.31 20.1
805.33 31.6
807.04 97.8
807.95 12.9
808.85 2.3
810.80 39.9
812.00 192.2
812.90 29.4
813.93 18.1
815.28 21.4
816.99 74.7
817.74 67.5
818.67 19.9
821.05 1008.2
822.48 58.4
823.36 112.0
824.49 49.5
825.64 34.5
826.42 14.8
827.44 16.1
828.53 21.7
829.27 11.7
830.36 87.2
831.42 9.4
832.33 27.1
833.75 35.5
834.81 21.7
836.19 135.2
837.16 48.0
838.11 22.6
840.37 27.0
841.36 8.3
842.05 148.5
842.69 204.3
843.66 1.8
844.58 7.7
845.54 13.4
846.78 47.5
847.61 23.8
848.49 21.4
849.23 7.5
850.41 33.8
851.49 33.2
852.56 11.0
854.13 33.8
855.73 35.8
856.62 22.5
857.59 27.4
858.56 17.6
859.66 34.9
860.30 59.4
861.05 40.1
862.61 21.5
863.44 36.8
864.34 55.8
865.10 65.0
866.09 38.8
867.17 23.4
868.34 100.3
869.35 461.8
870.19 216.5
871.24 39.0
872.27 85.0
873.89 60.4
874.56 69.4
875.27 16.3
876.21 5.4
877.45 3.8
886.56 1.9
895.22 3.0
896.15 9.8
898.60 1.9
905.91 8.4
906.51 3.4
907.57 2.4
910.03 11.1
911.31 8.9
912.80 6.1
913.72 19.1
915.37 6.4
916.05 2.3
917.22 2.0
917.90 2.8
919.26 24.6
920.69 7.1
921.49 4.2
922.52 2.7
924.51 2.7
925.69 1.3
926.70 7.3
929.37 3.9
931.79 2.9
933.15 6.7
935.48 11.1
936.57 13.8
937.81 6.8
938.48 9.1
939.31 9.6
940.55 9.5
943.61 1.4
944.39 1.3
946.91 7.1
948.53 1.5
950.59 22.7
952.31 10.0
953.36 55.1
954.48 26.4
955.62 3.5
956.87 14.7
957.48 3.0
958.53 3.0
959.58 5.2
960.35 27.3
961.47 6.7
962.25 7.5
963.27 9.7
964.41 12.2
965.85 3.0
967.87 3.5
968.60 7.8
969.39 6.2
970.72 18.8
971.92 40.8
973.15 13.2
973.76 2.2
976.17 18.5
977.06 61.2
977.95 30.3
978.86 10.1
983.55 2.5
985.33 156.3
986.03 239.8
986.73 89.1
987.58 28.7
988.28 10.0
991.56 3.0
992.76 17.9
993.52 112.6
994.51 20.6
995.28 6.0
997.40 3.1
998.40 16.9
999.77 7.5
1000.46 1.1
1001.74 3.0
1003.71 7.2
1005.34 1.5
1006.38 4.7
1008.59 9.5
1009.63 21.0
1010.52 257.4
1011.58 78.2
1012.46 7.9
1014.69 10.4
1015.56 19.1
1016.40 2.6
1017.35 19.9
1017.99 2.4
1019.94 9.7
1021.71 7.3
1023.26 6.1
1024.23 11.1
1025.65 4.6
1027.42 28.8
1028.77 2.2
1029.84 3.0
1031.70 1.7
1033.05 3.1
1034.72 16.0
1035.51 1.1
1036.73 7.5
1038.71 9.7
1039.57 4.6
1040.27 4.6
1041.45 3.9
1043.19 7.7
1044.63 4.0
1045.31 4.1
1048.64 7.1
1050.62 4.2
1051.60 7.8
1052.56 2.3
1053.98 1.3
1056.06 15.5
1056.74 9.5
1057.64 7.0
1058.77 10.8
1059.54 27.1
1060.85 14.9
1062.87 10.8
1063.55 7.6
1064.92 13.8
1067.56 23.3
1068.61 2.9
1069.55 4.6
1070.26 3.4
1072.42 5.6
1074.39 7.0
1076.78 4.4
1078.62 3.5
1079.30 4.7
1080.87 18.3
1081.60 2.1
1082.37 3.7
1083.31 4.4
1084.36 5.1
1085.32 23.8
1089.07 10.1
1089.97 11.3
1090.89 2.0
1091.68 7.0
1093.44 7.8
1096.50 1.7
1098.28 52.3
1099.38 7.9
1100.61 15.5
1101.71 5.0
1104.12 7.0
1105.60 2.3
1106.69 31.3
1107.60 1.4
1108.70 6.5
1109.85 13.6
1111.37 3.3
1112.81 14.5
1113.81 9.0
1116.11 8.5
1117.03 4.0
1117.82 12.1
1118.84 13.3
1119.95 5.0
1121.47 9.4
1124.49 3.5
1125.21 11.9
1126.23 42.0
1127.22 159.2
1128.17 27.4
1129.60 15.8
1131.11 8.6
1132.04 11.0
1133.65 2.9
1135.11 2.6
1136.57 10.9
1137.57 5.4
1139.34 4.0
1140.61 3.7
1142.13 12.5
1143.54 4.2
1144.23 2.4
1145.52 2.8
1146.65 4.8
1147.56 10.2
1148.53 4.7
1149.80 1.0
1150.51 2.1
1151.21 1.6
1152.63 5.5
1155.68 13.7
1156.55 39.7
1159.04 23.2
1159.77 3.9
1160.72 3.1
1161.79 4.1
1163.60 3.1
1165.37 23.0
1166.65 6.1
1167.58 1.5
1169.04 3.4
1170.13 21.9
1173.52 159.4
1174.59 64.2
1175.31 4.8
1177.14 9.6
1178.17 8.8
1179.53 6.1
1180.48 1.5
1183.47 352.3
1184.22 92.7
1184.85 36.7
1186.81 2.8
1187.72 1.0
1189.63 7.0
1191.49 18.8
1192.11 13.8
1193.52 6.7
1194.36 1.7
1195.59 9.9
1196.78 6.5
1197.44 5.7
1198.38 12.4
1199.88 11.6
1200.80 2.5
1201.84 8.5
1204.24 4.3
1204.89 1.1
1206.40 15.2
1207.46 15.6
1208.50 1.7
1209.42 4.3
1210.59 6.2
1211.72 6.6
1212.78 43.3
1213.62 161.3
1214.60 60.5
1215.35 4.2
1216.44 18.8
1217.41 7.4
1219.92 4.9
1220.94 7.4
1221.71 3.2
1223.39 1.5
1225.09 17.9
1225.73 2.3
1226.72 3.3
1227.36 4.5
1229.94 82.8
1230.62 400.4
1231.68 135.4
1233.18 2.9
1234.28 43.6
1235.15 4.3
1235.87 8.7
1238.69 2.3
1242.72 9.6
1244.43 13.7
1246.41 3.1
1247.47 5.9
1248.74 4.7
1250.72 6.0
1251.42 7.3
1253.59 12.5
1255.35 4.2
1257.19 10.6
1258.58 1.3
1260.19 1.8
1262.79 47.9
1263.54 22.3
1264.17 1.5
1265.69 4.7
1268.71 9.6
1273.04 3.2
1277.71 16.6
1279.83 7.1
1280.45 3.4
1281.12 17.3
1282.24 3.1
1284.58 19.3
1285.76 6.1
1287.65 4.0
1289.07 2.7
1294.44 12.4
1295.16 1.9
1295.85 2.8
1296.79 16.9
1297.75 5.8
1298.68 1.1
1300.05 10.5
1300.79 4.5
1302.75 1.5
1305.80 1.1
1307.00 8.5
1307.81 1.8
1309.35 5.0
1311.80 7.7
1312.45 10.2
1315.66 3.5
1316.95 10.6
1318.45 2.0
1319.81 5.5
1320.94 1.7
1321.86 2.0
1323.72 1.8
1324.60 2.5
1325.78 3.3
1326.75 1.2
1327.76 3.8
1328.70 63.2
1329.77 43.5
1331.57 2.1
1333.12 1.6
1335.72 5.5
1337.68 2.0
1338.88 4.4
1339.74 1.2
1340.62 2.5
1343.85 1.1
1344.64 2.2
1346.72 1.6
1349.41 5.3
1351.69 2.8
1354.51 8.7
1356.84 5.9
1360.06 1.2
1365.12 5.0
1366.94 12.5
1368.76 2.5
1371.17 4.7
1371.90 3.3
1372.83 1.4
1374.67 1.9
1377.92 4.2
1378.56 3.5
1381.17 1.9
1381.82 5.8
1382.43 3.1
1383.45 4.3
1384.70 2.7
1388.44 2.1
1389.27 1.8
1395.54 3.8
1397.21 8.4
1397.90 2.1
1399.62 55.8
1400.47 27.4
1403.83 3.2
1409.63 1.1
1415.13 1.1
1416.73 31.5
1417.69 23.7
1418.53 6.5
1429.02 7.7
1430.95 1.0
1431.88 8.1
1433.93 5.9
1435.42 2.6
1436.92 7.4
1438.44 2.3
1439.47 2.7
1441.88 3.8
1447.77 5.0
1448.60 9.6
1449.51 1.7
1452.60 3.7
1453.98 8.5
1455.04 5.2
1464.00 1.2
1466.96 31.1
1467.84 10.4
1468.83 5.8
1469.55 12.6
1470.64 8.1
1471.85 14.3
1474.79 1.7
1478.06 1.1
1478.91 1.8
1486.29 30.9
1487.64 5.0
1493.32 2.4
1494.76 4.5
1497.00 1.5
1498.23 7.7
1499.71 5.5
1503.73 48.4
1504.69 36.8
1507.85 2.6
1513.28 5.9
1514.59 3.7
1517.75 2.5
1541.76 1.2
1544.83 3.3
1545.85 9.8
1546.77 5.7
1553.79 2.0
1563.66 7.7
1564.70 7.4
1571.87 3.7
1573.63 6.1
1580.67 8.8
1581.65 42.4
1582.53 10.4
1584.96 2.5
1598.55 59.1
1599.44 36.9
1600.13 4.5
1616.62 4.6
1641.95 2.2
1659.99 3.6
1707.01 3.2
1712.17 5.4
