1607.85466 2
234.11 2.4
239.96 1.1
241.34 4.2
246.29 2.6
249.04 2.5
252.14 1.1
255.35 1.2
258.27 2.4
261.49 4.4
262.34 4.5
265.30 1.1
266.21 2.6
268.15 1.2
269.76 5.5
270.40 1.5
272.17 5.2
278.26 3.6
279.27 4.0
283.41 1.6
284.35 1.3
285.02 3.9
297.52 3.9
299.60 2.0
304.12 3.1
307.22 1.6
308.18 2.3
309.26 8.4
310.17 1.7
312.30 7.1
313.43 1.7
316.67 1.5
317.36 1.1
321.41 4.2
322.29 1.6
323.31 2.6
324.57 1.0
325.21 4.6
330.13 3.8
331.20 1.4
332.20 3.0
334.27 1.2
339.35 5.2
340.15 3.7
345.27 1.6
348.14 2.6
349.80 2.4
352.26 3.9
354.15 4.6
355.40 1.7
356.33 1.2
357.10 2.9
360.49 3.0
364.27 2.4
365.15 1.8
366.13 2.5
367.21 1.2
369.34 2.8
370.21 2.6
372.25 4.1
374.42 49.7
377.84 3.6
380.39 1.0
381.87 2.2
382.95 3.3
384.21 1.2
385.56 1.7
387.33 1.6
388.30 3.2
390.10 1.6
391.38 10.4
392.18 2.1
393.47 2.4
394.37 1.6
397.07 1.9
399.26 4.7
401.50 4.0
402.25 1.1
403.29 1.2
406.22 3.2
408.41 3.0
410.46 3.6
411.48 1.6
412.27 3.7
417.33 2.9
418.41 2.0
419.39 11.9
420.43 3.5
421.37 1.3
424.37 4.2
426.36 4.8
430.25 3.0
433.46 2.9
434.25 2.9
435.22 1.7
436.43 5.3
437.49 10.5
441.38 8.4
442.14 1.0
443.48 7.6
444.41 3.4
445.43 2.3
449.42 1.8
450.25 1.9
451.33 4.2
454.21 2.3
455.43 10.4
457.75 2.7
466.22 4.5
467.23 5.7
468.36 6.7
470.31 10.2
471.13 2.1
472.24 5.0
473.37 2.7
476.55 1.1
477.79 1.3
479.15 2.1
480.45 2.9
481.86 9.8
482.55 1.1
484.08 6.6
486.15 3.5
487.41 4.3
488.30 1.9
492.04 5.6
493.88 1.1
495.49 3.0
496.20 2.2
497.32 2.6
498.29 6.2
499.37 19.8
501.30 4.8
502.81 5.0
503.59 3.2
504.45 2.9
506.30 6.5
509.50 3.2
510.75 8.7
512.10 1.9
512.88 4.3
513.59 4.8
514.31 2.7
515.25 9.6
516.40 19.6
517.37 20.9
521.23 11.5
522.47 26.3
523.30 23.2
524.21 3.9
525.09 4.0
526.58 2.0
530.30 14.0
531.22 1.8
533.57 2.3
534.43 4.9
535.54 3.3
536.22 3.0
537.76 3.5
539.32 6.0
540.34 2.4
541.26 16.3
542.10 10.2
545.16 10.2
546.56 7.2
550.99 1.1
553.05 3.0
554.11 2.7
557.38 8.5
558.77 19.9
559.64 16.2
560.69 10.1
563.95 3.2
565.02 10.1
565.69 1.2
566.41 8.7
568.27 6.6
569.65 15.7
570.39 3.0
573.40 4.9
574.43 2.1
575.45 3.1
576.37 6.2
580.44 5.4
582.40 12.8
583.20 11.2
584.50 2.6
585.52 7.5
586.61 3.7
587.37 2.1
590.16 7.6
591.46 13.1
593.23 3.8
595.51 1.9
596.79 5.4
597.54 6.6
598.36 2.1
599.28 14.6
600.53 12.4
601.35 8.9
602.38 4.9
603.14 4.9
604.16 10.7
605.31 2.7
606.19 4.3
607.23 3.9
608.34 4.7
609.99 32.3
611.80 11.6
613.57 3.2
614.41 5.3
615.13 12.1
616.83 6.5
618.45 21.3
619.44 13.1
620.46 2.8
622.07 2.8
623.32 9.6
624.37 13.7
625.46 1.4
626.29 2.8
627.52 6.2
628.75 16.9
630.23 21.3
630.84 12.1
631.52 4.8
632.79 2.4
635.02 25.9
636.42 65.5
637.24 9.9
638.14 19.8
639.41 10.9
640.66 5.5
641.43 10.8
642.60 24.7
643.77 16.3
644.59 3.4
645.49 6.3
646.41 1.4
647.99 17.1
648.77 5.5
649.63 7.4
650.55 3.9
651.48 5.8
653.31 23.8
654.34 76.0
654.96 4.4
656.02 16.9
657.18 3.4
658.51 2.0
660.30 12.0
662.20 9.0
663.31 2.8
664.89 12.2
666.73 12.9
667.44 17.4
668.35 12.9
669.58 7.4
670.40 5.7
671.34 19.8
672.37 30.1
673.25 11.7
674.16 6.2
675.08 16.2
676.20 5.4
677.26 10.7
678.67 15.7
679.70 12.0
680.87 17.3
681.97 7.5
682.62 1.1
683.53 11.1
684.51 4.1
685.22 6.1
686.38 76.9
687.45 8.8
688.28 14.0
689.42 19.3
690.25 16.8
691.00 28.5
691.89 20.5
692.89 5.6
693.78 7.4
694.49 29.9
695.38 14.1
696.04 2.0
697.06 17.2
698.32 15.9
699.42 15.2
700.60 1.9
701.25 7.4
702.65 22.0
703.39 6.0
704.62 9.4
705.39 1.2
706.35 18.0
707.05 7.6
707.84 6.8
710.01 11.8
710.75 10.5
713.06 8.2
714.15 15.8
715.04 11.9
716.30 11.5
717.13 13.5
718.02 3.3
719.00 5.4
719.91 26.7
720.95 8.8
722.48 35.3
723.52 16.6
724.29 1.6
725.10 1.7
727.59 24.7
729.30 62.7
730.81 28.2
732.12 21.9
733.44 18.7
734.25 4.3
735.11 24.6
736.43 44.5
737.80 45.3
738.73 64.0
739.65 23.6
740.60 22.2
741.57 27.0
743.02 17.7
743.65 5.2
744.49 1.7
745.55 41.4
746.55 22.3
747.38 34.4
748.31 17.5
750.77 38.4
752.07 36.2
753.97 38.9
755.10 34.8
755.71 3.9
756.83 18.1
757.74 12.9
758.48 25.1
759.94 106.8
761.02 8.2
761.76 14.6
762.68 33.9
764.00 54.7
765.26 13.8
766.14 45.4
767.04 36.0
768.54 22.3
769.43 53.1
770.86 18.8
771.47 10.0
772.63 70.8
773.61 20.9
774.73 63.3
775.82 11.8
777.13 46.9
777.87 33.9
778.56 39.3
779.64 22.1
780.31 36.0
780.97 17.0
781.86 28.7
782.51 32.0
783.19 12.3
784.54 27.9
786.16 224.1
787.08 185.2
788.28 42.2
789.43 64.6
790.30 37.1
791.34 21.5
792.17 58.6
792.89 55.9
793.56 30.0
795.31 32.4
796.00 16.9
799.21 3.5
811.33 3.4
814.07 10.5
816.27 4.7
818.43 2.4
820.19 8.5
822.46 10.2
823.49 4.3
824.41 5.9
826.97 8.9
828.65 9.7
831.77 3.1
832.74 4.9
833.77 2.0
835.76 15.1
837.08 9.1
838.88 3.6
840.65 2.8
842.55 8.8
843.66 3.3
844.53 2.4
845.42 1.3
846.87 11.2
847.71 6.1
849.49 10.8
850.62 8.0
853.15 23.0
854.38 41.6
855.00 12.5
857.52 5.4
858.21 9.8
859.27 3.0
860.82 18.6
862.37 6.6
863.41 78.8
864.05 20.2
866.64 2.8
871.88 11.1
872.59 5.2
874.14 9.4
874.77 4.7
877.28 7.2
878.99 7.2
881.18 12.3
882.13 4.9
884.52 1.9
885.47 5.3
887.33 3.7
889.19 26.8
889.89 1.7
893.71 2.2
897.25 6.5
898.54 5.7
899.51 4.5
900.23 2.7
901.39 9.0
902.39 3.8
903.03 7.0
904.24 9.3
904.98 18.2
905.93 12.2
908.77 2.4
910.68 8.4
911.73 9.8
913.41 4.6
914.99 4.3
916.30 8.0
917.72 5.3
919.51 1.5
920.29 3.3
923.56 1.7
924.69 1.8
925.91 29.2
926.59 7.1
927.45 5.8
928.32 4.2
929.77 16.2
930.51 24.4
931.13 5.8
932.66 18.7
933.27 1.3
935.91 6.2
937.13 13.9
937.78 2.0
938.75 38.1
939.55 4.3
940.67 2.8
941.42 11.7
942.72 14.6
943.45 7.8
944.82 27.4
947.24 7.3
948.14 11.9
949.07 7.9
950.16 1.9
951.48 2.6
953.53 9.9
955.35 16.8
956.17 22.4
957.58 13.0
958.69 1.3
959.91 10.3
961.47 5.3
962.36 25.0
964.05 3.2
967.15 6.1
967.97 11.3
969.59 1.8
970.45 9.5
971.70 16.6
972.58 15.5
974.45 18.0
975.62 13.9
977.78 12.4
978.81 2.0
980.28 7.2
980.91 15.4
982.22 48.1
982.97 7.2
984.23 15.5
984.96 4.0
986.04 11.2
987.29 10.2
988.19 3.6
989.19 5.1
990.26 17.3
992.83 3.5
993.60 17.0
995.85 15.9
997.35 9.2
1000.51 27.1
1002.86 17.9
1004.27 32.9
1005.08 15.3
1006.64 28.3
1007.80 28.1
1009.08 16.5
1010.13 17.7
1011.58 4.8
1014.54 39.8
1015.64 18.7
1016.41 3.1
1017.48 2.3
1018.98 5.5
1019.64 16.8
1020.44 15.7
1021.48 19.3
1022.11 4.1
1023.57 13.8
1024.28 1.0
1026.20 8.2
1027.18 11.8
1028.11 25.5
1028.93 13.0
1030.47 3.8
1032.29 7.0
1034.14 3.1
1036.66 11.0
1037.43 1.8
1038.97 15.8
1040.71 12.6
1043.19 11.3
1047.78 7.7
1048.67 12.5
1049.55 11.1
1052.00 10.4
1053.50 11.2
1054.74 7.8
1056.02 39.3
1057.20 20.7
1058.23 13.1
1060.49 2.5
1061.22 18.8
1062.36 14.6
1063.24 1.7
1064.21 16.0
1065.40 4.9
1066.16 12.8
1067.95 9.5
1068.84 8.9
1070.24 1.4
1071.51 8.1
1073.45 17.5
1074.77 1.8
1075.49 2.9
1076.98 6.6
1080.66 6.3
1081.75 7.0
1082.78 30.9
1083.47 1.7
1084.47 15.5
1087.49 4.1
1088.42 6.5
1089.35 21.5
1090.19 27.9
1091.61 20.1
1092.70 12.5
1093.43 1.9
1094.29 6.5
1096.06 13.5
1097.52 36.8
1098.42 29.4
1100.08 15.3
1100.77 4.6
1101.48 3.3
1102.37 5.9
1104.50 21.5
1105.47 2.1
1106.60 3.0
1108.24 5.4
1109.45 13.4
1110.47 10.2
1111.71 35.3
1112.56 17.1
1113.77 7.9
1114.82 10.0
1115.44 1.8
1116.36 15.1
1118.89 2.0
1120.38 8.5
1121.22 7.0
1122.29 11.8
1123.07 8.1
1123.80 3.5
1125.64 1.6
1127.80 5.0
1129.06 7.6
1130.85 9.4
1132.24 18.2
1133.35 2.7
1134.11 6.0
1135.48 3.3
1137.50 3.0
1139.13 33.9
1140.18 12.7
1141.02 10.0
1142.65 18.3
1143.66 12.5
1144.65 4.6
1145.61 1.4
1146.59 3.3
1147.56 2.1
1148.16 3.9
1151.74 2.6
1155.85 7.4
1157.62 1.1
1158.68 4.1
1161.79 2.8
1166.85 3.7
1167.99 5.2
1173.12 6.3
1173.72 2.7
1174.81 1.1
1175.48 3.8
1176.10 5.7
1177.16 4.3
1180.38 1.7
1182.64 1.2
1183.64 2.1
1186.90 3.5
1195.03 1.2
1196.46 4.9
1197.82 2.0
1200.85 5.0
1202.28 1.1
1203.46 3.1
1205.98 3.8
1207.07 1.9
1209.73 1.9
1211.91 5.0
1215.73 8.0
1216.70 7.2
1218.26 3.4
1221.53 1.2
1224.96 1.8
1225.67 3.2
1228.42 6.7
1230.80 1.8
1232.42 2.5
1234.45 137.0
1238.69 2.7
1240.77 5.7
1241.78 2.5
1245.45 1.4
1248.57 1.2
1253.67 1.7
1254.59 3.9
1255.27 8.6
1259.01 2.4
1263.53 2.3
1265.78 1.6
1267.72 2.0
1268.91 2.5
1274.66 2.9
1275.86 2.0
1282.70 4.9
1283.63 6.9
1284.60 7.3
1285.65 1.3
1289.72 4.2
1291.13 1.0
1292.03 1.6
1293.82 3.6
1297.68 12.1
1302.78 2.3
1304.68 2.0
1308.91 7.2
1311.45 2.2
1315.56 2.2
1329.67 1.2
1332.69 2.5
1334.55 1.3
1346.74 2.7
1349.75 1.2
1353.11 1.9
1359.63 3.7
1361.14 7.6
1369.62 3.4
1379.95 5.2
1383.55 1.3
1389.65 3.0
1394.90 2.0
1396.81 2.8
1397.65 3.6
1398.73 2.1
1400.70 2.8
1403.45 2.0
1404.77 4.4
1406.09 4.3
1407.29 2.5
1413.85 3.7
1416.36 15.3
1424.55 6.9
1434.69 2.3
1440.76 5.1
1443.50 2.5
1463.01 1.6
1496.65 2.0
1502.72 2.6
1530.84 2.0
1535.93 1.9
1541.71 1.7
1574.82 2.2
1615.08 5.7
