1421.70732 2
204.07 66.3
211.16 5.9
212.28 12.2
212.90 12.7
215.37 2.2
218.46 4.8
219.17 3.8
221.33 3.9
222.20 13.9
223.28 8.1
225.11 3.9
227.32 4.2
228.38 8.9
233.18 7.1
235.25 63.4
236.39 7.9
241.14 2.9
242.31 4.9
246.86 2.4
256.19 64.9
257.24 24.6
258.16 52.4
262.06 3.8
263.09 41.1
266.16 9.8
267.43 6.7
269.85 2.2
271.13 2.5
273.52 7.2
275.11 657.5
276.22 2.7
279.20 6.3
280.28 5.9
281.20 2.2
283.86 4.5
285.32 4.9
285.99 10.1
288.22 43.3
289.31 4.6
290.33 2.4
295.94 4.4
298.09 6.4
301.06 10.0
302.34 26.8
303.34 9.3
309.40 11.5
311.37 5.0
317.25 13.2
322.22 7.0
324.84 3.0
326.19 2.2
328.97 4.1
336.03 5.1
337.58 2.5
338.27 3.4
339.34 27.9
340.48 21.0
341.25 2.2
343.45 3.5
348.24 10.4
355.43 11.6
356.43 9.5
357.22 89.8
358.19 8.9
359.38 12.0
360.27 5.1
361.36 4.0
364.16 6.4
367.21 10.5
369.44 2.4
370.25 3.9
371.13 17.8
375.87 26.3
377.42 4.0
378.04 6.7
379.23 4.7
382.39 4.5
383.28 6.1
384.52 10.6
388.28 203.0
392.19 4.2
394.92 5.5
396.45 11.8
397.23 24.0
398.22 5.9
399.25 10.7
400.22 15.5
401.18 53.6
402.49 26.4
405.32 15.4
408.54 27.0
409.32 4.4
410.08 6.9
411.58 7.6
412.43 2.4
413.77 12.7
414.41 19.0
415.34 16.5
420.63 28.4
423.05 7.8
426.58 7.1
435.18 16.2
436.24 26.4
437.46 6.4
439.00 5.4
440.09 9.8
441.06 11.4
443.42 14.9
445.34 5.8
446.32 5.6
448.37 4.4
449.65 24.3
450.34 3.2
452.55 15.2
453.48 26.7
454.29 11.5
463.18 4.5
464.26 6.3
465.16 32.9
466.26 17.4
467.18 44.5
468.14 78.8
470.98 42.0
471.60 39.8
472.34 25.3
473.34 20.3
480.50 12.4
484.34 9.1
485.26 77.7
489.37 470.6
490.69 13.8
494.40 5.9
495.53 2.9
496.30 12.6
500.37 2.7
501.38 10.3
502.39 9.8
503.56 4.2
504.24 10.7
507.26 11.7
508.83 34.3
509.52 2.5
510.30 3.2
511.31 8.6
512.24 2.5
514.42 65.9
515.10 26.8
516.33 10.2
518.04 82.2
519.26 8.0
520.33 3.4
523.18 2.3
524.27 25.4
525.25 43.1
526.39 12.5
527.34 9.3
528.31 16.6
531.04 6.2
531.85 2.4
535.20 3.8
536.31 84.1
537.22 3.5
538.43 7.0
539.35 10.1
541.10 6.6
542.44 80.7
543.39 44.1
544.36 22.9
546.07 35.6
547.49 14.0
548.70 16.5
550.51 3.3
551.60 56.4
552.32 8.0
553.39 3.8
554.49 6.7
556.19 5.9
557.55 8.4
559.23 4.5
560.27 72.0
561.67 9.9
562.39 7.6
563.68 142.8
564.35 501.9
565.38 391.5
566.37 12.4
569.93 19.6
571.32 82.9
572.41 28.5
574.30 696.6
575.34 21.1
576.70 23.7
577.40 11.4
578.25 63.7
579.51 175.3
580.41 76.5
581.40 90.9
582.45 28.2
584.27 61.0
586.97 107.5
588.07 53.0
588.89 29.8
589.76 2.9
591.70 2.9
592.49 2.6
593.40 4.3
594.42 4.7
595.72 154.2
596.49 48.4
597.39 17.7
598.32 44.4
599.35 166.1
600.72 361.3
601.56 78.6
603.42 2.6
605.39 2.3
606.41 10.6
609.83 3516.8
610.75 36.2
611.48 53.4
613.49 239.4
614.36 13.7
617.39 788.4
618.72 11.9
619.44 16.2
620.84 27.5
622.35 63.7
623.45 24.9
624.13 6.5
625.96 16.4
627.61 69.2
628.56 14.2
631.26 168.3
632.06 8.5
633.20 5.2
636.34 661.3
637.80 44.3
638.68 10.9
639.64 19.8
640.51 21.0
641.49 3.1
642.31 18.5
643.46 3.8
644.13 53.6
645.30 6499.0
646.26 89.3
647.26 59.0
648.34 75.3
649.37 123.1
650.26 8.6
652.14 41.0
654.26 10.1
655.35 55.9
656.65 15.9
659.30 95.2
660.55 4.9
661.90 8.2
662.87 7.3
664.63 4.0
665.38 24.7
666.39 22.0
667.28 25.5
668.69 23.9
669.76 15.9
671.27 87.3
672.14 9.8
672.91 18.4
673.92 30.3
675.48 90.5
677.27 1980.4
678.62 9.0
679.93 59.1
681.11 18.5
682.94 25.5
683.81 7.4
684.74 29.1
685.51 18.7
687.42 16.6
688.44 60.8
691.07 8.4
692.49 104.4
693.69 929.9
694.61 37.8
695.73 28.3
696.77 44.1
697.79 27.9
698.69 7.5
699.58 34.7
702.15 43.7
703.01 3.2
726.37 124.1
727.43 255.7
728.23 52.0
729.17 17.8
730.09 15.9
733.46 7.6
736.43 16.7
738.73 5.1
742.51 23.6
743.48 8.4
745.46 1328.7
746.45 13.9
747.56 6.7
748.25 5.0
749.23 5.3
752.37 4.8
753.54 45.9
754.95 33.9
758.29 7.5
760.35 10.9
765.32 15.1
767.52 9.6
769.29 3.9
770.41 49.6
771.55 2.2
772.68 3.7
776.86 32.5
777.54 17.8
778.74 5.8
779.66 3.8
781.10 5.8
783.41 3.4
785.26 10.0
786.01 8.9
787.40 83.9
788.27 103.0
792.64 3.5
800.88 8.6
801.67 16.5
804.77 108.8
805.40 1014.9
815.87 14.4
818.54 36.2
819.56 23.4
820.85 5.0
822.62 5.6
832.99 5.0
840.50 114.8
841.45 43.7
843.63 4.3
844.25 7.4
849.31 14.3
850.22 7.3
850.99 4.3
858.41 670.9
859.53 24.0
860.52 2.4
861.60 18.9
862.40 12.3
863.56 19.7
866.46 7.8
871.18 2.6
872.47 41.6
873.24 3.8
875.25 47.0
875.86 2.2
878.49 4.0
879.95 5.5
882.16 13.4
884.16 12.5
885.57 25.4
888.27 7.5
889.56 27.2
892.39 4.2
893.74 2.9
894.88 11.0
896.40 2.9
897.24 4.6
898.53 24.2
899.35 9.5
902.18 13.4
903.67 21.4
904.42 20.5
905.69 3.9
907.44 8.6
915.24 11.0
915.86 8.5
916.59 59.6
917.51 14.3
919.29 10.2
927.62 26.2
932.83 150.6
933.54 823.6
935.84 2.9
938.53 8.6
939.53 14.1
940.79 8.5
943.21 26.4
944.67 19.2
952.65 4.2
955.83 17.9
956.61 29.0
957.39 6.7
958.51 16.0
959.77 14.9
962.49 14.9
964.74 12.6
966.57 4.9
970.92 27.5
971.60 6.8
972.50 31.8
973.41 3.3
978.46 4.0
979.26 6.1
984.32 3.8
985.57 9.4
986.32 10.5
988.82 18.6
989.43 20.3
991.60 33.1
998.95 50.2
999.86 10.0
1001.25 4.3
1004.50 5.1
1005.50 6.6
1007.07 8.9
1009.42 33.2
1010.76 2.6
1012.72 3.8
1014.39 10.0
1015.77 45.7
1016.52 134.5
1017.77 25.3
1021.36 2.7
1026.55 39.1
1027.53 79.4
1030.55 19.0
1032.36 5.1
1033.94 124.8
1034.60 613.7
1040.76 5.9
1044.51 31.7
1045.71 2.8
1048.11 19.5
1048.80 39.1
1052.35 12.4
1054.76 9.0
1055.64 56.8
1062.04 3.5
1062.83 9.0
1071.34 2.7
1073.62 2.5
1075.81 12.8
1076.42 4.9
1078.87 9.1
1080.47 2.5
1085.78 3.1
1086.45 9.2
1087.21 12.0
1090.67 2.2
1100.48 5.8
1101.88 7.1
1103.38 31.5
1104.45 5.7
1105.60 9.6
1108.48 6.6
1112.52 20.6
1119.50 30.9
1120.82 2.2
1123.94 2.9
1124.62 2.2
1126.57 244.8
1127.26 2.8
1129.56 437.2
1130.63 56.3
1141.71 125.3
1142.99 8.4
1143.68 4.9
1144.46 4.3
1147.51 4640.7
1148.22 23.0
1158.64 23.8
1159.39 71.0
1170.24 4.6
1172.60 46.0
1173.60 6.4
1176.57 89.5
1177.52 3.1
1182.81 14.2
1183.74 4.7
1188.51 16.2
1190.66 56.5
1193.38 2.3
1200.56 336.3
1201.63 63.2
1206.93 4.9
1218.54 2912.5
1219.18 23.8
1220.30 2.4
1229.31 12.5
1230.63 28.4
1231.70 4.2
1240.63 3.3
1244.40 4.2
1245.89 13.9
1249.22 3.1
1254.03 11.4
1255.03 10.2
1259.62 20.1
1261.07 11.2
1266.30 5.2
1268.25 31.2
1271.58 338.2
1272.73 70.7
1274.52 4.2
1275.68 5.7
1287.67 2.3
1289.57 5094.9
1290.29 25.8
1350.61 4.9
1421.66 13.0
1431.65 8.1
